0.231516
0.164859
-0.101776
-0.356169
-0.467921
-0.403770
-0.203686
-0.032783
-0.011960
-0.033687
-0.099154
-0.176230
-0.245952
-0.345375
-0.381841
-0.311062
-0.223546
-0.150537
-0.160644
-0.231930
-0.280971
-0.262073
-0.211904
-0.112323
-0.038329
-0.086654
-0.136149
-0.137160
-0.086193
0.048558
0.174698
0.238178
0.123038
-0.150648
-0.399934
-0.478650
-0.372266
-0.163256
-0.012216
-0.002081
-0.044926
-0.113966
-0.192574
-0.276960
-0.361452
-0.372396
-0.302226
-0.204832
-0.139892
-0.162003
-0.232397
-0.284372
-0.269273
-0.205967
-0.093223
-0.033708
-0.091804
-0.138570
-0.132178
-0.064636
0.066223
0.175180
0.231173
0.076565
-0.201170
-0.427549
-0.475782
-0.327210
-0.119770
-0.008446
-0.013524
-0.064652
-0.139301
-0.203683
-0.291873
-0.368453
-0.359946
-0.289854
-0.191839
-0.139081
-0.174355
-0.242810
-0.287010
-0.264767
-0.185320
-0.062620
-0.037145
-0.107541
-0.136973
-0.119891
-0.015619
0.120522
0.213307
0.188371
-0.039271
-0.305612
-0.460180
-0.427569
-0.254639
-0.057910
-0.000371
-0.025690
-0.090714
-0.176645
-0.248240
-0.333658
-0.386803
-0.341291
-0.247506
-0.155843
-0.132261
-0.193625
-0.275534
-0.290014
-0.245135
-0.139696
-0.034019
-0.065055
-0.129880
-0.140848
-0.092149
0.034034
0.162121
0.230017
0.133142
-0.128195
-0.387605
-0.482389
-0.387772
-0.190577
-0.030035
0.006262
-0.032026
-0.111487
-0.194918
-0.290838
-0.374108
-0.375358
-0.305517
-0.211094
-0.145706
-0.167280
-0.232513
-0.281155
-0.274876
-0.215773
-0.097519
-0.032215
-0.089511
-0.131488
-0.128990
-0.054030
0.090629
0.195029
0.214822
0.047365
-0.249504
-0.450683
-0.457932
-0.322848
-0.111157
0.002726
-0.015434
-0.060268
-0.138213
-0.232003
-0.316292
-0.387417
-0.370416
-0.278038
-0.182837
-0.143436
-0.175226
-0.250118
-0.285391
-0.256521
-0.185905
-0.070246
-0.047848
-0.124899
-0.140133
-0.111408
-0.006225
0.119920
0.202490
0.176803
-0.029936
-0.297420
-0.464240
-0.433321
-0.274185
-0.073759
0.004526
-0.013610
-0.083401
-0.172676
-0.262450
-0.343907
-0.377623
-0.326596
-0.239267
-0.173004
-0.170477
-0.214380
-0.267362
-0.271729
-0.231509
-0.149902
-0.049957
-0.065802
-0.128492
-0.142390
-0.103215
0.023357
0.148223
0.224718
0.134004
-0.131686
-0.368576
-0.476981
-0.391746
-0.194193
-0.041556
-0.008574
-0.034624
-0.112154
-0.197473
-0.281129
-0.367826
-0.382246
-0.313669
-0.221377
-0.148258
-0.155018
-0.218246
-0.279944
-0.278481
-0.230661
-0.113587
-0.038407
-0.088004
-0.134040
-0.138507
-0.071479
0.063175
0.169583
0.215107
0.082248
-0.201494
-0.418091
-0.474538
-0.355491
-0.147413
-0.012740
-0.009821
-0.044839
-0.131249
-0.215753
-0.305216
-0.378237
-0.373832
-0.296368
-0.202122
-0.137019
-0.163710
-0.232917
-0.286235
-0.276428
-0.210156
-0.081101
-0.041762
-0.101761
-0.135634
-0.123686
-0.040221
0.092019
0.181327
0.197848
0.005013
-0.266993
-0.448132
-0.458824
-0.301972
-0.080424
0.000944
-0.024558
-0.079898
-0.168930
-0.242383
-0.317379
-0.383715
-0.346976
-0.265429
-0.186204
-0.151110
-0.189764
-0.263887
-0.282254
-0.252315
-0.169362
-0.052431
-0.062159
-0.131321
-0.139347
-0.108349
0.019415
0.149238
0.220792
0.150765
-0.098912
-0.369480
-0.490403
-0.417729
-0.214328
-0.025690
0.006622
-0.032460
-0.116504
-0.205443
-0.276206
-0.352498
-0.383975
-0.326573
-0.232032
-0.153153
-0.149168
-0.216024
-0.286470
-0.286080
-0.231319
-0.110646
-0.027570
-0.086859
-0.141984
-0.142680
-0.075507
0.060216
0.170597
0.210275
0.066545
-0.191036
-0.404537
-0.457473
-0.350434
-0.158700
-0.023676
-0.009763
-0.052751
-0.141105
-0.222964
-0.307115
-0.368809
-0.356224
-0.278954
-0.205316
-0.165034
-0.191229
-0.246116
-0.278643
-0.251341
-0.196915
-0.083654
-0.054056
-0.118910
-0.148533
-0.123526
-0.032707
0.108810
0.191130
0.187332
0.005331
-0.263261
-0.461555
-0.459152
-0.294805
-0.091804
0.005843
-0.015415
-0.086085
-0.171840
-0.248485
-0.327200
-0.371225
-0.352507
-0.279195
-0.184296
-0.149710
-0.183402
-0.245302
-0.284400
-0.256444
-0.163795
-0.052946
-0.064618
-0.125783
-0.150913
-0.105492
0.022269
0.138277
0.205526
0.154444
-0.102079
-0.349994
-0.459835
-0.414909
-0.221234
-0.036378
-0.004653
-0.029751
-0.113526
-0.211768
-0.275561
-0.347210
-0.370797
-0.306243
-0.238384
-0.174427
-0.162305
-0.217601
-0.270629
-0.265799
-0.227921
-0.115774
-0.038404
-0.098523
-0.141830
-0.136551
-0.069441
0.067428
0.170545
0.204143
0.066188
-0.200185
-0.412132
-0.454983
-0.340620
-0.147911
-0.019856
-0.017501
-0.050685
-0.129524
-0.218640
-0.311318
-0.380380
-0.369785
-0.282959
-0.193580
-0.148185
-0.177181
-0.240274
-0.279471
-0.255624
-0.194407
-0.077496
-0.055449
-0.113816
-0.136824
-0.117977
-0.029303
0.089258
0.163035
0.184176
0.021354
-0.248118
-0.433098
-0.441474
-0.305892
-0.095107
-0.006503
-0.032062
-0.084001
-0.162466
-0.235808
-0.306487
-0.362238
-0.342093
-0.260753
-0.190597
-0.167092
-0.198559
-0.255462
-0.269130
-0.228727
-0.153407
-0.050998
-0.072143
-0.136946
-0.148399
-0.105242
0.018007
0.149057
0.193139
0.132948
-0.080264
-0.324519
-0.464403
-0.404188
-0.238203
-0.044793
0.016739
-0.029175
-0.119120
-0.202306
-0.277352
-0.330879
-0.358996
-0.334090
-0.252848
-0.165815
-0.150834
-0.190646
-0.264462
-0.283252
-0.232283
-0.108393
-0.032468
-0.086436
-0.149133
-0.152231
-0.075683
0.058235
0.151515
0.185934
0.092104
-0.161016
-0.368905
-0.441065
-0.366731
-0.179005
-0.027483
-0.018977
-0.047285
-0.126099
-0.213450
-0.288464
-0.352441
-0.368314
-0.304466
-0.219579
-0.154935
-0.159941
-0.215476
-0.272654
-0.261737
-0.205574
-0.085468
-0.050132
-0.112350
-0.144491
-0.123472
-0.030193
0.097043
0.159672
0.164425
0.012469
-0.239668
-0.403668
-0.415765
-0.305605
-0.119996
-0.014416
-0.023586
-0.073439
-0.164014
-0.255063
-0.324201
-0.357029
-0.343730
-0.269647
-0.186961
-0.157970
-0.176212
-0.234233
-0.275665
-0.249507
-0.161302
-0.054339
-0.067464
-0.124815
-0.137713
-0.088943
0.024263
0.132331
0.185898
0.135434
-0.091249
-0.327736
-0.451974
-0.405368
-0.227745
-0.044294
-0.002336
-0.030145
-0.115430
-0.203240
-0.275581
-0.340974
-0.363956
-0.323847
-0.245416
-0.163864
-0.151090
-0.194242
-0.258847
-0.271902
-0.226818
-0.104508
-0.038527
-0.091501
-0.138917
-0.123621
-0.048877
0.085406
0.178767
0.197120
0.047890
-0.210668
-0.415229
-0.450105
-0.332013
-0.129089
-0.002968
-0.009434
-0.062074
-0.152302
-0.238310
-0.313735
-0.361600
-0.359773
-0.280832
-0.188798
-0.143583
-0.165194
-0.232371
-0.281469
-0.253832
-0.172693
-0.055810
-0.053502
-0.121369
-0.143385
-0.101327
0.006316
0.135861
0.203399
0.156944
-0.060899
-0.306787
-0.449022
-0.413934
-0.253670
-0.065787
0.005899
-0.014715
-0.085376
-0.176831
-0.276128
-0.351562
-0.374649
-0.332980
-0.239114
-0.149313
-0.139824
-0.177922
-0.252494
-0.280500
-0.240002
-0.124474
-0.041610
-0.074197
-0.127298
-0.126450
-0.056175
0.069940
0.150535
0.197350
0.081903
-0.171954
-0.377913
-0.448033
-0.353944
-0.157353
-0.019586
-0.006621
-0.042448
-0.140535
-0.224892
-0.298264
-0.354622
-0.359524
-0.291400
-0.208139
-0.143665
-0.154714
-0.215545
-0.274436
-0.261213
-0.188594
-0.054732
-0.042856
-0.112146
-0.148051
-0.116631
-0.014554
0.119337
0.190805
0.188472
-0.011372
-0.281762
-0.444759
-0.433866
-0.282964
-0.077384
0.005925
-0.013843
-0.076487
-0.167806
-0.258903
-0.330798
-0.377999
-0.349405
-0.249102
-0.158056
-0.134995
-0.173215
-0.256748
-0.285453
-0.238670
-0.131208
-0.038537
-0.071998
-0.124915
-0.124303
-0.069146
0.042476
0.144869
0.191102
0.108354
-0.137036
-0.364403
-0.456792
-0.370103
-0.183219
-0.017996
-0.002382
-0.049795
-0.138844
-0.217601
-0.298964
-0.346546
-0.359041
-0.306204
-0.212554
-0.144707
-0.158510
-0.212347
-0.276501
-0.270056
-0.196064
-0.072268
-0.050085
-0.108091
-0.141159
-0.114362
-0.017841
0.099223
0.159289
0.167806
0.002989
-0.247635
-0.432322
-0.445479
-0.305785
-0.090097
0.003565
-0.009148
-0.084309
-0.183447
-0.263956
-0.324302
-0.364168
-0.332188
-0.267570
-0.186770
-0.148734
-0.179497
-0.247786
-0.275418
-0.255052
-0.155154
-0.043812
-0.069703
-0.132104
-0.143203
-0.104426
0.021664
0.132226
0.165749
0.132476
-0.101187
-0.332642
-0.430129
-0.387261
-0.238421
-0.058816
-0.019785
-0.041941
-0.101206
-0.201335
-0.292419
-0.345876
-0.373582
-0.318954
-0.231806
-0.172066
-0.163084
-0.194259
-0.264639
-0.272000
-0.224869
-0.112003
-0.039269
-0.095604
-0.147380
-0.136613
-0.063054
0.062485
0.145880
0.176628
0.075617
-0.164883
-0.377277
-0.456816
-0.370677
-0.173482
-0.028552
-0.013520
-0.050949
-0.141639
-0.227040
-0.304574
-0.366664
-0.359416
-0.286588
-0.221210
-0.167024
-0.174851
-0.225587
-0.265004
-0.251942
-0.203569
-0.079104
-0.060639
-0.120880
-0.144134
-0.116067
-0.017112
0.112223
0.161914
0.150156
-0.017311
-0.270791
-0.425366
-0.419573
-0.287473
-0.102256
-0.011293
-0.030047
-0.086073
-0.173069
-0.261095
-0.333985
-0.375326
-0.350242
-0.262247
-0.175345
-0.150252
-0.184307
-0.250374
-0.279136
-0.244107
-0.149889
-0.050691
-0.075129
-0.133904
-0.141058
-0.097698
0.021552
0.129459
0.168822
0.125075
-0.079883
-0.305546
-0.438112
-0.404322
-0.258233
-0.081314
-0.014890
-0.023162
-0.094673
-0.185990
-0.280425
-0.349321
-0.369671
-0.332591
-0.251680
-0.171130
-0.159176
-0.188708
-0.249489
-0.268645
-0.230629
-0.117764
-0.052833
-0.096228
-0.136846
-0.130014
-0.055084
0.072563
0.145738
0.169579
0.053883
-0.179263
-0.371051
-0.438781
-0.351658
-0.167120
-0.032782
-0.017977
-0.057553
-0.149567
-0.230725
-0.301464
-0.352429
-0.355411
-0.303089
-0.222329
-0.158181
-0.166034
-0.219607
-0.271746
-0.260076
-0.186416
-0.063628
-0.061769
-0.123486
-0.152706
-0.119101
-0.005408
0.116157
0.154431
0.146049
-0.026163
-0.271152
-0.405340
-0.404785
-0.296380
-0.103531
-0.023698
-0.038663
-0.078468
-0.169992
-0.262769
-0.317566
-0.366358
-0.347405
-0.265531
-0.200918
-0.163528
-0.170715
-0.236803
-0.266245
-0.240924
-0.156540
-0.052474
-0.079789
-0.135698
-0.136085
-0.075463
0.049820
0.152131
0.166041
0.084796
-0.138898
-0.351164
-0.429486
-0.360545
-0.211419
-0.052319
-0.021821
-0.049080
-0.118526
-0.204027
-0.295110
-0.344493
-0.363418
-0.318903
-0.230897
-0.169336
-0.168274
-0.199075
-0.258788
-0.261696
-0.202290
-0.084664
-0.052873
-0.108427
-0.147573
-0.121314
-0.029254
0.104011
0.165343
0.167081
0.011365
-0.236417
-0.407241
-0.429229
-0.311424
-0.122730
-0.021784
-0.024678
-0.068659
-0.153833
-0.240244
-0.315080
-0.368081
-0.340197
-0.272179
-0.203601
-0.164260
-0.185018
-0.237606
-0.257212
-0.238018
-0.158992
-0.051888
-0.073410
-0.127282
-0.135446
-0.090342
0.027109
0.135242
0.168399
0.125418
-0.099342
-0.325113
-0.428349
-0.376696
-0.226636
-0.055001
-0.019721
-0.044207
-0.106915
-0.191887
-0.273704
-0.332916
-0.362904
-0.314105
-0.239586
-0.172976
-0.165857
-0.201086
-0.259034
-0.258569
-0.215816
-0.103344
-0.043474
-0.098026
-0.141510
-0.126220
-0.049781
0.075467
0.151204
0.165966
0.053951
-0.174459
-0.363502
-0.418652
-0.338851
-0.165432
-0.040577
-0.025957
-0.061783
-0.134035
-0.215763
-0.287867
-0.346811
-0.350922
-0.294048
-0.220984
-0.170492
-0.174425
-0.217447
-0.254228
-0.240615
-0.178712
-0.067028
-0.065889
-0.123194
-0.137237
-0.099776
0.003613
0.123428
0.157730
0.138298
-0.037535
-0.268186
-0.402209
-0.379615
-0.280779
-0.108733
-0.033203
-0.041796
-0.075272
-0.146718
-0.252123
-0.323240
-0.359940
-0.333818
-0.257671
-0.191199
-0.181543
-0.191664
-0.237702
-0.250573
-0.219626
-0.134518
-0.058510
-0.087990
-0.131256
-0.130435
-0.067859
0.059272
0.152972
0.180281
0.094553
-0.147511
-0.355215
-0.430308
-0.363847
-0.194224
-0.040258
-0.019889
-0.043473
-0.115519
-0.207741
-0.286107
-0.350467
-0.364041
-0.299478
-0.234684
-0.178141
-0.168926
-0.207102
-0.249142
-0.239921
-0.198008
-0.086101
-0.058121
-0.122580
-0.149582
-0.121998
-0.027453
0.112280
0.165567
0.162740
0.008217
-0.227213
-0.399476
-0.419262
-0.311155
-0.132957
-0.034925
-0.025115
-0.065985
-0.143808
-0.231882
-0.311042
-0.367022
-0.352417
-0.281667
-0.201793
-0.166572
-0.180992
-0.228243
-0.254541
-0.235058
-0.163464
-0.067126
-0.079605
-0.132316
-0.136875
-0.084744
0.028114
0.132144
0.167065
0.121300
-0.087802
-0.316007
-0.430571
-0.389329
-0.238761
-0.059345
-0.021690
-0.049148
-0.107963
-0.189628
-0.266267
-0.330742
-0.376534
-0.339611
-0.255112
-0.179257
-0.158824
-0.192326
-0.256355
-0.259890
-0.216150
-0.105213
-0.051923
-0.107336
-0.143939
-0.121491
-0.044346
0.075640
0.147757
0.162603
0.043701
-0.185660
-0.377041
-0.430510
-0.338073
-0.158204
-0.034061
-0.035721
-0.075432
-0.145754
-0.214328
-0.282131
-0.343442
-0.357495
-0.298381
-0.230785
-0.186426
-0.185801
-0.227994
-0.260177
-0.231448
-0.174607
-0.071760
-0.072318
-0.135969
-0.155985
-0.108838
0.004264
0.137543
0.190685
0.136145
-0.053953
-0.283034
-0.429480
-0.404592
-0.270458
-0.101362
-0.020292
-0.024322
-0.085421
-0.171902
-0.258639
-0.329853
-0.366185
-0.341989
-0.275831
-0.199465
-0.172313
-0.189787
-0.238962
-0.256225
-0.227281
-0.129436
-0.053232
-0.097386
-0.139641
-0.129607
-0.062727
0.063017
0.148072
0.156701
0.068092
-0.150484
-0.344866
-0.411505
-0.348116
-0.205801
-0.063749
-0.036999
-0.055679
-0.111926
-0.197836
-0.280951
-0.338101
-0.355969
-0.311605
-0.251581
-0.194731
-0.182499
-0.202010
-0.238496
-0.235186
-0.198209
-0.091516
-0.066797
-0.121671
-0.141810
-0.115408
-0.025128
0.107163
0.170841
0.155777
0.002082
-0.241101
-0.398723
-0.407690
-0.298175
-0.130876
-0.040507
-0.044854
-0.073547
-0.137792
-0.219957
-0.297995
-0.360872
-0.362710
-0.295643
-0.215755
-0.168614
-0.173306
-0.221222
-0.251373
-0.231327
-0.157133
-0.062369
-0.086416
-0.137363
-0.140121
-0.080673
0.032912
0.131345
0.149552
0.108881
-0.078413
-0.297305
-0.405182
-0.381091
-0.252021
-0.077184
-0.026014
-0.049556
-0.101707
-0.182085
-0.260956
-0.313808
-0.354342
-0.323141
-0.260975
-0.201894
-0.179094
-0.193148
-0.240965
-0.243336
-0.212642
-0.113297
-0.052823
-0.104138
-0.140868
-0.126743
-0.048583
0.081642
0.152851
0.160287
0.052126
-0.175410
-0.357796
-0.413508
-0.349048
-0.185538
-0.047837
-0.026623
-0.051806
-0.122828
-0.219913
-0.293296
-0.346534
-0.361162
-0.306974
-0.231433
-0.182053
-0.171821
-0.208178
-0.250249
-0.236511
-0.174632
-0.071487
-0.072164
-0.130112
-0.137703
-0.086830
0.018703
0.125439
0.163500
0.127518
-0.044490
-0.263071
-0.404859
-0.401625
-0.278615
-0.104275
-0.024556
-0.034054
-0.085702
-0.163828
-0.248191
-0.320910
-0.364375
-0.335390
-0.269906
-0.198944
-0.172056
-0.191199
-0.234389
-0.245054
-0.222567
-0.135057
-0.060858
-0.102138
-0.140015
-0.130289
-0.070305
0.053423
0.138513
0.142105
0.085600
-0.109524
-0.311361
-0.395711
-0.361256
-0.232620
-0.075338
-0.037855
-0.054031
-0.106738
-0.194181
-0.275280
-0.327635
-0.368942
-0.328313
-0.249965
-0.188452
-0.168980
-0.193772
-0.248459
-0.242837
-0.192969
-0.087710
-0.072378
-0.125376
-0.143320
-0.093141
0.000700
0.113288
0.150304
0.134893
-0.004267
-0.228804
-0.389094
-0.413755
-0.309202
-0.125991
-0.017820
-0.021422
-0.075608
-0.167993
-0.258309
-0.318490
-0.356440
-0.333721
-0.273163
-0.214617
-0.176321
-0.183773
-0.231233
-0.253924
-0.235022
-0.155946
-0.057831
-0.088529
-0.135942
-0.134556
-0.079292
0.043946
0.141001
0.153779
0.100395
-0.106939
-0.311647
-0.398507
-0.366184
-0.234255
-0.081977
-0.040896
-0.046112
-0.098749
-0.191156
-0.274576
-0.334996
-0.373157
-0.327286
-0.250736
-0.188448
-0.167380
-0.193070
-0.245423
-0.242042
-0.198903
-0.094782
-0.072278
-0.127116
-0.151587
-0.108027
-0.003376
0.116937
0.147629
0.139994
0.017825
-0.202418
-0.373271
-0.413275
-0.337241
-0.155442
-0.028259
-0.021819
-0.061204
-0.144892
-0.243065
-0.308006
-0.354023
-0.362822
-0.302437
-0.217308
-0.169056
-0.163918
-0.213646
-0.255613
-0.238478
-0.154471
-0.065976
-0.093606
-0.137806
-0.130336
-0.066206
0.050615
0.130741
0.150749
0.103530
-0.086816
-0.296647
-0.400931
-0.389142
-0.259367
-0.079828
-0.028326
-0.036466
-0.091962
-0.190037
-0.279124
-0.331658
-0.372739
-0.337428
-0.263359
-0.197314
-0.166727
-0.177134
-0.233574
-0.238557
-0.204393
-0.100329
-0.075231
-0.125124
-0.150729
-0.107116
-0.012747
0.110483
0.146950
0.140931
0.027646
-0.199504
-0.366636
-0.405056
-0.338474
-0.162406
-0.032874
-0.031819
-0.067019
-0.141880
-0.244516
-0.308018
-0.353454
-0.367931
-0.300504
-0.216233
-0.174415
-0.167728
-0.215748
-0.256115
-0.231485
-0.146560
-0.066178
-0.091706
-0.142247
-0.135363
-0.061116
0.053653
0.136355
0.141952
0.097112
-0.093938
-0.287734
-0.402505
-0.391466
-0.254642
-0.078965
-0.022737
-0.034824
-0.107511
-0.207178
-0.283394
-0.330088
-0.352400
-0.318452
-0.273274
-0.209380
-0.178213
-0.189751
-0.234434
-0.240943
-0.207197
-0.092782
-0.066530
-0.123512
-0.151443
-0.112149
-0.017672
0.112030
0.146448
0.126010
0.013878
-0.193682
-0.363937
-0.388074
-0.317297
-0.166556
-0.049174
-0.043643
-0.079318
-0.139627
-0.234496
-0.308112
-0.354854
-0.367172
-0.306008
-0.220785
-0.179880
-0.173138
-0.213179
-0.247101
-0.227772
-0.142825
-0.073245
-0.107737
-0.148404
-0.131914
-0.060112
0.061384
0.135643
0.138206
0.103663
-0.079397
-0.296988
-0.404368
-0.389266
-0.262942
-0.085278
-0.031699
-0.040879
-0.088051
-0.182803
-0.278350
-0.335521
-0.371949
-0.326488
-0.260589
-0.205770
-0.186845
-0.195538
-0.236443
-0.230633
-0.199537
-0.099195
-0.076635
-0.124606
-0.144910
-0.113315
-0.016109
0.106355
0.147860
0.145061
0.028557
-0.199753
-0.361929
-0.410566
-0.337668
-0.159515
-0.043216
-0.036901
-0.068613
-0.144241
-0.234924
-0.294634
-0.361618
-0.376700
-0.307786
-0.223924
-0.169812
-0.160070
-0.216015
-0.252303
-0.230856
-0.147351
-0.069652
-0.103489
-0.147713
-0.125945
-0.055738
0.063622
0.136155
0.146998
0.103317
-0.095023
-0.298644
-0.407470
-0.388176
-0.243267
-0.072158
-0.029793
-0.041385
-0.103521
-0.196705
-0.276491
-0.333962
-0.363345
-0.305763
-0.243853
-0.205644
-0.190916
-0.212334
-0.245465
-0.228796
-0.195768
-0.101614
-0.064235
-0.119117
-0.139608
-0.106925
-0.032687
0.091388
0.156965
0.141713
0.045071
-0.182232
-0.375993
-0.408158
-0.333208
-0.169022
-0.033783
-0.024769
-0.068347
-0.131913
-0.229929
-0.304297
-0.357678
-0.377002
-0.313256
-0.220096
-0.168872
-0.158715
-0.204867
-0.249232
-0.235104
-0.156501
-0.073533
-0.097914
-0.142436
-0.137127
-0.066645
0.052305
0.144837
0.163856
0.111783
-0.078312
-0.285044
-0.404141
-0.394419
-0.268717
-0.096133
-0.027409
-0.024793
-0.078955
-0.173511
-0.265785
-0.330448
-0.369705
-0.339098
-0.278768
-0.208728
-0.170128
-0.176636
-0.222535
-0.233101
-0.210558
-0.109542
-0.066737
-0.122972
-0.149245
-0.116452
-0.026622
0.110582
0.162740
0.151113
0.037295
-0.189636
-0.368009
-0.412859
-0.341215
-0.166785
-0.033948
-0.019405
-0.053464
-0.134611
-0.232083
-0.301431
-0.350505
-0.356148
-0.299860
-0.232487
-0.187080
-0.175746
-0.210747
-0.244061
-0.230159
-0.169159
-0.071155
-0.081159
-0.143640
-0.152564
-0.096751
0.026261
0.139264
0.162272
0.134346
-0.037055
-0.266323
-0.393545
-0.396362
-0.291200
-0.122491
-0.040253
-0.034100
-0.060196
-0.148669
-0.248489
-0.321401
-0.375682
-0.353528
-0.283845
-0.216342
-0.175697
-0.174812
-0.221288
-0.237516
-0.222686
-0.138638
-0.067347
-0.108861
-0.144197
-0.121504
-0.051201
0.072736
0.145043
0.145223
0.073196
-0.120330
-0.323231
-0.416444
-0.375267
-0.227225
-0.063952
-0.017595
-0.038673
-0.108463
-0.205380
-0.289991
-0.339143
-0.359284
-0.305801
-0.251796
-0.206849
-0.189356
-0.207054
-0.240674
-0.224932
-0.192670
-0.090959
-0.069692
-0.127701
-0.153129
-0.114064
-0.019132
0.116666
0.173449
0.153866
0.003819
-0.227950
-0.397781
-0.412853
-0.308169
-0.140566
-0.037197
-0.030556
-0.069195
-0.138795
-0.230968
-0.313523
-0.364382
-0.359148
-0.292036
-0.217737
-0.181261
-0.185683
-0.225270
-0.248446
-0.228020
-0.161614
-0.074833
-0.095796
-0.141137
-0.135246
-0.076315
0.045623
0.141681
0.163034
0.123294
-0.071126
-0.299460
-0.424549
-0.398102
-0.260622
-0.081860
-0.028135
-0.036955
-0.086160
-0.173614
-0.263978
-0.331932
-0.374392
-0.337645
-0.268268
-0.206448
-0.180792
-0.193963
-0.238546
-0.238705
-0.213786
-0.121830
-0.062995
-0.114542
-0.146085
-0.121278
-0.047777
0.080143
0.149343
0.155310
0.073340
-0.163214
-0.350051
-0.408920
-0.350015
-0.193522
-0.049688
-0.035959
-0.055740
-0.117602
-0.214797
-0.287914
-0.342918
-0.370165
-0.314458
-0.242166
-0.193657
-0.177564
-0.204964
-0.248731
-0.232622
-0.184174
-0.085458
-0.079061
-0.131915
-0.151989
-0.104099
0.005433
0.126935
0.163441
0.154256
0.001098
-0.235113
-0.381642
-0.404790
-0.317774
-0.142305
-0.048329
-0.036542
-0.058858
-0.136725
-0.232298
-0.296260
-0.358929
-0.346719
-0.292197
-0.242245
-0.197742
-0.185436
-0.218337
-0.228656
-0.217381
-0.162906
-0.070781
-0.096744
-0.147045
-0.135695
-0.077530
0.047157
0.150867
0.178589
0.133265
-0.073983
-0.308382
-0.419798
-0.395464
-0.248510
-0.074730
-0.029169
-0.049525
-0.094992
-0.175205
-0.250676
-0.313374
-0.381097
-0.354851
-0.271612
-0.195665
-0.162231
-0.183095
-0.244205
-0.242251
-0.202231
-0.106219
-0.068480
-0.127635
-0.153499
-0.108327
-0.017630
0.107346
0.166771
0.153401
0.059062
-0.163170
-0.357545
-0.419547
-0.354825
-0.188994
-0.034501
-0.020134
-0.056190
-0.128881
-0.219985
-0.289629
-0.332128
-0.370104
-0.326532
-0.242861
-0.181458
-0.164492
-0.200471
-0.258334
-0.243897
-0.176404
-0.068384
-0.069096
-0.129432
-0.154655
-0.095051
0.016394
0.146899
0.178169
0.161327
-0.021847
-0.260615
-0.410674
-0.405058
-0.297928
-0.122767
-0.036364
-0.034662
-0.065545
-0.143174
-0.243732
-0.318692
-0.379786
-0.366769
-0.288514
-0.211953
-0.174340
-0.174482
-0.223557
-0.239330
-0.214847
-0.131977
-0.067543
-0.113065
-0.150133
-0.123263
-0.041491
0.083544
0.159755
0.175658
0.099387
-0.118279
-0.334276
-0.418663
-0.377721
-0.229125
-0.068186
-0.021959
-0.036861
-0.097561
-0.199757
-0.286013
-0.340527
-0.360640
-0.310565
-0.256973
-0.215612
-0.192851
-0.199968
-0.234546
-0.227434
-0.200227
-0.100770
-0.066961
-0.122962
-0.144923
-0.108252
-0.019065
0.119616
0.168930
0.161659
0.038840
-0.196403
-0.379138
-0.419518
-0.342087
-0.169882
-0.031356
-0.023615
-0.057766
-0.129928
-0.225013
-0.298377
-0.354469
-0.383120
-0.323122
-0.236854
-0.176703
-0.157983
-0.196677
-0.250192
-0.238221
-0.173866
-0.076205
-0.093642
-0.142155
-0.145623
-0.075867
0.033253
0.148125
0.164780
0.145971
-0.028559
-0.263201
-0.400982
-0.412814
-0.310001
-0.123890
-0.034906
-0.032303
-0.065191
-0.150272
-0.249374
-0.315865
-0.374028
-0.360493
-0.289777
-0.227016
-0.189623
-0.182142
-0.224660
-0.236078
-0.211702
-0.137069
-0.069481
-0.108875
-0.146093
-0.128719
-0.046142
0.085412
0.165533
0.176916
0.097909
-0.136051
-0.357059
-0.441643
-0.380919
-0.211791
-0.046847
-0.024707
-0.051533
-0.112814
-0.203346
-0.284946
-0.345283
-0.393121
-0.346367
-0.258503
-0.191030
-0.167698
-0.192520
-0.250527
-0.242316
-0.188937
-0.085686
-0.077438
-0.136932
-0.158166
-0.100230
0.011991
0.142753
0.186328
0.159695
-0.012727
-0.249043
-0.413105
-0.427546
-0.315654
-0.134319
-0.031338
-0.024357
-0.065616
-0.147939
-0.241539
-0.318152
-0.370768
-0.359356
-0.299268
-0.234225
-0.193823
-0.192491
-0.222913
-0.235807
-0.218276
-0.152767
-0.072819
-0.112320
-0.156326
-0.138826
-0.069492
0.058730
0.158724
0.176073
0.127787
-0.084173
-0.313448
-0.436434
-0.407723
-0.262253
-0.077412
-0.026940
-0.033687
-0.085446
-0.183827
-0.271502
-0.335671
-0.378918
-0.335092
-0.273449
-0.216938
-0.191630
-0.198380
-0.238840
-0.231954
-0.212559
-0.123360
-0.067739
-0.117912
-0.146180
-0.121843
-0.047047
0.098518
0.175994
0.184030
0.077744
-0.175099
-0.390512
-0.442209
-0.358761
-0.182210
-0.036824
-0.030071
-0.060993
-0.115473
-0.207250
-0.289172
-0.354445
-0.387155
-0.339259
-0.249213
-0.186537
-0.169115
-0.201051
-0.250319
-0.239940
-0.179579
-0.083435
-0.084061
-0.141899
-0.147641
-0.085014
0.030418
0.141664
0.174267
0.139694
-0.046663
-0.271954
-0.408873
-0.413843
-0.284461
-0.112207
-0.036043
-0.041337
-0.082172
-0.162015
-0.236977
-0.311175
-0.366459
-0.339746
-0.277626
-0.230093
-0.205412
-0.214709
-0.240209
-0.232951
-0.203059
-0.143291
-0.066103
-0.106472
-0.159785
-0.143341
-0.076413
0.051216
0.163604
0.173492
0.112330
-0.091964
-0.314928
-0.428588
-0.393261
-0.259639
-0.082995
-0.021961
-0.034652
-0.089383
-0.180417
-0.271356
-0.329540
-0.376725
-0.349508
-0.276723
-0.211449
-0.186157
-0.191664
-0.238912
-0.238423
-0.206972
-0.116022
-0.066981
-0.119030
-0.156319
-0.123495
-0.035311
0.096859
0.174145
0.190345
0.060483
-0.178566
-0.379038
-0.447409
-0.354007
-0.180543
-0.050009
-0.028730
-0.056459
-0.126488
-0.198642
-0.279136
-0.349858
-0.365189
-0.307570
-0.237781
-0.203248
-0.213340
-0.237545
-0.254581
-0.219384
-0.171794
-0.083173
-0.073841
-0.137530
-0.146023
-0.103486
-0.012849
0.116509
0.167847
0.159367
-0.002761
-0.235463
-0.391169
-0.416204
-0.327183
-0.152015
-0.042897
-0.024452
-0.046054
-0.133617
-0.239127
-0.311339
-0.372218
-0.367780
-0.302187
-0.237886
-0.187423
-0.175852
-0.213209
-0.241116
-0.232548
-0.186990
-0.084279
-0.089320
-0.131357
-0.123987
-0.072334
0.029012
0.141919
0.165683
0.124705
-0.052636
-0.292748
-0.425882
-0.402321
-0.274115
-0.091307
-0.019811
-0.035755
-0.086012
-0.163351
-0.258443
-0.321930
-0.381714
-0.363310
-0.283506
-0.205466
-0.170614
-0.178983
-0.240151
-0.254820
-0.225218
-0.135216
-0.061435
-0.103456
-0.148948
-0.124342
-0.055145
0.074301
0.154373
0.167447
0.080738
-0.136633
-0.336101
-0.413397
-0.368518
-0.227354
-0.068757
-0.032149
-0.049024
-0.100371
-0.185355
-0.264859
-0.325788
-0.369548
-0.336197
-0.272111
-0.208095
-0.181148
-0.194655
-0.239319
-0.231926
-0.197344
-0.101881
-0.069202
-0.125677
-0.153806
-0.112030
-0.020854
0.113579
0.165392
0.157786
0.022972
-0.204065
-0.367114
-0.407474
-0.338583
-0.173535
-0.053467
-0.034597
-0.050055
-0.125550
-0.220583
-0.292755
-0.354038
-0.366484
-0.309534
-0.242616
-0.192204
-0.173579
-0.205916
-0.237481
-0.227466
-0.175976
-0.079700
-0.082821
-0.129408
-0.128828
-0.076819
0.028333
0.134207
0.166789
0.126729
-0.053993
-0.273720
-0.409842
-0.393710
-0.271974
-0.109154
-0.041307
-0.040325
-0.084382
-0.150542
-0.234379
-0.310923
-0.362416
-0.342812
-0.291506
-0.220469
-0.184522
-0.190518
-0.224678
-0.230719
-0.215784
-0.132513
-0.062849
-0.102629
-0.144245
-0.123514
-0.054499
0.076897
0.159027
0.163062
0.087352
-0.131936
-0.340269
-0.414550
-0.362775
-0.218648
-0.062309
-0.027155
-0.049902
-0.103346
-0.192016
-0.270725
-0.327915
-0.364028
-0.321820
-0.253580
-0.200662
-0.177848
-0.194342
-0.241602
-0.236692
-0.200253
-0.099375
-0.059552
-0.117374
-0.140911
-0.106339
-0.017252
0.111435
0.165105
0.147857
0.017961
-0.202160
-0.363655
-0.397447
-0.325418
-0.169667
-0.056132
-0.037589
-0.049680
-0.117525
-0.219213
-0.294883
-0.346176
-0.349952
-0.301893
-0.238598
-0.195200
-0.183670
-0.206707
-0.234372
-0.223150
-0.169783
-0.072855
-0.079272
-0.135254
-0.141129
-0.082671
0.030196
0.147205
0.166648
0.121761
-0.041176
-0.258237
-0.397143
-0.385831
-0.287080
-0.124458
-0.025600
-0.025125
-0.066400
-0.148979
-0.259016
-0.324054
-0.362657
-0.345460
-0.268431
-0.203999
-0.186174
-0.183789
-0.223033
-0.240938
-0.212980
-0.142134
-0.068473
-0.095092
-0.136081
-0.125115
-0.058808
0.054410
0.142766
0.156309
0.098956
-0.091049
-0.306762
-0.407412
-0.375003
-0.242663
-0.079924
-0.028919
-0.045036
-0.089830
-0.173632
-0.265236
-0.327031
-0.369347
-0.339430
-0.263618
-0.195398
-0.169964
-0.184247
-0.232500
-0.238165
-0.201242
-0.100331
-0.062450
-0.113642
-0.140771
-0.106187
-0.018209
0.103132
0.151039
0.143587
0.025941
-0.186068
-0.344685
-0.390870
-0.327251
-0.173189
-0.057644
-0.047260
-0.066364
-0.127307
-0.209949
-0.277473
-0.340058
-0.362753
-0.310584
-0.240117
-0.186431
-0.172727
-0.206361
-0.239140
-0.223352
-0.165595
-0.069484
-0.082674
-0.136590
-0.138381
-0.073230
0.027832
0.127185
0.140106
0.112551
-0.039661
-0.250240
-0.383694
-0.384836
-0.278611
-0.112758
-0.035912
-0.046586
-0.092471
-0.161576
-0.244362
-0.299584
-0.351772
-0.349552
-0.286188
-0.211180
-0.180115
-0.181103
-0.226271
-0.238908
-0.207439
-0.116238
-0.064295
-0.109265
-0.144796
-0.115699
-0.029489
0.092871
0.155930
0.142445
0.046836
-0.156423
-0.334516
-0.401320
-0.344509
-0.200232
-0.057240
-0.029437
-0.054021
-0.121544
-0.212241
-0.288410
-0.334112
-0.350132
-0.308943
-0.250387
-0.201906
-0.187297
-0.198711
-0.232734
-0.225765
-0.187030
-0.089031
-0.081949
-0.129279
-0.143869
-0.097939
0.009335
0.136346
0.168125
0.130118
-0.043838
-0.268157
-0.391339
-0.378977
-0.285913
-0.131530
-0.050822
-0.052089
-0.072099
-0.140220
-0.239481
-0.308351
-0.361250
-0.354685
-0.287941
-0.222904
-0.191611
-0.184899
-0.220910
-0.233760
-0.211903
-0.140429
-0.071090
-0.105185
-0.144263
-0.126221
-0.053613
0.066234
0.146384
0.157277
0.080126
-0.138697
-0.326066
-0.399246
-0.354922
-0.232432
-0.086531
-0.051189
-0.048860
-0.086655
-0.174647
-0.269630
-0.336388
-0.370096
-0.307601
-0.249419
-0.218956
-0.210648
-0.214817
-0.237023
-0.208342
-0.187205
-0.114647
-0.080533
-0.129131
-0.144715
-0.105902
-0.027748
0.098155
0.150531
0.143642
0.009364
-0.205583
-0.365595
-0.388439
-0.316123
-0.167757
-0.066366
-0.052690
-0.070361
-0.122613
-0.214346
-0.289412
-0.353561
-0.365944
-0.307416
-0.234186
-0.196084
-0.184608
-0.215697
-0.240339
-0.221250
-0.160634
-0.077983
-0.094208
-0.142837
-0.134111
-0.070305
0.037530
0.135173
0.158739
0.101413
-0.087528
-0.294907
-0.411873
-0.379790
-0.257064
-0.096908
-0.037812
-0.045972
-0.097112
-0.169775
-0.257593
-0.315508
-0.356408
-0.332342
-0.283818
-0.222329
-0.195357
-0.191798
-0.226813
-0.226636
-0.207442
-0.120248
-0.068872
-0.116207
-0.155036
-0.124784
-0.046590
0.088307
0.169151
0.173121
0.033544
-0.194648
-0.384304
-0.421252
-0.325369
-0.180903
-0.057321
-0.038826
-0.066624
-0.115827
-0.197219
-0.294183
-0.352820
-0.365485
-0.312821
-0.237308
-0.192374
-0.195368
-0.214450
-0.244390
-0.224659
-0.172208
-0.084045
-0.091611
-0.132613
-0.140125
-0.088651
0.020963
0.126050
0.172916
0.133020
-0.067236
-0.289044
-0.426606
-0.407263
-0.271474
-0.097798
-0.028125
-0.026979
-0.079849
-0.167091
-0.260683
-0.331845
-0.374153
-0.345886
-0.282090
-0.209072
-0.178485
-0.185946
-0.231179
-0.244958
-0.225414
-0.134624
-0.069719
-0.103622
-0.135953
-0.120236
-0.050645
0.071501
0.139824
0.158857
0.061455
-0.167444
-0.364406
-0.423228
-0.341437
-0.185144
-0.058624
-0.044873
-0.067772
-0.120010
-0.196615
-0.275580
-0.337773
-0.356501
-0.292441
-0.235982
-0.212630
-0.215038
-0.233987
-0.249503
-0.211669
-0.174456
-0.090575
-0.078072
-0.134614
-0.147643
-0.100966
-0.010716
0.112781
0.173592
0.147744
-0.014710
-0.243410
-0.406287
-0.414711
-0.305554
-0.132472
-0.031026
-0.025390
-0.070673
-0.149021
-0.245383
-0.316715
-0.360259
-0.355304
-0.290912
-0.222544
-0.186890
-0.184613
-0.219806
-0.244301
-0.222664
-0.149404
-0.067064
-0.096573
-0.135508
-0.128473
-0.060273
0.060386
0.159098
0.181770
0.101194
-0.134643
-0.346115
-0.430623
-0.378931
-0.224362
-0.057451
-0.023380
-0.039739
-0.103058
-0.192537
-0.274845
-0.332151
-0.364325
-0.301957
-0.241637
-0.213683
-0.203765
-0.218239
-0.246216
-0.217421
-0.188405
-0.108428
-0.060143
-0.114329
-0.135549
-0.101792
-0.025030
0.110695
0.191708
0.162395
-0.004317
-0.234796
-0.407166
-0.414575
-0.310227
-0.142540
-0.032966
-0.027613
-0.068828
-0.134741
-0.225332
-0.298480
-0.354303
-0.365057
-0.307119
-0.223999
-0.183434
-0.173714
-0.210515
-0.238667
-0.217727
-0.146167
-0.070340
-0.094246
-0.139245
-0.131804
-0.060921
0.074415
0.170197
0.199268
0.109616
-0.129787
-0.344425
-0.436915
-0.384328
-0.219740
-0.057373
-0.017232
-0.027657
-0.096196
-0.187291
-0.269320
-0.338392
-0.370293
-0.326497
-0.260849
-0.194756
-0.171955
-0.196239
-0.240013
-0.237334
-0.203453
-0.098024
-0.052721
-0.112122
-0.138069
-0.108862
-0.011882
0.122832
0.191367
0.181572
0.005041
-0.241490
-0.409678
-0.422803
-0.318958
-0.143179
-0.034147
-0.019116
-0.042548
-0.119533
-0.225180
-0.311081
-0.378235
-0.366432
-0.298285
-0.228169
-0.178903
-0.171906
-0.207309
-0.231451
-0.221260
-0.168000
-0.073204
-0.091275
-0.129507
-0.120500
-0.061950
0.053836
0.162256
0.183575
0.106622
-0.116130
-0.336780
-0.431143
-0.381447
-0.236980
-0.064204
-0.017277
-0.037252
-0.094460
-0.179787
-0.271208
-0.331556
-0.368442
-0.327808
-0.265350
-0.206281
-0.184730
-0.193182
-0.235595
-0.228773
-0.203085
-0.107225
-0.061122
-0.110757
-0.141005
-0.104554
-0.023005
0.115576
0.177646
0.166656
0.013768
-0.219321
-0.394999
-0.419066
-0.327148
-0.167981
-0.045006
-0.025907
-0.052682
-0.119525
-0.220737
-0.313225
-0.367572
-0.369384
-0.304165
-0.229293
-0.188254
-0.183618
-0.208447
-0.234900
-0.220074
-0.161273
-0.078058
-0.100519
-0.138124
-0.127252
-0.061828
0.062074
0.159856
0.184071
0.101012
-0.125582
-0.337553
-0.440370
-0.393493
-0.237874
-0.054015
-0.005902
-0.026263
-0.108013
-0.209554
-0.294901
-0.336391
-0.361826
-0.314475
-0.264006
-0.214329
-0.193376
-0.198265
-0.243756
-0.235022
-0.209014
-0.102210
-0.058676
-0.112442
-0.145034
-0.111327
-0.022063
0.132568
0.184503
0.170066
-0.009395
-0.253202
-0.420996
-0.425624
-0.314057
-0.129120
-0.034704
-0.034723
-0.070554
-0.139103
-0.234336
-0.306322
-0.383833
-0.383382
-0.306684
-0.220281
-0.174810
-0.170415
-0.224817
-0.246839
-0.223570
-0.141517
-0.068477
-0.104252
-0.145950
-0.124730
-0.044368
0.095001
0.180855
0.184508
0.057108
-0.180108
-0.374233
-0.428649
-0.363506
-0.204635
-0.053657
-0.022431
-0.043517
-0.107913
-0.209747
-0.294805
-0.350303
-0.363248
-0.302031
-0.252261
-0.217601
-0.199798
-0.209878
-0.233649
-0.212817
-0.182451
-0.095195
-0.079245
-0.128316
-0.137412
-0.094662
0.005375
0.129838
0.182450
0.138055
-0.056151
-0.286355
-0.426567
-0.406061
-0.275856
-0.105857
-0.030981
-0.037391
-0.087301
-0.159809
-0.250619
-0.322272
-0.381196
-0.362173
-0.290060
-0.208683
-0.174172
-0.177235
-0.225442
-0.236893
-0.210902
-0.114592
-0.075226
-0.120900
-0.145491
-0.107485
-0.014271
0.119371
0.174014
0.158176
0.014240
-0.229714
-0.387744
-0.410832
-0.330206
-0.168795
-0.054821
-0.043964
-0.050603
-0.110681
-0.209508
-0.300589
-0.365995
-0.367944
-0.293688
-0.240947
-0.211101
-0.202931
-0.216550
-0.221228
-0.194065
-0.160258
-0.082903
-0.100207
-0.144918
-0.134628
-0.066351
0.035083
0.135357
0.150189
0.092624
-0.092078
-0.292388
-0.413330
-0.377712
-0.252634
-0.097244
-0.037172
-0.050534
-0.103230
-0.170027
-0.254362
-0.319681
-0.368875
-0.346316
-0.275344
-0.207238
-0.187719
-0.196116
-0.234962
-0.230096
-0.186973
-0.092996
-0.079296
-0.127162
-0.149865
-0.097685
0.005064
0.126718
0.156162
0.139893
-0.014776
-0.235158
-0.379372
-0.409165
-0.328307
-0.160819
-0.043074
-0.019743
-0.044770
-0.133076
-0.240340
-0.312254
-0.361094
-0.339945
-0.278230
-0.239508
-0.216477
-0.199804
-0.214079
-0.220159
-0.204632
-0.158138
-0.077902
-0.093237
-0.134962
-0.123835
-0.075260
0.035515
0.145902
0.171270
0.084266
-0.131664
-0.329462
-0.429503
-0.363682
-0.217264
-0.075814
-0.031926
-0.048743
-0.110704
-0.181904
-0.269939
-0.334056
-0.367606
-0.328618
-0.258362
-0.195518
-0.190956
-0.204738
-0.237502
-0.225374
-0.180223
-0.085455
-0.079284
-0.125456
-0.144927
-0.096940
-0.003475
0.109382
0.155431
0.141491
-0.011932
-0.231042
-0.385393
-0.406273
-0.309483
-0.140559
-0.038621
-0.031813
-0.067545
-0.142239
-0.233697
-0.302375
-0.350246
-0.336322
-0.270240
-0.214322
-0.203307
-0.213095
-0.238532
-0.237111
-0.199927
-0.144377
-0.065934
-0.086308
-0.133620
-0.125876
-0.072764
0.034171
0.145882
0.168121
0.100954
-0.108014
-0.321914
-0.414538
-0.361089
-0.228580
-0.075928
-0.027065
-0.045892
-0.093940
-0.174956
-0.267320
-0.328877
-0.361451
-0.331149
-0.258524
-0.200205
-0.182528
-0.191346
-0.228398
-0.227440
-0.188513
-0.097393
-0.065234
-0.110366
-0.132909
-0.105355
-0.022860
0.094422
0.165032
0.167631
0.029676
-0.207603
-0.382463
-0.421291
-0.324606
-0.144713
-0.029675
-0.026304
-0.063197
-0.135507
-0.217906
-0.284240
-0.338258
-0.338510
-0.286227
-0.238522
-0.201143
-0.193262
-0.215235
-0.230819
-0.210378
-0.160197
-0.061917
-0.077931
-0.128032
-0.129045
-0.078492
0.034446
0.152402
0.171139
0.113928
-0.085949
-0.297604
-0.404308
-0.374173
-0.242783
-0.084524
-0.026059
-0.036092
-0.090233
-0.174855
-0.259635
-0.315559
-0.351458
-0.322862
-0.265306
-0.206991
-0.183635
-0.189893
-0.230099
-0.233576
-0.202904
-0.109172
-0.053258
-0.103444
-0.139860
-0.116492
-0.040355
0.097273
0.175080
0.185261
0.052671
-0.195202
-0.383075
-0.422286
-0.332666
-0.169718
-0.048943
-0.038503
-0.051087
-0.098996
-0.188006
-0.279595
-0.352611
-0.363557
-0.296413
-0.237322
-0.204067
-0.202794
-0.215667
-0.229098
-0.198637
-0.165449
-0.080860
-0.079478
-0.134086
-0.140827
-0.088003
0.010262
0.139033
0.182885
0.150193
-0.035050
-0.277506
-0.417804
-0.405468
-0.285517
-0.111754
-0.027102
-0.032156
-0.069548
-0.141612
-0.234980
-0.308872
-0.368643
-0.360952
-0.292503
-0.223107
-0.186746
-0.184979
-0.223882
-0.236821
-0.210363
-0.137471
-0.063781
-0.098613
-0.137569
-0.121696
-0.055862
0.065792
0.156281
0.172437
0.089297
-0.137485
-0.346763
-0.416396
-0.369989
-0.225426
-0.069646
-0.033462
-0.046484
-0.084823
-0.176883
-0.268947
-0.335405
-0.373102
-0.317672
-0.248287
-0.211631
-0.207135
-0.221591
-0.248821
-0.224817
-0.192090
-0.114261
-0.065773
-0.117617
-0.144164
-0.117185
-0.040657
0.095802
0.181387
0.177117
0.030706
-0.212430
-0.391783
-0.426879
-0.322272
-0.156532
-0.050273
-0.044248
-0.073840
-0.133182
-0.208980
-0.283331
-0.355580
-0.375305
-0.315644
-0.241351
-0.189961
-0.189612
-0.226095
-0.250773
-0.222756
-0.161881
-0.066362
-0.087385
-0.148390
-0.143848
-0.082653
0.035865
0.159725
0.211660
0.130964
-0.101049
-0.333194
-0.451960
-0.401986
-0.252625
-0.087879
-0.030607
-0.036728
-0.086565
-0.162031
-0.254263
-0.334963
-0.380024
-0.347766
-0.279263
-0.214998
-0.196377
-0.211605
-0.244733
-0.233754
-0.201302
-0.118935
-0.062387
-0.118311
-0.147883
-0.115927
-0.040823
0.093429
0.179453
0.169767
0.037668
-0.196440
-0.381064
-0.427815
-0.338169
-0.183035
-0.051390
-0.030674
-0.057652
-0.125084
-0.212410
-0.293637
-0.349195
-0.363348
-0.308936
-0.243415
-0.198946
-0.208676
-0.230400
-0.254334
-0.228784
-0.186491
-0.095788
-0.078562
-0.133855
-0.138529
-0.098052
-0.001380
0.126487
0.189094
0.165292
-0.010252
-0.273405
-0.440104
-0.417167
-0.295943
-0.134317
-0.038714
-0.044864
-0.074479
-0.124599
-0.217949
-0.304143
-0.377143
-0.390960
-0.317604
-0.227725
-0.186225
-0.177664
-0.220057
-0.249259
-0.223036
-0.150463
-0.074301
-0.104142
-0.145865
-0.127773
-0.045775
0.082752
0.165199
0.181711
0.093459
-0.138239
-0.340317
-0.437085
-0.388480
-0.229870
-0.063201
-0.022416
-0.031077
-0.098585
-0.197473
-0.273935
-0.335205
-0.365876
-0.333064
-0.282081
-0.223450
-0.189594
-0.196804
-0.230338
-0.228196
-0.201596
-0.100161
-0.065155
-0.122042
-0.139680
-0.110367
-0.005351
0.131635
0.201665
0.178308
-0.011572
-0.268152
-0.421375
-0.415855
-0.298239
-0.129248
-0.044779
-0.041775
-0.063804
-0.131413
-0.215998
-0.300926
-0.368520
-0.367753
-0.310285
-0.244593
-0.199614
-0.193532
-0.219475
-0.229778
-0.206357
-0.146726
-0.069145
-0.110916
-0.154442
-0.134328
-0.054626
0.086365
0.198522
0.199574
0.105790
-0.155192
-0.368511
-0.453292
-0.380941
-0.210464
-0.036972
-0.009566
-0.037686
-0.108380
-0.200895
-0.280660
-0.340906
-0.376315
-0.330569
-0.269447
-0.204045
-0.184585
-0.201129
-0.246016
-0.238997
-0.205858
-0.092874
-0.059816
-0.112704
-0.138870
-0.098709
0.003439
0.148038
0.205207
0.175130
-0.023924
-0.280856
-0.440685
-0.427303
-0.294427
-0.105709
-0.019739
-0.030714
-0.068102
-0.142072
-0.234472
-0.311528
-0.378159
-0.369141
-0.301599
-0.227098
-0.188276
-0.188782
-0.230637
-0.241281
-0.216792
-0.148733
-0.065421
-0.100120
-0.152901
-0.131002
-0.054288
0.087447
0.197265
0.213964
0.097098
-0.151936
-0.373792
-0.464838
-0.381487
-0.215574
-0.062158
-0.017112
-0.033878
-0.096695
-0.180803
-0.272969
-0.352392
-0.380867
-0.335384
-0.279555
-0.209140
-0.192335
-0.206635
-0.236584
-0.228213
-0.198418
-0.092275
-0.069817
-0.126053
-0.141648
-0.102984
0.001019
0.150071
0.210043
0.183152
-0.011151
-0.277724
-0.442621
-0.444040
-0.313471
-0.114490
-0.015052
-0.019072
-0.063028
-0.145897
-0.239348
-0.311321
-0.373391
-0.370392
-0.307091
-0.236186
-0.196088
-0.189237
-0.226826
-0.239960
-0.214657
