0.058944
-0.049310
-0.101537
-0.135399
-0.184682
-0.258295
-0.283221
-0.238019
-0.098515
0.043834
0.139347
0.120743
0.028102
-0.104182
-0.174802
-0.180300
-0.113598
-0.050694
-0.001187
0.006781
0.012531
0.020380
0.050093
0.062658
0.072226
0.063071
0.080519
0.126354
0.225416
0.347423
0.460980
0.450500
0.254363
-0.047744
-0.336331
-0.462438
-0.391552
-0.151002
0.111008
0.266478
0.266984
0.162437
0.015991
-0.075785
-0.115148
-0.145525
-0.199567
-0.263227
-0.274381
-0.203561
-0.059778
0.078449
0.139454
0.099338
-0.009928
-0.128393
-0.183925
-0.164217
-0.092571
-0.032225
0.003418
0.004692
0.007584
0.020926
0.052149
0.064554
0.070744
0.067572
0.093129
0.149094
0.263247
0.388409
0.472668
0.403373
0.160538
-0.146340
-0.400292
-0.456865
-0.328258
-0.062474
0.172268
0.288812
0.241485
0.123282
-0.023483
-0.092097
-0.134274
-0.162950
-0.229935
-0.267909
-0.263051
-0.158434
-0.018476
0.105194
0.135871
0.074974
-0.045037
-0.145273
-0.187886
-0.146156
-0.076302
-0.021032
0.008328
0.006240
0.010893
0.029504
0.055305
0.067396
0.067331
0.060529
0.095424
0.160618
0.285592
0.410320
0.482161
0.364057
0.105621
-0.214126
-0.421071
-0.446016
-0.274795
-0.005997
0.206281
0.278988
0.217224
0.083157
-0.040236
-0.097640
-0.133241
-0.175504
-0.243633
-0.278872
-0.251750
-0.130513
0.016231
0.125287
0.127216
0.049393
-0.078808
-0.165816
-0.183658
-0.125164
-0.058457
-0.003999
0.009710
0.006836
0.010410
0.034324
0.052333
0.063512
0.064010
0.075586
0.114121
0.193256
0.315744
0.425103
0.464309
0.304771
0.033660
-0.273832
-0.437998
-0.421595
-0.216184
0.046963
0.241128
0.276504
0.197074
0.050170
-0.063235
-0.114195
-0.145698
-0.193839
-0.247633
-0.268129
-0.219188
-0.089977
0.042385
0.130338
0.105317
0.018949
-0.100094
-0.170239
-0.170145
-0.105142
-0.049901
0.002062
0.006112
0.010224
0.019302
0.049136
0.063328
0.073718
0.066776
0.091887
0.133250
0.230915
0.348474
0.451767
0.425827
0.223028
-0.075678
-0.345711
-0.446870
-0.363724
-0.120105
0.123809
0.266789
0.252317
0.146418
0.000418
-0.081839
-0.125334
-0.154518
-0.218294
-0.260399
-0.267665
-0.176647
-0.042825
0.091244
0.135545
0.089353
-0.023417
-0.133760
-0.187277
-0.155170
-0.087923
-0.025115
0.011203
0.010086
0.012725
0.025029
0.049318
0.061609
0.064452
0.062039
0.092176
0.142197
0.256115
0.372184
0.459046
0.393415
0.165355
-0.130399
-0.367862
-0.431324
-0.312782
-0.068308
0.152711
0.261079
0.223845
0.111529
-0.018149
-0.088663
-0.123703
-0.165139
-0.227099
-0.265825
-0.255952
-0.155970
-0.020011
0.095493
0.123778
0.064290
-0.038284
-0.146050
-0.178716
-0.143149
-0.075321
-0.022844
0.010692
0.009782
0.017238
0.031029
0.059965
0.061462
0.066569
0.067867
0.103260
0.163158
0.287876
0.393000
0.471194
0.357969
0.117771
-0.192660
-0.399538
-0.429147
-0.276132
-0.023696
0.190012
0.263146
0.210563
0.086506
-0.037232
-0.095612
-0.132283
-0.180646
-0.242834
-0.274647
-0.243617
-0.124105
0.011812
0.118043
0.114344
0.043130
-0.062917
-0.135734
-0.148454
-0.125271
-0.080195
-0.043388
-0.020740
-0.005137
0.021411
0.057055
0.067974
0.058193
0.041652
0.034840
0.081692
0.166707
0.289508
0.401922
0.457864
0.359637
0.124685
-0.155154
-0.366375
-0.404814
-0.289052
-0.053542
0.139491
0.244024
0.212460
0.120001
-0.004262
-0.069395
-0.132252
-0.184254
-0.255745
-0.274235
-0.249916
-0.128094
-0.003133
0.103747
0.101684
0.047654
-0.060539
-0.133499
-0.164199
-0.120440
-0.077262
-0.027980
-0.007333
0.006330
0.015382
0.041352
0.051064
0.054174
0.045267
0.056104
0.091997
0.162600
0.277397
0.387890
0.454952
0.380456
0.149182
-0.136021
-0.369994
-0.421288
-0.312536
-0.071340
0.140884
0.253559
0.220235
0.124136
-0.006277
-0.072909
-0.124729
-0.170047
-0.243301
-0.273582
-0.260462
-0.143612
-0.013137
0.103655
0.113324
0.056393
-0.049209
-0.132542
-0.162481
-0.122143
-0.079647
-0.034619
-0.016451
-0.003740
0.013853
0.048458
0.068010
0.068292
0.046889
0.048516
0.078890
0.155675
0.267018
0.380201
0.449947
0.376562
0.148275
-0.131719
-0.359857
-0.414481
-0.308479
-0.075095
0.129347
0.239210
0.216410
0.123027
0.000520
-0.065598
-0.117183
-0.167471
-0.240660
-0.273705
-0.257889
-0.147771
-0.013276
0.098593
0.112574
0.056734
-0.042516
-0.118172
-0.138932
-0.106914
-0.094298
-0.055330
-0.046447
-0.018123
0.003326
0.052585
0.067742
0.063786
0.036484
0.039704
0.060943
0.148322
0.251842
0.368952
0.444738
0.410038
0.195985
-0.066909
-0.323067
-0.408913
-0.343712
-0.123002
0.091092
0.227211
0.229220
0.154433
0.028029
-0.046215
-0.103728
-0.156098
-0.231615
-0.275098
-0.272115
-0.175693
-0.037410
0.085237
0.121105
0.076134
-0.016118
-0.109908
-0.154587
-0.134658
-0.093315
-0.052688
-0.025024
-0.008871
0.008950
0.037507
0.056878
0.057322
0.043423
0.036609
0.057303
0.119988
0.217548
0.335039
0.426882
0.440085
0.273956
0.015183
-0.262930
-0.403820
-0.383314
-0.196543
0.034574
0.203269
0.242209
0.183255
0.065890
-0.028444
-0.084195
-0.133623
-0.207508
-0.270772
-0.285763
-0.218416
-0.077357
0.058743
0.129065
0.098893
0.012575
-0.091895
-0.151838
-0.145199
-0.096898
-0.054001
-0.022484
-0.008958
0.003023
0.029763
0.057383
0.067607
0.059695
0.048231
0.061394
0.109597
0.197818
0.312242
0.415084
0.446768
0.299037
0.046319
-0.241037
-0.400858
-0.390686
-0.214852
0.022252
0.194479
0.243808
0.184486
0.070846
-0.023247
-0.072665
-0.121630
-0.189707
-0.262196
-0.282610
-0.227365
-0.087115
0.051439
0.131224
0.104813
0.023226
-0.075775
-0.136605
-0.148255
-0.103513
-0.069023
-0.030910
-0.015616
0.008409
0.034311
0.065401
0.065707
0.061804
0.039585
0.060795
0.110243
0.200248
0.312948
0.416789
0.444304
0.307921
0.051265
-0.226770
-0.396614
-0.390254
-0.223661
0.014490
0.185730
0.247426
0.188641
0.082295
-0.019100
-0.069150
-0.121778
-0.182448
-0.260828
-0.276407
-0.227668
-0.088657
0.048190
0.129989
0.106218
0.025185
-0.084696
-0.144497
-0.146691
-0.097707
-0.052528
-0.023157
-0.011776
0.002822
0.024299
0.058402
0.069421
0.062403
0.051770
0.060855
0.107341
0.189630
0.302852
0.407098
0.453288
0.320577
0.075385
-0.214050
-0.390193
-0.394997
-0.236070
0.003176
0.181861
0.243886
0.192580
0.085204
-0.018472
-0.065623
-0.116362
-0.175793
-0.255560
-0.277140
-0.233417
-0.099086
0.036789
0.127486
0.106713
0.033019
-0.072240
-0.136521
-0.146272
-0.100369
-0.061207
-0.025316
-0.013074
0.004652
0.022229
0.053130
0.057997
0.053233
0.040893
0.052364
0.098745
0.179345
0.289926
0.392486
0.447399
0.351809
0.117983
-0.158508
-0.363131
-0.398228
-0.274197
-0.042287
0.147569
0.239817
0.207413
0.114169
0.003982
-0.052458
-0.107455
-0.168032
-0.249996
-0.277223
-0.247277
-0.122568
0.017983
0.119692
0.113387
0.043868
-0.061087
-0.120030
-0.142634
-0.111312
-0.071766
-0.044480
-0.023695
-0.003795
0.026035
0.062592
0.072947
0.062557
0.045390
0.044330
0.097401
0.173402
0.284576
0.392614
0.456514
0.363398
0.134939
-0.148553
-0.363174
-0.404775
-0.286927
-0.052168
0.141508
0.239638
0.212743
0.117909
0.004588
-0.051826
-0.109102
-0.168236
-0.249001
-0.277740
-0.251256
-0.123188
0.013908
0.119242
0.112652
0.046204
-0.053906
-0.119657
-0.129293
-0.109166
-0.081668
-0.052751
-0.034853
-0.009154
0.024765
0.065421
0.073903
0.055488
0.032884
0.030218
0.076917
0.168318
0.276790
0.386888
0.448652
0.378945
0.159634
-0.101476
-0.335085
-0.390851
-0.310210
-0.086759
0.101014
0.222391
0.211961
0.141548
0.023997
-0.033207
-0.104067
-0.159665
-0.250037
-0.282071
-0.265393
-0.145603
-0.011453
0.104687
0.113748
0.059442
-0.043453
-0.123279
-0.155654
-0.122531
-0.082474
-0.037093
-0.018471
0.001102
0.016587
0.047193
0.060086
0.057944
0.039617
0.041842
0.071868
0.147239
0.246553
0.362407
0.443935
0.413963
0.205318
-0.063546
-0.326463
-0.411343
-0.347008
-0.124424
0.087164
0.221663
0.220080
0.146063
0.024862
-0.040948
-0.097611
-0.149077
-0.236077
-0.281691
-0.278232
-0.175205
-0.032000
0.094572
0.124408
0.067333
-0.032500
-0.123749
-0.163466
-0.131732
-0.085184
-0.042583
-0.020781
-0.010876
-0.000091
0.029834
0.052532
0.058313
0.044537
0.041835
0.067176
0.131064
0.233128
0.353929
0.439297
0.428072
0.230686
-0.040948
-0.320527
-0.423527
-0.368645
-0.147126
0.073958
0.220208
0.222589
0.148277
0.025181
-0.045233
-0.096515
-0.141428
-0.230453
-0.284330
-0.290572
-0.192908
-0.048890
0.087424
0.125568
0.070743
-0.031662
-0.127012
-0.166952
-0.136354
-0.083699
-0.042431
-0.023170
-0.014879
-0.004073
0.024578
0.051874
0.058176
0.044931
0.037257
0.056751
0.117685
0.220703
0.345797
0.433324
0.428884
0.246566
-0.020003
-0.296674
-0.414323
-0.367611
-0.168505
0.053417
0.201659
0.218861
0.150447
0.037910
-0.039835
-0.091742
-0.145226
-0.227586
-0.288156
-0.291345
-0.202039
-0.056980
0.074865
0.124741
0.074734
-0.022110
-0.109188
-0.149663
-0.117092
-0.091597
-0.078098
-0.055657
-0.045241
-0.007288
0.031185
0.070352
0.066387
0.040373
0.016754
0.041522
0.100163
0.219473
0.334405
0.423292
0.426803
0.265818
0.007310
-0.250047
-0.396288
-0.367943
-0.200594
0.021396
0.173959
0.217887
0.163792
0.065643
-0.029563
-0.082160
-0.144084
-0.221444
-0.286702
-0.284794
-0.214224
-0.071367
0.053656
0.113622
0.072777
-0.013054
-0.103781
-0.154477
-0.143987
-0.094193
-0.057548
-0.032214
-0.018895
-0.005030
0.025311
0.050806
0.059361
0.044448
0.036663
0.053793
0.112095
0.201528
0.323263
0.413153
0.433723
0.272242
0.020929
-0.260715
-0.397265
-0.375971
-0.193654
0.029312
0.187557
0.218297
0.158215
0.047231
-0.036767
-0.084542
-0.132031
-0.204772
-0.276896
-0.283786
-0.216049
-0.073473
0.057571
0.127592
0.082003
-0.004531
-0.107317
-0.156491
-0.148422
-0.091421
-0.052697
-0.018820
-0.013596
0.006500
0.026039
0.054071
0.055479
0.044034
0.028743
0.049879
0.103580
0.197766
0.316004
0.414989
0.431680
0.284259
0.037254
-0.232183
-0.386996
-0.368205
-0.204344
0.019483
0.173880
0.224519
0.164408
0.061861
-0.029296
-0.077004
-0.130953
-0.195176
-0.267971
-0.276346
-0.217360
-0.076906
0.051582
0.127168
0.083983
-0.001117
-0.107534
-0.158397
-0.149610
-0.088998
-0.044288
-0.010708
-0.005923
0.005331
0.023172
0.050633
0.061519
0.051633
0.042681
0.066111
0.118805
0.209855
0.326757
0.426164
0.431566
0.261946
0.011810
-0.266096
-0.396949
-0.358670
-0.169265
0.052004
0.198497
0.226101
0.154107
0.037690
-0.040346
-0.086578
-0.137648
-0.201544
-0.267302
-0.269884
-0.190876
-0.053582
0.072642
0.128345
0.074142
-0.015013
-0.116402
-0.152859
-0.136175
-0.077871
-0.034780
-0.004783
-0.007414
0.011953
0.027464
0.057758
0.061950
0.055651
0.042250
0.066066
0.119867
0.223355
0.331888
0.430162
0.411515
0.223825
-0.028118
-0.285131
-0.385739
-0.329979
-0.129571
0.076035
0.199542
0.207387
0.134468
0.020673
-0.042295
-0.085845
-0.138614
-0.208422
-0.268885
-0.259662
-0.172864
-0.029497
0.085608
0.127040
0.062782
-0.030210
-0.131424
-0.157738
-0.132593
-0.071632
-0.033791
-0.000516
-0.003440
0.017014
0.031348
0.055590
0.052926
0.045772
0.037338
0.071937
0.131770
0.239131
0.344184
0.433873
0.399314
0.204457
-0.045107
-0.295989
-0.385667
-0.325271
-0.117124
0.082104
0.206678
0.209432
0.135233
0.014669
-0.046701
-0.097928
-0.150494
-0.218319
-0.263229
-0.253044
-0.160805
-0.025491
0.088200
0.121158
0.059254
-0.029091
-0.126033
-0.152379
-0.127239
-0.070593
-0.030439
0.004720
0.002471
0.023298
0.034436
0.058504
0.053562
0.054008
0.046443
0.089097
0.145794
0.261142
0.361053
0.443021
0.355055
0.146108
-0.129424
-0.341137
-0.394049
-0.279184
-0.050011
0.138661
0.228886
0.200793
0.099511
-0.013322
-0.061889
-0.109727
-0.154005
-0.228056
-0.259110
-0.236862
-0.124715
0.007625
0.113080
0.112115
0.043726
-0.059477
-0.141387
-0.153312
-0.113577
-0.057393
-0.015638
0.007577
0.009405
0.028464
0.039851
0.058816
0.048925
0.049241
0.053379
0.103273
0.166795
0.271187
0.357858
0.426846
0.314555
0.114060
-0.143333
-0.327734
-0.364770
-0.242231
-0.028243
0.143656
0.219584
0.191786
0.087305
-0.018512
-0.065098
-0.118730
-0.164510
-0.227735
-0.246147
-0.212925
-0.098193
0.020977
0.111062
0.100143
0.035216
-0.064093
-0.133661
-0.144691
-0.100804
-0.053718
-0.007792
0.009966
0.018887
0.034101
0.046347
0.056959
0.054013
0.051576
0.065063
0.110806
0.179858
0.280300
0.373501
0.419361
0.283552
0.076844
-0.184729
-0.339886
-0.354243
-0.202218
0.010890
0.168782
0.221542
0.177333
0.060370
-0.028940
-0.071752
-0.119172
-0.165789
-0.229305
-0.244706
-0.198462
-0.076640
0.047591
0.127004
0.099110
0.024333
-0.084457
-0.145936
-0.141853
-0.089905
-0.039034
0.002650
0.009561
0.016763
0.029323
0.047971
0.060898
0.059025
0.056094
0.069196
0.113845
0.183972
0.278715
0.369477
0.412341
0.260457
0.059747
-0.198456
-0.333017
-0.340733
-0.176665
0.024485
0.171240
0.207952
0.165569
0.045260
-0.033324
-0.072103
-0.121630
-0.168006
-0.228613
-0.240060
-0.190901
-0.067540
0.046420
0.123384
0.088635
0.020489
-0.092865
-0.143006
-0.139496
-0.083302
-0.039706
0.010929
0.010740
0.027690
0.033023
0.053994
0.055107
0.055260
0.050272
0.078331
0.121914
0.203518
0.290821
0.383765
0.390177
0.228345
0.017245
-0.232697
-0.346201
-0.330503
-0.147501
0.045936
0.186849
0.208353
0.154350
0.028424
-0.036872
-0.088213
-0.130946
-0.186382
-0.231443
-0.240796
-0.168542
-0.049038
0.067430
0.118773
0.077006
-0.005736
-0.109215
-0.151066
-0.131594
-0.075431
-0.030700
0.010682
0.009585
0.027007
0.032421
0.057505
0.059818
0.068805
0.063055
0.097058
0.133962
0.223987
0.305678
0.402932
0.336532
0.161553
-0.078555
-0.286005
-0.357285
-0.282459
-0.073469
0.102854
0.200667
0.189282
0.102999
-0.016893
-0.056540
-0.109494
-0.145321
-0.206571
-0.235625
-0.226056
-0.126142
-0.013681
0.094706
0.100887
0.052506
-0.047713
-0.132638
-0.154943
-0.115186
-0.065162
-0.012332
0.009356
0.008932
0.020534
0.030687
0.048551
0.048851
0.055955
0.067420
0.107023
0.158946
0.253574
0.339032
0.405367
0.280325
0.089900
-0.167324
-0.328666
-0.361262
-0.224901
-0.016947
0.144083
0.203847
0.169683
0.059417
-0.037483
-0.076166
-0.128662
-0.170081
-0.230606
-0.248259
-0.211445
-0.093947
0.020443
0.108833
0.081504
0.019394
-0.092301
-0.154160
-0.156408
-0.099809
-0.051247
0.003366
0.006929
0.014150
0.014846
0.033870
0.046931
0.055727
0.054497
0.079342
0.112567
0.184920
0.275634
0.373775
0.382436
0.217389
0.005450
-0.245034
-0.358138
-0.343131
-0.154855
0.036229
0.176415
0.193284
0.140077
0.013172
-0.048115
-0.099029
-0.141295
-0.196184
-0.239751
-0.248487
-0.177963
-0.059802
0.054531
0.107477
0.068938
-0.009686
-0.117575
-0.159455
-0.142977
-0.085724
-0.039084
0.004652
0.000834
0.012973
0.014369
0.037218
0.039403
0.051565
0.051473
0.085813
0.123004
0.208777
0.294219
0.386755
0.344010
0.166375
-0.060284
-0.284178
-0.362204
-0.304080
-0.102842
0.074349
0.186872
0.181294
0.108063
-0.013335
-0.057998
-0.111538
-0.149978
-0.209513
-0.248150
-0.244099
-0.154571
-0.035204
0.074557
0.101291
0.050062
-0.039990
-0.136115
-0.159313
-0.130396
-0.073679
-0.026201
0.007888
0.004799
0.020716
0.022253
0.043926
0.041982
0.054247
0.058475
0.100023
0.143395
0.232116
0.308269
0.391515
0.287902
0.112474
-0.126307
-0.303046
-0.356588
-0.255055
-0.052658
0.106802
0.187127
0.166974
0.076431
-0.031180
-0.064324
-0.123387
-0.158426
-0.220440
-0.242742
-0.225130
-0.116257
-0.007978
0.091470
0.084210
0.035017
-0.066866
-0.138514
-0.151962
-0.108856
-0.064515
-0.014655
-0.001547
0.002280
0.015235
0.027062
0.042766
0.044830
0.051413
0.069925
0.112678
0.170226
0.254721
0.334970
0.381997
0.240697
0.056976
-0.179898
-0.315917
-0.339427
-0.198892
-0.011502
0.132931
0.182455
0.153670
0.046973
-0.034658
-0.076118
-0.132284
-0.177971
-0.231133
-0.242139
-0.198311
-0.084227
0.021262
0.097411
0.071345
0.013188
-0.090302
-0.145049
-0.145447
-0.093506
-0.051199
-0.002211
0.000259
0.011876
0.019458
0.036518
0.046019
0.053528
0.056683
0.082171
0.119793
0.187817
0.263364
0.348615
0.360542
0.200283
0.011431
-0.214734
-0.320084
-0.319211
-0.152312
0.023153
0.150536
0.174475
0.134579
0.019459
-0.041430
-0.086590
-0.138085
-0.186742
-0.226381
-0.232490
-0.173502
-0.060710
0.039813
0.096511
0.060431
0.000056
-0.102181
-0.140080
-0.130939
-0.081267
-0.045318
0.003654
0.000929
0.022375
0.024965
0.045068
0.048311
0.060210
0.064892
0.100786
0.134927
0.213749
0.289613
0.379377
0.315876
0.146381
-0.069434
-0.263416
-0.334754
-0.273317
-0.080981
0.077939
0.175596
0.170977
0.099588
-0.012583
-0.048744
-0.104201
-0.142987
-0.201474
-0.228501
-0.222759
-0.132703
-0.028198
0.071264
0.087320
0.047831
-0.036011
-0.118756
-0.135991
-0.105143
-0.063701
-0.021244
0.003962
0.005121
0.023772
0.032790
0.052603
0.054637
0.064916
0.072975
0.109566
0.155491
0.243596
0.317826
0.389597
0.276102
0.098408
-0.126954
-0.284269
-0.326748
-0.222517
-0.032885
0.110653
0.180042
0.159460
0.074356
-0.023256
-0.054786
-0.116086
-0.156168
-0.213939
-0.227211
-0.202756
-0.094632
0.006040
0.090797
0.079235
0.034305
-0.058155
-0.122288
-0.130990
-0.090747
-0.052795
-0.004784
0.010219
0.019572
0.031494
0.044292
0.054921
0.054432
0.059528
0.079435
0.120885
0.178334
0.263285
0.340908
0.383716
0.239535
0.065188
-0.161130
-0.285525
-0.311910
-0.176348
-0.003119
0.132896
0.177788
0.154190
0.056577
-0.018875
-0.059140
-0.119485
-0.165519
-0.213167
-0.219238
-0.175035
-0.069620
0.025181
0.093865
0.070122
0.019737
-0.074192
-0.121085
-0.118292
-0.073271
-0.037836
0.009579
0.014048
0.030670
0.036611
0.053474
0.057650
0.067396
0.074316
0.106871
0.142632
0.214188
0.283521
0.371180
0.348577
0.180954
-0.010754
-0.219131
-0.300486
-0.280758
-0.103763
0.055586
0.165294
0.177515
0.130682
0.016527
-0.028280
-0.082255
-0.129863
-0.181025
-0.216191
-0.208630
-0.136833
-0.029537
0.065574
0.097252
0.060216
-0.006635
-0.097821
-0.123009
-0.103109
-0.057042
-0.018885
0.015662
0.012720
0.030930
0.036268
0.060434
0.061990
0.073716
0.082760
0.116197
0.153414
0.234193
0.301336
0.390667
0.301808
0.136259
-0.080266
-0.249429
-0.308076
-0.233118
-0.049577
0.094719
0.173969
0.164770
0.094100
-0.008807
-0.038030
-0.102143
-0.139875
-0.199943
-0.217130
-0.201587
-0.102717
-0.004155
0.085932
0.081712
0.042839
-0.045694
-0.113934
-0.123836
-0.082991
-0.044250
-0.001895
0.013752
0.017095
0.029875
0.043736
0.062464
0.063999
0.073258
0.086205
0.125810
0.174253
0.260565
0.339715
0.388748
0.248646
0.067335
-0.157249
-0.284654
-0.309024
-0.175524
0.003009
0.132906
0.179772
0.149267
0.051974
-0.026432
-0.062968
-0.122440
-0.162178
-0.215331
-0.218242
-0.181508
-0.070772
0.023211
0.095233
0.070003
0.021492
-0.077860
-0.123754
-0.121646
-0.076364
-0.040712
0.004475
0.008813
0.023356
0.033608
0.053240
0.059759
0.061034
0.065800
0.086651
0.125077
0.196428
0.272462
0.357486
0.349179
0.184450
-0.002830
-0.211439
-0.295044
-0.284233
-0.118548
0.037344
0.147049
0.161037
0.121406
0.014856
-0.032960
-0.086293
-0.137231
-0.188152
-0.223765
-0.217926
-0.150935
-0.045679
0.044041
0.083767
0.046638
-0.012887
-0.103103
-0.127290
-0.114426
-0.066835
-0.032432
0.007461
0.005263
0.022834
0.024949
0.046609
0.048267
0.060740
0.068457
0.105440
0.142289
0.216221
0.281137
0.362593
0.298148
0.129194
-0.066592
-0.246115
-0.305369
-0.256665
-0.077805
0.061831
0.152857
0.148565
0.092195
-0.014690
-0.048182
-0.113727
-0.152417
-0.203915
-0.222683
-0.207418
-0.124762
-0.029234
0.052017
0.066721
0.031080
-0.040633
-0.116629
-0.127405
-0.106938
-0.065139
-0.027941
0.002653
0.004391
0.023581
0.028150
0.046612
0.043863
0.059452
0.075634
0.117134
0.163192
0.241022
0.309031
0.363563
0.234879
0.068390
-0.145603
-0.279350
-0.313964
-0.205499
-0.030400
0.099993
0.158547
0.139164
0.052238
-0.034523
-0.072296
-0.141475
-0.173194
-0.221526
-0.222988
-0.189011
-0.087735
-0.002828
0.067316
0.048451
0.009280
-0.080117
-0.125755
-0.126417
-0.088332
-0.054214
-0.008669
-0.001399
0.008858
0.017531
0.032987
0.047216
0.057460
0.071872
0.102105
0.133688
0.196201
0.264285
0.344071
0.315439
0.151222
-0.033265
-0.237547
-0.313922
-0.290018
-0.114711
0.037395
0.150415
0.158257
0.108956
-0.007345
-0.054000
-0.119841
-0.163022
-0.201489
-0.223934
-0.212313
-0.139792
-0.044245
0.040327
0.068690
0.037421
-0.028054
-0.112500
-0.133438
-0.119574
-0.079186
-0.034996
0.002503
0.006800
0.021670
0.024692
0.040825
0.047048
0.066201
0.088710
0.124287
0.167075
0.233853
0.306260
0.345950
0.217810
0.051260
-0.159679
-0.281632
-0.309038
-0.186392
-0.019081
0.109036
0.157663
0.133223
0.037022
-0.038199
-0.082378
-0.143709
-0.175416
-0.216104
-0.216565
-0.176479
-0.079700
0.003410
0.064454
0.047092
0.001773
-0.086180
-0.125391
-0.121942
-0.084151
-0.044753
-0.002513
0.005317
0.015369
0.022297
0.037418
0.051281
0.068040
0.086596
0.118765
0.153805
0.213126
0.282912
0.355285
0.268756
0.104629
-0.101153
-0.268792
-0.319070
-0.245196
-0.059349
0.080845
0.164112
0.153211
0.075519
-0.025799
-0.061360
-0.131627
-0.162785
-0.206206
-0.219488
-0.196111
-0.103772
-0.014376
0.063604
0.062925
0.025797
-0.056987
-0.120576
-0.126098
-0.097800
-0.059789
-0.015500
0.001593
0.009313
0.024258
0.033485
0.048280
0.055703
0.068433
0.091956
0.129991
0.183710
0.255737
0.337651
0.345443
0.191407
0.012707
-0.202170
-0.302760
-0.303192
-0.146182
0.016641
0.137209
0.168913
0.130408
0.022354
-0.034528
-0.089119
-0.145726
-0.182201
-0.217189
-0.211903
-0.152708
-0.054126
0.030463
0.076597
0.050243
-0.005871
-0.095503
-0.122766
-0.115701
-0.077744
-0.038626
0.003266
0.008810
0.028053
0.033893
0.049608
0.055535
0.069386
0.087063
0.122674
0.165411
0.232324
0.307373
0.368627
0.252036
0.088543
-0.135033
-0.284687
-0.324524
-0.215470
-0.030301
0.109103
0.177977
0.159159
0.064258
-0.025602
-0.062752
-0.134703
-0.161840
-0.206524
-0.214024
-0.182287
-0.082909
0.004578
0.080210
0.066323
0.026718
-0.066370
-0.119302
-0.122643
-0.087207
-0.049682
-0.001043
0.008213
0.019993
0.027945
0.042151
0.053901
0.066216
0.078047
0.107241
0.142952
0.203329
0.270268
0.353729
0.319870
0.164586
-0.027373
-0.229462
-0.307723
-0.278543
-0.103715
0.050920
0.159875
0.172239
0.119228
0.007944
-0.035477
-0.100500
-0.143975
-0.185597
-0.212675
-0.203529
-0.129974
-0.034373
0.051317
0.080625
0.048673
-0.015530
-0.097174
-0.119119
-0.104448
-0.066746
-0.026140
0.010096
0.014480
0.034006
0.040592
0.058503
0.063847
0.076474
0.090100
0.128373
0.170224
0.243707
0.315844
0.367254
0.240068
0.076502
-0.146819
-0.283183
-0.314359
-0.195683
-0.015469
0.119217
0.181508
0.157170
0.062533
-0.022745
-0.061955
-0.133265
-0.159084
-0.204101
-0.206582
-0.172804
-0.072484
0.007565
0.080272
0.066463
0.031182
-0.059333
-0.108459
-0.119494
-0.087474
-0.054542
-0.003266
0.008555
0.027424
0.038768
0.051221
0.057975
0.068599
0.074921
0.107190
0.146128
0.211301
0.280134
0.362080
0.322765
0.161106
-0.032894
-0.242562
-0.312589
-0.281408
-0.096811
0.055262
0.169906
0.175221
0.120791
0.003885
-0.035364
-0.104688
-0.142066
-0.185649
-0.213516
-0.204955
-0.127128
-0.032882
0.055893
0.087801
0.056797
-0.012037
-0.098411
-0.122490
-0.110352
-0.067109
-0.025821
0.012651
0.012405
0.034753
0.036361
0.054861
0.060513
0.075122
0.085171
0.120424
0.157675
0.234706
0.306400
0.372286
0.248781
0.091565
-0.134365
-0.279227
-0.319240
-0.208597
-0.030706
0.109334
0.176697
0.157262
0.067614
-0.021327
-0.054118
-0.126729
-0.152634
-0.202025
-0.211156
-0.182914
-0.082066
-0.000035
0.079705
0.065121
0.029564
-0.062150
-0.110596
-0.118859
-0.081416
-0.049064
0.002078
0.009179
0.021831
0.029708
0.043002
0.054761
0.070970
0.079619
0.109655
0.140005
0.203674
0.271143
0.357814
0.320310
0.161253
-0.035372
-0.246123
-0.318304
-0.285102
-0.098909
0.053858
0.166264
0.169329
0.115340
0.000260
-0.033587
-0.098296
-0.137369
-0.182077
-0.213613
-0.208102
-0.132145
-0.036598
0.051782
0.084432
0.050989
-0.013890
-0.096681
-0.119633
-0.108156
-0.068913
-0.032058
0.004007
0.002548
0.024663
0.024531
0.043047
0.049747
0.066759
0.077042
0.117570
0.150563
0.221877
0.278888
0.360996
0.271975
0.122663
-0.088264
-0.260833
-0.318188
-0.244785
-0.064846
0.078998
0.170056
0.160320
0.089858
-0.016317
-0.045373
-0.118864
-0.144428
-0.195942
-0.213219
-0.200916
-0.107766
-0.023648
0.063518
0.070299
0.038160
-0.042334
-0.108063
-0.123577
-0.098092
-0.062635
-0.018466
0.000359
0.004373
0.024076
0.031478
0.052336
0.057700
0.070467
0.080404
0.116834
0.161076
0.237267
0.308272
0.355665
0.214472
0.054295
-0.174806
-0.291750
-0.319007
-0.182078
-0.016920
0.118604
0.163379
0.142388
0.043933
-0.024005
-0.063501
-0.125942
-0.158980
-0.207604
-0.216325
-0.181686
-0.084087
-0.001116
0.072919
0.055881
0.022259
-0.067315
-0.109187
-0.120761
-0.085595
-0.057816
-0.011130
-0.010460
0.008825
0.016117
0.035191
0.045302
0.058516
0.065735
0.093315
0.124569
0.182713
0.244934
0.323569
0.333217
0.184609
0.016683
-0.203859
-0.300375
-0.305639
-0.150000
0.007211
0.136844
0.161460
0.130288
0.019397
-0.034193
-0.085458
-0.135903
-0.174102
-0.213557
-0.217756
-0.163950
-0.067359
0.018791
0.076964
0.051414
0.004552
-0.085152
-0.117782
-0.117318
-0.076310
-0.046485
-0.002878
-0.007474
0.013884
0.019298
0.043609
0.051577
0.066094
0.066663
0.095722
0.121311
0.190653
0.247684
0.336237
0.300820
0.150770
-0.031111
-0.231128
-0.303204
-0.278910
-0.108540
0.034621
0.145587
0.150192
0.109323
-0.002026
-0.033500
-0.095988
-0.132798
-0.178986
-0.205703
-0.209862
-0.138540
-0.053370
0.034754
0.069468
0.046219
-0.012829
-0.090559
-0.115413
-0.103787
-0.068940
-0.034257
-0.001835
-0.006802
0.016646
0.020669
0.044899
0.051488
0.071844
0.077155
0.115881
0.144646
0.215391
0.266522
0.347033
0.254299
0.109260
-0.098985
-0.257194
-0.310822
-0.234017
-0.061491
0.078268
0.160271
0.149279
0.079190
-0.021969
-0.048548
-0.116212
-0.141261
-0.190609
-0.205720
-0.197815
-0.107624
-0.029161
0.058641
0.064345
0.040783
-0.033583
-0.093276
-0.113810
-0.091596
-0.061982
-0.018988
-0.001840
0.003070
0.023875
0.031310
0.048741
0.055455
0.070409
0.085878
0.124026
0.161979
0.223368
0.275478
0.339684
0.221817
0.079953
-0.126609
-0.256921
-0.298204
-0.196040
-0.034096
0.097931
0.158703
0.145980
0.061067
-0.024134
-0.056533
-0.120843
-0.147148
-0.189246
-0.197066
-0.175961
-0.084307
-0.012519
0.062425
0.054988
0.030957
-0.047904
-0.091762
-0.106172
-0.078060
-0.055846
-0.008147
-0.000050
0.016778
0.032018
0.048017
0.057479
0.068678
0.079725
0.101854
0.135291
0.187118
0.240292
0.309113
0.316451
0.173051
0.023048
-0.180711
-0.262862
-0.276419
-0.132924
0.007377
0.125069
0.150625
0.129638
0.024445
-0.023679
-0.077325
-0.127811
-0.161068
-0.191595
-0.191880
-0.142275
-0.055534
0.020192
0.072202
0.052053
0.015894
-0.064843
-0.096451
-0.102256
-0.071515
-0.043376
0.003990
0.002783
0.028439
0.031733
0.050794
0.054910
0.069866
0.077714
0.107503
0.141748
0.202611
0.254963
0.331163
0.296572
0.145976
-0.023583
-0.211602
-0.277157
-0.257649
-0.093778
0.040810
0.144259
0.152931
0.110701
0.003984
-0.034262
-0.095047
-0.134217
-0.171202
-0.192542
-0.187238
-0.124391
-0.039888
0.034671
0.067767
0.040156
-0.009614
-0.083942
-0.100628
-0.093795
-0.059108
-0.026900
0.006598
0.002198
0.025502
0.031496
0.055608
0.063251
0.082380
0.088599
0.121800
0.155217
0.222733
0.275665
0.345504
0.242910
0.096099
-0.107757
-0.253247
-0.293375
-0.209334
-0.037010
0.088494
0.158274
0.139781
0.066669
-0.026543
-0.051328
-0.118927
-0.140007
-0.187270
-0.194732
-0.183047
-0.094973
-0.019644
0.061276
0.060003
0.031774
-0.043553
-0.099287
-0.111772
-0.084922
-0.052161
-0.007616
0.006800
0.012271
0.026430
0.033079
0.050689
0.060825
0.077874
0.097282
0.133038
0.179410
0.238245
0.301355
0.328642
0.189442
0.041314
-0.168991
-0.267684
-0.289306
-0.155600
-0.003343
0.117276
0.152276
0.127620
0.026791
-0.035003
-0.079866
-0.135084
-0.159964
-0.194616
-0.193180
-0.157783
-0.070375
-0.000967
0.058351
0.036054
0.007129
-0.072661
-0.099552
-0.101425
-0.067597
-0.042191
-0.000036
-0.000438
0.019062
0.027782
0.049390
0.061703
0.074736
0.084549
0.111561
0.142816
0.202858
0.264443
0.336179
0.266437
0.119819
-0.067833
-0.236492
-0.293046
-0.241966
-0.076524
0.052736
0.142243
0.141822
0.082747
-0.012387
-0.045692
-0.114162
-0.143911
-0.186651
-0.201021
-0.189820
-0.113585
-0.035309
0.041752
0.055601
0.028092
-0.037166
-0.099987
-0.112021
-0.092702
-0.056079
-0.017467
0.005698
0.003518
0.018735
0.021592
0.041193
0.052859
0.074412
0.092028
0.126338
0.168667
0.230028
0.294316
0.334052
0.205976
0.057933
-0.148864
-0.264731
-0.296304
-0.181294
-0.022416
0.099949
0.151573
0.131061
0.039510
-0.033441
-0.074640
-0.137936
-0.161319
-0.199010
-0.199835
-0.169602
-0.080449
-0.008543
0.060196
0.044529
0.012161
-0.072924
-0.109046
-0.111125
-0.075345
-0.043016
0.004090
0.004425
0.014860
0.018608
0.034150
0.050072
0.073042
0.092507
0.125844
0.153544
0.213071
0.270681
0.339970
0.259849
0.115196
-0.082471
-0.249159
-0.303529
-0.243356
-0.069798
0.067525
0.158506
0.152329
0.081949
-0.020068
-0.057874
-0.129866
-0.150612
-0.191070
-0.197964
-0.184754
-0.104646
-0.028958
0.050082
0.059578
0.035939
-0.023813
-0.089151
-0.120895
-0.100426
-0.071510
-0.020561
0.005428
0.017904
0.030130
0.029031
0.046188
0.056793
0.070206
0.098632
0.134667
0.175694
0.241038
0.303575
0.337493
0.207222
0.059677
-0.155590
-0.266496
-0.298335
-0.171669
-0.017216
0.110901
0.162898
0.138770
0.043173
-0.028080
-0.080258
-0.141051
-0.160190
-0.198104
-0.193029
-0.161366
-0.073084
-0.002949
0.060180
0.044512
0.017329
-0.066350
-0.098381
-0.108169
-0.077413
-0.045024
0.002202
0.009377
0.027193
0.029560
0.045257
0.055806
0.071375
0.091355
0.121955
0.157195
0.218740
0.280264
0.352091
0.275651
0.126417
-0.069734
-0.246345
-0.305355
-0.248270
-0.075981
0.065957
0.159353
0.159062
0.089750
-0.011892
-0.051968
-0.122607
-0.147592
-0.183199
-0.197176
-0.186392
-0.112092
-0.035667
0.044110
0.062387
0.039417
-0.027153
-0.093252
-0.111041
-0.094164
-0.058930
-0.015094
0.007012
0.008761
0.022388
0.029691
0.051247
0.069441
0.085798
0.106138
0.134244
0.180808
0.246281
0.327651
0.344052
0.204585
0.039144
-0.180398
-0.290408
-0.306025
-0.160884
-0.001205
0.125891
0.165360
0.135241
0.027875
-0.027668
-0.084023
-0.137030
-0.169256
-0.204796
-0.207718
-0.161840
-0.070318
0.011283
0.070327
0.052822
0.008847
-0.079519
-0.110814
-0.108787
-0.075468
-0.041889
-0.002667
-0.002549
0.016621
0.028118
0.049712
0.059208
0.072732
0.081469
0.110659
0.148656
0.219645
0.286553
0.356450
0.276627
0.121613
-0.073685
-0.243476
-0.302227
-0.247015
-0.081866
0.052306
0.143801
0.149884
0.088917
-0.003583
-0.041738
-0.115646
-0.153072
-0.198588
-0.214091
-0.201518
-0.118179
-0.036056
0.047214
0.059374
0.034748
-0.038937
-0.101049
-0.116080
-0.094949
-0.063741
-0.022622
-0.003109
0.001243
0.017141
0.026749
0.044548
0.055534
0.071115
0.088510
0.123147
0.168580
0.236275
0.307951
0.346223
0.213448
0.061637
-0.157343
-0.280491
-0.315015
-0.193975
-0.031193
0.102686
0.159505
0.140998
0.044743
-0.026953
-0.075329
-0.138367
-0.164662
-0.204026
-0.208065
-0.176846
-0.087265
-0.013556
0.059092
0.049653
0.020721
-0.063449
-0.104366
-0.115885
-0.084642
-0.058247
-0.013455
-0.009582
0.009363
0.018923
0.039387
0.051380
0.067933
0.074697
0.102894
0.133761
0.195719
0.256847
0.337450
0.294266
0.148810
-0.030613
-0.223477
-0.298778
-0.275021
-0.114528
0.027256
0.133484
0.148686
0.106069
0.002921
-0.031414
-0.099222
-0.137601
-0.181687
-0.206263
-0.206751
-0.136681
-0.054557
0.029822
0.063399
0.041989
-0.015020
-0.088526
-0.113961
-0.105025
-0.070550
-0.035478
-0.000498
-0.002179
0.019544
0.020972
0.039655
0.048327
0.069095
0.078866
0.115891
0.151138
0.219452
0.277814
0.353737
0.256890
0.117740
-0.088391
-0.250695
-0.311800
-0.244255
-0.077414
0.062264
0.150003
0.155062
0.085511
-0.008295
-0.042109
-0.118443
-0.147600
-0.192066
-0.208293
-0.196280
-0.110607
-0.033577
0.053761
0.061342
0.039650
-0.036238
-0.098450
-0.115659
-0.092886
-0.062031
-0.016448
-0.001438
0.005064
0.019274
0.027435
0.046035
0.060897
0.077942
0.093576
0.125639
0.168092
0.234765
0.299190
0.345356
0.212905
0.069941
-0.140242
-0.262593
-0.301977
-0.190233
-0.037302
0.093800
0.148471
0.142074
0.054490
-0.014001
-0.054599
-0.119676
-0.152869
-0.192519
-0.203208
-0.173792
-0.084021
-0.010294
0.064242
0.056571
0.033458
-0.046637
-0.092690
-0.107558
-0.082294
-0.055467
-0.011953
-0.002958
0.012569
0.026709
0.037270
0.048924
0.059826
0.071848
0.094692
0.135202
0.191803
0.256254
0.329201
0.353750
0.205022
0.056248
-0.165231
-0.278901
-0.303606
-0.175484
-0.016648
0.114463
0.166673
0.152030
0.052334
-0.010163
-0.060229
-0.125646
-0.156134
-0.195648
-0.205712
-0.164591
-0.073615
0.004582
0.075494
0.062598
0.032154
-0.052410
-0.093911
-0.104559
-0.075065
-0.049221
0.000901
0.001374
0.024368
0.032754
0.050050
0.059206
0.075532
0.078397
0.106015
0.135369
0.196369
0.256424
0.340160
0.327796
0.182721
0.022761
-0.177499
-0.273663
-0.278229
-0.139459
0.003954
0.118559
0.156893
0.135067
0.039293
-0.005520
-0.064526
-0.122966
-0.162618
-0.195891
-0.200140
-0.144262
-0.059663
0.018259
0.069013
0.052777
0.013471
-0.061753
-0.089105
-0.089488
-0.062525
-0.036909
0.000418
-0.002196
0.024409
0.031093
0.052623
0.061591
0.082192
0.089071
0.126137
0.157269
0.223014
0.273998
0.355856
0.277811
0.133367
-0.052542
-0.225334
-0.292467
-0.248693
-0.088087
0.049344
0.143763
0.155536
0.106668
0.005925
-0.022706
-0.095307
-0.134893
-0.178480
-0.195971
-0.193791
-0.113348
-0.038112
0.045545
0.066543
0.046965
-0.013876
-0.081520
-0.103211
-0.087566
-0.062123
-0.024825
0.002923
0.001583
0.025742
0.029802
0.047907
0.058856
0.076761
0.089038
0.128426
0.167144
0.235440
0.294388
0.357620
0.244568
0.100163
-0.098251
-0.244423
-0.301123
-0.222138
-0.065819
0.066813
0.145032
0.152923
0.083290
0.000533
-0.036297
-0.111913
-0.150428
-0.193889
-0.207568
-0.188710
-0.100727
-0.027857
0.050683
0.054813
0.035774
-0.035061
-0.087307
-0.104190
-0.083677
-0.060965
-0.019512
-0.008077
0.003049
0.019638
0.030651
0.047969
0.063566
0.077638
0.097326
0.130781
0.176863
0.235013
0.301587
0.337061
0.203497
0.059204
-0.151662
-0.272543
-0.307204
-0.192525
-0.038322
0.095782
0.149254
0.143954
0.050418
-0.016116
-0.065892
-0.130018
-0.163455
-0.198295
-0.210578
-0.174465
-0.088916
-0.016963
0.055128
0.047462
0.019264
-0.059239
-0.100556
-0.112192
-0.085383
-0.061494
-0.012994
-0.013478
0.006805
0.013080
0.028165
0.039940
0.062435
0.072758
0.106691
0.139862
0.200872
0.255218
0.339647
0.307925
0.155688
-0.014965
-0.210112
-0.295913
-0.290390
-0.138769
0.000933
0.117056
0.143117
0.121482
0.014593
-0.020729
-0.091489
-0.142147
-0.189022
-0.210044
-0.218080
-0.146819
-0.070972
0.012027
0.049357
0.037920
-0.008542
-0.078968
-0.106902
-0.102219
-0.080472
-0.048427
-0.011494
-0.012583
0.013378
0.017861
0.036388
0.048410
0.070491
0.080055
0.116581
0.154923
0.222307
0.283460
0.352240
0.252709
0.101570
-0.097342
-0.257555
-0.317897
-0.248464
-0.082535
0.054155
0.140800
0.149146
0.084846
-0.006609
-0.041119
-0.121114
-0.156854
-0.204676
-0.216379
-0.204568
-0.113783
-0.040067
0.046320
0.052619
0.037822
-0.030289
-0.073142
-0.111947
-0.103585
-0.087072
-0.046873
-0.020784
-0.005093
0.026598
0.033837
0.046718
0.050876
0.060718
0.074055
0.127666
0.171782
0.244662
0.306325
0.351116
0.218103
0.077005
-0.137023
-0.267680
-0.314000
-0.209224
-0.052790
0.080899
0.147571
0.148133
0.064681
-0.006827
-0.051571
-0.128387
-0.161284
-0.205919
-0.214983
-0.187094
-0.094814
-0.021465
0.058970
0.053850
0.032958
-0.050216
-0.096290
-0.115519
-0.090230
-0.068453
-0.017331
-0.010588
0.013117
0.026450
0.040164
0.050525
0.064780
0.072740
0.100241
0.136226
0.196165
0.256874
0.340492
0.331492
0.183628
0.018776
-0.187686
-0.286880
-0.297185
-0.153830
-0.006431
0.114211
0.154032
0.133264
0.031465
-0.012698
-0.076206
-0.132467
-0.173241
-0.206637
-0.211574
-0.154699
-0.067880
0.015140
0.068253
0.055080
0.014416
-0.067240
-0.097504
-0.104414
-0.075964
-0.049614
-0.007860
-0.008438
0.019985
0.025193
0.045627
0.051110
0.070227
0.078281
0.116733
0.150764
0.221694
0.274483
0.359866
0.298659
0.145305
-0.036012
-0.214580
-0.287751
-0.261023
-0.104631
0.031852
0.132321
0.150443
0.114469
0.014255
-0.018120
-0.090511
-0.138894
-0.190283
-0.209460
-0.206035
-0.126933
-0.045480
0.038897
0.066042
0.049703
-0.005975
-0.077649
-0.102361
-0.095282
-0.069011
-0.035370
-0.003460
0.000561
0.027932
0.033251
0.052494
0.052519
0.069820
0.078198
0.117076
0.155837
0.226095
0.279656
0.360431
0.275982
0.131477
-0.054497
-0.224210
-0.291439
-0.244896
-0.087989
0.045237
0.135248
0.148875
0.098995
0.003437
-0.023119
-0.098289
-0.140385
-0.186570
-0.210934
-0.202612
-0.120322
-0.038054
0.047418
0.068518
0.047599
-0.014415
-0.084451
-0.105059
-0.094877
-0.068624
-0.028038
-0.001712
0.005166
0.029371
0.031060
0.048602
0.051089
0.066898
0.081604
0.120419
0.165364
0.232171
0.285927
0.358267
0.261573
0.113796
-0.074523
-0.236175
-0.296625
-0.234325
-0.074769
0.057659
0.138890
0.149858
0.088000
-0.002570
-0.033132
-0.105295
-0.148330
-0.189759
-0.210529
-0.195001
-0.111847
-0.031648
0.047394
0.061647
0.039020
-0.024196
-0.090410
-0.103512
-0.091787
-0.063783
-0.024356
-0.001930
0.002863
0.024490
0.026935
0.043041
0.047198
0.069393
0.084679
0.123008
0.164673
0.229789
0.281377
0.357499
0.259189
0.115415
-0.071154
-0.229090
-0.292568
-0.235529
-0.076995
0.050098
0.133845
0.145833
0.087072
-0.003608
-0.030121
-0.106924
-0.146737
-0.193273
-0.208996
-0.197895
-0.114359
-0.036281
0.044209
0.059710
0.043723
-0.020814
-0.085255
-0.100899
-0.093381
-0.067500
-0.029906
-0.006170
0.003247
0.026482
0.032735
0.047469
0.050645
0.067852
0.081164
0.121424
0.168702
0.234016
0.292793
0.355379
0.240010
0.091928
-0.103083
-0.238588
-0.293101
-0.209279
-0.054830
0.067807
0.134473
0.140361
0.071437
-0.005522
-0.034338
-0.104990
-0.149052
-0.197845
-0.212667
-0.193887
-0.104231
-0.021176
0.055484
0.058960
0.036924
-0.034281
-0.089353
-0.105149
-0.088830
-0.065230
-0.026329
-0.008743
0.005014
0.025804
0.031588
0.042363
0.043191
0.059073
0.077629
0.120572
0.169475
0.234831
0.283807
0.347952
0.242321
0.099891
-0.082034
-0.222303
-0.280212
-0.216458
-0.069024
0.053883
0.127379
0.139802
0.082838
-0.000754
-0.033388
-0.106676
-0.153541
-0.198485
-0.208016
-0.189801
-0.101916
-0.027696
0.045315
0.052403
0.031537
-0.029619
-0.083702
-0.097668
-0.085609
-0.065322
-0.030375
-0.008667
0.002868
0.029448
0.036856
0.051848
0.054137
0.067806
0.080224
0.118812
0.165391
0.230007
0.290512
0.348228
0.229948
0.081952
-0.106299
-0.236305
-0.283610
-0.201511
-0.046503
0.067242
0.133277
0.133683
0.065752
-0.011952
-0.039221
-0.110591
-0.148280
-0.195876
-0.203417
-0.184657
-0.094898
-0.020109
0.050529
0.050323
0.030500
-0.038112
-0.089491
-0.100076
-0.085564
-0.061181
-0.024565
-0.008886
0.002036
0.021473
0.030962
0.044464
0.047203
0.064808
0.083297
0.123457
0.177077
0.237913
0.295345
0.345593
