-0.116367
-0.126012
-0.163097
-0.180191
-0.201733
-0.176420
-0.113543
-0.024890
0.021658
0.009403
-0.009707
-0.032001
-0.015811
0.012647
0.080930
0.125244
0.123266
0.094391
0.067336
0.072323
0.078988
0.140039
0.242650
0.374078
0.460243
0.492284
0.486248
0.440977
0.381998
0.294115
0.182129
-0.001179
-0.310542
-0.620460
-0.776092
-0.652547
-0.325076
0.095809
0.482610
0.646734
0.573398
0.296418
0.032264
-0.178607
-0.307393
-0.357547
-0.380923
-0.377816
-0.381972
-0.261217
-0.033209
0.240559
0.444178
0.494599
0.386835
0.103078
-0.205712
-0.425857
-0.470383
-0.387269
-0.245682
-0.093543
-0.001553
0.018415
-0.025709
-0.073567
-0.112793
-0.140392
-0.169360
-0.189343
-0.201618
-0.191485
-0.142336
-0.066401
-0.001181
0.012364
0.001718
-0.028688
-0.037342
-0.020380
0.030882
0.088312
0.113640
0.119094
0.094016
0.071587
0.055668
0.073737
0.137401
0.253968
0.400722
0.497135
0.525612
0.478988
0.429991
0.367957
0.290199
0.176516
-0.004476
-0.312909
-0.644937
-0.802708
-0.664824
-0.305114
0.127270
0.519372
0.677604
0.581993
0.274377
-0.001555
-0.200093
-0.315324
-0.356105
-0.376841
-0.368494
-0.385154
-0.269564
-0.033799
0.257222
0.467629
0.509003
0.393523
0.091530
-0.227848
-0.453373
-0.483058
-0.383446
-0.236812
-0.079765
0.005349
0.013658
-0.060295
-0.100290
-0.101203
-0.095731
-0.121404
-0.165105
-0.196652
-0.225550
-0.188957
-0.099588
0.005086
0.037139
0.018648
-0.015706
-0.040684
-0.030628
0.020431
0.101706
0.138579
0.124696
0.087115
0.062769
0.047810
0.061972
0.133786
0.256145
0.386446
0.488676
0.529809
0.494440
0.434864
0.369149
0.313991
0.210027
0.056773
-0.205715
-0.530533
-0.747408
-0.720717
-0.413439
-0.010346
0.400077
0.625100
0.613966
0.376048
0.073349
-0.136337
-0.277211
-0.324352
-0.361200
-0.361680
-0.373400
-0.315173
-0.119250
0.150060
0.404838
0.499671
0.440449
0.201774
-0.114707
-0.372173
-0.474287
-0.408030
-0.278962
-0.126373
-0.022669
0.020005
-0.034200
-0.103663
-0.125152
-0.109152
-0.110321
-0.144951
-0.165432
-0.194401
-0.186553
-0.141271
-0.040352
0.026242
0.030276
0.003612
-0.025657
-0.016071
-0.004963
0.060919
0.117325
0.138537
0.108060
0.074491
0.072949
0.072002
0.118790
0.210952
0.347917
0.449410
0.505870
0.510182
0.474043
0.423033
0.358582
0.273133
0.113715
-0.123541
-0.451442
-0.701635
-0.754188
-0.527393
-0.139405
0.272400
0.571634
0.628140
0.478916
0.186657
-0.046219
-0.220051
-0.308293
-0.358336
-0.390966
-0.391537
-0.362449
-0.187700
0.066925
0.341105
0.492918
0.477322
0.299926
-0.005594
-0.275445
-0.438777
-0.431513
-0.334683
-0.197787
-0.070767
-0.003940
0.011125
-0.044197
-0.079584
-0.105044
-0.120242
-0.158524
-0.194524
-0.198629
-0.193581
-0.133563
-0.064511
0.005003
0.011367
-0.006192
-0.019380
-0.018553
0.011024
0.046843
0.101013
0.118353
0.098541
0.061332
0.044288
0.057699
0.091003
0.169218
0.278570
0.405982
0.491189
0.530103
0.517235
0.469786
0.420593
0.332448
0.196535
-0.024098
-0.330903
-0.644685
-0.800292
-0.671173
-0.322654
0.115415
0.487446
0.660631
0.592952
0.327218
0.054502
-0.156919
-0.281996
-0.358870
-0.405973
-0.417183
-0.410080
-0.284729
-0.044637
0.255930
0.473833
0.524982
0.409132
0.131397
-0.174803
-0.402408
-0.463230
-0.396344
-0.276152
-0.136086
-0.035935
0.028219
0.035164
-0.008953
-0.068077
-0.142035
-0.189556
-0.240361
-0.241056
-0.200768
-0.132309
-0.054573
-0.020543
0.001628
-0.022907
-0.035362
-0.032518
-0.004972
0.043018
0.069683
0.106198
0.103129
0.097468
0.078231
0.073411
0.084713
0.103337
0.181627
0.283762
0.425492
0.513920
0.540937
0.519389
0.455068
0.387924
0.237884
0.068085
-0.221011
-0.560384
-0.797850
-0.786982
-0.475266
-0.071122
0.377665
0.637286
0.675059
0.452975
0.147631
-0.081044
-0.263179
-0.347939
-0.424179
-0.429294
-0.440811
-0.366678
-0.148364
0.147647
0.426857
0.533200
0.487948
0.251045
-0.073837
-0.351973
-0.479282
-0.443821
-0.341629
-0.198547
-0.072682
0.007306
0.030551
-0.000595
-0.038545
-0.094961
-0.155793
-0.218282
-0.252582
-0.233777
-0.190805
-0.106394
-0.032090
0.007624
-0.005000
-0.035666
-0.036476
-0.030880
0.013997
0.064030
0.116073
0.117488
0.082258
0.058663
0.043865
0.056748
0.083042
0.174869
0.297033
0.403492
0.491437
0.524242
0.533305
0.467796
0.400525
0.293385
0.122713
-0.156282
-0.543664
-0.788435
-0.835210
-0.555381
-0.151344
0.322720
0.636610
0.675711
0.504337
0.188022
-0.033812
-0.247165
-0.332182
-0.402640
-0.443963
-0.462312
-0.420010
-0.187248
0.094594
0.399831
0.545824
0.524897
0.303065
-0.042919
-0.318004
-0.475180
-0.455124
-0.363058
-0.213895
-0.084512
-0.018850
0.026991
0.010046
-0.018230
-0.085666
-0.139366
-0.197618
-0.255965
-0.248657
-0.206375
-0.108375
-0.041522
0.005991
0.013654
-0.020627
-0.041831
-0.041843
0.017769
0.057257
0.095639
0.120180
0.107923
0.078451
0.042109
0.062778
0.093214
0.154736
0.256275
0.380557
0.499741
0.537124
0.536187
0.487011
0.421298
0.291768
0.117828
-0.123074
-0.471864
-0.743839
-0.819003
-0.569971
-0.188950
0.256738
0.586503
0.684330
0.540901
0.229572
-0.005977
-0.211752
-0.319603
-0.404731
-0.432399
-0.435930
-0.405296
-0.209773
0.068248
0.372873
0.521712
0.515486
0.331489
0.013923
-0.277757
-0.452444
-0.446707
-0.364842
-0.233900
-0.099721
-0.011359
0.039998
0.021164
-0.016352
-0.080530
-0.144617
-0.200177
-0.247613
-0.228562
-0.189648
-0.106670
-0.037644
0.005880
0.012745
-0.024513
-0.031270
-0.035925
0.008578
0.053073
0.103824
0.133098
0.111607
0.098466
0.077692
0.083377
0.089985
0.137280
0.241980
0.368193
0.496193
0.549255
0.540583
0.477361
0.391382
0.292672
0.152063
-0.041307
-0.360059
-0.656130
-0.792419
-0.637016
-0.286269
0.151530
0.526813
0.674859
0.579015
0.286274
0.024836
-0.187893
-0.302091
-0.366350
-0.393898
-0.404248
-0.402703
-0.258427
-0.014653
0.285111
0.478985
0.522722
0.385389
0.089147
-0.212819
-0.420302
-0.450154
-0.377935
-0.247192
-0.112120
-0.029888
0.014463
-0.015000
-0.050680
-0.092392
-0.116282
-0.147899
-0.192844
-0.195791
-0.194091
-0.139261
-0.078995
-0.008600
0.014519
-0.013333
-0.030564
-0.040540
0.010085
0.048417
0.099318
0.121295
0.113264
0.096397
0.074885
0.092362
0.103217
0.166469
0.266026
0.396975
0.493458
0.530167
0.533814
0.485333
0.406960
0.282378
0.138336
-0.091261
-0.438492
-0.726550
-0.809617
-0.585664
-0.221260
0.225293
0.573587
0.681826
0.540933
0.240074
0.008197
-0.199436
-0.312679
-0.388459
-0.416720
-0.432072
-0.418148
-0.230059
0.043932
0.345869
0.507775
0.520238
0.350879
0.031046
-0.263251
-0.443728
-0.443571
-0.367470
-0.236331
-0.104537
-0.025606
0.004836
-0.026523
-0.043165
-0.073429
-0.102914
-0.151610
-0.198739
-0.216235
-0.215842
-0.154494
-0.076863
-0.000542
0.017231
0.000697
-0.014448
-0.024297
-0.000028
0.040911
0.099638
0.118965
0.112232
0.104420
0.097124
0.086833
0.096702
0.156624
0.251045
0.361925
0.469132
0.538178
0.530716
0.478521
0.413795
0.316168
0.148314
-0.091638
-0.418813
-0.701430
-0.807893
-0.614493
-0.237995
0.203043
0.537411
0.660484
0.554955
0.271416
0.023186
-0.180799
-0.286387
-0.377191
-0.427101
-0.442338
-0.418063
-0.247693
0.011244
0.325094
0.504839
0.521214
0.357299
0.060960
-0.223874
-0.423010
-0.441616
-0.369410
-0.246085
-0.128604
-0.052441
-0.006806
-0.034319
-0.053070
-0.073483
-0.085009
-0.128032
-0.186361
-0.205025
-0.205893
-0.150067
-0.082294
-0.011634
0.013088
-0.010084
-0.017577
-0.016343
0.023013
0.058794
0.109652
0.134407
0.115355
0.096235
0.074624
0.086587
0.108523
0.181026
0.285811
0.391554
0.487473
0.525889
0.534541
0.480937
0.422448
0.306670
0.119081
-0.172657
-0.543557
-0.784791
-0.811671
-0.527679
-0.123179
0.330180
0.616931
0.663500
0.495048
0.205715
-0.010088
-0.203270
-0.299274
-0.393657
-0.447775
-0.472712
-0.419092
-0.189528
0.103893
0.412209
0.550701
0.521730
0.300184
-0.023501
-0.291427
-0.443161
-0.428369
-0.348943
-0.221877
-0.112834
-0.044344
-0.004873
-0.012086
-0.025741
-0.061475
-0.099611
-0.152515
-0.201864
-0.210123
-0.185673
-0.122189
-0.054859
-0.009462
0.011370
-0.009000
-0.016592
-0.010427
0.029867
0.072231
0.102649
0.130611
0.127643
0.126671
0.110097
0.118168
0.139974
0.181726
0.268472
0.374945
0.479696
0.514577
0.506476
0.459487
0.380837
0.238380
0.046930
-0.225998
-0.546263
-0.752440
-0.723322
-0.431813
-0.050232
0.348970
0.587203
0.620969
0.427034
0.161047
-0.046344
-0.216414
-0.315203
-0.405679
-0.425988
-0.434300
-0.351686
-0.134221
0.148112
0.409779
0.498781
0.450569
0.228510
-0.058825
-0.307835
-0.427021
-0.396688
-0.319488
-0.197948
-0.107280
-0.036404
-0.022613
-0.060180
-0.086293
-0.109694
-0.109972
-0.143258
-0.156909
-0.163430
-0.153221
-0.114164
-0.066617
-0.011514
-0.007549
-0.016380
-0.020967
-0.001770
0.034919
0.071378
0.120208
0.137449
0.137600
0.114301
0.106084
0.113068
0.145579
0.218702
0.323648
0.428619
0.464908
0.462961
0.438227
0.405235
0.316591
0.174531
-0.017119
-0.337497
-0.640190
-0.791444
-0.626282
-0.293269
0.107298
0.457265
0.609382
0.544819
0.273351
0.055777
-0.125481
-0.241948
-0.338634
-0.401612
-0.415675
-0.433980
-0.298984
-0.055800
0.253553
0.447941
0.483091
0.373796
0.105189
-0.175816
-0.388821
-0.418759
-0.357923
-0.261979
-0.157467
-0.094988
-0.072867
-0.125194
-0.123140
-0.085433
-0.042931
-0.055610
-0.097164
-0.141543
-0.197578
-0.196737
-0.136661
-0.038479
0.004194
0.002386
-0.010569
-0.009026
0.007177
0.043476
0.108809
0.140257
0.137640
0.100816
0.093684
0.091742
0.123059
0.197558
0.315184
0.419838
0.456213
0.460068
0.423839
0.384383
0.318666
0.232699
0.103162
-0.165812
-0.491398
-0.733821
-0.715375
-0.461099
-0.086283
0.324099
0.562168
0.588716
0.375909
0.129285
-0.063392
-0.206317
-0.277080
-0.348741
-0.375349
-0.426285
-0.376963
-0.183924
0.094362
0.361752
0.474867
0.450420
0.234872
-0.059354
-0.313126
-0.426547
-0.386616
-0.298856
-0.178225
-0.102741
-0.069182
-0.083478
-0.124193
-0.127223
-0.114225
-0.083522
-0.091799
-0.117857
-0.144591
-0.155833
-0.115369
-0.064037
-0.014787
-0.014101
-0.034753
-0.042993
-0.026444
0.032577
0.096458
0.161165
0.171201
0.137898
0.098596
0.075404
0.104039
0.161034
0.281625
0.401661
0.480197
0.504323
0.471649
0.427709
0.344850
0.247949
0.111468
-0.124764
-0.456673
-0.731543
-0.764222
-0.534124
-0.154445
0.271077
0.575258
0.648979
0.468889
0.188834
-0.034954
-0.202535
-0.297077
-0.366164
-0.393512
-0.423325
-0.397850
-0.220755
0.055161
0.344580
0.494640
0.494068
0.310441
0.004205
-0.285022
-0.449526
-0.431422
-0.338522
-0.208027
-0.106234
-0.056789
-0.077008
-0.132229
-0.120254
-0.075940
-0.035036
-0.055355
-0.097637
-0.160114
-0.210973
-0.186994
-0.099153
0.002221
0.027905
0.017882
-0.007469
-0.018836
0.000298
0.058242
0.138909
0.164676
0.153613
0.117795
0.095988
0.093433
0.146454
0.282974
0.414275
0.504012
0.511118
0.493170
0.440052
0.363220
0.264264
0.126503
-0.105788
-0.468205
-0.748626
-0.802173
-0.562182
-0.177970
0.263082
0.594422
0.674638
0.504946
0.209981
-0.013405
-0.192922
-0.299761
-0.376005
-0.411423
-0.441824
-0.425430
-0.243001
0.046286
0.353386
0.519704
0.527634
0.347978
0.029905
-0.281213
-0.462628
-0.455737
-0.360550
-0.224727
-0.109740
-0.042426
-0.038479
-0.089209
-0.113875
-0.103456
-0.074054
-0.080757
-0.121979
-0.162700
-0.193536
-0.161310
-0.092989
-0.005095
0.035112
0.017909
-0.002148
-0.012363
0.025788
0.079506
0.136778
0.159986
0.133147
0.111203
0.088630
0.113065
0.169181
0.286164
0.427852
0.520194
0.545731
0.486609
0.426242
0.350778
0.247474
0.105747
-0.165201
-0.497790
-0.781018
-0.797642
-0.538859
-0.126924
0.332639
0.619316
0.695894
0.484338
0.194019
-0.049609
-0.219958
-0.305805
-0.394481
-0.416441
-0.455005
-0.403760
-0.219934
0.075088
0.388439
0.539936
0.535056
0.319569
0.003151
-0.310954
-0.486945
-0.468693
-0.362432
-0.212387
-0.105742
-0.035880
-0.043912
-0.106263
-0.118048
-0.087480
-0.039504
-0.067703
-0.118154
-0.170640
-0.203699
-0.174333
-0.099871
0.013712
0.051916
0.034112
-0.008131
-0.020231
0.010399
0.056670
0.137789
0.178787
0.176816
0.137489
0.110990
0.121119
0.173878
0.289183
0.416175
0.491135
0.495499
0.469110
0.438283
0.372123
0.260581
0.097969
-0.202905
-0.575005
-0.830759
-0.788031
-0.479352
-0.059423
0.377626
0.641587
0.668332
0.434666
0.160710
-0.046125
-0.198919
-0.302257
-0.398426
-0.438755
-0.483848
-0.420577
-0.200262
0.128806
0.431186
0.557416
0.521912
0.289045
-0.041005
-0.344240
-0.479533
-0.437426
-0.333856
-0.209255
-0.121406
-0.089465
-0.131976
-0.157771
-0.089778
0.001154
0.039494
-0.014702
-0.100649
-0.198569
-0.255002
-0.208830
-0.083505
0.033066
0.053453
0.028651
0.001321
-0.002278
0.026849
0.101158
0.189870
0.201478
0.153639
0.093661
0.081007
0.120944
0.220563
0.369182
0.484489
0.517448
0.478297
0.430405
0.375923
0.298672
0.191045
0.010899
-0.316547
-0.660795
-0.831386
-0.684865
-0.336318
0.102800
0.492431
0.675454
0.602705
0.317084
0.067958
-0.123689
-0.235797
-0.327476
-0.393631
-0.430280
-0.462913
-0.352512
-0.109025
0.230044
0.478386
0.559365
0.462853
0.187287
-0.141369
-0.409421
-0.476628
-0.406462
-0.282981
-0.167818
-0.103846
-0.101241
-0.157644
-0.148641
-0.062270
0.030776
0.040604
-0.029309
-0.127707
-0.226566
-0.246611
-0.169474
-0.032281
0.050573
0.056176
0.023683
-0.005230
-0.004288
0.041367
0.123576
0.182563
0.182873
0.147545
0.118755
0.125512
0.168753
0.260455
0.371812
0.453680
0.470870
0.459333
0.431715
0.397245
0.329214
0.202597
-0.064915
-0.460018
-0.776982
-0.846866
-0.612586
-0.225037
0.233164
0.566194
0.668508
0.512184
0.249018
0.044416
-0.120626
-0.225741
-0.336470
-0.414435
-0.494774
-0.498623
-0.327523
-0.025343
0.320844
0.526112
0.571554
0.405557
0.102063
-0.220275
-0.424941
-0.446420
-0.375146
-0.263947
-0.171387
-0.105336
-0.078191
-0.095822
-0.115111
-0.105100
-0.071249
-0.063751
-0.103909
-0.138966
-0.155935
-0.130561
-0.078758
-0.021028
0.018420
-0.001419
-0.019591
-0.024077
0.019695
0.070639
0.120915
0.172722
0.175010
0.155363
0.113395
0.135410
0.208846
0.318415
0.433394
0.512279
0.535337
0.473981
0.398937
0.303919
0.194061
-0.001981
-0.326554
-0.638766
-0.812136
-0.703031
-0.402384
0.036957
0.439036
0.648475
0.618033
0.379009
0.137726
-0.092480
-0.235707
-0.342628
-0.414279
-0.462412
-0.492164
-0.374656
-0.143034
0.180968
0.436671
0.555604
0.489796
0.234284
-0.085506
-0.362109
-0.467269
-0.441887
-0.336199
-0.213671
-0.124951
-0.088076
-0.123036
-0.138723
-0.098568
-0.025187
0.003505
-0.030014
-0.098759
-0.187627
-0.236468
-0.207957
-0.100379
0.002219
0.045087
0.038314
0.019331
0.011859
0.027211
0.086110
0.154188
0.180282
0.152831
0.110265
0.090406
0.119229
0.217852
0.360967
0.496115
0.538641
0.510054
0.442205
0.362034
0.256290
0.108424
-0.124148
-0.460704
-0.739587
-0.811157
-0.599234
-0.225068
0.208913
0.542018
0.662998
0.535323
0.268818
0.030529
-0.153642
-0.273708
-0.375847
-0.436919
-0.480286
-0.461293
-0.304237
-0.025656
0.297812
0.504014
0.549042
0.400466
0.117323
-0.201124
-0.420633
-0.465015
-0.397108
-0.283235
-0.180005
-0.103583
-0.065519
-0.074329
-0.097250
-0.092456
-0.070076
-0.067122
-0.107558
-0.147272
-0.172794
-0.168345
-0.124344
-0.059235
0.008885
0.017726
0.010390
0.006374
0.032496
0.073716
0.106788
0.151489
0.155178
0.136233
0.097358
0.103471
0.165990
0.266969
0.395348
0.484611
0.530981
0.503150
0.439941
0.346639
0.229320
0.079457
-0.194778
-0.514039
-0.754991
-0.748926
-0.513931
-0.139393
0.282956
0.563706
0.641479
0.468743
0.232763
0.009715
-0.162615
-0.280978
-0.380046
-0.428312
-0.481287
-0.429228
-0.248818
0.044310
0.336572
0.502874
0.522444
0.346869
0.063914
-0.234639
-0.407654
-0.429855
-0.364536
-0.258562
-0.164885
-0.094074
-0.077532
-0.106519
-0.111645
-0.081335
-0.034547
-0.039463
-0.078211
-0.128709
-0.173875
-0.170575
-0.124768
-0.039843
0.014659
0.026358
0.020991
0.013518
0.038635
0.068731
0.125794
0.166211
0.178050
0.158363
0.124712
0.136316
0.198513
0.310640
0.427656
0.496796
0.520776
0.481055
0.417242
0.328102
0.202731
-0.002365
-0.350833
-0.660138
-0.812570
-0.674723
-0.357789
0.066095
0.455584
0.635669
0.595645
0.360011
0.146404
-0.054753
-0.198560
-0.314457
-0.410827
-0.469202
-0.504920
-0.374871
-0.122979
0.208099
0.459210
0.556701
0.481744
0.226810
-0.075968
-0.331046
-0.423170
-0.399255
-0.316406
-0.215858
-0.137547
-0.084140
-0.061994
-0.059830
-0.062710
-0.067535
-0.070230
-0.091348
-0.130065
-0.151139
-0.149961
-0.102852
-0.059861
-0.018564
0.002388
0.003953
0.021630
0.038523
0.091847
0.120767
0.148635
0.152847
0.149117
0.135896
0.115974
0.164867
0.252421
0.369665
0.449129
0.489325
0.502409
0.462777
0.407996
0.303725
0.170136
-0.108806
-0.480913
-0.760721
-0.803274
-0.565146
-0.205232
0.236187
0.547754
0.647712
0.502480
0.264328
0.076175
-0.099054
-0.218883
-0.345483
-0.424130
-0.504189
-0.493385
-0.307840
-0.004337
0.326264
0.514402
0.555017
0.397388
0.108787
-0.192849
-0.380077
-0.402534
-0.354287
-0.269493
-0.191214
-0.122608
-0.086373
-0.076985
-0.073007
-0.065639
-0.062205
-0.077281
-0.111360
-0.148308
-0.153704
-0.124118
-0.059767
-0.015850
0.007072
-0.005711
-0.019317
-0.007936
0.022359
0.087253
0.133818
0.178851
0.178041
0.163063
0.143879
0.143671
0.210862
0.296797
0.408530
0.464504
0.478630
0.457812
0.415705
0.372574
0.255785
0.087378
-0.247570
-0.587794
-0.803339
-0.736797
-0.432145
-0.033456
0.379598
0.589095
0.602962
0.391973
0.175798
-0.003723
-0.144580
-0.250860
-0.376340
-0.451540
-0.520961
-0.435786
-0.207903
0.123182
0.416308
0.541767
0.503475
0.272896
-0.018355
-0.285812
-0.400018
-0.384205
-0.313955
-0.231411
-0.168308
-0.119083
-0.094231
-0.083041
-0.073382
-0.059830
-0.061325
-0.082310
-0.130671
-0.151300
-0.156115
-0.115100
-0.060398
-0.016349
0.009939
-0.012333
-0.003224
0.002133
0.056943
0.096015
0.131914
0.160161
0.144722
0.151812
0.124571
0.152634
0.204566
0.313947
0.442815
0.502859
0.532194
0.478754
0.433309
0.315370
0.162153
-0.074728
-0.421857
-0.698102
-0.821914
-0.629185
-0.298914
0.131277
0.474760
0.625357
0.565193
0.322955
0.123958
-0.079366
-0.209672
-0.349272
-0.449594
-0.506868
-0.513291
-0.346288
-0.079498
0.261077
0.480293
0.546148
0.430454
0.166716
-0.123972
-0.357925
-0.421717
-0.393727
-0.310314
-0.227425
-0.144128
-0.077462
-0.040373
-0.028914
-0.049758
-0.080952
-0.125471
-0.155428
-0.182775
-0.170336
-0.139196
-0.081991
-0.042048
-0.020706
-0.007870
-0.015925
0.000772
0.013120
0.062906
0.095257
0.123401
0.141627
0.140895
0.149919
0.143471
0.186325
0.238618
0.327310
0.413370
0.467074
0.485572
0.431648
0.401472
0.305160
0.169286
-0.118175
-0.474615
-0.739576
-0.802798
-0.575419
-0.225771
0.218441
0.506938
0.606595
0.482123
0.260648
0.080237
-0.098054
-0.204232
-0.343718
-0.438858
-0.527561
-0.506084
-0.313611
-0.021319
0.309944
0.495529
0.534502
0.366818
0.090616
-0.188220
-0.365219
-0.390188
-0.350645
-0.271168
-0.207887
-0.148555
-0.101895
-0.071635
-0.063887
-0.065837
-0.078675
-0.097023
-0.135090
-0.158677
-0.157339
-0.130898
-0.083546
-0.055270
-0.019010
-0.024206
-0.017366
-0.006871
0.029698
0.079551
0.108469
0.149491
0.141967
0.138582
0.113580
0.127301
0.179329
0.255935
0.375888
0.461631
0.509355
0.475546
0.411993
0.340290
0.220543
0.062597
-0.219004
-0.522079
-0.742735
-0.727130
-0.474799
-0.103430
0.299757
0.540259
0.594897
0.425505
0.202101
0.003102
-0.155386
-0.263824
-0.378662
-0.444657
-0.497187
-0.426769
-0.225275
0.071544
0.356907
0.499309
0.485335
0.289657
0.016279
-0.246854
-0.387884
-0.394055
-0.333678
-0.248906
-0.177163
-0.109188
-0.050067
-0.009714
-0.026960
-0.086886
-0.154533
-0.191108
-0.208753
-0.187631
-0.124463
-0.051310
-0.007128
-0.016070
-0.024115
-0.042081
-0.034443
-0.013089
0.033948
0.080085
0.103300
0.135322
0.144629
0.151185
0.130758
0.142976
0.180515
0.246429
0.340987
0.429803
0.490268
0.472152
0.433814
0.369275
0.271069
0.109217
-0.183166
-0.506797
-0.755957
-0.749160
-0.516956
-0.137047
0.274909
0.529437
0.604034
0.437558
0.236925
0.034204
-0.118793
-0.237699
-0.366930
-0.442164
-0.519900
-0.450238
-0.255696
0.053807
0.348376
0.500621
0.506229
0.307298
0.044597
-0.225142
-0.362855
-0.375753
-0.328487
-0.248700
-0.196270
-0.129096
-0.090906
-0.033776
-0.015948
-0.042656
-0.096265
-0.153725
-0.179993
-0.199383
-0.154865
-0.092412
-0.022373
-0.009293
-0.018156
-0.025624
-0.027369
-0.000848
0.034354
0.090185
0.105388
0.112944
0.112540
0.119710
0.127016
0.125542
0.169391
0.237691
0.337308
0.420748
0.486103
0.497943
0.460845
0.401924
0.285958
0.129272
-0.118894
-0.431130
-0.682569
-0.751647
-0.556112
-0.230877
0.169660
0.460022
0.584548
0.498713
0.287799
0.101731
-0.081691
-0.207593
-0.348007
-0.434917
-0.489961
-0.469409
-0.291717
-0.026999
0.283555
0.456516
0.497469
0.362959
0.117525
-0.136194
-0.326973
-0.367813
-0.347912
-0.277536
-0.213664
-0.141039
-0.065655
-0.024070
0.000433
-0.032361
-0.075793
-0.142454
-0.188546
-0.203868
-0.182172
-0.120632
-0.062736
-0.019269
-0.009913
-0.014106
-0.018349
-0.010250
0.026322
0.066911
0.100099
0.112258
0.113980
0.111974
0.108207
0.110938
0.123971
0.152027
0.215942
0.305164
0.413517
0.487043
0.506393
0.476138
0.410864
0.312775
0.162955
-0.045971
-0.356926
-0.634272
-0.758526
-0.613776
-0.304474
0.085556
0.421900
0.578783
0.535708
0.321384
0.130132
-0.053039
-0.181516
-0.306595
-0.401714
-0.458930
-0.480606
-0.343081
-0.102510
0.210983
0.421472
0.493317
0.406599
0.174548
-0.073458
-0.283836
-0.340469
-0.333814
-0.279717
-0.223839
-0.167107
-0.088163
-0.030040
0.022718
-0.019135
-0.090296
-0.173416
-0.212146
-0.213115
-0.178231
-0.089923
-0.023603
0.010456
-0.019602
-0.038566
-0.054435
-0.044001
-0.001258
0.057175
0.105577
0.105670
0.110450
0.114418
0.122984
0.119519
0.127721
0.152670
0.186355
0.272830
0.388794
0.495051
0.510920
0.481092
0.415622
0.323395
0.197605
0.051957
-0.154711
-0.445221
-0.665134
-0.684212
-0.455298
-0.127889
0.239642
0.498444
0.573696
0.429840
0.196163
0.017069
-0.133713
-0.233338
-0.336574
-0.385038
-0.431253
-0.407979
-0.240301
0.022061
0.302827
0.436960
0.452387
0.302831
0.066094
-0.170805
-0.318585
-0.328475
-0.308104
-0.244435
-0.192339
-0.121873
-0.075944
-0.059272
-0.041957
-0.055120
-0.069845
-0.117597
-0.146443
-0.168175
-0.172412
-0.140417
-0.085719
-0.027434
-0.015054
-0.021143
-0.023314
-0.009511
0.022641
0.066473
0.114384
0.132033
0.109586
0.084518
0.076256
0.089007
0.104770
0.155040
0.233308
0.323770
0.411880
0.466115
0.483206
0.451285
0.397738
0.326649
0.209824
0.067195
-0.167339
-0.443562
-0.652622
-0.661256
-0.436639
-0.124223
0.234755
0.456697
0.525845
0.390975
0.188756
0.033496
-0.111166
-0.200729
-0.321822
-0.385933
-0.449339
-0.418868
-0.241476
0.014479
0.292084
0.419264
0.438088
0.290076
0.065704
-0.145164
-0.290034
-0.313076
-0.320060
-0.267590
-0.222679
-0.143578
-0.058303
-0.003216
0.015252
-0.064688
-0.129273
-0.195061
-0.203200
-0.196296
-0.153495
-0.083306
-0.050321
-0.030744
-0.046980
-0.034603
-0.035395
-0.017369
0.018036
0.056940
0.087854
0.087163
0.103165
0.106580
0.116196
0.107707
0.102536
0.117550
0.170845
0.282866
0.407067
0.495715
0.494612
0.445669
0.377502
0.307330
0.223561
0.123180
-0.033295
-0.320722
-0.588596
-0.707683
-0.550928
-0.252219
0.114481
0.422115
0.538749
0.455876
0.221343
0.053494
-0.085821
-0.173097
-0.263699
-0.346054
-0.409577
-0.458698
-0.335535
-0.098831
0.206160
0.404616
0.463136
0.375202
0.139102
-0.097573
-0.279462
-0.322026
-0.315912
-0.281310
-0.222890
-0.170975
-0.100494
-0.062629
-0.025019
-0.029358
-0.062086
-0.103073
-0.156338
-0.179557
-0.191511
-0.161631
-0.115311
-0.075909
-0.036162
-0.024594
-0.008012
-0.005138
0.015967
0.055177
0.091557
0.121462
0.100943
0.082526
0.062937
0.071499
0.088277
0.102474
0.164570
0.242448
0.359302
0.446316
0.503249
0.498881
0.441514
0.377802
0.286006
0.177726
0.011125
-0.238530
-0.513426
-0.690115
-0.630792
-0.379442
-0.024807
0.315288
0.506462
0.520827
0.344315
0.152354
-0.017556
-0.142146
-0.244097
-0.353061
-0.416894
-0.469599
-0.388635
-0.185559
0.102905
0.357417
0.464622
0.439609
0.243768
0.007185
-0.205141
-0.313618
-0.337825
-0.331724
-0.274972
-0.212224
-0.120670
-0.019953
0.046725
0.044222
-0.040269
-0.117887
-0.185804
-0.225959
-0.218868
-0.180207
-0.112160
-0.085999
-0.057924
-0.031424
-0.010792
0.016044
0.026530
0.070252
0.071674
0.072905
0.063620
0.063983
0.077814
0.070385
0.094670
0.100698
0.118831
0.155159
0.256104
0.393743
0.477047
0.526744
0.489875
0.429535
0.330957
0.236800
0.146416
0.004455
-0.230831
-0.516859
-0.674798
-0.614622
-0.358112
-0.003165
0.344540
0.534156
0.514810
0.318086
0.112490
-0.052237
-0.170148
-0.254798
-0.335723
-0.395536
-0.453092
-0.378445
-0.170573
0.119578
0.366001
0.471561
0.437389
0.225914
-0.025147
-0.242293
-0.337489
-0.343729
-0.314111
-0.241729
-0.182462
-0.100281
-0.032297
0.015442
-0.010340
-0.082542
-0.134901
-0.179369
-0.197785
-0.191556
-0.145513
-0.097696
-0.073402
-0.049458
-0.025540
-0.011734
-0.004817
0.014028
0.051368
0.071503
0.080530
0.100476
0.116785
0.118292
0.097527
0.088552
0.088516
0.118230
0.208412
0.333387
0.464026
0.520839
0.518644
0.459023
0.365959
0.268220
0.138066
0.006013
-0.259310
-0.540141
-0.714746
-0.643489
-0.363364
-0.013734
0.360449
0.547834
0.547410
0.335462
0.120759
-0.045567
-0.183899
-0.272150
-0.370741
-0.417504
-0.472569
-0.391111
-0.166253
0.129267
0.385178
0.479008
0.444684
0.229536
-0.031980
-0.250479
-0.351923
-0.354206
-0.334911
-0.262753
-0.194497
-0.106487
-0.021628
0.026892
0.023093
-0.052126
-0.116948
-0.183249
-0.218245
-0.213516
-0.183012
-0.122151
-0.090519
-0.049033
-0.028169
-0.011779
0.010823
0.021740
0.058156
0.068175
0.094987
0.102688
0.104018
0.101699
0.076221
0.077244
0.071101
0.125258
0.206563
0.317981
0.431733
0.490428
0.514305
0.453460
0.378515
0.267574
0.148295
-0.019148
-0.308293
-0.573224
-0.725599
-0.610597
-0.346811
0.029162
0.374823
0.543349
0.519758
0.309230
0.129510
-0.057135
-0.177040
-0.285150
-0.374560
-0.436262
-0.485362
-0.363039
-0.140838
0.162593
0.381251
0.473731
0.416434
0.190950
-0.046837
-0.254173
-0.331067
-0.353560
-0.325347
-0.259049
-0.198423
-0.106002
-0.037117
0.044182
0.031828
-0.042302
-0.133526
-0.204910
-0.230529
-0.231960
-0.157990
-0.091886
-0.047068
-0.046490
-0.041339
-0.023786
-0.009874
0.028308
0.062450
0.093791
0.085712
0.084712
0.097859
0.119656
0.126169
0.115037
0.115226
0.134592
0.203091
0.313862
0.447262
0.520276
0.517694
0.452843
0.362086
0.232896
0.064040
-0.192936
-0.487969
-0.700279
-0.708308
-0.489465
-0.147156
0.240505
0.493820
0.572417
0.440642
0.240438
0.048633
-0.119206
-0.239851
-0.365179
-0.439458
-0.499814
-0.438091
-0.242983
0.038211
0.317602
0.460507
0.474720
0.305376
0.070388
-0.164683
-0.312033
-0.350420
-0.345544
-0.285168
-0.233650
-0.142184
-0.040058
0.061897
0.073508
-0.036118
-0.149563
-0.234454
-0.250338
-0.239289
-0.156694
-0.062572
-0.015426
-0.019332
-0.037058
-0.030436
-0.032274
-0.004700
0.046928
0.092129
0.096191
0.085237
0.101016
0.106342
0.103636
0.104970
0.144816
0.184011
0.242131
0.329141
0.435739
0.492144
0.482017
0.448006
0.378534
0.266129
0.095190
-0.158290
-0.463479
-0.698005
-0.711714
-0.495022
-0.148248
0.222597
0.475733
0.559865
0.434398
0.244574
0.065724
-0.079703
-0.204383
-0.340455
-0.429692
-0.499928
-0.450341
-0.265365
0.025519
0.310824
0.457003
0.469959
0.308484
0.083520
-0.150465
-0.290294
-0.325275
-0.322492
-0.280220
-0.243253
-0.158578
-0.064794
0.051379
0.097515
0.002855
-0.143974
-0.270549
-0.287237
-0.257474
-0.153658
-0.038559
0.028655
0.023004
-0.029647
-0.038236
-0.038600
-0.003491
0.037401
0.081645
0.094266
0.072273
0.088017
0.115693
0.150649
0.147518
0.149590
0.171127
0.211866
0.290775
0.391491
0.477596
0.495108
0.459756
0.391777
0.281625
0.127447
-0.096260
-0.383606
-0.616269
-0.694941
-0.537552
-0.243666
0.120326
0.405194
0.529983
0.474211
0.292998
0.122205
-0.049279
-0.175215
-0.303236
-0.400519
-0.464217
-0.458292
-0.300852
-0.058411
0.225403
0.403868
0.455523
0.352992
0.139890
-0.079066
-0.251217
-0.306717
-0.316835
-0.285238
-0.244353
-0.184359
-0.095640
-0.018650
0.016517
-0.045466
-0.121267
-0.180389
-0.195662
-0.185125
-0.141129
-0.072246
-0.027609
-0.008912
-0.021791
-0.031695
-0.043616
-0.028090
0.013673
0.064408
0.104660
0.123261
0.138209
0.137544
0.129337
0.112265
0.113120
0.137292
0.210563
0.322080
0.432218
0.497404
0.489142
0.455240
0.392879
0.297866
0.160354
-0.053711
-0.354194
-0.642948
-0.743469
-0.597183
-0.280920
0.104112
0.419057
0.568783
0.494458
0.301562
0.116262
-0.036553
-0.156927
-0.285189
-0.382187
-0.472744
-0.491124
-0.364496
-0.102752
0.209462
0.416055
0.490359
0.392049
0.177006
-0.068227
-0.250413
-0.307760
-0.316898
-0.286753
-0.260826
-0.203480
-0.136915
-0.076764
-0.022602
-0.025916
-0.047289
-0.108689
-0.145219
-0.176001
-0.172098
-0.125767
-0.071692
-0.013457
-0.015062
-0.017249
-0.035746
-0.020395
0.013102
0.064693
0.125479
0.144211
0.150813
0.128399
0.120879
0.097853
0.092943
0.131593
0.209938
0.324905
0.420458
0.495150
0.500079
0.462485
0.395480
0.308117
0.187151
-0.007730
-0.309601
-0.601669
-0.742773
-0.632090
-0.341111
0.042033
0.386300
0.553279
0.519100
0.326093
0.145666
-0.016447
-0.139627
-0.253040
-0.364253
-0.449702
-0.504360
-0.394655
-0.159848
0.151010
0.387517
0.482723
0.425381
0.212198
-0.024654
-0.225320
-0.298569
-0.308933
-0.289162
-0.254003
-0.220376
-0.147497
-0.064971
0.028198
0.010596
-0.081474
-0.182815
-0.229235
-0.224664
-0.180461
-0.068142
0.015124
0.035852
-0.022423
-0.062421
-0.078186
-0.066204
-0.004102
0.072119
0.132191
0.126970
0.126008
0.128017
0.139898
0.134834
0.132287
0.166882
0.206848
0.280321
0.368070
0.463028
0.502480
0.479590
0.431172
0.341544
0.209046
-0.023667
-0.337210
-0.620561
-0.746445
-0.630304
-0.347972
0.041896
0.365948
0.535132
0.505722
0.345062
0.179121
0.007297
-0.118466
-0.256706
-0.374696
-0.482478
-0.520522
-0.396381
-0.160932
0.150033
0.374882
0.482699
0.415811
0.215890
-0.007459
-0.200948
-0.281900
-0.318415
-0.300132
-0.278587
-0.242226
-0.165361
-0.063648
0.048539
0.032927
-0.064384
-0.183507
-0.242739
-0.244948
-0.200619
-0.082341
0.008583
0.041602
-0.010317
-0.053411
-0.069726
-0.064273
-0.007791
0.059046
0.115767
0.110204
0.104140
0.118881
0.134491
0.152591
0.156808
0.182086
0.200506
0.256427
0.362398
0.459198
0.503809
0.481424
0.436053
0.340244
0.181446
-0.049292
-0.358256
-0.619616
-0.742478
-0.613141
-0.329562
0.043586
0.355542
0.520146
0.507785
0.344047
0.181076
0.006375
-0.125819
-0.273722
-0.398383
-0.484227
-0.511292
-0.379815
-0.151294
0.155894
0.371085
0.466932
0.403294
0.212729
-0.003244
-0.202278
-0.283306
-0.315546
-0.299737
-0.279077
-0.240564
-0.157564
-0.068117
-0.002343
-0.026182
-0.083885
-0.146062
-0.187167
-0.190849
-0.155127
-0.081991
-0.029724
-0.017866
-0.031747
-0.054448
-0.062314
-0.049204
0.001669
0.064113
0.102446
0.122892
0.127787
0.140323
0.139023
0.137442
0.142133
0.163870
0.220813
0.297758
0.394357
0.458185
0.474175
0.450499
0.401912
0.304253
0.153654
-0.071315
-0.374815
-0.628357
-0.724418
-0.568569
-0.275444
0.090249
0.380636
0.518516
0.473084
0.298625
0.141319
-0.016515
-0.134965
-0.272497
-0.383754
-0.466710
-0.488977
-0.355881
-0.122282
0.178898
0.377815
0.455183
0.375872
0.180436
-0.036545
-0.220573
-0.282820
-0.301100
-0.281194
-0.261440
-0.225463
-0.162946
-0.112687
-0.063310
-0.060915
-0.062825
-0.089832
-0.123851
-0.140248
-0.136519
-0.097458
-0.066702
-0.034369
-0.029417
-0.043486
-0.051092
-0.039614
0.015375
0.069106
0.116816
0.138158
0.143485
0.142867
0.135436
0.143798
0.159140
0.193105
0.252313
0.331011
0.416097
0.457908
0.470863
0.448128
0.391562
0.284955
0.123128
-0.138531
-0.456932
-0.693033
-0.708439
-0.500944
-0.175700
0.187901
0.440521
0.531827
0.422365
0.257709
0.105288
-0.033848
-0.156829
-0.300163
-0.399196
-0.497215
-0.477310
-0.316312
-0.039627
0.250241
0.414777
0.462910
0.334958
0.131590
-0.096584
-0.238021
-0.276477
-0.289771
-0.269395
-0.262130
-0.205041
-0.153636
-0.105450
-0.077128
-0.077385
-0.065453
-0.094047
-0.105914
-0.126538
-0.112107
-0.085171
-0.061175
-0.028712
-0.036550
-0.039339
-0.055363
-0.025680
0.027349
0.081493
0.129285
0.143319
0.157649
0.149711
0.153346
0.159075
0.183259
0.246526
0.315289
0.401925
0.444300
0.455072
0.429276
0.383127
0.323814
0.207263
0.029057
-0.277490
-0.566432
-0.723450
-0.624906
-0.351581
0.009822
0.340889
0.506249
0.491151
0.316227
0.159156
0.013609
-0.096441
-0.212706
-0.331547
-0.426836
-0.498786
-0.410908
-0.201566
0.103839
0.341700
0.452992
0.416402
0.227046
0.001958
-0.199577
-0.270997
-0.281044
-0.265470
-0.245512
-0.230366
-0.188900
-0.153228
-0.085615
-0.059276
-0.058309
-0.084989
-0.117034
-0.139218
-0.147240
-0.101331
-0.049629
-0.010770
-0.018260
-0.042679
-0.063482
-0.065764
-0.019361
0.049297
0.121672
0.151535
0.162890
0.160157
0.149449
0.142708
0.155917
0.212135
0.283938
0.363770
0.430602
0.457192
0.438957
0.385119
0.343015
0.254491
0.117899
-0.163372
-0.477679
-0.699574
-0.699747
-0.474221
-0.135326
0.248160
0.471100
0.524135
0.380073
0.209983
0.061097
-0.069997
-0.165538
-0.295605
-0.390778
-0.498719
-0.467511
-0.293547
-0.013158
0.273239
0.428549
0.461084
0.300842
0.076383
-0.146759
-0.265501
-0.280999
-0.277877
-0.243598
-0.239067
-0.213953
-0.202420
-0.175533
-0.107220
-0.043407
0.010134
-0.020973
-0.070759
-0.138555
-0.172752
-0.145484
-0.091293
-0.018874
-0.013282
-0.024439
-0.047607
-0.035936
0.019989
0.083339
0.159136
0.169936
0.160368
0.132161
0.123914
0.147468
0.180825
0.256115
0.319728
0.386983
0.416261
0.427074
0.428010
0.394333
0.325470
0.184013
-0.055454
-0.392771
-0.674923
-0.747277
-0.574894
-0.257547
0.111031
0.393797
0.513348
0.431905
0.269073
0.129604
0.005252
-0.109676
-0.258222
-0.381225
-0.498492
-0.523889
-0.388733
-0.123525
0.190715
0.386527
0.461451
0.364042
0.164012
-0.067168
-0.229474
-0.271231
-0.282256
-0.270326
-0.269211
-0.235645
-0.185141
-0.121410
-0.078191
-0.080194
-0.089513
-0.109275
-0.122068
-0.137856
-0.120268
-0.083445
-0.043290
-0.034230
-0.038978
-0.054445
-0.065966
-0.049891
-0.001981
0.069826
0.114249
0.143295
0.150257
0.154489
0.142117
0.134662
0.156303
0.191331
0.259528
0.329553
0.405853
0.433543
0.431570
0.410998
0.367216
0.271341
0.092107
-0.191267
-0.518487
-0.728858
-0.710246
-0.468754
-0.116729
0.237145
0.460670
0.502765
0.375807
0.211813
0.072473
-0.050032
-0.172334
-0.312818
-0.430621
-0.523055
-0.487025
-0.299848
-0.006363
0.275929
0.429409
0.441243
0.291751
0.072340
-0.139944
-0.252513
-0.274967
-0.277306
-0.270108
-0.265090
-0.230924
-0.180023
-0.120098
-0.070332
-0.051500
-0.053356
-0.082863
-0.118273
-0.139851
-0.136576
-0.101062
-0.066408
-0.046115
-0.051029
-0.063147
-0.050590
-0.021335
0.038081
0.083433
0.121376
0.137786
0.131176
0.125890
0.108769
0.123832
0.141349
0.206495
0.298539
0.386867
0.451481
0.457683
0.454748
0.403895
0.323798
0.198894
-0.004338
-0.319190
-0.626347
-0.759726
-0.638240
-0.353108
0.016621
0.348553
0.524047
0.494287
0.322228
0.167841
0.022221
-0.103069
-0.239158
-0.361746
-0.463976
-0.532472
-0.434851
-0.205066
0.112210
0.349416
0.462143
0.424982
0.235821
0.005599
-0.197765
-0.271391
-0.292217
-0.289304
-0.275126
-0.254196
-0.207858
-0.167975
-0.099971
-0.045316
-0.013866
-0.025318
-0.069437
-0.117230
-0.159285
-0.163729
-0.125062
-0.073592
-0.035303
-0.035299
-0.033974
-0.025719
0.000315
0.048126
0.097231
0.142007
0.146740
0.135962
0.124009
0.119920
0.132977
0.157083
0.233430
0.312199
0.394820
0.441857
0.456220
0.433455
0.377297
0.294553
0.162594
-0.080300
-0.406119
-0.664362
-0.718342
-0.549386
-0.248670
0.122580
0.402839
0.519005
0.431465
0.277121
0.135246
-0.005202
-0.125685
-0.265204
-0.370276
-0.487249
-0.504878
-0.368680
-0.109659
0.187503
0.376714
0.461665
0.367603
0.173022
-0.052085
-0.208498
-0.256506
-0.283602
-0.267961
-0.267863
-0.225147
-0.172859
-0.072305
0.000112
-0.039728
-0.106923
-0.169955
-0.159899
-0.166016
-0.113806
-0.047031
-0.000390
-0.006717
-0.051240
-0.044126
-0.061982
-0.033742
-0.000225
0.071224
0.104073
0.102489
0.135393
0.151291
0.178766
0.155048
0.178392
0.209495
0.251315
0.309100
0.364919
0.432593
0.425956
0.407623
0.348393
0.256758
0.102526
-0.156266
-0.423234
-0.628091
-0.626244
-0.454363
-0.152782
0.173546
0.391416
0.470759
0.379174
0.250015
0.101392
-0.026265
-0.143206
-0.269920
-0.370461
-0.461805
-0.433325
-0.288762
-0.042861
0.207850
0.366973
0.413731
0.302166
0.127991
-0.067287
-0.191875
-0.247615
-0.266521
-0.255698
-0.249932
-0.209667
-0.164094
-0.087806
-0.055598
-0.063768
-0.088021
-0.105196
-0.108055
-0.121116
-0.095438
-0.071000
-0.039297
-0.044001
-0.045590
-0.045890
-0.045385
-0.015653
0.024258
0.089916
0.113052
0.136969
0.141538
0.142298
0.131497
0.130194
0.172064
0.202343
0.266968
0.327683
0.404454
0.432798
0.426543
0.417287
0.362332
0.273986
0.103688
-0.141473
-0.437917
-0.652441
-0.651254
-0.459074
-0.140211
0.179128
0.409756
0.480982
0.381855
0.240823
0.100403
-0.009582
-0.133934
-0.264860
-0.376603
-0.473199
-0.454743
-0.310642
-0.045734
0.216827
0.381359
0.422802
0.312119
0.137204
-0.065967
-0.189865
-0.242831
-0.261517
-0.259290
-0.264391
-0.215439
-0.158543
-0.039322
0.002809
-0.053569
-0.146398
-0.202019
-0.177625
-0.160074
-0.063520
0.006249
0.048664
-0.005713
-0.068009
-0.076152
-0.088013
-0.026277
0.027664
0.116105
0.114513
0.101995
0.117369
0.128643
0.161349
0.148624
0.198597
0.208833
0.242216
0.301636
0.393004
0.479579
0.463556
0.432681
0.349677
0.262130
0.103321
-0.140470
-0.402291
-0.614066
-0.634504
-0.490508
-0.190980
0.144418
0.389246
0.490655
0.412151
0.279012
0.113224
-0.024709
-0.144043
-0.263813
-0.362714
-0.456961
-0.440248
-0.312592
-0.079605
0.176132
0.356827
0.428197
0.334569
0.166136
-0.033401
-0.176742
-0.247255
-0.275308
-0.263209
-0.257610
-0.223283
-0.180365
-0.114144
-0.068440
-0.060148
-0.057382
-0.070448
-0.082206
-0.112735
-0.114663
-0.093314
-0.062964
-0.045559
-0.043809
-0.037975
-0.037394
-0.012952
0.033152
0.090137
0.124115
0.133568
0.139316
0.127045
0.114456
0.109334
0.146829
0.203640
0.268496
0.347505
0.415534
0.444336
0.422163
0.383354
0.349311
0.283585
0.175556
-0.037122
-0.334581
-0.590115
-0.681275
-0.532836
-0.252434
0.098871
0.366637
0.479493
0.416384
0.257736
0.126576
0.004862
-0.084866
-0.202933
-0.318990
-0.431677
-0.480954
-0.374429
-0.154510
0.132827
0.337386
0.428464
0.365364
0.189227
-0.007472
-0.166069
-0.221752
-0.246460
-0.246780
-0.254964
-0.242889
-0.204194
-0.161185
-0.103148
-0.079970
-0.060501
-0.073094
-0.084268
-0.099041
-0.101751
-0.080300
-0.056465
-0.030360
-0.040038
-0.053133
-0.058338
-0.029770
0.021965
0.073580
0.118899
0.135518
0.138217
0.124019
0.125146
0.133907
0.164156
0.196000
0.238223
0.294582
0.367714
0.425077
0.442224
0.425124
0.377754
0.303930
0.180434
-0.029809
-0.323953
-0.582502
-0.675084
-0.559098
-0.298284
0.033908
0.316277
0.460073
0.422541
0.293921
0.162880
0.039180
-0.073595
-0.204738
-0.322248
-0.442262
-0.491561
-0.402723
-0.187287
0.089803
0.297745
0.410721
0.370369
0.223127
0.027486
-0.132887
-0.209479
-0.254993
-0.267870
