0.214051
0.195194
0.173285
0.141150
0.039702
-0.102773
-0.228131
-0.234331
-0.113232
0.035726
0.113064
0.084763
0.002259
-0.071905
-0.117556
-0.159790
-0.171790
-0.128647
-0.037137
0.063815
0.079593
0.016146
-0.092650
-0.152909
-0.138513
-0.089503
-0.049619
-0.020649
0.020802
0.063611
0.103300
0.140978
0.182091
0.224576
0.220570
0.191134
0.155138
0.054699
-0.088211
-0.215978
-0.245180
-0.135327
0.023689
0.112825
0.101856
0.024844
-0.059102
-0.115238
-0.149760
-0.149220
-0.124439
-0.065317
0.020901
0.060847
0.033984
-0.048613
-0.127172
-0.137219
-0.100359
-0.061588
-0.034365
0.005764
0.054586
0.104643
0.139216
0.172810
0.210881
0.216870
0.188861
0.171856
0.101791
-0.024217
-0.158971
-0.242348
-0.179912
-0.038291
0.082921
0.112754
0.059862
-0.025018
-0.084195
-0.132745
-0.167327
-0.158859
-0.090396
0.016675
0.089871
0.062191
-0.025977
-0.117167
-0.138829
-0.110330
-0.070506
-0.044162
0.004227
0.051302
0.096134
0.129680
0.164605
0.198489
0.210476
0.189801
0.174189
0.145642
0.049637
-0.106890
-0.228030
-0.212913
-0.092579
0.052610
0.114243
0.080165
0.003437
-0.062780
-0.112687
-0.137796
-0.134524
-0.113583
-0.046310
0.031597
0.066662
0.025045
-0.073737
-0.127643
-0.120059
-0.080765
-0.050241
-0.022654
0.016076
0.079779
0.138982
0.168579
0.191019
0.209523
0.203676
0.201605
0.170048
0.074098
-0.094664
-0.227021
-0.236981
-0.112830
0.034389
0.118355
0.105519
0.028524
-0.048581
-0.110715
-0.164551
-0.184607
-0.126612
-0.018563
0.074670
0.092573
0.020270
-0.086429
-0.132932
-0.123976
-0.082423
-0.050623
-0.015333
0.027723
0.069454
0.111222
0.154945
0.181233
0.213077
0.221281
0.206365
0.192102
0.100074
-0.045220
-0.185089
-0.237127
-0.158633
-0.013591
0.086215
0.109573
0.067602
-0.015841
-0.086180
-0.140823
-0.169500
-0.139492
-0.062158
0.023366
0.080378
0.051118
-0.033920
-0.109670
-0.126015
-0.099185
-0.060165
-0.038444
0.007191
0.062379
0.111764
0.154244
0.177460
0.204749
0.221144
0.205157
0.192892
0.144567
0.006524
-0.153457
-0.246644
-0.206892
-0.053797
0.084947
0.128392
0.081253
0.000335
-0.078142
-0.125297
-0.173678
-0.167366
-0.090646
0.023646
0.095230
0.085588
-0.017913
-0.109765
-0.132446
-0.107533
-0.066844
-0.037718
-0.002540
0.053011
0.102320
0.140498
0.176611
0.202678
0.219128
0.204541
0.188065
0.144896
0.049986
-0.111073
-0.230109
-0.212537
-0.085995
0.063878
0.128009
0.085561
0.001186
-0.064556
-0.111979
-0.141536
-0.161668
-0.110758
-0.010449
0.078702
0.084174
0.007420
-0.094940
-0.126319
-0.104894
-0.066541
-0.041418
-0.009060
0.035141
0.092310
0.139373
0.178294
0.203531
0.221179
0.211563
0.205392
0.164915
0.055838
-0.105638
-0.221855
-0.224561
-0.101607
0.042551
0.126122
0.105742
0.028993
-0.050603
-0.110816
-0.147726
-0.164199
-0.130907
-0.028915
0.072030
0.100095
0.033709
-0.078774
-0.136916
-0.121096
-0.081223
-0.048200
-0.011665
0.034621
0.086509
0.130674
0.162093
0.185097
0.212132
0.206559
0.203882
0.172991
0.069073
-0.078874
-0.201307
-0.218830
-0.118526
0.015846
0.103699
0.102117
0.036443
-0.042036
-0.101473
-0.147471
-0.154634
-0.124914
-0.050686
0.034723
0.076042
0.038470
-0.048070
-0.111701
-0.121045
-0.092394
-0.057051
-0.021575
0.023154
0.073222
0.113931
0.153511
0.190241
0.221222
0.223009
0.197991
0.161705
0.083706
-0.044977
-0.182027
-0.225328
-0.155634
-0.011121
0.091489
0.103419
0.049216
-0.033210
-0.092866
-0.132503
-0.143113
-0.138060
-0.072361
0.006792
0.062049
0.050429
-0.030885
-0.111849
-0.127861
-0.104594
-0.063923
-0.038242
0.000646
0.052435
0.113346
0.153801
0.185028
0.207907
0.213529
0.196122
0.175421
0.099586
-0.032960
-0.182659
-0.245277
-0.178919
-0.025888
0.091611
0.113829
0.050435
-0.029819
-0.086097
-0.124529
-0.144651
-0.139170
-0.106578
-0.019769
0.050010
0.058598
-0.014722
-0.102787
-0.135536
-0.114988
-0.081188
-0.056450
-0.022553
0.037118
0.102222
0.150848
0.179378
0.217563
0.245088
0.231067
0.208416
0.125988
-0.010107
-0.182379
-0.278702
-0.230696
-0.068508
0.075239
0.134919
0.084234
-0.007307
-0.094652
-0.145515
-0.189875
-0.186369
-0.125771
-0.013381
0.068099
0.073876
-0.000428
-0.104795
-0.157219
-0.146931
-0.100933
-0.060832
-0.018079
0.037194
0.091067
0.146757
0.188338
0.209328
0.229110
0.205409
0.196513
0.142381
0.001487
-0.157296
-0.271178
-0.234983
-0.084716
0.067860
0.116064
0.084137
-0.012805
-0.088879
-0.140418
-0.174018
-0.184309
-0.121945
-0.028274
0.062774
0.073663
-0.005730
-0.112507
-0.160370
-0.137657
-0.088030
-0.057943
-0.033464
0.017387
0.073340
0.137814
0.186371
0.214065
0.218939
0.209962
0.187815
0.153167
0.058521
-0.103256
-0.267056
-0.270156
-0.142419
0.025734
0.116862
0.098340
0.018260
-0.062566
-0.123432
-0.153194
-0.148282
-0.117908
-0.061071
-0.006144
0.022255
0.013167
-0.061245
-0.128403
-0.132988
-0.107648
-0.067464
-0.037677
-0.006221
0.045446
0.121660
0.180027
0.227907
0.250326
0.229801
0.207921
0.170043
0.068183
-0.090979
-0.266025
-0.294457
-0.166355
0.026422
0.143940
0.133481
0.033365
-0.065493
-0.128596
-0.163370
-0.182294
-0.160698
-0.067045
0.046017
0.096825
0.052255
-0.063729
-0.162737
-0.161941
-0.116579
-0.066752
-0.031781
0.013957
0.062676
0.123284
0.162398
0.193186
0.216357
0.222303
0.211283
0.196748
0.117927
-0.039022
-0.221350
-0.287249
-0.198274
-0.025677
0.104137
0.126973
0.061123
-0.026104
-0.099344
-0.160817
-0.212938
-0.169053
-0.071104
0.048727
0.094189
0.048913
-0.055880
-0.134078
-0.149587
-0.118111
-0.074318
-0.034557
0.012668
0.057254
0.103611
0.161913
0.213674
0.248547
0.241854
0.203953
0.172122
0.109574
-0.030561
-0.214540
-0.301684
-0.207857
-0.020616
0.122894
0.144876
0.062028
-0.041994
-0.106191
-0.144714
-0.178919
-0.171418
-0.086265
0.021803
0.094291
0.066829
-0.034459
-0.130640
-0.146972
-0.117722
-0.071183
-0.037593
0.008337
0.059238
0.115649
0.169592
0.221468
0.233728
0.229145
0.204491
0.189186
0.110507
-0.027697
-0.215096
-0.291927
-0.199179
-0.015761
0.121123
0.133179
0.066518
-0.030859
-0.096753
-0.148076
-0.163386
-0.146264
-0.089668
0.001715
0.059770
0.056802
-0.017278
-0.120622
-0.152341
-0.122641
-0.069965
-0.029979
-0.000678
0.036478
0.102933
0.171406
0.218952
0.254978
0.242699
0.219731
0.186761
0.103533
-0.051754
-0.207789
-0.281453
-0.200659
-0.023016
0.114742
0.144495
0.073810
-0.032639
-0.108797
-0.147363
-0.175113
-0.167457
-0.090230
0.018148
0.093907
0.077052
-0.017755
-0.124614
-0.160369
-0.131662
-0.078160
-0.034517
0.014515
0.063604
0.109771
0.154855
0.195031
0.235007
0.250878
0.226385
0.199128
0.110372
-0.021415
-0.184371
-0.272124
-0.208676
-0.045805
0.101844
0.145567
0.083209
-0.017545
-0.097120
-0.148270
-0.199281
-0.175867
-0.086406
0.037340
0.112770
0.080752
-0.022424
-0.131195
-0.164163
-0.130314
-0.075424
-0.027628
0.014832
0.058691
0.094163
0.145615
0.190230
0.234170
0.255891
0.226457
0.185127
0.129993
0.004019
-0.167248
-0.270527
-0.237105
-0.080317
0.091928
0.153690
0.100070
-0.006659
-0.096046
-0.144850
-0.169139
-0.172420
-0.107544
-0.015199
0.078546
0.087932
0.012883
-0.105822
-0.150186
-0.136679
-0.079360
-0.039276
-0.001671
0.044320
0.106950
0.162231
0.211622
0.232259
0.235155
0.213894
0.202415
0.131577
-0.001854
-0.186991
-0.286959
-0.224637
-0.058160
0.101942
0.151556
0.090201
-0.010730
-0.090677
-0.142311
-0.153750
-0.147490
-0.110803
-0.028029
0.051664
0.071432
0.018257
-0.094100
-0.150912
-0.128805
-0.078359
-0.033913
-0.005059
0.033943
0.097336
0.155579
0.197065
0.238544
0.248901
0.227020
0.212199
0.147542
-0.011637
-0.201961
-0.309714
-0.245046
-0.049162
0.119682
0.170679
0.103941
-0.011403
-0.101283
-0.150945
-0.182393
-0.173994
-0.109440
-0.010338
0.086458
0.086884
0.009091
-0.101400
-0.160711
-0.140894
-0.086307
-0.044936
-0.002117
0.047536
0.104016
0.153941
0.197495
0.234976
0.249346
0.223014
0.201506
0.127688
-0.005999
-0.170603
-0.281319
-0.228839
-0.070899
0.091731
0.152578
0.106685
-0.005490
-0.090774
-0.151650
-0.157897
-0.150108
-0.112060
-0.029766
0.056221
0.072383
0.025236
-0.089906
-0.159385
-0.138898
-0.083798
-0.039760
-0.009459
0.024103
0.084685
0.152003
0.200939
0.245426
0.254056
0.226541
0.201202
0.139257
0.004410
-0.168842
-0.279398
-0.233692
-0.072390
0.086482
0.149036
0.102036
0.002569
-0.082875
-0.141668
-0.183395
-0.191160
-0.113031
-0.004297
0.093237
0.097473
0.017166
-0.101053
-0.162346
-0.146425
-0.091912
-0.039266
0.002508
0.048074
0.096487
0.148837
0.197774
0.223129
0.233216
0.215938
0.198235
0.154905
0.035064
-0.132681
-0.265496
-0.245495
-0.104191
0.062758
0.136076
0.110625
0.016210
-0.065625
-0.131228
-0.156925
-0.156236
-0.121893
-0.049707
0.041713
0.071622
0.039287
-0.068094
-0.150857
-0.144623
-0.093503
-0.046045
-0.009973
0.025846
0.088703
0.161023
0.204054
0.235235
0.250853
0.220050
0.214761
0.150476
0.021757
-0.158963
-0.285668
-0.252752
-0.085940
0.087031
0.149520
0.112690
0.010641
-0.077024
-0.137632
-0.185066
-0.196910
-0.120816
-0.009006
0.095961
0.099236
0.023186
-0.101456
-0.162771
-0.148474
-0.088744
-0.043419
-0.003696
0.046038
0.098294
0.149251
0.192263
0.218849
0.239155
0.234650
0.210010
0.154990
0.019530
-0.160366
-0.285474
-0.245942
-0.092395
0.080715
0.150309
0.106182
0.006091
-0.076342
-0.130836
-0.163166
-0.179308
-0.132652
-0.030919
0.066555
0.092193
0.025959
-0.097782
-0.155425
-0.135119
-0.090989
-0.048433
-0.014212
0.036985
0.096491
0.152123
0.195933
0.231915
0.246702
0.223235
0.195028
0.144902
0.020465
-0.154967
-0.280314
-0.246616
-0.091584
0.076017
0.137719
0.098727
0.004313
-0.070725
-0.132366
-0.158133
-0.170821
-0.120665
-0.035654
0.046959
0.072863
0.019140
-0.087443
-0.151343
-0.138643
-0.091334
-0.046025
-0.015723
0.028628
0.087137
0.149595
0.200829
0.242330
0.256035
0.229225
0.200466
0.140580
0.023456
-0.147901
-0.275749
-0.255024
-0.103899
0.071482
0.154188
0.118197
0.020333
-0.074491
-0.146708
-0.199049
-0.202838
-0.116452
-0.002554
0.093805
0.094922
0.016431
-0.106235
-0.157863
-0.146775
-0.097176
-0.047457
0.003008
0.050112
0.099020
0.146029
0.187031
0.214987
0.231348
0.236923
0.228227
0.174970
0.031160
-0.167076
-0.294271
-0.262216
-0.101016
0.071099
0.148390
0.113524
0.019807
-0.071705
-0.136785
-0.167557
-0.180716
-0.132588
-0.029396
0.063528
0.093575
0.028688
-0.095288
-0.155182
-0.138292
-0.090796
-0.050735
-0.016872
0.034558
0.097165
0.153599
0.197391
0.234781
0.255403
0.250131
0.213786
0.134729
0.000629
-0.162371
-0.273177
-0.238679
-0.101053
0.066890
0.145777
0.117154
0.016574
-0.077567
-0.145788
-0.176236
-0.186873
-0.127566
-0.028797
0.069675
0.092431
0.031855
-0.094024
-0.150951
-0.144867
-0.100344
-0.050986
-0.007216
0.043336
0.108645
0.153160
0.191813
0.226699
0.248435
0.238974
0.221077
0.139742
0.001417
-0.164375
-0.281836
-0.236421
-0.092513
0.068129
0.144560
0.112302
0.017977
-0.080924
-0.148690
-0.179538
-0.177790
-0.125128
-0.020911
0.071371
0.087479
0.025880
-0.107099
-0.161557
-0.139654
-0.089438
-0.044548
-0.007347
0.038207
0.107149
0.163774
0.200888
0.225683
0.228777
0.219410
0.209532
0.150325
0.022980
-0.142707
-0.272136
-0.238581
-0.103572
0.051658
0.132001
0.099467
0.011693
-0.065530
-0.128683
-0.167762
-0.173835
-0.134622
-0.031167
0.061199
0.082051
0.021344
-0.097157
-0.156715
-0.134931
-0.090938
-0.043608
-0.009912
0.027329
0.084734
0.152912
0.207709
0.248978
0.244352
0.204709
0.188966
0.151531
0.036175
-0.140735
-0.274711
-0.273583
-0.112529
0.064530
0.151211
0.104685
-0.001070
-0.085970
-0.134206
-0.164156
-0.184818
-0.141464
-0.039650
0.064458
0.099984
0.019513
-0.110596
-0.162478
-0.141785
-0.089622
-0.048200
-0.014966
0.026463
0.090543
0.154329
0.208799
0.235008
0.231481
0.219174
0.198130
0.136670
0.012670
-0.158303
-0.297997
-0.260029
-0.106286
0.063724
0.139607
0.099513
-0.000124
-0.080610
-0.139556
-0.162210
-0.164921
-0.144582
-0.059030
0.042812
0.076247
0.026025
-0.096395
-0.162881
-0.143465
-0.098890
-0.058529
-0.025121
0.022815
0.097981
0.169819
0.207163
0.240904
0.241636
0.206705
0.187580
0.121518
-0.003493
-0.171547
-0.289217
-0.251652
-0.080962
0.078315
0.138626
0.084679
-0.020289
-0.097281
-0.143557
-0.189097
-0.193874
-0.115354
-0.011172
0.082260
0.078266
-0.009649
-0.128621
-0.163816
-0.145786
-0.085099
-0.047873
-0.007664
0.039961
0.098968
0.150897
0.196172
0.225622
0.243242
0.231554
0.196689
0.121703
-0.010215
-0.188716
-0.287862
-0.244343
-0.094763
0.064962
0.129862
0.088272
0.001981
-0.086987
-0.143223
-0.177851
-0.191836
-0.135477
-0.032609
0.055363
0.076972
0.002696
-0.119300
-0.155747
-0.135988
-0.096496
-0.059819
-0.022388
0.037010
0.112216
0.165831
0.208896
0.229086
0.231159
0.217975
0.199542
0.124740
-0.019593
-0.222616
-0.317067
-0.247447
-0.064028
0.100718
0.148627
0.081891
-0.019006
-0.097746
-0.152219
-0.195594
-0.207058
-0.125477
-0.002770
0.089907
0.092403
-0.005241
-0.134732
-0.170740
-0.143371
-0.091402
-0.049775
-0.003922
0.052972
0.123617
0.168295
0.209539
0.233219
0.234470
0.215028
0.192703
0.096718
-0.051874
-0.231689
-0.302305
-0.225285
-0.036043
0.107029
0.145429
0.064239
-0.027382
-0.105038
-0.148721
-0.197379
-0.187722
-0.112926
0.013944
0.098324
0.078915
-0.023738
-0.136077
-0.168482
-0.138493
-0.086172
-0.042509
0.002594
0.056495
0.121307
0.175099
0.217191
0.244694
0.236494
0.208135
0.186303
0.104968
-0.055615
-0.241717
-0.311279
-0.212263
-0.019662
0.125495
0.147485
0.067057
-0.031308
-0.108417
-0.156942
-0.173387
-0.159350
-0.103598
-0.005057
0.066588
0.070463
-0.009729
-0.123833
-0.165830
-0.134245
-0.077747
-0.032028
0.002298
0.045842
0.123020
0.191189
0.230895
0.258565
0.251658
0.219681
0.187482
0.073144
-0.095388
-0.252526
-0.292733
-0.179246
0.006196
0.135303
0.152627
0.069579
-0.040301
-0.115312
-0.165920
-0.189002
-0.165082
-0.074893
0.033321
0.104290
0.076467
-0.021276
-0.138535
-0.174439
-0.133811
-0.068637
-0.021398
0.022121
0.064117
0.121578
0.175976
0.219291
0.256243
0.249882
0.212957
0.188486
0.099188
-0.058756
-0.220107
-0.294875
-0.203022
-0.021483
0.128086
0.152392
0.088749
-0.023681
-0.096719
-0.151029
-0.156687
-0.121809
-0.084611
-0.019705
0.049589
0.058599
0.011573
-0.091872
-0.149165
-0.131144
-0.074663
-0.032390
0.005693
0.040136
0.112238
0.192655
0.246485
0.277657
0.256879
0.215366
0.193897
0.101794
-0.050254
-0.228409
-0.298571
-0.204714
-0.007474
0.144525
0.168642
0.085717
-0.022847
-0.094470
-0.148684
-0.185655
-0.170976
-0.085736
0.033534
0.117023
0.093691
-0.005426
-0.128134
-0.164591
-0.134305
-0.075594
-0.024531
0.029056
0.079036
0.132080
0.168906
0.206658
0.249300
0.259083
0.229497
0.206882
0.115493
-0.031168
-0.207864
-0.294726
-0.212839
-0.034860
0.125055
0.165810
0.097170
-0.005928
-0.085098
-0.139246
-0.171201
-0.168599
-0.102690
0.012184
0.106287
0.095632
0.015241
-0.106866
-0.156056
-0.133266
-0.078094
-0.032425
0.017208
0.070580
0.128365
0.182850
0.228072
0.257673
0.248370
0.228779
0.214859
0.113753
-0.044258
-0.224945
-0.306745
-0.205281
-0.014883
0.136998
0.170049
0.099630
-0.014245
-0.096239
-0.150343
-0.158125
-0.131872
-0.087568
-0.002206
0.072094
0.068655
0.016048
-0.093926
-0.154155
-0.130372
-0.077704
-0.028730
0.014590
0.051407
0.110829
0.187402
0.233793
0.271731
0.256398
0.224284
0.205129
0.116015
-0.047371
-0.225818
-0.309354
-0.211756
-0.012132
0.145687
0.172798
0.096802
-0.018631
-0.098629
-0.146431
-0.176843
-0.175159
-0.092341
0.024359
0.113181
0.098123
0.006875
-0.117256
-0.163001
-0.137804
-0.079118
-0.032443
0.018319
0.065677
0.117293
0.166556
0.213626
0.252211
0.258771
0.219588
0.195433
0.118426
-0.014172
-0.198752
-0.296998
-0.229081
-0.044662
0.117946
0.167822
0.101867
-0.009768
-0.092301
-0.136137
-0.182089
-0.177394
-0.099178
0.017910
0.107556
0.091183
0.002799
-0.118878
-0.158452
-0.135610
-0.081091
-0.036842
0.015284
0.062293
0.117117
0.177854
0.214285
0.236875
0.253785
0.236653
0.219690
0.127282
-0.045106
-0.242829
-0.322419
-0.232681
-0.034472
0.125186
0.168551
0.102015
-0.005601
-0.094600
-0.155770
-0.187984
-0.181018
-0.104560
0.005693
0.094523
0.094506
0.006690
-0.112922
-0.166473
-0.142782
-0.086577
-0.037770
0.002373
0.051659
0.115906
0.172594
0.213071
0.243353
0.249572
0.234131
0.204351
0.098949
-0.080746
-0.260134
-0.312302
-0.212185
-0.016649
0.134604
0.164706
0.089656
-0.019933
-0.107565
-0.160307
-0.175631
-0.166223
-0.109727
-0.008379
0.078356
0.086173
0.018270
-0.106468
-0.178373
-0.162319
-0.102770
-0.042285
0.009544
0.058617
0.112162
0.166951
0.198166
0.230559
0.240986
0.224750
0.202324
0.116967
-0.043466
-0.221756
-0.309205
-0.235382
-0.052235
0.104599
0.159252
0.098684
-0.009853
-0.096888
-0.157091
-0.201296
-0.200605
-0.114875
0.008847
0.107427
0.096617
0.003544
-0.121828
-0.178293
-0.160699
-0.102818
-0.046336
0.011363
0.055827
0.099877
0.146887
0.192278
0.227161
0.246663
0.216054
0.203686
0.124962
-0.031508
-0.217287
-0.322353
-0.246816
-0.056538
0.109182
0.153768
0.089956
-0.020308
-0.099026
-0.149813
-0.178128
-0.175320
-0.120159
-0.020149
0.071226
0.074878
0.008519
-0.110571
-0.165915
-0.148168
-0.095778
-0.049352
-0.009142
0.029628
0.091842
0.156318
0.203369
0.234072
0.237254
0.216354
0.210679
0.131486
-0.032128
-0.225237
-0.321634
-0.250602
-0.061456
0.100774
0.147125
0.093203
-0.006457
-0.088179
-0.150998
-0.192861
-0.197969
-0.135612
-0.025774
0.080480
0.088302
0.017360
-0.101207
-0.161593
-0.152751
-0.102878
-0.062221
-0.010377
0.048928
0.112035
0.164105
0.200167
0.231991
0.247735
0.225759
0.198029
0.106241
-0.054319
-0.222181
-0.312067
-0.228718
-0.056848
0.104509
0.145989
0.094138
-0.015098
-0.094874
-0.153785
-0.175504
-0.172688
-0.112358
-0.025892
0.062932
0.067457
0.013347
-0.106650
-0.160501
-0.152679
-0.099697
-0.052702
-0.005690
0.041422
0.113224
0.168149
0.214016
0.242025
0.242936
0.214225
0.199988
0.115764
-0.041267
-0.214730
-0.309618
-0.238644
-0.053780
0.107014
0.150552
0.099070
-0.013333
-0.092252
-0.148309
-0.178319
-0.182182
-0.127797
-0.024373
0.077878
0.086625
0.011481
-0.105680
-0.163720
-0.146923
-0.089478
-0.047340
0.000504
0.047655
0.102773
0.159566
0.205837
0.240436
0.243408
0.220026
0.207507
0.145776
-0.020121
-0.220258
-0.331737
-0.256712
-0.057969
0.120550
0.163478
0.098936
-0.012877
-0.089505
-0.145881
-0.171156
-0.174240
-0.120257
-0.024833
0.066380
0.077891
0.008483
-0.101974
-0.146389
-0.132883
-0.084504
-0.053462
-0.014984
0.034552
0.116654
0.175991
0.232367
0.262605
0.249162
0.220416
0.198998
0.121588
-0.030540
-0.225602
-0.323798
-0.243557
-0.048411
0.121010
0.169029
0.095603
-0.016888
-0.093681
-0.148861
-0.165742
-0.167585
-0.122674
-0.026433
0.066837
0.078929
0.013938
-0.099885
-0.150223
-0.132989
-0.093018
-0.053769
-0.007186
0.047695
0.123614
0.181187
0.218839
0.254686
0.253852
0.223932
0.194000
0.116120
-0.044929
-0.222077
-0.302876
-0.238302
-0.050849
0.117626
0.172568
0.107789
-0.012943
-0.110472
-0.159237
-0.178985
-0.179915
-0.111347
-0.007192
0.086635
0.099705
0.004035
-0.119319
-0.159833
-0.140856
-0.079613
-0.039582
0.000897
0.053500
0.129596
0.180008
0.227995
0.244207
0.238801
0.224030
0.206408
0.110870
-0.049458
-0.237344
-0.303466
-0.217196
-0.030247
0.113148
0.154546
0.083940
-0.009259
-0.093691
-0.153014
-0.193138
-0.183468
-0.105074
0.018503
0.094742
0.080527
-0.023336
-0.120759
-0.145658
-0.122745
-0.081625
-0.045879
0.006250
0.064085
0.126124
0.178865
0.231460
0.258201
0.251268
0.228239
0.202163
0.100326
-0.075606
-0.277388
-0.321309
-0.205509
0.000881
0.140240
0.157599
0.075877
-0.023789
-0.109248
-0.159855
-0.170907
-0.157491
-0.099643
-0.005968
0.064885
0.070044
-0.015988
-0.112780
-0.143324
-0.121676
-0.075754
-0.041171
-0.002236
0.056239
0.140167
0.206772
0.265145
0.274209
0.237579
0.213072
0.188668
0.084472
-0.091801
-0.279500
-0.319083
-0.189443
0.021399
0.157433
0.165240
0.066746
-0.037931
-0.116407
-0.179845
-0.214352
-0.166101
-0.060798
0.066178
0.116385
0.068206
-0.060778
-0.142657
-0.156403
-0.115660
-0.069825
-0.022550
0.029430
0.090270
0.154461
0.208772
0.244879
0.259676
0.246248
0.221924
0.170144
0.063882
-0.122212
-0.286122
-0.291556
-0.156576
0.043287
0.160023
0.144030
0.040377
-0.056064
-0.127131
-0.165250
-0.192089
-0.155768
-0.049314
0.058462
0.100726
0.040367
-0.079130
-0.137133
-0.133473
-0.100544
-0.060809
-0.022470
0.025877
0.099149
0.171885
0.217779
0.247049
0.246409
0.224939
0.215543
0.180944
0.062729
-0.139626
-0.308729
-0.287365
-0.135476
0.065016
0.157455
0.127550
0.026087
-0.054523
-0.120599
-0.151440
-0.159028
-0.142607
-0.070610
0.023561
0.080892
0.044791
-0.064510
-0.129766
-0.133120
-0.092913
-0.054428
-0.023555
0.015504
0.094174
0.174026
0.240112
0.260002
0.248603
0.227216
0.216051
0.177554
0.042328
-0.173766
-0.327887
-0.285072
-0.098699
0.093914
0.168002
0.122222
0.014682
-0.070790
-0.129229
-0.199099
-0.218142
-0.131117
-0.003430
0.097140
0.105649
0.006941
-0.105248
-0.142827
-0.132449
-0.090093
-0.053190
-0.003807
0.051506
0.114662
0.171452
0.222560
0.240099
0.241967
0.231525
0.229243
0.165516
0.019038
-0.192841
-0.321237
-0.267238
-0.095110
0.088186
0.161952
0.115829
0.014442
-0.075601
-0.150876
-0.217599
-0.207223
-0.112391
0.022492
0.111949
0.089322
-0.023555
-0.122106
-0.148326
-0.120704
-0.081559
-0.049119
0.004096
0.062419
0.123046
0.182602
0.230144
0.240163
0.238487
0.223320
0.221904
0.163498
0.000566
-0.213702
-0.335610
-0.262036
-0.062552
0.111430
0.156100
0.093347
-0.006403
-0.079620
-0.132974
-0.182254
-0.193895
-0.115263
-0.003397
0.083587
0.072749
-0.029902
-0.111450
-0.132648
-0.112737
-0.078885
-0.050921
-0.006090
0.056380
0.120161
0.190406
0.248856
0.263289
0.249436
0.221669
0.201543
0.137334
-0.018814
-0.241165
-0.335659
-0.254885
-0.053869
0.119432
0.174073
0.093660
-0.007093
-0.094951
-0.160707
-0.221897
-0.205152
-0.102285
0.037914
0.115507
0.084511
-0.041744
-0.134316
-0.155142
-0.124198
-0.085506
-0.039738
0.009818
0.077822
0.138766
0.204232
0.244593
0.253106
0.230337
0.198950
0.184523
0.103958
-0.072471
-0.268052
-0.320144
-0.201176
0.000153
0.141712
0.137955
0.052509
-0.040109
-0.111424
-0.164161
-0.201776
-0.171833
-0.073905
0.032942
0.089388
0.039706
-0.066812
-0.124863
-0.137568
-0.108187
-0.076478
-0.033865
0.011689
0.082484
0.154594
0.226698
0.250708
0.248581
0.217106
0.209709
0.176449
0.071878
-0.139448
-0.319501
-0.318814
-0.156582
0.052723
0.158006
0.128453
0.028348
-0.061689
-0.123625
-0.180546
-0.215570
-0.162965
-0.052359
0.067646
0.102694
0.025250
-0.093768
-0.139382
-0.136070
-0.098148
-0.072082
-0.034909
0.026111
0.113047
0.186511
0.231953
0.239280
0.236222
0.217465
0.213540
0.155216
-0.002885
-0.227862
-0.339504
-0.270215
-0.079044
0.097700
0.159822
0.099257
0.004506
-0.083264
-0.163029
-0.216339
-0.211409
-0.118571
0.017928
0.094412
0.084787
-0.016703
-0.123291
-0.154163
-0.140554
-0.098575
-0.050213
0.000382
0.054601
0.122871
0.175380
0.221468
0.250135
0.235556
0.220032
0.200207
0.112324
-0.052101
-0.258261
-0.340635
-0.240065
-0.041059
0.124446
0.165967
0.083162
-0.023424
-0.107302
-0.157167
-0.177162
-0.170440
-0.113739
-0.009314
0.067048
0.066595
-0.020013
-0.125835
-0.153646
-0.128592
-0.084281
-0.052327
-0.007600
0.047143
0.132769
0.197983
0.250297
0.268235
0.239126
0.221232
0.187689
0.064627
-0.125785
-0.311318
-0.329327
-0.183485
0.022569
0.152085
0.157733
0.063315
-0.041133
-0.125061
-0.184192
-0.227945
-0.183889
-0.073841
0.058860
0.118317
0.077675
-0.047858
-0.155165
-0.169400
-0.135580
-0.081247
-0.030284
0.025610
0.089917
0.154601
0.200702
0.227854
0.242985
0.233186
0.213713
0.171673
0.047949
-0.133722
-0.299809
-0.298446
-0.153686
0.042106
0.147148
0.141735
0.047610
-0.047934
-0.134678
-0.209071
-0.224017
-0.144646
-0.019797
0.087592
0.107601
0.041843
-0.085751
-0.165189
-0.174286
-0.133300
-0.077168
-0.012072
0.048664
0.102087
0.157241
0.209850
0.251602
0.278778
0.254084
0.233567
0.177843
0.037085
-0.175906
-0.340002
-0.317421
-0.145256
0.072100
0.171328
0.149120
0.037304
-0.065410
-0.139311
-0.192005
-0.216216
-0.158317
-0.044912
0.073271
0.108836
0.041148
-0.090445
-0.169580
-0.162580
-0.116784
-0.061410
-0.014490
0.043724
0.104604
0.172550
0.222989
0.263073
0.273670
0.256478
0.238817
0.181573
0.018987
-0.208475
-0.351039
-0.307481
-0.112184
0.098306
0.182014
0.141540
0.027320
-0.070398
-0.143818
-0.199312
-0.226330
-0.165810
-0.035269
0.096710
0.129153
0.050263
-0.095519
-0.171732
-0.170449
-0.118644
-0.061432
-0.007682
0.055432
0.129014
0.185492
0.225581
0.256684
0.260508
0.246608
0.240903
0.182449
0.012464
-0.202938
-0.341301
-0.295212
-0.097434
0.097725
0.170797
0.123597
0.020550
-0.070139
-0.136224
-0.181984
-0.185196
-0.142589
-0.037814
0.068525
0.099703
0.033644
-0.085512
-0.155293
-0.152741
-0.106419
-0.063906
-0.018751
0.043423
0.114990
0.179810
0.224280
0.262189
0.272128
0.255991
0.242881
0.191317
0.037454
-0.185909
-0.346995
-0.319225
-0.130971
0.082101
0.185730
0.154321
0.045968
-0.054757
-0.135423
-0.184222
-0.202285
-0.160932
-0.051283
0.059543
0.106379
0.052041
-0.072843
-0.149508
-0.151672
-0.112233
-0.063686
-0.016735
0.037704
0.106302
0.175623
0.237545
0.285701
0.291248
0.268387
0.242225
0.166669
0.016028
-0.207425
-0.359967
-0.302014
-0.111137
0.102476
0.188433
0.147455
0.025961
-0.065698
-0.145557
-0.188200
-0.217488
-0.160156
-0.035433
0.088533
0.119486
0.054144
-0.086213
-0.158569
-0.156690
-0.112256
-0.064194
-0.013511
0.040559
0.118046
0.176712
0.227140
0.266598
0.270085
0.250312
0.242262
0.181937
0.038615
-0.159665
-0.327067
-0.314920
-0.139547
0.068593
0.177451
0.145375
0.037517
-0.065157
-0.133934
-0.182522
-0.204469
-0.169311
-0.057276
0.063021
0.111721
0.049372
-0.076845
-0.148597
-0.153473
-0.106593
-0.063105
-0.016099
0.037550
0.108959
0.178401
0.237600
0.278186
0.281481
0.261180
0.247843
0.183812
0.019052
-0.218291
-0.356223
-0.303767
-0.113415
0.089100
0.183096
0.142063
0.027984
-0.070075
-0.146554
-0.183471
-0.174730
-0.152494
-0.080375
0.029337
0.086797
0.056380
-0.060014
-0.139570
-0.150343
-0.109433
-0.070308
-0.026804
0.016113
0.096882
0.190577
0.248570
0.283954
0.286853
0.256415
0.232463
0.171553
0.014540
-0.209033
-0.348060
-0.310975
-0.119938
0.081729
0.178109
0.145825
0.029202
-0.077820
-0.148365
-0.226285
-0.235068
-0.151517
-0.020446
0.095340
0.117943
0.023074
-0.105094
-0.158752
-0.159796
-0.112324
-0.070408
-0.011424
0.052457
0.117735
0.174575
0.229528
0.257712
0.271375
0.259742
0.245160
0.181182
0.029511
-0.199875
-0.355678
-0.326450
-0.137303
0.068425
0.171350
0.135919
0.033007
-0.066214
-0.139080
-0.198804
-0.227259
-0.175591
-0.048179
0.073953
0.110531
0.025903
-0.100944
-0.157003
-0.148831
-0.109721
-0.075721
-0.029500
0.038158
0.127662
0.205659
0.254655
0.279633
0.273131
0.241275
0.221569
0.151061
-0.017786
-0.250077
-0.373611
-0.296356
-0.076192
0.117455
0.183335
0.118339
-0.011644
-0.115160
-0.167786
-0.236791
-0.242368
-0.147874
-0.006669
0.111126
0.113011
-0.015239
-0.140970
-0.182585
-0.157423
-0.103886
-0.067338
-0.013957
0.067058
0.157077
0.226884
0.273466
0.275527
0.274028
0.261545
0.239245
0.149908
-0.066823
-0.301061
-0.381469
-0.270757
-0.057259
0.119831
0.161846
0.095898
-0.008473
-0.105516
-0.178160
-0.223539
-0.216728
-0.138336
-0.012087
0.081530
0.082876
-0.025735
-0.125394
-0.171212
-0.153911
-0.115047
-0.063550
-0.001701
0.081234
0.169457
0.240511
0.278164
0.286867
0.269448
0.265560
0.246953
0.141380
-0.091397
-0.334445
-0.415845
-0.268971
-0.019845
0.159894
0.176658
0.082529
-0.038244
-0.115449
-0.189967
-0.226654
-0.238619
-0.132886
0.013128
0.109033
0.083397
-0.040759
-0.139817
-0.169075
-0.142659
-0.106214
-0.059090
0.001677
0.092282
0.188196
0.264536
0.304523
0.302088
0.264684
0.245208
0.213073
0.100057
-0.123123
-0.358143
-0.397937
-0.230130
0.020672
0.188068
0.185165
0.058780
-0.058217
-0.142373
-0.195507
-0.228164
-0.203935
-0.102552
0.031361
0.106580
0.056765
-0.066458
-0.148656
-0.161759
-0.133470
-0.099604
-0.047736
0.018855
0.114921
0.210329
0.282871
0.306155
0.299685
0.261302
0.249112
0.210308
0.061582
-0.194196
-0.392777
-0.374024
-0.160358
0.084361
0.197892
0.145709
0.018584
-0.081050
-0.154837
-0.243999
-0.266134
-0.179938
-0.025644
0.110443
0.129690
0.008894
-0.115999
-0.175693
-0.165393
-0.119469
-0.069457
-0.014702
0.055864
0.143383
0.231922
0.292500
0.286547
0.281155
0.247069
0.268799
0.216718
0.014471
-0.268356
-0.418364
-0.340206
-0.103606
0.119679
0.189575
0.131056
0.013582
-0.089532
-0.184130
-0.266230
-0.251826
-0.128345
0.022409
0.120381
0.083604
-0.036080
-0.121592
-0.153651
-0.144767
-0.109124
-0.059443
0.005281
0.094336
0.179637
0.256836
0.296619
0.292433
0.276088
0.252221
0.248236
0.157413
-0.074519
-0.314175
-0.393179
-0.280411
-0.034049
0.147823
0.179190
0.097215
-0.022883
-0.122663
-0.179305
-0.204930
-0.201870
-0.134076
-0.027876
0.079912
0.074442
-0.024018
-0.110261
-0.151717
-0.139973
-0.103912
-0.064819
-0.004397
0.094958
0.203655
0.285771
0.319115
0.295807
0.266867
0.260362
0.249428
0.110605
-0.154728
-0.368098
-0.395632
-0.207315
0.041803
0.178864
0.160188
0.054971
-0.051937
-0.144999
-0.251253
-0.275235
-0.184665
-0.034613
0.095815
0.116783
0.007441
-0.087244
-0.143277
-0.156264
-0.132664
-0.087215
-0.024050
0.060448
0.138957
0.219835
0.278010
0.286067
0.284725
0.259376
0.267555
0.243684
0.080804
-0.216614
-0.417272
-0.397514
-0.171098
0.086339
0.192709
0.151376
0.029597
-0.076124
-0.166284
-0.246473
-0.254549
-0.157934
-0.013366
0.094892
0.084692
-0.019352
-0.106336
-0.143089
-0.140339
-0.116439
-0.081710
-0.017857
0.073682
0.167908
0.254726
0.298032
0.300798
0.292678
0.271399
0.271927
0.188184
-0.062747
-0.341109
-0.442556
-0.305115
-0.038506
0.161876
0.187109
0.095565
-0.016301
-0.109510
-0.225043
-0.291632
-0.234537
-0.084737
0.065495
0.129256
0.045932
-0.061999
-0.134589
-0.157303
-0.144062
-0.107260
-0.051887
0.033316
0.118700
0.215410
0.277260
0.298911
0.287438
0.257298
0.273895
0.260132
0.104417
-0.188468
-0.402458
-0.407748
-0.195131
0.058531
0.191760
0.152563
0.039356
-0.064531
-0.148437
-0.242980
-0.272263
-0.189832
-0.038156
0.101599
0.108822
0.000143
-0.099914
-0.151445
-0.149534
-0.124463
-0.087312
-0.024558
0.063265
0.157239
0.246519
0.292955
0.285492
0.258853
0.245815
0.258601
0.224423
0.040791
-0.248670
-0.423758
-0.356168
-0.122886
0.108081
0.181094
0.108359
0.000718
-0.080187
-0.151765
-0.249473
-0.265788
-0.160796
0.000957
0.114757
0.081881
-0.040832
-0.127857
-0.153678
-0.142007
-0.115756
-0.076880
-0.001732
0.098585
0.201607
0.275800
0.297083
0.287066
0.265307
0.263341
0.267560
0.156081
-0.096924
-0.351383
-0.418474
-0.268265
-0.010634
0.168586
0.173406
0.078956
-0.035589
-0.126911
-0.238454
-0.287530
-0.208752
-0.061859
0.090787
0.119013
0.020485
-0.085962
-0.150085
-0.160025
-0.133606
-0.092684
-0.032299
0.054296
0.137847
0.228776
0.286609
0.292651
0.282614
0.251650
0.259761
0.244709
0.083179
-0.205677
-0.399206
-0.387190
-0.168049
0.070175
0.186273
0.133640
0.029452
-0.074702
-0.140222
-0.218705
-0.253034
-0.183698
-0.047370
0.077122
0.091778
0.000646
-0.093484
-0.143181
-0.146247
-0.128641
-0.091747
-0.023346
0.075601
0.177624
0.262973
0.303963
0.308204
0.278480
0.251875
0.258839
0.212097
-0.016677
-0.288706
-0.432472
-0.333395
-0.075361
0.140785
0.192018
0.113787
-0.010303
-0.100822
-0.206578
-0.275678
-0.230265
-0.098454
0.047852
0.120617
0.050127
-0.053065
-0.123931
-0.151883
-0.137832
-0.105968
-0.050432
0.037634
0.118546
0.206505
0.278487
0.295236
0.289958
0.258687
0.242209
0.252768
0.144404
-0.089096
-0.342039
-0.400630
-0.250735
0.001853
0.154439
0.165497
0.064034
-0.031746
-0.119934
-0.206798
-0.248980
-0.195664
-0.084497
0.048336
0.078700
0.034706
-0.043305
-0.114218
-0.140982
-0.133238
-0.102058
-0.032389
0.059338
0.159669
0.263237
0.320678
0.311080
0.272057
0.245128
0.279914
0.250122
0.050015
-0.252535
-0.441092
-0.367680
-0.107900
0.130069
0.207451
0.130195
0.009629
-0.087097
-0.157256
-0.256385
-0.273274
-0.149894
0.009368
0.131309
0.089398
-0.020192
-0.116556
-0.149350
-0.143657
-0.111559
-0.069391
0.015076
0.112456
0.203476
0.277041
0.299377
0.284467
0.268740
0.247465
0.252921
0.179294
-0.056071
-0.313836
-0.395308
-0.274360
-0.029089
0.142801
0.160342
0.077982
-0.015957
-0.098107
-0.201931
-0.267231
-0.210465
-0.083829
0.056546
0.098417
0.033916
-0.054451
-0.117286
-0.143237
-0.137108
-0.102965
-0.042445
0.046581
0.136789
0.225296
0.289250
0.303064
0.273172
0.234888
0.245673
0.249954
0.111139
-0.142043
-0.358804
-0.380123
-0.205505
0.035688
0.160547
0.141944
0.042071
-0.056609
-0.130109
-0.182471
-0.243439
-0.203540
-0.090427
0.048700
0.099311
0.025124
-0.074526
-0.138607
-0.149344
-0.129821
-0.085224
-0.030147
0.059716
0.161684
0.252103
0.284163
0.289877
0.266871
0.253901
0.262096
0.221708
0.035649
-0.243438
-0.400301
-0.344671
-0.119930
0.105326
0.181149
0.119671
0.007143
-0.084761
-0.188107
-0.270806
-0.246439
-0.126701
0.020585
0.117158
0.067623
-0.039282
-0.119434
-0.152061
-0.144574
-0.111337
-0.065318
0.010624
0.091702
0.182930
0.268100
0.283905
0.270164
0.242965
0.230464
0.255875
0.191290
-0.032983
-0.284008
-0.390815
-0.289764
-0.059577
0.124614
0.155398
0.087181
-0.020099
-0.100695
-0.196557
-0.254863
-0.214791
-0.091241
0.041661
0.101141
0.026720
-0.067263
-0.124992
-0.142723
-0.135926
-0.105345
-0.053066
0.028280
0.116477
0.204775
0.267474
0.287481
0.270761
0.238730
0.240632
0.239865
0.143269
-0.091800
-0.334378
-0.387155
-0.234770
-0.000194
0.150379
0.148184
0.055029
-0.047818
-0.126941
-0.209732
-0.248684
-0.188882
-0.064313
0.055948
0.094898
0.015326
-0.075634
-0.136115
-0.146105
-0.122284
-0.079331
-0.021355
0.052966
0.127539
0.209052
0.274127
0.285135
0.268441
0.237347
0.244643
0.240701
0.111765
-0.150355
-0.368201
-0.370032
-0.187704
0.053990
0.168926
0.137478
0.037766
-0.054545
-0.130350
-0.226727
-0.260068
-0.173423
-0.031112
0.091832
0.101379
-0.002698
-0.099283
-0.145213
-0.139984
-0.109767
-0.067164
-0.013304
0.062797
0.134956
0.229289
0.280739
0.281483
0.269168
0.250379
0.268851
0.233869
0.046117
-0.229130
-0.395937
-0.346161
-0.119798
0.099751
0.181459
0.122393
0.018338
-0.077991
-0.156982
-0.253445
-0.240421
-0.136234
0.006929
0.105537
0.079401
-0.034536
-0.105319
-0.143932
-0.131009
-0.099207
-0.057704
-0.003532
0.073923
0.151801
0.246660
0.286240
0.288862
0.269493
0.247012
0.256019
0.186028
-0.028969
-0.282311
-0.387863
-0.296301
-0.059633
0.134221
0.176944
0.100907
-0.011725
-0.106186
-0.178576
-0.241604
-0.229041
-0.116860
0.017399
0.106299
0.063216
-0.046237
-0.122371
-0.140929
-0.134168
-0.103664
-0.063531
0.005734
0.093820
0.187941
0.256362
0.289795
0.280541
0.257605
0.244331
0.254250
0.150638
-0.086704
-0.339010
-0.394936
-0.241919
-0.002481
0.157924
0.160501
0.068099
-0.036678
-0.123360
-0.230547
-0.262506
-0.190161
-0.052755
0.070348
0.107540
0.021093
-0.084618
-0.141257
-0.154269
-0.126341
-0.086246
-0.029577
0.035121
0.103932
0.173354
0.247691
0.280592
0.283527
0.243983
0.230645
0.238013
0.129684
-0.105173
-0.326957
-0.384467
-0.232879
0.006469
0.161741
0.150423
0.055545
-0.052485
-0.124620
-0.198164
-0.246012
-0.203405
-0.086067
0.043879
0.110845
0.030296
-0.083202
-0.146430
-0.153413
-0.127051
-0.086379
-0.046092
0.023208
0.114609
0.204798
0.269636
0.281974
0.259907
0.237498
0.234812
0.227433
0.109826
-0.131648
-0.351225
-0.370754
-0.204612
0.029353
0.165055
0.140251
0.043731
-0.056560
-0.137135
-0.226072
-0.257384
-0.186613
-0.041290
0.086016
0.107729
0.007007
-0.112168
-0.162627
-0.153645
-0.112011
-0.073219
-0.016508
0.047329
0.124701
0.199632
0.257240
0.281080
0.280589
0.252229
0.250928
0.198792
0.042342
-0.213195
-0.369966
-0.340018
-0.139215
0.069132
0.167941
0.124851
0.021570
-0.084091
-0.155722
-0.215989
-0.228313
-0.160565
-0.040486
0.061684
0.086167
-0.005275
-0.104559
-0.146167
-0.139873
-0.114083
-0.076247
-0.027644
0.045468
0.132940
0.224976
0.281298
0.287015
0.270640
0.241381
0.242965
0.200437
0.006787
-0.250846
-0.391380
-0.323500
-0.095554
0.110215
0.173942
0.103577
0.000018
-0.090808
-0.171751
-0.255195
-0.245725
-0.128515
0.017686
0.115827
0.085797
-0.042886
-0.130478
-0.156943
-0.141424
-0.103386
-0.059977
0.004737
0.080191
0.154809
0.216404
0.267071
0.271290
0.252449
0.227447
0.244885
0.178215
-0.019082
-0.263908
-0.368291
-0.288900
-0.076959
0.104495
0.149965
0.089946
-0.002547
-0.088414
-0.160610
-0.227164
-0.219507
-0.138349
-0.011933
0.081051
0.068756
-0.043696
-0.122879
-0.150238
-0.132514
-0.103214
-0.066825
-0.014098
0.070393
0.156457
0.239172
0.280180
0.291323
0.262069
0.233269
0.226385
0.146701
-0.060012
-0.299332
-0.378405
-0.267963
-0.034638
0.140282
0.161491
0.075283
-0.036260
-0.119198
-0.195054
-0.258046
-0.213634
-0.091971
0.040849
0.103384
0.052431
-0.071431
-0.141043
-0.158831
-0.137186
-0.094743
-0.047551
0.018292
0.097320
0.170010
0.230943
0.266424
0.268606
0.244838
0.240360
0.234998
0.119782
-0.073712
-0.301973
-0.368175
-0.245511
-0.028521
0.123121
0.144928
0.075914
-0.018062
-0.106640
-0.165220
-0.190771
-0.159923
-0.156621
-0.045075
0.034538
0.052641
-0.019520
-0.105799
-0.152954
-0.128877
-0.099045
-0.066564
-0.020228
0.061166
0.172022
0.267141
0.297813
0.293899
0.244984
0.234046
0.233898
0.119180
-0.114300
-0.331979
-0.384326
-0.225805
0.009319
0.154875
0.150734
0.063325
-0.042491
-0.119052
-0.198838
-0.252384
-0.201157
-0.080376
0.047118
0.101733
0.040872
-0.081332
-0.142798
-0.158982
-0.124304
-0.089787
-0.041332
0.023287
0.106623
0.181653
0.247784
0.277929
0.275736
0.250065
0.243554
0.223673
0.106914
-0.138753
-0.338051
-0.364514
-0.203856
0.027113
0.162775
0.139376
0.047720
-0.057168
-0.136631
-0.200249
-0.230157
-0.178932
-0.065668
0.050645
0.089296
0.015363
-0.088076
-0.134028
-0.145076
-0.115070
-0.086240
-0.038859
0.031929
0.123084
0.195807
0.246979
0.270183
0.273332
0.255364
0.248804
0.218632
0.083934
-0.153035
-0.335959
-0.348476
-0.189411
0.028435
0.151986
0.141792
0.052669
-0.049006
-0.131771
-0.199340
-0.236676
-0.184653
-0.064097
0.052266
0.099376
0.021928
-0.084483
-0.137291
-0.142629
-0.110371
-0.074058
-0.031334
0.042137
0.133395
0.208471
0.260551
0.275163
0.274250
0.270140
0.266226
0.199167
0.015444
-0.230338
-0.366746
-0.320975
-0.127420
0.082958
0.173905
0.128112
0.026762
-0.074629
-0.167417
-0.247074
-0.236263
-0.138036
-0.001465
0.096940
0.090374
-0.021006
-0.106865
-0.145266
-0.141483
-0.107254
-0.058475
-0.001077
0.072592
0.148757
0.225121
0.274485
0.289354
0.275274
0.244659
0.243581
0.168713
-0.017445
-0.269663
-0.377322
-0.302970
-0.076301
0.121425
0.172683
0.102991
-0.002493
-0.089423
-0.149213
-0.188298
-0.209786
-0.176203
-0.052929
0.061525
0.099690
0.004904
-0.096981
-0.150859
-0.144184
-0.111775
-0.068200
-0.017839
0.075926
0.183060
0.268336
0.302645
0.299631
0.257601
0.244241
0.233848
0.127939
-0.113654
-0.336195
-0.377662
-0.223947
0.007264
0.160754
0.161172
0.063685
-0.040519
-0.116381
-0.195670
