-0.108276
-0.147522
-0.104553
-0.091370
-0.125885
-0.094055
0.017548
0.098358
0.141632
0.223816
0.220428
0.088562
-0.039978
-0.081268
-0.072845
-0.072113
-0.034576
-0.016632
-0.063324
-0.071747
0.001953
0.061493
0.048645
-0.013245
-0.114716
-0.223572
-0.231384
-0.133301
-0.044342
-0.034576
-0.100159
-0.231720
-0.144775
0.372986
0.710175
0.554596
0.222137
-0.208038
-0.530334
-0.426880
0.040894
0.340881
0.261017
0.065247
-0.134308
-0.260803
-0.166809
0.107147
0.216705
0.112915
0.042908
0.019562
-0.021698
-0.047363
-0.058899
-0.103516
-0.149200
-0.127899
-0.023041
0.057434
0.115967
0.213379
0.249207
0.146393
0.009064
-0.067383
-0.104218
-0.104553
-0.043671
0.003662
-0.022705
-0.058624
-0.028809
0.005341
0.000946
-0.005432
-0.048798
-0.139740
-0.205017
-0.194885
-0.160034
-0.128571
-0.125214
-0.180298
0.003998
0.517395
0.697296
0.474731
0.134247
-0.284271
-0.540039
-0.348175
0.133209
0.350769
0.229645
0.044922
-0.122559
-0.209839
-0.090393
0.130859
0.134247
0.016205
-0.014252
0.007355
0.016876
0.029388
0.016876
-0.079590
-0.183807
-0.154755
-0.033264
0.020599
0.074432
0.177643
0.190491
0.124847
0.054077
-0.006470
-0.078583
-0.117828
-0.068756
-0.028839
-0.035278
-0.031860
-0.004425
-0.027161
-0.057953
-0.057953
-0.061340
-0.083374
-0.098236
-0.131744
-0.186951
-0.208618
-0.229248
-0.190674
0.217255
0.713959
0.690582
0.384216
-0.017670
-0.431854
-0.546356
-0.185669
0.276642
0.344055
0.169647
-0.025818
-0.181915
-0.176819
0.043274
0.201111
0.061249
-0.091492
-0.105072
-0.054565
0.031097
0.110016
0.084625
-0.061005
-0.180237
-0.152100
-0.072906
-0.000397
0.111694
0.179779
0.132690
0.076172
0.058868
0.014160
-0.054230
-0.067139
-0.046753
-0.052887
-0.048828
-0.001740
0.000946
-0.066803
-0.116577
-0.109436
-0.092163
-0.050507
-0.018677
-0.080658
-0.189392
-0.282867
-0.327911
-0.014923
0.623474
0.789093
0.491943
0.108032
-0.328400
-0.583923
-0.345825
0.191620
0.396210
0.251282
0.044281
-0.146393
-0.214783
-0.025146
0.241058
0.167938
-0.084747
-0.191406
-0.169067
-0.074585
0.088287
0.197052
0.096436
-0.096558
-0.145691
-0.103668
-0.080658
0.006683
0.155426
0.152679
0.025696
-0.006470
0.023956
0.011780
-0.012238
-0.008545
-0.042084
-0.087067
-0.037994
0.021942
-0.012909
-0.102997
-0.150757
-0.154510
-0.115234
-0.028839
0.009766
-0.048492
-0.159241
-0.282196
-0.219513
0.308807
0.719360
0.591339
0.276642
-0.145691
-0.507111
-0.479645
-0.028503
0.331879
0.309814
0.147614
-0.036652
-0.167755
-0.094574
0.165283
0.221832
0.002991
-0.156921
-0.199341
-0.168549
-0.027863
0.143677
0.146027
0.014496
-0.044128
-0.006134
-0.028564
-0.061768
0.028442
0.082062
0.027435
-0.011261
-0.004791
-0.021088
-0.023468
0.037964
0.049835
-0.024872
-0.059143
-0.018066
-0.023132
-0.095123
-0.138641
-0.154938
-0.162781
-0.104401
-0.015991
-0.006134
-0.048981
-0.128876
-0.225403
0.011505
0.530853
0.631470
0.368744
0.054321
-0.307098
-0.509399
-0.270355
0.207336
0.349121
0.187958
0.024445
-0.098022
-0.117401
0.076477
0.282593
0.144165
-0.128662
-0.232727
-0.217072
-0.116058
0.046875
0.155792
0.084686
-0.052094
-0.031342
0.052002
0.026489
0.010162
0.043182
-0.008911
-0.086548
-0.062988
-0.010956
-0.017761
-0.011963
0.045837
0.054688
0.005371
0.008453
0.018646
-0.062988
-0.159302
-0.177673
-0.149414
-0.110291
-0.059265
-0.043304
-0.072571
-0.117462
-0.174591
-0.060608
0.398010
0.710724
0.490265
0.139771
-0.218506
-0.517273
-0.438965
0.010162
0.341919
0.276581
0.085358
-0.076630
-0.150787
-0.014343
0.264679
0.308197
0.022736
-0.209351
-0.278046
-0.237549
-0.074249
0.113953
0.135345
0.000000
-0.071503
0.016632
0.084015
0.070038
0.089081
0.045837
-0.089539
-0.142944
-0.072906
-0.023529
-0.016754
0.015564
0.038727
0.015900
0.030548
0.096954
0.062592
-0.087860
-0.215179
-0.256775
-0.208740
-0.090546
0.020020
0.009796
-0.093262
-0.189575
-0.223572
0.046875
0.612732
0.771332
0.452484
0.039063
-0.382507
-0.594513
-0.366852
0.140106
0.355835
0.207825
0.007721
-0.121216
-0.114075
0.100647
0.354828
0.273193
-0.028656
-0.230408
-0.289978
-0.233154
-0.062317
0.110168
0.117676
0.002991
-0.021149
0.052673
0.050964
0.045502
0.092133
0.041840
-0.084106
-0.120148
-0.082764
-0.082428
-0.059601
0.002991
0.018646
0.020691
0.074127
0.122131
0.051636
-0.088867
-0.206970
-0.259033
-0.204895
-0.083771
0.007050
-0.014343
-0.090881
-0.213074
-0.261353
0.099976
0.665894
0.771362
0.491669
0.106781
-0.377441
-0.623108
-0.348846
0.132294
0.290894
0.161255
0.015228
-0.129730
-0.119171
0.143219
0.370850
0.247345
-0.031006
-0.185516
-0.264435
-0.246094
-0.085480
0.073456
0.073792
0.023407
0.045837
0.039063
-0.018433
0.010162
0.095917
0.073792
-0.002075
-0.044281
-0.113037
-0.172241
-0.132385
-0.021484
0.033661
0.056763
0.109497
0.106110
0.009460
-0.104187
-0.178680
-0.201172
-0.168610
-0.089569
-0.044312
-0.065796
-0.126312
-0.220856
-0.182068
0.280670
0.744812
0.689392
0.407257
0.000275
-0.449890
-0.572754
-0.213409
0.191193
0.231689
0.100983
-0.053467
-0.181061
-0.101440
0.214355
0.384796
0.198334
-0.035461
-0.174622
-0.247803
-0.205566
-0.033752
0.086670
0.048615
-0.015350
-0.004120
-0.004791
-0.018433
0.069366
0.153076
0.112244
0.021027
-0.054138
-0.140228
-0.201843
-0.158264
-0.049408
0.039398
0.098969
0.124146
0.070374
-0.051758
-0.153534
-0.164063
-0.125275
-0.093597
-0.071869
-0.090210
-0.126648
-0.172241
-0.209351
-0.032074
0.465302
0.724762
0.564423
0.288635
-0.115448
-0.467255
-0.440704
-0.056885
0.196960
0.169434
0.063934
-0.093597
-0.189575
-0.049744
0.230652
0.282135
0.113312
-0.025604
-0.136230
-0.203949
-0.144775
0.007751
0.061249
0.012878
-0.014679
-0.022522
-0.048096
-0.012329
0.115204
0.174164
0.115234
0.026886
-0.075134
-0.159851
-0.168701
-0.102814
-0.029785
0.012238
0.069305
0.101776
0.025269
-0.100586
-0.163239
-0.148895
-0.117767
-0.069550
-0.054138
-0.105225
-0.177155
-0.212524
-0.205383
0.041107
0.554779
0.718964
0.515869
0.217865
-0.172729
-0.445251
-0.347931
0.034302
0.207764
0.136719
0.024017
-0.118652
-0.179138
-0.019318
0.215210
0.200439
0.063904
-0.020691
-0.093964
-0.142853
-0.086426
0.054321
0.063599
-0.019348
-0.057556
-0.072021
-0.100952
-0.028290
0.157318
0.213867
0.119110
0.002350
-0.108917
-0.186432
-0.160278
-0.036255
0.031982
0.018555
0.030945
0.028900
-0.057617
-0.143738
-0.149261
-0.112793
-0.094818
-0.073151
-0.063477
-0.104858
-0.168274
-0.214142
-0.164154
0.260559
0.686615
0.632477
0.394958
0.048218
-0.346527
-0.460938
-0.143433
0.208496
0.231903
0.116119
-0.040436
-0.190765
-0.158356
0.103027
0.250000
0.113068
-0.022095
-0.087616
-0.140015
-0.107941
0.055054
0.130615
0.010620
-0.092072
-0.090027
-0.093445
-0.087280
0.057159
0.201965
0.161621
0.053009
-0.036255
-0.131409
-0.176880
-0.091064
0.032715
0.047852
0.033051
0.034790
-0.030060
-0.138275
-0.174500
-0.134460
-0.097260
-0.057617
-0.024200
-0.055176
-0.121429
-0.169678
-0.212067
-0.060730
0.442902
0.688721
0.527710
0.275696
-0.117615
-0.449554
-0.402679
0.007141
0.268463
0.227783
0.100586
-0.080414
-0.206909
-0.090698
0.180634
0.211365
0.041687
-0.074219
-0.149445
-0.178070
-0.054565
0.158020
0.158081
-0.006592
-0.096466
-0.098541
-0.102722
-0.037048
0.132843
0.178925
0.075134
-0.006958
-0.067383
-0.122925
-0.098328
0.007202
0.041351
0.010040
0.033752
0.031281
-0.070190
-0.173981
-0.191193
-0.153656
-0.109955
-0.036499
-0.023529
-0.083618
-0.139862
-0.173065
-0.200592
0.058441
0.564911
0.639557
0.435974
0.181793
-0.214294
-0.470825
-0.305176
0.115417
0.263031
0.186890
0.062408
-0.114075
-0.180695
-0.006439
0.223114
0.165192
-0.003265
-0.095215
-0.173462
-0.174988
-0.012177
0.166473
0.126495
-0.013641
-0.056915
-0.062683
-0.085999
0.001007
0.156128
0.136871
0.015686
-0.048798
-0.097229
-0.127777
-0.065002
0.049835
0.051971
0.007446
0.027252
-0.003265
-0.109314
-0.192291
-0.178711
-0.145630
-0.105743
-0.041412
-0.043610
-0.101837
-0.158356
-0.185638
-0.161926
0.251831
0.676392
0.603333
0.371246
0.019012
-0.355560
-0.474823
-0.152313
0.238556
0.276001
0.153992
-0.020203
-0.171021
-0.155548
0.097107
0.266052
0.136414
-0.032471
-0.150574
-0.219360
-0.167511
0.045319
0.165192
0.062225
-0.051178
-0.057648
-0.061615
-0.058746
0.085999
0.198608
0.105011
-0.022369
-0.094360
-0.148407
-0.137268
-0.013733
0.088898
0.063690
0.037018
0.031250
-0.051880
-0.177887
-0.232941
-0.183319
-0.127869
-0.076752
-0.039307
-0.065186
-0.147980
-0.192261
-0.192993
0.106110
0.637390
0.680603
0.427185
0.126312
-0.265717
-0.494263
-0.287262
0.156128
0.291870
0.202301
0.055023
-0.130035
-0.206726
-0.016235
0.249115
0.199432
0.031250
-0.062347
-0.173950
-0.232300
-0.081421
0.115509
0.085632
-0.033569
-0.039642
-0.024170
-0.059448
0.025146
0.188446
0.159668
0.013580
-0.058319
-0.119415
-0.171478
-0.088806
0.058838
0.086823
0.050537
0.074585
0.045502
-0.090393
-0.206512
-0.214691
-0.174103
-0.128906
-0.041962
-0.029022
-0.111206
-0.170837
-0.174683
-0.148193
0.232574
0.693146
0.599518
0.324799
0.019897
-0.316559
-0.441528
-0.160095
0.224640
0.257874
0.137360
0.002411
-0.136963
-0.157532
0.060913
0.235596
0.124664
-0.000000
-0.068024
-0.142639
-0.166656
-0.035095
0.065704
-0.000397
-0.057312
-0.006042
0.017609
-0.015564
0.077576
0.183777
0.113892
-0.004272
-0.075195
-0.140717
-0.159332
-0.052216
0.067230
0.078156
0.067566
0.072479
-0.011658
-0.156708
-0.244720
-0.205597
-0.134827
-0.094360
-0.063019
-0.078857
-0.154877
-0.189667
-0.193176
0.065704
0.626953
0.698029
0.414581
0.113556
-0.257385
-0.477844
-0.282684
0.180634
0.309326
0.174316
0.023468
-0.138580
-0.204681
-0.015839
0.270264
0.217133
0.027374
-0.048523
-0.109711
-0.174042
-0.096680
0.048828
-0.001801
-0.099213
-0.057404
0.023468
0.010834
0.047363
0.172180
0.139465
0.022430
-0.025391
-0.086182
-0.169800
-0.121674
0.013641
0.041809
0.041107
0.090240
0.081848
-0.041565
-0.163849
-0.209503
-0.200714
-0.154694
-0.076324
-0.057709
-0.106567
-0.139923
-0.149078
-0.189117
0.060394
0.601959
0.652191
0.404053
0.152100
-0.213409
-0.460754
-0.284729
0.164764
0.277924
0.149292
0.028076
-0.124481
-0.204254
-0.018005
0.248047
0.193542
0.036163
-0.035919
-0.113586
-0.191223
-0.110748
0.029114
0.013977
-0.038727
-0.016937
0.008728
-0.042267
0.007996
0.145538
0.138550
0.042511
-0.032806
-0.095734
-0.144714
-0.091553
0.030548
0.068298
0.050323
0.072876
0.048553
-0.069885
-0.167938
-0.188446
-0.151459
-0.130005
-0.094727
-0.076752
-0.104675
-0.136597
-0.145142
-0.160065
0.082153
0.549530
0.597809
0.422424
0.174561
-0.185394
-0.424164
-0.277985
0.103394
0.214417
0.158264
0.059052
-0.101532
-0.178955
-0.027863
0.186401
0.164825
0.078125
0.012085
-0.099030
-0.195190
-0.118408
0.015289
0.023193
0.016022
0.016785
-0.022980
-0.091431
-0.005066
0.160553
0.174622
0.094269
-0.009399
-0.117462
-0.163086
-0.083038
0.039093
0.073944
0.074341
0.070038
0.006744
-0.109375
-0.178131
-0.160858
-0.137482
-0.108032
-0.062317
-0.085022
-0.126770
-0.136902
-0.130402
-0.186188
-0.028870
0.489441
0.638947
0.491241
0.268738
-0.106323
-0.443939
-0.388794
0.027679
0.197357
0.155273
0.103729
-0.024536
-0.153961
-0.061340
0.172211
0.158539
0.046753
0.009308
-0.071075
-0.184570
-0.121552
0.040680
0.071686
0.013977
-0.011230
-0.054840
-0.139557
-0.050171
0.173004
0.229248
0.118927
-0.017029
-0.120117
-0.173462
-0.107117
0.049286
0.101959
0.077118
0.046783
-0.019897
-0.130615
-0.178986
-0.140015
-0.109009
-0.098145
-0.087677
-0.090912
-0.112549
-0.128418
-0.121216
-0.187866
-0.070007
0.446289
0.679901
0.560211
0.303864
-0.106384
-0.471619
-0.439941
-0.009796
0.219513
0.182373
0.092957
-0.035767
-0.148560
-0.064941
0.162170
0.167969
0.042511
-0.040802
-0.102814
-0.152557
-0.076508
0.070251
0.088654
0.023010
-0.053772
-0.120850
-0.163727
-0.040802
0.190277
0.258453
0.150299
-0.030334
-0.138062
-0.161896
-0.086212
0.054352
0.101196
0.057922
-0.015900
-0.064514
-0.112793
-0.123535
-0.104797
-0.098297
-0.094666
-0.102203
-0.107971
-0.097839
-0.099640
-0.113251
-0.189331
-0.146179
0.359283
0.698975
0.620941
0.376831
-0.053101
-0.465942
-0.517731
-0.093536
0.215485
0.216125
0.133057
-0.004333
-0.129150
-0.098663
0.122131
0.177460
0.051697
-0.068237
-0.120667
-0.123108
-0.056366
0.076965
0.100433
0.019165
-0.090149
-0.139221
-0.152771
-0.026398
0.198456
0.264557
0.138245
-0.061188
-0.143280
-0.128723
-0.039490
0.084503
0.115387
0.045349
-0.060760
-0.107971
-0.115082
-0.088043
-0.072083
-0.087677
-0.090851
-0.111786
-0.104980
-0.076294
-0.054993
-0.090790
-0.199615
-0.262726
0.160126
0.641235
0.663940
0.487457
0.084656
-0.386963
-0.564636
-0.234863
0.142303
0.202515
0.167847
0.073639
-0.077637
-0.118713
0.079285
0.179840
0.050201
-0.068756
-0.096680
-0.108398
-0.063080
0.071808
0.115387
0.043152
-0.077606
-0.130737
-0.142456
-0.045746
0.152985
0.231262
0.127808
-0.034424
-0.098846
-0.087524
-0.020233
0.082825
0.110413
0.016937
-0.098145
-0.123291
-0.110535
-0.080780
-0.060944
-0.075134
-0.085052
-0.094208
-0.071930
-0.047821
-0.042236
-0.087524
-0.184509
-0.286163
-0.019897
0.533203
0.692505
0.538177
0.204620
-0.244751
-0.531189
-0.363678
0.041748
0.197510
0.181580
0.127777
0.003113
-0.110535
-0.014923
0.127411
0.046295
-0.076538
-0.074432
-0.027344
-0.026978
0.016205
0.077850
0.033600
-0.083282
-0.128235
-0.088226
-0.033020
0.081024
0.172485
0.119659
-0.012085
-0.064178
-0.021301
0.009155
0.048096
0.087463
0.024353
-0.096039
-0.127930
-0.088654
-0.072693
-0.068817
-0.063843
-0.076660
-0.077698
-0.032288
-0.000427
-0.037994
-0.092285
-0.166809
-0.264435
-0.259094
0.190887
0.678284
0.661133
0.400818
0.033356
-0.371887
-0.522461
-0.210388
0.150635
0.207855
0.179108
0.113373
-0.030273
-0.116760
-0.010010
0.055420
-0.039215
-0.055237
0.034851
0.034882
-0.026794
0.014526
0.060181
-0.033966
-0.129517
-0.084229
-0.043243
-0.028259
0.070221
0.160553
0.100586
0.002075
0.018524
0.035675
-0.001129
0.009949
0.021362
-0.069031
-0.143677
-0.104401
-0.060120
-0.079407
-0.077667
-0.055817
-0.056885
-0.048309
-0.010071
-0.012207
-0.066956
-0.131378
-0.193970
-0.240845
-0.137054
0.363129
0.661499
0.533569
0.275848
-0.109924
-0.442413
-0.452454
-0.080597
0.200012
0.245087
0.217194
0.085846
-0.094177
-0.175507
-0.066315
0.000641
0.008881
0.081909
0.109863
0.028931
-0.026581
-0.000763
-0.025513
-0.118225
-0.116425
-0.051605
-0.034821
-0.001129
0.115601
0.170715
0.085876
0.023193
0.030029
0.014252
-0.019043
-0.009369
-0.040161
-0.130737
-0.138214
-0.070221
-0.048706
-0.073792
-0.055878
-0.045898
-0.050598
-0.024750
-0.004333
-0.048401
-0.108185
-0.156128
-0.180145
-0.210236
0.060791
0.530548
0.575287
0.393036
0.096924
-0.277496
-0.479095
-0.281464
0.119171
0.264893
0.265259
0.184662
-0.011505
-0.210938
-0.201263
-0.033752
0.033264
0.097656
0.156006
0.106598
0.002441
-0.022247
-0.020813
-0.108185
-0.159729
-0.109253
-0.052673
-0.026215
0.075867
0.197937
0.158569
0.056824
0.022491
-0.003967
-0.056244
-0.058441
-0.018677
-0.057343
-0.111786
-0.088196
-0.062775
-0.091858
-0.099121
-0.033142
0.003174
-0.023071
-0.014465
-0.019897
-0.086395
-0.144348
-0.132660
-0.143372
-0.014954
0.388702
0.559998
0.425934
0.143372
-0.178650
-0.406891
-0.336243
0.041626
0.286072
0.302612
0.198944
0.018555
-0.209625
-0.275879
-0.103027
0.039734
0.116913
0.148438
0.128326
0.026825
-0.038757
-0.042633
-0.094513
-0.168304
-0.150330
-0.070557
-0.045013
0.043823
0.190582
0.215607
0.116638
0.035980
-0.017487
-0.093292
-0.087952
-0.014832
-0.020355
-0.088318
-0.103638
-0.085419
-0.106232
-0.106384
-0.030304
0.014465
-0.021332
-0.031586
-0.043060
-0.087280
-0.112213
-0.083496
-0.129791
-0.129517
0.275238
0.575043
0.481812
0.228516
-0.094574
-0.414307
-0.459717
-0.043793
0.312500
0.355560
0.266937
0.081970
-0.206665
-0.364105
-0.181763
0.032227
0.113525
0.156982
0.171387
0.070892
-0.057098
-0.046783
-0.037994
-0.147736
-0.194061
-0.099091
-0.049194
-0.002838
0.163727
0.266754
0.174805
0.053009
0.000336
-0.072723
-0.115051
-0.033203
0.008667
-0.069153
-0.126648
-0.097900
-0.093567
-0.098328
-0.028046
-0.004425
-0.048035
-0.062744
-0.055206
-0.073578
-0.084778
-0.075562
-0.112305
-0.206177
0.057465
0.494507
0.553619
0.377045
0.064667
-0.316010
-0.504639
-0.210205
0.235626
0.383850
0.332703
0.153687
-0.146301
-0.371552
-0.258911
0.005890
0.115753
0.147369
0.170898
0.109802
-0.009674
-0.019653
0.003113
-0.117493
-0.231354
-0.192230
-0.107483
-0.026001
0.134552
0.275177
0.222931
0.081055
-0.013245
-0.079193
-0.113953
-0.051208
0.021118
-0.028046
-0.111908
-0.132690
-0.121124
-0.105499
-0.053955
0.013519
0.001923
-0.058044
-0.076447
-0.071655
-0.093353
-0.089355
-0.098206
-0.131927
0.171967
0.509552
0.507874
0.304504
-0.023376
-0.354431
-0.452850
-0.116455
0.276855
0.386841
0.299072
0.100952
-0.169495
-0.324188
-0.190399
-0.003296
0.063599
0.092560
0.102814
0.072296
0.025574
0.039490
0.042755
-0.083771
-0.205505
-0.214630
-0.143250
-0.027069
0.142517
0.262268
0.208374
0.077515
-0.032532
-0.093842
-0.093018
-0.024353
0.028381
-0.018158
-0.102753
-0.141235
-0.133850
-0.106232
-0.064911
-0.009125
-0.001312
-0.058838
-0.087860
-0.074188
-0.088348
-0.095856
-0.135254
-0.049042
0.350555
0.558197
0.467438
0.223755
-0.155029
-0.487885
-0.443115
-0.012115
0.313873
0.392944
0.299469
0.064789
-0.218933
-0.278442
-0.101227
-0.006683
0.009521
0.046570
0.063202
0.017822
0.041199
0.073639
0.029114
-0.066742
-0.142578
-0.149628
-0.128387
0.002411
0.162048
0.211243
0.126617
0.019958
-0.048859
-0.080902
-0.037964
0.032440
0.046204
-0.024231
-0.092194
-0.121338
-0.133057
-0.104279
-0.074646
-0.051361
-0.054688
-0.064270
-0.077667
-0.057648
-0.052185
-0.091766
-0.165955
-0.171814
0.272919
0.588104
0.523529
0.319611
-0.066315
-0.454834
-0.517365
-0.090515
0.271271
0.361786
0.313019
0.114166
-0.151367
-0.247284
-0.069672
0.013672
-0.003815
0.016998
0.041626
-0.007538
-0.008362
0.068726
0.046631
-0.001740
-0.045502
-0.104736
-0.160095
-0.065491
0.114990
0.178314
0.124176
0.024506
-0.058411
-0.087616
-0.037994
0.032867
0.036591
-0.006714
-0.061340
-0.104279
-0.109253
-0.077606
-0.060486
-0.090942
-0.100128
-0.078003
-0.053009
-0.024231
0.007385
-0.042572
-0.143280
-0.286377
-0.091187
0.434784
0.620483
0.517517
0.212067
-0.225342
-0.543701
-0.373444
0.088165
0.316895
0.329132
0.211090
-0.010803
-0.229095
-0.170746
0.015167
0.039886
0.018860
0.038574
0.019257
-0.068573
-0.025879
0.056458
0.041290
-0.012726
-0.058868
-0.120880
-0.130981
0.002777
0.141998
0.146729
0.057220
-0.024414
-0.058472
-0.066956
-0.015045
0.045654
0.021393
-0.036438
-0.074799
-0.088867
-0.089600
-0.054443
-0.050446
-0.085022
-0.078522
-0.044708
-0.018555
-0.024963
-0.031403
-0.092804
-0.217865
-0.287933
0.059235
0.533630
0.610199
0.441101
0.118805
-0.311310
-0.525970
-0.249176
0.145020
0.280823
0.273590
0.166107
-0.073975
-0.240814
-0.132202
0.021088
0.037079
0.061401
0.099731
-0.003235
-0.094238
-0.008392
0.056549
0.013092
-0.040741
-0.080963
-0.134796
-0.096558
0.072052
0.190857
0.143402
0.036621
-0.024353
-0.067017
-0.063843
0.009521
0.053284
-0.002441
-0.059021
-0.065399
-0.072540
-0.063385
-0.050293
-0.067780
-0.096893
-0.076569
-0.020782
-0.014801
-0.023560
-0.061798
-0.162964
-0.281769
-0.187317
0.301941
0.615417
0.561249
0.308289
-0.089691
-0.451843
-0.450256
-0.053009
0.242554
0.298340
0.239380
0.052887
-0.188904
-0.245514
-0.060608
0.058075
0.082428
0.120667
0.082825
-0.069763
-0.086517
0.019073
0.008270
-0.053802
-0.070953
-0.075378
-0.085388
0.013458
0.165375
0.166565
0.058533
-0.024353
-0.051025
-0.062195
-0.016388
0.057281
0.032593
-0.050690
-0.082153
-0.067780
-0.056244
-0.055847
-0.041107
-0.088104
-0.126740
-0.070953
-0.015198
-0.017578
-0.021973
-0.085724
-0.206329
-0.297180
-0.065796
0.440430
0.627838
0.504028
0.202240
-0.217804
-0.504791
-0.347076
0.080688
0.295197
0.301514
0.180450
-0.060089
-0.266418
-0.208405
0.017395
0.117584
0.129089
0.124634
0.020599
-0.111237
-0.075500
-0.005981
-0.025452
-0.053589
-0.029449
-0.036987
-0.046875
0.038422
0.127197
0.097809
0.012604
-0.012329
-0.028198
-0.038910
0.006256
0.034363
-0.019470
-0.075256
-0.058197
-0.040436
-0.049133
-0.045959
-0.060150
-0.119446
-0.107544
-0.020233
0.008209
-0.024933
-0.065247
-0.135986
-0.229187
-0.255554
0.103790
0.540070
0.579132
0.382111
0.072998
-0.301575
-0.475647
-0.187134
0.195313
0.292328
0.230743
0.090729
-0.140137
-0.290497
-0.133423
0.089478
0.132843
0.120636
0.101685
-0.020569
-0.128662
-0.072266
-0.012665
-0.039520
-0.041870
-0.006348
-0.040314
-0.060760
0.051544
0.141113
0.090332
0.027161
-0.000000
-0.044220
-0.050507
0.015686
0.035034
-0.026062
-0.050903
-0.041870
-0.048584
-0.058411
-0.043457
-0.063171
-0.112427
-0.070221
-0.009918
-0.028870
-0.061157
-0.080933
-0.141632
-0.240204
-0.205872
0.193970
0.537384
0.523987
0.343811
0.013733
-0.353760
-0.423187
-0.080933
0.218384
0.265289
0.213226
0.039398
-0.212585
-0.280457
-0.055664
0.123352
0.138367
0.132019
0.083954
-0.051697
-0.102570
-0.028076
-0.007538
-0.047821
-0.056458
-0.047028
-0.073425
-0.031616
0.111115
0.172668
0.108368
0.021637
-0.030060
-0.068268
-0.050171
0.015686
0.029144
-0.023712
-0.065979
-0.065582
-0.062775
-0.069855
-0.052460
-0.056061
-0.063965
-0.038727
-0.029266
-0.057220
-0.084869
-0.123474
-0.175598
-0.241058
-0.019806
0.437897
0.582886
0.438568
0.159058
-0.206635
-0.448181
-0.259735
0.143494
0.297516
0.256836
0.117554
-0.126892
-0.312469
-0.201965
0.051880
0.146088
0.143768
0.132324
0.039337
-0.069305
-0.039520
0.002716
-0.052277
-0.110596
-0.101105
-0.097565
-0.069611
0.079132
0.216888
0.184601
0.061218
-0.042572
-0.107178
-0.104431
-0.017700
0.051758
0.008331
-0.062805
-0.082214
-0.076630
-0.075867
-0.056519
-0.040436
-0.067902
-0.057007
-0.027130
-0.048218
-0.080139
-0.087891
-0.119446
-0.219940
-0.169800
0.278320
0.563812
0.485657
0.281403
-0.051605
-0.379913
-0.369446
0.023468
0.266357
0.255432
0.175415
-0.015076
-0.245148
-0.262268
-0.035034
0.095917
0.106476
0.129730
0.107330
-0.012268
-0.025696
0.025574
-0.034241
-0.128662
-0.140564
-0.110779
-0.094147
0.026367
0.194641
0.214569
0.101349
-0.011475
-0.078278
-0.093781
-0.029419
0.045166
0.027618
-0.046967
-0.079498
-0.084839
-0.087677
-0.070129
-0.040405
-0.057495
-0.068512
-0.029816
-0.029816
-0.078339
-0.094269
-0.097900
-0.181030
-0.217194
0.143738
0.526642
0.518127
0.337646
0.033356
-0.331665
-0.441254
-0.103943
0.242767
0.288788
0.214630
0.054474
-0.182159
-0.288116
-0.110413
0.064270
0.076935
0.090363
0.115204
0.050476
0.025177
0.060211
0.010132
-0.121490
-0.189514
-0.138977
-0.088470
0.012146
0.160828
0.224396
0.143738
0.007629
-0.078278
-0.107574
-0.063171
0.015808
0.050079
0.000336
-0.071350
-0.095825
-0.102783
-0.097839
-0.097839
-0.070526
-0.051819
-0.036713
-0.033478
-0.061157
-0.108032
-0.137390
-0.190002
-0.147186
0.289337
0.584595
0.503052
0.257172
-0.099976
-0.420502
-0.421326
-0.000885
0.305481
0.312469
0.197052
0.012970
-0.189880
-0.234436
-0.039276
0.054657
0.033813
0.042419
0.065765
0.037109
0.053101
0.132904
0.049866
-0.109314
-0.189636
-0.165894
-0.124176
0.003204
0.190948
0.222504
0.121338
0.001160
-0.071869
-0.110840
-0.070679
0.024963
0.041412
-0.016876
-0.062500
-0.070740
-0.093811
-0.111023
-0.110229
-0.099213
-0.084869
-0.040833
0.001984
-0.017334
-0.074982
-0.128571
-0.193268
-0.174774
0.238922
0.574127
0.524384
0.304230
-0.048767
-0.393890
-0.453461
-0.077637
0.266479
0.322601
0.233459
0.048279
-0.167206
-0.234497
-0.064453
0.025940
0.009857
0.017670
0.044952
0.030090
0.042480
0.127991
0.074280
-0.058716
-0.153778
-0.173584
-0.148010
-0.030243
0.155762
0.194977
0.110657
0.014801
-0.046753
-0.070313
-0.039368
0.021027
0.016022
-0.028625
-0.060822
-0.064941
-0.075745
-0.096008
-0.114166
-0.131958
-0.102173
-0.036438
-0.010803
-0.001312
-0.033539
-0.113739
-0.236938
-0.127777
0.352539
0.592712
0.497589
0.255432
-0.126129
-0.481628
-0.426239
0.017273
0.285156
0.297150
0.210724
0.016846
-0.208862
-0.189819
0.018097
0.034241
-0.035187
-0.014923
0.004059
-0.000885
0.046631
0.143402
0.100800
-0.042236
-0.101349
-0.125732
-0.155518
-0.052582
0.154572
0.185944
0.068146
0.004456
-0.033539
-0.068695
-0.043884
0.033844
0.023499
-0.046356
-0.054993
-0.038116
-0.064117
-0.091827
-0.100952
-0.139374
-0.136475
-0.064117
-0.024872
-0.019501
-0.036835
-0.087311
-0.214569
-0.141022
0.336792
0.587311
0.497589
0.257080
-0.117859
-0.465118
-0.435211
-0.012054
0.260712
0.287140
0.207794
0.023895
-0.182251
-0.175171
0.012329
0.035431
-0.019501
-0.013275
-0.001709
-0.015717
0.028412
0.129822
0.114990
-0.005798
-0.065552
-0.105164
-0.163635
-0.068848
0.134613
0.180267
0.076111
-0.004974
-0.057251
-0.087280
-0.038757
0.043518
0.026215
-0.036224
-0.037018
-0.041992
-0.083405
-0.100677
-0.096161
-0.134674
-0.152710
-0.087067
-0.037384
-0.039032
-0.043945
-0.062744
-0.179962
-0.030823
0.429657
0.564056
0.415619
0.166931
-0.177765
-0.458496
-0.327515
0.077271
0.251160
0.234802
0.155792
-0.006165
-0.161163
-0.100677
0.047821
0.012207
-0.041382
-0.023773
-0.019684
-0.034790
0.026062
0.098846
0.055481
-0.002899
-0.007385
-0.056854
-0.134094
-0.050751
0.104523
0.111389
0.059540
0.018738
-0.045807
-0.086670
-0.025391
0.035461
0.000000
-0.029083
-0.009460
-0.025360
-0.076447
-0.080902
-0.097260
-0.145844
-0.134827
-0.078461
-0.060883
-0.048706
-0.036804
-0.062500
-0.182983
-0.069489
0.391541
0.572296
0.449738
0.221741
-0.131622
-0.445343
-0.364288
0.024414
0.215942
0.214722
0.165680
0.026062
-0.133209
-0.098480
0.038757
0.001953
-0.068268
-0.043365
-0.011078
-0.018860
0.024414
0.061981
0.045258
0.020355
0.010162
-0.048706
-0.123810
-0.068268
0.060760
0.107697
0.079163
0.032593
-0.027405
-0.061707
-0.022522
0.014221
0.006439
-0.009888
-0.006561
-0.012726
-0.055145
-0.080505
-0.097687
-0.136047
-0.136047
-0.088684
-0.067444
-0.057648
-0.062927
-0.086639
-0.173584
-0.128662
0.343781
0.600647
0.484650
0.261017
-0.083038
-0.424164
-0.414795
-0.029907
0.187469
0.191559
0.171112
0.071014
-0.085052
-0.102203
0.048126
0.023193
-0.077240
-0.058838
-0.006958
-0.010254
0.018707
0.056213
0.035767
-0.004517
0.002380
-0.007355
-0.090851
-0.084351
0.038605
0.097565
0.077606
0.059692
0.011719
-0.060974
-0.059753
-0.000000
0.016541
-0.002472
-0.000000
-0.010590
-0.067688
-0.093597
-0.074524
-0.092743
-0.115295
-0.092285
-0.068359
-0.093811
-0.084473
-0.065460
-0.123138
-0.219147
0.108398
0.563263
0.569885
0.388794
0.089752
-0.312561
-0.528046
-0.250519
0.133942
0.219635
0.213501
0.150787
-0.023773
-0.159698
-0.043488
0.055786
-0.028625
-0.061493
0.014374
0.019226
-0.024963
0.016785
0.043304
0.002747
-0.021332
0.001923
-0.039398
-0.091583
-0.014099
0.087830
0.088989
0.056488
0.045715
-0.000854
-0.056213
-0.039398
-0.001648
-0.011292
-0.030548
-0.013275
-0.016876
-0.044983
-0.046631
-0.058594
-0.101929
-0.115509
-0.087067
-0.065826
-0.051758
-0.029755
-0.084290
-0.185699
-0.228607
0.137482
0.567230
0.584076
0.397705
0.068481
-0.331238
-0.520447
-0.254700
0.094971
0.218048
0.248932
0.165131
-0.040161
-0.186493
-0.098694
-0.006439
-0.016876
0.038055
0.121429
0.051270
-0.061829
-0.032532
-0.004456
-0.044159
-0.042175
-0.002869
-0.036133
-0.081482
0.004333
0.102966
0.092590
0.062439
0.064087
0.021576
-0.050201
-0.031342
-0.007660
-0.052155
-0.067017
-0.021729
-0.006042
-0.025696
-0.014496
-0.037781
-0.111115
-0.145233
-0.097504
-0.063812
-0.050201
-0.043762
-0.109131
-0.218170
-0.143188
0.311829
0.611786
0.535980
0.293030
-0.113129
-0.496857
-0.496857
-0.103088
0.210815
0.297424
0.255310
0.058044
-0.182465
-0.220032
-0.047760
0.039612
0.065613
0.137665
0.116364
-0.044464
-0.080811
-0.033630
-0.085571
-0.089081
-0.002441
0.035828
-0.008789
0.007477
0.075592
0.077515
0.054810
0.052368
0.034485
-0.017120
-0.015503
0.005463
-0.038513
-0.084808
-0.067719
-0.026520
-0.018250
0.002289
0.014130
-0.052856
-0.128906
-0.132751
-0.091370
-0.052704
-0.016541
-0.054260
-0.146851
-0.227539
-0.138824
0.305054
0.600464
0.526154
0.262360
-0.144714
-0.475098
-0.448395
-0.063690
0.230164
0.288849
0.204559
0.007294
-0.196381
-0.216888
-0.020294
0.114288
0.149628
0.148438
0.062134
-0.077759
-0.123962
-0.089783
-0.094025
-0.057861
0.039520
0.059631
0.006500
0.006104
0.056915
0.056915
0.040253
0.058044
0.051422
0.010010
-0.012451
-0.029510
-0.091492
-0.126709
-0.069733
0.004944
0.037506
0.053741
0.027832
-0.089539
-0.174225
-0.147522
-0.061218
-0.007385
0.012695
-0.039551
-0.168060
-0.292694
-0.168427
0.335022
0.633728
0.540375
0.253510
-0.186676
-0.525757
-0.430542
0.008423
0.281647
0.289398
0.170959
-0.072418
-0.272858
-0.188110
0.079651
0.194214
0.170166
0.127228
0.009613
-0.132019
-0.140564
-0.079803
-0.085571
-0.052246
0.036346
0.040558
0.010376
0.056793
0.116394
0.075378
0.027802
0.025848
0.013092
-0.009369
-0.005463
-0.017883
-0.093323
-0.119232
-0.061218
0.006104
0.046387
0.061096
0.008850
-0.104095
-0.154816
-0.113831
-0.049225
0.000336
0.023926
-0.048065
-0.215576
-0.321198
-0.231445
0.241760
0.626373
0.566040
0.311768
-0.097656
-0.448334
-0.444489
-0.060059
0.240326
0.252747
0.138885
-0.075928
-0.232330
-0.172272
0.090118
0.231354
0.187988
0.125671
0.007263
-0.137726
-0.174469
-0.099365
-0.075043
-0.061157
0.025024
0.059021
0.038147
0.070984
0.131531
0.097198
0.011108
0.003784
0.018829
-0.003510
-0.014679
-0.012756
-0.075836
-0.133514
-0.071564
0.010681
0.029907
0.032959
0.014496
-0.074127
-0.138153
-0.098572
-0.030334
-0.008057
-0.027283
-0.099579
-0.237762
-0.333710
-0.206573
0.294373
0.626465
0.539490
0.294464
-0.095947
-0.437195
-0.410706
-0.024475
0.217407
0.186066
0.086914
-0.071350
-0.199799
-0.122406
0.128296
0.235382
0.187683
0.124847
0.012878
-0.137543
-0.186920
-0.136292
-0.111938
-0.094025
0.010590
0.095062
0.099182
0.126923
0.148590
0.063049
-0.051331
-0.044952
0.007507
0.016266
0.015106
-0.007263
-0.084412
-0.142181
-0.066925
0.022339
0.038696
0.033356
0.011322
-0.057404
-0.097290
-0.054382
-0.017944
-0.009186
-0.045288
-0.117432
-0.226471
-0.294067
-0.287262
0.053497
0.545380
0.628265
0.448914
0.120758
-0.279266
-0.474152
-0.260254
0.070221
0.157959
0.138611
0.049286
-0.093872
-0.150085
0.029205
0.227478
0.202393
0.127563
0.041718
-0.111786
-0.234161
-0.192383
-0.094727
-0.051300
0.028076
0.106659
0.119995
0.084625
0.071747
0.052734
-0.006866
-0.011078
0.038696
0.036041
-0.030823
-0.065399
-0.075653
-0.093506
-0.049042
0.012085
0.021576
0.000305
0.000702
-0.009186
-0.042603
-0.067261
-0.055115
-0.057404
-0.095825
-0.151611
-0.229492
-0.305817
-0.219604
0.278015
0.645691
0.568237
0.337646
-0.024750
-0.380707
-0.427032
-0.100708
0.132507
0.135162
0.093750
-0.020935
-0.152679
-0.104828
0.137360
0.238556
0.183899
0.137177
0.027985
-0.151062
-0.223663
-0.160706
-0.126953
-0.083466
0.047455
0.131775
0.113190
0.110809
0.118164
0.041565
-0.035278
-0.019897
0.011505
-0.006012
-0.019806
-0.018677
-0.058777
-0.095764
-0.056366
-0.005951
-0.001160
0.007660
0.038635
0.004333
-0.053680
-0.071564
-0.078064
-0.082764
-0.092468
-0.134644
-0.220032
-0.313599
-0.207458
0.296295
0.628479
0.567902
0.350891
-0.045929
-0.422302
-0.438690
-0.097137
0.137573
0.160400
0.121521
-0.019043
-0.162598
-0.094788
0.148224
0.237671
0.183624
0.134705
0.001373
-0.179108
-0.212402
-0.139008
-0.103424
-0.057953
0.049622
0.096436
0.078644
0.106964
0.117188
0.038879
-0.047089
-0.034393
-0.002533
-0.002869
0.007690
0.004150
-0.058685
-0.123016
-0.091156
-0.030426
0.008057
0.055725
0.088196
0.024658
-0.074860
-0.108704
-0.096344
-0.088257
-0.069183
-0.103363
-0.225311
-0.329163
-0.240997
0.257355
0.643097
0.612091
0.382355
-0.033569
-0.434967
-0.487854
-0.130127
0.155701
0.195801
0.150757
-0.009216
-0.174438
-0.116333
0.140839
0.245483
0.189819
0.130310
-0.000397
-0.187836
-0.218170
-0.127625
-0.092682
-0.057495
0.030243
0.082764
0.071472
0.091522
0.125366
0.055603
-0.043427
-0.040619
-0.001099
-0.004272
0.010864
0.016174
-0.066650
-0.145203
-0.113525
-0.027191
0.042938
0.097870
0.117950
0.017578
-0.112823
-0.151581
-0.118073
-0.083221
-0.075104
-0.139893
-0.248444
-0.341125
-0.145569
0.424835
0.696106
0.563934
0.270294
-0.160828
-0.504822
-0.417053
0.001007
0.210632
0.188751
0.102081
-0.079315
-0.215363
-0.082184
0.187714
0.248779
0.181061
0.122986
-0.031433
-0.196136
-0.190857
-0.114380
-0.104187
-0.088348
0.015106
0.078369
0.089020
0.144867
0.165070
0.048401
-0.067657
-0.052094
-0.014923
0.010559
0.054535
0.038605
-0.081726
-0.168396
-0.115173
-0.017487
0.065033
0.134094
0.132050
-0.008606
-0.151489
-0.184326
-0.151642
-0.093903
-0.073303
-0.120087
-0.223846
-0.308685
-0.180725
0.332825
0.671326
0.575562
0.312134
-0.098999
-0.449127
-0.433472
-0.061432
0.182709
0.179962
0.113892
-0.052185
-0.176270
-0.075989
0.182404
0.274841
0.206573
0.131042
-0.018433
-0.186707
-0.223846
-0.153595
-0.117615
-0.075806
0.042542
0.093353
0.091248
0.122650
0.132080
0.045807
-0.032928
-0.008728
0.022308
0.024872
0.011841
-0.034760
-0.135162
-0.174530
-0.086426
0.027405
0.097870
0.129639
0.100739
-0.043823
-0.180084
-0.197021
-0.133087
-0.090820
-0.078491
-0.121124
-0.212585
-0.300385
-0.069824
0.481171
0.656830
0.493439
0.210327
-0.195251
-0.476563
-0.333771
0.063538
0.204590
0.159027
0.062469
-0.112854
-0.211182
-0.032593
0.223114
0.240112
0.176453
0.117859
-0.034424
-0.196747
-0.203613
-0.155884
-0.160217
-0.076355
0.058868
0.082397
0.089233
0.152496
0.147797
0.037537
-0.021027
-0.004730
-0.012695
-0.016296
0.012573
-0.022095
-0.126251
-0.135651
-0.049225
0.021637
0.079834
0.132996
0.081696
-0.082886
-0.182312
-0.181946
-0.152985
-0.100555
-0.045990
-0.104523
-0.231079
-0.285675
-0.001862
0.493439
0.614899
0.463379
0.166260
-0.234680
-0.459961
-0.266510
0.090363
0.187592
0.146332
0.035736
-0.141052
-0.200348
0.001007
0.230225
0.233093
0.170563
0.105133
-0.068787
-0.232941
-0.212738
-0.145416
-0.116882
-0.017090
0.075562
0.061432
0.062164
0.138550
0.152283
0.055298
0.002808
0.009003
-0.014160
-0.026520
0.003906
-0.030121
-0.135956
-0.141388
-0.050446
0.022766
0.086609
0.138824
0.068512
-0.103424
-0.197388
-0.181885
-0.134705
-0.078461
-0.039276
-0.126434
-0.280731
-0.314606
0.067871
0.565643
0.642334
0.475708
0.136597
-0.305725
-0.499634
-0.235992
0.110138
0.190521
0.152313
0.027588
-0.155792
-0.179779
0.054871
0.233917
0.199371
0.161194
0.095306
-0.086731
-0.213013
-0.175232
-0.155548
-0.130798
-0.015320
0.054169
0.040009
0.065125
0.167877
0.169708
0.091400
0.039642
-0.009186
-0.068207
-0.065643
-0.009888
-0.045624
-0.121033
-0.105347
-0.033966
0.025818
0.095062
0.131531
0.022522
-0.157135
-0.212921
-0.160461
-0.108704
-0.049652
-0.043823
-0.185944
-0.334320
-0.239563
0.269318
0.646973
0.604675
0.379425
-0.024872
-0.406891
-0.424347
-0.069672
0.177124
0.181152
0.117340
-0.037262
-0.188477
-0.125854
0.123535
0.222687
0.186920
0.162140
0.065155
-0.120361
-0.205688
-0.178314
-0.182373
-0.117798
0.007935
0.057129
0.031281
0.086700
0.177826
0.145721
0.075409
0.024353
-0.026337
-0.070038
-0.042023
-0.013885
-0.070038
-0.123291
-0.090088
-0.016449
0.043701
0.112213
0.105621
-0.023010
-0.164490
-0.193970
-0.156830
-0.103577
-0.033630
-0.070831
-0.218506
-0.338531
-0.151062
0.391602
0.672485
0.588654
0.303619
-0.133148
-0.461945
-0.372589
0.005005
0.189484
0.171997
0.080139
-0.094452
-0.215515
-0.086823
0.156342
0.213165
0.170166
0.147186
0.033142
-0.143311
-0.195770
-0.188904
-0.175415
-0.083191
0.035309
0.060822
0.037140
0.117706
0.204407
0.167267
0.077606
0.001404
-0.062378
-0.094818
-0.045288
-0.014618
-0.071136
-0.110504
-0.069336
-0.005859
0.058624
0.115875
0.076874
-0.067139
-0.175781
-0.177948
-0.139008
-0.097382
-0.059875
-0.127350
-0.274292
-0.328613
0.040771
0.558960
0.665070
0.494781
0.146851
-0.279755
-0.486877
-0.229065
0.119171
0.196106
0.154541
0.038239
-0.140076
-0.203156
-0.002594
0.186249
0.172455
0.153442
0.127563
-0.005859
-0.152466
-0.156860
-0.175110
-0.197357
-0.069702
0.050629
0.049133
0.048767
0.165497
0.205261
0.121735
0.060822
-0.007690
-0.083588
-0.104706
-0.044922
-0.043121
-0.090546
-0.082855
-0.034363
0.013062
0.065186
0.106384
0.033508
-0.099976
-0.164917
-0.161957
-0.137177
-0.086121
-0.042389
-0.141174
-0.285919
-0.302124
0.094421
0.576385
0.645325
0.492188
0.120270
-0.327118
-0.485779
-0.198059
0.116638
0.184113
0.166962
0.026215
-0.166351
-0.186005
0.037872
0.193176
0.181213
0.166962
0.101654
-0.060944
-0.174377
-0.167450
-0.185333
-0.146271
-0.019012
0.054626
0.025848
0.046936
0.166962
0.198669
0.134521
0.065552
-0.010620
-0.089752
-0.112000
-0.073334
-0.066803
-0.083588
-0.057281
0.000000
0.037872
0.064087
0.070679
-0.007690
-0.117859
-0.155731
-0.142273
-0.129517
-0.082092
-0.085052
-0.199158
-0.316223
-0.142975
0.417786
0.671967
0.560394
0.293091
-0.140533
-0.479431
-0.379486
0.030212
0.206085
0.194366
0.110413
-0.090118
-0.243988
-0.129517
0.131195
0.191742
0.171692
0.164795
0.065582
-0.100006
-0.158783
-0.169739
-0.208130
-0.142822
-0.005524
0.058044
0.035797
0.102325
0.208191
0.192841
0.113129
0.032196
-0.057617
-0.130737
-0.110992
-0.048523
-0.047119
-0.051971
-0.015137
0.019470
0.031311
0.042816
0.028046
-0.066254
-0.125610
-0.122009
-0.126923
-0.118134
-0.079590
-0.138763
-0.272888
-0.287292
0.108032
0.585022
0.618256
0.443573
0.108368
-0.316010
-0.465332
-0.163910
0.153015
0.182037
0.141632
0.017242
-0.182190
-0.214294
0.011597
0.169983
0.149628
0.163727
0.149445
0.000305
-0.120636
-0.144897
-0.211151
-0.220734
-0.084503
0.061676
0.070831
0.067017
0.153137
0.184326
0.139252
0.097870
0.028046
-0.077972
-0.122375
-0.091278
-0.081024
-0.073456
-0.028961
-0.001190
0.004486
0.022003
0.029999
-0.029755
-0.094482
-0.090302
-0.106659
-0.143219
-0.123077
-0.128815
-0.225891
-0.296326
-0.086945
0.443329
0.642548
0.513794
0.255127
-0.168854
-0.454681
-0.304901
0.100128
0.230469
0.182495
0.087219
-0.113617
-0.246185
-0.115143
0.117340
0.143311
0.137207
0.167358
0.093384
-0.037811
-0.082397
-0.143402
-0.241394
-0.191071
-0.041626
0.051788
0.060944
0.099792
0.160767
0.149719
0.122314
0.076904
-0.021790
-0.113281
-0.122040
-0.107147
-0.093842
-0.038208
0.015533
0.019775
0.013275
0.018616
-0.009583
-0.077850
-0.089661
-0.066376
-0.082794
-0.113647
-0.109436
-0.158234
-0.276825
-0.295471
0.079254
0.582001
0.631531
0.456207
0.127625
-0.308014
-0.475800
-0.179962
0.179077
0.212616
0.156219
0.027008
-0.192200
-0.261932
-0.039337
0.161530
0.150116
0.157837
0.162018
0.028931
-0.099945
-0.093872
-0.142273
-0.206329
-0.124725
0.006775
0.030792
0.027771
0.121094
0.184753
0.164886
0.129395
0.062012
-0.054871
-0.126373
-0.101624
-0.085266
-0.075745
-0.019440
0.018555
0.004852
0.000702
0.010559
-0.032318
-0.089264
-0.067963
-0.049713
-0.100861
-0.134949
-0.137970
-0.228424
-0.335876
-0.210846
0.323822
0.660370
0.566772
0.344299
-0.062042
-0.430145
-0.387329
0.017700
0.234955
0.204712
0.122833
-0.066742
-0.255890
-0.193237
0.066925
0.160248
0.149353
0.172272
0.117645
-0.034302
-0.082031
-0.086914
-0.181580
-0.199219
-0.092865
0.003693
0.010834
0.063385
0.161011
0.179779
0.150024
0.111420
0.031830
-0.083344
-0.120087
-0.093506
-0.092316
-0.067535
0.001068
0.032562
0.015289
0.015656
0.008942
-0.062653
-0.108002
-0.058502
