0.386945
0.427628
0.463367
0.229226
-0.031638
-0.314662
-0.509666
-0.476581
-0.291110
-0.077085
0.116655
0.216174
0.154175
0.093619
-0.029906
-0.112578
-0.175750
-0.203584
-0.256040
-0.210017
-0.188256
-0.087303
0.005705
0.085694
0.088517
0.111876
0.083020
0.151726
0.244680
0.357959
0.431041
0.489641
0.280347
-0.010585
-0.292937
-0.526116
-0.488785
-0.305060
-0.068270
0.107083
0.229959
0.146888
0.115618
-0.006614
-0.086231
-0.173709
-0.214209
-0.276862
-0.220493
-0.183648
-0.071610
0.025730
0.092436
0.093037
0.097316
0.073154
0.138371
0.244656
0.348750
0.427643
0.474599
0.328451
0.026201
-0.222452
-0.483533
-0.483424
-0.337818
-0.104693
0.063052
0.218765
0.164609
0.130050
0.017287
-0.075805
-0.171599
-0.204611
-0.257899
-0.213005
-0.170069
-0.075976
0.013384
0.082253
0.096390
0.095685
0.082884
0.123117
0.230104
0.324342
0.421052
0.471965
0.379405
0.072443
-0.171482
-0.461104
-0.496330
-0.373060
-0.135189
0.041384
0.215079
0.179161
0.135863
0.037025
-0.069329
-0.137432
-0.168697
-0.219602
-0.230243
-0.185147
-0.129637
-0.050493
0.035483
0.071209
0.070640
0.098612
0.113337
0.212503
0.316431
0.414234
0.460471
0.446239
0.155570
-0.108350
-0.397853
-0.528357
-0.436618
-0.207759
-0.008496
0.177994
0.215289
0.147871
0.078748
-0.044444
-0.124239
-0.200643
-0.229617
-0.249428
-0.195189
-0.141677
-0.031144
0.040970
0.101473
0.090632
0.089100
0.085286
0.172494
0.267556
0.387587
0.440759
0.466790
0.227373
-0.043392
-0.320510
-0.496513
-0.445313
-0.251449
-0.043186
0.126635
0.210613
0.141321
0.088086
-0.020814
-0.101839
-0.182075
-0.207491
-0.240934
-0.191783
-0.151715
-0.049872
0.014773
0.089586
0.080794
0.100556
0.076474
0.159004
0.243585
0.365855
0.420860
0.475811
0.307832
0.027871
-0.240264
-0.476360
-0.483460
-0.320212
-0.095481
0.079977
0.215253
0.157380
0.112883
0.008869
-0.083629
-0.155472
-0.207862
-0.262735
-0.213845
-0.167705
-0.092239
-0.000919
0.060423
0.060942
0.088254
0.072331
0.121224
0.231786
0.330387
0.415711
0.472824
0.377486
0.085297
-0.154575
-0.444362
-0.497455
-0.387503
-0.168752
0.010136
0.192907
0.172249
0.136640
0.037168
-0.071946
-0.173235
-0.209815
-0.248773
-0.217112
-0.165704
-0.104676
-0.016844
0.042566
0.072272
0.067175
0.068622
0.080188
0.186376
0.276556
0.381651
0.428657
0.433052
0.174343
-0.058887
-0.343021
-0.484728
-0.430057
-0.233780
-0.053958
0.133121
0.177841
0.124661
0.055895
-0.045507
-0.133835
-0.188172
-0.220694
-0.235062
-0.190315
-0.148494
-0.053888
0.017222
0.080142
0.076696
0.089056
0.075392
0.164103
0.248347
0.366273
0.421689
0.457380
0.247372
-0.017228
-0.291348
-0.486389
-0.460338
-0.286269
-0.079821
0.088808
0.188141
0.126687
0.088658
-0.021926
-0.109652
-0.194365
-0.231399
-0.263242
-0.193230
-0.138836
-0.073593
-0.000882
0.045965
0.043774
0.070688
0.067967
0.127157
0.238191
0.331239
0.401499
0.453827
0.330858
0.053576
-0.187306
-0.453846
-0.495277
-0.370906
-0.156858
0.023908
0.186278
0.158048
0.112347
0.008021
-0.100396
-0.161458
-0.201726
-0.236160
-0.213852
-0.186182
-0.134818
-0.036436
0.026816
0.062619
0.078035
0.075739
0.104401
0.212228
0.299625
0.398063
0.456519
0.405784
0.130490
-0.115984
-0.416333
-0.517008
-0.425343
-0.211198
-0.013167
0.170958
0.184975
0.135543
0.057000
-0.062924
-0.140725
-0.214665
-0.251142
-0.252425
-0.198108
-0.141041
-0.023269
0.039255
0.094503
0.085827
0.081359
0.072754
0.170302
0.256649
0.376391
0.432751
0.448516
0.215160
-0.040820
-0.316186
-0.485125
-0.442747
-0.252641
-0.060488
0.112823
0.185098
0.132129
0.065872
-0.037867
-0.136236
-0.202472
-0.207521
-0.220459
-0.142740
-0.094195
-0.049284
-0.008798
0.043841
0.026501
0.074130
0.080662
0.152796
0.249114
0.354431
0.406393
0.468972
0.340462
0.066202
-0.176531
-0.437389
-0.482601
-0.354698
-0.141966
0.035086
0.202965
0.173743
0.133527
0.028281
-0.074663
-0.147635
-0.162602
-0.240694
-0.225643
-0.195247
-0.143864
-0.016238
0.073659
0.101315
0.115234
0.111008
0.106618
0.226873
0.313026
0.414987
0.476229
0.427666
0.111554
-0.118061
-0.423377
-0.492504
-0.384932
-0.153887
0.008099
0.195643
0.176211
0.131815
0.049295
-0.053878
-0.152606
-0.198185
-0.231502
-0.227147
-0.142187
-0.093513
-0.019541
0.042964
0.064156
0.046765
0.078898
0.073579
0.178252
0.278298
0.373224
0.418957
0.460554
0.257209
0.021215
-0.232656
-0.456862
-0.444257
-0.300054
-0.110361
0.078288
0.196177
0.144094
0.100531
-0.013063
-0.108055
-0.182405
-0.196662
-0.228331
-0.176715
-0.148580
-0.076554
-0.007452
0.057212
0.065875
0.085655
0.073172
0.131210
0.226717
0.330659
0.406503
0.464237
0.367449
0.093464
-0.150947
-0.416425
-0.475759
-0.373918
-0.161896
0.010969
0.173129
0.161234
0.114581
0.024290
-0.086249
-0.165587
-0.213984
-0.235465
-0.212771
-0.143076
-0.106256
-0.028261
0.025654
0.041754
0.050656
0.070356
0.082395
0.197277
0.285567
0.377538
0.428323
0.427557
0.196200
-0.041437
-0.306379
-0.483282
-0.433129
-0.270786
-0.078076
0.098500
0.180967
0.119553
0.061847
-0.058339
-0.154549
-0.207573
-0.215172
-0.213845
-0.150145
-0.114123
-0.080770
-0.020061
0.013613
0.015949
0.047879
0.059930
0.128362
0.239894
0.329387
0.396472
0.439957
0.332279
0.062635
-0.161213
-0.427241
-0.477882
-0.377958
-0.171882
-0.004296
0.160100
0.138764
0.099316
0.002065
-0.101508
-0.201762
-0.221371
-0.246112
-0.213580
-0.155736
-0.104062
-0.032530
0.030366
0.052532
0.050984
0.070654
0.086389
0.199385
0.282433
0.382554
0.411457
0.412104
0.162568
-0.057897
-0.328684
-0.461687
-0.424566
-0.237553
-0.063799
0.113171
0.172493
0.116546
0.050591
-0.063076
-0.171903
-0.207303
-0.212227
-0.207333
-0.139585
-0.105180
-0.046715
0.016536
0.054127
0.048877
0.076037
0.071218
0.164407
0.258932
0.363828
0.423274
0.453655
0.295985
0.045613
-0.190444
-0.419954
-0.422509
-0.305678
-0.109683
0.050823
0.184768
0.135451
0.098172
-0.010475
-0.100944
-0.182118
-0.180461
-0.211502
-0.160609
-0.113959
-0.056044
0.005537
0.066423
0.067174
0.078018
0.092990
0.134312
0.243299
0.331295
0.425988
0.453060
0.405338
0.130438
-0.088902
-0.361506
-0.436361
-0.369474
-0.162794
-0.002782
0.167910
0.176995
0.134449
0.042681
-0.046085
-0.147945
-0.183586
-0.203714
-0.183935
-0.119288
-0.072356
-0.025768
0.023652
0.054559
0.050418
0.089625
0.100739
0.207229
0.292944
0.405530
0.433134
0.469077
0.252772
0.020349
-0.242900
-0.432344
-0.425955
-0.272925
-0.087553
0.090088
0.196061
0.148475
0.103640
-0.016580
-0.110298
-0.190186
-0.194393
-0.221049
-0.150161
-0.124732
-0.049698
0.003095
0.056606
0.047101
0.073967
0.062995
0.136945
0.238774
0.336142
0.415513
0.460652
0.358392
0.097797
-0.127599
-0.393832
-0.451380
-0.361011
-0.170664
-0.000938
0.159827
0.150109
0.116817
0.022995
-0.073933
-0.161772
-0.211328
-0.228545
-0.220122
-0.152478
-0.100461
-0.019224
0.034107
0.064700
0.050719
0.066741
0.076873
0.176576
0.266908
0.368359
0.412564
0.421139
0.195781
-0.036466
-0.299100
-0.458587
-0.425409
-0.258182
-0.083033
0.091010
0.163880
0.113985
0.062535
-0.051818
-0.154704
-0.216745
-0.222948
-0.229743
-0.152619
-0.119579
-0.049618
-0.006216
0.039224
0.020828
0.050867
0.045796
0.136493
0.234094
0.333933
0.392319
0.435980
0.298226
0.043948
-0.183613
-0.427987
-0.457285
-0.344941
-0.155183
0.006403
0.157139
0.127561
0.101884
0.008758
-0.092114
-0.177351
-0.213510
-0.251776
-0.219986
-0.162211
-0.103114
-0.011562
0.044716
0.055495
0.054647
0.059173
0.080451
0.202847
0.287869
0.382906
0.424976
0.389908
0.122949
-0.090062
-0.359033
-0.463978
-0.394844
-0.211758
-0.052008
0.121419
0.152395
0.111329
0.063533
-0.045604
-0.123472
-0.175977
-0.229531
-0.233457
-0.178681
-0.133514
-0.057625
-0.015109
0.026801
0.028606
0.059662
0.070328
0.163004
0.245012
0.353279
0.410887
0.455351
0.290816
0.039382
-0.221691
-0.447917
-0.471964
-0.338460
-0.137965
0.045979
0.182665
0.154457
0.114497
0.007259
-0.094280
-0.162908
-0.192366
-0.248697
-0.201609
-0.183106
-0.117875
-0.028836
0.043464
0.051426
0.083298
0.068793
0.099587
0.196355
0.291780
0.368326
0.435122
0.398845
0.138491
-0.075166
-0.348809
-0.466350
-0.390249
-0.214864
-0.049110
0.130074
0.158931
0.113839
0.060613
-0.060098
-0.150643
-0.191999
-0.224243
-0.228582
-0.154115
-0.117788
-0.039725
0.027027
0.050031
0.049084
0.071464
0.063141
0.152105
0.250484
0.339100
0.392724
0.434632
0.257445
0.026876
-0.209612
-0.426930
-0.432948
-0.304157
-0.133129
0.034926
0.160734
0.123943
0.105627
0.012758
-0.087933
-0.133326
-0.183810
-0.246290
-0.207556
-0.188881
-0.123657
-0.011766
0.050140
0.064014
0.095371
0.067878
0.099234
0.202854
0.290917
0.378048
0.454117
0.394194
0.134171
-0.088459
-0.374464
-0.464613
-0.380457
-0.199129
-0.032850
0.144713
0.148234
0.118384
0.047188
-0.049593
-0.124091
-0.159795
-0.214220
-0.210702
-0.184491
-0.140308
-0.051139
0.020629
0.057744
0.068476
0.074759
0.072312
0.167486
0.244374
0.351558
0.406657
0.442085
0.267631
0.039580
-0.212778
-0.415941
-0.426748
-0.304336
-0.127833
0.043997
0.160228
0.138348
0.112405
0.015145
-0.081215
-0.178416
-0.207908
-0.241659
-0.194721
-0.139832
-0.063679
-0.001354
0.053307
0.051159
0.053114
0.061335
0.110154
0.211734
0.312666
0.384155
0.419596
0.392668
0.141322
-0.062878
-0.321395
-0.430716
-0.384534
-0.207308
-0.058254
0.119175
0.155249
0.117894
0.059023
-0.044661
-0.133095
-0.166873
-0.211264
-0.202656
-0.147932
-0.104857
-0.059737
-0.003658
0.028384
0.034639
0.076768
0.083876
0.167922
0.250337
0.344907
0.392926
0.448245
0.306851
0.078458
-0.156108
-0.395352
-0.439400
-0.336363
-0.159205
0.015029
0.163959
0.146228
0.110541
0.006872
-0.088730
-0.177261
-0.184583
-0.209631
-0.160832
-0.134416
-0.092589
-0.039515
0.015985
0.035118
0.055811
0.069465
0.099588
0.201890
0.279084
0.363553
0.406913
0.407532
0.195894
-0.007764
-0.269271
-0.416827
-0.400738
-0.249494
-0.093640
0.082782
0.145535
0.119543
0.059134
-0.036275
-0.130866
-0.190852
-0.192280
-0.215126
-0.167991
-0.123250
-0.060691
-0.000379
0.058382
0.048746
0.063187
0.066619
0.129094
0.221314
0.320875
0.385468
0.430297
0.329809
0.088121
-0.125990
-0.362207
-0.417088
-0.337486
-0.169806
-0.024580
0.121839
0.117973
0.096027
0.019856
-0.076557
-0.141055
-0.189542
-0.219002
-0.183262
-0.157971
-0.121441
-0.028843
0.011022
0.043504
0.066539
0.064430
0.089897
0.202909
0.260456
0.359988
0.413720
0.399902
0.213069
0.012828
-0.253573
-0.403980
-0.388670
-0.273086
-0.097480
0.064200
0.131073
0.111368
0.066669
-0.047629
-0.096351
-0.171482
-0.191758
-0.192696
-0.163805
-0.150086
-0.061220
-0.024866
0.031928
0.047564
0.060196
0.055721
0.142106
0.214053
0.315733
0.392683
0.427306
0.343914
0.133129
-0.095020
-0.332026
-0.408780
-0.361877
-0.201833
-0.038786
0.104199
0.132048
0.113109
0.033871
-0.064308
-0.132857
-0.199858
-0.212000
-0.215502
-0.167181
-0.113136
-0.023683
0.028264
0.074755
0.062875
0.067365
0.079300
0.169812
0.249001
0.353514
0.403643
0.416618
0.242671
0.021064
-0.216445
-0.390458
-0.389594
-0.277533
-0.105331
0.040030
0.137459
0.110031
0.074895
-0.029032
-0.094171
-0.158566
-0.191929
-0.198433
-0.164494
-0.129106
-0.085592
-0.023491
0.018754
0.039380
0.055682
0.066983
0.117029
0.213954
0.303486
0.384402
0.427506
0.368276
0.141396
-0.061737
-0.319726
-0.411293
-0.367818
-0.211994
-0.056360
0.107150
0.129947
0.109157
0.033737
-0.055779
-0.131163
-0.174453
-0.197322
-0.210302
-0.162523
-0.130635
-0.046112
0.009102
0.062141
0.055788
0.082732
0.079431
0.168009
0.236861
0.343438
0.389473
0.425020
0.257470
0.036088
-0.206688
-0.395907
-0.407151
-0.292451
-0.119107
0.029485
0.138786
0.109337
0.083215
-0.016682
-0.092119
-0.177122
-0.187338
-0.218179
-0.169384
-0.144187
-0.082214
-0.022577
0.039667
0.048275
0.062559
0.061267
0.112946
0.208333
0.300714
0.379142
0.417860
0.364458
0.135919
-0.066448
-0.316552
-0.411516
-0.368564
-0.209535
-0.060390
0.101750
0.130028
0.111300
0.044760
-0.043073
-0.110649
-0.153228
-0.203723
-0.214038
-0.185132
-0.149430
-0.051909
0.025839
0.074240
0.092445
0.102435
0.096466
0.184132
0.256170
0.352108
0.415066
0.436564
0.237042
0.024682
-0.232808
-0.410877
-0.393490
-0.260514
-0.095700
0.078207
0.156282
0.126629
0.088679
-0.016175
-0.106527
-0.169185
-0.184707
-0.199328
-0.153591
-0.122741
-0.055918
-0.000936
0.060444
0.067026
0.086043
0.083835
0.148078
0.226760
0.320890
0.387409
0.433632
0.344499
0.119483
-0.103062
-0.343888
-0.408586
-0.337143
-0.169902
-0.011875
0.133666
0.133150
0.102226
0.022043
-0.067549
-0.127905
-0.168700
-0.201400
-0.200038
-0.173943
-0.119707
-0.029164
0.044677
0.080999
0.091284
0.085101
0.103453
0.192753
0.272227
0.370396
0.431094
0.403097
0.175142
-0.046607
-0.314928
-0.437573
-0.388969
-0.234397
-0.062483
0.100562
0.141663
0.111036
0.052954
-0.055179
-0.113269
-0.182188
-0.203890
-0.202349
-0.161745
-0.126382
-0.069056
-0.022181
0.024151
0.039414
0.060853
0.078305
0.151811
0.232174
0.330648
0.386088
0.425574
0.296808
0.069242
-0.168904
-0.390867
-0.439680
-0.344090
-0.167666
-0.004383
0.136297
0.122945
0.088940
0.001080
-0.084175
-0.164819
-0.193876
-0.221503
-0.213423
-0.172130
-0.117074
-0.036072
0.040102
0.067441
0.074681
0.081866
0.105887
0.188914
0.281713
0.364075
0.417715
0.374733
0.127204
-0.088384
-0.351819
-0.446817
-0.388675
-0.207412
-0.053019
0.118842
0.134997
0.105080
0.030932
-0.066634
-0.162383
-0.195121
-0.222082
-0.209796
-0.167225
-0.119889
-0.052081
0.016896
0.051766
0.053846
0.071954
0.082434
0.175124
0.262658
0.357895
0.401780
0.419038
0.217560
-0.009475
-0.257012
-0.431418
-0.425823
-0.279995
-0.110118
0.057895
0.155812
0.118140
0.068522
-0.026013
-0.112718
-0.177172
-0.194083
-0.226103
-0.194115
-0.158847
-0.085197
-0.009632
0.063123
0.064429
0.081836
0.079790
0.143877
0.229798
0.334922
0.391091
0.435040
0.290278
0.045225
-0.188098
-0.410250
-0.441670
-0.334157
-0.148311
0.003432
0.146120
0.121719
0.092342
0.000984
-0.079413
-0.151179
-0.189022
-0.217977
-0.204318
-0.184526
-0.126014
-0.048518
0.017464
0.055590
0.076376
0.073409
0.104067
0.190074
0.266127
0.355601
0.402050
0.380601
0.153787
-0.056251
-0.321227
-0.439680
-0.406921
-0.244408
-0.078731
0.091978
0.137486
0.106698
0.047845
-0.052881
-0.129361
-0.176413
-0.218042
-0.219982
-0.198383
-0.164897
-0.082178
-0.008799
0.048132
0.067751
0.080774
0.073605
0.152864
0.224089
0.324741
0.386807
0.423242
0.251261
0.027954
-0.220910
-0.425999
-0.433690
-0.309245
-0.136173
0.033422
0.147696
0.113284
0.084043
-0.008577
-0.095208
-0.160704
-0.182105
-0.221168
-0.165813
-0.150192
-0.107504
-0.032376
0.026649
0.044024
0.085760
0.082356
0.122107
0.218119
0.298778
0.366938
0.423364
0.363601
0.135863
-0.058118
-0.319480
-0.418271
-0.365404
-0.209846
-0.048398
0.126865
0.147625
0.118704
0.053443
-0.046124
-0.132364
-0.158468
-0.184941
-0.190057
-0.143344
-0.109630
-0.042646
0.031619
0.071435
0.074313
0.098811
0.104324
0.186872
0.270825
0.358756
0.397515
0.419480
0.234061
0.021946
-0.206894
-0.382091
-0.378104
-0.252945
-0.089759
0.062599
0.158365
0.125137
0.086686
0.004545
-0.070758
-0.127827
-0.150399
-0.191486
-0.162456
-0.148510
-0.077722
-0.006713
0.068518
0.079188
0.109904
0.094954
0.151576
0.233405
0.331125
0.398110
0.451737
0.354414
0.120070
-0.098095
-0.334404
-0.407272
-0.324051
-0.158505
-0.001213
0.150591
0.158689
0.120246
0.051092
-0.042425
-0.123412
-0.146925
-0.176195
-0.157821
-0.113138
-0.101589
-0.043411
0.022282
0.049023
0.082453
0.113353
0.118691
0.204353
0.277817
0.350265
0.403730
0.420701
0.234710
0.034283
-0.203050
-0.392307
-0.383854
-0.262283
-0.098158
0.069615
0.166218
0.123245
0.092505
-0.004685
-0.081126
-0.121243
-0.113077
-0.186770
-0.173622
-0.179395
-0.142385
-0.048294
0.058724
0.079348
0.120308
0.117188
0.134815
0.219103
0.308584
0.365334
0.427536
0.359182
0.110314
-0.091190
-0.337418
-0.422700
-0.342910
-0.166889
-0.025367
0.137360
0.144994
0.101736
0.038358
-0.057005
-0.155377
-0.164881
-0.200615
-0.188416
-0.136656
-0.099806
-0.043710
0.032083
0.053774
0.058197
0.084317
0.087517
0.171772
0.255082
0.343060
0.382273
0.407611
0.208853
0.009261
-0.227277
-0.393626
-0.394775
-0.257689
-0.108959
0.045376
0.140446
0.103514
0.065637
-0.010194
-0.100430
-0.160305
-0.173346
-0.215934
-0.187669
-0.148006
-0.086998
-0.015402
0.064311
0.059024
0.078603
0.078864
0.131121
0.208951
0.315255
0.362429
0.406930
0.294934
0.062434
-0.151429
-0.365010
-0.418685
-0.329030
-0.158027
-0.015563
0.124139
0.118183
0.083787
0.006380
-0.069291
-0.141030
-0.169052
-0.215400
-0.199270
-0.188198
-0.137244
-0.064427
0.013619
0.050515
0.076919
0.079046
0.101034
0.182074
0.264117
0.340945
0.384048
0.361644
0.144088
-0.059037
-0.303459
-0.424471
-0.389013
-0.232983
-0.078438
0.080438
0.128372
0.089297
0.032027
-0.054880
-0.139476
-0.181045
-0.196216
-0.217791
-0.175404
-0.138616
-0.078261
-0.009928
0.043286
0.038816
0.067837
0.074326
0.141921
0.220494
0.311236
0.341939
0.376354
0.225269
0.013681
-0.191945
-0.373373
-0.397014
-0.285192
-0.137011
0.000494
0.115550
0.084155
0.046946
-0.018242
-0.104678
-0.146809
-0.172168
-0.211618
-0.185054
-0.165640
-0.113752
-0.033883
0.034374
0.043720
0.075018
0.065106
0.102829
0.185837
0.271859
0.335006
0.387084
0.311111
0.092670
-0.101548
-0.328379
-0.395114
-0.329732
-0.180716
-0.047393
0.096129
0.095835
0.072202
0.021013
-0.052734
-0.135762
-0.154899
-0.200584
-0.207691
-0.160448
-0.113565
-0.044376
0.031779
0.056876
0.054909
0.079785
0.092811
0.178333
0.262873
0.341226
0.364835
0.366535
0.145694
-0.038059
-0.262245
-0.375210
-0.360411
-0.203516
-0.088982
0.064664
0.115906
0.088535
0.045675
-0.015597
-0.115253
-0.157763
-0.162930
-0.200612
-0.159460
-0.120532
-0.069640
-0.006000
0.063206
0.044429
0.080252
0.091524
0.164722
0.241479
0.344340
0.353875
0.384254
0.212796
0.003989
-0.210936
-0.360666
-0.383614
-0.253290
-0.107986
0.024461
0.119293
0.092734
0.054312
-0.006352
-0.079240
-0.126934
-0.129622
-0.214322
-0.185670
-0.169573
-0.113141
-0.029095
0.069089
0.056372
0.104564
0.098319
0.135361
0.206914
0.297768
0.321067
0.379134
0.271842
0.053245
-0.131404
-0.330976
-0.384561
-0.290394
-0.138423
-0.022424
0.118638
0.096350
0.066615
0.013828
-0.069231
-0.155988
-0.140779
-0.199337
-0.179084
-0.143870
-0.096213
-0.051446
0.046549
0.047905
0.074044
0.089764
0.120830
0.188243
0.286402
0.325118
0.363489
0.323873
0.107736
-0.066770
-0.268722
-0.367582
-0.322443
-0.173751
-0.067477
0.081933
0.103893
0.076900
0.041725
-0.019650
-0.095175
-0.103617
-0.172402
-0.194326
-0.171463
-0.149652
-0.078964
0.016336
0.055712
0.078300
0.109377
0.102225
0.179068
0.256383
0.328475
0.371976
0.386416
0.171437
-0.008234
-0.243162
-0.376414
-0.363493
-0.211691
-0.096110
0.071716
0.124703
0.095836
0.058066
-0.009455
-0.113850
-0.138509
-0.159828
-0.195224
-0.149924
-0.115378
-0.076264
0.006143
0.060306
0.048735
0.094567
0.097900
0.162342
0.246640
0.330288
0.344117
0.379176
0.221236
0.017700
-0.172118
-0.339883
-0.369248
-0.256131
-0.119514
0.008446
0.126067
0.106924
0.078472
0.020885
-0.060637
-0.142591
-0.149841
-0.202252
-0.173186
-0.144161
-0.081482
-0.024679
0.067647
0.066028
0.101241
0.100163
0.152017
0.214660
0.312185
0.343295
0.390508
0.265863
0.051523
-0.151204
-0.339411
-0.379866
-0.279333
-0.124074
0.000964
0.124706
0.101219
0.072278
0.019803
-0.049958
-0.131260
-0.130762
-0.189113
-0.178384
-0.142665
-0.094437
-0.043383
0.051023
0.052907
0.081043
0.098905
0.138252
0.209147
0.307846
0.338671
0.372477
0.304078
0.078177
-0.102246
-0.302193
-0.375284
-0.315386
-0.150654
-0.039989
0.108816
0.116197
0.085830
0.030939
-0.027036
-0.116723
-0.139263
-0.184647
-0.199259
-0.165671
-0.105569
-0.050557
0.039268
0.069663
0.079162
0.096401
0.127311
0.191013
0.281568
0.345256
0.377014
0.337131
0.114676
-0.077943
-0.296424
-0.376328
-0.333966
-0.170768
-0.051103
0.095540
0.115315
0.097539
0.043676
-0.008841
-0.089083
-0.092073
-0.141607
-0.200735
-0.175329
-0.170668
-0.107788
0.001203
0.067466
0.077471
0.132471
0.124935
0.186477
0.271265
0.340630
0.360888
0.388401
0.157972
-0.036461
-0.253701
-0.388705
-0.364451
-0.197006
-0.073440
0.072989
0.142492
0.094627
0.061109
0.001205
-0.102498
-0.140487
-0.152363
-0.195403
-0.148238
-0.116306
-0.068498
0.001122
0.066275
0.055452
0.098102
0.103412
0.165353
0.242843
0.328514
0.345029
0.381173
0.213616
0.016605
-0.179606
-0.339606
-0.363843
-0.237361
-0.111260
0.027310
0.125095
0.100664
0.069858
0.020965
-0.064463
-0.134146
-0.132901
-0.198907
-0.171243
-0.132265
-0.079236
-0.015804
0.079031
0.068532
0.103207
0.115651
0.163424
0.230128
0.327069
0.340876
0.381714
0.238183
0.025561
-0.174977
-0.335598
-0.371514
-0.255366
-0.109105
0.009340
0.123438
0.100504
0.071397
0.014120
-0.044431
-0.118771
-0.126392
-0.188149
-0.163819
-0.153153
-0.106414
-0.055903
0.031322
0.042636
0.092973
0.104539
0.150889
0.214518
0.304439
0.335099
0.379263
0.280780
0.062672
-0.129405
-0.330617
-0.391626
-0.312599
-0.156390
-0.033621
0.114704
0.105286
0.083941
0.020742
-0.037566
-0.133236
-0.142536
-0.211360
-0.208824
-0.175114
-0.117709
-0.053486
0.040313
0.055947
0.072780
0.090358
0.114189
0.182764
0.273745
0.314259
0.353577
0.301363
0.073031
-0.097782
-0.305000
-0.382717
-0.333669
-0.175817
-0.078299
0.079699
0.087555
0.064738
0.017796
-0.038652
-0.131466
-0.146863
-0.195928
-0.207656
-0.179537
-0.134671
-0.084903
0.001451
0.036201
0.056048
0.083210
0.105250
0.167787
0.246486
0.303644
0.331237
0.322998
0.115149
-0.065059
-0.272804
-0.383516
-0.362006
-0.212877
-0.099782
0.043775
0.093422
0.063308
0.028590
-0.022602
-0.096535
-0.112724
-0.143027
-0.224649
-0.203852
-0.200482
-0.146670
-0.039498
0.042988
0.051836
0.107991
0.105215
0.146388
0.223074
0.296570
0.317946
0.366633
0.185403
-0.011733
-0.218015
-0.380030
-0.392206
-0.249174
-0.120807
0.017838
0.114197
0.076182
0.046846
-0.009628
-0.089644
-0.151617
-0.156706
-0.209017
-0.182595
-0.151884
-0.100532
-0.038440
0.043177
0.041994
0.079429
0.085705
0.135452
0.195710
0.285158
0.305012
0.353927
0.256329
0.061419
-0.119686
-0.304222
-0.371374
-0.297229
-0.159770
-0.042729
0.092005
0.090242
0.067451
0.020547
-0.046080
-0.126352
-0.133918
-0.192606
-0.190145
-0.162298
-0.119066
-0.059201
0.033706
0.054412
0.083350
0.099793
0.121507
0.186794
0.267777
0.317351
0.350820
0.315512
0.109345
-0.063645
-0.264775
-0.354077
-0.320157
-0.176786
-0.066567
0.075443
0.105251
0.081292
0.038266
-0.017855
-0.089117
-0.102585
-0.154393
-0.183377
-0.168953
-0.154782
-0.092392
-0.001096
0.056743
0.078150
0.119302
0.114205
0.178463
0.241407
0.312611
0.335871
0.371578
0.195016
0.019966
-0.187892
-0.332053
-0.351853
-0.226746
-0.107485
0.032566
0.119174
0.097201
0.070028
0.012964
-0.064766
-0.120730
-0.144022
-0.184210
-0.168613
-0.138031
-0.078874
-0.010094
0.065171
0.068459
0.093796
0.095808
0.147187
0.212021
0.302242
0.329378
0.373920
0.267927
0.079504
-0.106019
-0.284573
-0.343074
-0.268494
-0.143265
-0.025394
0.095922
0.097702
0.080320
0.037771
-0.031490
-0.100380
-0.122577
-0.177508
-0.171100
-0.147146
-0.098536
-0.035535
0.049682
0.064804
0.093026
0.094979
0.124959
0.190007
0.271112
0.327651
0.362536
0.335567
0.145395
-0.028918
-0.224428
-0.333043
-0.306849
-0.182413
-0.064793
0.064402
0.113963
0.085898
0.053117
-0.005627
-0.078010
-0.130885
-0.143612
-0.186729
-0.154966
-0.111514
-0.052215
0.016229
0.079239
0.073175
0.098423
0.121010
0.183208
0.251313
0.331629
0.338824
0.346068
0.196007
0.012904
-0.172739
-0.302798
-0.322715
-0.220417
-0.094031
0.022151
0.108888
0.098335
0.064706
0.012372
-0.057955
-0.115394
-0.138399
-0.174768
-0.162391
-0.130829
-0.073661
-0.007946
0.064755
0.074708
0.096971
0.100950
0.144891
0.205606
0.288806
0.322943
0.363904
0.273366
0.088629
-0.085736
-0.265813
-0.329466
-0.268011
-0.143758
-0.032408
0.090026
0.098404
0.074909
0.034987
-0.034886
-0.108059
-0.135676
-0.165558
-0.177451
-0.138988
-0.093421
-0.037841
0.040311
0.064254
0.079272
0.095735
0.127677
0.181256
0.262134
0.310072
0.341008
0.320433
0.138445
-0.028864
-0.219361
-0.324404
-0.306081
-0.183811
-0.077471
0.051622
0.093656
0.070568
0.033979
-0.021161
-0.093144
-0.134643
-0.160044
-0.194640
-0.167829
-0.125183
-0.063429
0.010747
0.061718
0.060407
0.078161
0.083994
0.142710
0.211690
0.297308
0.326391
0.350691
0.202722
0.025530
-0.166707
-0.311031
-0.338757
-0.236955
-0.120439
-0.000266
0.083363
0.070435
0.039764
-0.009509
-0.081209
-0.139964
-0.157400
-0.193828
-0.182815
-0.136731
-0.084478
-0.020518
0.045954
0.048082
0.057387
0.069105
0.117011
0.187262
0.272937
0.310521
0.326756
0.259771
0.077471
-0.088649
-0.257219
-0.328672
-0.290077
-0.170603
-0.068556
0.044460
0.072075
0.051611
0.011768
-0.046022
-0.122271
-0.156800
-0.175672
-0.188394
-0.157222
-0.113745
-0.062562
0.003252
0.042287
0.044037
0.063606
0.087176
0.154648
0.227422
0.302765
0.317636
0.317652
0.155005
-0.015594
-0.200968
-0.319246
-0.328093
-0.216787
-0.109047
0.012445
0.075369
0.058279
0.026232
-0.025776
-0.087393
-0.115795
-0.169773
-0.213105
-0.189456
-0.162764
-0.086335
0.004219
0.052688
0.056876
0.085141
0.068271
0.129814
0.195058
0.272254
0.309319
0.344618
0.219813
0.050147
-0.125219
-0.285187
-0.321735
-0.242356
-0.140122
-0.025034
0.071049
0.067001
0.046858
0.003891
-0.076584
-0.133565
-0.153810
-0.175700
-0.163391
-0.126068
-0.086561
-0.031548
0.025215
0.040762
0.051794
0.063912
0.100090
0.171692
0.245371
0.307452
0.331081
0.312007
0.149122
-0.016978
-0.202219
-0.309018
-0.308020
-0.200537
-0.091971
0.028892
0.082152
0.068070
0.035778
-0.024472
-0.099074
-0.142183
-0.167877
-0.189443
-0.142879
-0.102460
-0.044774
0.017496
0.055416
0.050434
0.075259
0.090690
0.154469
0.220868
0.297240
0.316020
0.329530
0.200140
0.027059
-0.140857
-0.280928
-0.312203
-0.226897
-0.118184
-0.010731
0.081949
0.072242
0.054324
0.003938
-0.063747
-0.127359
-0.143212
-0.171765
-0.155429
-0.124070
-0.075472
-0.019073
0.047122
0.055193
0.070825
0.077765
0.127332
0.187388
0.276667
0.319406
0.348874
0.279625
0.097494
-0.074978
-0.251955
-0.324456
-0.284340
-0.161327
-0.058565
0.062267
0.082797
0.064949
0.022491
-0.035699
-0.119915
-0.151782
-0.172548
-0.197142
-0.144214
-0.091734
-0.039699
0.030807
0.060988
0.045517
0.071164
0.093059
0.152880
0.230776
0.302604
0.312475
0.315726
0.147063
-0.023024
-0.208361
-0.315732
-0.328176
-0.207256
-0.104929
0.015229
0.071032
0.058397
0.018372
-0.027203
-0.090538
-0.113719
-0.160222
-0.181303
-0.172622
-0.164128
-0.100972
-0.030841
0.021176
0.041400
0.080164
0.071607
0.143085
0.197104
0.276715
0.306390
0.344758
0.217167
0.049329
-0.143214
-0.307917
-0.352886
-0.267030
-0.153942
-0.024918
0.073637
0.068555
0.047442
0.000414
-0.087303
-0.144471
-0.162938
-0.203503
-0.171842
-0.126021
-0.079737
-0.016677
0.043661
0.033797
0.057196
0.064952
0.107124
0.179866
0.262208
0.297826
0.330186
0.272350
0.087955
-0.069582
-0.248698
-0.331529
-0.288814
-0.176502
-0.077123
0.050295
0.069042
0.055991
0.025046
-0.031917
-0.099232
-0.134187
-0.175990
-0.189706
-0.165281
-0.113282
-0.051543
0.027435
0.060544
0.070953
0.074930
0.096893
0.157068
0.231709
0.306983
0.338022
0.330752
0.161851
-0.012766
-0.207946
-0.318379
-0.319814
-0.208957
-0.100630
0.023626
0.083309
0.078257
0.051178
0.001420
-0.075027
-0.135770
-0.154913
-0.192069
-0.165311
-0.109849
-0.054769
0.010283
0.068233
0.055790
0.072632
0.092988
0.149033
0.220656
0.311629
0.330353
0.346189
0.230200
0.038366
-0.136180
-0.283440
-0.325497
-0.245716
-0.120126
-0.018292
0.088967
0.088846
0.067734
0.020221
-0.042915
-0.114199
-0.140181
-0.167575
-0.158764
-0.127827
-0.074546
-0.017575
0.050350
0.070472
0.084788
0.094903
0.133496
0.196347
0.275120
0.325090
0.361358
0.291810
0.103981
-0.074023
-0.262994
-0.331681
-0.282547
-0.151457
-0.041968
0.087411
0.092758
0.079848
0.029062
-0.022743
-0.080598
-0.089373
-0.172009
-0.183017
-0.175085
-0.131541
-0.053743
0.050028
0.066993
0.093938
0.100691
0.111775
0.173981
0.253181
0.303889
0.349085
0.341209
0.161833
-0.006941
-0.201303
-0.329408
-0.310604
-0.196735
-0.085921
0.048016
0.104420
0.080117
0.059052
-0.002231
-0.070585
-0.121711
-0.151891
-0.182964
-0.159721
-0.116442
-0.057825
0.013946
0.065318
0.067762
0.078755
0.086766
0.142883
0.214412
0.298371
0.333338
0.353353
0.240804
0.060083
-0.116452
-0.277649
-0.323145
-0.252694
-0.135551
-0.021174
0.084455
0.088670
0.070189
0.029319
-0.039460
-0.101571
-0.135599
-0.169744
-0.171671
-0.140169
-0.086687
-0.027581
0.046163
0.068617
0.087601
0.095693
0.131797
0.188971
0.268528
0.322862
0.359701
0.315598
0.125228
-0.053136
-0.255260
-0.339959
-0.306208
-0.168017
-0.055269
0.080136
0.100356
0.085921
0.039514
-0.014589
-0.091073
-0.108641
-0.162621
-0.157171
-0.143724
-0.125542
-0.057432
0.013897
0.055821
0.082866
0.101107
0.099477
0.174734
0.232029
0.308701
0.350657
0.359994
0.179396
0.020246
-0.199273
-0.329640
-0.331224
-0.214241
-0.102349
0.047945
0.101326
0.087648
0.061301
0.001568
-0.070841
-0.112133
-0.150246
-0.181750
-0.162991
-0.124424
-0.066063
0.011023
0.065403
0.071828
0.086538
0.086814
0.136874
0.203197
0.284398
0.320715
0.357360
0.258112
0.072052
-0.105952
-0.279385
-0.334430
-0.268830
-0.140515
-0.027962
0.090676
0.092113
0.072600
0.019156
-0.036899
-0.091810
-0.088552
-0.155270
-0.167806
-0.164581
-0.152768
-0.083576
0.014864
0.051739
0.089127
0.114547
0.110207
0.174958
0.241767
0.301949
0.345850
0.354387
0.160641
-0.009495
-0.221402
-0.353853
-0.334276
-0.202743
-0.089092
0.056877
0.108359
0.076579
0.049768
-0.008423
-0.087701
-0.127271
-0.153656
-0.193241
-0.164622
-0.124075
-0.069326
0.009491
0.065032
0.060401
0.077996
0.079784
0.128035
0.204586
0.288846
0.316786
0.346460
0.241793
0.048876
-0.118896
-0.292025
-0.338156
-0.265105
-0.141059
-0.031890
0.083365
0.081700
0.061804
0.017184
-0.050460
-0.118514
-0.140618
-0.175248
-0.172744
-0.145530
-0.102159
-0.045421
0.026914
0.052304
0.066193
0.075958
0.104151
0.172368
0.250544
0.315105
0.339765
0.311030
0.120042
-0.054967
-0.255880
-0.349571
-0.326704
-0.197614
-0.075970
0.052732
0.092099
0.070921
0.032193
-0.028419
-0.091546
-0.127968
-0.160922
-0.182924
-0.172651
-0.150954
-0.086559
-0.015896
0.041034
0.062675
0.080736
0.082281
0.143760
0.200663
0.282071
0.319711
0.338745
0.208905
0.028829
-0.167321
-0.327417
-0.355732
-0.268927
-0.141032
-0.010882
0.085187
0.076974
0.058484
-0.000089
-0.070005
-0.141779
-0.157461
-0.197917
-0.183031
-0.145262
-0.091024
-0.032890
0.039953
0.046618
0.060070
0.067575
0.108193
0.170865
0.258205
0.301328
0.326614
0.275742
0.082737
-0.088468
-0.273196
-0.352504
-0.311919
-0.179127
-0.073010
0.054338
0.076919
0.059659
0.016454
-0.039754
-0.104782
-0.109684
-0.158005
-0.194755
-0.168913
-0.180418
-0.122298
-0.029797
0.025531
0.053983
0.108035
0.087526
0.145730
0.206246
0.271381
0.308952
0.356656
0.190918
0.014281
-0.190847
-0.365456
-0.380921
-0.263188
-0.143357
0.007103
0.103799
0.074080
0.052480
-0.008125
-0.087829
-0.136603
-0.166932
-0.205860
-0.198403
-0.157515
-0.109560
-0.028933
0.034067
0.044918
0.057873
0.063999
0.095814
0.169781
0.245751
0.291480
0.315688
0.275515
0.088317
-0.070472
-0.253345
-0.344455
-0.310169
-0.191409
-0.087980
0.039884
0.076580
0.056497
0.024936
-0.037939
-0.101028
-0.114871
-0.172495
-0.200733
-0.183990
-0.172488
-0.100273
-0.003214
0.044173
0.070064
0.097690
0.080767
0.140707
0.202033
0.272279
0.310329
0.340556
0.178395
0.008193
-0.189957
-0.342798
-0.352875
-0.246705
-0.126720
0.012352
0.092054
0.072333
0.049750
-0.013264
-0.093888
-0.136896
-0.161873
-0.185550
-0.168771
-0.139338
-0.092132
-0.024276
0.033847
0.048082
0.064689
0.067773
0.108517
0.174251
0.250935
0.302415
0.332087
0.283096
0.102950
-0.064459
-0.259046
-0.342394
-0.311414
-0.187096
-0.069058
0.062158
0.088966
0.073461
0.029559
-0.041590
-0.113752
-0.136062
-0.165214
-0.164533
-0.137298
-0.117487
-0.061660
0.006268
0.042887
0.062442
0.080270
0.083242
0.147027
0.214314
0.288861
0.329016
0.352205
0.202607
0.033287
-0.167288
-0.324418
-0.343941
-0.245150
-0.121424
0.018124
0.102418
0.084833
0.061651
0.002446
-0.060179
-0.086377
-0.102040
-0.177188
-0.172875
-0.175842
-0.132114
-0.038515
0.054414
0.068995
0.114010
0.101723
0.125061
0.189391
0.266985
0.313231
0.367314
0.302323
0.098825
-0.080596
-0.275850
-0.359543
-0.282770
-0.152956
-0.032535
0.096800
0.109612
0.075086
0.041924
-0.033547
-0.106105
-0.125563
-0.158749
-0.157762
-0.116427
-0.098645
-0.048515
0.017394
0.042021
0.061651
0.086014
0.093943
0.163485
0.233113
0.298089
0.332216
0.341743
0.207649
0.031280
-0.144212
-0.302224
-0.317992
-0.233892
-0.107674
0.017561
0.112537
0.092968
0.075097
0.010235
-0.051258
-0.086706
-0.087550
-0.153912
-0.155031
-0.156716
-0.128206
-0.043663
0.045719
0.070406
0.111414
0.114586
0.128440
0.190861
0.257400
0.305984
0.349969
0.313114
0.121520
-0.045389
-0.242913
-0.334916
-0.290480
-0.161543
-0.047248
0.085860
0.115667
0.086242
0.054163
-0.018340
-0.090424
-0.117090
-0.151632
-0.165831
-0.141594
-0.107882
-0.056184
0.025431
0.063452
0.081460
0.100257
0.107578
0.159297
0.222995
0.289376
0.315784
0.336310
0.215075
0.039180
-0.131900
-0.290951
-0.315733
-0.234330
-0.107987
0.008847
0.111907
0.092456
0.076257
0.014946
-0.046148
-0.106421
-0.112604
-0.163621
-0.133896
-0.126900
-0.094465
-0.033072
0.036063
0.054439
0.094831
0.092280
0.114897
0.185263
0.255560
0.310972
0.356988
0.316096
0.125220
-0.040219
-0.245038
-0.339385
-0.299195
-0.174981
-0.057922
0.078492
0.105088
0.080122
0.048862
-0.013367
-0.084440
-0.115857
-0.142643
-0.169019
-0.145507
-0.116697
-0.060389
0.011100
0.065661
0.071519
0.097794
0.098978
0.158299
0.214825
0.296630
0.316647
0.348938
0.206988
0.032241
-0.159473
-0.309781
-0.339923
-0.237377
-0.110192
0.020838
0.112139
0.099690
0.067858
0.010149
-0.060269
-0.094246
-0.095470
-0.130064
-0.165010
-0.155644
-0.148174
-0.075071
0.022333
0.071531
0.099664
0.120012
0.130874
0.177615
0.250441
0.301487
0.326737
0.311416
0.126809
-0.054882
-0.241107
-0.347577
-0.310992
-0.169228
-0.047777
0.076682
0.119621
0.076273
0.040275
-0.023011
-0.090999
-0.119078
-0.140842
-0.168510
-0.146645
-0.125148
-0.073128
0.000355
0.055463
0.068410
0.092580
0.094147
0.142707
0.203295
0.271648
0.304803
0.328003
0.229287
0.051509
-0.117154
-0.282549
-0.320069
-0.247093
-0.126078
-0.010571
0.091500
0.089164
0.065219
0.016050
-0.057987
-0.120861
-0.135698
-0.166428
-0.143989
-0.125100
-0.084996
-0.030087
0.032096
0.054344
0.077844
0.079630
0.106260
0.167955
0.233045
0.292994
0.320531
0.295846
0.130532
-0.033039
-0.219533
-0.316935
-0.294278
-0.184429
-0.065983
0.055013
0.092538
0.070874
0.031184
-0.031635
-0.095844
-0.120817
-0.149487
-0.162934
-0.146004
-0.121467
-0.071596
-0.003236
0.040417
0.056702
0.074759
0.080464
0.133098
0.195834
0.270271
0.300981
0.322853
0.222041
0.045370
-0.121698
-0.278614
-0.326881
-0.252184
-0.137212
-0.023393
0.076685
0.078638
0.053082
0.009181
-0.062353
-0.120644
-0.141029
-0.167439
-0.149744
-0.120426
-0.096121
-0.036447
0.010655
0.033630
0.055084
0.067113
0.087346
0.159821
0.219038
0.273966
0.301270
0.287611
0.143595
-0.011384
-0.187665
-0.305979
-0.302032
-0.209958
-0.096841
0.019701
0.076462
0.058604
0.033322
-0.027277
-0.091243
-0.125391
-0.148946
-0.173854
-0.148979
-0.130337
-0.081737
-0.017158
0.028955
0.040365
0.060690
0.060384
0.107381
0.174368
0.243441
0.281732
0.302255
0.232843
0.070234
-0.083596
-0.247208
-0.312431
-0.273947
-0.166204
-0.060923
0.044677
0.066008
0.046534
0.006386
-0.053015
-0.097807
-0.117185
-0.131357
-0.155757
-0.158699
-0.152122
-0.107889
-0.038962
0.023010
0.054403
0.080497
0.096361
0.136892
0.189324
0.254826
0.287062
0.295158
0.199124
0.021537
-0.143890
-0.295802
-0.323046
-0.251283
-0.121134
-0.012479
0.080191
0.071699
0.042404
-0.021630
-0.093873
-0.147388
-0.160876
-0.181539
-0.159498
-0.114471
-0.076017
-0.012552
0.029401
0.036409
0.043976
0.058815
0.087334
0.159489
0.218873
0.269701
0.282476
0.265210
0.119779
-0.020924
-0.181163
-0.281684
-0.280441
-0.194398
-0.097413
0.010356
0.066005
0.049056
0.026427
-0.041177
-0.099798
-0.132471
-0.148962
-0.156132
-0.118880
-0.114285
-0.065901
-0.016967
0.017633
0.036026
0.065371
0.066394
0.128241
0.182081
0.248986
0.293667
0.311027
0.231465
0.073844
-0.092976
-0.261270
-0.310917
-0.268302
-0.152597
-0.037590
0.064970
0.074672
0.059985
0.001117
-0.076888
-0.122870
-0.142591
-0.159944
-0.138416
-0.100832
-0.070788
-0.006158
0.032763
0.042432
0.047888
0.059858
0.080459
0.158753
0.222251
0.283072
0.296460
0.286971
0.139334
-0.008296
-0.167909
-0.275041
-0.279776
-0.194202
-0.093135
0.010082
0.079875
0.064973
0.046681
-0.018203
-0.084081
-0.128192
-0.138119
-0.159447
-0.132604
-0.098793
-0.058228
-0.001782
0.043780
0.049658
0.070859
0.086994
0.133978
0.193933
0.264233
0.295639
0.310372
0.232728
0.063590
-0.096756
-0.249844
-0.307635
-0.250646
-0.132292
-0.026971
0.081912
0.091142
0.065465
0.016283
-0.060034
-0.122530
-0.137409
-0.147393
-0.143321
-0.099862
-0.071833
-0.023111
0.033125
0.051566
0.061649
0.086048
0.112711
0.169652
0.235590
0.285228
0.294773
0.289064
0.144308
-0.012528
-0.169317
-0.283194
-0.284509
-0.185494
-0.079832
0.032195
0.098769
0.077164
0.049744
-0.011672
-0.091990
-0.126991
-0.136898
-0.152025
-0.117504
-0.079828
-0.045190
0.014246
0.053389
0.057894
0.081287
0.094602
0.138387
0.199805
0.269741
0.292633
0.310927
0.232910
0.060853
-0.092499
-0.242832
-0.293285
-0.236897
-0.121001
-0.023546
0.080976
0.086823
0.063979
0.025095
-0.036488
-0.096463
-0.112906
-0.145990
-0.147199
-0.115951
-0.079640
-0.021458
0.047661
0.066730
0.077044
0.089760
0.104189
0.164471
0.233657
0.290816
0.304362
0.297755
0.144165
-0.013152
-0.172783
-0.279484
-0.279960
-0.174203
-0.078237
0.036246
0.096834
0.078620
0.047981
-0.004347
-0.090161
-0.122269
-0.128880
-0.153113
-0.117260
-0.078593
-0.046603
0.018490
0.059203
0.053315
0.078020
0.090223
0.132789
0.203813
0.274908
0.288525
0.307117
0.220393
0.045003
-0.095746
-0.243318
-0.293796
-0.230911
-0.119384
-0.026609
0.083405
0.084550
0.064276
0.022522
-0.038018
-0.102429
-0.113804
-0.158651
-0.141562
-0.118452
-0.089376
-0.028487
0.032783
0.053345
0.076127
0.088246
0.102244
0.170882
0.227808
0.280778
0.295786
0.281434
0.135821
-0.011666
-0.176417
-0.283925
-0.283279
-0.192255
-0.085757
0.031157
0.090026
0.076616
0.046253
-0.017004
-0.097567
-0.135709
-0.141808
-0.159352
-0.121335
-0.083492
-0.048374
0.009524
0.044952
0.041390
0.064897
0.083691
0.126680
0.198986
0.263079
0.279453
0.289045
0.211052
0.036958
-0.104073
-0.251504
-0.300593
-0.242714
-0.129634
-0.036148
0.069190
0.078028
0.053380
0.014849
-0.054622
-0.118498
-0.132635
-0.159216
-0.139843
-0.115307
-0.086000
-0.031650
0.018175
0.040996
0.059594
0.075337
0.098290
0.168590
0.227818
0.280586
