-0.177693
-0.009344
0.098560
0.144477
0.212624
0.161553
0.069208
-0.020694
-0.191829
-0.334312
-0.397858
-0.378456
-0.250686
-0.029442
0.151849
0.235551
0.222984
0.113172
-0.005521
-0.054600
-0.007615
0.083510
0.244810
0.383273
0.428932
0.441635
0.430905
0.367374
-0.076906
-0.371694
-0.496878
-0.778261
-0.500516
-0.087492
0.109254
0.479366
0.588654
0.382420
0.227159
0.011136
-0.172594
-0.271032
-0.293232
-0.279171
-0.352586
-0.234921
-0.077247
0.007643
0.314265
0.431278
0.367513
0.324847
0.054887
-0.206545
-0.323098
-0.395646
-0.304675
-0.180788
-0.010871
0.122478
0.165153
0.217435
0.170319
0.062156
-0.026486
-0.186186
-0.335614
-0.403933
-0.379159
-0.261473
-0.039629
0.150729
0.237209
0.218038
0.107621
-0.022783
-0.084075
-0.030562
0.068909
0.220543
0.379112
0.415286
0.428637
0.419670
0.429514
0.103042
-0.305221
-0.403194
-0.734352
-0.667503
-0.194027
0.019730
0.372602
0.635992
0.460310
0.275496
0.064612
-0.174765
-0.287821
-0.322381
-0.271997
-0.315398
-0.266079
-0.073453
-0.026482
0.223249
0.437627
0.376911
0.357209
0.154685
-0.167304
-0.310032
-0.414390
-0.360418
-0.212794
-0.039908
0.141671
0.192891
0.225038
0.192320
0.055775
-0.035229
-0.168200
-0.316570
-0.382087
-0.381945
-0.294963
-0.100446
0.108061
0.219593
0.235170
0.139886
-0.004940
-0.093779
-0.067087
0.035925
0.182863
0.365021
0.433481
0.434532
0.421339
0.418167
0.237758
-0.215520
-0.364643
-0.598764
-0.738771
-0.315603
-0.024910
0.244400
0.596372
0.533093
0.315296
0.125981
-0.139810
-0.296643
-0.352396
-0.315928
-0.292412
-0.288555
-0.095096
-0.000985
0.148965
0.411846
0.396132
0.340721
0.222472
-0.103175
-0.290691
-0.389756
-0.395811
-0.242171
-0.078906
0.116837
0.213726
0.234294
0.219464
0.085737
-0.041011
-0.158981
-0.313674
-0.385729
-0.388541
-0.307609
-0.134599
0.081124
0.207177
0.233064
0.150456
0.005560
-0.101169
-0.101493
0.001403
0.142169
0.317428
0.429811
0.441194
0.427220
0.416739
0.365932
-0.053391
-0.337939
-0.478212
-0.768073
-0.503569
-0.095389
0.128507
0.513958
0.615370
0.387364
0.189787
-0.075496
-0.288535
-0.364525
-0.354266
-0.283433
-0.295222
-0.159455
-0.001986
0.073088
0.340305
0.429658
0.347217
0.285991
0.001281
-0.265817
-0.368974
-0.426184
-0.296704
-0.119093
0.074925
0.222218
0.242334
0.232833
0.125536
-0.029944
-0.138644
-0.283047
-0.387201
-0.401464
-0.326585
-0.180923
0.036885
0.191246
0.228747
0.160668
0.021308
-0.101092
-0.132275
-0.033642
0.106233
0.272387
0.413274
0.434717
0.425501
0.414038
0.429940
0.139281
-0.274392
-0.398108
-0.713558
-0.681957
-0.215063
0.037013
0.395529
0.660308
0.481704
0.254669
0.004860
-0.267243
-0.371479
-0.383871
-0.302467
-0.279467
-0.218472
-0.026918
0.031985
0.242424
0.439232
0.370795
0.322798
0.117801
-0.214091
-0.352901
-0.435980
-0.363816
-0.166373
0.028530
0.217317
0.261621
0.241197
0.164016
-0.015132
-0.130391
-0.253820
-0.372087
-0.391201
-0.347324
-0.226702
-0.032353
0.155868
0.219349
0.190791
0.063769
-0.079119
-0.146651
-0.086650
0.052984
0.210421
0.387383
0.439042
0.438867
0.418273
0.421233
0.305802
-0.148807
-0.357624
-0.568584
-0.772318
-0.388274
-0.037769
0.236870
0.611556
0.579188
0.328177
0.106981
-0.194029
-0.363009
-0.399118
-0.352005
-0.271810
-0.254902
-0.079974
0.036672
0.146918
0.402677
0.405934
0.325915
0.216099
-0.115288
-0.326708
-0.408629
-0.415382
-0.229511
-0.032364
0.172449
0.278618
0.254991
0.204153
0.040786
-0.117162
-0.220185
-0.352284
-0.394238
-0.364499
-0.258696
-0.088541
0.116087
0.216120
0.205748
0.099847
-0.057492
-0.153702
-0.134662
0.008803
0.169689
0.344859
0.441798
0.426690
0.414228
0.390985
0.405626
0.115998
-0.282283
-0.415840
-0.722445
-0.647570
-0.181669
0.087219
0.462983
0.680174
0.463516
0.215074
-0.070180
-0.342955
-0.410003
-0.393620
-0.283463
-0.230704
-0.155227
0.023096
0.076079
0.278050
0.436999
0.353209
0.292359
0.058582
-0.262736
-0.378439
-0.440593
-0.331041
-0.104336
0.103334
0.281072
0.292913
0.234221
0.111703
-0.085893
-0.197829
-0.311411
-0.393407
-0.377187
-0.281596
-0.136620
0.062922
0.209314
0.216234
0.136262
-0.015883
-0.135570
-0.160576
-0.038485
0.124513
0.285256
0.430971
0.435485
0.396387
0.397604
0.426319
0.313691
-0.123015
-0.342394
-0.591487
-0.784496
-0.379802
-0.022769
0.294638
0.669462
0.596353
0.309827
0.055290
-0.272589
-0.420100
-0.407069
-0.328427
-0.221230
-0.189095
-0.034975
0.055620
0.168063
0.405736
0.399265
0.321875
0.191976
-0.156603
-0.358784
-0.427669
-0.410518
-0.189801
0.041833
0.245932
0.321747
0.262422
0.160168
-0.043073
-0.189523
-0.284225
-0.375442
-0.370114
-0.303308
-0.177091
-0.002705
0.177913
0.219765
0.172930
0.034196
-0.109571
-0.166128
-0.093842
0.077108
0.247146
0.422507
0.464674
0.432433
0.415990
0.415516
0.350046
-0.082203
-0.339894
-0.529409
-0.782961
-0.441475
-0.044679
0.231593
0.625436
0.624926
0.340998
0.098448
-0.226823
-0.413921
-0.419540
-0.363278
-0.241128
-0.203945
-0.055431
0.074885
0.155938
0.393132
0.415969
0.311458
0.207224
-0.120008
-0.354223
-0.412879
-0.417261
-0.218277
0.018271
0.222270
0.326023
0.274981
0.181626
-0.012363
-0.187304
-0.286916
-0.394001
-0.405051
-0.313838
-0.171082
0.008902
0.192976
0.230002
0.159926
0.021251
-0.124698
-0.184036
-0.101483
0.075598
0.244749
0.405840
0.465575
0.432217
0.403307
0.416447
0.381552
-0.039825
-0.332869
-0.503768
-0.796635
-0.493497
-0.062543
0.208271
0.611402
0.650794
0.358162
0.104300
-0.219370
-0.425003
-0.429982
-0.369601
-0.240528
-0.201599
-0.067586
0.073814
0.140884
0.379272
0.427900
0.313245
0.215484
-0.102547
-0.363607
-0.419154
-0.424568
-0.233821
0.016204
0.225277
0.330917
0.276665
0.177000
-0.021237
-0.200717
-0.296089
-0.391159
-0.388843
-0.309986
-0.168887
-0.003118
0.181051
0.222210
0.160693
0.026381
-0.121121
-0.179525
-0.104601
0.078792
0.249389
0.417704
0.477232
0.442175
0.417820
0.429844
0.333556
-0.121953
-0.356836
-0.557522
-0.785760
-0.405537
-0.016299
0.264611
0.641293
0.605191
0.308676
0.058899
-0.260628
-0.430569
-0.427456
-0.360213
-0.242621
-0.203361
-0.044166
0.085470
0.179652
0.412809
0.415194
0.295097
0.166609
-0.165658
-0.386983
-0.425477
-0.400083
-0.188858
0.048416
0.243274
0.321892
0.259598
0.158145
-0.041210
-0.208277
-0.307689
-0.418574
-0.411707
-0.308277
-0.151921
0.034405
0.209006
0.221730
0.131457
-0.012579
-0.154115
-0.192294
-0.088422
0.102023
0.270243
0.425885
0.455231
0.412389
0.413704
0.435466
0.346544
-0.112859
-0.357415
-0.587247
-0.812046
-0.416281
-0.018155
0.288347
0.670176
0.614644
0.302683
0.037454
-0.294898
-0.451048
-0.430119
-0.353068
-0.229324
-0.195797
-0.043795
0.077291
0.178027
0.417674
0.421977
0.304048
0.165993
-0.182864
-0.404661
-0.444520
-0.409308
-0.181314
0.069018
0.264291
0.331963
0.254692
0.139817
-0.068600
-0.224104
-0.317362
-0.417060
-0.396590
-0.291897
-0.136302
0.047940
0.213128
0.213974
0.120809
-0.024353
-0.163254
-0.184192
-0.069038
0.124053
0.287465
0.433439
0.463824
0.424416
0.415547
0.455756
0.292101
-0.203773
-0.373880
-0.651250
-0.795730
-0.312825
0.031677
0.358478
0.703273
0.561570
0.254381
-0.014340
-0.333194
-0.445121
-0.425008
-0.329945
-0.228577
-0.198852
-0.010593
0.086815
0.222634
0.458520
0.405463
0.289529
0.116102
-0.247155
-0.419532
-0.446057
-0.375731
-0.129777
0.104575
0.287909
0.320611
0.235940
0.117601
-0.097231
-0.233827
-0.333499
-0.425149
-0.388954
-0.270500
-0.107671
0.082248
0.230152
0.205483
0.101277
-0.051848
-0.173544
-0.170033
-0.027059
0.168419
0.333052
0.470333
0.467412
0.415894
0.387600
0.427267
0.155414
-0.281678
-0.378583
-0.694244
-0.679489
-0.182917
0.087544
0.434970
0.688952
0.467608
0.191444
-0.088534
-0.374732
-0.442603
-0.417029
-0.294650
-0.216859
-0.153163
0.048625
0.111841
0.280872
0.458345
0.350488
0.245759
0.032290
-0.303001
-0.412013
-0.426809
-0.319796
-0.070403
0.150500
0.308201
0.301426
0.208939
0.062022
-0.155363
-0.265387
-0.369760
-0.416405
-0.343403
-0.204466
-0.043683
0.135023
0.227283
0.165042
0.055057
-0.089342
-0.166290
-0.116420
0.050061
0.229612
0.386023
0.481183
0.453087
0.418124
0.454225
0.359249
-0.128150
-0.345609
-0.544098
-0.793992
-0.397124
-0.012834
0.257310
0.630032
0.597271
0.301170
0.055914
-0.252135
-0.413150
-0.422571
-0.358107
-0.247356
-0.227439
-0.058454
0.083742
0.182473
0.426571
0.433185
0.299985
0.160626
-0.168250
-0.390212
-0.425994
-0.390410
-0.182251
0.054811
0.247445
0.317903
0.243805
0.143766
-0.059319
-0.215913
-0.311793
-0.408210
-0.388182
-0.276762
-0.116018
0.057701
0.213862
0.209308
0.109075
-0.026786
-0.148026
-0.151785
-0.026045
0.165103
0.330546
0.471789
0.488527
0.443715
0.440796
0.424043
0.026652
-0.338028
-0.445001
-0.750989
-0.554783
-0.082692
0.164135
0.521736
0.649633
0.385359
0.132920
-0.148521
-0.379304
-0.419135
-0.393129
-0.279568
-0.239080
-0.130645
0.066673
0.147737
0.362167
0.469069
0.334349
0.210226
-0.060550
-0.347855
-0.414833
-0.406997
-0.254905
-0.010779
0.188603
0.309780
0.267575
0.179139
0.009603
-0.177217
-0.278400
-0.387838
-0.403359
-0.310853
-0.153176
0.017533
0.185343
0.224844
0.131934
0.010895
-0.120612
-0.146297
-0.048056
0.136597
0.307332
0.454216
0.497249
0.451720
0.453091
0.461926
0.050828
-0.326859
-0.417970
-0.755369
-0.570012
-0.091672
0.136035
0.506531
0.649736
0.389954
0.153829
-0.124356
-0.360718
-0.404259
-0.395134
-0.283781
-0.252910
-0.151585
0.055195
0.130325
0.355859
0.476558
0.342219
0.232777
-0.038656
-0.333773
-0.404618
-0.409155
-0.264274
-0.024955
0.169014
0.301627
0.268127
0.188091
0.032359
-0.159873
-0.256128
-0.374822
-0.402874
-0.324252
-0.178206
-0.006800
0.165052
0.225383
0.142757
0.030213
-0.103903
-0.138316
-0.056085
0.122537
0.286615
0.435290
0.496988
0.458629
0.460516
0.473184
0.086355
-0.322099
-0.410276
-0.738163
-0.594489
-0.105934
0.127294
0.482185
0.649071
0.399813
0.159163
-0.106084
-0.349408
-0.397330
-0.393710
-0.291860
-0.254904
-0.170422
0.042438
0.125489
0.338377
0.481026
0.351733
0.236430
-0.016925
-0.323599
-0.404345
-0.406906
-0.278581
-0.039487
0.154430
0.289166
0.269292
0.185763
0.039460
-0.155692
-0.262018
-0.379531
-0.404679
-0.314480
-0.159815
0.008738
0.171073
0.218888
0.129598
0.013793
-0.107803
-0.137410
-0.050876
0.117193
0.290253
0.429139
0.498515
0.471298
0.456648
0.458263
0.063267
-0.339332
-0.430424
-0.729625
-0.572264
-0.088194
0.145475
0.484018
0.632768
0.379733
0.145226
-0.118115
-0.349526
-0.393593
-0.393344
-0.294883
-0.253406
-0.168056
0.047484
0.136935
0.342817
0.476365
0.343018
0.219131
-0.034258
-0.330172
-0.403936
-0.397389
-0.262936
-0.032787
0.149280
0.276611
0.264017
0.180413
0.047675
-0.139316
-0.252669
-0.375283
-0.413784
-0.330581
-0.178694
0.004353
0.168529
0.225504
0.136753
0.012104
-0.120081
-0.154870
-0.072064
0.097023
0.277318
0.413642
0.486099
0.457883
0.439459
0.470838
0.175050
-0.288836
-0.391373
-0.685932
-0.670345
-0.174036
0.090533
0.418469
0.654125
0.447443
0.189025
-0.067494
-0.335699
-0.403597
-0.403047
-0.311639
-0.243041
-0.192807
0.018978
0.114819
0.286754
0.470857
0.370432
0.246079
0.032495
-0.291152
-0.403719
-0.410577
-0.310779
-0.078811
0.119770
0.262015
0.285424
0.203789
0.081367
-0.107156
-0.233329
-0.352484
-0.416543
-0.351414
-0.212091
-0.031449
0.145529
0.231167
0.165302
0.041217
-0.102204
-0.170077
-0.108062
0.042922
0.236371
0.383134
0.466967
0.456486
0.428665
0.464129
0.312130
-0.178008
-0.355998
-0.580960
-0.753179
-0.320008
0.016312
0.301866
0.629395
0.533837
0.259735
0.017058
-0.278751
-0.400163
-0.406209
-0.344626
-0.240628
-0.219168
-0.039685
0.094033
0.211184
0.436048
0.411384
0.278871
0.119325
-0.206028
-0.389131
-0.412966
-0.360348
-0.150790
0.067464
0.225587
0.293640
0.230237
0.122416
-0.053888
-0.202085
-0.314449
-0.408486
-0.375790
-0.256887
-0.090693
0.093726
0.213273
0.192115
0.080808
-0.054152
-0.155989
-0.127309
-0.004136
0.179673
0.341209
0.446287
0.465858
0.434497
0.466360
0.392762
-0.079432
-0.341273
-0.507660
-0.769197
-0.427810
-0.028609
0.222892
0.579088
0.577709
0.303466
0.071847
-0.218026
-0.382971
-0.396914
-0.364168
-0.255024
-0.236912
-0.096878
0.074222
0.169124
0.398750
0.439778
0.300529
0.164457
-0.138746
-0.370196
-0.407126
-0.377053
-0.196525
0.024288
0.182269
0.273450
0.246609
0.153870
0.003065
-0.153039
-0.275702
-0.389973
-0.402090
-0.304251
-0.149669
0.046360
0.195727
0.214432
0.119693
-0.019596
-0.147628
-0.156788
-0.058007
0.113538
0.284814
0.409646
0.459452
0.435541
0.439417
0.466395
0.134826
-0.283436
-0.410258
-0.696874
-0.581199
-0.146877
0.099913
0.417362
0.588636
0.382820
0.148748
-0.101292
-0.325802
-0.370934
-0.359489
-0.267823
-0.213938
-0.158826
0.025023
0.108398
0.278460
0.422357
0.325677
0.209012
-0.006414
-0.288796
-0.375921
-0.373487
-0.263918
-0.047265
0.123949
0.241057
0.255305
0.175139
0.058679
-0.102431
-0.218004
-0.325886
-0.376081
-0.317781
-0.188455
-0.022149
0.141066
0.207678
0.149982
0.031288
-0.099490
-0.156518
-0.098223
0.038637
0.207362
0.342667
0.415299
0.407617
0.392390
0.428906
0.294327
-0.145053
-0.324312
-0.527323
-0.685268
-0.302107
0.015678
0.277546
0.567446
0.484271
0.230393
0.006033
-0.258156
-0.366133
-0.363615
-0.309026
-0.210933
-0.189511
-0.037548
0.090763
0.193988
0.390615
0.373888
0.247146
0.097684
-0.190360
-0.356503
-0.369032
-0.310804
-0.120364
0.070081
0.200768
0.255148
0.211657
0.114865
-0.028506
-0.158277
-0.268065
-0.361375
-0.355057
-0.259673
-0.108432
0.072894
0.200423
0.196018
0.099397
-0.040508
-0.150852
-0.147049
-0.047469
0.114082
0.269839
0.377751
0.416361
0.393103
0.382375
0.425920
0.179454
-0.234737
-0.349231
-0.618501
-0.613574
-0.175063
0.086061
0.392964
0.593940
0.409566
0.160654
-0.089967
-0.326763
-0.373677
-0.356882
-0.258743
-0.182828
-0.144238
0.031526
0.114267
0.253882
0.412043
0.327240
0.208742
0.014492
-0.270815
-0.367963
-0.359463
-0.253487
-0.040777
0.129110
0.236538
0.248830
0.185854
0.070681
-0.074984
-0.186690
-0.297310
-0.366146
-0.327601
-0.217019
-0.055605
0.124938
0.214989
0.177512
0.064506
-0.083932
-0.168922
-0.131452
-0.011505
0.153432
0.301426
0.382303
0.394142
0.383830
0.382354
0.416157
0.129391
-0.256056
-0.377072
-0.653102
-0.565634
-0.128892
0.130199
0.449724
0.591707
0.370120
0.119526
-0.145235
-0.356825
-0.371471
-0.341751
-0.227029
-0.161921
-0.113560
0.055383
0.126111
0.279768
0.409503
0.305622
0.186366
-0.033052
-0.304841
-0.372733
-0.350237
-0.211228
0.006328
0.160474
0.248516
0.229689
0.159336
0.036314
-0.099514
-0.197329
-0.304262
-0.355552
-0.307814
-0.190566
-0.028467
0.144737
0.210183
0.155374
0.036929
-0.110240
-0.173522
-0.120425
0.008712
0.165950
0.295344
0.360049
0.367003
0.369904
0.390275
0.446665
0.156931
-0.244689
-0.388262
-0.684453
-0.593996
-0.141674
0.136911
0.470816
0.610109
0.373897
0.108372
-0.163851
-0.370405
-0.370519
-0.329285
-0.211932
-0.154829
-0.117779
0.043313
0.113630
0.276791
0.415439
0.313007
0.190783
-0.039347
-0.321146
-0.387201
-0.356479
-0.204215
0.023501
0.174053
0.254127
0.216969
0.141918
0.021974
-0.106920
-0.187453
-0.290129
-0.346619
-0.308765
-0.203475
-0.046127
0.133674
0.212075
0.160931
0.043271
-0.113013
-0.187786
-0.140342
-0.002742
0.156954
0.294178
0.361697
0.348275
0.336702
0.358500
0.439398
0.263942
-0.156694
-0.341496
-0.618965
-0.675691
-0.246057
0.073474
0.400321
0.625900
0.446446
0.157708
-0.115008
-0.363145
-0.393654
-0.336815
-0.228739
-0.136184
-0.120813
0.013054
0.094289
0.217830
0.394117
0.337214
0.216650
0.023585
-0.278076
-0.392942
-0.370613
-0.254961
-0.017648
0.163188
0.254037
0.239735
0.158869
0.034555
-0.102166
-0.185068
-0.275663
-0.340138
-0.307408
-0.216374
-0.072726
0.103133
0.199598
0.164999
0.063190
-0.088294
-0.183748
-0.155052
-0.032276
0.123959
0.264243
0.343970
0.346110
0.319215
0.332430
0.421599
0.383449
-0.019946
-0.294142
-0.513662
-0.739735
-0.406469
-0.013102
0.288041
0.601128
0.540681
0.239317
-0.034805
-0.310225
-0.411544
-0.349753
-0.261711
-0.140334
-0.128102
-0.039542
0.071535
0.152983
0.353581
0.378435
0.256542
0.106346
-0.192918
-0.386923
-0.385116
-0.306005
-0.084631
0.127499
0.243242
0.256585
0.180884
0.071926
-0.068509
-0.161447
-0.235224
-0.318867
-0.321663
-0.249934
-0.126300
0.047764
0.187589
0.192356
0.105745
-0.039093
-0.170090
-0.187109
-0.090214
0.068822
0.214922
0.316166
0.332848
0.310559
0.300218
0.366232
0.480783
0.244791
-0.183137
-0.369638
-0.697545
-0.673658
-0.196772
0.119550
0.480132
0.650773
0.408709
0.102759
-0.184825
-0.401651
-0.384036
-0.306663
-0.179897
-0.119778
-0.113683
0.018973
0.081807
0.245377
0.413039
0.333241
0.214501
-0.024052
-0.328603
-0.409278
-0.373997
-0.215563
0.036817
0.204476
0.278707
0.231543
0.126179
-0.005397
-0.130225
-0.195913
-0.272658
-0.328652
-0.293047
-0.203195
-0.051909
0.123944
0.209612
0.164741
0.045334
-0.112840
-0.200626
-0.161522
-0.018963
0.146008
0.270635
0.337540
0.317083
0.287913
0.291800
0.396083
0.460959
0.082852
-0.257180
-0.451070
-0.771279
-0.516868
-0.061411
0.231589
0.589081
0.601935
0.285812
-0.000790
-0.289485
-0.421098
-0.350055
-0.262824
-0.125730
-0.120115
-0.073681
0.050537
0.107653
0.319224
0.404128
0.286779
0.154380
-0.141999
-0.384294
-0.399786
-0.338426
-0.125513
0.112889
0.243849
0.280373
0.194539
0.068828
-0.067455
-0.176608
-0.229321
-0.300547
-0.317011
-0.253241
-0.139074
0.025331
0.173447
0.202490
0.118451
-0.025091
-0.164653
-0.199037
-0.108289
0.067247
0.222432
0.327906
0.352220
0.315323
0.281534
0.328614
0.457416
0.273436
-0.161302
-0.333501
-0.649816
-0.697755
-0.220339
0.095534
0.440177
0.654073
0.433373
0.118053
-0.162013
-0.397798
-0.395249
-0.313112
-0.187549
-0.108720
-0.115944
0.014701
0.078590
0.215385
0.403871
0.336708
0.216237
0.004313
-0.308029
-0.407152
-0.374231
-0.240442
0.017956
0.197909
0.280901
0.250905
0.125641
-0.007046
-0.144988
-0.220265
-0.279320
-0.329149
-0.281787
-0.181875
-0.034125
0.129252
0.208573
0.154853
0.029735
-0.122385
-0.201475
-0.150370
0.005054
0.182245
0.296611
0.346990
0.319594
0.286074
0.297648
0.423188
0.408049
-0.038245
-0.284728
-0.524270
-0.775875
-0.390080
0.009552
0.308970
0.633111
0.540184
0.209206
-0.066964
-0.342439
-0.413992
-0.336691
-0.236559
-0.113183
-0.134173
-0.042829
0.063396
0.140368
0.367184
0.387014
0.256793
0.101850
-0.215538
-0.404301
-0.391471
-0.309397
-0.069216
0.154805
0.266114
0.284188
0.164533
0.032122
-0.111158
-0.215667
-0.261222
-0.323025
-0.302398
-0.211082
-0.076375
0.084396
0.198174
0.179716
0.066567
-0.081353
-0.191906
-0.177051
-0.047214
0.138005
0.274830
0.351010
0.348399
0.301947
0.287681
0.381233
0.442098
0.054058
-0.259686
-0.435620
-0.760730
-0.498642
-0.050562
0.224723
0.577691
0.595833
0.279311
-0.001469
-0.282786
-0.419414
-0.358313
-0.274050
-0.136389
-0.130928
-0.074473
0.061715
0.114511
0.323361
0.407637
0.276351
0.143392
-0.141861
-0.385271
-0.395579
-0.333391
-0.130533
0.114711
0.246040
0.291462
0.196704
0.062154
-0.076913
-0.204670
-0.251682
-0.315194
-0.315139
-0.230807
-0.105235
0.051418
0.182968
0.192562
0.089579
-0.051267
-0.177655
-0.187658
-0.078567
0.104149
0.256335
0.334186
0.351198
0.299608
0.274867
0.335976
0.465856
0.220417
-0.204899
-0.352898
-0.693125
-0.649996
-0.151850
0.146116
0.487043
0.648401
0.378973
0.062812
-0.206538
-0.411537
-0.374794
-0.291294
-0.160353
-0.109599
-0.114819
0.028487
0.088821
0.247546
0.420894
0.323814
0.189211
-0.043168
-0.343128
-0.408710
-0.357177
-0.204245
0.062774
0.223409
0.294670
0.233611
0.086807
-0.044119
-0.189291
-0.245125
-0.297307
-0.321866
-0.241363
-0.124497
0.025641
0.160484
0.200017
0.108542
-0.024136
-0.151698
-0.188047
-0.090680
0.078155
0.241977
0.325711
0.357075
0.318733
0.289719
0.332952
0.462090
0.245235
-0.202430
-0.338789
-0.666561
-0.668153
-0.168632
0.133743
0.460266
0.647552
0.397671
0.079766
-0.184665
-0.399617
-0.377910
-0.302012
-0.177205
-0.113059
-0.126836
0.022949
0.094365
0.236577
0.422596
0.333964
0.188997
-0.027409
-0.331452
-0.413349
-0.363549
-0.217272
0.053518
0.219770
0.300802
0.237430
0.083218
-0.045837
-0.199225
-0.256330
-0.300005
-0.313301
-0.231110
-0.107814
0.036428
0.156664
0.195210
0.096111
-0.035608
-0.152432
-0.182351
-0.078599
0.091836
0.257503
0.341341
0.372593
0.326078
0.297504
0.363968
0.439040
0.104420
-0.258471
-0.391326
-0.719939
-0.545976
-0.073874
0.194975
0.528196
0.607111
0.312119
0.022000
-0.244464
-0.411769
-0.364658
-0.294513
-0.161556
-0.129304
-0.100076
0.058814
0.123169
0.294637
0.417601
0.289426
0.137659
-0.108385
-0.370000
-0.401895
-0.335063
-0.157910
0.096796
0.239086
0.295587
0.203736
0.060733
-0.077811
-0.219552
-0.268825
-0.321336
-0.313005
-0.210496
-0.076345
0.070024
0.176739
0.179756
0.060689
-0.068553
-0.171158
-0.166846
-0.040948
0.133368
0.279413
0.345057
0.358971
0.313696
0.302039
0.396058
0.409634
-0.021686
-0.294738
-0.466233
-0.752937
-0.418944
0.010509
0.274205
0.589683
0.553125
0.221082
-0.049268
-0.311699
-0.413125
-0.343799
-0.265559
-0.135065
-0.138752
-0.067014
0.083539
0.151446
0.349003
0.404694
0.245798
0.081937
-0.193155
-0.404842
-0.389968
-0.304500
-0.081703
0.147752
0.264516
0.290082
0.159432
0.026449
-0.123669
-0.244905
-0.286123
-0.334246
-0.288317
-0.170175
-0.020826
0.114140
0.195598
0.150941
0.013065
-0.109637
-0.188575
-0.134669
0.011092
0.189943
0.306209
0.356765
0.350965
0.305110
0.307799
0.427004
0.314260
-0.166157
-0.318278
-0.569685
-0.713998
-0.243493
0.100493
0.377805
0.628440
0.453525
0.120329
-0.134237
-0.374745
-0.393870
-0.322074
-0.221705
-0.113165
-0.136988
-0.005855
0.111858
0.201902
0.398033
0.360208
0.185177
0.000744
-0.287014
-0.416028
-0.360561
-0.239377
0.013061
0.196579
0.286990
0.259879
0.109569
-0.013958
-0.169159
-0.256319
-0.300177
-0.334347
-0.261234
-0.127705
0.025272
0.152507
0.203509
0.115645
-0.026224
-0.144949
-0.188960
-0.096996
0.063310
0.235965
0.324507
0.357368
0.328302
0.290022
0.335524
0.462038
0.190517
-0.238937
-0.348296
-0.682660
-0.620609
-0.113220
0.168706
0.485207
0.630580
0.353249
0.043543
-0.215553
-0.407581
-0.364800
-0.296008
-0.169047
-0.114208
-0.121266
0.041914
0.122684
0.263704
0.424815
0.313547
0.142221
-0.080760
-0.357080
-0.408874
-0.335391
-0.170829
0.085635
0.231118
0.302512
0.221073
0.076429
-0.051994
-0.202603
-0.261549
-0.313541
-0.324590
-0.226036
-0.082660
0.069098
0.184296
0.196808
0.076128
-0.064403
-0.171874
-0.179747
-0.056166
0.118655
0.270646
0.336531
0.350627
0.302360
0.283370
0.369417
0.455663
0.084230
-0.270777
-0.404401
-0.739790
-0.515615
-0.027538
0.238348
0.558566
0.602241
0.269118
-0.024155
-0.281859
-0.420288
-0.342939
-0.265026
-0.133932
-0.117054
-0.095414
0.067676
0.139045
0.311112
0.423490
0.272589
0.095300
-0.154410
-0.400099
-0.399430
-0.306644
-0.104567
0.137845
0.256141
0.297518
0.181506
0.044456
-0.089670
-0.222726
-0.267487
-0.321093
-0.306870
-0.195162
-0.046211
0.101126
0.199524
0.177709
0.039847
-0.096265
-0.187341
-0.159564
-0.020464
0.158450
0.290601
0.334458
0.337988
0.291854
0.279449
0.390037
0.439921
-0.009487
-0.295904
-0.452166
-0.761059
-0.421301
0.041043
0.292984
0.597977
0.559734
0.196732
-0.078262
-0.327309
-0.416658
-0.322274
-0.241240
-0.110163
-0.122198
-0.071336
0.090091
0.157403
0.344225
0.412123
0.231127
0.050732
-0.212839
-0.422572
-0.383914
-0.273593
-0.046581
0.174086
0.273396
0.285563
0.144529
0.015359
-0.123608
-0.238999
-0.276102
-0.322390
-0.287154
-0.161568
-0.007133
0.129503
0.207844
0.153400
0.001475
-0.128841
-0.199388
-0.139688
0.012372
0.198680
0.304816
0.333375
0.317743
0.273942
0.268484
0.393009
0.420407
-0.065593
-0.302770
-0.482986
-0.757198
-0.356237
0.083425
0.328890
0.613370
0.521282
0.143139
-0.118604
-0.359488
-0.409591
-0.305387
-0.218426
-0.090012
-0.119837
-0.052682
0.102687
0.168060
0.358634
0.395705
0.198539
0.016648
-0.250268
-0.431427
-0.375878
-0.246383
-0.002574
0.197672
0.297802
0.271634
0.110507
-0.017042
-0.167757
-0.263657
-0.286829
-0.310036
-0.251308
-0.112015
0.037467
0.146480
0.200506
0.115041
-0.037173
-0.149357
-0.192141
-0.103913
0.059846
0.236966
0.317973
0.336799
0.311714
0.275659
0.294998
0.451372
0.261341
-0.227540
-0.328086
-0.627761
-0.667449
-0.140872
0.176201
0.448006
0.635827
0.375321
0.032687
-0.209955
-0.412163
-0.365715
-0.282475
-0.171142
-0.086762
-0.124676
0.020668
0.135502
0.235922
0.410225
0.328382
0.117749
-0.083917
-0.350731
-0.426392
-0.329851
-0.154989
0.094641
0.242850
0.305640
0.212255
0.053543
-0.070788
-0.216487
-0.274526
-0.302234
-0.297812
-0.201671
-0.044681
0.088801
0.178257
0.178320
0.047159
-0.091627
-0.179046
-0.163270
-0.036528
0.136794
0.282144
0.333854
0.337614
0.290893
0.262213
0.333801
0.433159
0.028932
-0.300504
-0.395033
-0.711190
-0.451159
0.040515
0.274762
0.552497
0.560580
0.201729
-0.076847
-0.313149
-0.420391
-0.317982
-0.246593
-0.110625
-0.097681
-0.077762
0.095548
0.168336
0.310770
0.400549
0.220410
0.022874
-0.204721
-0.413034
-0.394172
-0.256297
-0.032306
0.178816
0.292438
0.282801
0.124175
-0.017089
-0.162583
-0.277809
-0.300053
-0.292217
-0.235036
-0.089409
0.059925
0.144070
0.180134
0.099549
-0.050770
-0.150352
-0.173635
-0.086441
0.069601
0.236804
0.326023
0.340393
0.317710
0.286842
0.326573
0.439678
0.127996
-0.285917
-0.370689
-0.669750
-0.543215
-0.024535
0.239670
0.509915
0.594846
0.272231
-0.029291
-0.261792
-0.417306
-0.332640
-0.265933
-0.152924
-0.098167
-0.105052
0.064531
0.172989
0.292033
0.410159
0.266370
0.046955
-0.171166
-0.394227
-0.415833
-0.283965
-0.067408
0.150203
0.281017
0.296889
0.157119
0.008843
-0.131771
-0.262790
-0.301858
-0.296514
-0.247538
-0.111653
0.047042
0.139012
0.178012
0.115240
-0.033348
-0.137646
-0.167196
-0.090780
0.053461
0.211120
0.306509
0.326312
0.317136
0.288007
0.326038
0.448530
0.179244
-0.266185
-0.363540
-0.645103
-0.582576
-0.059334
0.224411
0.481308
0.598676
0.298916
-0.015138
-0.236961
-0.405120
-0.335594
-0.264696
-0.170390
-0.105645
-0.119958
0.042097
0.170550
0.283266
0.411996
0.285816
0.056396
-0.158536
-0.383484
-0.420240
-0.290870
-0.081415
0.132992
0.262544
0.291714
0.170349
0.024566
-0.104211
-0.243041
-0.296290
-0.301309
-0.265483
-0.137104
0.029242
0.134252
0.178193
0.130799
-0.018558
-0.130992
-0.167551
-0.101704
0.038389
0.195511
0.300291
0.320334
0.321428
0.287539
0.299097
0.438327
0.229796
-0.247918
-0.344625
-0.600261
-0.620544
-0.097050
0.206521
0.443211
0.599895
0.330480
0.000920
-0.214168
-0.397552
-0.343906
-0.266789
-0.181982
-0.100302
-0.124439
0.024113
0.167882
0.263112
0.402995
0.301899
0.065611
-0.139690
-0.366766
-0.433145
-0.301142
-0.096776
0.115207
0.260040
0.294943
0.180171
0.026005
-0.099971
-0.248213
-0.306183
-0.291138
-0.253293
-0.126704
0.040866
0.133388
0.166071
0.123789
-0.018869
-0.127745
-0.155314
-0.092339
0.035804
0.188380
0.295871
0.321377
0.320679
0.298115
0.316295
0.441689
0.151097
-0.289492
-0.356661
-0.636447
-0.557465
-0.031038
0.227834
0.466266
0.584194
0.272737
-0.025121
-0.229210
-0.399080
-0.325245
-0.263254
-0.177496
-0.108828
-0.118163
0.050307
0.184778
0.284466
0.403342
0.268997
0.032172
-0.169287
-0.382565
-0.419181
-0.273362
-0.068179
0.131991
0.261177
0.283708
0.162122
0.016827
-0.108089
-0.252254
-0.300927
-0.291798
-0.250917
-0.115158
0.048183
0.137303
0.166678
0.114277
-0.032519
-0.132407
-0.151710
-0.084099
0.043894
0.192185
0.292484
0.318281
0.319838
0.285404
0.322640
0.428388
0.142455
-0.279705
-0.367920
-0.625170
-0.541536
-0.029673
0.237654
0.467979
0.569458
0.270142
-0.032382
-0.234026
-0.390037
-0.324522
-0.255073
-0.172520
-0.108749
-0.110290
0.050994
0.188752
0.288154
0.395031
0.264241
0.023975
-0.177853
-0.377558
-0.413955
-0.267344
-0.057575
0.132893
0.257539
0.277412
0.162142
0.019260
-0.103294
-0.245763
-0.300779
-0.288229
-0.246556
-0.109034
0.055276
0.144136
0.170809
0.115920
-0.028630
-0.133611
-0.150942
-0.087961
0.042686
0.194906
0.300274
0.317973
0.308870
0.279428
0.290295
0.423110
0.191162
-0.256735
-0.337981
-0.589398
-0.573267
-0.063907
0.221408
0.440045
0.579744
0.300201
-0.015824
-0.216408
-0.388504
-0.328529
-0.251148
-0.170422
-0.093312
-0.108212
0.035987
0.179934
0.268009
0.387192
0.282558
0.041003
-0.154859
-0.361399
-0.422829
-0.276428
-0.069244
0.124210
0.258687
0.284801
0.175535
0.025697
-0.091168
-0.237107
-0.296897
-0.282851
-0.249824
-0.119659
0.047622
0.144085
0.175992
0.131786
-0.012676
-0.126997
-0.152362
-0.095815
0.031721
0.179137
0.284595
0.303817
0.306744
0.274949
0.278942
0.419212
0.258500
-0.210188
-0.327030
-0.549851
-0.617025
-0.129758
0.197163
0.408141
0.580574
0.350786
0.014874
-0.188751
-0.369343
-0.336180
-0.249919
-0.180099
-0.094529
-0.114262
0.005969
0.165429
0.252507
0.379355
0.313961
0.073333
-0.127906
-0.335337
-0.426728
-0.301101
-0.093571
0.101495
0.244756
0.283754
0.191868
0.041123
-0.072360
-0.212395
-0.289464
-0.281059
-0.252675
-0.141305
0.026525
0.132218
0.169998
0.141563
0.010719
-0.111017
-0.148965
-0.106429
0.010094
0.152322
0.266901
0.298751
0.296644
0.276012
0.271827
0.391357
0.333215
-0.136539
-0.320228
-0.489085
-0.652015
-0.231075
0.158483
0.360282
0.565979
0.418242
0.063231
-0.150493
-0.342321
-0.352934
-0.255401
-0.197461
-0.102408
-0.114902
-0.034150
0.140118
0.229956
0.356749
0.346602
0.118646
-0.092091
-0.296595
-0.425058
-0.335575
-0.133860
0.065127
0.220414
0.280342
0.215498
0.066802
-0.049312
-0.179648
-0.278580
-0.285134
-0.267822
-0.179468
-0.011184
0.117644
0.170205
0.160301
0.040783
-0.098864
-0.158703
-0.135731
-0.025525
0.119413
0.244354
0.288909
0.290196
0.262676
0.243569
0.327011
0.415547
0.048389
-0.293013
-0.391330
-0.657327
-0.439719
0.047609
0.282605
0.507430
0.521747
0.180414
-0.092820
-0.287386
-0.381139
-0.283040
-0.217719
-0.122821
-0.102027
-0.094210
0.075730
0.188201
0.300112
0.380930
0.213589
-0.019235
-0.218836
-0.406097
-0.397196
-0.211044
-0.006355
0.177286
0.275612
0.253843
0.115162
-0.018829
-0.135154
-0.258458
-0.284263
-0.272681
-0.219291
-0.077053
0.076270
0.148091
0.167758
0.091839
-0.054098
-0.142949
-0.154557
-0.073060
0.062813
0.200493
0.279545
0.294632
0.270941
0.239388
0.264730
0.409933
0.248120
-0.209080
-0.323051
-0.557645
-0.611265
-0.126898
0.198518
0.407095
0.570966
0.337871
-0.001537
-0.203269
-0.372610
-0.330379
-0.238994
-0.163399
-0.087170
-0.116586
-0.002383
0.149457
0.236438
0.367008
0.309334
0.072863
-0.126920
-0.334920
-0.431888
-0.299971
-0.094481
0.103125
0.247786
0.281275
0.183078
0.026987
-0.085210
-0.217587
-0.283618
-0.275392
-0.250635
-0.143097
0.020143
0.124448
0.163305
0.135573
0.000900
-0.121235
-0.164622
-0.122662
-0.000427
0.145888
0.258847
0.287598
0.272175
0.245177
0.222381
0.310784
0.408794
0.045176
-0.285330
-0.383704
-0.646079
-0.434367
0.050754
0.281818
0.499557
0.513188
0.174844
-0.101194
-0.291729
-0.377202
-0.278390
-0.206216
-0.109012
-0.091709
-0.092664
0.068990
0.176500
0.283556
0.371139
0.215812
-0.014392
-0.207580
-0.399715
-0.397172
-0.211618
-0.010791
0.177068
0.277078
0.253878
0.107645
-0.032335
-0.146460
-0.264403
-0.277883
-0.255872
-0.204972
-0.066475
0.073535
0.137190
0.154638
0.083999
-0.053843
-0.139928
-0.147549
-0.075430
0.061247
0.199788
0.283416
0.292235
0.270715
0.235621
0.238451
0.377665
0.298503
-0.157804
-0.312182
-0.492935
-0.631627
-0.198434
0.174034
0.366508
0.553597
0.389881
0.034386
-0.177822
-0.350973
-0.343611
-0.242881
-0.171695
-0.081972
-0.107362
-0.029753
0.133112
0.213497
0.338605
0.333721
0.111337
-0.092545
-0.289997
-0.425950
-0.324631
-0.126139
0.068053
0.229368
0.280482
0.209121
0.051706
-0.063408
-0.192652
-0.278529
-0.269806
-0.249744
-0.158622
0.000464
0.113376
0.157827
0.144463
0.030154
-0.097592
-0.149985
-0.127178
-0.020410
0.120566
0.243325
0.294564
0.283700
0.253884
0.224135
0.283999
0.418591
0.121953
-0.259432
-0.339543
-0.614166
-0.509005
-0.009894
0.241706
0.458424
0.547284
0.242551
-0.055559
-0.247570
-0.372867
-0.294108
-0.219099
-0.126259
-0.086225
-0.107925
0.040506
0.162782
0.257688
0.375215
0.263258
0.029885
-0.159332
-0.364530
-0.414210
-0.251162
-0.054827
0.139198
0.263432
0.270531
0.147766
0.001096
-0.108868
-0.239942
-0.277066
-0.261205
-0.224229
-0.098906
0.050888
0.130514
0.159515
0.108885
-0.024564
-0.124573
-0.149489
-0.094494
0.034775
0.173685
0.271037
0.297769
0.274516
0.236724
0.228706
0.359030
0.345480
-0.093994
-0.290114
-0.446321
-0.652550
-0.281447
0.125490
0.321390
0.540154
0.444460
0.091047
-0.134119
-0.320207
-0.351951
-0.256193
-0.190311
-0.095012
-0.113354
-0.061069
0.107540
0.192706
0.321165
0.358583
0.158364
-0.051099
-0.249798
-0.420708
-0.359839
-0.170141
0.025739
0.205757
0.282743
0.231787
0.073651
-0.046954
-0.177146
-0.276342
-0.270528
-0.246653
-0.173466
-0.023535
0.093140
0.140587
0.143703
0.049689
-0.077065
-0.140666
-0.130479
-0.038899
0.099444
0.227863
0.291470
0.283550
0.251687
0.225312
0.286442
0.406936
0.122092
-0.250431
-0.341236
-0.609301
-0.510345
-0.025002
0.228781
0.449316
0.543125
0.250553
-0.043019
-0.234151
-0.364944
-0.296001
-0.225712
-0.141406
-0.100620
-0.117813
0.029479
0.158345
0.257525
0.374754
0.270577
0.038197
-0.153717
-0.363081
-0.421102
-0.262878
-0.066326
0.130690
0.262313
0.274921
0.149357
0.004689
-0.108846
-0.245205
-0.280386
-0.260203
-0.217601
-0.094293
0.054927
0.127302
0.152782
0.104182
-0.027928
-0.125082
-0.146002
-0.087213
0.039374
0.184151
0.280887
0.300609
0.264434
0.228331
0.232806
0.365187
0.306542
-0.131477
-0.289183
-0.472781
-0.630781
-0.222843
0.148770
0.342354
0.549191
0.409615
0.060191
-0.148452
-0.329656
-0.340004
-0.244357
-0.180264
-0.093837
-0.116908
-0.046016
0.118278
0.204169
0.333829
0.346104
0.134979
-0.069966
-0.268035
-0.420987
-0.340837
-0.148230
0.044638
0.211366
0.277508
0.219826
0.072446
-0.038041
-0.166781
-0.264228
-0.268347
-0.256467
-0.176354
-0.019660
0.101530
0.157365
0.157138
0.052959
-0.078679
-0.141518
-0.131061
-0.032060
0.108971
0.235280
0.288918
0.279749
0.249497
0.225173
0.296204
0.415979
0.100574
-0.258010
-0.343293
-0.621026
-0.485795
0.005695
0.243494
0.463343
0.542168
0.229968
-0.055388
-0.238244
-0.360167
-0.283100
-0.213868
-0.132179
-0.100826
-0.113438
0.041017
0.168477
0.268902
0.380583
0.261120
0.022880
-0.165822
-0.368244
-0.413153
-0.242925
-0.050672
0.137602
0.258758
0.262556
0.146486
0.012666
-0.092696
-0.226343
-0.267950
-0.259312
-0.228869
-0.099565
0.051416
0.132952
0.165422
0.115093
-0.022251
-0.120355
-0.143873
-0.089449
0.039283
0.177411
0.270268
0.293016
0.267897
0.227595
0.234298
0.359317
0.303607
-0.115890
-0.293986
-0.460958
-0.617826
-0.234683
0.147514
0.337817
0.532570
0.412466
0.063278
-0.149307
-0.319479
-0.342667
-0.244180
-0.177610
-0.098458
-0.108299
-0.046242
0.116041
0.207347
0.322681
0.339786
0.133828
-0.077628
-0.268996
-0.423595
-0.337979
-0.143630
0.047354
0.217310
0.274721
0.214137
0.062695
-0.050488
-0.175650
-0.267972
-0.259509
-0.237976
-0.161575
-0.012137
0.096598
0.143020
0.140164
0.042495
-0.083195
-0.139652
-0.125865
-0.030626
0.106840
0.229897
0.292922
0.281568
0.243020
0.208100
0.276768
0.369462
0.062428
-0.255648
-0.343065
-0.591605
-0.442363
0.018024
0.242121
0.449078
0.508176
0.201060
-0.072515
-0.249985
-0.365517
-0.287921
-0.209852
-0.127798
-0.090261
-0.088671
0.052485
0.167965
0.257492
0.345654
0.223860
-0.003104
-0.181881
-0.374629
-0.397888
-0.222677
-0.038061
0.152182
0.260416
0.251375
0.124618
-0.012502
-0.125776
-0.252526
-0.270649
-0.246220
-0.194262
-0.063185
0.070646
0.128187
0.143904
0.083679
-0.046807
-0.126561
-0.139054
-0.074395
0.052768
0.181044
0.268590
0.284801
0.261484
0.230558
0.243760
0.371924
0.213115
-0.204870
-0.308992
-0.512480
-0.566648
-0.115079
0.194671
0.371910
0.534586
0.324391
-0.005257
-0.183498
-0.344733
-0.323985
-0.228115
-0.164939
-0.093754
-0.102275
-0.004630
0.147702
0.228710
0.333157
0.292002
0.063778
-0.127248
-0.310141
-0.417743
-0.285194
-0.091454
0.091171
0.235999
0.265146
0.178079
0.032358
-0.073053
-0.202373
-0.270246
-0.252708
-0.226093
-0.123547
0.028794
0.116750
0.148409
0.123350
0.005167
-0.104400
-0.136875
-0.105778
0.006404
0.138163
0.241098
0.274195
0.259510
0.227776
0.220307
0.331553
0.364943
-0.023650
-0.276666
-0.395925
-0.622537
-0.338826
0.096678
0.291914
0.498254
0.464950
0.117801
-0.116317
-0.284454
-0.353491
-0.250511
-0.182827
-0.107329
-0.095695
-0.069720
0.086368
0.192815
0.293762
0.347091
0.174929
-0.049097
-0.226961
-0.398500
-0.361074
-0.164953
0.017670
0.192847
0.267456
0.227241
0.093395
-0.025384
-0.140514
-0.248271
-0.254223
-0.236508
-0.176466
-0.028947
0.092860
0.146448
0.153456
0.067815
-0.066515
-0.134918
-0.134161
-0.051588
0.083747
0.203384
0.272089
0.270745
0.234216
0.206563
0.246813
0.372972
0.201408
-0.188316
-0.304463
-0.514844
-0.531706
-0.091398
0.208627
0.390350
0.523060
0.295474
-0.026557
-0.202452
-0.344270
-0.305009
-0.201827
-0.134809
-0.077163
-0.086122
0.006584
0.146235
0.230809
0.327763
0.275004
0.050748
-0.137088
-0.318603
-0.404195
-0.255362
-0.065799
0.116584
0.245830
0.252527
0.159349
0.022234
-0.082393
-0.204273
-0.256722
-0.236347
-0.209393
-0.101163
0.042438
0.120383
0.153035
0.119910
-0.000725
-0.109459
-0.137484
-0.105123
0.015171
0.149419
0.240789
0.266859
0.245348
0.208549
0.200657
0.309504
0.359854
0.017372
-0.254543
-0.373909
-0.591025
-0.359225
0.073710
0.282453
0.475329
0.462505
0.131817
-0.116895
-0.276907
-0.348416
-0.248162
-0.166036
-0.094552
-0.078935
-0.063370
0.071500
0.177229
0.272233
0.330020
0.179283
-0.039767
-0.215618
-0.386498
-0.356049
-0.165108
0.015610
0.192550
0.263513
0.219556
0.087074
-0.036047
-0.147348
-0.248337
-0.246752
-0.219890
-0.158947
-0.022687
0.088531
0.134526
0.140447
0.062709
-0.064961
-0.129115
-0.129692
-0.057197
0.077982
0.200778
0.261289
0.258596
0.230207
0.193038
0.229492
0.356779
0.212978
-0.167034
-0.293048
-0.488677
-0.531860
-0.116887
0.190658
0.368888
0.505962
0.304432
-0.019546
-0.197623
-0.336459
-0.309916
-0.201609
-0.132003
-0.073515
-0.079389
0.000566
0.132413
0.214669
0.307280
0.266480
0.054901
-0.129467
-0.304406
-0.397666
-0.259359
-0.072844
0.105147
0.240290
0.248903
0.157220
0.019000
-0.087674
-0.205134
-0.259049
-0.239557
-0.208196
-0.105026
0.035297
0.112074
0.143290
0.112851
0.000002
-0.103571
-0.134705
-0.106087
0.002097
0.134490
0.225275
0.253396
0.239559
0.206368
0.192047
0.291167
0.365355
0.053587
-0.239926
-0.352360
-0.576424
-0.394888
0.038630
0.256732
0.448998
0.467948
0.156326
-0.103108
-0.263028
-0.349470
-0.258369
-0.170719
-0.099718
-0.077593
-0.068314
0.055664
0.161169
0.254140
0.320755
0.188597
-0.025222
-0.197905
-0.372453
-0.362979
-0.180508
-0.002460
0.176343
0.258143
0.220818
0.096098
-0.028569
-0.138559
-0.241293
-0.249213
-0.225909
-0.171051
-0.036915
0.080722
0.132203
0.142859
0.069511
-0.058246
-0.128293
-0.135367
-0.068431
0.065527
0.187878
0.247127
0.249653
0.221437
0.189514
0.206808
0.332726
0.275811
-0.112885
-0.278686
-0.436875
