-0.120575
-0.067657
-0.049194
-0.185913
-0.228973
-0.153229
-0.173889
0.057129
0.126617
0.113953
0.733826
0.780457
0.602722
0.724457
-0.074280
-0.353394
-0.196930
-0.400238
0.105652
0.408783
0.251587
0.428467
0.252533
-0.029572
0.011139
-0.127289
-0.240814
-0.097473
-0.151093
-0.080292
0.179810
0.138397
0.173676
0.127411
-0.118011
-0.154968
-0.201294
-0.254486
-0.195282
-0.175903
-0.178314
-0.131531
-0.118103
-0.153534
-0.161926
-0.244415
-0.238953
-0.124695
-0.128906
-0.062225
-0.054504
-0.123199
-0.188141
-0.251129
-0.185150
-0.062744
0.064117
0.150818
0.705078
0.840485
0.677582
0.754944
-0.006897
-0.379578
-0.267670
-0.483459
0.025635
0.375946
0.299957
0.494568
0.336853
0.045288
0.034332
-0.116455
-0.274872
-0.122711
-0.175964
-0.109894
0.152985
0.141754
0.202728
0.184784
-0.046143
-0.134033
-0.200531
-0.287170
-0.235107
-0.200287
-0.211090
-0.124573
-0.126526
-0.175598
-0.149445
-0.220459
-0.220886
-0.175598
-0.150818
-0.070282
-0.052917
-0.084595
-0.170990
-0.237427
-0.173889
-0.042175
-0.024353
0.148743
0.789795
0.798157
0.728607
0.778015
-0.139862
-0.359863
-0.276917
-0.524811
0.101746
0.350281
0.247162
0.538513
0.318909
0.070465
0.103577
-0.160980
-0.292816
-0.112671
-0.209442
-0.074066
0.195770
0.110535
0.190338
0.158905
-0.099426
-0.099854
-0.143768
-0.269989
-0.188690
-0.227203
-0.284149
-0.134186
-0.136597
-0.149384
-0.089203
-0.216156
-0.220398
-0.127533
-0.133728
-0.060822
-0.081329
-0.154816
-0.126404
-0.231323
-0.166046
-0.030426
-0.005188
0.020294
0.377777
0.819427
0.701630
0.787292
0.404999
-0.354248
-0.309753
-0.414886
-0.264679
0.332611
0.339752
0.418182
0.470154
0.141418
0.045410
-0.007172
-0.234955
-0.167938
-0.139069
-0.199615
0.097137
0.148346
0.155212
0.228546
-0.009277
-0.150848
-0.167969
-0.259827
-0.215363
-0.152985
-0.231873
-0.203705
-0.151733
-0.191559
-0.125977
-0.187958
-0.241943
-0.160828
-0.158295
-0.072815
-0.061859
-0.105591
-0.188446
-0.262756
-0.234131
-0.055634
0.049469
0.120544
0.643677
0.824036
0.657257
0.746155
0.133270
-0.358734
-0.283051
-0.468781
-0.121429
0.334656
0.305084
0.479248
0.458496
0.133514
0.063507
-0.092621
-0.320404
-0.165680
-0.140411
-0.145844
0.155121
0.154968
0.146942
0.245209
0.008728
-0.109680
-0.132935
-0.290955
-0.234863
-0.178253
-0.240570
-0.163330
-0.137909
-0.180695
-0.120392
-0.166016
-0.221771
-0.176544
-0.148804
-0.125671
-0.065063
-0.083008
-0.126953
-0.139618
-0.161224
-0.099792
-0.012390
-0.066315
0.116028
0.728424
0.714111
0.752899
0.723419
-0.129883
-0.304840
-0.328827
-0.456604
0.132721
0.320496
0.286621
0.502441
0.263031
0.078888
0.091400
-0.152679
-0.233215
-0.073700
-0.170685
-0.018799
0.171417
0.059906
0.172852
0.110657
-0.080383
-0.079742
-0.173340
-0.260345
-0.196320
-0.201721
-0.233490
-0.142273
-0.166107
-0.175598
-0.127167
-0.247803
-0.220276
-0.118134
-0.135742
-0.048157
-0.010040
-0.130798
-0.133514
-0.234802
-0.198029
-0.027222
-0.041443
0.007965
0.521790
0.781219
0.684784
0.818665
0.215942
-0.328400
-0.282776
-0.483887
-0.139893
0.326935
0.257660
0.444092
0.389130
0.114746
0.103882
-0.038330
-0.246521
-0.162079
-0.138275
-0.117462
0.152222
0.139526
0.113586
0.170074
-0.033875
-0.106995
-0.095093
-0.229858
-0.201813
-0.177429
-0.234680
-0.163300
-0.144135
-0.163574
-0.132019
-0.189392
-0.222107
-0.143982
-0.114258
-0.054840
-0.020813
-0.113647
-0.130890
-0.207123
-0.210236
-0.102570
-0.059845
-0.049896
0.217407
0.722107
0.701813
0.764771
0.595032
-0.173248
-0.284424
-0.364807
-0.390320
0.172302
0.282471
0.310699
0.476196
0.232574
0.089539
0.066681
-0.185425
-0.211639
-0.119232
-0.189514
0.029205
0.171204
0.100128
0.201874
0.077881
-0.100159
-0.088593
-0.189606
-0.243591
-0.173828
-0.205627
-0.188629
-0.107178
-0.152740
-0.133453
-0.133240
-0.224091
-0.166016
-0.112854
-0.102448
-0.011230
-0.049469
-0.146973
-0.129608
-0.180115
-0.225922
-0.041412
0.008148
-0.002869
0.142303
0.488190
0.683655
0.620422
0.627869
0.070740
-0.304871
-0.229187
-0.336670
0.039551
0.354797
0.256500
0.382416
0.252106
0.017212
0.036438
-0.077850
-0.165558
-0.066956
-0.082794
-0.015350
0.110840
0.089294
0.096649
0.050568
-0.065369
-0.118683
-0.143982
-0.210419
-0.190704
-0.155792
-0.174835
-0.130157
-0.137115
-0.186829
-0.193390
-0.206543
-0.190948
-0.120209
-0.064880
-0.056793
-0.051697
-0.081635
-0.174835
-0.302063
-0.272095
-0.168243
0.024048
0.074738
0.394440
0.890717
0.682800
0.685120
0.404724
-0.314728
-0.278992
-0.347595
-0.249817
0.299103
0.300812
0.339722
0.406097
0.153473
0.044769
0.009827
-0.225800
-0.230621
-0.105682
-0.113037
0.098541
0.187927
0.128998
0.134369
0.014893
-0.101074
-0.099548
-0.188354
-0.234100
-0.184540
-0.187500
-0.153961
-0.105408
-0.135498
-0.158417
-0.177795
-0.220398
-0.171387
-0.084015
-0.063660
-0.039215
-0.099731
-0.197205
-0.213348
-0.255920
-0.206024
-0.008850
0.070343
0.054871
0.485443
0.744659
0.586304
0.726135
0.265289
-0.282349
-0.180573
-0.360504
-0.146484
0.317596
0.228699
0.322784
0.362000
0.071442
0.046478
0.000000
-0.240143
-0.114105
-0.049896
-0.092682
0.137604
0.131622
0.056366
0.087372
-0.053528
-0.098328
-0.081696
-0.186218
-0.194397
-0.160278
-0.197449
-0.149506
-0.113678
-0.171143
-0.166412
-0.203857
-0.228119
-0.142792
-0.078857
-0.057770
-0.047668
-0.113281
-0.188416
-0.207123
-0.252258
-0.174927
0.011658
0.043030
0.116119
0.649689
0.751373
0.626312
0.701813
0.055206
-0.296082
-0.189209
-0.369965
0.006500
0.317352
0.186035
0.341003
0.279419
0.046448
0.067505
-0.060608
-0.221466
-0.075470
-0.070770
-0.043427
0.144806
0.076385
0.057648
0.083893
-0.058197
-0.082855
-0.104065
-0.210205
-0.174622
-0.133698
-0.188599
-0.119568
-0.142426
-0.221161
-0.176910
-0.221985
-0.196228
-0.084167
-0.049377
-0.025116
-0.024078
-0.142303
-0.229523
-0.304626
-0.308380
-0.136047
0.042480
0.056091
0.269104
0.762146
0.727936
0.698730
0.593719
-0.096161
-0.288177
-0.290131
-0.336670
0.128479
0.303558
0.257660
0.370361
0.226074
0.062225
0.041962
-0.136169
-0.231415
-0.107361
-0.110321
0.010284
0.159485
0.082214
0.080475
0.038727
-0.093842
-0.094055
-0.144104
-0.220642
-0.157288
-0.153381
-0.158386
-0.125427
-0.166046
-0.197296
-0.197113
-0.213562
-0.185516
-0.094727
-0.053833
-0.007660
-0.045074
-0.146362
-0.206940
-0.294220
-0.289886
-0.087921
0.085083
0.057861
0.319122
0.799591
0.635864
0.708557
0.590851
-0.167175
-0.198364
-0.273102
-0.341766
0.195313
0.251984
0.223419
0.388519
0.157501
0.040497
0.053955
-0.144714
-0.171143
-0.051880
-0.111786
0.025421
0.113312
0.015167
0.067902
0.005493
-0.098969
-0.061584
-0.138855
-0.187378
-0.127808
-0.173340
-0.176270
-0.151520
-0.205475
-0.202972
-0.203552
-0.195770
-0.133972
-0.062775
-0.022034
-0.018677
-0.089874
-0.212128
-0.249664
-0.284393
-0.219269
-0.002960
0.083344
0.071899
0.276825
0.675873
0.674866
0.711365
0.588226
-0.095306
-0.214691
-0.260254
-0.300201
0.179230
0.247589
0.200714
0.337372
0.135834
0.028412
0.075073
-0.105347
-0.156250
-0.027802
-0.122681
-0.009857
0.090881
-0.011017
0.059814
0.018280
-0.080292
-0.048431
-0.111115
-0.181641
-0.146667
-0.180725
-0.226807
-0.147430
-0.184845
-0.220673
-0.151855
-0.189850
-0.149200
-0.039398
-0.051575
-0.039856
-0.060242
-0.231689
-0.292145
-0.321350
-0.250336
-0.011658
0.147888
0.181274
0.616272
0.819794
0.598206
0.706085
0.222198
-0.282623
-0.171600
-0.330017
-0.099640
0.307953
0.192963
0.293640
0.309357
0.048187
0.044983
-0.010590
-0.208313
-0.127380
-0.068695
-0.078674
0.099640
0.079803
0.020020
0.041718
-0.077576
-0.088837
-0.061432
-0.134857
-0.132019
-0.160461
-0.214783
-0.200867
-0.206177
-0.200928
-0.176208
-0.165558
-0.146790
-0.090393
-0.058807
-0.047211
-0.054230
-0.162384
-0.230682
-0.265411
-0.240234
-0.151031
0.010925
0.170410
0.080353
0.548462
0.814850
0.552277
0.803436
0.239288
-0.309723
-0.102905
-0.375153
-0.095520
0.340454
0.150513
0.297699
0.303406
0.002411
0.048859
0.011963
-0.206726
-0.053528
-0.052643
-0.127502
0.083893
0.027191
0.005798
0.080658
-0.055115
-0.072876
-0.066132
-0.177307
-0.175110
-0.156525
-0.224243
-0.188354
-0.174530
-0.213440
-0.155273
-0.156158
-0.157166
-0.066772
-0.062622
-0.062775
-0.092804
-0.178436
-0.221222
-0.226501
-0.205566
-0.083160
0.044037
0.059021
0.111481
0.575012
0.747406
0.649750
0.776001
0.151764
-0.228882
-0.149384
-0.370575
-0.031464
0.261993
0.125061
0.296448
0.241638
0.027374
0.088074
-0.019867
-0.177063
-0.065460
-0.077057
-0.065338
0.076935
0.016052
-0.013702
0.001709
-0.054016
-0.048157
-0.038483
-0.124451
-0.153931
-0.172577
-0.234344
-0.199585
-0.207947
-0.202271
-0.152649
-0.149109
-0.107330
-0.099365
-0.044189
-0.057281
-0.125549
-0.181152
-0.265411
-0.246765
-0.161041
-0.053040
0.097687
0.063049
0.192108
0.730438
0.692261
0.718597
0.677551
-0.065674
-0.208374
-0.235199
-0.339600
0.153076
0.251617
0.186890
0.328827
0.133759
0.016113
0.064941
-0.100586
-0.181763
-0.048492
-0.112030
-0.023987
0.109436
-0.004578
0.016510
0.001526
-0.090729
-0.054596
-0.083405
-0.161591
-0.140015
-0.172882
-0.213135
-0.166901
-0.186340
-0.198822
-0.142456
-0.162445
-0.146149
-0.046967
-0.044495
-0.082520
-0.141998
-0.241913
-0.214142
-0.259613
-0.198334
0.038116
0.096008
0.064636
0.334656
0.729858
0.644867
0.734955
0.545349
-0.158752
-0.176758
-0.275726
-0.284851
0.227234
0.209930
0.210449
0.329529
0.075195
0.021210
0.042633
-0.157318
-0.152313
-0.058563
-0.095947
0.046844
0.091400
0.006378
0.028259
-0.033051
-0.095673
-0.058563
-0.097595
-0.140106
-0.118591
-0.172821
-0.188690
-0.162170
-0.200867
-0.188721
-0.157776
-0.166870
-0.119354
-0.041565
-0.052155
-0.071228
-0.154236
-0.247742
-0.232330
-0.248627
-0.129761
0.023132
0.092072
0.031799
0.426239
0.802399
0.646332
0.827362
0.382843
-0.259613
-0.162964
-0.381653
-0.175690
0.295380
0.171021
0.259735
0.281464
0.033112
0.042084
0.025635
-0.192657
-0.125854
-0.087097
-0.113678
0.085114
0.066010
0.008759
0.043518
-0.064331
-0.072449
-0.038116
-0.113708
-0.140259
-0.138062
-0.195496
-0.187134
-0.171967
-0.212128
-0.156311
-0.149719
-0.141327
-0.055267
-0.051727
-0.063324
-0.079529
-0.223846
-0.266174
-0.247650
-0.252838
-0.101837
0.047699
0.063568
0.166107
0.644226
0.746033
0.714752
0.730621
0.085571
-0.224213
-0.244354
-0.369415
0.044464
0.270569
0.220276
0.329651
0.199707
0.025085
0.029785
-0.088440
-0.220795
-0.122864
-0.121826
-0.031097
0.115967
0.065704
0.060272
0.019196
-0.073944
-0.064056
-0.082611
-0.134094
-0.134399
-0.152069
-0.171082
-0.142090
-0.159424
-0.189331
-0.176117
-0.196625
-0.128296
-0.065735
-0.052612
-0.050873
-0.131897
-0.211243
-0.254272
-0.269897
-0.248138
-0.095581
0.109528
0.089600
0.169952
0.708038
0.696991
0.660583
0.743530
0.009064
-0.219635
-0.181458
-0.392059
0.092621
0.280273
0.147736
0.332886
0.157135
-0.015839
0.063171
-0.098846
-0.201813
-0.073212
-0.115204
-0.026306
0.115845
0.038879
0.051117
0.005859
-0.104767
-0.074127
-0.096222
-0.147430
-0.111908
-0.134430
-0.158691
-0.132263
-0.181976
-0.207367
-0.183136
-0.185822
-0.137115
-0.053009
-0.050079
-0.061005
-0.119904
-0.240326
-0.222137
-0.275452
-0.177856
0.029297
0.087280
0.075500
0.229858
0.698151
0.658325
0.726349
0.657074
-0.064697
-0.157257
-0.255859
-0.332458
0.166473
0.202057
0.188599
0.299194
0.098419
0.000946
0.037018
-0.126007
-0.176147
-0.062347
-0.132172
0.002289
0.112457
0.023285
0.050598
-0.017181
-0.110809
-0.073029
-0.116119
-0.146820
-0.117889
-0.147247
-0.168823
-0.153564
-0.168060
-0.180756
-0.151428
-0.161499
-0.134430
-0.072449
-0.070984
-0.082794
-0.151489
-0.231934
-0.201691
-0.232819
-0.148041
0.008057
0.041779
0.046783
0.366150
0.743011
0.645050
0.813934
0.491852
-0.149567
-0.119720
-0.326233
-0.227264
0.234131
0.150177
0.224091
0.270172
0.036591
0.025787
0.022278
-0.152283
-0.116516
-0.051025
-0.127899
0.048706
0.053253
-0.003754
0.058289
-0.055695
-0.076965
-0.056976
-0.127014
-0.119843
-0.114380
-0.161835
-0.170441
-0.164032
-0.209412
-0.165466
-0.153015
-0.143127
-0.071045
-0.064545
-0.041565
-0.095093
-0.177704
-0.223877
-0.220367
-0.229492
-0.105652
0.004578
0.085419
0.067474
0.357239
0.754364
0.619293
0.765808
0.464996
-0.180786
-0.131866
-0.302582
-0.216431
0.242126
0.152802
0.198730
0.262238
0.032684
0.013702
0.039612
-0.159882
-0.113831
-0.046295
-0.133759
0.050171
0.056763
-0.015472
0.049957
-0.040283
-0.084320
-0.048126
-0.135132
-0.149200
-0.115509
-0.174225
-0.141998
-0.119415
-0.172729
-0.158203
-0.166992
-0.182098
-0.117432
-0.065521
-0.050293
-0.109283
-0.166473
-0.205902
-0.208710
-0.210327
-0.096924
0.067932
0.083191
0.039642
0.445984
0.706818
0.571686
0.809509
0.344238
-0.187592
-0.083374
-0.351868
-0.145721
0.259583
0.091888
0.231293
0.232391
-0.013428
0.046051
0.015839
-0.158417
-0.065887
-0.059631
-0.110504
0.065277
0.028290
-0.001190
0.044220
-0.057251
-0.077637
-0.060211
-0.121735
-0.135406
-0.133545
-0.175232
-0.169556
-0.136871
-0.144897
-0.144958
-0.145355
-0.169708
-0.142181
-0.092621
-0.074890
-0.075317
-0.122009
-0.223480
-0.236115
-0.136963
-0.068146
0.091064
0.107513
0.000183
0.465790
0.648956
0.579865
0.830292
0.255035
-0.167633
-0.099213
-0.383850
-0.082001
0.232391
0.083801
0.231720
0.188934
-0.023438
0.041687
-0.001434
-0.153992
-0.032104
-0.084564
-0.120361
0.059906
0.003693
0.023163
0.059998
-0.054932
-0.068329
-0.065125
-0.128571
-0.128998
-0.108215
-0.159210
-0.139587
-0.106476
-0.152069
-0.136169
-0.160370
-0.176239
-0.110626
-0.067535
-0.075531
-0.094025
-0.160889
-0.214142
-0.178986
-0.149261
-0.029358
0.068298
0.035919
0.005371
0.461914
0.665497
0.611633
0.821442
0.244141
-0.166809
-0.093536
-0.383453
-0.085693
0.219147
0.051453
0.231049
0.197998
-0.008270
0.082916
0.013184
-0.162842
-0.044403
-0.091309
-0.112152
0.068512
0.014679
0.007996
0.042084
-0.065521
-0.085083
-0.066742
-0.135101
-0.129791
-0.106354
-0.169373
-0.124207
-0.107391
-0.168243
-0.147736
-0.182343
-0.182068
-0.110840
-0.048370
-0.060150
-0.096497
-0.130676
-0.200714
-0.170990
-0.110382
-0.071930
0.024353
0.038513
-0.068604
0.409332
0.756134
0.630859
0.875427
0.344025
-0.236694
-0.110077
-0.404327
-0.192017
0.240051
0.050995
0.208740
0.255646
0.000763
0.094269
0.054352
-0.164032
-0.062500
-0.101624
-0.152527
0.046143
0.022125
0.006317
0.060425
-0.037689
-0.083374
-0.046143
-0.128204
-0.135132
-0.092773
-0.169434
-0.119049
-0.113647
-0.167725
-0.131592
-0.165619
-0.166626
-0.097168
-0.071472
-0.119141
-0.108154
-0.131897
-0.207031
-0.184052
-0.145294
-0.068451
0.058167
0.012177
0.033630
0.528442
0.701935
0.687897
0.784668
0.176788
-0.191650
-0.185547
-0.391113
-0.057007
0.203613
0.092468
0.250153
0.182617
0.002136
0.085938
-0.025269
-0.156921
-0.051544
-0.140625
-0.101776
0.056885
0.008301
0.049652
0.050781
-0.059937
-0.065399
-0.078888
-0.143646
-0.108429
-0.107849
-0.154968
-0.099915
-0.121582
-0.147186
-0.118225
-0.173553
-0.190826
-0.124695
-0.096375
-0.117981
-0.073700
-0.148102
-0.204773
-0.180176
-0.153717
0.002411
0.068573
0.052490
0.027435
0.427277
0.723114
0.659515
0.804596
0.284424
-0.215454
-0.146698
-0.379333
-0.110229
0.229492
0.075226
0.225006
0.184753
-0.017517
0.066132
0.005127
-0.139252
-0.047546
-0.112244
-0.121765
0.046234
0.010712
0.018127
0.054413
-0.064758
-0.089111
-0.068542
-0.128937
-0.084167
-0.069733
-0.147614
-0.123230
-0.142883
-0.174866
-0.128906
-0.172272
-0.182648
-0.106659
-0.098114
-0.098572
-0.080597
-0.184814
-0.211334
-0.194336
-0.206146
-0.054108
0.074829
-0.000305
0.172821
0.659912
0.685791
0.763123
0.713257
0.005859
-0.177094
-0.253052
-0.391235
0.069183
0.179291
0.113098
0.292236
0.113159
0.004578
0.090271
-0.084503
-0.129669
-0.043671
-0.157013
-0.046539
0.063263
-0.008087
0.058868
0.030029
-0.072327
-0.036530
-0.078705
-0.140442
-0.084778
-0.122253
-0.142914
-0.084534
-0.150543
-0.161438
-0.150848
-0.212860
-0.157715
-0.100281
-0.076508
-0.056122
-0.091614
-0.220917
-0.229584
-0.195007
-0.216949
-0.010803
0.057861
-0.047241
0.221405
0.670563
0.704193
0.832947
0.668945
-0.021027
-0.186066
-0.311493
-0.368286
0.094177
0.157379
0.144043
0.294617
0.106812
0.057495
0.095917
-0.099823
-0.135284
-0.090637
-0.169647
-0.028412
0.058807
-0.001007
0.052002
0.005615
-0.071533
-0.028412
-0.079224
-0.130524
-0.084778
-0.126892
-0.137238
-0.093262
-0.146606
-0.149323
-0.159424
-0.221283
-0.178436
-0.093262
-0.064087
-0.063660
-0.102234
-0.222626
-0.245636
-0.184021
-0.179657
0.045959
0.100159
-0.029175
0.107727
0.479218
0.693878
0.790070
0.763794
0.185852
-0.158966
-0.243805
-0.376312
-0.038727
0.159485
0.098694
0.241272
0.130524
0.037781
0.107666
-0.013977
-0.081512
-0.060028
-0.146606
-0.097290
0.009460
-0.028381
0.028107
0.035767
-0.052124
-0.031616
-0.052216
-0.111664
-0.073547
-0.101990
-0.143219
-0.117798
-0.168152
-0.175262
-0.173248
-0.220612
-0.211456
-0.101746
-0.048004
-0.058105
-0.076721
-0.233246
-0.258423
-0.232178
-0.154602
-0.014160
0.065125
0.018585
0.254303
0.775146
0.729462
0.805634
0.616669
-0.158813
-0.209930
-0.298248
-0.347321
0.170563
0.150757
0.131653
0.279205
0.065887
0.029694
0.094055
-0.109344
-0.126709
-0.058899
-0.166504
-0.000183
0.073608
-0.013153
0.063934
-0.015015
-0.093231
-0.016571
-0.078186
-0.111511
-0.064636
-0.153168
-0.166321
-0.129486
-0.185394
-0.169037
-0.156616
-0.210114
-0.151794
-0.063385
-0.067505
-0.093323
-0.136505
-0.215973
-0.189758
-0.165710
-0.091614
-0.000183
0.042877
-0.041595
0.230804
0.754089
0.689270
0.836517
0.603760
-0.152771
-0.152313
-0.313812
-0.342438
0.171936
0.102142
0.133270
0.291626
0.063599
0.069794
0.108582
-0.122162
-0.104462
-0.062042
-0.167572
-0.001892
0.035248
-0.039612
0.055359
-0.010620
-0.059387
0.006775
-0.081390
-0.116974
-0.080566
-0.160950
-0.150116
-0.120270
-0.181671
-0.145538
-0.163300
-0.205200
-0.149567
-0.112549
-0.091827
-0.083282
-0.125183
-0.170624
-0.196808
-0.205811
-0.117004
-0.047974
0.047546
0.034546
0.226471
0.787964
0.740753
0.766815
0.614868
-0.159576
-0.223938
-0.273438
-0.347015
0.153473
0.157196
0.113556
0.272247
0.088379
0.042999
0.103729
-0.093231
-0.130859
-0.071075
-0.157379
-0.034882
0.046722
-0.016937
0.049591
0.037354
-0.049408
-0.004883
-0.071228
-0.137939
-0.092834
-0.141968
-0.157043
-0.126129
-0.171204
-0.160065
-0.155029
-0.185669
-0.128845
-0.095154
-0.087738
-0.129730
-0.157104
-0.196930
-0.202698
-0.174866
-0.073853
0.028351
0.044220
-0.005768
0.251953
0.743866
0.721710
0.787018
0.544464
-0.159210
-0.213806
-0.298706
-0.303711
0.160431
0.131561
0.124573
0.250183
0.071075
0.064056
0.099335
-0.085266
-0.108948
-0.078857
-0.166962
-0.031219
0.031677
-0.023590
0.058807
0.023773
-0.041687
0.002777
-0.081177
-0.135864
-0.106445
-0.156433
-0.152679
-0.105316
-0.139496
-0.159454
-0.165070
-0.242798
-0.189209
-0.099274
-0.072052
-0.065552
-0.106781
-0.192535
-0.225739
-0.192841
-0.096741
-0.002350
0.094025
-0.011108
0.283020
0.791443
0.618439
0.832123
0.544769
-0.208771
-0.104980
-0.315002
-0.320221
0.201324
0.066559
0.119965
0.276093
0.054413
0.097290
0.131317
-0.114960
-0.097107
-0.078705
-0.190277
-0.008698
0.019928
-0.047516
0.055878
0.009857
-0.028534
0.035645
-0.067535
-0.127106
-0.100922
-0.167694
-0.162933
-0.112701
-0.169434
-0.150177
-0.159790
-0.204437
-0.171265
-0.110718
-0.074646
-0.094604
-0.123016
-0.212982
-0.206482
-0.141296
-0.092468
0.024414
0.060425
-0.005066
0.080017
0.611298
0.721863
0.728302
0.776550
0.048340
-0.190582
-0.180786
-0.422638
0.006287
0.137634
0.023438
0.256653
0.152222
0.068970
0.166077
-0.014160
-0.135773
-0.070099
-0.198639
-0.125000
0.008148
-0.047058
0.029480
0.075806
-0.007690
0.024719
-0.021545
-0.139862
-0.105408
-0.148987
-0.180542
-0.109344
-0.141205
-0.147827
-0.146545
-0.184143
-0.149719
-0.103333
-0.084595
-0.083252
-0.096283
-0.207886
-0.217438
-0.196045
-0.189087
-0.021210
0.038666
-0.008514
0.176697
0.579346
0.703674
0.793518
0.714294
0.114380
-0.125153
-0.262970
-0.374695
-0.028717
0.065979
0.076416
0.242737
0.167236
0.157867
0.166718
0.004486
-0.114288
-0.137695
-0.212921
-0.133423
-0.018890
-0.033325
0.044434
0.062714
0.020935
0.044708
-0.024414
-0.107391
-0.115173
-0.158905
-0.173676
-0.131317
-0.152496
-0.145233
-0.161438
-0.207184
-0.140808
-0.101410
-0.060028
-0.073395
-0.172363
-0.243195
-0.207916
-0.183868
-0.110901
0.067780
0.022797
0.000061
-0.020477
0.184448
0.728180
0.766937
0.812195
0.591980
-0.109344
-0.226196
-0.329895
-0.350983
0.059906
0.078278
0.118408
0.279266
0.164795
0.150055
0.142944
-0.087830
-0.168854
-0.143097
-0.204895
-0.064514
0.034210
-0.010071
0.080292
0.072235
-0.005676
0.035004
-0.047882
-0.131073
-0.116852
-0.177338
-0.189941
-0.119568
-0.150330
-0.154510
-0.151764
-0.210388
-0.146179
-0.097565
-0.097839
-0.077057
-0.201721
-0.202393
-0.186188
-0.240906
-0.090118
-0.005371
0.044464
0.054810
0.370056
0.814789
0.754944
0.796234
0.469788
-0.180939
-0.251373
-0.395660
-0.305725
0.100952
0.098938
0.181000
0.300751
0.160309
0.155792
0.112366
-0.147736
-0.193054
-0.194916
-0.231689
-0.017761
0.054260
0.050903
0.128082
0.065277
0.020966
0.025696
-0.080902
-0.136383
-0.147491
-0.196869
-0.147980
-0.128143
-0.132660
-0.122650
-0.168518
-0.189423
-0.130249
-0.110352
-0.063507
-0.094635
-0.199219
-0.201050
-0.258484
-0.209045
-0.128113
-0.010437
0.072723
-0.006836
0.329895
0.728027
0.706573
0.858673
0.532654
-0.066711
-0.195740
-0.431122
-0.348175
0.030426
0.066315
0.198090
0.326599
0.198181
0.200439
0.123260
-0.119171
-0.200348
-0.230316
-0.232147
-0.048370
0.051575
0.078186
0.134552
0.078827
0.028168
0.009888
-0.079010
-0.140656
-0.154572
-0.185120
-0.148590
-0.119415
-0.123016
-0.134247
-0.154083
-0.168945
-0.134308
-0.113190
-0.112610
-0.087585
-0.189301
-0.241211
-0.206207
-0.194855
-0.123779
-0.023621
0.050446
0.029419
0.124634
0.640533
0.768097
0.752289
0.747894
0.078217
-0.253510
-0.308990
-0.448792
-0.077728
0.128021
0.110046
0.306091
0.241913
0.141174
0.163330
-0.038696
-0.212646
-0.190063
-0.245056
-0.134125
0.052673
0.053070
0.121368
0.134827
0.047455
0.030151
-0.024933
-0.126160
-0.145508
-0.172974
-0.180542
-0.122894
-0.113373
-0.151428
-0.158325
-0.189087
-0.183014
-0.107391
-0.063110
-0.050751
-0.123627
-0.232605
-0.257355
-0.234497
-0.113434
-0.035400
0.051056
0.087769
-0.021606
0.487549
0.824615
0.692474
0.859772
0.307861
-0.291931
-0.258057
-0.467041
-0.251129
0.164032
0.092560
0.242371
0.329437
0.128326
0.169617
0.056213
-0.233398
-0.212555
-0.236603
-0.205750
0.044800
0.095367
0.098816
0.156555
0.055328
-0.011475
0.001709
-0.122833
-0.158386
-0.155457
-0.199158
-0.146393
-0.091003
-0.139252
-0.164368
-0.165466
-0.209747
-0.153381
-0.069000
-0.083496
-0.100159
-0.142212
-0.251190
-0.196899
-0.133453
-0.091522
0.042816
0.092804
-0.031281
0.408752
0.792175
0.662415
0.883545
0.421112
-0.248688
-0.197876
-0.472321
-0.335175
0.143555
0.050323
0.238708
0.358154
0.136200
0.191620
0.091919
-0.191498
-0.174988
-0.225677
-0.245148
0.006409
0.058746
0.088257
0.192596
0.082184
0.001434
-0.007477
-0.140228
-0.176605
-0.152649
-0.197418
-0.139923
-0.098694
-0.150299
-0.149323
-0.172913
-0.202484
-0.125488
-0.089600
-0.118164
-0.109375
-0.186371
-0.253754
-0.184570
-0.165070
-0.115356
0.082825
0.057281
0.134094
0.765564
0.798798
0.707611
0.737915
-0.001984
-0.289490
-0.272400
-0.458038
-0.058502
0.161926
0.095551
0.314209
0.267761
0.107635
0.139587
-0.063904
-0.281281
-0.192352
-0.247009
-0.126740
0.119141
0.100311
0.151489
0.151184
0.005463
-0.013733
-0.056427
-0.164215
-0.158539
-0.168427
-0.184906
-0.108154
-0.106476
-0.152374
-0.151825
-0.203217
-0.192596
-0.113953
-0.060699
-0.069000
-0.098938
-0.203003
-0.225037
-0.170380
-0.179138
-0.022827
0.059570
0.015930
0.095978
0.532043
0.741425
0.757355
0.810211
0.207001
-0.208557
-0.275055
-0.490234
-0.150543
0.114929
0.084595
0.308716
0.257629
0.134705
0.164551
-0.001678
-0.181122
-0.161560
-0.237488
-0.170197
0.026794
0.042084
0.127777
0.158264
0.038727
0.011627
-0.047485
-0.158173
-0.149170
-0.165253
-0.188049
-0.119171
-0.133423
-0.160248
-0.152100
-0.179657
-0.154968
-0.109497
-0.071106
-0.094269
-0.132965
-0.200226
-0.201080
-0.191681
-0.135559
-0.000305
0.037262
0.051208
0.021179
0.389252
0.751862
0.690704
0.813293
0.367828
-0.198975
-0.211182
-0.426971
-0.255768
0.111938
0.069336
0.220764
0.293610
0.129303
0.134979
0.071106
-0.160736
-0.159363
-0.182220
-0.206268
-0.003448
0.051361
0.083832
0.165527
0.068298
-0.002655
-0.026978
-0.136017
-0.154205
-0.146362
-0.197083
-0.158508
-0.123993
-0.139374
-0.130188
-0.182770
-0.189178
-0.157349
-0.090820
-0.059692
-0.107574
-0.145721
-0.218292
-0.208130
-0.132172
-0.099304
0.033478
0.073669
0.024475
0.553436
0.830597
0.683197
0.804260
0.243530
-0.298889
-0.241394
-0.441101
-0.213928
0.175568
0.093048
0.233704
0.311523
0.117554
0.132172
0.037170
-0.209961
-0.183563
-0.212463
-0.190186
0.039429
0.088623
0.114441
0.150391
0.052673
-0.010376
-0.043274
-0.136566
-0.169678
-0.155426
-0.177795
-0.131897
-0.107544
-0.164551
-0.172699
-0.209747
-0.212036
-0.112335
-0.057831
-0.067413
-0.059692
-0.165558
-0.220764
-0.177612
-0.186432
-0.085419
0.036682
0.056366
0.056793
0.556702
0.809418
0.680603
0.813293
0.206940
-0.295044
-0.218475
-0.483429
-0.185638
0.179688
0.067291
0.285522
0.305084
0.116364
0.156250
0.018433
-0.216888
-0.163513
-0.211334
-0.182159
0.060486
0.072205
0.114380
0.176514
0.043457
0.000061
-0.045319
-0.162170
-0.158691
-0.156891
-0.176666
-0.114014
-0.107147
-0.141144
-0.161774
-0.209717
-0.189911
-0.131958
-0.089569
-0.080444
-0.113312
-0.187195
-0.208771
-0.178040
-0.130219
-0.077087
0.010437
0.029846
0.061981
0.598175
0.841156
0.713165
0.756256
0.132874
-0.331177
-0.257019
-0.427429
-0.126678
0.195374
0.090881
0.253754
0.270111
0.097046
0.127472
0.004364
-0.208221
-0.165192
-0.181824
-0.139862
0.077545
0.094025
0.106934
0.140381
0.020508
-0.027069
-0.059052
-0.157562
-0.159851
-0.151398
-0.167877
-0.114563
-0.107513
-0.157379
-0.172668
-0.212341
-0.198059
-0.096771
-0.067810
-0.052856
-0.105530
-0.221558
-0.244293
-0.246307
-0.138123
0.005981
0.098755
0.051575
0.287994
0.780609
0.728455
0.731659
0.517700
-0.185364
-0.292542
-0.316010
-0.324768
0.122437
0.184601
0.141571
0.288025
0.157501
0.062714
0.091370
-0.127869
-0.233246
-0.146515
-0.190063
-0.022949
0.157837
0.105713
0.138062
0.094788
-0.048431
-0.026489
-0.084534
-0.177063
-0.133392
-0.170105
-0.164032
-0.072418
-0.114624
-0.162201
-0.178802
-0.262146
-0.208588
-0.096191
-0.060699
-0.042542
-0.098328
-0.227844
-0.214081
-0.208191
-0.139526
0.004089
0.034882
-0.010284
0.324554
0.792725
0.745178
0.807159
0.476532
-0.228180
-0.278015
-0.361084
-0.321686
0.154846
0.145813
0.146912
0.307892
0.143402
0.110321
0.120453
-0.135040
-0.218048
-0.167419
-0.189697
-0.006775
0.145020
0.096375
0.116943
0.071503
-0.041199
-0.010864
-0.081207
-0.177002
-0.134003
-0.171082
-0.168030
-0.069641
-0.106873
-0.148712
-0.169189
-0.251831
-0.209473
-0.064270
-0.060486
-0.033936
-0.078217
-0.263458
-0.254181
-0.202576
-0.138275
-0.000427
0.098053
-0.038177
0.291473
0.849915
0.697723
0.810822
0.537384
-0.306091
-0.248901
-0.348083
-0.362244
0.213562
0.152802
0.127655
0.330261
0.113068
0.088379
0.151184
-0.151031
-0.212463
-0.138855
-0.233276
-0.004517
0.137177
0.054016
0.137573
0.057709
-0.063568
0.007141
-0.087036
-0.160645
-0.098206
-0.176025
-0.169708
-0.087616
-0.166748
-0.184113
-0.173096
-0.242859
-0.134094
-0.033966
-0.062805
-0.040070
-0.169739
-0.284485
-0.258759
-0.231995
-0.106293
0.031036
0.047729
0.185638
0.730530
0.797455
0.746460
0.685883
-0.067810
-0.312195
-0.267548
-0.397003
0.058990
0.221375
0.118042
0.298096
0.183441
0.064484
0.125092
-0.066498
-0.229797
-0.144501
-0.213165
-0.091522
0.135437
0.089142
0.125671
0.102875
-0.054169
-0.029877
-0.048737
-0.150391
-0.114288
-0.145691
-0.186920
-0.112061
-0.125916
-0.139740
-0.138184
-0.228638
-0.232086
-0.139099
-0.100159
-0.042450
-0.064392
-0.186523
-0.190338
-0.205597
-0.177643
-0.068176
0.019470
-0.035950
0.202118
0.751404
0.760315
0.815430
0.631195
-0.133789
-0.252594
-0.315491
-0.359070
0.116608
0.166199
0.135651
0.288635
0.138306
0.080444
0.136383
-0.069977
-0.155884
-0.114258
-0.218658
-0.065277
0.064941
0.039734
0.129272
0.073090
-0.036957
-0.018951
-0.087158
-0.155457
-0.118042
-0.146210
-0.156769
-0.106598
-0.155823
-0.182373
-0.202576
-0.249451
-0.152832
-0.076538
-0.052032
-0.044189
-0.149078
-0.225403
-0.247345
-0.256989
-0.081726
0.029022
0.006317
0.146240
0.621521
0.746216
0.756836
0.730652
0.052124
-0.238403
-0.250244
-0.375031
0.036957
0.224640
0.130127
0.276672
0.157990
0.046814
0.104034
-0.043427
-0.172333
-0.112244
-0.182526
-0.088074
0.100372
0.059998
0.109772
0.075531
-0.073181
-0.045807
-0.071075
-0.120789
-0.101898
-0.144684
-0.175476
-0.125671
-0.127228
-0.159027
-0.159454
-0.229980
-0.219849
-0.099640
-0.086700
-0.052551
-0.079956
-0.220215
-0.219971
-0.224457
-0.154419
-0.009216
0.051941
-0.008392
0.226776
0.734711
0.727753
0.772491
0.564880
-0.177612
-0.270966
-0.301147
-0.278107
0.223297
0.237823
0.176086
0.273468
0.057678
0.012573
0.064514
-0.121918
-0.135956
-0.076111
-0.151733
0.034760
0.130859
0.054443
0.107758
-0.007141
-0.127563
-0.048401
-0.097046
-0.115753
-0.061279
-0.140503
-0.148193
-0.095856
-0.161224
-0.190948
-0.206055
-0.256134
-0.184479
-0.101013
-0.093231
-0.048248
-0.093140
-0.207947
-0.203461
-0.190399
-0.133118
0.001862
0.061218
0.040100
0.476410
0.778198
0.671844
0.731995
0.229919
-0.268707
-0.207336
-0.335052
-0.067230
0.286682
0.157501
0.238281
0.192108
-0.006805
0.036163
-0.016479
-0.148865
-0.072418
-0.087494
-0.089600
0.095032
0.070404
0.040466
0.074829
-0.077209
-0.094330
-0.041748
-0.130157
-0.099884
-0.086639
-0.170593
-0.125214
-0.122650
-0.185516
-0.189117
-0.228180
-0.233002
-0.150818
-0.107117
-0.041962
-0.030396
-0.174164
-0.175751
-0.242126
-0.243439
-0.035217
0.035522
0.013916
0.393311
0.758728
0.644562
0.762756
0.421509
-0.216492
-0.168488
-0.321411
-0.238922
0.283875
0.192505
0.231293
0.318268
0.033905
0.023560
0.010529
-0.192871
-0.120880
-0.058044
-0.117493
0.088928
0.124786
0.048340
0.101563
-0.025085
-0.130371
-0.065887
-0.134399
-0.156952
-0.067993
-0.128479
-0.116180
-0.081512
-0.178772
-0.193146
-0.219025
-0.269012
-0.164429
-0.091583
-0.075470
-0.019470
-0.139008
-0.234436
-0.187927
-0.232666
-0.134857
0.045959
-0.034088
0.127869
0.706757
0.681519
0.709320
0.701599
-0.091949
-0.243011
-0.213287
-0.381531
0.151428
0.317902
0.177429
0.354095
0.150360
-0.022766
0.047455
-0.145660
-0.222351
-0.053558
-0.109650
0.034180
0.209778
0.078918
0.097076
0.018280
-0.160706
-0.123657
-0.113281
-0.156189
-0.079742
-0.065674
-0.110138
-0.048492
-0.116150
-0.204102
-0.228394
-0.291412
-0.233704
-0.104126
-0.051910
-0.031891
-0.056335
-0.211975
-0.232605
-0.230774
-0.229065
-0.043427
0.010590
-0.011108
0.518341
0.790955
0.653442
0.809723
0.219086
-0.311798
-0.182709
-0.386505
-0.095276
0.365479
0.210754
0.328033
0.304779
0.013123
0.050079
-0.045959
-0.281433
-0.159180
-0.110596
-0.087677
0.205597
0.166870
0.091278
0.102325
-0.102020
-0.149445
-0.099884
-0.168640
-0.134094
-0.098480
-0.141327
-0.071320
-0.048309
-0.127441
-0.170990
-0.263245
-0.290955
-0.192444
-0.079407
-0.015808
-0.030884
-0.156219
-0.211761
-0.229706
-0.241669
-0.072052
-0.012543
0.010040
0.036713
0.481384
0.777771
0.657501
0.749054
0.173309
-0.328888
-0.182922
-0.353790
-0.021057
0.380310
0.209229
0.319092
0.256836
-0.002167
0.014709
-0.064697
-0.261780
-0.124786
-0.069244
-0.030640
0.210938
0.158203
0.064575
0.042175
-0.130371
-0.170319
-0.098816
-0.149994
-0.125275
-0.066437
-0.123474
-0.088623
-0.063812
-0.181000
-0.211975
-0.262238
-0.261780
-0.159637
-0.052246
-0.020660
-0.007751
-0.147278
-0.241760
-0.225250
-0.264984
-0.129089
0.045593
-0.031799
0.186035
0.765076
0.642548
0.726471
0.646149
-0.189362
-0.205780
-0.224976
-0.379547
0.243164
0.288055
0.184082
0.400665
0.121704
-0.008301
0.064484
-0.173706
-0.221558
-0.058472
-0.123169
0.069183
0.228455
0.077332
0.085999
-0.007446
-0.189301
-0.123627
-0.128082
-0.194763
-0.093414
-0.096436
-0.123077
-0.042419
-0.099884
-0.169617
-0.189026
-0.284424
-0.236938
-0.108734
-0.082794
-0.022430
-0.055878
-0.197723
-0.189453
-0.240570
-0.193481
-0.031891
0.036469
-0.026184
0.193176
0.716156
0.621796
0.743225
0.606476
-0.183716
-0.154175
-0.239166
-0.315948
0.285034
0.242828
0.201141
0.363647
0.062775
-0.007446
0.040894
-0.192139
-0.179199
-0.039978
-0.097290
0.106720
0.205536
0.057098
0.068878
-0.048584
-0.193420
-0.105560
-0.133453
-0.163696
-0.073761
-0.116119
-0.117004
-0.045929
-0.104584
-0.153748
-0.198090
-0.297241
-0.249695
-0.138336
-0.063477
0.018341
-0.044891
-0.196106
-0.235413
-0.314209
-0.235199
-0.035278
0.063690
0.019867
0.328369
0.781952
0.653229
0.752014
0.466980
-0.252228
-0.218719
-0.299255
-0.234283
0.308990
0.270905
0.247192
0.334473
0.073822
-0.000916
0.019104
-0.208344
-0.192963
-0.079956
-0.108398
0.129578
0.216858
0.096924
0.085663
-0.061554
-0.195435
-0.129883
-0.155914
-0.159668
-0.048676
-0.101257
-0.115143
-0.061981
-0.149780
-0.151855
-0.153809
-0.241241
-0.208588
-0.124969
-0.096436
-0.059967
-0.073853
-0.204498
-0.226593
-0.259460
-0.191193
0.002441
0.082733
0.006348
0.349426
0.725372
0.565399
0.756531
0.422821
-0.224976
-0.121033
-0.306549
-0.210632
0.306763
0.197540
0.253571
0.318909
0.028198
-0.007446
0.000610
-0.205231
-0.122772
-0.034668
-0.087830
0.140991
0.153381
0.045959
0.076233
-0.087311
-0.172638
-0.106812
-0.164368
-0.133667
-0.047974
-0.106049
-0.104187
-0.088867
-0.172119
-0.160278
-0.164276
-0.208923
-0.175446
-0.128174
-0.084656
-0.051483
-0.134338
-0.208313
-0.230225
-0.275635
-0.133545
-0.007538
0.029541
0.126892
0.497955
0.689148
0.646301
0.669769
0.176331
-0.197418
-0.175262
-0.290680
-0.016144
0.263123
0.191162
0.286530
0.208710
0.042358
0.041687
-0.060638
-0.167572
-0.111420
-0.086548
-0.009460
0.140503
0.120178
0.077026
0.026978
-0.106689
-0.132721
-0.131744
-0.162354
-0.100647
-0.082397
-0.100739
-0.080811
-0.126251
-0.174377
-0.167999
-0.171814
-0.150238
-0.130249
-0.125824
-0.088440
-0.108063
-0.168182
-0.189362
-0.246552
-0.217712
-0.072174
0.025909
0.058624
0.032135
0.405334
0.707367
0.601898
0.744324
0.278137
-0.239685
-0.151245
-0.330841
-0.101563
0.298553
0.181427
0.264404
0.264069
0.010956
0.010376
-0.006348
-0.193176
-0.111755
-0.042023
-0.077209
0.116394
0.117889
0.029633
0.044312
-0.080872
-0.158386
-0.103699
-0.139282
-0.130981
-0.061768
-0.117554
-0.120819
-0.099243
-0.148438
-0.154999
-0.129303
-0.165344
-0.172760
-0.120544
-0.093903
-0.110931
-0.109161
-0.174164
-0.248566
-0.176361
-0.085968
-0.010498
0.077881
0.033356
0.418579
0.724762
0.602386
0.749481
0.265442
-0.217499
-0.133545
-0.319702
-0.086121
0.269012
0.152618
0.241852
0.221619
0.006134
0.038910
0.015656
-0.154999
-0.076416
-0.065002
-0.090454
0.085236
0.071777
0.024567
0.031464
-0.078552
-0.134705
-0.097809
-0.132965
-0.118073
-0.067841
-0.125153
-0.124908
-0.114563
-0.186188
-0.165131
-0.144623
-0.155365
-0.117096
-0.080841
-0.091309
-0.133789
-0.191010
-0.239838
-0.207611
-0.129120
-0.055359
0.064362
0.046417
-0.060760
0.472717
0.676086
0.586639
0.852203
0.195343
-0.210663
-0.080414
-0.395538
-0.044128
0.276184
0.081177
0.266144
0.214233
-0.017181
0.097839
0.004059
-0.182526
-0.037384
-0.096771
-0.090149
0.128021
0.045959
0.016388
0.042084
-0.105377
-0.116577
-0.059662
-0.141510
-0.111511
-0.078644
-0.160065
-0.107239
-0.109863
-0.173645
-0.116577
-0.146454
-0.150940
-0.137787
-0.089874
-0.103088
-0.147980
-0.172485
-0.245209
-0.213715
-0.137115
-0.042114
0.056641
0.029663
0.008270
0.485382
0.638336
0.613708
0.810791
0.197418
-0.154694
-0.090363
-0.368622
-0.024506
0.237854
0.084259
0.271301
0.196014
0.011627
0.111206
-0.011200
-0.161102
-0.052826
-0.120728
-0.082153
0.092346
0.032471
0.025024
0.032715
-0.085724
-0.104614
-0.076141
-0.151398
-0.120728
-0.094910
-0.159058
-0.123749
-0.125519
-0.169067
-0.132690
-0.156525
-0.111237
-0.085754
-0.108459
-0.134064
-0.181213
-0.184967
-0.213104
-0.167633
-0.111908
-0.047394
-0.001007
0.082031
-0.052002
0.196686
0.740570
0.599548
0.765472
0.619293
-0.162628
-0.114166
-0.231079
-0.322144
0.214203
0.150269
0.111877
0.302094
0.073883
0.035583
0.115723
-0.121155
-0.130707
-0.046204
-0.156067
0.001740
0.099640
-0.020538
0.056793
0.012115
-0.135101
-0.046082
-0.108032
-0.176422
-0.074219
-0.155701
-0.159515
-0.092163
-0.149261
-0.155457
-0.111908
-0.131836
-0.146179
-0.102509
-0.160858
-0.197235
-0.199127
-0.242126
-0.171326
-0.109436
-0.060638
0.036072
0.073517
-0.054749
0.233429
0.734558
0.636414
0.810211
0.570862
-0.158051
-0.126984
-0.281189
-0.284882
0.200928
0.128815
0.133514
0.272034
0.060455
0.054138
0.104401
-0.125519
-0.138153
-0.070313
-0.162567
0.026581
0.108826
-0.001862
0.070801
-0.014008
-0.124054
-0.039246
-0.105865
-0.142853
-0.085632
-0.156036
-0.154175
-0.096069
-0.140961
-0.136047
-0.152710
-0.179535
-0.143433
-0.120178
-0.100006
-0.126007
-0.167938
-0.228516
-0.196686
-0.186401
-0.094574
0.049438
0.067413
0.004730
0.186371
0.645813
0.676758
0.780273
0.646606
-0.024750
-0.173126
-0.270996
-0.331573
0.102692
0.156494
0.134186
0.272400
0.121063
0.066711
0.118286
-0.072357
-0.148315
-0.090820
-0.180603
-0.039185
0.081696
0.019135
0.067719
0.006561
-0.102997
-0.056000
-0.088135
-0.143402
-0.106262
-0.155243
-0.174744
-0.125916
-0.136902
-0.133270
-0.110535
-0.138336
-0.175812
-0.130402
-0.126495
-0.170746
-0.152039
-0.222992
-0.218323
-0.155334
-0.110870
0.039246
0.088959
-0.013062
0.335083
0.698456
0.682312
0.825256
0.461212
-0.100403
-0.172760
-0.340881
-0.213257
0.151794
0.126495
0.178741
0.241455
0.094696
0.086060
0.082397
-0.115326
-0.158356
-0.130463
-0.168549
0.008850
0.106323
0.050446
0.089935
-0.004700
-0.092468
-0.044312
-0.113586
-0.138153
-0.113464
-0.179840
-0.149811
-0.100281
-0.132019
-0.102142
-0.124542
-0.162354
-0.144104
-0.157837
-0.160400
-0.170349
-0.159424
-0.204895
-0.151672
-0.126862
-0.073608
0.047852
0.054108
-0.019318
0.127136
0.576752
0.741974
0.791718
0.657227
0.061310
-0.208344
-0.273132
-0.311127
0.037933
0.144989
0.120361
0.212402
0.136383
0.071991
0.122253
-0.009674
-0.140198
-0.102203
-0.183746
-0.091431
0.053986
0.019257
0.062103
0.031464
-0.071869
-0.048279
-0.082092
-0.135620
-0.111603
-0.157227
-0.178497
-0.130676
-0.143311
-0.127716
-0.107269
-0.148193
-0.190369
-0.155182
-0.159180
-0.122955
-0.089264
-0.188568
-0.179199
-0.167877
-0.127838
0.008728
0.059326
-0.008575
0.268127
0.728638
0.715942
0.824097
0.601776
-0.103180
-0.185211
-0.312988
-0.341156
0.120453
0.124573
0.135376
0.283661
0.110901
0.088013
0.146118
-0.069519
-0.129578
-0.118317
-0.242310
-0.063934
0.053314
0.020569
0.124451
0.030945
-0.081787
-0.040039
-0.126740
-0.151520
-0.099121
-0.178314
-0.178436
-0.115051
-0.151093
-0.115082
-0.106537
-0.173157
-0.181702
-0.158264
-0.157257
-0.103973
-0.130920
-0.219391
-0.190155
-0.188324
-0.108490
0.086884
0.027130
0.076508
0.645020
0.672211
0.724304
0.822510
0.080414
-0.153992
-0.181610
-0.435242
0.002625
0.181580
0.071411
0.292694
0.175629
0.031708
0.139069
-0.019409
-0.177765
-0.072845
-0.200317
-0.135803
0.084290
0.018005
0.084412
0.099518
-0.077271
-0.053467
-0.079865
-0.183289
-0.114624
-0.136993
-0.185455
-0.096375
-0.123352
-0.149017
-0.093689
