-0.296524
-0.326585
-0.216344
-0.018673
0.120586
0.164426
0.139927
0.018822
-0.121526
-0.192990
-0.197714
-0.192083
-0.141448
-0.065062
-0.008352
0.006729
0.000855
-0.041174
-0.093322
-0.112707
-0.096415
-0.077343
-0.063359
-0.074143
-0.099647
-0.110248
-0.081122
-0.034166
0.060824
0.214856
0.387534
0.507204
0.564489
0.514754
0.319977
0.056849
-0.180048
-0.327929
-0.339126
-0.205090
-0.016162
0.136651
0.205150
0.173785
0.045017
-0.108058
-0.217613
-0.255172
-0.227385
-0.133276
-0.019640
0.042727
0.038369
-0.002764
-0.058152
-0.094776
-0.091161
-0.078403
-0.075201
-0.061721
-0.059134
-0.084427
-0.101990
-0.083626
-0.044214
0.041255
0.203204
0.375115
0.473829
0.518664
0.505430
0.344953
0.106050
-0.110814
-0.262201
-0.311658
-0.218462
-0.060587
0.079269
0.162832
0.160762
0.050495
-0.085970
-0.177778
-0.209960
-0.197791
-0.136164
-0.063203
-0.006577
0.009179
-0.002345
-0.038456
-0.079506
-0.106571
-0.106914
-0.081763
-0.050039
-0.056811
-0.086513
-0.103736
-0.091970
-0.050094
0.056519
0.214997
0.383638
0.488708
0.524371
0.491379
0.350067
0.111598
-0.142686
-0.307311
-0.337061
-0.229622
-0.054111
0.099578
0.176078
0.161780
0.046877
-0.098194
-0.191960
-0.218371
-0.203152
-0.145962
-0.076162
-0.019591
0.009718
0.005111
-0.038721
-0.085123
-0.112356
-0.112079
-0.087785
-0.061289
-0.067103
-0.092158
-0.103305
-0.089742
-0.055294
0.026593
0.170174
0.332636
0.448303
0.510061
0.494340
0.343000
0.118529
-0.101449
-0.268871
-0.324348
-0.241149
-0.093738
0.042034
0.139250
0.152100
0.066278
-0.058484
-0.171626
-0.242480
-0.242278
-0.177713
-0.092394
-0.020185
0.008788
-0.015052
-0.055895
-0.087576
-0.108365
-0.109607
-0.090499
-0.083261
-0.097325
-0.107441
-0.119233
-0.116762
-0.074500
0.011481
0.156192
0.332826
0.465163
0.515875
0.493682
0.344628
0.107395
-0.134921
-0.293675
-0.327456
-0.238328
-0.098022
0.042279
0.133684
0.143109
0.063374
-0.069084
-0.198079
-0.264704
-0.247983
-0.172548
-0.084043
-0.026234
-0.011357
-0.026747
-0.053056
-0.089467
-0.122762
-0.130853
-0.116933
-0.094224
-0.077145
-0.079494
-0.100702
-0.107534
-0.071619
0.019539
0.151225
0.304551
0.442125
0.530297
0.528688
0.358826
0.068707
-0.192499
-0.315959
-0.326434
-0.235375
-0.081363
0.055262
0.125145
0.128440
0.052600
-0.080844
-0.196644
-0.247789
-0.243228
-0.182905
-0.091030
-0.016029
0.006432
-0.024620
-0.076043
-0.118706
-0.133256
-0.114858
-0.095684
-0.095899
-0.107958
-0.106643
-0.101944
-0.103233
-0.087184
-0.028412
0.098037
0.280256
0.434818
0.507855
0.512298
0.393008
0.153810
-0.094789
-0.245043
-0.287227
-0.243877
-0.137760
-0.022253
0.074066
0.128140
0.101135
-0.014068
-0.147762
-0.233383
-0.257316
-0.205968
-0.100717
-0.021684
0.001845
-0.005724
-0.037809
-0.087362
-0.118200
-0.125833
-0.114942
-0.087921
-0.069557
-0.079418
-0.098024
-0.104041
-0.078454
-0.014599
0.104096
0.267193
0.422981
0.510722
0.531203
0.428060
0.193601
-0.065544
-0.236728
-0.302031
-0.273141
-0.146658
0.004720
0.111595
0.156816
0.124906
0.002498
-0.141281
-0.222324
-0.236030
-0.189490
-0.098753
-0.027107
-0.005004
-0.008982
-0.022141
-0.052516
-0.082490
-0.093697
-0.093594
-0.083589
-0.072808
-0.083076
-0.105002
-0.100889
-0.065710
-0.014161
0.094383
0.262900
0.405199
0.492160
0.540216
0.471632
0.260891
0.010122
-0.181608
-0.273263
-0.258574
-0.152959
-0.019169
0.096384
0.154319
0.136894
0.041154
-0.096758
-0.207537
-0.245780
-0.215541
-0.125445
-0.023584
0.037107
0.039282
0.005605
-0.056695
-0.105665
-0.116902
-0.095264
-0.070293
-0.052917
-0.050547
-0.057994
-0.077673
-0.075199
-0.025464
0.096879
0.264619
0.430815
0.523410
0.539201
0.462597
0.257127
0.010900
-0.166351
-0.252322
-0.249528
-0.158015
-0.027858
0.094452
0.169428
0.151849
0.045659
-0.084085
-0.172973
-0.208695
-0.185104
-0.116220
-0.038677
0.009367
0.027217
0.008275
-0.036931
-0.078546
-0.096383
-0.087198
-0.065384
-0.048916
-0.054485
-0.068428
-0.076659
-0.065323
-0.020045
0.075222
0.227484
0.390247
0.494425
0.534164
0.495448
0.327367
0.094571
-0.130830
-0.278909
-0.307105
-0.193468
-0.020816
0.120098
0.176686
0.143271
0.036146
-0.082194
-0.158059
-0.188376
-0.180681
-0.118122
-0.033056
0.019542
0.014719
-0.021454
-0.062339
-0.090214
-0.085752
-0.065292
-0.050315
-0.046779
-0.062025
-0.090326
-0.108541
-0.092078
-0.046891
0.058440
0.232927
0.416588
0.527626
0.573293
0.501183
0.292930
0.025186
-0.181696
-0.297380
-0.288110
-0.177041
-0.030123
0.092688
0.169745
0.156507
0.046090
-0.095012
-0.196273
-0.236960
-0.209642
-0.122688
-0.043289
-0.005727
0.000236
-0.017606
-0.060255
-0.089975
-0.100906
-0.096216
-0.070339
-0.039242
-0.050265
-0.087050
-0.110687
-0.100034
-0.055975
0.055110
0.228847
0.398328
0.506327
0.555833
0.495603
0.284449
0.022629
-0.187733
-0.319848
-0.333254
-0.209998
-0.022328
0.123743
0.185856
0.145068
0.014757
-0.136031
-0.224437
-0.244255
-0.209566
-0.131089
-0.043377
0.001130
-0.003634
-0.027415
-0.068889
-0.102513
-0.097873
-0.081151
-0.077556
-0.071692
-0.081790
-0.108191
-0.115236
-0.081073
-0.046194
0.034612
0.202550
0.392549
0.506803
0.546381
0.489791
0.282109
0.005678
-0.212865
-0.320640
-0.318355
-0.197748
-0.037842
0.077621
0.140403
0.135938
0.042339
-0.097816
-0.207344
-0.254754
-0.241696
-0.161236
-0.062196
0.002023
0.014774
-0.018779
-0.077322
-0.116493
-0.125012
-0.106354
-0.084176
-0.076363
-0.086371
-0.102149
-0.114198
-0.100195
-0.052297
0.050503
0.207695
0.374268
0.489831
0.556172
0.510667
0.294751
0.011196
-0.227230
-0.360433
-0.349458
-0.211453
-0.032363
0.106826
0.170326
0.139909
0.020089
-0.129181
-0.231868
-0.255684
-0.216331
-0.141024
-0.063632
-0.014985
-0.012222
-0.035305
-0.070335
-0.107046
-0.121949
-0.101967
-0.077872
-0.066151
-0.077747
-0.102808
-0.119284
-0.097534
-0.042604
0.051407
0.218166
0.402494
0.518163
0.564654
0.487770
0.252629
-0.042543
-0.265654
-0.356503
-0.324112
-0.187978
-0.023081
0.108562
0.164351
0.133030
0.008691
-0.142909
-0.247732
-0.264168
-0.222320
-0.127738
-0.035579
0.015536
0.009836
-0.020795
-0.080281
-0.120440
-0.123007
-0.108447
-0.099277
-0.081073
-0.078209
-0.085400
-0.090365
-0.076635
-0.041413
0.049762
0.214784
0.394096
0.516308
0.576624
0.486579
0.240274
-0.036456
-0.254185
-0.358992
-0.331150
-0.196565
-0.033344
0.115953
0.192793
0.145530
0.005010
-0.142571
-0.241345
-0.258784
-0.212097
-0.129152
-0.046880
-0.002186
-0.004681
-0.027382
-0.068669
-0.102804
-0.115730
-0.102357
-0.077818
-0.074057
-0.092954
-0.112059
-0.122007
-0.089332
-0.012695
0.116679
0.275032
0.438529
0.548417
0.581323
0.435048
0.159412
-0.145797
-0.336119
-0.380971
-0.289988
-0.130782
0.037593
0.154357
0.183231
0.108653
-0.031010
-0.175744
-0.262780
-0.265779
-0.203792
-0.111441
-0.026679
0.016138
0.005002
-0.033390
-0.075413
-0.105491
-0.114132
-0.089176
-0.074812
-0.077573
-0.086910
-0.103360
-0.118896
-0.085513
-0.007847
0.105585
0.272597
0.436284
0.535875
0.571280
0.444861
0.166728
-0.129232
-0.323882
-0.389367
-0.315807
-0.139094
0.048623
0.173724
0.205209
0.118435
-0.053734
-0.205392
-0.274280
-0.266236
-0.202909
-0.101248
-0.010232
0.027157
0.009785
-0.036286
-0.096666
-0.122733
-0.113388
-0.101734
-0.088082
-0.071914
-0.071137
-0.076081
-0.080599
-0.076494
-0.030634
0.093834
0.266740
0.430616
0.538488
0.582494
0.451491
0.179932
-0.119241
-0.330634
-0.406960
-0.324452
-0.145086
0.043367
0.171354
0.203591
0.124139
-0.029446
-0.174280
-0.252560
-0.255801
-0.196496
-0.103222
-0.026887
0.011792
0.008781
-0.019580
-0.064417
-0.099120
-0.107970
-0.090634
-0.072736
-0.073702
-0.083389
-0.099471
-0.103944
-0.068245
0.014076
0.127529
0.296502
0.476823
0.595210
0.607929
0.428836
0.113517
-0.203493
-0.372579
-0.383193
-0.276786
-0.111699
0.071084
0.205732
0.240312
0.147499
-0.034740
-0.210608
-0.294254
-0.271526
-0.181020
-0.077158
0.000093
0.034397
0.032925
-0.002883
-0.067195
-0.109899
-0.106987
-0.088878
-0.066996
-0.051708
-0.067385
-0.092597
-0.081285
-0.043328
0.005684
0.126867
0.319529
0.479932
0.572831
0.604945
0.438574
0.116048
-0.195977
-0.367385
-0.393591
-0.268742
-0.077917
0.088208
0.191121
0.226215
0.133714
-0.039918
-0.191269
-0.272074
-0.272531
-0.186442
-0.067325
0.016997
0.049580
0.027540
-0.029531
-0.085010
-0.104113
-0.094912
-0.069918
-0.042432
-0.036812
-0.062207
-0.086740
-0.097053
-0.079989
-0.019925
0.118539
0.320562
0.494267
0.600216
0.629636
0.455482
0.136249
-0.167263
-0.350791
-0.403715
-0.294921
-0.095504
0.077586
0.188507
0.235465
0.155300
-0.024560
-0.180831
-0.265261
-0.271580
-0.203721
-0.080728
0.014870
0.051704
0.046541
0.008935
-0.057507
-0.100133
-0.105340
-0.085598
-0.059380
-0.047413
-0.065814
-0.098394
-0.092348
-0.044652
0.009007
0.099665
0.266014
0.449263
0.573415
0.626914
0.510072
0.212481
-0.106585
-0.329538
-0.403600
-0.312377
-0.121113
0.050699
0.166048
0.218138
0.165530
0.013268
-0.148356
-0.249653
-0.262034
-0.188537
-0.087442
-0.017855
0.027834
0.037211
-0.002512
-0.053253
-0.086112
-0.098139
-0.087709
-0.062582
-0.042695
-0.050884
-0.082333
-0.106073
-0.086206
-0.024657
0.075774
0.238015
0.425748
0.549224
0.613952
0.537686
0.264158
-0.069377
-0.309463
-0.399648
-0.346630
-0.172637
0.016215
0.159311
0.225581
0.193344
0.045413
-0.133156
-0.259263
-0.288406
-0.242985
-0.142410
-0.031698
0.038315
0.045746
0.025156
-0.031109
-0.106030
-0.136043
-0.113723
-0.089371
-0.064410
-0.052534
-0.056570
-0.074251
-0.065445
-0.040181
0.051280
0.208453
0.399340
0.532956
0.623977
0.563223
0.291673
-0.060926
-0.335575
-0.438240
-0.369285
-0.182491
0.008925
0.152772
0.227603
0.197531
0.041307
-0.141674
-0.263579
-0.297133
-0.246650
-0.135169
-0.026211
0.040974
0.043781
0.000991
-0.062900
-0.108372
-0.115656
-0.092562
-0.074020
-0.067018
-0.073277
-0.091639
-0.105421
-0.093845
-0.053642
0.038700
0.210213
0.400760
0.511959
0.587023
0.552605
0.303621
-0.037944
-0.293049
-0.405339
-0.386210
-0.220822
-0.014985
0.140444
0.218791
0.192385
0.037851
-0.140705
-0.254111
-0.289131
-0.258669
-0.161746
-0.051892
0.023356
0.038348
-0.000208
-0.069246
-0.118162
-0.134153
-0.115692
-0.089251
-0.068191
-0.068245
-0.086847
-0.111907
-0.102716
-0.061468
0.046816
0.215028
0.405923
0.529032
0.598777
0.522630
0.265873
-0.073991
-0.337217
-0.442918
-0.378840
-0.191919
0.008672
0.150388
0.205153
0.159277
0.019395
-0.135626
-0.249230
-0.282870
-0.241170
-0.149820
-0.053689
0.023588
0.032945
-0.012169
-0.068768
-0.105451
-0.124185
-0.106557
-0.080026
-0.070177
-0.086951
-0.098954
-0.104363
-0.087915
-0.044176
0.041572
0.183072
0.385286
0.533814
0.597487
0.513068
0.256108
-0.065516
-0.293119
-0.382834
-0.349563
-0.205181
-0.011365
0.135644
0.202601
0.171292
0.020790
-0.162344
-0.269736
-0.278482
-0.223002
-0.128872
-0.036132
0.015515
0.011347
-0.020019
-0.056501
-0.100441
-0.124913
-0.109103
-0.075503
-0.055290
-0.055117
-0.084170
-0.121659
-0.114859
-0.037490
0.105838
0.270965
0.430249
0.546845
0.612933
0.490257
0.189399
-0.143750
-0.356944
-0.432371
-0.338187
-0.138603
0.056401
0.175876
0.225319
0.164961
0.001105
-0.167771
-0.269280
-0.284733
-0.216051
-0.104716
-0.011208
0.037560
0.028072
-0.012594
-0.059739
-0.094910
-0.112887
-0.096234
-0.072128
-0.064063
-0.076401
-0.084272
-0.090885
-0.073746
-0.026686
0.064498
0.210598
0.398317
0.522729
0.582517
0.491231
0.235000
-0.068657
-0.272956
-0.359719
-0.334246
-0.198596
-0.011785
0.136625
0.209079
0.178026
0.030612
-0.144282
-0.251664
-0.268226
-0.221192
-0.123730
-0.015245
0.040911
0.037502
0.003749
-0.045699
-0.098807
-0.124623
-0.123867
-0.093370
-0.049619
-0.018631
-0.038567
-0.075990
-0.072791
-0.004881
0.111976
0.287478
0.459829
0.579342
0.620417
0.441761
0.092667
-0.225574
-0.383789
-0.380146
-0.233360
-0.050115
0.085734
0.164260
0.198604
0.120664
-0.030393
-0.180656
-0.261879
-0.254145
-0.155515
-0.043211
0.028970
0.046975
0.023600
-0.026996
-0.073965
-0.102745
-0.109654
-0.086786
-0.043207
-0.024017
-0.043566
-0.083430
-0.099804
-0.065927
0.008742
0.103371
0.238484
0.404253
0.530462
0.593852
0.477273
0.196250
-0.106917
-0.301591
-0.367910
-0.284284
-0.106794
0.050668
0.147305
0.195935
0.147236
-0.007008
-0.161692
-0.250690
-0.262638
-0.202854
-0.089139
0.015941
0.064013
0.044714
-0.014384
-0.081178
-0.114109
-0.108785
-0.064933
-0.024802
-0.021945
-0.048375
-0.076203
-0.089308
-0.065767
-0.014036
0.074902
0.213794
0.382529
0.492013
0.541991
0.435700
0.182726
-0.082083
-0.259508
-0.329568
-0.257925
-0.101659
0.033483
0.124009
0.169981
0.131514
0.005814
-0.125805
-0.205694
-0.212756
-0.152748
-0.071878
-0.015823
0.014199
0.016963
-0.005700
-0.042350
-0.070663
-0.078984
-0.065427
-0.055718
-0.049167
-0.057249
-0.069233
-0.077816
-0.057421
-0.000852
0.086361
0.218284
0.373637
0.459967
0.495972
0.432184
0.222355
-0.035220
-0.218299
-0.315743
-0.298986
-0.152198
0.022128
0.140766
0.192008
0.153345
0.010877
-0.136641
-0.213910
-0.219261
-0.175218
-0.093544
-0.025039
0.016220
0.025546
0.006918
-0.032202
-0.083509
-0.111157
-0.083543
-0.054000
-0.042457
-0.039619
-0.047361
-0.071454
-0.071622
-0.042641
0.020579
0.139748
0.314674
0.441332
0.507541
0.482799
0.281678
0.011014
-0.181464
-0.277366
-0.294243
-0.188626
-0.045436
0.068590
0.141649
0.151708
0.050992
-0.091884
-0.196585
-0.232607
-0.204724
-0.129436
-0.046147
0.013411
0.021462
-0.007612
-0.049474
-0.086817
-0.111079
-0.098978
-0.072023
-0.059033
-0.060979
-0.069968
-0.083557
-0.077449
-0.052206
-0.014458
0.069408
0.222742
0.368985
0.455075
0.504631
0.393878
0.125628
-0.129006
-0.276656
-0.327728
-0.249166
-0.098276
0.030266
0.104584
0.133553
0.079917
-0.038521
-0.155836
-0.224397
-0.233340
-0.174642
-0.082882
-0.011702
0.015210
-0.005846
-0.054439
-0.095654
-0.106876
-0.096966
-0.075120
-0.062287
-0.062410
-0.081523
-0.095138
-0.085584
-0.066756
-0.040398
0.029056
0.160587
0.323700
0.433506
0.480040
0.415453
0.205404
-0.040265
-0.217067
-0.305150
-0.292716
-0.179508
-0.033108
0.083035
0.132838
0.103862
-0.004316
-0.135303
-0.224733
-0.237567
-0.186268
-0.119612
-0.057516
-0.007121
-0.003744
-0.038442
-0.081627
-0.111247
-0.117018
-0.100289
-0.074306
-0.055555
-0.046115
-0.077612
-0.124922
-0.122816
-0.076126
-0.008577
0.116588
0.291810
0.413243
0.466030
0.475434
0.325282
0.050944
-0.188516
-0.317791
-0.346908
-0.244536
-0.071360
0.063886
0.131132
0.140523
0.060533
-0.088414
-0.196848
-0.235076
-0.228510
-0.167937
-0.077330
-0.015854
-0.001666
-0.017954
-0.050091
-0.094515
-0.113744
-0.105179
-0.081899
-0.069376
-0.051107
-0.055622
-0.090061
-0.110366
-0.084942
-0.043727
0.049145
0.212095
0.361479
0.429551
0.464541
0.396924
0.173055
-0.062104
-0.219178
-0.309833
-0.294238
-0.152625
0.000121
0.095676
0.127488
0.080598
-0.035998
-0.135169
-0.189524
-0.204472
-0.172312
-0.108700
-0.058881
-0.017251
-0.008303
-0.036165
-0.076400
-0.088531
-0.094988
-0.075817
-0.051640
-0.050813
-0.071712
-0.080903
-0.092496
-0.086998
-0.057937
0.010563
0.136050
0.297101
0.405271
0.455362
0.463916
0.315829
0.062229
-0.160173
-0.288950
-0.319994
-0.215666
-0.050725
0.073822
0.130205
0.127899
0.044179
-0.076388
-0.161140
-0.197117
-0.195413
-0.139912
-0.064907
-0.009692
0.006127
-0.011570
-0.044614
-0.072580
-0.083201
-0.077296
-0.060112
-0.052155
-0.051173
-0.065731
-0.080256
-0.078083
-0.044527
0.000513
0.092354
0.230056
0.354519
0.424628
0.477496
0.419194
0.195181
-0.049489
-0.221653
-0.298580
-0.253276
-0.112689
0.022696
0.108779
0.134408
0.100825
-0.000306
-0.106944
-0.180690
-0.191057
-0.151699
-0.085739
-0.035755
0.004244
0.004872
-0.020058
-0.046832
-0.054688
-0.069432
-0.079135
-0.066520
-0.043600
-0.051583
-0.061206
-0.059366
-0.052585
-0.026874
0.052822
0.187750
0.329646
0.424130
0.500511
0.495227
0.301864
0.028184
-0.189581
-0.304599
-0.303966
-0.173267
-0.005834
0.111665
0.164371
0.155270
0.055883
-0.085575
-0.185322
-0.206830
-0.174656
-0.107815
-0.038567
0.019824
0.036661
0.010771
-0.039409
-0.074647
-0.079337
-0.056190
-0.026295
-0.018156
-0.046859
-0.080863
-0.086552
-0.060724
-0.022298
0.033007
0.144240
0.293774
0.405617
0.453383
0.483266
0.385007
0.148614
-0.093535
-0.231085
-0.274404
-0.210886
-0.075111
0.051120
0.119382
0.151931
0.118992
-0.003605
-0.135586
-0.201199
-0.199737
-0.134152
-0.043000
0.019348
0.027791
0.006861
-0.018592
-0.045068
-0.061623
-0.057251
-0.050606
-0.045331
-0.049484
-0.072731
-0.091655
-0.077168
-0.027921
0.024427
0.099406
0.225631
0.361109
0.448003
0.510773
0.455801
0.226914
-0.037546
-0.211929
-0.280795
-0.239197
-0.107299
0.020247
0.104442
0.149519
0.134727
0.029385
-0.101561
-0.179514
-0.195549
-0.157310
-0.077289
-0.021706
0.001695
0.007781
-0.012688
-0.053754
-0.060929
-0.056416
-0.057959
-0.050240
-0.038205
-0.054215
-0.071453
-0.072075
-0.071195
-0.048505
0.048348
0.203720
0.350354
0.438401
0.501197
0.481766
0.312016
0.061790
-0.160555
-0.292599
-0.298529
-0.175656
-0.018982
0.096719
0.150995
0.142376
0.056716
-0.069884
-0.167343
-0.198717
-0.178511
-0.118789
-0.056954
-0.010600
0.018009
0.013305
-0.038379
-0.091237
-0.099021
-0.080460
-0.051538
-0.023491
-0.030438
-0.075899
-0.101651
-0.094897
-0.054843
0.016815
0.125151
0.269901
0.390532
0.467520
0.506358
0.395624
0.138189
-0.116497
-0.280032
-0.326183
-0.232947
-0.064407
0.065821
0.135822
0.149952
0.083016
-0.043116
-0.148032
-0.202494
-0.212129
-0.156067
-0.071487
-0.020367
0.006498
0.006025
-0.022891
-0.067127
-0.095841
-0.108634
-0.086731
-0.054981
-0.045551
-0.069082
-0.076763
-0.097210
-0.100870
-0.051114
0.073549
0.231448
0.385718
0.475475
0.501266
0.415135
0.201462
-0.052709
-0.237765
-0.303881
-0.264722
-0.141837
-0.000341
0.107878
0.151801
0.123952
0.022162
-0.119661
-0.220951
-0.232245
-0.182936
-0.109145
-0.042153
-0.010330
-0.012167
-0.019446
-0.040245
-0.075129
-0.096901
-0.097413
-0.084464
-0.063566
-0.047401
-0.062934
-0.094425
-0.091375
-0.055998
-0.002203
0.115976
0.288207
0.430985
0.492952
0.476295
0.314087
0.063553
-0.149133
-0.264956
-0.282100
-0.204608
-0.084668
0.032810
0.122289
0.148496
0.078985
-0.057578
-0.177200
-0.221169
-0.198745
-0.132000
-0.071119
-0.030427
-0.008410
-0.018676
-0.048561
-0.073472
-0.091686
-0.097000
-0.081302
-0.060575
-0.067542
-0.083648
-0.085810
-0.092608
-0.085284
-0.034956
0.069397
0.220317
0.378465
0.470911
0.510428
0.433859
0.201408
-0.071465
-0.257866
-0.327011
-0.287828
-0.138553
0.021063
0.119174
0.151091
0.121913
0.011870
-0.130906
-0.229204
-0.237278
-0.182645
-0.099032
-0.032320
0.007858
0.005429
-0.027280
-0.071538
-0.094284
-0.101304
-0.084618
-0.059926
-0.055081
-0.075071
-0.086785
-0.095679
-0.090815
-0.055627
0.026849
0.167462
0.328214
0.430910
0.485466
0.476306
0.301772
0.036196
-0.182048
-0.300013
-0.300371
-0.182366
-0.039969
0.064792
0.129470
0.130439
0.047171
-0.071808
-0.169022
-0.216261
-0.200038
-0.125598
-0.069788
-0.040852
-0.014127
-0.011621
-0.050671
-0.081179
-0.081407
-0.082565
-0.079094
-0.062886
-0.061331
-0.085455
-0.090055
-0.079710
-0.063705
-0.015154
0.107380
0.274486
0.411378
0.475534
0.479389
0.350718
0.127627
-0.097813
-0.256913
-0.322636
-0.255316
-0.105410
0.042051
0.132368
0.144425
0.067929
-0.048887
-0.160572
-0.211633
-0.208780
-0.159221
-0.099286
-0.051910
-0.008234
0.005247
-0.021236
-0.065048
-0.102484
-0.115543
-0.092607
-0.055552
-0.043080
-0.070011
-0.101292
-0.110794
-0.088876
-0.044015
0.044299
0.195366
0.361599
0.445895
0.473554
0.438410
0.259157
0.001149
-0.208820
-0.304378
-0.289117
-0.155221
-0.010977
0.072771
0.114492
0.104109
0.020862
-0.095088
-0.172125
-0.200565
-0.182306
-0.116605
-0.052081
-0.024731
-0.010850
-0.008076
-0.034785
-0.071773
-0.088876
-0.092126
-0.084588
-0.065748
-0.057103
-0.072736
-0.086279
-0.082588
-0.059169
-0.009012
0.099401
0.242627
0.362696
0.419279
0.442563
0.344989
0.126107
-0.098014
-0.241272
-0.294695
-0.239099
-0.100598
0.034270
0.116126
0.138862
0.085903
-0.031823
-0.140501
-0.193542
-0.198032
-0.151149
-0.080475
-0.038727
-0.013099
-0.008728
-0.034359
-0.071696
-0.077390
-0.081887
-0.075210
-0.050689
-0.035675
-0.065602
-0.090864
-0.102480
-0.084427
-0.034876
0.058658
0.195805
0.338307
0.413118
0.440919
0.396352
0.217989
-0.025640
-0.203649
-0.258651
-0.236653
-0.139789
-0.009380
0.086912
0.117020
0.101607
0.031106
-0.080842
-0.170184
-0.193324
-0.173771
-0.116381
-0.053581
-0.016644
-0.008649
-0.005810
-0.017562
-0.052314
-0.083523
-0.084472
-0.073925
-0.062154
-0.050330
-0.055640
-0.070195
-0.064212
-0.031061
0.020888
0.123044
0.263462
0.381850
0.444389
0.451355
0.314691
0.083924
-0.130558
-0.241790
-0.251928
-0.167877
-0.049889
0.050842
0.105346
0.122672
0.072540
-0.038866
-0.147746
-0.190597
-0.177762
-0.119252
-0.042743
-0.008905
-0.009518
-0.009570
-0.016402
-0.051083
-0.077964
-0.079028
-0.055086
-0.024146
-0.016772
-0.054602
-0.098419
-0.110175
-0.072674
-0.010736
0.097434
0.244187
0.373285
0.427327
0.432385
0.360263
0.188736
-0.028065
-0.192731
-0.260461
-0.229041
-0.121217
0.015383
0.119370
0.152784
0.113572
0.011247
-0.104808
-0.179118
-0.196840
-0.158141
-0.096117
-0.046215
0.002840
0.035040
0.021749
-0.027550
-0.071265
-0.101445
-0.090382
-0.050721
-0.019606
-0.027237
-0.049612
-0.059937
-0.054034
-0.035182
0.023838
0.143309
0.305573
0.426865
0.481424
0.425855
0.240588
0.008130
-0.158775
-0.239958
-0.238285
-0.146826
-0.021569
0.082169
0.138129
0.119655
0.024367
-0.087057
-0.161661
-0.176504
-0.155747
-0.105238
-0.049805
-0.008079
0.012748
0.000155
-0.047333
-0.086499
-0.087284
-0.061294
-0.037788
-0.027080
-0.035470
-0.061763
-0.078748
-0.074184
-0.053715
-0.003541
0.116020
0.268491
0.378049
0.443209
0.460348
0.319555
0.075297
-0.131766
-0.253642
-0.290907
-0.201786
-0.051396
0.058441
0.115606
0.133373
0.069459
-0.039222
-0.125921
-0.184431
-0.203924
-0.154730
-0.081338
-0.016895
0.035260
0.030746
-0.031947
-0.083847
-0.100894
-0.097324
-0.065928
-0.031290
-0.034566
-0.072838
-0.090027
-0.084673
-0.067027
-0.021923
0.085005
0.229673
0.364800
0.440125
0.459105
0.357122
0.127047
-0.115969
-0.264718
-0.299696
-0.230810
-0.081375
0.055732
0.115127
0.118545
0.077338
-0.028687
-0.147886
-0.206139
-0.198365
-0.148157
-0.076997
-0.022734
-0.005283
-0.019639
-0.043800
-0.071411
-0.089329
-0.088211
-0.072361
-0.049275
-0.042543
-0.069109
-0.096503
-0.110262
-0.090557
-0.030543
0.082590
0.229888
0.367011
0.435697
0.452506
0.347125
0.127855
-0.105080
-0.252032
-0.291212
-0.220939
-0.100383
0.015004
0.096467
0.123842
0.075217
-0.023625
-0.126900
-0.198276
-0.213286
-0.169698
-0.122816
-0.065559
0.004705
0.026016
-0.013851
-0.055918
-0.088377
-0.109608
-0.090778
-0.050506
-0.041275
-0.058802
-0.076547
-0.089615
-0.087418
-0.050372
0.036986
0.176592
0.322550
0.406207
0.430392
0.369633
0.193109
-0.022883
-0.195881
-0.286774
-0.272233
-0.146419
0.002098
0.105337
0.126386
0.082398
-0.016555
-0.113277
-0.177151
-0.189353
-0.165365
-0.106261
-0.062033
-0.027052
-0.003730
-0.005349
-0.049608
-0.086462
-0.099038
-0.086608
-0.061532
-0.029152
-0.040349
-0.076616
-0.091840
-0.081849
-0.052984
0.027977
0.164397
0.311227
0.406976
0.447383
0.396983
0.214837
-0.011174
-0.187275
-0.274885
-0.266630
-0.159685
-0.020471
0.091146
0.137962
0.111585
0.012176
-0.100692
-0.176799
-0.200211
-0.173880
-0.101245
-0.055348
-0.018403
0.012529
0.005772
-0.046791
-0.085433
-0.097530
-0.091887
-0.060764
-0.023686
-0.034929
-0.059732
-0.065515
-0.064049
-0.050598
0.014274
0.137167
0.281632
0.386219
0.437989
0.410880
0.245600
0.020223
-0.162926
-0.252206
-0.248963
-0.151275
-0.022667
0.073218
0.108250
0.097074
0.029952
-0.064384
-0.152717
-0.194865
-0.177366
-0.100105
-0.036998
-0.008522
0.002787
-0.006983
-0.044549
-0.065967
-0.059961
-0.057080
-0.052599
-0.033470
-0.040430
-0.065886
-0.072336
-0.070160
-0.054417
0.030162
0.172543
0.311298
0.403190
0.446816
0.407678
0.242148
0.024034
-0.160614
-0.263402
-0.252432
-0.131664
-0.008084
0.081055
0.129651
0.122515
0.039619
-0.061853
-0.146296
-0.185161
-0.167579
-0.096351
-0.051240
-0.032619
-0.004822
0.015180
-0.016096
-0.049864
-0.064869
-0.076328
-0.071674
-0.034738
-0.025154
-0.052911
-0.062016
-0.042323
-0.019038
0.047852
0.174300
0.307673
0.389042
0.453231
0.410717
0.204026
-0.023791
-0.155993
-0.227558
-0.223176
-0.117579
-0.003692
0.055688
0.110124
0.125851
0.042593
-0.074495
-0.144931
-0.177385
-0.167804
-0.094584
-0.034715
-0.012107
0.004834
0.008245
-0.034598
-0.071372
-0.065508
-0.053917
-0.048409
-0.030560
-0.037716
-0.060320
-0.057572
-0.032430
-0.013945
0.045346
0.184401
0.344856
0.439154
0.468130
0.373210
0.154099
-0.063063
-0.190569
-0.243475
-0.217948
-0.103952
0.022774
0.096252
0.122667
0.092805
-0.004571
-0.111994
-0.166499
-0.180676
-0.148714
-0.076397
-0.020593
-0.003380
-0.004804
-0.011260
-0.036952
-0.063264
-0.076206
-0.075923
-0.063938
-0.038135
-0.027832
-0.041588
-0.058861
-0.048409
-0.007013
0.070042
0.215819
0.375290
0.441605
0.438071
0.327302
0.120800
-0.096837
-0.210340
-0.235695
-0.194321
-0.098946
0.022292
0.100546
0.114887
0.070629
-0.020663
-0.124644
-0.179017
-0.177177
-0.130726
-0.071071
-0.021036
0.000472
-0.007072
-0.034301
-0.064950
-0.083237
-0.085623
-0.071912
-0.059054
-0.055187
-0.052069
-0.054213
-0.056285
-0.032835
0.025605
0.135800
0.291868
0.407375
0.469044
0.428889
0.247545
0.008538
-0.185725
-0.294326
-0.288483
-0.170024
-0.019701
0.100251
0.155675
0.140972
0.038519
-0.094223
-0.193646
-0.227614
-0.206011
-0.128457
-0.047310
0.008984
0.029409
0.011311
-0.054032
-0.109735
-0.115806
-0.088715
-0.052002
-0.014266
-0.015874
-0.051098
-0.086314
-0.092286
-0.060282
0.024060
0.164427
0.332568
0.426691
0.454712
0.382205
0.186308
-0.042800
-0.197420
-0.266578
-0.243741
-0.143346
-0.020762
0.070555
0.119577
0.109225
0.022852
-0.091416
-0.175763
-0.206692
-0.186293
-0.122884
-0.062791
-0.026309
-0.002657
-0.003578
-0.039544
-0.081693
-0.096427
-0.093595
-0.078281
-0.062536
-0.048453
-0.057104
-0.073266
-0.068898
-0.019993
0.072310
0.209079
0.351396
0.440430
0.466433
0.349584
0.117280
-0.119918
-0.269654
-0.306204
-0.222997
-0.082276
0.042752
0.114419
0.134832
0.081563
-0.024362
-0.138404
-0.212904
-0.219292
-0.160614
-0.076990
-0.019713
-0.004329
-0.010480
-0.030905
-0.060188
-0.084725
-0.087210
-0.074961
-0.052497
-0.040816
-0.054485
-0.082510
-0.085343
-0.061301
-0.001197
0.107633
0.278472
0.405001
0.460001
0.434901
0.267163
0.028429
-0.155889
-0.246358
-0.255449
-0.177591
-0.059063
0.054005
0.134544
0.142894
0.061400
-0.051972
-0.160659
-0.214162
-0.202249
-0.141109
-0.067147
-0.015315
0.009066
0.025414
0.000159
-0.064856
-0.108089
-0.098130
-0.071821
-0.036790
-0.015735
-0.033044
-0.070349
-0.075024
-0.049158
0.010806
0.122846
0.291449
0.410080
0.470535
0.448255
0.270044
0.015472
-0.193609
-0.298224
-0.288034
-0.165093
-0.006982
0.106262
0.151747
0.132369
0.035869
-0.084303
-0.170929
-0.204005
-0.184938
-0.118129
-0.037195
0.008714
0.007477
-0.005845
-0.028781
-0.066809
-0.098501
-0.088723
-0.064336
-0.033859
-0.019360
-0.041174
-0.082933
-0.070680
-0.029283
0.046889
0.172906
0.336248
0.426621
0.472352
0.413814
0.193688
-0.061427
-0.214588
-0.276039
-0.254661
-0.130502
0.018815
0.113080
0.153305
0.130212
0.019870
-0.108174
-0.192253
-0.212989
-0.176236
-0.095715
-0.021509
0.010509
0.012064
-0.003019
-0.048306
-0.090687
-0.093616
-0.074717
-0.049541
-0.011550
-0.007338
-0.051819
-0.085214
-0.074261
-0.032638
0.049790
0.194811
0.354058
0.438711
0.466134
0.355962
0.126356
-0.095027
-0.215760
-0.259834
-0.217187
-0.095888
0.033893
0.107758
0.134387
0.088163
-0.021038
-0.132598
-0.186513
-0.188538
-0.140170
-0.066684
-0.012370
0.005552
0.009659
-0.016053
-0.060088
-0.089052
-0.083411
-0.067097
-0.049202
-0.036528
-0.034561
-0.043907
-0.047655
-0.046711
-0.021460
0.058326
0.214886
0.378204
0.463650
0.463537
0.317542
0.082301
-0.129747
-0.245761
-0.279011
-0.218486
-0.089606
0.046007
0.125510
0.143841
0.085116
-0.026542
-0.138742
-0.205462
-0.207406
-0.154683
-0.073369
-0.016178
-0.002234
-0.008510
-0.035331
-0.067441
-0.081645
-0.072753
-0.062213
-0.046423
-0.037915
-0.049113
-0.070195
-0.063421
-0.045768
0.000689
0.095329
0.255231
0.398400
0.471070
0.445306
0.256996
0.007132
-0.169234
-0.243423
-0.261926
-0.189443
-0.058203
0.061968
0.130410
0.141780
0.055782
-0.074754
-0.170271
-0.203514
-0.189808
-0.124126
-0.043362
-0.000411
-0.009167
-0.022575
-0.047327
-0.077753
-0.087820
-0.071180
-0.054640
-0.039453
-0.037341
-0.055174
-0.081108
-0.074540
-0.042882
0.015318
0.113869
0.274083
0.410012
0.475898
0.432092
0.239011
0.001176
-0.173117
-0.263572
-0.263484
-0.163436
-0.034094
0.065154
0.125649
0.128286
0.046287
-0.065562
-0.156977
-0.198565
-0.182114
-0.116751
-0.058561
-0.017339
0.003804
-0.002071
-0.033136
-0.063548
-0.085272
-0.087728
-0.073444
-0.051725
-0.039774
-0.043066
-0.059729
-0.071486
-0.053412
0.007197
0.118853
0.292618
0.425124
0.482230
0.426073
0.233967
-0.016320
-0.195426
-0.265664
-0.251922
-0.159673
-0.024047
0.091236
0.146876
0.136272
0.047921
-0.081306
-0.189902
-0.222954
-0.186498
-0.110770
-0.043801
0.006529
0.022810
0.007695
-0.040843
-0.081559
-0.096912
-0.081901
-0.057950
-0.032984
-0.030938
-0.041062
-0.058574
-0.062465
-0.037300
0.036370
0.159451
0.324391
0.440039
0.491773
0.396885
0.175116
-0.053052
-0.194056
-0.249594
-0.219334
-0.127368
-0.017747
0.077758
0.145728
0.130842
0.027922
-0.094350
-0.182380
-0.216859
-0.180562
-0.094415
-0.026136
0.004985
0.010007
-0.004745
-0.051664
-0.092021
-0.103940
-0.091155
-0.068277
-0.040525
-0.035306
-0.044802
-0.060991
-0.061269
-0.034468
0.045282
0.185363
0.363239
0.461715
0.479758
0.361468
0.141534
-0.093834
-0.241533
-0.279028
-0.215252
-0.100699
0.025638
0.118014
0.143421
0.097511
-0.004806
-0.122777
-0.199290
-0.210524
-0.169076
-0.093803
-0.033034
0.013008
0.022768
-0.004650
-0.055474
-0.086558
-0.104392
-0.095653
-0.070853
-0.046242
-0.044481
-0.059206
-0.070446
-0.066436
-0.024790
0.069130
0.217590
0.362531
0.442719
0.454969
0.326903
0.103101
-0.105977
-0.229596
-0.261192
-0.195211
-0.080166
0.019917
0.085908
0.119030
0.084929
-0.013139
-0.118809
-0.189893
-0.211953
-0.167540
-0.088714
-0.020759
0.008729
0.008482
-0.016302
-0.054947
-0.093199
-0.103943
-0.094387
-0.071161
-0.048276
-0.043911
-0.060700
-0.071373
-0.056931
-0.017695
0.059477
0.207601
0.366602
0.446129
0.456657
0.339272
0.112963
-0.090789
-0.206975
-0.261537
-0.233084
-0.120561
0.021191
0.126557
0.158516
0.092208
-0.038465
-0.153380
-0.208207
-0.197675
-0.141099
-0.065114
-0.023184
-0.017334
-0.016594
-0.027738
-0.061447
-0.085771
-0.078864
-0.073085
-0.074434
-0.065457
-0.064395
-0.085613
-0.090451
-0.060585
-0.004390
0.084512
0.237685
0.384169
0.451038
0.455424
0.337662
0.114402
-0.123793
-0.259211
-0.282613
-0.206739
-0.065660
0.068667
0.125438
0.113296
0.052087
-0.041383
-0.140498
-0.199829
-0.206569
-0.164683
-0.089041
-0.007732
0.021384
-0.004148
-0.045401
-0.086701
-0.111215
-0.094433
-0.055819
-0.044428
-0.051250
-0.057742
-0.079035
-0.105239
-0.089157
-0.017087
0.088980
0.243765
0.388692
0.457294
0.464595
0.345248
0.104904
-0.132240
-0.250702
-0.264814
-0.190017
-0.074206
0.025773
0.091541
0.124730
0.083918
-0.023709
-0.137722
-0.202328
-0.206217
-0.147558
-0.076155
-0.023050
-0.012027
-0.022639
-0.043297
-0.071353
-0.094555
-0.093287
-0.078560
-0.056663
-0.040032
-0.042980
-0.066271
-0.079700
-0.068402
-0.027814
0.077954
0.260529
0.411760
0.479761
0.475107
0.314884
0.069267
-0.138334
-0.252859
-0.280952
-0.195811
-0.055582
0.051981
0.109108
0.125055
0.075575
-0.022887
-0.122559
-0.197038
-0.219356
-0.170350
-0.078486
-0.015341
0.012493
0.017944
-0.008606
-0.071265
-0.115847
-0.109561
-0.076572
-0.052265
-0.043487
-0.058710
-0.079188
-0.077739
-0.045655
0.002954
0.096306
0.262332
0.416680
0.489362
0.474900
0.318471
0.073984
-0.156049
-0.282344
-0.295067
-0.196122
-0.042373
0.089733
0.154071
0.151083
0.067739
-0.051041
-0.157985
-0.214218
-0.209452
-0.141783
-0.068880
-0.017572
0.016933
0.022366
-0.023640
-0.078627
-0.105793
-0.104422
-0.088669
-0.055892
-0.035083
-0.042407
-0.068775
-0.075566
-0.053369
0.004070
0.105388
0.271347
0.413034
0.489038
0.475863
0.311362
0.053208
-0.168295
-0.271325
-0.274032
-0.187790
-0.048456
0.076190
0.137379
0.147663
0.081477
-0.039738
-0.152831
-0.204903
-0.206870
-0.156416
-0.078228
-0.010507
0.007532
0.006728
-0.017147
-0.062934
-0.103651
-0.096226
-0.076406
-0.061504
-0.044087
-0.035610
-0.062107
-0.074504
-0.051814
0.001907
0.097438
0.274956
0.427468
0.483886
0.450097
0.282183
0.041315
-0.159982
-0.243841
-0.258764
-0.203435
-0.069821
0.073286
0.148740
0.149336
0.066452
-0.062107
-0.169045
-0.211612
-0.199690
-0.147787
-0.069707
-0.011453
0.009290
0.008288
-0.020033
-0.068082
-0.094542
-0.094237
-0.083809
-0.063039
-0.035831
-0.044018
-0.073768
-0.079891
-0.048546
0.008947
0.113882
0.273608
0.400992
0.456539
0.445643
0.298507
0.059508
-0.148455
-0.249670
-0.272354
-0.200632
-0.069760
0.060691
0.139592
0.159170
0.086706
-0.045916
-0.166641
-0.214493
-0.198686
-0.128846
-0.051368
-0.006043
-0.010038
-0.021370
-0.038712
-0.063606
-0.081493
-0.079237
-0.066174
-0.041738
-0.032376
-0.056521
-0.085715
-0.085902
-0.060592
-0.001150
0.106952
0.270520
0.403049
0.468410
0.470269
0.320840
0.061255
-0.162609
-0.262484
-0.277228
-0.196249
-0.060294
0.063488
0.132689
0.154256
0.096125
-0.027275
-0.157266
-0.227595
-0.215927
-0.150868
-0.065444
-0.008990
0.006036
0.007343
-0.000180
-0.035288
-0.074803
-0.087738
-0.079266
-0.067617
-0.052446
-0.047287
-0.055353
-0.060795
-0.046291
-0.012089
0.068751
0.208429
0.364748
0.447538
0.473373
0.365947
0.131109
-0.111152
-0.236175
-0.257773
-0.197259
-0.087361
0.029385
0.107322
0.139435
0.106746
0.010144
-0.111542
-0.191857
-0.200808
-0.157957
-0.085719
-0.015800
0.005001
-0.005602
-0.009740
-0.037190
-0.077278
-0.083152
-0.059432
-0.045538
-0.042964
-0.054937
-0.069683
-0.072353
-0.046348
-0.013568
0.044432
0.159446
0.330761
0.449320
0.494202
0.415509
0.194710
-0.050273
-0.202826
-0.263968
-0.236394
-0.129892
-0.003899
0.096999
0.157084
0.141692
0.036363
-0.088274
-0.176283
-0.211148
-0.196725
-0.110858
-0.026320
0.007417
0.012111
0.003992
-0.039962
-0.081010
-0.081539
-0.068032
-0.065018
-0.055101
-0.049454
-0.058654
-0.064330
-0.048676
-0.019522
0.043573
0.156253
0.308146
0.414604
0.462064
0.421507
0.247302
0.006220
-0.184621
-0.273597
-0.264525
-0.155755
-0.012089
0.106154
0.154188
0.134735
0.043735
-0.075537
-0.175839
-0.214354
-0.187422
-0.116643
-0.043991
0.012122
0.011140
-0.014541
-0.042648
-0.076411
-0.105800
-0.084661
-0.040245
-0.017354
-0.030113
-0.054154
-0.079258
-0.080063
-0.046618
0.019278
0.122064
0.279691
0.405010
0.457336
0.429513
0.271651
0.053569
-0.126691
-0.229950
-0.263909
-0.196470
-0.070402
0.057980
0.146748
0.165391
0.078163
-0.049939
-0.147914
-0.207807
-0.207141
-0.139256
-0.074333
-0.014104
0.032619
0.027054
-0.030495
-0.074241
-0.088242
-0.086648
-0.073317
-0.046420
-0.039932
-0.056457
-0.069398
-0.063984
-0.042172
0.013439
0.113726
0.269461
0.394667
0.463419
0.467529
0.321671
0.064734
-0.147546
-0.248401
-0.261615
-0.181174
-0.051051
0.059075
0.127399
0.150365
0.084657
-0.040109
-0.151096
-0.195325
-0.183245
-0.127824
-0.067957
-0.021711
-0.010954
-0.020392
-0.033508
-0.057346
-0.082528
-0.088207
-0.067970
-0.045893
-0.042036
-0.055850
-0.080569
-0.092484
-0.065893
-0.001367
0.106144
0.260561
0.394393
0.444022
0.443269
0.318055
0.100221
-0.101277
-0.212200
-0.252982
-0.198039
-0.085652
0.031908
0.108493
0.139603
0.090832
-0.016566
-0.129210
-0.198458
-0.213844
-0.158463
-0.087787
-0.035598
-0.000680
0.011094
-0.022857
-0.067629
-0.088186
-0.102446
-0.101153
-0.073141
-0.050760
-0.055330
-0.064667
-0.069616
-0.072834
-0.029252
0.087265
0.259835
0.399311
0.454912
0.441444
0.314859
0.101931
-0.096204
-0.221285
-0.285865
-0.247276
-0.104375
0.043299
0.129992
0.150891
0.086695
-0.046927
-0.157606
-0.203146
-0.201021
-0.158838
-0.090002
-0.043578
-0.031597
-0.025368
-0.023993
-0.054147
-0.093914
-0.108545
-0.092436
-0.067636
-0.048575
-0.050854
-0.075120
-0.100540
-0.090085
-0.030094
0.091826
0.262325
0.393355
0.428113
0.417084
0.308145
0.112347
-0.083859
-0.216082
-0.276252
-0.240353
-0.107829
0.040418
0.127571
0.134655
0.062426
-0.055885
-0.159079
-0.210993
-0.210196
-0.160060
-0.106006
-0.067597
-0.014733
0.007674
-0.024226
-0.071945
-0.097632
-0.122208
-0.114765
-0.074412
-0.046881
-0.066454
-0.091382
-0.105061
-0.085778
-0.025077
0.094976
0.243684
0.364461
0.406621
0.414871
0.326014
0.115491
-0.091077
-0.194990
-0.248331
-0.234676
-0.124108
0.010513
0.091489
0.125291
0.088729
-0.024307
-0.141771
-0.207245
-0.221060
-0.181622
-0.099517
-0.031309
-0.004856
-0.008524
-0.040894
-0.086799
-0.109288
-0.107690
-0.091494
-0.080660
-0.074846
-0.075461
-0.089202
-0.093159
-0.070187
-0.021949
0.061185
0.209334
0.344870
0.396016
0.418248
0.362391
0.172334
-0.048931
-0.192920
-0.265768
-0.246382
-0.119998
0.015779
0.089413
0.109227
0.079727
-0.013057
-0.108424
-0.170808
-0.192698
-0.168532
-0.102538
-0.067064
-0.044818
-0.021129
-0.027360
-0.068590
-0.091481
-0.090860
-0.087798
-0.071628
-0.054727
-0.073811
-0.107580
-0.109573
-0.077844
-0.022239
0.081800
0.236358
0.364726
0.424760
0.444901
0.370138
0.171381
-0.049852
-0.200679
-0.268919
-0.235827
-0.114592
0.019532
0.104326
0.129734
0.083176
-0.014922
-0.109433
-0.174546
-0.198501
-0.167107
-0.116871
-0.063128
-0.006336
0.016879
-0.019993
-0.074838
-0.100111
-0.102269
-0.091249
-0.063055
-0.049794
-0.056420
-0.068310
-0.074303
-0.061109
-0.022084
0.066441
0.223836
0.373500
0.444305
0.456040
0.351801
0.148620
-0.052031
-0.179862
-0.233182
-0.202457
-0.104919
0.005968
0.093467
0.129769
0.098476
0.009728
-0.091690
-0.171779
-0.201719
-0.168140
-0.094131
-0.033911
-0.003971
0.000313
-0.022236
-0.064313
-0.092226
-0.106941
-0.097952
-0.056075
-0.022107
-0.038473
-0.061466
-0.067383
-0.061882
-0.030385
0.067598
0.219674
0.362546
0.437042
0.450185
0.371801
0.194941
-0.004680
-0.162645
-0.243859
-0.227103
-0.114545
0.015134
0.103923
0.126806
0.089412
0.007354
-0.078620
-0.151146
-0.183751
-0.162927
-0.105545
-0.058014
0.000485
0.030887
-0.000813
-0.059880
-0.076336
-0.078269
-0.071129
-0.058935
-0.048846
-0.054881
-0.059505
-0.063647
-0.064273
-0.037742
0.059424
0.221503
0.364405
0.418972
0.439716
0.390492
0.217469
0.023756
-0.119592
-0.215187
-0.230008
-0.139250
-0.018781
0.078499
0.134032
0.122445
0.034425
-0.068764
-0.146756
-0.186031
-0.167879
-0.096701
-0.038502
-0.015253
-0.014142
-0.017527
-0.043489
-0.072132
-0.090692
-0.083754
-0.055491
-0.030470
-0.036378
-0.066300
-0.093291
-0.081938
-0.031653
0.054828
0.179381
0.327552
0.418373
0.454633
0.417767
0.250605
0.027191
-0.142487
-0.227141
-0.238164
-0.147800
-0.022930
0.071108
0.124438
0.135288
0.057816
-0.056937
-0.147410
-0.190191
-0.178402
-0.110409
-0.061843
-0.032837
-0.010243
-0.008476
-0.048140
-0.079930
-0.082990
-0.080936
-0.060689
-0.031919
-0.041677
-0.075665
-0.089676
-0.073971
-0.041865
0.036658
0.176126
0.331358
0.417087
0.456214
0.431857
0.265372
0.034189
-0.145717
-0.244959
-0.267635
-0.173141
-0.020547
0.097610
0.148202
0.138445
0.050433
-0.067493
-0.154453
-0.192289
-0.191475
-0.140268
-0.066334
-0.015803
0.009022
0.018947
-0.013895
-0.067874
-0.088434
-0.081966
-0.075465
-0.059493
-0.053058
-0.059558
-0.067499
-0.058587
-0.036948
0.022461
0.137616
0.294668
0.397597
