-0.138274
-0.293572
-0.428835
-0.414179
-0.255302
-0.087381
0.041136
0.045306
-0.011114
-0.024770
-0.011828
-0.051173
-0.135479
-0.197550
-0.218092
-0.131032
-0.005016
0.103261
0.160328
0.247828
0.380946
0.529819
0.579728
0.586973
0.445750
0.132114
-0.210870
-0.448155
-0.461810
-0.258753
0.033670
0.205623
0.238931
0.158170
0.053961
-0.045172
-0.112040
-0.235578
-0.382867
-0.424990
-0.323427
-0.171870
-0.018971
0.047963
0.008522
-0.013308
-0.002117
-0.015415
-0.092746
-0.171162
-0.235830
-0.196801
-0.077535
0.059948
0.142654
0.230605
0.331527
0.468888
0.544240
0.576996
0.534464
0.302090
-0.056910
-0.370213
-0.504622
-0.382413
-0.092415
0.142005
0.230873
0.188720
0.099248
-0.006441
-0.066981
-0.169286
-0.336383
-0.441167
-0.393982
-0.243224
-0.086794
0.027786
0.011112
-0.018963
-0.020310
-0.004714
-0.056170
-0.130956
-0.216106
-0.229237
-0.138028
-0.002249
0.114337
0.206622
0.303496
0.423351
0.498099
0.539063
0.572717
0.432362
0.098135
-0.264862
-0.482349
-0.469920
-0.206248
0.079019
0.221992
0.197574
0.110972
0.009690
-0.050726
-0.107003
-0.253391
-0.403977
-0.435371
-0.314919
-0.161504
-0.005374
0.030359
-0.014950
-0.027011
0.004540
-0.013035
-0.097206
-0.187662
-0.246291
-0.191059
-0.059518
0.073872
0.150765
0.233329
0.337724
0.453204
0.514104
0.565511
0.550794
0.320947
-0.045826
-0.382346
-0.524237
-0.388871
-0.086683
0.155426
0.225165
0.163986
0.061786
-0.014934
-0.055012
-0.151797
-0.331054
-0.449042
-0.409051
-0.251783
-0.093618
0.020762
-0.001737
-0.028337
-0.009486
0.021147
-0.040246
-0.134560
-0.236958
-0.259062
-0.152823
0.008947
0.137622
0.225501
0.323980
0.422419
0.484112
0.517514
0.563714
0.410781
0.074999
-0.291846
-0.500786
-0.464504
-0.184360
0.099952
0.212021
0.183038
0.085733
0.004156
-0.048382
-0.093794
-0.259520
-0.414955
-0.450525
-0.315018
-0.150475
0.003694
0.033141
-0.026589
-0.039318
-0.017833
-0.020631
-0.100920
-0.181725
-0.252169
-0.186622
-0.058270
0.090871
0.178758
0.273106
0.382491
0.482029
0.540351
0.583078
0.486020
0.189545
-0.179811
-0.460651
-0.498855
-0.283247
0.018534
0.188377
0.208115
0.124938
0.031499
-0.024466
-0.068197
-0.189813
-0.368288
-0.450870
-0.383461
-0.196559
-0.043745
0.033134
-0.007191
-0.043450
-0.040660
-0.013653
-0.060067
-0.145753
-0.216353
-0.204358
-0.095575
0.039062
0.136376
0.199183
0.315435
0.443682
0.518414
0.557687
0.575612
0.355064
-0.014146
-0.363343
-0.525283
-0.422106
-0.117570
0.148220
0.224745
0.177635
0.072238
0.001834
-0.042001
-0.106521
-0.283044
-0.429814
-0.440823
-0.290681
-0.110539
0.021738
0.044527
-0.012969
-0.035363
-0.027546
-0.033386
-0.110404
-0.174334
-0.220595
-0.147467
-0.024013
0.100306
0.178355
0.282062
0.397357
0.478006
0.539532
0.574661
0.458661
0.131777
-0.229696
-0.478421
-0.471582
-0.226939
0.064660
0.205575
0.191673
0.108071
0.027351
-0.015000
-0.065494
-0.191559
-0.366614
-0.445142
-0.365950
-0.192225
-0.030422
0.058074
0.026360
-0.013747
-0.034310
-0.040267
-0.092831
-0.153176
-0.199308
-0.167132
-0.053934
0.068340
0.145588
0.201863
0.302502
0.429120
0.540588
0.616560
0.560453
0.276150
-0.107354
-0.412223
-0.506455
-0.339425
-0.049425
0.154278
0.203752
0.159641
0.082696
0.030291
-0.023288
-0.126930
-0.291908
-0.425019
-0.421851
-0.289016
-0.098304
0.024591
0.054597
0.004670
-0.016086
-0.041989
-0.059287
-0.126020
-0.183025
-0.195024
-0.115561
0.011156
0.122726
0.180296
0.200676
0.294157
0.442712
0.545364
0.600782
0.511625
0.187821
-0.204155
-0.444935
-0.445550
-0.241849
0.020525
0.165160
0.173255
0.119303
0.071711
0.028265
-0.031524
-0.151727
-0.322025
-0.426047
-0.383395
-0.225308
-0.062121
0.041950
0.041179
0.000260
-0.009530
-0.026985
-0.072238
-0.151708
-0.201828
-0.194945
-0.092061
0.042578
0.144205
0.194734
0.239673
0.341999
0.467377
0.580854
0.607221
0.415471
0.044478
-0.321459
-0.488637
-0.396693
-0.126993
0.100181
0.190693
0.161354
0.107212
0.060087
0.024663
-0.069481
-0.213308
-0.369857
-0.420443
-0.338563
-0.161972
-0.003769
0.041987
0.036328
-0.017568
-0.035747
-0.055721
-0.074730
-0.153653
-0.187678
-0.152330
-0.051755
0.055534
0.140637
0.185812
0.257229
0.409270
0.538570
0.612013
0.546302
0.304551
-0.075119
-0.376523
-0.478645
-0.334655
-0.076791
0.134566
0.206771
0.169826
0.111997
0.050086
-0.009646
-0.124450
-0.249015
-0.389118
-0.402057
-0.303342
-0.116760
0.011500
0.057929
0.037740
-0.020419
-0.044821
-0.072144
-0.108554
-0.181029
-0.183062
-0.134145
-0.002042
0.113379
0.186527
0.192499
0.257063
0.398369
0.522329
0.618297
0.534982
0.227918
-0.170335
-0.426460
-0.462802
-0.267788
0.000014
0.157912
0.174055
0.127544
0.088902
0.042765
-0.012047
-0.144648
-0.301997
-0.418093
-0.388591
-0.257785
-0.077173
0.031355
0.055092
0.009618
-0.020429
-0.048237
-0.082272
-0.131042
-0.183355
-0.190865
-0.117425
0.014756
0.114976
0.180889
0.197634
0.270051
0.405132
0.530931
0.593734
0.510315
0.213617
-0.181030
-0.432343
-0.455323
-0.254149
-0.003629
0.165501
0.174033
0.131513
0.084125
0.049621
-0.030691
-0.155137
-0.309169
-0.426160
-0.392851
-0.238429
-0.062548
0.031373
0.063091
0.004990
-0.027092
-0.043213
-0.066830
-0.147963
-0.199911
-0.192370
-0.108385
0.033018
0.139770
0.174255
0.196100
0.320450
0.461210
0.565768
0.594301
0.450405
0.117682
-0.239527
-0.442356
-0.432279
-0.208349
0.039627
0.178681
0.172616
0.137711
0.080764
0.021919
-0.065823
-0.192689
-0.354155
-0.422507
-0.353677
-0.190422
-0.029009
0.033475
0.028412
-0.023987
-0.016786
-0.027829
-0.060216
-0.155318
-0.209349
-0.196132
-0.079389
0.056792
0.146260
0.189301
0.244624
0.369904
0.488655
0.570521
0.572867
0.407260
0.059700
-0.285139
-0.482272
-0.422722
-0.171058
0.089760
0.211840
0.193637
0.127522
0.050583
-0.010770
-0.098513
-0.225505
-0.385078
-0.424517
-0.330117
-0.158794
-0.018865
0.057749
0.023330
-0.013688
-0.021829
-0.030749
-0.088118
-0.162579
-0.215067
-0.185760
-0.056197
0.082773
0.169414
0.209972
0.271814
0.380784
0.479437
0.560352
0.574245
0.371684
0.018629
-0.314328
-0.485441
-0.405626
-0.132363
0.113416
0.200512
0.183529
0.115772
0.044709
-0.021443
-0.104110
-0.263403
-0.409349
-0.426082
-0.289485
-0.114988
0.014804
0.047902
-0.005021
-0.018309
-0.011204
-0.027796
-0.109100
-0.184664
-0.229657
-0.160304
-0.028871
0.085789
0.145397
0.203558
0.299984
0.430203
0.510686
0.562341
0.541536
0.310877
-0.027834
-0.332337
-0.471978
-0.378768
-0.108830
0.123582
0.208685
0.183100
0.108352
0.027357
-0.046849
-0.130606
-0.282527
-0.404990
-0.407327
-0.268371
-0.104679
0.018585
0.037882
-0.011137
-0.022461
-0.012743
-0.030959
-0.114180
-0.190131
-0.223223
-0.146718
-0.016471
0.098411
0.158903
0.215470
0.308811
0.431760
0.510794
0.550070
0.515687
0.290772
-0.046198
-0.341088
-0.468053
-0.367653
-0.101293
0.125285
0.208121
0.175871
0.100895
0.013557
-0.055817
-0.149760
-0.303369
-0.422027
-0.401630
-0.252606
-0.089821
0.023520
0.019151
-0.013780
-0.020566
-0.006219
-0.046730
-0.116775
-0.192241
-0.214838
-0.146702
-0.017090
0.095445
0.174033
0.258193
0.366343
0.472627
0.513233
0.538345
0.465872
0.218917
-0.125296
-0.402916
-0.485628
-0.318972
-0.027073
0.181576
0.229592
0.159651
0.056356
-0.024657
-0.069896
-0.167049
-0.317090
-0.403309
-0.347056
-0.200218
-0.049439
0.041037
0.012897
-0.022138
-0.022118
-0.010085
-0.061258
-0.126301
-0.190970
-0.180990
-0.088010
0.023941
0.100344
0.157158
0.236886
0.352368
0.445777
0.470089
0.496746
0.412154
0.160221
-0.151697
-0.380847
-0.439329
-0.279345
-0.009011
0.166406
0.198940
0.141467
0.058847
-0.020424
-0.080847
-0.200765
-0.346006
-0.403837
-0.317631
-0.162275
-0.023115
0.030132
-0.000814
-0.030296
-0.021328
-0.020145
-0.069425
-0.134092
-0.188890
-0.174069
-0.078524
0.046879
0.121418
0.173470
0.237991
0.355524
0.440258
0.482761
0.501651
0.396330
0.132374
-0.183135
-0.407703
-0.430056
-0.235027
0.020608
0.176884
0.196695
0.124878
0.036448
-0.031348
-0.085389
-0.210977
-0.349991
-0.395876
-0.302504
-0.147922
-0.016196
0.026041
0.000930
-0.021063
-0.011558
-0.007170
-0.068560
-0.147481
-0.201855
-0.166687
-0.066172
0.048515
0.124149
0.185197
0.266084
0.374537
0.442449
0.466486
0.494294
0.373772
0.091629
-0.228695
-0.422971
-0.422065
-0.203046
0.055252
0.195726
0.190228
0.112305
0.023841
-0.040549
-0.094802
-0.229878
-0.363778
-0.396447
-0.283626
-0.124124
0.014374
0.042589
-0.003889
-0.037117
-0.030895
-0.025043
-0.069943
-0.140849
-0.194200
-0.161215
-0.065773
0.054847
0.133273
0.193183
0.277496
0.397495
0.456631
0.494525
0.485427
0.323247
0.032409
-0.260129
-0.431157
-0.389806
-0.160163
0.072496
0.185940
0.178258
0.113463
0.030138
-0.028795
-0.110219
-0.263987
-0.390121
-0.386417
-0.262345
-0.101886
0.017272
0.027250
-0.012060
-0.022517
-0.006894
-0.023217
-0.091366
-0.168354
-0.206756
-0.141584
-0.029896
0.078012
0.146118
0.220694
0.326859
0.431334
0.478633
0.518942
0.456130
0.217073
-0.110783
-0.368571
-0.455289
-0.317115
-0.048680
0.146896
0.207202
0.162959
0.083922
-0.003132
-0.056305
-0.163649
-0.317829
-0.402295
-0.347170
-0.197858
-0.048776
0.039797
0.018325
-0.017755
-0.017454
-0.018847
-0.065446
-0.130622
-0.185626
-0.183956
-0.095558
0.017907
0.095420
0.163004
0.236290
0.341276
0.432754
0.476495
0.482990
0.401901
0.171867
-0.131744
-0.360798
-0.419698
-0.263901
-0.028324
0.146139
0.187878
0.149707
0.068794
-0.009529
-0.082666
-0.190228
-0.325354
-0.381886
-0.307126
-0.147854
-0.030154
0.008855
-0.015482
-0.040807
-0.026618
-0.001915
-0.038437
-0.134815
-0.196588
-0.181581
-0.083572
0.031991
0.119329
0.157745
0.236054
0.366162
0.456937
0.508090
0.513814
0.375098
0.072797
-0.228214
-0.426696
-0.414924
-0.212892
0.036020
0.173318
0.191947
0.141647
0.055435
-0.017696
-0.096609
-0.221118
-0.367119
-0.388313
-0.293038
-0.122361
-0.000477
0.026354
-0.008031
-0.043319
-0.031250
-0.029646
-0.058543
-0.130740
-0.173198
-0.159765
-0.074942
0.026982
0.106097
0.173163
0.267634
0.404082
0.462316
0.491639
0.468175
0.336331
0.038013
-0.244884
-0.427813
-0.400847
-0.184424
0.058244
0.196671
0.193156
0.130175
0.028564
-0.036569
-0.110050
-0.226950
-0.363263
-0.380679
-0.279177
-0.115326
0.005939
0.044412
-0.009291
-0.040762
-0.036925
-0.029948
-0.070448
-0.134915
-0.185849
-0.167280
-0.063886
0.054608
0.139928
0.193968
0.283549
0.391697
0.458993
0.500390
0.465682
0.263581
-0.046054
-0.309545
-0.433937
-0.344501
-0.112385
0.095068
0.180878
0.171693
0.113076
0.032626
-0.038501
-0.127828
-0.273596
-0.386421
-0.373612
-0.243365
-0.086177
0.029041
0.044426
-0.009453
-0.034555
-0.034891
-0.042664
-0.092704
-0.151736
-0.193987
-0.143391
-0.027516
0.081790
0.135252
0.173896
0.266290
0.396561
0.475831
0.510000
0.449547
0.227218
-0.072760
-0.307114
-0.418834
-0.326083
-0.104706
0.095702
0.177698
0.177016
0.113730
0.026508
-0.046876
-0.139661
-0.275171
-0.375653
-0.333765
-0.214366
-0.077619
0.028329
0.042615
-0.007835
-0.023958
-0.034362
-0.046693
-0.086685
-0.135186
-0.167268
-0.116443
-0.018126
0.061189
0.115880
0.162790
0.242362
0.346870
0.420541
0.463086
0.433881
0.254646
-0.036590
-0.279084
-0.394053
-0.312854
-0.103711
0.087326
0.165065
0.158559
0.108386
0.037307
-0.029443
-0.114410
-0.241828
-0.348185
-0.336495
-0.223743
-0.067219
0.025479
0.042194
-0.010855
-0.034255
-0.033841
-0.032645
-0.077146
-0.134112
-0.166300
-0.126904
-0.032603
0.052542
0.116080
0.169971
0.263422
0.364872
0.428414
0.463397
0.421831
0.233442
-0.051662
-0.288908
-0.393076
-0.298964
-0.084452
0.098569
0.166187
0.157101
0.104009
0.038348
-0.032789
-0.118040
-0.249293
-0.345448
-0.327998
-0.212479
-0.068507
0.028345
0.041932
-0.012091
-0.032297
-0.032364
-0.031779
-0.072838
-0.124521
-0.159990
-0.125975
-0.031653
0.056502
0.115511
0.168484
0.262803
0.368880
0.427520
0.454444
0.411363
0.229101
-0.033625
-0.265805
-0.384137
-0.305945
-0.097487
0.093519
0.174314
0.163755
0.095842
0.021246
-0.030641
-0.099356
-0.229077
-0.335677
-0.333722
-0.231026
-0.076282
0.036014
0.054108
-0.000352
-0.025245
-0.028357
-0.036152
-0.074350
-0.125242
-0.160387
-0.115733
-0.020065
0.059228
0.117045
0.165334
0.243644
0.352016
0.425504
0.460822
0.420982
0.251378
-0.023274
-0.269361
-0.384924
-0.306843
-0.101618
0.086306
0.173279
0.162194
0.101415
0.034775
-0.019059
-0.099595
-0.228077
-0.337990
-0.340805
-0.234729
-0.078628
0.034821
0.048009
-0.002178
-0.031966
-0.032263
-0.040040
-0.070617
-0.123020
-0.156341
-0.122109
-0.029914
0.058645
0.117464
0.169195
0.256267
0.358345
0.420812
0.448238
0.401205
0.233350
-0.024897
-0.240535
-0.360390
-0.308007
-0.119944
0.071160
0.168659
0.173148
0.118270
0.030485
-0.039517
-0.120577
-0.220594
-0.318395
-0.320794
-0.239623
-0.085041
0.025316
0.049788
0.005414
-0.035854
-0.044942
-0.048123
-0.064342
-0.120608
-0.149401
-0.121898
-0.026563
0.057077
0.118912
0.156034
0.229630
0.347851
0.410668
0.436326
0.411847
0.264543
0.002064
-0.219956
-0.342166
-0.309880
-0.134126
0.061287
0.156577
0.158467
0.115436
0.038275
-0.027764
-0.095014
-0.196367
-0.310919
-0.326735
-0.248621
-0.105677
0.031530
0.058121
0.001023
-0.052668
-0.065495
-0.062221
-0.058615
-0.081714
-0.124139
-0.120660
-0.058666
0.029258
0.101493
0.167440
0.234207
0.332156
0.393917
0.437414
0.420803
0.282663
0.032022
-0.212692
-0.351395
-0.317213
-0.134896
0.051289
0.152485
0.154940
0.105782
0.036353
-0.015976
-0.080909
-0.189710
-0.309718
-0.331445
-0.259451
-0.108449
0.008414
0.049027
-0.000198
-0.042806
-0.046175
-0.036189
-0.049658
-0.106195
-0.149227
-0.144297
-0.059118
0.029387
0.107999
0.162320
0.248763
0.347852
0.427940
0.475136
0.428024
0.246652
-0.034700
-0.268779
-0.384239
-0.300281
-0.103490
0.085667
0.169854
0.167556
0.109398
0.034965
-0.029482
-0.112007
-0.221147
-0.327416
-0.322632
-0.241827
-0.089966
0.015591
0.053542
0.011450
-0.024145
-0.045399
-0.064995
-0.091928
-0.134408
-0.147533
-0.113434
-0.020977
0.057071
0.121587
0.162116
0.235337
0.329703
0.408207
0.453949
0.412494
0.242070
-0.019452
-0.244663
-0.354801
-0.286121
-0.110136
0.063146
0.146028
0.148521
0.098645
0.039384
-0.020652
-0.100059
-0.222786
-0.326435
-0.326070
-0.235274
-0.077830
0.017434
0.030488
-0.013784
-0.036234
-0.041858
-0.038928
-0.068922
-0.135919
-0.169008
-0.136677
-0.035484
0.059444
0.135790
0.173373
0.252341
0.340429
0.421404
0.472919
0.420495
0.214431
-0.069284
-0.285254
-0.370517
-0.268715
-0.076547
0.085249
0.146997
0.148925
0.102990
0.043644
-0.023547
-0.117697
-0.256050
-0.343342
-0.321074
-0.215773
-0.068074
0.020141
0.034787
-0.014658
-0.027590
-0.031025
-0.039632
-0.083553
-0.138797
-0.170235
-0.131769
-0.033650
0.062724
0.136287
0.187647
0.287860
0.379548
0.435102
0.459970
0.384873
0.165172
-0.100053
-0.295356
-0.367255
-0.252666
-0.048462
0.105531
0.155720
0.149801
0.091063
0.019624
-0.046381
-0.139201
-0.274459
-0.343060
-0.303806
-0.185301
-0.036004
0.037025
0.021522
-0.037150
-0.055535
-0.042876
-0.040779
-0.082609
-0.149757
-0.173555
-0.119323
-0.006523
0.084860
0.153043
0.213588
0.316999
0.386324
0.438148
0.465548
0.357062
0.096127
-0.174103
-0.349788
-0.368276
-0.202892
0.009690
0.141752
0.158932
0.126231
0.056760
-0.002532
-0.059462
-0.154266
-0.289469
-0.349043
-0.300964
-0.169019
-0.029241
0.044320
0.023598
-0.028392
-0.029006
-0.033513
-0.056250
-0.113428
-0.157014
-0.162751
-0.083355
0.013544
0.088132
0.148434
0.215435
0.314708
0.392541
0.448255
0.440715
0.323640
0.079376
-0.179955
-0.355137
-0.359547
-0.193397
0.004839
0.138878
0.169436
0.130004
0.052363
-0.008516
-0.075182
-0.181176
-0.302193
-0.341676
-0.283026
-0.148184
-0.019108
0.044178
0.014692
-0.029660
-0.038253
-0.036630
-0.059053
-0.113889
-0.163093
-0.163106
-0.082068
0.023879
0.112858
0.170567
0.249334
0.345720
0.409595
0.457723
0.441562
0.274274
-0.008955
-0.254015
-0.382666
-0.327646
-0.132904
0.063637
0.154046
0.155688
0.110238
0.042881
-0.019042
-0.091591
-0.210463
-0.329676
-0.346003
-0.265814
-0.123512
0.004511
0.054415
0.013373
-0.024299
-0.031016
-0.050079
-0.084494
-0.133128
-0.165109
-0.144553
-0.051239
0.042672
0.116147
0.170517
0.245177
0.341509
0.416367
0.460891
0.417037
0.248840
-0.014067
-0.250487
-0.373821
-0.308458
-0.120319
0.058290
0.149355
0.157904
0.110030
0.040391
-0.022673
-0.101304
-0.219117
-0.324457
-0.328621
-0.250913
-0.104448
0.007466
0.045226
0.004982
-0.026808
-0.031617
-0.042384
-0.078673
-0.131657
-0.160833
-0.135095
-0.041392
0.050604
0.119025
0.164374
0.241706
0.340588
0.424896
0.479447
0.418386
0.219857
-0.047691
-0.270503
-0.373506
-0.289950
-0.096451
0.061714
0.140093
0.148889
0.107571
0.042756
-0.013330
-0.099159
-0.227815
-0.330214
-0.329633
-0.243751
-0.098570
0.011775
0.036534
0.002433
-0.020465
-0.032319
-0.046031
-0.079587
-0.131428
-0.157245
-0.116250
-0.028600
0.057651
0.128943
0.176708
0.253941
0.350408
0.423114
0.449363
0.389134
0.197394
-0.064533
-0.274835
-0.358558
-0.270945
-0.089180
0.070622
0.142209
0.141823
0.097400
0.038609
-0.021331
-0.103167
-0.225834
-0.332674
-0.328106
-0.242135
-0.090329
0.023060
0.053535
0.000652
-0.040171
-0.050341
-0.051352
-0.065087
-0.114800
-0.151333
-0.128258
-0.028968
0.065275
0.133450
0.171027
0.240619
0.332718
0.412939
0.460797
0.392187
0.197895
-0.066575
-0.262528
-0.348788
-0.259557
-0.081450
0.072499
0.137090
0.137117
0.097085
0.038326
-0.021867
-0.107503
-0.219426
-0.318597
-0.314429
-0.235958
-0.093590
0.009301
0.050370
0.012788
-0.022928
-0.041615
-0.052692
-0.076264
-0.121178
-0.146475
-0.120149
-0.022369
0.068588
0.133433
0.169542
0.239369
0.334673
0.399467
0.430032
0.381203
0.205442
-0.046892
-0.244227
-0.330264
-0.255702
-0.089080
0.063288
0.130745
0.134457
0.092818
0.036057
-0.024502
-0.096849
-0.202137
-0.303864
-0.316616
-0.249769
-0.106233
0.008407
0.050461
0.018192
-0.017894
-0.039645
-0.050655
-0.067192
-0.107086
-0.131783
-0.113471
-0.033328
0.047775
0.111810
0.156913
0.229054
0.333286
0.401076
0.443632
0.403562
0.231601
-0.026858
-0.237647
-0.336641
-0.274814
-0.100790
0.056540
0.135217
0.137011
0.101457
0.043802
-0.009634
-0.085638
-0.191456
-0.305057
-0.324240
-0.257650
-0.112609
0.011400
0.054444
0.023405
-0.019341
-0.039384
-0.051598
-0.065594
-0.106335
-0.139291
-0.126211
-0.040431
0.056497
0.127476
0.167174
0.219822
0.314982
0.392955
0.446798
0.415304
0.253421
-0.017119
-0.245697
-0.357946
-0.288665
-0.103108
0.069518
0.145371
0.140423
0.098384
0.043478
-0.004874
-0.077900
-0.181067
-0.297377
-0.323631
-0.256275
-0.120318
0.017804
0.063300
0.025922
-0.024060
-0.055141
-0.062939
-0.072912
-0.095824
-0.127972
-0.109100
-0.040526
0.050704
0.111495
0.148997
0.176871
0.268107
0.365543
0.430153
0.449631
0.319761
0.060054
-0.205546
-0.332202
-0.313801
-0.150195
0.021629
0.117537
0.123257
0.106522
0.072149
0.022658
-0.047059
-0.148146
-0.271485
-0.329210
-0.275909
-0.162730
-0.032173
0.038289
0.041591
-0.005123
-0.027138
-0.043097
-0.064531
-0.104931
-0.136583
-0.133330
-0.069180
0.034885
0.108701
0.142437
0.154070
0.225074
0.333380
0.414277
0.447717
0.361653
0.140795
-0.118530
-0.280794
-0.318211
-0.206182
-0.037960
0.082090
0.123535
0.119182
0.090325
0.035515
-0.024593
-0.117100
-0.224576
-0.312168
-0.291106
-0.205077
-0.066814
0.025812
0.054126
0.015523
-0.030980
-0.048582
-0.067520
-0.091722
-0.123766
-0.130663
-0.094187
0.003795
0.084458
0.130281
0.150997
0.199957
0.292516
0.368843
0.434479
0.419340
0.247896
-0.029021
-0.257049
-0.349053
-0.267027
-0.078567
0.071226
0.126759
0.110171
0.080806
0.046341
0.011265
-0.063797
-0.174670
-0.298463
-0.327694
-0.257381
-0.121521
0.005501
0.063215
0.036430
-0.016036
-0.042952
-0.057137
-0.081359
-0.117153
-0.141328
-0.117538
-0.027805
0.067140
0.120606
0.131861
0.146832
0.228624
0.345819
0.427001
0.452856
0.316688
0.060123
-0.190838
-0.315676
-0.298876
-0.147478
0.008960
0.091265
0.105646
0.099802
0.074907
0.037960
-0.036139
-0.143545
-0.265139
-0.324888
-0.280838
-0.168944
-0.036555
0.044883
0.046965
-0.006127
-0.034897
-0.049944
-0.068881
-0.107954
-0.137975
-0.135564
-0.069094
0.023372
0.091409
0.128733
0.158560
0.236060
0.338976
0.411876
0.441149
0.343295
0.107351
-0.152695
-0.309359
-0.321910
-0.183251
-0.005862
0.100082
0.118182
0.097910
0.065092
0.024882
-0.025787
-0.112822
-0.222854
-0.312230
-0.295368
-0.210805
-0.072982
0.024801
0.054686
0.011254
-0.030658
-0.059124
-0.073556
-0.090276
-0.126819
-0.143447
-0.102803
0.002421
0.089763
0.138393
0.137113
0.161524
0.267546
0.375587
0.443338
0.409469
0.209570
-0.068651
-0.269940
-0.319346
-0.233821
-0.068819
0.053525
0.095610
0.084504
0.080223
0.056044
0.011375
-0.076384
-0.192133
-0.305932
-0.314694
-0.238203
-0.109361
-0.002898
0.042744
0.013783
-0.031981
-0.042419
-0.058385
-0.075878
-0.121110
-0.139801
-0.119652
-0.026755
0.060302
0.112340
0.131541
0.165596
0.261025
0.360209
0.435710
0.434090
0.265384
-0.012901
-0.248613
-0.345156
-0.276874
-0.099481
0.050771
0.105154
0.097851
0.077342
0.056083
0.025864
-0.048445
-0.161369
-0.287695
-0.329533
-0.267963
-0.143602
-0.020180
0.044012
0.025442
-0.018037
-0.031933
-0.046748
-0.068770
-0.107501
-0.145680
-0.137997
-0.054415
0.043287
0.107683
0.136283
0.161589
0.243046
0.347892
0.425819
0.455950
0.317029
0.046088
-0.223103
-0.343537
-0.304504
-0.135356
0.029615
0.105620
0.104845
0.090713
0.071734
0.036443
-0.031850
-0.144016
-0.271019
-0.336945
-0.278481
-0.158365
-0.032468
0.037237
0.034008
-0.015391
-0.030023
-0.041201
-0.068031
-0.109690
-0.139255
-0.133501
-0.065730
0.030811
0.091154
0.126661
0.162689
0.255159
0.357798
0.433522
0.450267
0.311611
0.058364
-0.192747
-0.323553
-0.310650
-0.154111
0.006363
0.096547
0.116445
0.106785
0.081680
0.036060
-0.033478
-0.144934
-0.248018
-0.317960
-0.279798
-0.184958
-0.055316
0.024055
0.052706
0.010232
-0.036212
-0.056309
-0.078345
-0.107195
-0.140472
-0.131136
-0.082541
0.022264
0.099219
0.137834
0.140807
0.199370
0.313700
0.409504
0.467653
0.382018
0.139338
-0.147427
-0.308527
-0.321141
-0.186491
-0.016017
0.084537
0.101100
0.091202
0.084973
0.055771
-0.001023
-0.108499
-0.224933
-0.318115
-0.297482
-0.197744
-0.075851
0.010943
0.044699
0.011974
-0.024335
-0.040422
-0.058633
-0.094434
-0.126876
-0.134617
-0.094277
-0.003376
0.074608
0.110799
0.126669
0.179216
0.286909
0.389157
0.448033
0.411595
0.225425
-0.037196
-0.242345
-0.323279
-0.251555
-0.090468
0.045715
0.102820
0.109662
0.096759
0.065700
0.018711
-0.059668
-0.171025
-0.283839
-0.318804
-0.248887
-0.134178
0.000518
0.057520
0.037714
-0.014489
-0.047907
-0.065011
-0.077903
-0.096448
-0.126428
-0.106423
-0.040043
0.047207
0.092889
0.132010
0.162698
0.265150
0.380310
0.453057
0.442564
0.290948
0.032267
-0.215653
-0.324541
-0.288143
-0.127181
0.021473
0.109136
0.117454
0.109044
0.084626
0.045209
-0.034679
-0.152458
-0.269491
-0.328836
-0.266494
-0.151869
-0.016149
0.041933
0.049493
-0.002419
-0.031675
-0.048940
-0.064688
-0.100061
-0.135234
-0.129250
-0.068994
0.038885
0.106651
0.145347
0.165117
0.261363
0.358264
0.435023
0.456304
0.336886
0.074061
-0.188892
-0.326551
-0.313984
-0.154652
0.017345
0.113360
0.122173
0.111743
0.081978
0.044931
-0.023453
-0.134587
-0.263811
-0.329034
-0.279475
-0.168831
-0.042934
0.032142
0.042323
-0.005791
-0.028192
-0.037122
-0.049994
-0.094313
-0.128150
-0.134939
-0.082039
0.015569
0.096207
0.140056
0.167934
0.238759
0.327785
0.397728
0.438298
0.368931
0.145916
-0.105007
-0.274342
-0.314741
-0.208586
-0.034585
0.080589
0.112533
0.108355
0.078751
0.043498
-0.007313
-0.093504
-0.229289
-0.324187
-0.303679
-0.203788
-0.068765
0.027851
0.045458
0.002573
-0.024410
-0.034743
-0.047837
-0.082107
-0.125870
-0.145853
-0.102765
-0.009539
0.070722
0.124877
0.162900
0.233134
0.325868
0.396875
0.442482
0.398274
0.206729
-0.058032
-0.255807
-0.337147
-0.256946
-0.079760
0.064817
0.121380
0.123659
0.094168
0.047205
-0.003134
-0.082909
-0.210298
-0.322641
-0.320784
-0.230770
-0.099803
0.011897
0.049536
0.011866
-0.017061
-0.025202
-0.044125
-0.087888
-0.134166
-0.157481
-0.114221
-0.015781
0.070949
0.116153
0.147163
0.206815
0.301001
0.379624
0.430416
0.417058
0.271048
0.021940
-0.198529
-0.319891
-0.288523
-0.133284
0.026015
0.105297
0.123742
0.101934
0.058983
0.009420
-0.056849
-0.175430
-0.298602
-0.331059
-0.270554
-0.149819
-0.019088
0.045384
0.026250
-0.006199
-0.017139
-0.032142
-0.065299
-0.105716
-0.151677
-0.142642
-0.073303
0.025858
0.101327
0.155062
0.204206
0.287133
0.358882
0.400634
0.420031
0.325852
0.104672
-0.143667
-0.304333
-0.329971
-0.194273
-0.009687
0.106658
0.128158
0.103316
0.058193
0.011396
-0.038336
-0.146953
-0.281221
-0.334722
-0.286630
-0.165963
-0.040954
0.034267
0.016948
-0.017198
-0.020108
-0.020977
-0.052681
-0.105286
-0.162073
-0.165487
-0.086535
0.020086
0.105802
0.157044
0.205016
0.270423
0.347325
0.408164
0.444872
0.360229
0.130068
-0.123472
-0.303721
-0.340847
-0.214586
-0.024168
0.090567
0.122967
0.107062
0.067673
0.021811
-0.031700
-0.139291
-0.279814
-0.338742
-0.298208
-0.177998
-0.059352
0.020632
0.001992
-0.022189
-0.019379
-0.011275
-0.036213
-0.091472
-0.152917
-0.175973
-0.104855
0.007576
0.100592
0.147390
0.193721
0.260935
0.340280
0.392492
0.429670
0.374011
0.180153
-0.066165
-0.260732
-0.337940
-0.253537
-0.072439
0.067840
0.122298
0.111751
0.066823
0.020007
-0.023092
-0.120260
-0.258722
-0.329148
-0.304345
-0.197743
-0.075990
0.004489
-0.012006
-0.030592
-0.018033
-0.002257
-0.024232
-0.083058
-0.152094
-0.175776
-0.108634
-0.006710
0.084251
0.139653
0.197031
0.279923
0.357793
0.404111
0.432468
0.378585
0.178636
-0.075619
-0.280461
-0.356332
-0.262121
-0.067497
0.083346
0.136315
0.121755
0.068734
0.020575
-0.029603
-0.123488
-0.269548
-0.338525
-0.312594
-0.194409
-0.069786
0.010461
-0.000884
-0.023935
-0.013512
-0.011177
-0.037277
-0.095606
-0.150737
-0.172992
-0.099785
-0.004242
0.076246
0.130050
0.186535
0.270394
0.350146
0.403968
0.435953
0.373297
0.190986
-0.053738
-0.255622
-0.346570
-0.262925
-0.083184
0.063917
0.128098
0.120741
0.075641
0.025119
-0.021298
-0.126345
-0.259523
-0.329165
-0.302512
-0.202281
-0.076002
0.004567
-0.006299
-0.022140
-0.010002
-0.002337
-0.037105
-0.091767
-0.159456
-0.177758
-0.107269
0.002215
0.081965
0.140432
0.201625
0.290123
0.363896
0.412930
0.428739
0.360996
0.177519
-0.067419
-0.269900
-0.349184
-0.259025
-0.079420
0.076110
0.144071
0.129629
0.071638
0.016846
-0.033243
-0.137999
-0.264133
-0.323893
-0.295972
-0.194904
-0.070101
0.008281
-0.010123
-0.019869
-0.017387
-0.016525
-0.040828
-0.085835
-0.148619
-0.168390
-0.105848
-0.014133
0.074773
0.142807
0.224865
0.316416
0.377451
0.417659
0.412396
0.330644
0.140474
-0.081004
-0.274250
-0.341087
-0.244115
-0.060595
0.092406
0.153518
0.133531
0.061464
0.010250
-0.046547
-0.140053
-0.266639
-0.320850
-0.295450
-0.179688
-0.063651
0.011690
-0.002224
-0.016088
-0.012330
-0.011508
-0.035161
-0.089066
-0.149479
-0.165568
-0.096200
-0.000516
0.098512
0.162109
0.235759
0.320481
0.382089
0.422235
0.417372
0.317831
0.096772
-0.137296
-0.311992
-0.338084
-0.206435
-0.013607
0.117351
0.156632
0.123859
0.056557
0.001762
-0.054051
-0.156869
-0.280313
-0.326654
-0.279709
-0.163088
-0.044816
0.024161
0.003275
-0.018135
-0.025029
-0.018559
-0.044605
-0.096013
-0.148209
-0.146597
-0.074638
0.017272
0.101608
0.159649
0.226131
0.313653
0.378276
0.421171
0.432334
0.324844
0.088325
-0.155795
-0.312884
-0.333613
-0.193285
-0.005694
0.111367
0.144137
0.125925
0.072047
0.019367
-0.045371
-0.161594
-0.301586
-0.335117
-0.274400
-0.136870
-0.028957
0.022881
-0.005108
-0.034705
-0.023042
-0.010446
-0.026509
-0.090322
-0.140436
-0.155514
-0.078169
0.020001
0.111588
0.161028
0.216477
0.300125
0.367164
0.416409
0.426867
0.315027
0.078280
-0.153108
-0.293754
-0.308650
-0.176126
-0.007306
0.096794
0.123712
0.114478
0.071062
0.024574
-0.038278
-0.152225
-0.289487
-0.335563
-0.276692
-0.146437
-0.026890
0.041829
0.009128
-0.029802
-0.030353
-0.034402
-0.055235
-0.102722
-0.138110
-0.142786
-0.060687
0.032234
0.111571
0.154063
0.216410
0.301984
0.377059
0.423813
0.404368
0.283945
0.053773
-0.149919
-0.286714
-0.287141
-0.169259
-0.004905
0.089165
0.126039
0.116617
0.069453
0.017254
-0.055283
-0.155675
-0.282227
-0.314661
-0.267627
-0.147628
-0.039526
0.024505
-0.005301
-0.028545
-0.021747
-0.024068
-0.041837
-0.090659
-0.136973
-0.144527
-0.057555
0.028749
0.104200
0.146750
0.208652
0.296846
0.380498
0.428506
0.413909
0.286667
0.053407
-0.164557
-0.300375
-0.298844
-0.168658
-0.005555
0.099988
0.133266
0.121716
0.072820
0.019740
-0.053634
-0.156226
-0.277538
-0.318667
-0.274100
-0.150620
-0.034299
0.036034
0.020353
-0.021784
-0.030477
-0.027855
-0.042618
-0.087855
-0.132954
-0.148748
-0.069757
0.036144
0.121146
0.154933
0.192491
0.269749
0.346735
0.406900
0.428031
0.328233
0.098912
-0.142767
-0.292148
-0.307140
-0.176258
-0.009368
0.087662
0.116463
0.112525
0.080137
0.035537
-0.023714
-0.129937
-0.259263
-0.323102
-0.279842
-0.173837
-0.032404
0.031906
0.030343
-0.021954
-0.044774
-0.054329
-0.055859
-0.077623
-0.115976
-0.118013
-0.066820
0.031433
0.096377
0.146150
0.168725
0.243903
0.330568
0.418890
0.459013
0.371109
0.137856
-0.123723
-0.290287
-0.319477
-0.193250
-0.029105
0.081654
0.110356
0.113287
0.091318
0.058786
-0.002963
-0.112459
-0.251990
-0.330750
-0.293276
-0.185962
-0.056230
0.029397
0.038555
-0.012148
-0.025980
-0.040439
-0.055884
-0.079881
-0.109237
-0.122833
-0.079755
0.005745
0.076264
0.126585
0.158516
0.224669
0.316755
0.389797
0.425156
0.382707
0.203171
-0.049817
-0.237525
-0.307992
-0.237378
-0.082476
0.053770
0.110542
0.112667
0.092811
0.057016
0.004168
-0.085109
-0.209216
-0.311845
-0.305501
-0.216590
-0.085262
0.005566
0.040449
-0.011011
-0.026097
-0.024597
-0.031402
-0.067185
-0.111577
-0.139737
-0.113875
-0.012855
0.071461
0.136428
0.167005
0.238018
0.311736
0.389027
0.435464
0.393134
0.203429
-0.051948
-0.244008
-0.323611
-0.240319
-0.081380
0.054035
0.107276
0.121645
0.096366
0.057363
0.008251
-0.080230
-0.205376
-0.312933
-0.314930
-0.240114
-0.096132
0.005509
0.030404
0.001076
-0.022862
-0.031337
-0.037060
-0.057112
-0.113219
-0.135398
-0.105291
-0.018561
0.058493
0.119602
0.152512
0.206614
0.304753
0.381379
0.422743
0.389612
0.221786
-0.027134
-0.213817
-0.297644
-0.251457
-0.102550
0.035325
0.092433
0.101183
0.092565
0.053510
0.003988
-0.073075
-0.186619
-0.298870
-0.307406
-0.237534
-0.115870
-0.019202
0.028431
-0.006737
-0.023720
-0.025249
-0.036054
-0.061807
-0.101891
-0.133267
-0.120526
-0.030241
0.049330
0.105089
0.138353
0.197982
0.283526
0.367143
0.413978
0.401222
0.252684
0.007380
-0.196519
-0.297596
-0.262975
-0.125255
0.015121
0.082695
0.102778
0.090593
0.057032
0.012946
-0.056297
-0.171710
-0.291971
-0.314563
-0.256389
-0.132116
-0.024420
0.014031
-0.000193
-0.029373
-0.029809
-0.037596
-0.047988
-0.096354
-0.130077
-0.126878
-0.054186
0.031015
0.097840
0.142410
0.194634
0.295534
0.373886
0.423516
0.395851
0.243227
0.002533
-0.189151
-0.292455
-0.273976
-0.135826
0.006718
0.083517
0.107788
0.105915
0.061404
0.009564
-0.067787
-0.189615
-0.305240
-0.313266
-0.248202
-0.128133
-0.025841
0.019238
-0.003365
-0.033398
-0.043294
-0.051272
-0.063083
-0.106714
-0.135912
-0.124002
-0.036818
0.042337
0.105247
0.136834
0.192089
0.288641
0.380552
0.429608
0.393985
0.238527
-0.006062
-0.201416
-0.305060
-0.270175
-0.132778
0.008289
0.081736
0.103963
0.095113
0.053965
0.002888
-0.073580
-0.194115
-0.306835
-0.315246
-0.248744
-0.130492
-0.036073
0.014544
-0.016296
-0.030358
-0.032192
-0.031846
-0.058295
-0.108292
-0.150136
-0.137592
-0.046346
0.039472
0.109793
0.146929
0.192969
0.266018
0.343254
0.388322
0.392851
0.277255
0.054833
-0.158130
-0.279254
-0.280573
-0.161292
-0.015812
0.065484
0.092380
0.084265
0.056955
0.010425
-0.054507
-0.183216
-0.296087
-0.318645
-0.252634
-0.126758
-0.034118
-0.002914
-0.033765
-0.044828
-0.029183
-0.015241
-0.047037
-0.116659
-0.170521
-0.157448
-0.061428
0.039617
0.114625
0.155357
0.211319
0.289676
0.352443
0.403522
0.407835
0.277459
0.036998
-0.175004
-0.302370
-0.294850
-0.158314
-0.004910
0.075375
0.100430
0.090250
0.054660
0.009503
-0.061600
-0.200377
-0.315747
-0.331337
-0.251440
-0.126976
-0.031905
-0.000780
-0.040807
-0.038811
-0.030482
-0.025582
-0.064501
-0.113202
-0.162927
-0.136341
-0.052431
0.032106
0.093293
0.148228
0.223924
0.309589
0.376043
0.408495
0.386092
0.247023
0.032762
-0.174747
-0.296945
-0.296375
-0.158388
-0.007825
0.090555
0.116635
0.090499
0.042816
-0.010287
-0.085797
-0.221236
-0.308753
-0.317484
-0.225562
-0.120315
-0.029659
-0.019254
-0.038833
-0.026819
-0.014720
-0.025794
-0.078455
-0.136063
-0.179353
-0.130140
-0.037241
0.058418
0.117721
0.173110
0.236505
0.307593
0.353390
0.401191
0.378269
0.235500
0.017751
-0.187870
-0.302908
-0.281126
-0.133586
0.007141
0.092633
0.107148
0.078965
0.027644
-0.010314
-0.099090
-0.224321
-0.307868
-0.302112
-0.224482
-0.120174
-0.028843
-0.017673
-0.020157
-0.012854
-0.001991
-0.032993
-0.081506
-0.141131
-0.166305
-0.115190
-0.021521
0.061643
0.119522
0.176947
0.250372
0.337505
0.372946
0.390165
0.346656
0.227577
0.017583
-0.172178
-0.286468
-0.273912
-0.141814
0.006262
0.099938
0.115989
0.094770
0.037965
-0.018363
-0.120655
-0.240307
-0.304343
-0.284191
-0.185324
-0.092990
-0.033789
-0.031595
-0.029557
-0.019150
-0.001113
-0.022320
-0.087661
-0.147425
-0.157692
-0.099433
-0.014323
0.072607
0.119310
0.176312
0.267015
0.350156
0.376273
0.389565
0.353595
0.225930
0.013709
-0.177862
-0.302718
-0.281183
-0.130168
0.027533
0.117286
0.131035
0.089967
0.026941
-0.021315
-0.118592
-0.236433
-0.305877
-0.279576
-0.201316
-0.091402
-0.010995
-0.007785
-0.017101
-0.009236
-0.000985
-0.036092
-0.084909
-0.141483
-0.150444
-0.098838
-0.018375
0.055502
0.126851
0.212259
0.301386
0.354120
0.368645
0.381197
0.342557
0.236412
0.020770
-0.176260
-0.300742
-0.276210
-0.128019
0.037125
0.132310
0.135983
0.088744
0.021525
-0.032567
-0.127526
-0.219495
-0.279432
-0.264421
-0.196589
-0.091949
-0.020233
-0.007940
-0.000979
0.000753
-0.008199
-0.049642
-0.092693
-0.142013
-0.139372
-0.089638
-0.013186
0.066394
0.144052
0.218816
0.289531
0.341814
0.361043
0.377555
0.344372
0.239823
0.034434
-0.172368
-0.301043
-0.276570
-0.124030
0.038104
0.131857
0.131365
0.082467
0.020453
-0.022111
-0.111586
-0.218815
-0.290467
-0.271820
-0.196365
-0.089762
-0.018608
-0.014014
-0.006439
-0.000256
0.001670
-0.041042
-0.088091
-0.145920
-0.139061
-0.084741
-0.000288
0.072112
0.142725
0.215415
0.296386
0.342220
0.354180
0.379749
0.347179
0.236524
0.026689
-0.165243
-0.291273
-0.265024
-0.117448
0.040096
0.124223
0.123767
0.080173
0.024046
-0.018656
-0.110334
-0.212674
-0.283803
-0.270428
-0.182181
-0.080448
-0.001436
-0.014838
-0.025118
-0.025875
-0.008612
-0.033816
-0.082140
-0.138941
-0.148061
-0.088239
-0.003828
0.070207
0.122964
0.195263
0.284102
0.351567
0.361102
0.361877
0.339842
0.261293
0.077596
-0.126504
-0.281531
-0.294077
-0.162236
0.014945
0.127348
0.141829
0.094308
0.030612
-0.015372
-0.088242
-0.198070
-0.277918
-0.275688
-0.197904
-0.076235
-0.004229
-0.016358
-0.046903
-0.041465
-0.024171
-0.024102
-0.058442
-0.116392
-0.140798
-0.102581
-0.026175
0.048443
0.116881
0.182596
0.275701
0.341383
0.372807
0.382712
0.346910
0.256888
0.068343
-0.126413
-0.281562
-0.285292
-0.161442
0.007810
0.116999
0.141518
0.102088
0.038372
-0.006326
-0.085407
-0.191113
-0.277657
-0.290165
-0.226837
-0.113093
-0.020014
-0.002833
-0.008573
-0.017028
-0.013863
-0.029620
-0.063645
-0.126841
-0.151187
-0.112403
-0.030210
0.059287
0.136023
0.206169
0.277912
0.332008
0.360350
0.382428
0.339807
0.225188
0.016880
-0.175170
-0.297330
-0.261005
-0.119285
0.038349
0.120236
0.123614
0.083450
0.031140
-0.012732
-0.101644
-0.214361
-0.294045
-0.286219
-0.202504
-0.087907
-0.009345
-0.003143
-0.017918
-0.011867
-0.001253
-0.018499
-0.067825
-0.135188
-0.156201
-0.113137
-0.019098
0.070796
0.141883
0.197036
0.278444
0.337468
0.368410
0.401478
0.352006
0.190809
-0.037995
-0.208704
-0.300884
-0.247581
-0.092662
0.050878
0.117946
0.126595
0.093211
0.029536
-0.024466
-0.118147
-0.242858
-0.307283
-0.276486
-0.183758
-0.079461
-0.001774
-0.012498
-0.037176
-0.028385
-0.010422
-0.018672
-0.054031
-0.113344
-0.157324
-0.118482
-0.022438
0.071819
0.138515
0.201682
0.278692
0.351968
0.389926
0.386283
0.310514
0.157232
-0.047443
-0.213131
-0.289850
-0.230520
-0.086349
0.049179
0.119168
0.126749
0.085102
0.027906
-0.032465
-0.134332
-0.248253
-0.294879
-0.262022
-0.164310
-0.073918
-0.009319
-0.009825
-0.011620
-0.012014
-0.010347
-0.043586
-0.095054
-0.137322
-0.135222
-0.077270
0.007165
0.087854
0.155527
0.224731
0.296224
0.337949
0.365330
0.382883
0.314784
0.140501
-0.080511
-0.244941
-0.306687
-0.212411
-0.044554
0.081633
0.124878
0.109572
0.067118
0.017912
-0.030109
-0.128869
-0.252893
-0.306908
-0.267768
-0.161017
-0.048207
0.015147
-0.014357
-0.036353
-0.029477
-0.014075
-0.026025
-0.067529
-0.128480
-0.145805
-0.080248
0.013652
0.095431
0.154521
0.220069
0.300483
0.365493
0.394621
0.390574
0.295180
0.098883
-0.117408
-0.260857
-0.296655
-0.192816
-0.030928
0.089612
0.132681
0.120849
0.075357
0.017344
-0.045158
-0.151089
-0.265131
-0.303908
-0.259790
-0.145229
-0.035722
0.010696
-0.009094
-0.029503
-0.026612
-0.021042
-0.030615
-0.079679
-0.125493
-0.129288
-0.064434
0.017245
0.098458
0.152112
0.204970
0.283974
0.355331
0.388747
0.389573
0.298949
0.092610
-0.130702
-0.273226
-0.296665
-0.185256
-0.022747
0.082027
0.115923
0.106113
0.069729
0.018819
-0.039460
-0.153695
-0.277585
-0.316069
-0.255956
-0.148739
-0.050669
0.007003
-0.005122
-0.017565
-0.011378
-0.009274
-0.048308
-0.096971
-0.140562
-0.137514
-0.063758
0.033218
0.100034
0.140792
0.196065
0.270965
0.339363
0.379093
0.376294
0.285721
0.102298
-0.107538
-0.255037
-0.296205
-0.201525
-0.050225
0.066586
0.114013
0.113385
0.070683
0.017908
-0.045644
-0.155542
-0.274683
-0.307294
-0.258643
-0.147317
-0.047797
-0.006225
-0.015347
-0.029338
-0.022128
-0.023942
-0.036816
-0.088058
-0.131966
-0.137952
-0.074734
0.012120
0.093638
0.150349
0.205449
0.281588
0.336370
0.376968
0.392159
0.292842
0.088786
-0.126330
-0.267305
-0.305033
-0.194831
-0.033804
0.071746
0.107383
0.103883
0.061657
0.014910
-0.039652
-0.152734
-0.283496
-0.321855
-0.269401
-0.157053
-0.054665
0.001489
-0.012647
-0.025541
-0.018763
-0.019178
-0.047076
-0.096075
-0.135000
-0.135316
-0.062133
0.019766
0.090751
0.132111
0.183323
0.263863
0.338828
0.383350
0.393181
0.311501
0.111639
-0.111420
-0.267200
-0.303504
-0.208321
-0.046635
0.065873
0.106427
0.104589
0.070670
0.022448
-0.041535
-0.150786
-0.276786
-0.319071
-0.265985
-0.156052
-0.060199
-0.002917
-0.012354
-0.024257
-0.011290
-0.001299
-0.025899
-0.081686
-0.139584
-0.159105
-0.090730
0.007472
0.090696
0.141806
0.194843
0.261227
0.325452
0.365949
0.379213
0.312611
0.151939
-0.067867
-0.242407
-0.312022
-0.234162
-0.076239
0.060238
0.118147
0.111722
0.071137
0.019915
-0.031692
-0.134824
-0.255331
-0.311693
-0.275555
-0.168234
-0.066214
-0.001564
-0.004037
-0.019834
