-0.038508
0.107351
0.115323
0.067767
-0.023920
-0.058852
-0.081333
-0.119161
-0.134306
-0.111615
-0.038756
0.060712
0.084612
0.079669
0.078773
0.116426
0.223811
0.313295
0.408435
0.246464
-0.145697
-0.415499
-0.447938
-0.198454
0.128983
0.242082
0.248163
0.113875
0.020709
-0.037849
-0.177104
-0.276661
-0.269968
-0.174634
0.010563
0.105600
0.093727
0.040009
-0.030924
-0.053578
-0.087201
-0.133085
-0.135808
-0.099002
-0.006496
0.079030
0.079551
0.082536
0.088075
0.155516
0.260451
0.357077
0.387154
0.109938
-0.276132
-0.463924
-0.397041
-0.068479
0.204134
0.266097
0.214469
0.058603
-0.005231
-0.090811
-0.228880
-0.288428
-0.246901
-0.115965
0.053809
0.103482
0.078343
0.005338
-0.045295
-0.059102
-0.097496
-0.128912
-0.126984
-0.079913
0.019360
0.087718
0.099598
0.114741
0.129409
0.223206
0.295182
0.388243
0.262202
-0.125077
-0.415518
-0.457194
-0.222823
0.135320
0.251501
0.247904
0.102604
-0.006387
-0.041765
-0.168241
-0.272650
-0.270653
-0.193677
-0.020626
0.089662
0.080924
0.037497
-0.028542
-0.037501
-0.060252
-0.111752
-0.139798
-0.118788
-0.037193
0.083581
0.106890
0.135886
0.141188
0.210008
0.278231
0.379204
0.318570
-0.050470
-0.390341
-0.486826
-0.298451
0.086122
0.265675
0.276321
0.142597
-0.011802
-0.037777
-0.157018
-0.260755
-0.278284
-0.217567
-0.061972
0.087898
0.085768
0.055005
-0.030677
-0.037213
-0.050994
-0.094143
-0.129685
-0.117101
-0.065803
0.068744
0.100421
0.141985
0.149140
0.221101
0.270446
0.361896
0.321107
0.002460
-0.353158
-0.473685
-0.328505
0.044560
0.248744
0.283529
0.155942
-0.002914
-0.046810
-0.136657
-0.242598
-0.264562
-0.219271
-0.084750
0.060554
0.081378
0.054273
-0.014619
-0.033608
-0.041362
-0.085024
-0.120066
-0.113217
-0.070135
0.049193
0.100318
0.141009
0.158977
0.223688
0.276300
0.356099
0.328075
0.013524
-0.335071
-0.466902
-0.330579
0.027670
0.241273
0.279931
0.167396
0.000768
-0.043157
-0.124139
-0.226242
-0.267653
-0.231048
-0.102102
0.056561
0.092777
0.065142
-0.010316
-0.037956
-0.040799
-0.075698
-0.114458
-0.115226
-0.068644
0.052610
0.116741
0.160000
0.179164
0.234837
0.275396
0.366005
0.297329
-0.051830
-0.366950
-0.465838
-0.275250
0.092048
0.259524
0.278271
0.137580
-0.021274
-0.054035
-0.159755
-0.240388
-0.242127
-0.196178
-0.054855
0.066456
0.076521
0.052690
-0.018663
-0.033659
-0.036377
-0.077358
-0.098057
-0.103830
-0.054042
0.059991
0.121137
0.175907
0.205397
0.252508
0.287529
0.373378
0.249070
-0.110173
-0.404618
-0.461864
-0.211214
0.152155
0.295266
0.280093
0.091182
-0.042022
-0.081401
-0.175904
-0.233334
-0.231902
-0.175052
-0.027344
0.075091
0.080759
0.039821
-0.026353
-0.030340
-0.041797
-0.083140
-0.102855
-0.102413
-0.026888
0.083440
0.146270
0.190083
0.217551
0.252794
0.298893
0.367153
0.155688
-0.204596
-0.444598
-0.415248
-0.097755
0.218577
0.301873
0.238257
0.028639
-0.050118
-0.099801
-0.195713
-0.240763
-0.225683
-0.140555
0.020390
0.088230
0.078175
0.016496
-0.037923
-0.032220
-0.047962
-0.089124
-0.102252
-0.093439
0.008703
0.110494
0.168556
0.206727
0.239759
0.258808
0.334374
0.325716
0.014513
-0.315489
-0.470256
-0.318482
0.043348
0.265740
0.295083
0.168224
-0.022437
-0.054025
-0.143631
-0.223158
-0.244628
-0.204964
-0.076969
0.065071
0.086049
0.063038
-0.018815
-0.039527
-0.039572
-0.061127
-0.091450
-0.096949
-0.066633
0.047221
0.112260
0.171718
0.198794
0.247916
0.276619
0.379423
0.254523
-0.100230
-0.402313
-0.463937
-0.219603
0.140108
0.287597
0.279841
0.091224
-0.031137
-0.070145
-0.169426
-0.245273
-0.248592
-0.181948
-0.025014
0.083002
0.086407
0.035450
-0.033451
-0.040112
-0.045324
-0.076025
-0.098327
-0.098775
-0.039556
0.063567
0.123443
0.179025
0.212768
0.255580
0.283062
0.360574
0.161725
-0.177589
-0.425164
-0.419752
-0.132251
0.185987
0.279023
0.247508
0.040918
-0.034878
-0.096202
-0.193360
-0.249302
-0.226805
-0.128724
0.014994
0.059916
0.058687
0.002337
-0.029488
-0.027434
-0.045859
-0.085571
-0.104041
-0.088991
-0.005263
0.064740
0.121047
0.171257
0.226883
0.269906
0.322941
0.351679
0.082555
-0.258771
-0.454380
-0.381657
-0.052511
0.221261
0.283548
0.215599
0.015493
-0.035920
-0.117347
-0.217424
-0.258768
-0.215647
-0.095375
0.048322
0.059429
0.047247
-0.016882
-0.031536
-0.026282
-0.056332
-0.096126
-0.103992
-0.084440
0.017406
0.069206
0.130050
0.173985
0.231483
0.269246
0.348164
0.314976
0.014673
-0.315896
-0.465054
-0.330194
0.013457
0.242216
0.287922
0.171037
-0.000793
-0.048468
-0.145133
-0.226344
-0.252271
-0.195785
-0.062412
0.061019
0.054044
0.033630
-0.028903
-0.026667
-0.032575
-0.071716
-0.103583
-0.098336
-0.062028
0.042328
0.070406
0.127590
0.164317
0.235679
0.276277
0.364103
0.294545
-0.038678
-0.365843
-0.468284
-0.293250
0.073439
0.259826
0.277157
0.128382
-0.025358
-0.053024
-0.146415
-0.233696
-0.251086
-0.189492
-0.038211
0.086520
0.055626
0.007311
-0.053701
-0.035396
-0.022339
-0.066740
-0.112372
-0.106005
-0.061053
0.054408
0.076250
0.115852
0.152362
0.230465
0.282681
0.379328
0.273880
-0.065675
-0.378224
-0.458674
-0.260944
0.085832
0.245917
0.263131
0.116302
-0.006845
-0.043347
-0.155015
-0.242708
-0.257193
-0.181414
-0.021756
0.097084
0.060709
0.001253
-0.064060
-0.040357
-0.031910
-0.067140
-0.109082
-0.099558
-0.052300
0.058594
0.070278
0.109820
0.143216
0.228058
0.287019
0.377387
0.269875
-0.061488
-0.372241
-0.442149
-0.257018
0.080288
0.233611
0.252678
0.117788
0.000999
-0.041285
-0.149139
-0.241134
-0.251034
-0.179061
-0.035252
0.070591
0.070577
0.029002
-0.036169
-0.040372
-0.049274
-0.080145
-0.106213
-0.098191
-0.046852
0.048866
0.085611
0.133497
0.162241
0.228514
0.278672
0.364356
0.240242
-0.100560
-0.387571
-0.433462
-0.207133
0.121409
0.246331
0.239084
0.086826
-0.015926
-0.049258
-0.153115
-0.234488
-0.238664
-0.157308
-0.002655
0.091146
0.056697
-0.004511
-0.066628
-0.041855
-0.031371
-0.061529
-0.095906
-0.096933
-0.044827
0.053384
0.072229
0.117565
0.140409
0.226709
0.289216
0.381473
0.262620
-0.086293
-0.380854
-0.437495
-0.235897
0.107175
0.241411
0.252833
0.107930
-0.005359
-0.041999
-0.149388
-0.233124
-0.239435
-0.168689
-0.009299
0.104542
0.084216
0.017254
-0.070640
-0.062970
-0.046565
-0.060288
-0.082680
-0.087107
-0.045712
0.052638
0.072029
0.109853
0.125785
0.201761
0.278507
0.378880
0.304439
-0.024022
-0.345259
-0.437000
-0.268993
0.063847
0.222670
0.243647
0.129190
0.018797
-0.009530
-0.114527
-0.219589
-0.254388
-0.191265
-0.037521
0.096215
0.090358
0.037151
-0.048609
-0.055458
-0.048313
-0.064552
-0.092581
-0.091284
-0.054823
0.046934
0.069484
0.106155
0.122532
0.194571
0.271178
0.371761
0.329684
0.025737
-0.314797
-0.439019
-0.301964
0.028259
0.217350
0.249836
0.151887
0.031753
-0.003423
-0.101757
-0.214143
-0.260104
-0.205939
-0.054399
0.078911
0.086867
0.050276
-0.027442
-0.037864
-0.044480
-0.075876
-0.103959
-0.102247
-0.053233
0.047122
0.073356
0.103225
0.121458
0.188173
0.263644
0.354949
0.348625
0.055798
-0.291623
-0.438716
-0.329585
-0.000248
0.217796
0.254442
0.172842
0.024205
-0.007415
-0.090618
-0.201813
-0.249193
-0.207003
-0.077561
0.068042
0.078161
0.050383
-0.018642
-0.030829
-0.030259
-0.067172
-0.107802
-0.109790
-0.068434
0.043140
0.082105
0.111883
0.131263
0.182764
0.261407
0.352004
0.358773
0.065595
-0.286290
-0.441708
-0.336621
-0.007679
0.215717
0.250591
0.180541
0.028078
-0.000602
-0.090518
-0.202431
-0.251595
-0.212963
-0.082117
0.078729
0.096869
0.054095
-0.028991
-0.051885
-0.036829
-0.058721
-0.094512
-0.102292
-0.076950
0.026175
0.071986
0.090252
0.111589
0.161512
0.251500
0.337821
0.383078
0.141792
-0.224302
-0.428783
-0.378443
-0.082747
0.178221
0.242154
0.205999
0.057003
0.017796
-0.059148
-0.180258
-0.254785
-0.234087
-0.118098
0.053695
0.106707
0.075882
-0.007953
-0.057174
-0.056914
-0.065941
-0.089972
-0.091865
-0.076937
0.001859
0.060909
0.081526
0.108267
0.146129
0.230254
0.318491
0.391597
0.204382
-0.161890
-0.410675
-0.413035
-0.147795
0.146642
0.240096
0.223465
0.082315
0.021636
-0.037229
-0.160876
-0.247898
-0.251913
-0.151323
0.026612
0.115377
0.091818
0.009033
-0.055189
-0.057000
-0.067361
-0.087185
-0.102375
-0.086354
-0.016895
0.057642
0.077282
0.095819
0.115226
0.198709
0.277047
0.382024
0.311792
-0.034634
-0.343064
-0.443042
-0.267326
0.061833
0.218447
0.250765
0.138832
0.025748
-0.003165
-0.121250
-0.221902
-0.255504
-0.202084
-0.042942
0.093026
0.112304
0.061807
-0.037539
-0.062957
-0.075291
-0.091718
-0.102754
-0.093193
-0.039696
0.051087
0.072258
0.090439
0.097688
0.166282
0.262335
0.371832
0.370372
0.066458
-0.293110
-0.451491
-0.340265
-0.013863
0.204464
0.247723
0.173006
0.042236
0.011173
-0.081915
-0.201686
-0.264762
-0.230506
-0.090973
0.074184
0.117872
0.081385
-0.014494
-0.058205
-0.065577
-0.085523
-0.112817
-0.115140
-0.071200
0.035851
0.088146
0.098640
0.092658
0.124604
0.225725
0.333566
0.397302
0.173527
-0.206782
-0.424451
-0.392347
-0.108656
0.161993
0.233761
0.207224
0.074887
0.022842
-0.043555
-0.177164
-0.258509
-0.253794
-0.143455
0.033089
0.115497
0.102785
0.020443
-0.053248
-0.064091
-0.090823
-0.109452
-0.112747
-0.082823
0.003350
0.071732
0.084074
0.092728
0.098756
0.190118
0.288612
0.400336
0.305468
-0.056017
-0.366365
-0.449844
-0.257202
0.075119
0.223903
0.246144
0.130760
0.029429
-0.006874
-0.124115
-0.231324
-0.264470
-0.206078
-0.038670
0.096936
0.119000
0.066447
-0.030889
-0.063723
-0.085934
-0.109396
-0.117580
-0.101779
-0.032093
0.065336
0.087073
0.093828
0.082888
0.149876
0.250868
0.369348
0.376351
0.071653
-0.290875
-0.451948
-0.346864
-0.015744
0.200487
0.248528
0.174935
0.040224
0.007047
-0.080451
-0.202332
-0.262114
-0.237006
-0.099715
0.055588
0.094003
0.071907
0.001302
-0.033041
-0.043949
-0.091733
-0.128331
-0.130732
-0.078354
0.036289
0.084079
0.100256
0.107111
0.151074
0.248399
0.334775
0.373452
0.119338
-0.245160
-0.436366
-0.371498
-0.071405
0.183302
0.235810
0.197152
0.050765
0.009779
-0.064388
-0.188493
-0.264658
-0.244570
-0.130417
0.035939
0.083857
0.068829
0.006093
-0.029517
-0.036228
-0.072428
-0.120442
-0.130491
-0.099692
0.015988
0.087792
0.115591
0.127998
0.158371
0.231227
0.316594
0.375115
0.142070
-0.223272
-0.437855
-0.395014
-0.090315
0.190652
0.256642
0.212615
0.041977
-0.005388
-0.071721
-0.187148
-0.249575
-0.237289
-0.132749
0.029335
0.079877
0.069855
0.007115
-0.033052
-0.035202
-0.070648
-0.109346
-0.117651
-0.096862
-0.001185
0.066724
0.098748
0.126137
0.154565
0.228982
0.301211
0.375965
0.192679
-0.174953
-0.413864
-0.415093
-0.149697
0.158808
0.246870
0.229768
0.070522
-0.002192
-0.048854
-0.167842
-0.245754
-0.241007
-0.159673
0.000815
0.073971
0.071715
0.029384
-0.021570
-0.029241
-0.060288
-0.108570
-0.116807
-0.100203
-0.009363
0.073718
0.107850
0.145590
0.173837
0.233493
0.316503
0.378652
0.160486
-0.212644
-0.451715
-0.408190
-0.106649
0.198756
0.276678
0.222512
0.044482
-0.017314
-0.074273
-0.179693
-0.247851
-0.233529
-0.137870
0.021565
0.078208
0.068774
0.009461
-0.024989
-0.027279
-0.055299
-0.107129
-0.118193
-0.101838
-0.000713
0.072214
0.110768
0.139685
0.171126
0.230918
0.311433
0.375290
0.163477
-0.209831
-0.436325
-0.402505
-0.104703
0.192832
0.265468
0.218156
0.044072
-0.016646
-0.068252
-0.179008
-0.247207
-0.230281
-0.133263
0.028075
0.083273
0.065421
0.005569
-0.034352
-0.032086
-0.052790
-0.100704
-0.113405
-0.095556
0.003891
0.081498
0.109132
0.134766
0.159767
0.224377
0.304592
0.373994
0.172711
-0.184938
-0.419511
-0.398192
-0.120738
0.174397
0.252658
0.218961
0.052073
-0.004807
-0.062644
-0.172009
-0.241334
-0.231941
-0.144676
0.011345
0.075980
0.072696
0.017685
-0.025613
-0.030388
-0.057365
-0.101395
-0.109513
-0.094285
-0.001687
0.074295
0.110956
0.146460
0.175241
0.231480
0.300882
0.353926
0.143486
-0.194909
-0.415217
-0.378612
-0.100276
0.173606
0.248542
0.211809
0.047672
-0.005683
-0.076515
-0.179430
-0.239765
-0.223347
-0.127022
0.017967
0.071875
0.065561
0.012031
-0.025686
-0.031290
-0.062549
-0.099753
-0.106470
-0.087004
0.002351
0.069862
0.110357
0.149704
0.183303
0.237167
0.301388
0.351443
0.140262
-0.202664
-0.424899
-0.379303
-0.098463
0.187131
0.260628
0.217804
0.043480
-0.015208
-0.088243
-0.182099
-0.247407
-0.216712
-0.123246
0.046348
0.077389
0.054530
-0.010578
-0.036939
-0.033204
-0.045509
-0.100093
-0.098483
-0.096370
0.006589
0.066749
0.106717
0.139679
0.183260
0.231608
0.307531
0.347706
0.141321
-0.198174
-0.403620
-0.376156
-0.095981
0.167191
0.247396
0.208584
0.048465
-0.005162
-0.077067
-0.180863
-0.237567
-0.225639
-0.121386
0.041703
0.091863
0.055413
-0.018217
-0.048959
-0.034580
-0.046808
-0.086798
-0.102224
-0.085297
0.004850
0.072061
0.097746
0.124880
0.164646
0.233605
0.305319
0.360670
0.158853
-0.180213
-0.400184
-0.374220
-0.115068
0.161961
0.239008
0.212342
0.055331
0.000813
-0.070259
-0.173826
-0.244800
-0.219348
-0.126860
0.040864
0.091052
0.065907
-0.013332
-0.052739
-0.045114
-0.045635
-0.086392
-0.095425
-0.091786
0.000058
0.066251
0.096075
0.116113
0.154768
0.219309
0.290768
0.356569
0.208326
-0.133915
-0.370998
-0.395789
-0.158125
0.130308
0.238128
0.224842
0.079881
-0.005010
-0.052858
-0.160584
-0.225638
-0.228905
-0.148594
-0.001552
0.078699
0.073735
0.028126
-0.031461
-0.036775
-0.060752
-0.089656
-0.103584
-0.087437
-0.012599
0.068881
0.090051
0.128711
0.149667
0.218381
0.272395
0.354061
0.238058
-0.081706
-0.348193
-0.402011
-0.203380
0.104337
0.227661
0.241050
0.098458
0.002510
-0.046132
-0.147995
-0.221035
-0.225447
-0.155631
-0.006816
0.082544
0.057266
0.008041
-0.039164
-0.029607
-0.036354
-0.075681
-0.103055
-0.089921
-0.029195
0.067157
0.085121
0.117834
0.138262
0.214294
0.268081
0.362870
0.264467
-0.050124
-0.339397
-0.409699
-0.234415
0.085678
0.223695
0.249356
0.110179
0.005439
-0.040402
-0.132914
-0.219486
-0.229535
-0.174445
-0.030763
0.069456
0.079088
0.037147
-0.019654
-0.036075
-0.051645
-0.090438
-0.107965
-0.095450
-0.029434
0.060336
0.086191
0.103747
0.119436
0.183406
0.257496
0.345143
0.329971
0.033018
-0.287212
-0.424222
-0.306556
0.011208
0.206140
0.249422
0.162983
0.019470
-0.013300
-0.112912
-0.207398
-0.241174
-0.194232
-0.064593
0.072325
0.067007
0.034048
-0.024987
-0.028534
-0.031655
-0.068709
-0.108675
-0.100547
-0.069252
0.043164
0.076747
0.110907
0.135455
0.190547
0.243551
0.329927
0.326870
0.064269
-0.267129
-0.420901
-0.327088
-0.016888
0.200701
0.256183
0.171603
0.021901
-0.017558
-0.103556
-0.199174
-0.242397
-0.209662
-0.088896
0.048663
0.079371
0.062744
-0.006007
-0.031837
-0.049280
-0.081277
-0.106886
-0.104087
-0.065564
0.028478
0.070412
0.105385
0.123628
0.163529
0.228296
0.303631
0.358044
0.142142
-0.212867
-0.413425
-0.375379
-0.086028
0.180368
0.244927
0.200621
0.039531
-0.011117
-0.070370
-0.179547
-0.244627
-0.227662
-0.127715
0.048559
0.101535
0.073397
-0.008806
-0.058492
-0.052845
-0.064794
-0.094866
-0.095744
-0.084351
0.003951
0.065198
0.076600
0.089974
0.115292
0.196307
0.282203
0.371131
0.276859
-0.075552
-0.353435
-0.424196
-0.230801
0.080509
0.215335
0.230714
0.116755
0.012800
-0.018759
-0.137074
-0.229751
-0.250294
-0.185499
-0.027517
0.093299
0.096680
0.043753
-0.039180
-0.057106
-0.073597
-0.097989
-0.108616
-0.090486
-0.030342
0.058385
0.074075
0.082544
0.088248
0.152651
0.237741
0.326539
0.347757
0.088606
-0.251020
-0.410987
-0.340498
-0.045743
0.177846
0.233636
0.178327
0.037074
-0.008271
-0.078129
-0.191715
-0.242533
-0.221032
-0.104775
0.052848
0.109899
0.079361
-0.001102
-0.058133
-0.069966
-0.093446
-0.109194
-0.106257
-0.062723
0.023660
0.074908
0.068331
0.061735
0.074637
0.169599
0.267524
0.366745
0.310229
-0.011872
-0.309682
-0.410586
-0.274151
0.020213
0.182393
0.223632
0.147622
0.042206
-0.004827
-0.115073
-0.228019
-0.254892
-0.202317
-0.060226
0.075498
0.110889
0.073231
-0.012931
-0.065336
-0.097561
-0.122540
-0.115265
-0.086905
-0.025513
0.052905
0.073143
0.067565
0.061442
0.102005
0.203327
0.294763
0.377094
0.222493
-0.129253
-0.367485
-0.404960
-0.177159
0.103365
0.213435
0.221055
0.097599
0.018113
-0.032951
-0.162146
-0.242355
-0.254548
-0.167431
0.001486
0.107227
0.113696
0.049916
-0.038342
-0.077512
-0.113923
-0.127649
-0.113546
-0.074330
0.006531
0.072853
0.074917
0.063244
0.059550
0.126133
0.222423
0.311298
0.360919
0.146551
-0.188167
-0.381059
-0.362850
-0.108301
0.130953
0.213841
0.195741
0.073266
0.019010
-0.053006
-0.185008
-0.256799
-0.245732
-0.135931
0.034472
0.113791
0.110131
0.032183
-0.050299
-0.089446
-0.126807
-0.132741
-0.107650
-0.057164
0.031789
0.079730
0.073160
0.058450
0.059373
0.138867
0.238185
0.330289
0.345197
0.074312
-0.240836
-0.392208
-0.325010
-0.040725
0.153492
0.208845
0.170512
0.050195
0.016223
-0.072531
-0.203986
-0.254353
-0.233815
-0.100485
0.054726
0.110605
0.089995
0.008953
-0.058860
-0.085670
-0.122315
-0.123594
-0.099031
-0.038027
0.046969
0.077767
0.061218
0.058567
0.082901
0.188044
0.275873
0.364360
0.282132
-0.047530
-0.322144
-0.402376
-0.248214
0.047064
0.187646
0.222119
0.135774
0.034817
-0.004010
-0.126422
-0.241190
-0.262888
-0.204801
-0.037901
0.092749
0.112164
0.064437
-0.023295
-0.063705
-0.084845
-0.119889
-0.113928
-0.095101
-0.022825
0.061633
0.080338
0.077162
0.078395
0.120672
0.222442
0.292943
0.366746
0.169219
-0.178418
-0.377322
-0.374454
-0.119826
0.140429
0.210883
0.203651
0.066116
0.014410
-0.041439
-0.178496
-0.253089
-0.247809
-0.144851
0.024963
0.096287
0.085522
0.026129
-0.034073
-0.048972
-0.090166
-0.124869
-0.119812
-0.074404
0.020935
0.082766
0.073497
0.080037
0.093754
0.185801
0.267344
0.353259
0.312022
-0.017788
-0.318003
-0.413942
-0.277495
0.036959
0.194910
0.229590
0.148503
0.026818
-0.000421
-0.114826
-0.233408
-0.263517
-0.211917
-0.063508
0.075541
0.098885
0.071282
-0.002117
-0.040543
-0.071679
-0.116184
-0.125511
-0.100094
-0.038435
0.058575
0.082128
0.088528
0.097852
0.147894
0.232882
0.301067
0.357723
0.147564
-0.208030
-0.391278
-0.367845
-0.094621
0.155904
0.223096
0.205239
0.066229
0.010104
-0.052220
-0.196302
-0.260327
-0.243838
-0.128125
0.037463
0.095291
0.080221
0.024474
-0.030975
-0.038877
-0.085373
-0.118177
-0.115760
-0.077053
0.019771
0.082344
0.083100
0.101704
0.118520
0.203753
0.270329
0.356845
0.265704
-0.072573
-0.345903
-0.408954
-0.226886
0.085786
0.212882
0.231683
0.117248
0.017795
-0.015137
-0.132207
-0.239569
-0.261402
-0.196830
-0.031304
0.091047
0.104427
0.062040
-0.009834
-0.039560
-0.071043
-0.112787
-0.121247
-0.097367
-0.020075
0.070677
0.086933
0.093303
0.098819
0.157321
0.247558
0.328636
0.351046
0.080934
-0.261635
-0.405904
-0.328118
-0.029001
0.182279
0.223317
0.176727
0.043164
0.008908
-0.068889
-0.201608
-0.256592
-0.228631
-0.105011
0.055417
0.100508
0.080818
0.014601
-0.032863
-0.047363
-0.087927
-0.115661
-0.105419
-0.060783
0.041238
0.087602
0.089616
0.098656
0.130631
0.221102
0.301786
0.370189
0.188008
-0.167915
-0.389049
-0.382544
-0.126842
0.149135
0.228469
0.211719
0.074652
0.016134
-0.032515
-0.159083
-0.244868
-0.251661
-0.157243
0.015020
0.104562
0.104337
0.045873
-0.018873
-0.038057
-0.079042
-0.114880
-0.116435
-0.081130
0.010896
0.081398
0.085868
0.089854
0.097956
0.176391
0.262463
0.347624
0.326051
0.013780
-0.292256
-0.404405
-0.279430
0.024833
0.192690
0.228429
0.158031
0.038717
0.014667
-0.088437
-0.208470
-0.256032
-0.216351
-0.072307
0.072483
0.105257
0.082261
0.011339
-0.022629
-0.050084
-0.102289
-0.124534
-0.107519
-0.038975
0.065350
0.094660
0.092688
0.093621
0.135490
0.233451
0.306287
0.356477
0.151063
-0.187144
-0.368102
-0.344254
-0.093879
0.147574
0.211012
0.198615
0.073129
0.024744
-0.034642
-0.165548
-0.242783
-0.238001
-0.135136
0.028812
0.101447
0.090326
0.035522
-0.016727
-0.031623
-0.074553
-0.112300
-0.114904
-0.074473
0.020451
0.088049
0.089910
0.099243
0.112510
0.197831
0.271296
0.357922
0.277678
-0.054841
-0.323341
-0.392917
-0.219701
0.080086
0.204413
0.227907
0.124315
0.026688
0.000898
-0.116333
-0.220360
-0.254004
-0.195660
-0.037868
0.088158
0.109022
0.073575
-0.001666
-0.027904
-0.065850
-0.106617
-0.118433
-0.095807
-0.020223
0.076190
0.094747
0.099517
0.091261
0.144697
0.232483
0.320363
0.358601
0.117594
-0.223725
-0.387531
-0.336198
-0.049436
0.170148
0.225044
0.183695
0.050552
0.014493
-0.052387
-0.179718
-0.244533
-0.236162
-0.122191
0.041197
0.102274
0.092112
0.026333
-0.026921
-0.044521
-0.087589
-0.116038
-0.109623
-0.066726
0.038649
0.096779
0.102842
0.113005
0.137187
0.220378
0.292112
0.359247
0.174786
-0.170275
-0.383395
-0.370801
-0.119409
0.149397
0.230147
0.214342
0.067895
0.009598
-0.046697
-0.163734
-0.239560
-0.244555
-0.157375
0.006664
0.094679
0.103393
0.044021
-0.016743
-0.039542
-0.083917
-0.118077
-0.118149
-0.086760
0.010824
0.084586
0.099271
0.105406
0.116528
0.193424
0.267498
0.354136
0.264207
-0.074885
-0.343315
-0.404739
-0.214659
0.088550
0.213570
0.223026
0.109736
0.009897
-0.014217
-0.125381
-0.223820
-0.255890
-0.201101
-0.046235
0.081023
0.099363
0.068759
-0.009239
-0.035888
-0.071675
-0.112788
-0.121760
-0.096145
-0.024776
0.070129
0.083435
0.097614
0.100846
0.160233
0.241544
0.334321
0.332772
0.042741
-0.286129
-0.414642
-0.308584
0.003023
0.193903
0.226729
0.153778
0.022825
0.000815
-0.085209
-0.205747
-0.258100
-0.231572
-0.099073
0.056685
0.095712
0.077830
0.005793
-0.029870
-0.052643
-0.099956
-0.129202
-0.116595
-0.060388
0.051089
0.090001
0.103677
0.106732
0.143499
0.221591
0.310362
0.353650
0.107616
-0.238544
-0.418288
-0.353009
-0.054675
0.178372
0.235002
0.182165
0.033690
0.001708
-0.073530
-0.186583
-0.252522
-0.247007
-0.133289
0.028362
0.095034
0.090778
0.018585
-0.028689
-0.048136
-0.093791
-0.120972
-0.121565
-0.078283
0.024291
0.081631
0.095359
0.099133
0.119858
0.198224
0.269495
0.355248
0.212160
-0.135801
-0.368217
-0.396119
-0.168051
0.115891
0.212991
0.214080
0.075073
0.000943
-0.034580
-0.155186
-0.235012
-0.253758
-0.183567
-0.017797
0.085098
0.098656
0.048732
-0.025606
-0.043887
-0.086198
-0.119543
-0.122163
-0.097024
-0.007360
0.073536
0.082744
0.092194
0.095789
0.173914
0.250492
0.340977
0.307252
-0.015237
-0.312451
-0.418887
-0.277823
0.035710
0.196541
0.228551
0.137427
0.013802
-0.004485
-0.109906
-0.213577
-0.257450
-0.222976
-0.083666
0.059707
0.095080
0.078665
-0.000981
-0.033295
-0.069177
-0.110369
-0.126572
-0.107535
-0.045537
0.060800
0.084342
0.103150
0.098065
0.154632
0.233448
0.331628
0.338135
0.058683
-0.279650
-0.420975
-0.320768
-0.011897
0.187737
0.233679
0.161143
0.028914
-0.001567
-0.087154
-0.203429
-0.259759
-0.236570
-0.106897
0.045791
0.097328
0.081893
0.012351
-0.027580
-0.052439
-0.102827
-0.128331
-0.122313
-0.064313
0.041336
0.089814
0.100290
0.097787
0.126162
0.208801
0.278152
0.347123
0.168548
-0.169580
-0.369671
-0.369500
-0.116215
0.137021
0.211477
0.197659
0.053759
0.001094
-0.045196
-0.167766
-0.234675
-0.244569
-0.154656
0.004578
0.086464
0.093570
0.038809
-0.026399
-0.041383
-0.087353
-0.115212
-0.114892
-0.081906
0.009007
0.079521
0.088759
0.097078
0.097626
0.183677
0.257121
0.347277
0.278493
-0.046416
-0.322624
-0.398012
-0.235403
0.067840
0.197501
0.224251
0.115945
0.012859
-0.011422
-0.116288
-0.217091
-0.250015
-0.208467
-0.055424
0.069136
0.098885
0.066319
-0.004607
-0.026760
-0.057175
-0.108708
-0.124259
-0.110452
-0.029387
0.074318
0.097617
0.102951
0.101040
0.164999
0.247321
0.330671
0.325238
0.037391
-0.276879
-0.403463
-0.296761
0.002339
0.189316
0.235414
0.162367
0.030428
-0.001753
-0.096194
-0.207405
-0.249494
-0.219947
-0.090485
0.052887
0.099244
0.083040
0.015822
-0.026153
-0.055248
-0.102207
-0.117619
-0.103643
-0.046881
0.051933
0.091127
0.098862
0.101994
0.139242
0.228149
0.302729
0.365430
0.160475
-0.185266
-0.387763
-0.365957
-0.099392
0.155422
0.228316
0.204452
0.056649
0.011881
-0.045277
-0.167066
-0.244671
-0.249939
-0.152284
0.015107
0.096122
0.101984
0.039464
-0.016643
-0.033439
-0.078618
-0.115560
-0.118053
-0.083193
0.022270
0.093682
0.109393
0.111842
0.122984
0.204576
0.278814
0.363922
0.227906
-0.120172
-0.359708
-0.388166
-0.165641
0.121402
0.218652
0.219123
0.083610
0.007612
-0.024604
-0.145830
-0.232477
-0.250796
-0.179275
-0.017141
0.084181
0.097359
0.054060
-0.007608
-0.024828
-0.065466
-0.113392
-0.121200
-0.094648
0.001793
0.089243
0.106569
0.115321
0.117249
0.190554
0.265060
0.355870
0.270839
-0.060953
-0.331429
-0.399090
-0.216555
0.083189
0.208709
0.227321
0.107801
0.008556
-0.012980
-0.126507
-0.215990
-0.255473
-0.204427
-0.047015
0.074233
0.102147
0.068133
-0.010134
-0.029033
-0.063357
-0.098977
-0.110686
-0.099358
-0.025161
0.070853
0.094361
0.116920
0.112440
0.183557
0.256279
0.343003
0.306648
0.003307
-0.298628
-0.405136
-0.273594
0.034335
0.194928
0.235034
0.144460
0.025108
-0.005425
-0.101213
-0.198366
-0.239828
-0.202347
-0.069440
0.055394
0.092934
0.072957
0.009459
-0.023282
-0.052185
-0.099372
-0.112891
-0.096905
-0.031199
0.057357
0.083657
0.099179
0.099383
0.149304
0.224134
0.300244
0.305872
0.051432
-0.240839
-0.368627
-0.285547
-0.010482
0.167974
0.208254
0.148321
0.020964
0.002108
-0.077726
-0.182155
-0.231467
-0.218685
-0.099791
0.040729
0.088728
0.080829
0.011985
-0.024464
-0.046223
-0.091027
-0.109078
-0.101448
-0.052604
0.048345
0.084602
0.105525
0.105024
0.141437
0.212707
0.293457
0.319189
0.077842
-0.237091
-0.381425
-0.303071
-0.024289
0.174130
0.213513
0.154960
0.021425
0.002965
-0.063990
-0.174651
-0.236995
-0.230512
-0.117541
0.036112
0.093735
0.090219
0.021766
-0.021745
-0.043194
-0.087287
-0.113703
-0.106956
-0.064200
0.041038
0.082442
0.105926
0.105815
0.136165
0.208045
0.289238
0.318134
0.093813
-0.217262
-0.371982
-0.308085
-0.042628
0.161703
0.207949
0.160404
0.031389
0.005564
-0.061966
-0.168712
-0.229101
-0.222343
-0.118056
0.027576
0.084617
0.085755
0.025083
-0.017927
-0.040261
-0.083455
-0.110785
-0.105213
-0.068456
0.031900
0.080186
0.106760
0.109947
0.135602
0.204297
0.283160
0.327305
0.123591
-0.196421
-0.370508
-0.327739
-0.067992
0.158118
0.213464
0.171645
0.037763
0.005718
-0.046477
-0.155887
-0.224928
-0.232128
-0.136986
0.016526
0.090300
0.094362
0.035738
-0.015563
-0.032529
-0.078879
-0.111554
-0.113605
-0.078696
0.022516
0.079754
0.096209
0.100373
0.112920
0.191812
0.270825
0.345688
0.190489
-0.142575
-0.355854
-0.360073
-0.131686
0.126987
0.206620
0.196280
0.063153
0.010588
-0.027126
-0.142183
-0.220506
-0.238684
-0.163618
-0.006152
0.083921
0.099809
0.051597
-0.009687
-0.027123
-0.068882
-0.106958
-0.111870
-0.090882
0.003998
0.079428
0.102171
0.115886
0.116966
0.181914
0.251845
0.340381
0.221700
-0.105235
-0.340356
-0.369597
-0.160037
0.115721
0.210722
0.207255
0.073296
0.006976
-0.018649
-0.127276
-0.206572
-0.236984
-0.174440
-0.021315
0.079869
0.103216
0.058575
-0.009319
-0.029121
-0.068239
-0.104465
-0.108933
-0.091047
-0.004227
0.071473
0.088373
0.105631
0.108585
0.179302
0.252220
0.337685
0.262256
-0.056665
-0.319244
-0.382017
-0.211590
0.079477
0.200650
0.216872
0.109576
0.015251
-0.004923
-0.110389
-0.202802
-0.237923
-0.196968
-0.048441
0.072563
0.104581
0.075924
0.006117
-0.019947
-0.053625
-0.105626
-0.118426
-0.108235
-0.025437
0.071364
0.097957
0.107744
0.097603
0.144170
0.222746
0.312938
0.320210
0.047137
-0.255884
-0.384713
-0.286983
0.001646
0.179852
0.218774
0.150204
0.023676
0.007636
-0.076192
-0.180375
-0.230966
-0.219099
-0.097778
0.045001
0.094290
0.090129
0.020771
-0.012338
-0.039406
-0.091940
-0.118051
-0.115453
-0.059576
0.048635
0.088886
0.112575
0.111009
0.145609
0.217495
0.297779
0.332386
0.093645
-0.222699
-0.384238
-0.318037
-0.039485
0.166359
0.220709
0.170793
0.033711
0.010971
-0.062653
-0.167620
-0.227389
-0.230370
-0.123828
0.025752
0.091895
0.100125
0.036039
-0.011214
-0.037813
-0.089476
-0.113997
-0.114441
-0.073091
0.028879
0.076131
0.093659
0.090943
0.115235
0.196763
0.274023
0.353290
0.224397
-0.116539
-0.342118
-0.383500
-0.168535
0.098603
0.202782
0.212154
0.095515
0.022000
-0.011133
-0.139631
-0.223498
-0.253027
-0.183819
-0.023592
0.085784
0.107089
0.069457
-0.003769
-0.026390
-0.077864
-0.115739
-0.122294
-0.096157
-0.008585
0.077144
0.092150
0.113393
0.107043
0.179643
0.245770
0.342207
0.268546
-0.050037
-0.320127
-0.399214
-0.227954
0.068588
0.199640
0.227249
0.110197
0.015557
-0.007149
-0.118845
-0.206733
-0.252438
-0.208926
-0.057478
0.067508
0.106797
0.077699
0.000971
-0.027103
-0.065501
-0.107551
-0.120144
-0.110494
-0.035551
0.060210
0.086328
0.109296
0.102679
0.168331
0.238372
0.335159
0.306489
0.004312
-0.297862
-0.407324
-0.278943
0.025169
0.185137
0.228616
0.137740
0.022905
0.004603
-0.096256
-0.204066
-0.257981
-0.233056
-0.090437
0.052030
0.109016
0.090316
0.016229
-0.022860
-0.056700
-0.108954
-0.127804
-0.122167
-0.051461
0.053788
0.091266
0.105770
0.093260
0.133723
0.211153
0.300822
0.350199
0.106381
-0.224629
-0.396069
-0.344321
-0.059874
0.154814
0.218178
0.175169
0.036084
0.015483
-0.056615
-0.177616
-0.248323
-0.251668
-0.140824
0.021040
0.093832
0.099258
0.034484
-0.016047
-0.044155
-0.095879
-0.124587
-0.120417
-0.080022
0.027004
0.077468
0.099626
0.104270
0.131761
0.206439
0.284822
0.349002
0.154728
-0.188946
-0.387738
-0.370620
-0.109024
0.135372
0.215631
0.193738
0.054270
0.011161
-0.044078
-0.165984
-0.238166
-0.257343
-0.163486
-0.008211
0.081241
0.098677
0.050207
-0.002802
-0.031473
-0.091879
-0.130815
-0.133804
-0.094350
0.010025
0.076105
0.094838
0.099811
0.111804
0.185545
0.262738
0.347888
0.220867
-0.119347
-0.359184
-0.391252
-0.178207
0.098161
0.202081
0.204631
0.082563
0.012157
-0.020810
-0.143313
-0.231399
-0.260604
-0.194108
-0.035710
0.073831
0.102080
0.063327
-0.003465
-0.027801
-0.075211
-0.121695
-0.132044
-0.109808
-0.016110
0.070869
0.094066
0.104474
0.103756
0.175897
0.247680
0.336208
0.264304
-0.059886
-0.323570
-0.397348
-0.226908
0.057722
0.183960
0.209908
0.111292
0.015659
-0.000856
-0.119347
-0.214283
-0.258085
-0.212334
-0.065951
0.057950
0.096943
0.077150
0.007681
-0.017804
-0.065161
-0.115477
-0.131026
-0.114992
-0.035327
0.061315
0.084117
0.096725
0.086953
0.153197
0.233956
0.322950
0.324502
0.047408
-0.265557
-0.397914
-0.308702
-0.015744
0.163823
0.217349
0.157952
0.033696
0.012587
-0.078683
-0.194787
-0.249940
-0.237940
-0.112012
0.031000
0.091047
0.089692
0.029096
-0.008075
-0.039812
-0.101016
-0.129075
-0.126053
-0.065741
0.041890
0.088589
0.106751
0.103635
0.137348
0.220142
0.303401
0.355153
0.118228
-0.220609
-0.399333
-0.350047
-0.065985
0.163054
0.221748
0.186145
0.043343
0.018147
-0.052477
-0.173988
-0.244527
-0.250534
-0.143409
0.018642
0.091825
0.102220
0.039665
-0.005916
-0.035009
-0.087898
-0.122239
-0.122447
-0.081500
0.027748
0.080946
0.107271
0.119341
0.153711
0.228101
0.295734
0.352484
0.141837
-0.196224
-0.388401
-0.360786
-0.091808
0.155180
0.230686
0.205712
0.056657
0.016146
-0.046753
-0.171097
-0.244760
-0.253885
-0.152712
0.014248
0.102853
0.113848
0.051217
-0.008046
-0.031846
-0.083558
-0.122789
-0.124268
-0.084930
0.026535
0.092055
0.111531
0.114238
0.125587
0.205399
0.282920
0.367363
0.215607
-0.133059
-0.369091
-0.386128
-0.150576
0.127529
0.217683
0.214430
0.081399
0.023223
-0.018595
-0.143389
-0.237143
-0.259511
-0.182032
-0.012840
0.094935
0.113629
0.065324
-0.000412
-0.025892
-0.071892
-0.116931
-0.116845
-0.090961
0.007827
0.086485
0.107086
0.119127
0.125827
0.198014
0.270305
0.359365
0.254366
-0.091511
-0.345731
-0.396799
-0.192971
0.100266
0.213145
0.225742
0.100893
0.015073
-0.008184
-0.135024
-0.224740
-0.253583
-0.193656
-0.037644
0.078761
0.105652
0.079498
0.008315
-0.018396
-0.067378
-0.114734
-0.119270
-0.094852
-0.009352
0.081579
0.103187
0.134251
0.130998
0.194453
0.250774
0.346300
0.273936
-0.050222
-0.331872
-0.402484
-0.228829
0.083306
0.215005
0.235846
0.111994
0.012787
-0.009862
-0.120122
-0.223567
-0.256104
-0.207503
-0.047774
0.080466
0.109034
0.075370
0.004478
-0.024049
-0.053449
-0.108388
-0.115446
-0.099210
-0.015410
0.080672
0.110519
0.136581
0.143174
0.202520
0.270036
0.355489
0.247600
-0.086684
-0.356157
-0.397574
-0.197546
0.106863
0.225309
0.229473
0.098200
0.007340
-0.020298
-0.134356
-0.234474
-0.259444
-0.202646
-0.035891
0.085183
0.111119
0.068460
-0.001366
-0.030158
-0.056377
-0.105956
-0.112060
-0.100905
-0.014343
0.078718
0.120770
0.147648
0.159993
0.217664
0.281425
0.357913
0.192928
-0.149578
-0.383941
-0.388017
-0.142452
0.144570
0.238562
0.218746
0.065648
-0.000420
-0.039319
-0.158085
-0.245588
-0.258840
-0.178635
-0.004982
0.098468
0.106845
0.051940
-0.013234
-0.034716
-0.064021
-0.113367
-0.107385
-0.087086
0.012879
0.086658
0.123059
0.143940
0.173647
0.227897
0.295017
0.339400
0.116640
-0.203708
-0.394895
-0.349294
-0.076882
0.165944
0.236502
0.195991
0.040405
-0.000143
-0.069799
-0.188306
-0.250498
-0.247836
-0.142896
0.025134
0.100655
0.104367
0.038721
-0.021242
-0.046060
-0.083954
-0.114309
-0.099392
-0.074049
0.030107
0.083420
0.129033
0.145773
0.179530
0.229616
0.306131
0.322851
0.079779
-0.239093
-0.401097
-0.324184
-0.041784
0.184456
0.235723
0.172481
0.028793
-0.004783
-0.081339
-0.193975
-0.257726
-0.236957
-0.125814
0.036816
0.102695
0.091430
0.026149
-0.024028
-0.049923
-0.083750
-0.117895
-0.095078
-0.061430
0.040728
0.087811
0.135441
0.151375
0.207796
0.243517
0.331315
0.270491
-0.017710
-0.299944
-0.406656
-0.263863
0.035749
0.201067
0.243910
0.132644
0.013856
-0.018239
-0.123060
-0.220670
-0.260940
-0.222525
-0.075488
0.061163
0.107989
0.075554
0.006061
-0.033439
-0.055254
-0.097579
-0.111613
-0.098286
-0.038107
0.059597
0.102718
0.146340
0.160818
0.222028
0.269553
0.347404
0.200793
-0.124565
-0.369186
-0.393633
-0.169111
0.121745
0.226202
0.222470
0.074833
-0.002568
-0.042518
-0.156064
-0.241087
-0.260159
-0.187585
-0.021567
0.084166
0.103885
0.045100
-0.015212
-0.042732
-0.061939
-0.104741
-0.105093
-0.091420
-0.007864
0.068466
0.112208
0.142471
0.176903
0.234256
0.290170
0.337437
0.122032
-0.193654
-0.399007
-0.363797
-0.096777
0.155540
0.238162
0.203291
0.044335
-0.002271
-0.074357
-0.188033
-0.258938
-0.254584
-0.150786
0.019750
0.100406
0.106185
0.031874
-0.022993
-0.053780
-0.085188
-0.118678
-0.097112
-0.068476
0.035367
0.081168
0.121297
0.134524
0.185364
0.240534
0.327291
0.306437
0.025615
-0.281808
-0.413455
-0.290747
0.000941
0.192673
0.236855
0.147314
0.012269
-0.014547
-0.102104
-0.205378
-0.257027
-0.226597
-0.099256
0.046229
0.100779
0.080012
0.011494
-0.029223
-0.054033
-0.089104
-0.114910
-0.096656
-0.051855
0.047574
0.086789
0.124519
0.137195
0.194626
0.245458
0.340198
0.276229
-0.030893
-0.318366
-0.417750
-0.256167
0.047295
0.209001
0.237989
0.119939
0.003010
-0.018751
-0.124953
-0.216785
-0.263787
-0.217615
-0.070463
0.066997
0.110158
0.073128
0.001577
-0.032208
-0.063115
-0.102441
-0.119922
-0.095904
-0.030033
0.065381
0.089063
0.115870
0.128415
0.200851
0.258767
0.353420
0.247924
-0.066436
-0.342327
-0.404104
-0.218844
0.075770
0.208323
0.229399
0.101844
0.009474
-0.023775
-0.132477
-0.225924
-0.259658
-0.201994
-0.047058
0.072625
0.105810
0.060898
-0.002747
-0.033563
-0.061781
-0.102694
-0.111830
-0.094121
-0.020477
0.061109
0.089325
0.112746
0.129284
0.198393
0.261245
0.357302
0.249435
-0.079361
-0.349055
-0.410384
-0.210772
0.085251
0.212928
0.227891
0.097756
0.009009
-0.017356
-0.134537
-0.223803
-0.260898
-0.202268
-0.046390
0.076178
0.107751
0.066918
-0.005980
-0.033711
-0.063513
-0.101420
-0.107844
-0.094636
-0.021345
0.067738
0.097310
0.125699
0.136822
0.204036
0.268031
0.359971
0.222414
-0.111412
-0.370678
-0.404114
-0.177747
0.119538
0.224952
0.223125
0.074898
0.000266
-0.026172
-0.140856
-0.221947
-0.256312
-0.192767
-0.030810
0.080193
0.109831
0.061224
-0.007506
-0.033254
-0.071418
-0.110129
-0.111612
-0.093891
-0.007893
0.069620
0.092254
0.110948
0.122187
0.197488
0.266426
0.358792
0.240548
-0.092301
-0.351664
-0.399042
-0.194610
0.094355
0.208791
0.221463
0.090637
0.011681
-0.015716
-0.136968
-0.225220
-0.261633
-0.198320
-0.037543
0.083159
0.111625
0.063723
-0.008943
-0.035077
-0.071467
-0.110722
-0.114187
-0.093903
-0.007804
0.074732
0.097765
0.121301
0.134612
0.214943
0.280899
0.354359
0.193420
-0.138830
-0.378230
-0.382746
-0.153220
0.127953
0.219731
0.209662
0.068202
0.005239
-0.033629
-0.146662
-0.230367
-0.257068
-0.184050
-0.021788
0.085983
0.109698
0.055260
-0.008856
-0.038132
-0.074305
-0.116289
-0.114755
-0.091488
0.003078
0.075775
0.097382
0.109394
0.123129
0.199076
0.270472
0.354186
0.236454
-0.097975
-0.351265
-0.396381
-0.192426
0.094893
0.209130
0.216166
0.089406
0.004535
-0.020651
-0.142045
-0.227678
-0.253547
-0.188899
-0.035097
0.077695
0.097718
0.060310
-0.012868
-0.034955
-0.069991
-0.108663
-0.104802
-0.085098
-0.006346
0.073608
0.095361
0.127044
0.139474
0.211047
0.281373
0.362286
0.198713
-0.138801
-0.384148
-0.388221
-0.155556
0.134057
0.228226
0.215449
0.065853
0.001829
-0.041093
-0.156696
-0.239766
-0.256291
-0.177365
-0.011898
0.089281
0.102916
0.043241
-0.012438
-0.037902
-0.067667
-0.114277
-0.113504
-0.091541
0.010101
0.083375
0.117358
0.133215
0.157619
0.222170
0.289681
0.346220
0.137817
-0.198961
-0.398164
-0.355714
-0.087555
0.163662
0.228044
0.191424
0.040351
-0.003189
-0.057654
-0.180726
-0.252351
-0.246514
-0.143137
0.019317
0.096510
0.092697
0.026325
-0.025498
-0.042450
-0.073629
-0.112090
-0.100256
-0.075188
0.026470
0.079500
0.112716
0.127763
0.167971
0.235121
0.317786
0.336396
0.079762
-0.247627
-0.412193
-0.328298
-0.043331
0.179421
0.231064
0.173271
0.028873
0.000994
-0.076181
-0.194542
-0.253507
-0.240169
-0.125432
0.034501
0.101185
0.093509
0.023541
-0.025444
-0.048239
-0.086191
-0.117985
-0.098239
-0.062521
0.045227
0.086999
0.122675
0.132743
0.183634
0.239583
0.326214
0.292462
0.010966
-0.289571
-0.407170
-0.276612
0.016873
0.197511
0.231573
0.137278
0.011539
-0.012737
-0.100864
-0.201669
-0.252350
-0.224490
-0.092713
0.050703
0.108496
0.083648
0.012249
-0.032822
-0.061918
-0.097021
-0.113257
-0.092523
-0.041282
0.051737
0.081647
0.109382
0.120020
0.184235
0.247219
0.337796
0.291888
-0.004004
-0.299958
-0.409968
-0.268637
0.025984
0.194206
0.228708
0.133982
0.013466
-0.007360
-0.105553
-0.202607
-0.250250
-0.219043
-0.083654
0.051313
0.101627
0.080379
0.007234
-0.028353
-0.057709
-0.096082
-0.110270
-0.096255
-0.041084
0.053523
0.081134
0.115235
0.121829
0.184583
0.245025
0.335992
0.286094
-0.010545
-0.301934
-0.406749
-0.264484
0.031462
0.197836
0.235927
0.134773
0.013757
-0.012335
-0.113796
-0.203356
-0.248025
-0.212413
-0.073236
0.059317
0.104705
0.077502
0.003721
-0.027680
-0.055420
-0.092426
-0.107557
-0.101195
-0.042930
0.055552
0.085780
0.115641
0.115620
0.179523
0.243706
0.339900
0.296299
-0.010757
-0.305561
-0.405699
-0.259652
