0.001838
-0.002095
-0.005462
0.007851
0.043908
0.075336
0.107431
0.136459
0.167088
0.197981
0.233056
0.263638
0.278828
0.277702
0.283222
0.285608
0.289400
0.295862
0.306180
0.263536
0.203557
0.149088
0.076300
-0.184727
-0.277478
-0.299654
-0.259495
-0.027526
0.123908
0.206274
0.151374
0.085040
-0.059937
-0.151516
-0.129255
-0.179219
-0.178941
-0.172669
-0.176115
-0.128216
-0.020814
0.104558
0.126782
0.147911
0.063670
-0.051879
-0.104164
-0.116402
-0.104235
-0.068708
-0.035262
-0.034354
-0.026267
0.032653
0.047138
0.082772
0.070716
0.012121
-0.076409
-0.134762
-0.155650
-0.140908
-0.094869
-0.071188
-0.083716
-0.086096
-0.091236
-0.075029
-0.044526
-0.031449
-0.052004
-0.089895
-0.123933
-0.146699
-0.124023
-0.086828
-0.055560
-0.035601
-0.032038
-0.038200
-0.034362
-0.015942
-0.005824
-0.001520
-0.002130
-0.007144
0.006054
0.035573
0.069441
0.093851
0.119543
0.147993
0.183242
0.232422
0.241945
0.269172
0.284087
0.275229
0.279495
0.287293
0.292705
0.311359
0.282240
0.221076
0.152806
0.103624
-0.115191
-0.280877
-0.276456
-0.283454
-0.080271
0.093131
0.197482
0.167846
0.101710
-0.011081
-0.140383
-0.129897
-0.161768
-0.192313
-0.178085
-0.188132
-0.145793
-0.055730
0.090358
0.130133
0.148721
0.094914
-0.030384
-0.100715
-0.119144
-0.112287
-0.082828
-0.047605
-0.036277
-0.041590
0.014948
0.043585
0.072086
0.081811
0.035040
-0.048702
-0.117619
-0.133255
-0.140533
-0.098157
-0.080497
-0.106679
-0.115165
-0.119032
-0.095470
-0.053139
-0.018081
-0.027848
-0.076182
-0.113673
-0.160892
-0.147351
-0.109998
-0.073147
-0.049628
-0.043717
-0.046906
-0.046686
-0.020163
-0.003334
0.001659
0.000356
-0.014798
-0.013303
0.009205
0.046873
0.080202
0.107023
0.133966
0.156924
0.210546
0.241182
0.266385
0.280963
0.270191
0.269163
0.269973
0.274658
0.290486
0.274568
0.210661
0.139133
0.094919
-0.065823
-0.261024
-0.245885
-0.270050
-0.110923
0.063961
0.163230
0.158142
0.088130
0.002292
-0.137159
-0.145145
-0.155977
-0.199441
-0.174285
-0.180779
-0.146792
-0.077514
0.052493
0.105934
0.116055
0.095875
-0.018053
-0.092789
-0.115180
-0.118105
-0.095236
-0.060914
-0.038853
-0.044022
0.001755
0.038505
0.053512
0.071135
0.027158
-0.048752
-0.119653
-0.146159
-0.168215
-0.123174
-0.095237
-0.095259
-0.089836
-0.087929
-0.083546
-0.060880
-0.042492
-0.055721
-0.092503
-0.117002
-0.154781
-0.140602
-0.105811
-0.071961
-0.051468
-0.042424
-0.048537
-0.052549
-0.032449
-0.018152
-0.011195
-0.005573
-0.013158
-0.011328
0.004824
0.032302
0.060358
0.086723
0.122181
0.159125
0.215341
0.245441
0.256034
0.266330
0.251025
0.249219
0.254009
0.272579
0.285026
0.275211
0.218178
0.140776
0.104839
0.009901
-0.209063
-0.232704
-0.269130
-0.184517
-0.002711
0.116492
0.160118
0.103991
0.046726
-0.095614
-0.143413
-0.140204
-0.189358
-0.174610
-0.176746
-0.160512
-0.113498
0.002326
0.089813
0.108786
0.120103
0.027208
-0.065740
-0.105195
-0.117804
-0.102877
-0.072280
-0.041845
-0.046361
-0.018829
0.028798
0.044674
0.073697
0.049391
-0.015579
-0.102381
-0.135604
-0.153229
-0.137296
-0.096261
-0.084926
-0.104499
-0.091375
-0.089878
-0.068669
-0.035237
-0.031952
-0.069231
-0.105915
-0.140147
-0.153570
-0.119142
-0.074733
-0.052931
-0.035988
-0.035575
-0.044435
-0.035517
-0.012682
-0.007233
-0.005751
-0.004798
-0.009262
0.007668
0.039585
0.067520
0.092155
0.121334
0.150607
0.201821
0.250760
0.261205
0.274290
0.267608
0.258594
0.272101
0.284387
0.295812
0.279542
0.220648
0.143346
0.100949
0.003209
-0.214420
-0.233848
-0.260000
-0.164968
0.021386
0.136701
0.176824
0.112611
0.048366
-0.093208
-0.142539
-0.137266
-0.183234
-0.169008
-0.170327
-0.151621
-0.099451
0.015963
0.106984
0.121302
0.126613
0.031058
-0.061266
-0.100823
-0.110842
-0.095347
-0.065557
-0.036561
-0.038035
-0.011322
0.040393
0.056148
0.085753
0.059882
-0.001616
-0.091867
-0.129554
-0.147593
-0.126735
-0.089670
-0.079201
-0.087857
-0.097246
-0.091220
-0.071963
-0.038299
-0.019417
-0.049461
-0.083887
-0.128826
-0.140709
-0.120785
-0.077805
-0.045534
-0.033958
-0.029396
-0.037361
-0.026289
-0.006446
0.004879
0.007993
0.000314
-0.002955
0.006146
0.036424
0.071186
0.099717
0.129762
0.150295
0.197083
0.255264
0.275031
0.288130
0.285550
0.265634
0.261645
0.280345
0.301943
0.296867
0.239967
0.159702
0.099465
-0.010124
-0.222661
-0.232250
-0.247714
-0.142852
0.034218
0.137461
0.171492
0.109672
0.051087
-0.078487
-0.124962
-0.129785
-0.185655
-0.175051
-0.177028
-0.149873
-0.087287
0.030100
0.115035
0.126654
0.126941
0.031788
-0.055279
-0.093378
-0.106739
-0.095936
-0.070997
-0.042687
-0.040019
-0.005219
0.046822
0.062063
0.086339
0.054626
-0.009319
-0.094165
-0.122315
-0.144784
-0.124342
-0.085955
-0.085111
-0.102036
-0.101648
-0.090513
-0.064134
-0.024131
-0.014359
-0.052676
-0.087545
-0.131691
-0.144936
-0.119091
-0.078724
-0.051684
-0.034847
-0.028518
-0.037781
-0.023975
-0.005407
0.001979
0.005531
0.002618
-0.002542
0.010955
0.042211
0.074906
0.104073
0.138137
0.165010
0.222032
0.265712
0.273917
0.278803
0.274290
0.265677
0.278019
0.289173
0.297034
0.266080
0.191570
0.116364
0.071757
-0.109670
-0.247522
-0.229666
-0.235588
-0.060516
0.078098
0.167901
0.140297
0.083885
-0.010736
-0.127657
-0.127044
-0.157582
-0.189059
-0.170561
-0.173667
-0.129988
-0.053110
0.073442
0.111326
0.128529
0.090139
-0.016973
-0.079947
-0.105861
-0.110294
-0.090226
-0.061977
-0.042929
-0.041460
0.013623
0.042618
0.066079
0.070125
0.022072
-0.057362
-0.121361
-0.142639
-0.153599
-0.127897
-0.106953
-0.117591
-0.102022
-0.079873
-0.048419
-0.017863
-0.014577
-0.048650
-0.104830
-0.136849
-0.157150
-0.130017
-0.083134
-0.048259
-0.030400
-0.033041
-0.038460
-0.041492
-0.018906
-0.005045
-0.000515
-0.000248
-0.002816
0.006050
0.035558
0.065983
0.087060
0.104056
0.128386
0.170608
0.240682
0.274060
0.292640
0.286781
0.260927
0.259306
0.269511
0.285119
0.285117
0.226428
0.144038
0.081773
-0.019741
-0.231271
-0.237519
-0.244142
-0.150525
0.027965
0.126262
0.161604
0.097072
0.044952
-0.082848
-0.133115
-0.135908
-0.193692
-0.186487
-0.181873
-0.155027
-0.091607
0.021566
0.106988
0.115196
0.120692
0.030752
-0.054227
-0.093478
-0.110185
-0.102515
-0.079162
-0.048812
-0.044946
-0.011405
0.040247
0.054755
0.077262
0.049616
-0.014131
-0.095363
-0.129559
-0.150530
-0.136762
-0.096378
-0.085230
-0.103805
-0.105405
-0.096491
-0.074138
-0.032853
-0.020835
-0.056438
-0.094013
-0.132783
-0.147417
-0.118325
-0.073702
-0.043986
-0.030084
-0.028517
-0.044509
-0.037529
-0.014812
0.002493
0.013774
0.015788
0.004833
0.008554
0.033734
0.066713
0.093587
0.127291
0.150365
0.198008
0.258076
0.274784
0.287291
0.297281
0.279147
0.291391
0.291195
0.294335
0.261980
0.185685
0.122760
0.060936
-0.137887
-0.263099
-0.255798
-0.241701
-0.046330
0.097908
0.186438
0.147406
0.086011
-0.029297
-0.134404
-0.132393
-0.167328
-0.192718
-0.182689
-0.186070
-0.137449
-0.045466
0.089003
0.127207
0.146992
0.089259
-0.022938
-0.089125
-0.113235
-0.112095
-0.086714
-0.058452
-0.046234
-0.043782
0.014768
0.045593
0.081060
0.085011
0.036850
-0.047302
-0.122027
-0.148646
-0.165624
-0.131684
-0.094185
-0.098760
-0.090497
-0.083384
-0.061628
-0.034404
-0.016633
-0.037666
-0.087548
-0.120535
-0.153173
-0.137035
-0.094931
-0.056441
-0.030701
-0.024793
-0.030349
-0.041195
-0.026241
-0.012943
-0.001760
0.003611
-0.002645
-0.001051
0.017916
0.045011
0.072149
0.091829
0.118054
0.147479
0.219972
0.271540
0.278860
0.283301
0.264199
0.251615
0.268624
0.280922
0.306676
0.254424
0.183596
0.104328
0.053851
-0.133681
-0.239870
-0.226860
-0.228942
-0.052323
0.069214
0.151649
0.129636
0.080620
-0.017231
-0.127742
-0.126971
-0.172808
-0.194166
-0.174319
-0.177438
-0.130722
-0.052493
0.066207
0.099519
0.124113
0.084749
-0.018790
-0.074352
-0.106222
-0.112568
-0.091899
-0.064102
-0.048101
-0.043881
0.011688
0.033726
0.061001
0.070019
0.030197
-0.036177
-0.111032
-0.144522
-0.161619
-0.129161
-0.094410
-0.085069
-0.088578
-0.109344
-0.103465
-0.081163
-0.048654
-0.035028
-0.063296
-0.094739
-0.141233
-0.140866
-0.121354
-0.078506
-0.045493
-0.031661
-0.030850
-0.041026
-0.035798
-0.024914
-0.011760
0.002076
-0.002787
-0.002299
0.001340
0.025946
0.057306
0.084533
0.107704
0.127364
0.174849
0.240955
0.268412
0.279282
0.286785
0.259603
0.258146
0.269540
0.280894
0.277204
0.206950
0.134814
0.077033
-0.060771
-0.247035
-0.243578
-0.256275
-0.119691
0.045040
0.141522
0.155063
0.093310
0.016772
-0.113110
-0.141935
-0.158031
-0.201363
-0.181843
-0.183350
-0.150904
-0.083771
0.034228
0.100975
0.119297
0.108029
0.009546
-0.067594
-0.101917
-0.116967
-0.101732
-0.076267
-0.054128
-0.051431
-0.010057
0.032994
0.052580
0.078713
0.047222
-0.009585
-0.077429
-0.110853
-0.152964
-0.159119
-0.119488
-0.117688
-0.113234
-0.098134
-0.090556
-0.059116
-0.026470
-0.021795
-0.060559
-0.091544
-0.134423
-0.152880
-0.123328
-0.094754
-0.062599
-0.037408
-0.023104
-0.030636
-0.022716
-0.014279
-0.012162
-0.006233
-0.006016
-0.015303
-0.003545
0.013550
0.043034
0.065542
0.086860
0.092377
0.112503
0.156967
0.230487
0.273963
0.283816
0.271322
0.244669
0.238362
0.254816
0.277198
0.287475
0.228869
0.153606
0.098872
0.011117
-0.186969
-0.220574
-0.238056
-0.179973
-0.006591
0.089129
0.143895
0.101542
0.052573
-0.069298
-0.127471
-0.133130
-0.182998
-0.172869
-0.166402
-0.155893
-0.103673
-0.010006
0.079850
0.104395
0.123609
0.049835
-0.034616
-0.076702
-0.102046
-0.096835
-0.070449
-0.047064
-0.041817
-0.019998
0.023382
0.038161
0.070287
0.058712
0.009267
-0.056341
-0.105104
-0.138624
-0.138787
-0.113285
-0.096920
-0.101410
-0.098899
-0.094401
-0.074079
-0.038986
-0.024834
-0.042827
-0.076310
-0.115805
-0.137941
-0.119426
-0.084742
-0.051243
-0.030245
-0.024223
-0.032509
-0.029272
-0.017640
-0.002273
0.010154
0.016240
0.006997
0.002021
0.005526
0.025322
0.054733
0.086456
0.102270
0.125032
0.159168
0.223804
0.269486
0.273781
0.273426
0.261062
0.246728
0.260360
0.279852
0.291134
0.241932
0.169758
0.117441
0.035145
-0.169926
-0.223035
-0.242550
-0.195636
-0.014496
0.089511
0.156023
0.116082
0.067261
-0.055484
-0.122525
-0.126193
-0.179269
-0.175656
-0.169751
-0.164626
-0.109831
-0.015047
0.084076
0.110128
0.132159
0.060722
-0.030384
-0.074429
-0.100576
-0.096335
-0.068663
-0.046352
-0.040145
-0.022585
0.026080
0.039818
0.077142
0.065798
0.016032
-0.052232
-0.108865
-0.139243
-0.135412
-0.114127
-0.094654
-0.090012
-0.085408
-0.082547
-0.068700
-0.043917
-0.031570
-0.043415
-0.071131
-0.107527
-0.129057
-0.116218
-0.086616
-0.051869
-0.028297
-0.019685
-0.024176
-0.020888
-0.013359
-0.003236
0.004932
0.008643
0.006181
0.008644
0.015583
0.032876
0.055131
0.075662
0.085808
0.103218
0.134682
0.189608
0.258860
0.290040
0.285616
0.277033
0.251375
0.239708
0.250781
0.276414
0.260445
0.194513
0.145983
0.092410
-0.097755
-0.218512
-0.224045
-0.235737
-0.064882
0.061314
0.141579
0.126775
0.082167
-0.018415
-0.114953
-0.114060
-0.156523
-0.177796
-0.160409
-0.171542
-0.133356
-0.054778
0.055774
0.094880
0.125698
0.089506
-0.009249
-0.060041
-0.090125
-0.099070
-0.076042
-0.053119
-0.044337
-0.038904
0.009144
0.029701
0.061179
0.073876
0.028503
-0.033084
-0.096240
-0.129995
-0.138758
-0.115230
-0.102016
-0.104579
-0.095447
-0.096150
-0.074201
-0.038110
-0.023683
-0.030125
-0.065767
-0.103072
-0.136521
-0.120550
-0.090455
-0.055878
-0.026736
-0.023023
-0.028497
-0.028934
-0.017117
-0.002937
0.011304
0.018557
0.008192
0.010836
0.014646
0.027847
0.054383
0.075770
0.088298
0.101096
0.132850
0.180751
0.251094
0.295776
0.286032
0.272235
0.245687
0.232297
0.248244
0.277088
0.260291
0.197998
0.150563
0.077909
-0.144470
-0.233131
-0.244810
-0.223250
-0.032193
0.084128
0.152491
0.116794
0.074270
-0.037428
-0.112914
-0.103189
-0.159232
-0.173840
-0.167798
-0.176631
-0.128464
-0.034926
0.076688
0.106621
0.135872
0.076961
-0.019833
-0.063922
-0.089972
-0.094182
-0.069995
-0.050731
-0.048183
-0.036233
0.019834
0.037196
0.076610
0.074134
0.022367
-0.047788
-0.108323
-0.137516
-0.138678
-0.115838
-0.093014
-0.092569
-0.088904
-0.091261
-0.074653
-0.043568
-0.026412
-0.032883
-0.067900
-0.104836
-0.133661
-0.121246
-0.088351
-0.052714
-0.025996
-0.022374
-0.026177
-0.026562
-0.017460
-0.003597
0.006130
0.010617
0.002178
-0.001954
0.006342
0.026962
0.060989
0.085983
0.109372
0.124734
0.160848
0.219312
0.266190
0.282131
0.281353
0.262096
0.243262
0.252445
0.275085
0.270081
0.222354
0.158209
0.109449
-0.024162
-0.212698
-0.223411
-0.248654
-0.127295
0.032732
0.119991
0.144689
0.089009
0.023241
-0.093855
-0.116671
-0.133309
-0.181590
-0.167004
-0.179745
-0.155484
-0.088310
0.021957
0.097118
0.119643
0.115983
0.020268
-0.050001
-0.084865
-0.103000
-0.086362
-0.062829
-0.048997
-0.046495
-0.012216
0.027282
0.046517
0.079219
0.044342
-0.012072
-0.079182
-0.124010
-0.147192
-0.127475
-0.109135
-0.097436
-0.095060
-0.094156
-0.096747
-0.064695
-0.038117
-0.032082
-0.049822
-0.084255
-0.126566
-0.133376
-0.113236
-0.082433
-0.050456
-0.029622
-0.030278
-0.029796
-0.021471
-0.014234
-0.001788
0.007740
0.003267
-0.002028
-0.000784
0.008132
0.032196
0.061204
0.077847
0.094297
0.118471
0.158593
0.222986
0.273381
0.277442
0.269298
0.255089
0.240145
0.254847
0.274478
0.258578
0.204955
0.135784
0.096196
-0.086459
-0.232854
-0.232736
-0.253619
-0.086055
0.051438
0.137596
0.132471
0.079934
-0.004038
-0.119295
-0.116570
-0.159879
-0.191741
-0.178454
-0.190378
-0.150590
-0.071895
0.047480
0.098319
0.123155
0.096552
-0.009606
-0.065166
-0.099054
-0.108387
-0.089448
-0.067257
-0.056404
-0.052939
-0.004429
0.025945
0.055125
0.077143
0.034926
-0.019776
-0.082155
-0.126059
-0.162972
-0.161695
-0.133807
-0.125962
-0.084112
-0.064167
-0.070174
-0.050155
-0.056256
-0.060726
-0.083900
-0.094733
-0.124138
-0.123529
-0.099805
-0.087175
-0.056961
-0.037106
-0.030756
-0.024931
-0.018598
-0.014796
-0.015044
0.000797
-0.000771
0.001401
0.008505
0.005867
0.020693
0.043258
0.072131
0.099002
0.130144
0.165113
0.213451
0.259132
0.266960
0.269478
0.257930
0.242492
0.250637
0.264731
0.242542
0.180374
0.126809
0.090006
-0.085712
-0.221930
-0.226746
-0.246882
-0.084138
0.051802
0.133752
0.123874
0.072430
-0.019866
-0.126900
-0.121700
-0.157389
-0.182623
-0.166721
-0.179310
-0.146494
-0.071270
0.042059
0.088966
0.118981
0.088921
-0.013868
-0.067661
-0.097952
-0.104470
-0.081725
-0.058726
-0.051609
-0.051657
-0.005099
0.018817
0.051225
0.070257
0.029379
-0.035175
-0.095956
-0.135377
-0.148729
-0.117234
-0.102775
-0.100438
-0.089065
-0.094879
-0.096548
-0.077220
-0.063399
-0.057295
-0.067430
-0.083698
-0.118242
-0.116623
-0.103476
-0.084807
-0.059738
-0.044943
-0.041235
-0.035282
-0.021749
-0.014514
-0.006767
0.002710
-0.002429
-0.001601
0.001150
0.007343
0.026780
0.048934
0.073441
0.096096
0.121971
0.153453
0.210799
0.258373
0.267734
0.270977
0.256891
0.241094
0.242987
0.262137
0.243766
0.187845
0.138304
0.097323
-0.043694
-0.211544
-0.220550
-0.254049
-0.118932
0.029332
0.113586
0.129431
0.077328
0.000579
-0.114043
-0.124145
-0.147441
-0.183072
-0.163353
-0.175292
-0.151374
-0.085195
0.020614
0.080068
0.105614
0.096609
0.001171
-0.059400
-0.088824
-0.102377
-0.083225
-0.060141
-0.048826
-0.051167
-0.013451
0.016742
0.040139
0.067163
0.030979
-0.028852
-0.090609
-0.133004
-0.144586
-0.138585
-0.120430
-0.104824
-0.097312
-0.081708
-0.087367
-0.063464
-0.058952
-0.055387
-0.072924
-0.098623
-0.119143
-0.121769
-0.099623
-0.076047
-0.054169
-0.039802
-0.041313
-0.032266
-0.025711
-0.008966
-0.000170
0.006113
0.002197
-0.003917
0.000493
0.012110
0.035579
0.063013
0.081942
0.104378
0.120973
0.163654
0.224270
0.261529
0.270032
0.265877
0.249727
0.234988
0.249000
0.275423
0.246986
0.195833
0.133400
0.091328
-0.073640
-0.220188
-0.218681
-0.247756
-0.087704
0.038845
0.120330
0.122305
0.072012
-0.005712
-0.112713
-0.110860
-0.146781
-0.176213
-0.158372
-0.176374
-0.144571
-0.077820
0.031348
0.080072
0.109391
0.091572
-0.005341
-0.056937
-0.087086
-0.096315
-0.076039
-0.056144
-0.047163
-0.051930
-0.010318
0.012832
0.040478
0.065587
0.027882
-0.036336
-0.092671
-0.129784
-0.137832
-0.124849
-0.113793
-0.110940
-0.108310
-0.091457
-0.074806
-0.035584
-0.025374
-0.034621
-0.072123
-0.107971
-0.131999
-0.120447
-0.088758
-0.056016
-0.036032
-0.028117
-0.035559
-0.028602
-0.018105
-0.000062
0.007275
0.010117
-0.000212
-0.002682
0.006449
0.029179
0.052926
0.078200
0.091268
0.113164
0.140837
0.199816
0.255586
0.273485
0.273670
0.259087
0.238444
0.238841
0.258726
0.276689
0.236671
0.177297
0.126553
0.059783
-0.144170
-0.208522
-0.229102
-0.201867
-0.031876
0.066333
0.131688
0.101509
0.063407
-0.040445
-0.108212
-0.103907
-0.160243
-0.163831
-0.163356
-0.164719
-0.121552
-0.036018
0.059864
0.085886
0.113438
0.059346
-0.023917
-0.058942
-0.084343
-0.082112
-0.066572
-0.047863
-0.050863
-0.039846
0.005643
0.020230
0.054763
0.051110
0.013218
-0.041807
-0.089054
-0.128464
-0.130166
-0.119535
-0.110611
-0.105496
-0.095631
-0.089202
-0.075249
-0.045855
-0.037299
-0.043810
-0.066445
-0.100481
-0.119615
-0.109233
-0.084860
-0.058270
-0.035186
-0.027236
-0.029453
-0.020107
-0.011527
0.001146
0.008810
0.011016
0.003493
0.006437
0.018653
0.038375
0.062016
0.083105
0.097452
0.123190
0.157906
0.223797
0.272450
0.281035
0.274231
0.259824
0.241851
0.243870
0.271703
0.267056
0.216452
0.155074
0.111465
0.001373
-0.195138
-0.202560
-0.246074
-0.146377
0.009073
0.097193
0.133856
0.088210
0.042127
-0.076766
-0.103518
-0.115306
-0.172336
-0.155795
-0.169725
-0.149699
-0.099092
0.001751
0.072181
0.091724
0.105271
0.027406
-0.037065
-0.064228
-0.084535
-0.075693
-0.064346
-0.046968
-0.055698
-0.023768
0.016952
0.034396
0.063440
0.035928
-0.014033
-0.075435
-0.103525
-0.115127
-0.108091
-0.096908
-0.106491
-0.120586
-0.115386
-0.104317
-0.066081
-0.034381
-0.021664
-0.044508
-0.075046
-0.108429
-0.118043
-0.097692
-0.071081
-0.047525
-0.034560
-0.031978
-0.028675
-0.016105
0.001045
0.009800
0.015563
0.014468
0.007240
0.011111
0.025680
0.046611
0.065532
0.087497
0.109257
0.138151
0.183954
0.239137
0.268672
0.270829
0.266091
0.255106
0.245436
0.261406
0.279532
0.259308
0.206958
0.142957
0.113603
-0.038117
-0.201404
-0.208191
-0.251809
-0.111090
0.024433
0.121793
0.132548
0.089125
0.020427
-0.097387
-0.100186
-0.124441
-0.157973
-0.143410
-0.164322
-0.144951
-0.095676
0.016127
0.072171
0.105491
0.102408
0.013041
-0.046133
-0.075977
-0.087467
-0.070956
-0.053060
-0.040400
-0.055087
-0.017581
0.008910
0.037270
0.059825
0.033010
-0.019608
-0.082710
-0.106871
-0.127643
-0.113813
-0.110415
-0.118781
-0.114014
-0.102925
-0.065125
-0.031648
-0.010791
-0.022074
-0.065964
-0.097532
-0.125162
-0.107725
-0.080319
-0.047452
-0.032002
-0.032081
-0.030350
-0.029227
-0.007433
0.010315
0.018012
0.017968
0.006577
0.001665
0.008225
0.033054
0.058897
0.076870
0.089633
0.100920
0.141716
0.194906
0.253596
0.270152
0.255715
0.242911
0.230667
0.240143
0.268970
0.283206
0.263094
0.197107
0.133387
0.107616
-0.016337
-0.181884
-0.193530
-0.246293
-0.135166
-0.000680
0.101195
0.127921
0.095954
0.032071
-0.086595
-0.106700
-0.126113
-0.161011
-0.140147
-0.154376
-0.139771
-0.101404
0.000364
0.058751
0.094752
0.105076
0.025532
-0.036494
-0.069793
-0.086025
-0.073213
-0.053704
-0.038424
-0.052223
-0.024402
0.000348
0.023450
0.053563
0.029470
-0.005786
-0.077015
-0.107410
-0.126142
-0.123269
-0.093232
-0.107232
-0.102584
-0.109581
-0.101193
-0.074339
-0.049418
-0.026530
-0.051482
-0.069830
-0.108950
-0.116946
-0.094940
-0.071428
-0.041417
-0.036782
-0.031500
-0.035939
-0.021750
-0.002334
0.008425
0.019504
0.015679
0.008097
0.007141
0.018390
0.046291
0.065000
0.093523
0.100367
0.125044
0.163710
0.223008
0.263415
0.263830
0.253991
0.242006
0.239338
0.256670
0.272399
0.278355
0.219622
0.158815
0.118754
0.051245
-0.148114
-0.198131
-0.238957
-0.201518
-0.038984
0.066369
0.131796
0.104891
0.062666
-0.055489
-0.119948
-0.116887
-0.164173
-0.151485
-0.149468
-0.152264
-0.120934
-0.042670
0.045530
0.073986
0.108795
0.053597
-0.024972
-0.061278
-0.086137
-0.080914
-0.060744
-0.040710
-0.048344
-0.042971
-0.006024
0.005737
0.045219
0.048855
0.021566
-0.027861
-0.074331
-0.165430
-0.183300
-0.141883
-0.148519
-0.106958
-0.082088
-0.084709
-0.057278
-0.037990
-0.042804
-0.069362
-0.077258
-0.118567
-0.129646
-0.094874
-0.083694
-0.051794
-0.026068
-0.018625
-0.030748
-0.019219
-0.010473
-0.007718
0.020899
0.026748
0.017631
0.023728
0.021709
0.034261
0.057195
0.085560
0.095241
0.129249
0.171099
0.217727
0.254663
0.268757
0.255281
0.243002
0.241236
0.247703
0.259095
0.278913
0.228273
0.168110
0.138030
0.065399
-0.143394
-0.201025
-0.240393
-0.212699
-0.038524
0.069018
0.129856
0.101430
0.057962
-0.060275
-0.119456
-0.108444
-0.158872
-0.153717
-0.150167
-0.162020
-0.127198
-0.041416
0.048882
0.077941
0.113659
0.055616
-0.027773
-0.061834
-0.085096
-0.081581
-0.056638
-0.041312
-0.048531
-0.043736
-0.002359
0.007609
0.051116
0.044864
-0.005050
-0.059852
-0.105556
-0.131261
-0.129410
-0.109419
-0.108514
-0.110073
-0.100438
-0.100352
-0.066794
-0.041656
-0.034621
-0.052455
-0.083567
-0.112519
-0.123810
-0.094447
-0.069252
-0.042072
-0.027799
-0.031942
-0.034240
-0.025535
-0.009577
0.003895
0.017857
0.022819
0.015819
0.022943
0.024295
0.040709
0.058693
0.083032
0.102046
0.135200
0.175811
0.222370
0.255259
0.258890
0.252348
0.243183
0.238797
0.258185
0.272505
0.275372
0.219728
0.153564
0.120632
0.045248
-0.137557
-0.191056
-0.226226
-0.187150
-0.027635
0.071337
0.126962
0.096989
0.041802
-0.073232
-0.127825
-0.125779
-0.160513
-0.144862
-0.138673
-0.145736
-0.110916
-0.034281
0.043555
0.076676
0.103914
0.043312
-0.031885
-0.068315
-0.089836
-0.080615
-0.051172
-0.036590
-0.042262
-0.035796
-0.007949
0.002696
0.036675
0.029577
-0.010113
-0.063966
-0.101352
-0.131269
-0.122169
-0.132004
-0.123136
-0.117787
-0.109303
-0.078763
-0.052580
-0.030961
-0.035944
-0.063089
-0.097689
-0.126853
-0.116286
-0.095365
-0.056611
-0.033227
-0.029066
-0.034293
-0.038842
-0.025408
-0.008913
0.011098
0.018163
0.017250
0.020324
0.019889
0.029536
0.043971
0.058526
0.077433
0.092278
0.126981
0.169822
0.225182
0.259821
0.262033
0.248688
0.236842
0.238798
0.249674
0.271422
0.275015
0.224577
0.159898
0.131491
0.048074
-0.151502
-0.188152
-0.242829
-0.190979
-0.028899
0.062243
0.121714
0.088901
0.041463
-0.081380
-0.125774
-0.127042
-0.175001
-0.149150
-0.152673
-0.154421
-0.113709
-0.031675
0.044617
0.076116
0.106847
0.035799
-0.034313
-0.067303
-0.095700
-0.083133
-0.056773
-0.042112
-0.048038
-0.034596
-0.007529
0.000756
0.037287
0.021489
-0.018452
-0.069413
-0.101823
-0.125491
-0.133222
-0.131882
-0.123941
-0.127347
-0.105201
-0.087325
-0.059556
-0.041607
-0.046646
-0.076659
-0.103813
-0.121994
-0.118995
-0.093125
-0.061844
-0.046529
-0.036465
-0.038256
-0.035356
-0.024930
-0.006594
0.004154
0.012816
0.014784
0.014994
0.018513
0.030914
0.043593
0.062161
0.077045
0.097965
0.130818
0.181501
0.224500
0.254877
0.258665
0.245013
0.241607
0.244359
0.254816
0.273719
0.256782
0.198399
0.139203
0.115122
-0.050395
-0.194730
-0.206740
-0.247190
-0.106892
0.021751
0.099327
0.106075
0.062773
-0.017890
-0.125150
-0.119221
-0.150323
-0.170693
-0.143686
-0.164560
-0.141695
-0.083844
0.010077
0.057461
0.092874
0.082761
-0.005144
-0.047882
-0.079416
-0.093923
-0.068907
-0.052884
-0.049102
-0.053741
-0.021356
-0.007453
0.019957
0.043476
0.009422
-0.027953
-0.086168
-0.114779
-0.122022
-0.114352
-0.096436
-0.129094
-0.128984
-0.131716
-0.119425
-0.063300
-0.045541
-0.030771
-0.063592
-0.092659
-0.129937
-0.130572
-0.098692
-0.077340
-0.043015
-0.035779
-0.039294
-0.032249
-0.023295
-0.000633
0.007006
0.022540
0.012790
0.013234
0.024651
0.035085
0.056284
0.067110
0.075764
0.095341
0.125659
0.175801
0.218223
0.269169
0.274743
0.254151
0.247334
0.239592
0.250246
0.284817
0.274830
0.211048
0.157368
0.101749
-0.124446
-0.222106
-0.234164
-0.232950
-0.049724
0.062448
0.127190
0.098889
0.053238
-0.049771
-0.129240
-0.105520
-0.157600
-0.162890
-0.151875
-0.173356
-0.136752
-0.057266
0.042674
0.078122
0.115875
0.071470
-0.021576
-0.052810
-0.083568
-0.084071
-0.056275
-0.044509
-0.048104
-0.046143
-0.005050
0.006316
0.048540
0.062161
0.023273
-0.017186
-0.059861
-0.105760
-0.145317
-0.125481
-0.124606
-0.122929
-0.082764
-0.100057
-0.080400
-0.059219
-0.051901
-0.052632
-0.065109
-0.080770
-0.117419
-0.099193
-0.092691
-0.078403
-0.044406
-0.034510
-0.024681
-0.016148
-0.004052
-0.001492
0.011368
0.028341
0.019092
0.032560
0.032733
0.037735
0.056152
0.070365
0.086936
0.106999
0.141346
0.168688
0.206630
0.257797
0.282867
0.277335
0.267290
0.260955
0.248350
0.279184
0.278478
0.223631
0.174534
0.137399
-0.042263
-0.207521
-0.211056
-0.247252
-0.093578
0.054161
0.127685
0.126760
0.078809
-0.006445
-0.112751
-0.102236
-0.128762
-0.164356
-0.141320
-0.166536
-0.146299
-0.075101
0.030599
0.083861
0.117935
0.102641
0.003018
-0.044348
-0.067555
-0.083727
-0.055105
-0.039901
-0.041329
-0.048669
-0.012443
0.007931
0.040372
0.072270
0.040841
-0.008178
-0.056323
-0.108475
-0.145758
-0.122065
-0.128371
-0.103501
-0.079395
-0.088213
-0.081628
-0.072680
-0.056626
-0.057436
-0.055069
-0.072050
-0.104270
-0.093104
-0.095065
-0.072579
-0.049168
-0.031956
-0.027606
-0.018387
-0.008019
-0.005355
0.011957
0.026306
0.025010
0.036421
0.028914
0.033842
0.048069
0.074968
0.101450
0.133718
0.167862
0.192988
0.232773
0.266725
0.264922
0.271127
0.269906
0.258598
0.262123
0.274385
0.238557
0.189378
0.160144
0.094963
-0.129663
-0.204624
-0.245550
-0.220806
-0.030616
0.077929
0.143655
0.108107
0.055300
-0.063137
-0.125835
-0.106127
-0.156545
-0.148037
-0.149077
-0.168220
-0.128792
-0.044467
0.052806
0.087191
0.122293
0.062202
-0.028024
-0.057261
-0.087168
-0.078131
-0.051143
-0.038780
-0.048061
-0.044275
-0.003445
0.007825
0.056031
0.059499
0.006449
-0.050569
-0.100314
-0.125572
-0.119034
-0.099012
-0.099701
-0.111469
-0.108696
-0.121199
-0.089298
-0.053612
-0.033127
-0.038037
-0.064109
-0.099132
-0.122095
-0.103449
-0.079865
-0.054496
-0.032623
-0.036358
-0.035965
-0.026972
-0.008317
0.005480
0.018327
0.018828
0.008355
0.016545
0.026450
0.044864
0.068711
0.086962
0.103316
0.125563
0.162406
0.202943
0.251672
0.275173
0.262788
0.261724
0.252636
0.249067
0.265593
0.269321
0.224334
0.167088
0.144082
0.014546
-0.190570
-0.207023
-0.262406
-0.156671
0.007758
0.101764
0.131661
0.089447
0.029446
-0.095485
-0.111997
-0.118136
-0.168026
-0.145703
-0.163308
-0.159247
-0.111180
-0.007253
0.060751
0.092893
0.109255
0.022693
-0.042372
-0.065425
-0.087178
-0.069186
-0.051642
-0.045013
-0.063009
-0.036711
-0.003776
0.020210
0.063791
0.047930
-0.009218
-0.060720
-0.115586
-0.139768
-0.113213
-0.122487
-0.104027
-0.103104
-0.111228
-0.102033
-0.081588
-0.059759
-0.050728
-0.048920
-0.070379
-0.101921
-0.100389
-0.103012
-0.077985
-0.054357
-0.036664
-0.034441
-0.025046
-0.013833
-0.005379
0.011038
0.020367
0.017573
0.026019
0.028002
0.038453
0.048031
0.068475
0.083687
0.115321
0.148061
0.183449
0.225635
0.259947
0.268681
0.261611
0.251870
0.251768
0.245090
0.273321
0.266315
0.211078
0.166573
0.129152
-0.054613
-0.209600
-0.221328
-0.255589
-0.103566
0.042573
0.120525
0.120690
0.078177
-0.005290
-0.107545
-0.096476
-0.123388
-0.159608
-0.142181
-0.167612
-0.151730
-0.084664
0.020618
0.071069
0.106382
0.095677
0.004781
-0.043691
-0.063731
-0.078560
-0.058438
-0.043304
-0.046139
-0.058540
-0.020012
0.001915
0.033803
0.059827
0.020816
-0.039657
-0.083550
-0.115297
-0.131436
-0.110097
-0.112089
-0.125453
-0.117301
-0.105471
-0.077775
-0.038276
-0.021985
-0.040098
-0.067948
-0.095498
-0.120217
-0.098653
-0.069964
-0.043583
-0.027348
-0.022950
-0.032190
-0.026797
-0.007901
0.007109
0.019392
0.028942
0.021030
0.023328
0.031216
0.048041
0.065400
0.090459
0.110783
0.138119
0.179550
0.218228
0.243882
0.266393
0.259356
0.259213
0.258189
0.260485
0.265620
0.269309
0.227808
0.163902
0.145048
0.056062
-0.155443
-0.198650
-0.245827
-0.191976
-0.022853
0.082817
0.130777
0.094728
0.050591
-0.072159
-0.112982
-0.101551
-0.153022
-0.141995
-0.150362
-0.160661
-0.126665
-0.033106
0.052542
0.083241
0.116090
0.048031
-0.030925
-0.059517
-0.081179
-0.071469
-0.049286
-0.035492
-0.054452
-0.044633
-0.006871
0.006041
0.048674
0.037741
-0.010455
-0.064967
-0.094374
-0.112382
-0.117207
-0.106041
-0.120550
-0.133928
-0.115791
-0.105484
-0.067596
-0.035921
-0.028159
-0.053733
-0.078654
-0.107000
-0.115218
-0.086926
-0.058946
-0.042884
-0.031057
-0.035805
-0.034848
-0.021916
0.002079
0.011475
0.022941
0.024653
0.020422
0.027556
0.041884
0.057343
0.074381
0.096462
0.123827
0.159950
0.204436
0.232261
0.252579
0.252156
0.256812
0.254224
0.263177
0.272121
0.273741
0.245790
0.182826
0.136070
0.101368
-0.110228
-0.208572
-0.239401
-0.245144
-0.074068
0.049285
0.136679
0.113121
0.074459
-0.031849
-0.123948
-0.104612
-0.149096
-0.155679
-0.150275
-0.170477
-0.147063
-0.077538
0.031284
0.067770
0.108569
0.073367
-0.020069
-0.060098
-0.085351
-0.084651
-0.062456
-0.045924
-0.051594
-0.064770
-0.023209
-0.007826
0.033956
0.048033
0.003038
-0.055723
-0.100082
-0.123318
-0.137201
-0.116174
-0.102683
-0.131380
-0.114137
-0.121968
-0.104534
-0.067450
-0.046448
-0.051492
-0.071210
-0.088867
-0.120010
-0.106999
-0.080674
-0.070964
-0.047974
-0.043191
-0.042890
-0.036654
-0.012951
-0.000150
0.009008
0.024071
0.015766
0.016985
0.030160
0.040582
0.059287
0.080433
0.102740
0.124836
0.164394
0.204753
0.242805
0.259722
0.246478
0.251438
0.244176
0.247290
0.270245
0.262019
0.220007
0.150066
0.128490
-0.015822
-0.209448
-0.220781
-0.276613
-0.157553
-0.000863
0.097905
0.124585
0.081122
0.026048
-0.103106
-0.112844
-0.125124
-0.173411
-0.152123
-0.173683
-0.165127
-0.122256
-0.017272
0.047727
0.078975
0.098751
0.015240
-0.045008
-0.071235
-0.091503
-0.078685
-0.064201
-0.054656
-0.072630
-0.044366
-0.011655
0.009540
0.047230
0.023193
-0.026236
-0.082690
-0.109024
-0.122486
-0.115915
-0.102460
-0.112383
-0.125270
-0.133044
-0.125947
-0.099040
-0.067171
-0.045623
-0.060038
-0.073467
-0.104040
-0.112646
-0.102168
-0.083106
-0.065571
-0.054861
-0.047657
-0.040648
-0.026485
-0.007835
0.000394
0.010734
0.009482
0.014231
0.019561
0.032854
0.046470
0.061799
0.081898
0.108004
0.141891
0.179060
0.212256
0.250936
0.257148
0.249742
0.250595
0.242381
0.252112
0.267632
0.252276
0.200437
0.145917
0.121431
-0.034658
-0.200806
-0.215807
-0.264743
-0.131028
0.013660
0.104839
0.119320
0.079618
0.009773
-0.103931
-0.103731
-0.123483
-0.162141
-0.143261
-0.168111
-0.155346
-0.105353
-0.002882
0.052498
0.087173
0.092533
0.007024
-0.043008
-0.065407
-0.080417
-0.063106
-0.049342
-0.046841
-0.065400
-0.034213
-0.009867
0.017995
0.055401
0.040421
-0.000517
-0.038268
-0.100395
-0.172054
-0.134316
-0.141085
-0.131026
-0.093118
-0.096165
-0.093840
-0.070483
-0.055358
-0.069167
-0.064299
-0.074021
-0.115452
-0.095082
-0.088689
-0.076538
-0.051910
-0.029772
-0.035417
-0.031896
-0.012858
-0.013672
0.004148
0.030889
0.023597
0.030806
0.032889
0.039648
0.050844
0.082102
0.101525
0.123988
0.162363
0.196336
0.227638
0.267270
0.262549
0.259755
0.259500
0.257403
0.255872
0.271447
0.250205
0.191308
0.155775
0.109493
-0.106906
-0.206956
-0.234053
-0.239183
-0.068003
0.059517
0.129145
0.108744
0.072172
-0.031091
-0.112104
-0.090267
-0.134063
-0.150677
-0.142523
-0.166520
-0.144085
-0.068359
0.034855
0.069163
0.109738
0.076190
-0.011667
-0.049157
-0.066835
-0.072704
-0.051570
-0.038054
-0.048408
-0.057045
-0.016401
-0.001270
0.037660
0.050449
0.004021
-0.056112
-0.099512
-0.117340
-0.120762
-0.099642
-0.086090
-0.103072
-0.107177
-0.105622
-0.101376
-0.066696
-0.043071
-0.045917
-0.060836
-0.080885
-0.102952
-0.093915
-0.067577
-0.050786
-0.038167
-0.032059
-0.037284
-0.029254
-0.008416
0.009285
0.020097
0.028655
0.022056
0.018258
0.028531
0.045689
0.067845
0.093361
0.113487
0.136490
0.169132
0.203522
0.247226
0.267517
0.255574
0.253228
0.243009
0.249577
0.261938
0.269315
0.233636
0.176630
0.153020
0.053738
-0.159111
-0.199780
-0.256028
-0.189057
-0.026400
0.077314
0.121273
0.091934
0.046857
-0.065066
-0.099460
-0.096974
-0.152399
-0.143883
-0.157664
-0.166072
-0.125729
-0.036751
0.043152
0.073456
0.104342
0.038691
-0.026600
-0.050271
-0.071760
-0.065374
-0.048374
-0.047243
-0.062423
-0.052320
-0.015314
-0.000249
0.036284
0.017481
-0.027210
-0.072329
-0.100877
-0.111183
-0.115867
-0.105737
-0.117096
-0.129667
-0.116368
-0.110770
-0.076181
-0.048930
-0.042682
-0.055201
-0.077534
-0.094524
-0.100293
-0.077669
-0.059407
-0.047129
-0.035863
-0.038651
-0.029195
-0.013980
0.005918
0.018330
0.026696
0.026988
0.022927
0.032687
0.047776
0.066261
0.090157
0.111740
0.136849
0.165527
0.197836
0.234633
0.263181
0.261065
0.255848
0.253279
0.247506
0.259794
0.266844
0.231016
0.176850
0.152000
-0.002785
-0.204383
-0.220044
-0.270314
-0.142734
0.014813
0.109558
0.121081
0.079750
0.012358
-0.099476
-0.103984
-0.106812
-0.159898
-0.139635
-0.171690
-0.168016
-0.114395
-0.010066
0.054844
0.086717
0.094808
0.008503
-0.046454
-0.059455
-0.077341
-0.056174
-0.043862
-0.048692
-0.069394
-0.045938
-0.014148
0.012757
0.056003
0.043681
-0.007709
-0.045236
-0.138832
-0.193718
-0.134976
-0.131881
-0.093370
-0.080100
-0.103918
-0.108400
-0.086515
-0.062292
-0.067134
-0.049058
-0.073566
-0.109492
-0.091308
-0.093750
-0.073305
-0.043575
-0.025447
-0.033613
-0.029568
-0.014993
-0.013395
0.022388
0.041387
0.032788
0.032335
0.022640
0.027893
0.053670
0.088625
0.108213
0.135067
0.164037
0.185065
0.231620
0.269762
0.263449
0.259545
0.252468
0.233012
0.242187
0.259741
0.224420
0.180914
0.161659
0.025567
-0.182361
-0.208936
-0.261930
-0.161999
0.004175
0.095167
0.111638
0.077388
0.014981
-0.091635
-0.101857
-0.098480
-0.154870
-0.140303
-0.161914
-0.168408
-0.113624
-0.017778
0.049695
0.080433
0.095253
0.015639
-0.043249
-0.056923
-0.075925
-0.060660
-0.042388
-0.048027
-0.064449
-0.042357
-0.011013
0.008788
0.035598
0.007464
-0.046197
-0.090536
-0.114613
-0.115392
-0.095686
-0.073992
-0.092190
-0.110894
-0.115842
-0.123754
-0.091381
-0.058091
-0.045901
-0.050571
-0.066362
-0.089553
-0.096100
-0.075499
-0.062050
-0.048938
-0.037621
-0.041474
-0.034238
-0.016941
0.001143
0.013327
0.024449
0.024281
0.021058
0.031852
0.047617
0.066397
0.090327
0.108664
0.128603
0.151417
0.183712
0.231452
0.267055
0.265518
0.260586
0.248571
0.235839
0.250233
0.263967
0.235489
0.192837
0.165048
0.043811
-0.174566
-0.206523
-0.259695
-0.167633
0.002924
0.092528
0.121380
0.080964
0.018586
-0.086306
-0.103888
-0.094618
-0.145406
-0.132436
-0.153062
-0.166959
-0.114732
-0.026373
0.049066
0.079688
0.098361
0.023993
-0.035705
-0.049208
-0.069475
-0.055346
-0.037144
-0.044712
-0.058876
-0.044785
-0.012772
0.005518
0.034439
0.013182
-0.033058
-0.069889
-0.101955
-0.105210
-0.101166
-0.096771
-0.087605
-0.103374
-0.096583
-0.112377
-0.101445
-0.074666
-0.061739
-0.051502
-0.061996
-0.075313
-0.082420
-0.074733
-0.060372
-0.058222
-0.043325
-0.042259
-0.029266
-0.012539
0.001285
0.014379
0.023722
0.030974
0.030998
0.033230
0.045002
0.057297
0.090394
0.115667
0.145673
0.168719
0.198366
0.231635
0.248964
0.248666
0.251236
0.247629
0.250766
0.260246
0.261930
0.237451
0.198333
0.169880
0.087932
-0.134538
-0.194262
-0.252357
-0.197174
-0.027406
0.074059
0.127837
0.091662
0.036577
-0.069782
-0.110864
-0.094755
-0.138571
-0.127087
-0.139163
-0.162854
-0.122392
-0.048553
0.040476
0.077134
0.106684
0.044671
-0.028069
-0.050393
-0.071459
-0.056441
-0.032578
-0.033891
-0.048325
-0.048951
-0.018324
-0.002853
0.031640
0.021232
-0.021113
-0.058388
-0.083367
-0.094122
-0.087196
-0.090860
-0.104258
-0.120379
-0.127942
-0.121681
-0.093058
-0.054336
-0.037952
-0.042878
-0.065726
-0.093981
-0.098825
-0.082803
-0.060998
-0.046068
-0.039081
-0.041578
-0.037438
-0.018814
0.002674
0.021035
0.033190
0.031918
0.029020
0.029060
0.042574
0.061959
0.090064
0.114546
0.140265
0.162213
0.191455
0.226994
0.258546
0.261861
0.262264
0.252580
0.244674
0.254875
0.263339
0.240334
0.196559
0.162167
0.074191
-0.146284
-0.191749
-0.238003
-0.177119
-0.009236
0.077895
0.118182
0.077407
0.026995
-0.073235
-0.107265
-0.093434
-0.143174
-0.136537
-0.144538
-0.159956
-0.110400
-0.033851
0.045098
0.068828
0.090692
0.028385
-0.036257
-0.049033
-0.065519
-0.054578
-0.035168
-0.041061
-0.052663
-0.046138
-0.011531
0.004504
0.034956
0.017703
-0.033678
-0.076447
-0.104526
-0.121819
-0.097686
-0.080586
-0.081551
-0.089181
-0.097330
-0.110537
-0.101065
-0.079434
-0.066562
-0.059537
-0.059964
-0.080699
-0.085907
-0.077259
-0.066635
-0.056606
-0.043857
-0.043300
-0.035870
-0.018828
-0.004211
0.006794
0.021276
0.020864
0.022693
0.026836
0.034312
0.049142
0.076625
0.097178
0.125363
0.148216
0.174675
0.204904
0.237714
0.245877
0.243035
0.239616
0.233034
0.235413
0.258920
0.240867
0.215804
0.174505
0.144714
-0.025583
-0.181380
-0.209828
-0.252495
-0.104573
0.021776
0.098238
0.102058
0.054184
-0.025025
-0.109731
-0.099889
-0.115196
-0.142526
-0.124164
-0.161480
-0.146386
-0.091682
-0.002816
0.048702
0.077554
0.065252
-0.015996
-0.048402
-0.062651
-0.068760
-0.041943
-0.038038
-0.048425
-0.061946
-0.038581
-0.018316
0.012220
0.038123
0.003936
-0.064050
-0.108792
-0.120000
-0.117916
-0.070639
-0.071014
-0.089196
-0.100039
-0.126785
-0.127793
-0.103597
-0.074590
-0.061352
-0.061320
-0.069884
-0.099241
-0.089075
-0.077616
-0.065818
-0.053359
-0.053361
-0.054868
-0.044212
-0.017734
-0.000772
0.009495
0.019021
0.005634
0.010969
0.019928
0.037640
0.058748
0.081287
0.094245
0.112132
0.134681
0.166747
0.203625
0.240510
0.242239
0.244352
0.230476
0.220574
0.227818
0.241457
0.227792
0.204850
0.168629
0.121052
-0.088349
-0.196588
-0.238259
-0.237321
-0.070386
0.036504
0.104817
0.084396
0.036837
-0.052935
-0.114439
-0.098394
-0.132255
-0.141913
-0.138834
-0.170544
-0.138106
-0.077089
0.011527
0.049057
0.078369
0.041746
-0.029498
-0.049314
-0.066875
-0.061676
-0.041630
-0.044861
-0.058619
-0.065617
-0.036433
-0.016251
0.015589
0.015761
-0.027624
-0.069809
-0.101009
-0.112052
-0.099254
-0.081584
-0.076126
-0.090330
-0.102510
-0.122381
-0.128865
-0.100252
-0.078930
-0.058679
-0.056080
-0.072107
-0.087769
-0.085914
-0.076769
-0.069918
-0.058856
-0.055638
-0.051678
-0.032687
-0.017683
-0.003513
0.007432
0.012876
0.012226
0.016659
0.023726
0.035505
0.056244
0.080808
0.100526
0.127976
0.151409
0.182484
0.213674
0.236040
0.232247
0.236828
0.230696
0.227158
0.235222
0.238143
0.215164
0.186652
0.152487
0.105470
-0.088735
-0.179890
-0.225153
-0.214264
-0.059686
0.039090
0.102744
0.080254
0.031015
-0.060149
-0.115139
-0.101250
-0.128467
-0.130988
-0.128151
-0.156816
-0.128589
-0.068339
0.014670
0.053151
0.082496
0.043379
-0.027921
-0.051243
-0.068309
-0.061121
-0.037464
-0.037536
-0.048237
-0.054171
-0.027306
-0.010761
0.014430
0.011134
-0.029089
-0.069069
-0.103863
-0.116174
-0.098151
-0.075969
-0.060674
-0.066092
-0.087011
-0.113496
-0.117098
-0.097446
-0.073392
-0.051556
-0.051369
-0.065251
