-0.101361
-0.104774
-0.069029
-0.047668
-0.029844
-0.042967
-0.031921
0.021806
0.068894
0.108904
0.111145
0.070682
-0.008074
-0.101935
-0.140554
-0.130330
-0.069854
-0.002264
0.047547
0.081974
0.068070
0.039347
0.017313
0.005512
0.004971
-0.015774
-0.055399
-0.110553
-0.157677
-0.151252
-0.082793
0.020375
0.102065
0.122554
0.086998
0.006797
-0.073296
-0.117307
-0.110791
-0.072118
-0.029594
0.005207
0.029747
0.046856
0.055812
0.058240
0.053949
0.030611
-0.002625
-0.028690
-0.031017
-0.007245
0.030139
0.063768
0.082572
0.072094
0.046838
0.029662
0.027736
0.036603
0.054618
0.072566
0.093990
0.114228
0.126456
0.065099
-0.066514
-0.176036
-0.244584
-0.204620
-0.102179
0.026386
0.164154
0.210313
0.163548
0.065749
-0.023860
-0.079008
-0.109508
-0.092962
-0.070518
-0.055655
-0.053611
-0.055365
-0.006094
0.055661
0.106964
0.132947
0.106009
0.037894
-0.063492
-0.137168
-0.151301
-0.114728
-0.042477
0.017572
0.065609
0.078896
0.057080
0.036761
0.020660
0.015621
0.001272
-0.034656
-0.092676
-0.150647
-0.170590
-0.131875
-0.032865
0.066026
0.123081
0.121123
0.056147
-0.028622
-0.097280
-0.123286
-0.101815
-0.062720
-0.021097
0.011668
0.038487
0.054510
0.062486
0.064229
0.044857
0.013143
-0.020981
-0.039305
-0.023831
0.008167
0.047461
0.074546
0.076356
0.055708
0.028770
0.015001
0.022516
0.045865
0.071181
0.088253
0.096410
0.100616
0.110043
0.064157
-0.046644
-0.155907
-0.224011
-0.208441
-0.125249
-0.005713
0.130367
0.202286
0.179032
0.092106
0.001013
-0.067347
-0.110059
-0.108372
-0.084450
-0.061627
-0.053414
-0.050218
-0.011090
0.046808
0.097517
0.123948
0.110224
0.051233
-0.044023
-0.124440
-0.151617
-0.125105
-0.062171
0.001191
0.054995
0.079194
0.067166
0.044779
0.026972
0.017498
0.001334
-0.027974
-0.068852
-0.122532
-0.155026
-0.153410
-0.086971
0.014367
0.089314
0.124095
0.091983
0.020156
-0.057032
-0.115100
-0.120406
-0.092904
-0.048125
-0.005934
0.028859
0.056869
0.066406
0.068289
0.053271
0.024506
-0.005282
-0.032112
-0.031147
-0.010281
0.026503
0.063762
0.079249
0.073328
0.047729
0.031104
0.028129
0.042609
0.066283
0.079995
0.102772
0.118574
0.131894
0.061396
-0.087402
-0.197077
-0.262966
-0.213662
-0.102114
0.038415
0.186944
0.226846
0.171086
0.062580
-0.030310
-0.085272
-0.120467
-0.098827
-0.075288
-0.062160
-0.061079
-0.060717
0.000558
0.068314
0.122725
0.146425
0.110954
0.033064
-0.081352
-0.155153
-0.161141
-0.116344
-0.036612
0.023971
0.073823
0.083233
0.058232
0.039745
0.025961
0.023109
0.002396
-0.035196
-0.074984
-0.135283
-0.174941
-0.154643
-0.070835
0.041194
0.112006
0.125742
0.086871
0.006267
-0.077459
-0.123440
-0.115892
-0.084048
-0.044074
-0.004739
0.031874
0.060812
0.070415
0.071046
0.059131
0.026169
-0.012591
-0.039036
-0.033691
-0.006123
0.032937
0.065913
0.079884
0.072281
0.045806
0.029952
0.030408
0.043860
0.067508
0.088035
0.108636
0.122638
0.124045
0.033697
-0.110775
-0.211829
-0.259735
-0.189036
-0.070780
0.068937
0.198311
0.217476
0.148549
0.041935
-0.039766
-0.088292
-0.113523
-0.093078
-0.078182
-0.067341
-0.065605
-0.051925
0.019692
0.088712
0.136141
0.143579
0.093733
0.005179
-0.103743
-0.161141
-0.153203
-0.096609
-0.019831
0.033738
0.075020
0.076473
0.053952
0.040482
0.030511
0.024418
-0.004305
-0.048524
-0.086753
-0.124217
-0.140363
-0.127134
-0.064102
0.019655
0.076086
0.097875
0.070013
0.017883
-0.044343
-0.096682
-0.107779
-0.095137
-0.063257
-0.023704
0.020941
0.060334
0.077178
0.075444
0.052000
0.020458
-0.012038
-0.036125
-0.028349
-0.005378
0.027408
0.055922
0.067402
0.062479
0.049225
0.042388
0.041406
0.051649
0.062892
0.073172
0.089909
0.101463
0.121112
0.088506
-0.056438
-0.170707
-0.255625
-0.227387
-0.115433
0.012201
0.169155
0.229943
0.183753
0.074207
-0.028846
-0.080067
-0.117303
-0.099622
-0.073170
-0.061835
-0.056218
-0.066866
-0.011716
0.063285
0.120097
0.148951
0.114762
0.040019
-0.072495
-0.155016
-0.161138
-0.118508
-0.035052
0.022952
0.067827
0.081108
0.055672
0.039957
0.029549
0.029157
0.013008
-0.031350
-0.071216
-0.117382
-0.139936
-0.131044
-0.077761
0.006384
0.063915
0.088024
0.070427
0.021352
-0.031623
-0.081253
-0.094339
-0.088513
-0.065343
-0.033978
0.001645
0.039480
0.060946
0.067576
0.056769
0.027051
0.001551
-0.023209
-0.024238
-0.009701
0.016473
0.044707
0.056943
0.056727
0.050161
0.047049
0.054727
0.048776
0.049249
0.046145
0.050243
0.063850
0.079607
0.108943
0.122360
-0.001684
-0.124303
-0.222712
-0.235814
-0.135421
-0.028699
0.123516
0.210566
0.184224
0.086836
-0.018377
-0.062624
-0.095832
-0.085449
-0.052902
-0.049781
-0.047663
-0.075654
-0.043886
0.035001
0.096402
0.139480
0.122512
0.062465
-0.039092
-0.132855
-0.148044
-0.117252
-0.041418
0.014665
0.050830
0.070796
0.046000
0.031476
0.027066
0.033523
0.028871
-0.011895
-0.053081
-0.097694
-0.130191
-0.142745
-0.107880
-0.025315
0.045900
0.088321
0.083780
0.044312
-0.007512
-0.067691
-0.093368
-0.092103
-0.073435
-0.043312
-0.007306
0.037121
0.063538
0.074597
0.064293
0.036453
0.006815
-0.023473
-0.027259
-0.011279
0.014717
0.046679
0.062573
0.074181
0.060796
0.045497
0.040617
0.038592
0.055480
0.064859
0.082132
0.107268
0.122882
0.119070
-0.015676
-0.146082
-0.235885
-0.251475
-0.139824
-0.021394
0.136595
0.225911
0.194245
0.101486
-0.009202
-0.063719
-0.100598
-0.097522
-0.064732
-0.066375
-0.060686
-0.076210
-0.037402
0.047828
0.109341
0.154430
0.132885
0.062419
-0.043677
-0.142383
-0.157852
-0.126865
-0.048352
0.016355
0.054944
0.077671
0.054140
0.040299
0.036105
0.036133
0.028068
-0.016254
-0.060637
-0.105797
-0.129203
-0.127316
-0.085064
-0.012604
0.041508
0.073688
0.065163
0.033660
-0.006815
-0.056161
-0.076870
-0.083112
-0.071960
-0.047943
-0.016885
0.025330
0.051834
0.067152
0.059560
0.034607
0.010624
-0.014980
-0.018600
-0.009826
0.007128
0.034873
0.048575
0.052653
0.049801
0.046147
0.048663
0.051538
0.055712
0.061448
0.063712
0.058915
0.056815
0.067574
0.092881
0.083569
-0.026202
-0.125150
-0.198194
-0.190186
-0.101555
0.002127
0.131682
0.190006
0.151374
0.061089
-0.025265
-0.066452
-0.093376
-0.076716
-0.048337
-0.041811
-0.041805
-0.056497
-0.017549
0.046338
0.093462
0.120752
0.096655
0.036065
-0.055687
-0.124238
-0.126812
-0.091454
-0.025088
0.021873
0.054536
0.064065
0.041478
0.029018
0.024695
0.026581
0.015334
-0.021264
-0.054552
-0.097365
-0.119180
-0.119574
-0.090310
-0.012835
0.040301
0.077881
0.075115
0.030713
-0.011730
-0.063894
-0.085854
-0.082723
-0.064085
-0.030523
-0.000768
0.037216
0.056974
0.067585
0.061701
0.032547
0.011788
-0.013665
-0.019842
-0.006177
0.011702
0.042742
0.058738
0.065053
0.055301
0.047979
0.050979
0.055884
0.064996
0.069090
0.078020
0.094341
0.112554
0.104410
-0.017869
-0.141064
-0.228656
-0.236987
-0.131866
-0.013793
0.137652
0.221608
0.189865
0.093817
-0.013587
-0.069063
-0.103092
-0.095658
-0.063503
-0.059176
-0.053849
-0.068711
-0.030414
0.047700
0.107469
0.146774
0.124983
0.056310
-0.048080
-0.140529
-0.155322
-0.121558
-0.043802
0.019293
0.059178
0.077941
0.054146
0.037449
0.030127
0.029929
0.021158
-0.019516
-0.060859
-0.100967
-0.114237
-0.099140
-0.068219
-0.019008
0.020631
0.040969
0.043733
0.021154
-0.004433
-0.032573
-0.056471
-0.072626
-0.071302
-0.053915
-0.026508
0.010077
0.039517
0.057506
0.057353
0.036757
0.016563
-0.001867
-0.011893
-0.007776
0.005276
0.022493
0.033519
0.042653
0.048291
0.049475
0.048819
0.048493
0.053324
0.059046
0.058100
0.053515
0.063162
0.087305
0.113728
0.082901
-0.039097
-0.153158
-0.226184
-0.209842
-0.109426
0.017790
0.153057
0.203124
0.154749
0.057191
-0.030455
-0.076333
-0.096834
-0.077651
-0.053227
-0.052648
-0.059479
-0.065033
-0.017343
0.053536
0.109250
0.135641
0.105212
0.028804
-0.072373
-0.140791
-0.140625
-0.096913
-0.026933
0.025803
0.058953
0.063511
0.041273
0.029433
0.027988
0.029215
0.012474
-0.026124
-0.067216
-0.101195
-0.120199
-0.125135
-0.078740
-0.014289
0.041771
0.072547
0.057013
0.028653
-0.015131
-0.062245
-0.081832
-0.084077
-0.066816
-0.043202
-0.006889
0.031034
0.056949
0.068106
0.054562
0.034578
0.007629
-0.020339
-0.020764
-0.010659
0.012942
0.034068
0.049569
0.060470
0.058720
0.057028
0.050405
0.048295
0.045207
0.038631
0.052426
0.061231
0.076453
0.096925
0.069909
-0.033543
-0.136129
-0.201605
-0.179730
-0.089404
0.015398
0.124240
0.173087
0.131562
0.043751
-0.029484
-0.064614
-0.079092
-0.066253
-0.050280
-0.047329
-0.053808
-0.059634
-0.021239
0.045468
0.095461
0.114779
0.088934
0.024838
-0.060765
-0.120347
-0.123166
-0.082482
-0.022443
0.020372
0.045196
0.050460
0.032953
0.021736
0.021205
0.024068
0.011548
-0.022685
-0.058137
-0.092972
-0.125720
-0.112133
-0.067908
-0.009005
0.042063
0.051882
0.048300
0.018968
-0.027073
-0.054049
-0.067199
-0.067117
-0.061581
-0.040858
-0.006299
0.029267
0.058374
0.065958
0.060366
0.034704
-0.000518
-0.016688
-0.017727
-0.001463
0.023464
0.039992
0.053324
0.055623
0.048483
0.047765
0.046922
0.049270
0.060220
0.069318
0.079922
0.096546
0.114274
0.063321
-0.069004
-0.175417
-0.241618
-0.196751
-0.090543
0.036445
0.172875
0.212122
0.152626
0.048303
-0.037572
-0.082160
-0.105731
-0.084391
-0.062590
-0.054024
-0.058495
-0.060680
-0.003784
0.066540
0.116534
0.135918
0.099590
0.022157
-0.082649
-0.147648
-0.145501
-0.096163
-0.022432
0.029569
0.066512
0.070243
0.044964
0.031480
0.025060
0.024348
0.004387
-0.034135
-0.071822
-0.104900
-0.122001
-0.116821
-0.064513
0.000330
0.048120
0.072653
0.054113
0.021364
-0.026900
-0.070787
-0.082899
-0.080276
-0.059966
-0.033040
0.001187
0.034425
0.054170
0.066384
0.055110
0.030980
0.000765
-0.023875
-0.022476
-0.009894
0.015347
0.040403
0.051795
0.051643
0.044247
0.047894
0.051966
0.057698
0.060207
0.055640
0.052612
0.044081
0.053186
0.078326
0.063513
-0.018476
-0.113059
-0.174896
-0.169245
-0.099873
0.000357
0.110936
0.168131
0.135969
0.053700
-0.022929
-0.070662
-0.090389
-0.075795
-0.046645
-0.031229
-0.035305
-0.043100
-0.019396
0.030435
0.072638
0.095898
0.085111
0.032980
-0.045202
-0.107571
-0.118987
-0.086481
-0.032100
0.017091
0.049193
0.056588
0.037342
0.018543
0.012697
0.013009
0.004938
-0.016890
-0.045891
-0.080458
-0.110643
-0.116579
-0.080813
-0.020602
0.034377
0.062093
0.056172
0.023912
-0.022278
-0.060898
-0.077341
-0.074078
-0.057250
-0.032592
-0.001371
0.029903
0.052953
0.062397
0.055348
0.034139
0.006178
-0.015943
-0.020665
-0.007922
0.019163
0.045947
0.056070
0.056382
0.051234
0.043343
0.045659
0.048271
0.051486
0.059450
0.062384
0.070955
0.095700
0.094499
0.017004
-0.094691
-0.183057
-0.209060
-0.149624
-0.046585
0.078220
0.174326
0.175889
0.102504
0.013555
-0.051562
-0.087681
-0.089595
-0.064484
-0.046138
-0.044544
-0.053997
-0.040036
0.014030
0.069843
0.108232
0.113095
0.070617
-0.010689
-0.094748
-0.132932
-0.117177
-0.064589
-0.004745
0.039893
0.063629
0.054836
0.034116
0.023056
0.020687
0.015062
-0.006063
-0.038132
-0.070682
-0.119958
-0.144028
-0.108989
-0.040988
0.041973
0.082466
0.081658
0.051608
-0.013892
-0.069426
-0.091739
-0.081932
-0.060066
-0.035385
-0.002445
0.025407
0.049934
0.059677
0.059234
0.048033
0.015136
-0.012962
-0.026538
-0.020194
0.006859
0.037399
0.064465
0.067881
0.057152
0.045839
0.038325
0.043524
0.045403
0.053054
0.064113
0.068974
0.083936
0.096549
0.067640
-0.027817
-0.133546
-0.195240
-0.187681
-0.105996
0.002237
0.117839
0.180292
0.149806
0.069595
-0.011497
-0.063651
-0.087932
-0.082484
-0.057564
-0.046527
-0.047198
-0.049388
-0.019915
0.038995
0.086393
0.112093
0.098491
0.040533
-0.041700
-0.111444
-0.127249
-0.097139
-0.041595
0.011943
0.047841
0.061513
0.046755
0.029669
0.023579
0.020404
0.010788
-0.016397
-0.047776
-0.083457
-0.113854
-0.113991
-0.085347
-0.024129
0.031128
0.060485
0.065555
0.034120
-0.009949
-0.052462
-0.077817
-0.078300
-0.064063
-0.035250
-0.002580
0.030988
0.054247
0.061412
0.057758
0.035578
0.009254
-0.012350
-0.021607
-0.008043
0.014116
0.040755
0.059508
0.060770
0.056427
0.044617
0.042117
0.045780
0.049540
0.060125
0.066572
0.077804
0.100061
0.119944
0.067539
-0.056851
-0.166249
-0.231862
-0.199157
-0.099921
0.028873
0.162509
0.205437
0.153495
0.057406
-0.025898
-0.076189
-0.099151
-0.079086
-0.056469
-0.049673
-0.056923
-0.059038
-0.009706
0.054998
0.107494
0.132685
0.105832
0.033055
-0.067163
-0.132654
-0.138288
-0.097738
-0.031496
0.022338
0.060849
0.065893
0.044647
0.032232
0.027377
0.027353
0.010513
-0.022047
-0.058864
-0.091609
-0.122254
-0.125565
-0.074093
-0.010159
0.051514
0.076201
0.060364
0.030686
-0.023474
-0.066401
-0.080522
-0.076880
-0.058505
-0.034201
0.001858
0.033184
0.055863
0.063099
0.053634
0.037512
0.006292
-0.017490
-0.018980
-0.007567
0.018166
0.039072
0.054889
0.055991
0.045291
0.037888
0.035785
0.053020
0.061102
0.064262
0.066496
0.057901
0.060852
0.071754
0.075162
0.017853
-0.079452
-0.156416
-0.184994
-0.133857
-0.046172
0.061989
0.154062
0.161386
0.102676
0.019036
-0.045065
-0.079609
-0.087852
-0.063757
-0.043947
-0.035552
-0.040237
-0.032417
0.013538
0.058827
0.093231
0.099728
0.064077
-0.001922
-0.078937
-0.116271
-0.107049
-0.064105
-0.009164
0.032272
0.058772
0.054092
0.033976
0.021462
0.014850
0.011614
-0.006510
-0.030564
-0.066776
-0.117661
-0.133621
-0.109024
-0.037483
0.040098
0.078492
0.086434
0.047128
-0.015144
-0.067061
-0.090045
-0.079034
-0.058137
-0.026573
0.002885
0.027930
0.047046
0.053701
0.059603
0.045362
0.016851
-0.007700
-0.022766
-0.014033
0.009148
0.041859
0.066555
0.065260
0.054041
0.035892
0.032254
0.038355
0.046959
0.070164
0.089594
0.101009
0.121227
0.102535
0.015473
-0.110886
-0.208899
-0.230770
-0.166517
-0.050502
0.080987
0.186260
0.196893
0.124175
0.032395
-0.041810
-0.085536
-0.096347
-0.081735
-0.062784
-0.058991
-0.062058
-0.042013
0.017903
0.081814
0.123142
0.129012
0.084616
-0.001562
-0.092276
-0.143135
-0.132232
-0.081397
-0.017655
0.035410
0.067035
0.066114
0.047102
0.033917
0.028106
0.019123
-0.003785
-0.040375
-0.073698
-0.110596
-0.137037
-0.111752
-0.052747
0.018865
0.070685
0.077698
0.059340
0.008611
-0.048432
-0.080972
-0.085085
-0.070533
-0.049068
-0.016285
0.016371
0.043086
0.060375
0.059649
0.051240
0.024718
-0.005488
-0.021226
-0.022364
-0.003988
0.024127
0.049659
0.063135
0.058367
0.045306
0.033066
0.034576
0.042517
0.056363
0.071526
0.080576
0.095036
0.116355
0.091450
-0.008959
-0.128418
-0.214029
-0.222278
-0.147918
-0.032294
0.106141
0.195358
0.184104
0.105327
0.014449
-0.054062
-0.095052
-0.098010
-0.075926
-0.059442
-0.056888
-0.061266
-0.031680
0.029534
0.086046
0.124083
0.122462
0.070279
-0.020227
-0.107421
-0.143422
-0.125219
-0.069957
-0.008739
0.042421
0.068408
0.059651
0.042142
0.031850
0.026970
0.016790
-0.010388
-0.044718
-0.080052
-0.111213
-0.123285
-0.093097
-0.032831
0.023626
0.057567
0.056703
0.031102
-0.007966
-0.050632
-0.070716
-0.071289
-0.061851
-0.044039
-0.017741
0.011803
0.037729
0.054032
0.056992
0.044591
0.021259
-0.005796
-0.018830
-0.016339
-0.000074
0.025199
0.045513
0.050997
0.050114
0.043342
0.039362
0.044515
0.049730
0.059489
0.072155
0.070975
0.079299
0.093838
0.092801
0.002869
-0.110955
-0.193725
-0.216864
-0.143510
-0.045530
0.085731
0.184924
0.179698
0.108184
0.014897
-0.049433
-0.090464
-0.098901
-0.071296
-0.055228
-0.046525
-0.056507
-0.038192
0.022120
0.072453
0.112641
0.116247
0.072397
-0.008024
-0.097679
-0.134217
-0.122428
-0.070770
-0.011071
0.035980
0.068110
0.058437
0.039347
0.027826
0.021392
0.016424
-0.008543
-0.038075
-0.069236
-0.105610
-0.126006
-0.098631
-0.038376
0.025689
0.062960
0.060531
0.033469
-0.012899
-0.059007
-0.073947
-0.066866
-0.050847
-0.032550
-0.011269
0.009935
0.027931
0.041151
0.048127
0.045203
0.024149
-0.002886
-0.015567
-0.014028
0.002986
0.027803
0.047143
0.053094
0.049318
0.043932
0.041351
0.045714
0.050616
0.055087
0.058099
0.055632
0.061355
0.085764
0.100982
0.045179
-0.060908
-0.157386
-0.205335
-0.171816
-0.084209
0.038697
0.152216
0.180809
0.128658
0.042614
-0.030293
-0.077942
-0.092103
-0.070688
-0.048320
-0.042168
-0.053502
-0.050613
-0.007126
0.046002
0.093276
0.116188
0.093361
0.024613
-0.064090
-0.120489
-0.125537
-0.088344
-0.031648
0.020653
0.057036
0.057918
0.039226
0.025670
0.021178
0.019469
0.005316
-0.020332
-0.050904
-0.085724
-0.112811
-0.095530
-0.062702
-0.015047
0.026998
0.033867
0.034987
0.006545
-0.023544
-0.035593
-0.049650
-0.052337
-0.050370
-0.036213
-0.015464
0.009082
0.037591
0.052272
0.056860
0.037907
0.013155
-0.000729
-0.011452
-0.002136
0.014739
0.031616
0.045919
0.046709
0.051649
0.050596
0.049356
0.049837
0.053580
0.063579
0.067177
0.079935
0.107737
0.099040
0.010020
-0.114635
-0.205230
-0.223467
-0.158834
-0.047094
0.091319
0.192018
0.187834
0.109518
0.017144
-0.052303
-0.092531
-0.096739
-0.070766
-0.051409
-0.053437
-0.065234
-0.045315
0.014306
0.073475
0.118164
0.127943
0.083607
-0.004698
-0.097729
-0.141810
-0.128761
-0.077599
-0.015339
0.037532
0.065907
0.056883
0.036767
0.027260
0.025220
0.020604
-0.002067
-0.033865
-0.076489
-0.128232
-0.139711
-0.106819
-0.036350
0.036315
0.069668
0.074050
0.038197
-0.017613
-0.057729
-0.073587
-0.067274
-0.055285
-0.037311
-0.017560
0.004138
0.028020
0.045885
0.060549
0.050913
0.023187
-0.001621
-0.019919
-0.017481
0.000266
0.025192
0.048107
0.053608
0.048775
0.034934
0.034010
0.040102
0.048885
0.066427
0.068282
0.077362
0.082175
0.091172
0.089777
-0.001785
-0.107839
-0.192229
-0.214965
-0.146262
-0.050028
0.082239
0.174995
0.178815
0.113019
0.019672
-0.041743
-0.089120
-0.097096
-0.073364
-0.060094
-0.049509
-0.060340
-0.038986
0.016659
0.068446
0.113367
0.117171
0.080201
-0.000931
-0.089686
-0.129203
-0.126067
-0.076843
-0.020311
0.029238
0.062693
0.056544
0.042993
0.031654
0.027569
0.021775
-0.003903
-0.032456
-0.081793
-0.124483
-0.133770
-0.101724
-0.028326
0.031355
0.067229
0.069898
0.034442
-0.013070
-0.055896
-0.068958
-0.066926
-0.055742
-0.036606
-0.016923
0.010018
0.030921
0.050512
0.061974
0.048122
0.023898
-0.003869
-0.017406
-0.013911
0.002611
0.028538
0.045610
0.051535
0.048396
0.041589
0.040285
0.043354
0.048091
0.055204
0.059230
0.062617
0.072743
0.091956
0.115971
0.060937
-0.050198
-0.155050
-0.220470
-0.189367
-0.105864
0.020796
0.148458
0.191506
0.150529
0.061993
-0.013712
-0.067624
-0.091322
-0.072311
-0.054442
-0.045766
-0.059137
-0.061884
-0.017464
0.038413
0.094909
0.127002
0.112585
0.049243
-0.045955
-0.111233
-0.129954
-0.100684
-0.045821
0.006729
0.050532
0.057330
0.044186
0.034535
0.031523
0.033313
0.018448
-0.007141
-0.048314
-0.115371
-0.146693
-0.132693
-0.067403
0.014919
0.059380
0.084755
0.063877
0.010747
-0.037811
-0.066266
-0.065474
-0.061556
-0.047158
-0.024689
0.001442
0.028778
0.046249
0.067845
0.064250
0.035634
0.006767
-0.019032
-0.018016
-0.002209
0.024015
0.054288
0.062668
0.057913
0.043871
0.038573
0.039536
0.044430
0.063546
0.074328
0.085879
0.093608
0.104387
0.083756
-0.009024
-0.118522
-0.193378
-0.200844
-0.135444
-0.033711
0.092019
0.175601
0.171303
0.105198
0.023258
-0.036941
-0.079198
-0.087405
-0.069752
-0.056966
-0.055900
-0.061844
-0.034868
0.021206
0.074313
0.115148
0.118961
0.078828
-0.002927
-0.084989
-0.122950
-0.115056
-0.071834
-0.018442
0.029692
0.057504
0.052925
0.041223
0.034225
0.033323
0.025251
0.001658
-0.030984
-0.078795
-0.124795
-0.134672
-0.098662
-0.030946
0.029572
0.066227
0.072333
0.043390
-0.005641
-0.048080
-0.066477
-0.068497
-0.061590
-0.041671
-0.014808
0.014602
0.038164
0.057937
0.066755
0.051278
0.021495
-0.005548
-0.016802
-0.011463
0.006053
0.032257
0.050247
0.054260
0.049828
0.047138
0.051606
0.052989
0.051116
0.057288
0.058428
0.061191
0.065842
0.078735
0.070005
0.004981
-0.085686
-0.156141
-0.167312
-0.121308
-0.035275
0.069364
0.142441
0.144823
0.087951
0.016310
-0.037834
-0.071021
-0.074455
-0.057126
-0.040704
-0.040458
-0.047558
-0.032720
0.007356
0.052556
0.087433
0.095328
0.066295
0.000928
-0.067036
-0.102796
-0.097534
-0.062056
-0.017205
0.023540
0.044789
0.041153
0.028971
0.022289
0.022821
0.018906
0.002536
-0.030829
-0.078046
-0.121201
-0.126028
-0.092320
-0.030870
0.030792
0.064708
0.069152
0.034353
-0.016113
-0.052267
-0.070812
-0.068383
-0.054474
-0.031020
-0.004446
0.019628
0.041513
0.054494
0.058034
0.042737
0.017342
-0.003219
-0.015450
-0.010643
0.010012
0.037410
0.059247
0.057401
0.047092
0.043489
0.042496
0.050013
0.058643
0.066921
0.076346
0.076850
0.085379
0.072502
-0.007035
-0.106108
-0.178404
-0.185883
-0.126689
-0.034624
0.078152
0.158982
0.160384
0.096688
0.018050
-0.038888
-0.079185
-0.087126
-0.070082
-0.052670
-0.046994
-0.052642
-0.032351
0.015729
0.062977
0.097722
0.103221
0.070480
-0.000777
-0.076584
-0.115623
-0.110853
-0.071489
-0.021889
0.024244
0.052800
0.050499
0.037153
0.027628
0.023593
0.016936
-0.005221
-0.040270
-0.086195
-0.126610
-0.128353
-0.089685
-0.025491
0.034895
0.067838
0.068560
0.033307
-0.017725
-0.055319
-0.070395
-0.068211
-0.055086
-0.032154
-0.007378
0.015878
0.036952
0.054457
0.061776
0.046991
0.020318
-0.001919
-0.014119
-0.011181
0.007146
0.035402
0.055719
0.056635
0.044615
0.036791
0.033994
0.036337
0.050192
0.071749
0.093132
0.106231
0.115834
0.084289
-0.016722
-0.131919
-0.211492
-0.213519
-0.140566
-0.032605
0.095408
0.179080
0.173994
0.106314
0.024869
-0.037161
-0.079136
-0.089175
-0.077836
-0.068227
-0.067613
-0.069780
-0.037714
0.022761
0.079506
0.120346
0.122782
0.078569
-0.004659
-0.087302
-0.128315
-0.122455
-0.080288
-0.027331
0.022116
0.052182
0.052226
0.045275
0.041138
0.038169
0.027430
0.001240
-0.034450
-0.085188
-0.130783
-0.140535
-0.107804
-0.041312
0.022865
0.068090
0.082851
0.055086
0.004463
-0.044278
-0.074041
-0.084363
-0.077578
-0.051453
-0.016960
0.017430
0.043665
0.063050
0.067736
0.048639
0.019335
-0.008588
-0.023730
-0.020141
-0.001848
0.031591
0.057654
0.063336
0.055903
0.040096
0.031403
0.033251
0.041999
0.063666
0.076776
0.085435
0.085172
0.083417
0.062320
-0.016552
-0.107319
-0.169930
-0.178272
-0.121669
-0.034775
0.070613
0.146415
0.149502
0.098333
0.027680
-0.028544
-0.070742
-0.084585
-0.072494
-0.060860
-0.053778
-0.051608
-0.028126
0.019293
0.062162
0.095095
0.098898
0.066023
0.000883
-0.067839
-0.103948
-0.104172
-0.073453
-0.029187
0.012859
0.042903
0.046497
0.041301
0.036681
0.030670
0.020165
-0.004096
-0.039614
-0.087133
-0.127285
-0.133855
-0.099357
-0.030859
0.034632
0.078312
0.083017
0.044373
-0.011141
-0.060857
-0.084229
-0.082106
-0.063365
-0.031726
-0.000313
0.027696
0.046802
0.058360
0.058068
0.039323
0.014283
-0.008961
-0.020115
-0.014229
0.005527
0.034932
0.056879
0.063705
0.057460
0.042300
0.032939
0.033351
0.044500
0.060375
0.068456
0.075371
0.078938
0.086090
0.044726
-0.049549
-0.129068
-0.180714
-0.160935
-0.092604
0.000851
0.106722
0.151697
0.127854
0.063643
-0.000534
-0.047939
-0.080001
-0.074473
-0.060308
-0.051613
-0.052247
-0.052264
-0.016291
0.028888
0.069357
0.097302
0.088730
0.044728
-0.028504
-0.086409
-0.106946
-0.093746
-0.053093
-0.010713
0.029025
0.044971
0.037639
0.032029
0.025853
0.022810
0.010658
-0.017578
-0.058410
-0.108239
-0.138181
-0.127145
-0.071531
0.002249
0.061241
0.087361
0.066758
0.014346
-0.043074
-0.080709
-0.086174
-0.071860
-0.044108
-0.013297
0.013782
0.035246
0.049861
0.058378
0.050639
0.028626
0.003352
-0.016580
-0.018999
-0.007046
0.019548
0.051772
0.067344
0.060591
0.042747
0.027038
0.031601
0.043958
0.060319
0.078321
0.087326
0.090197
0.093630
0.041167
-0.065515
-0.148712
-0.203266
-0.172288
-0.092438
0.009806
0.124007
0.170667
0.140285
0.067014
-0.003596
-0.055352
-0.090192
-0.084235
-0.070756
-0.057983
-0.054784
-0.052580
-0.010414
0.039766
0.081942
0.108814
0.095295
0.044742
-0.036085
-0.098764
-0.119763
-0.102248
-0.054308
-0.007281
0.037576
0.055464
0.045950
0.037570
0.028341
0.023175
0.009673
-0.017177
-0.054659
-0.103620
-0.135997
-0.130289
-0.077813
-0.003732
0.055900
0.088120
0.074029
0.024970
-0.033050
-0.075655
-0.086600
-0.076960
-0.051888
-0.020778
0.009586
0.033827
0.049159
0.059733
0.052696
0.031267
0.007828
-0.012662
-0.016567
-0.007582
0.015520
0.043280
0.059285
0.060224
0.050453
0.041135
0.035772
0.041593
0.054936
0.064836
0.078570
0.082216
0.090846
0.076803
-0.001468
-0.094996
-0.169256
-0.185653
-0.135789
-0.046772
0.064676
0.147243
0.158539
0.105864
0.031460
-0.027815
-0.073095
-0.084549
-0.071595
-0.056730
-0.049146
-0.050844
-0.032433
0.010658
0.056320
0.093535
0.102715
0.075617
0.009256
-0.063261
-0.106278
-0.109658
-0.076530
-0.029450
0.016809
0.048215
0.050177
0.040457
0.031011
0.026310
0.018667
0.001605
-0.026949
-0.068954
-0.112019
-0.132524
-0.109245
-0.048669
0.018737
0.068986
0.082348
0.055734
0.002983
-0.049727
-0.078813
-0.082266
-0.065794
-0.038456
-0.007288
0.021334
0.040852
0.054797
0.056667
0.044589
0.022362
-0.001144
-0.014637
-0.014462
0.001613
0.029057
0.053207
0.062318
0.053398
0.042339
0.038257
0.041556
0.053757
0.062669
0.070796
0.077647
0.079954
0.082803
0.042541
-0.041429
-0.128144
-0.177297
-0.164293
-0.096252
0.003035
0.103977
0.157341
0.138471
0.071690
0.002061
-0.052543
-0.082435
-0.081298
-0.064065
-0.049786
-0.046639
-0.042489
-0.014565
0.029761
0.071830
0.096643
0.091617
0.047474
-0.023048
-0.084496
-0.110680
-0.096805
-0.056060
-0.008088
0.033390
0.052489
0.047658
0.035142
0.026125
0.019296
0.008550
-0.012077
-0.044477
-0.084379
-0.121278
-0.124621
-0.084900
-0.019944
0.043359
0.076472
0.072564
0.033389
-0.022791
-0.065325
-0.081908
-0.073953
-0.051844
-0.023181
0.005620
0.027457
0.043705
0.053224
0.052032
0.037855
0.014568
-0.005368
-0.015286
-0.010074
0.010823
0.035087
0.053311
0.060041
0.057447
0.052209
0.045157
0.041963
0.048503
0.060241
0.074824
0.089981
0.105594
0.074347
-0.012072
-0.120334
-0.190970
-0.192459
-0.129019
-0.021469
0.095796
0.169568
0.160845
0.092928
0.016043
-0.045780
-0.079378
-0.082151
-0.065088
-0.050130
-0.052670
-0.055172
-0.032240
0.016594
0.068914
0.105965
0.112074
0.072176
-0.003677
-0.078872
-0.118753
-0.110116
-0.070406
-0.017267
0.030267
0.054555
0.051697
0.038017
0.029509
0.026617
0.018960
0.002593
-0.027470
-0.066308
-0.103577
-0.127166
-0.105085
-0.052064
0.009989
0.064080
0.077249
0.058881
0.012571
-0.040129
-0.070367
-0.079612
-0.067896
-0.043722
-0.013218
0.016089
0.036708
0.053019
0.054324
0.046140
0.027277
0.002145
-0.012656
-0.016421
-0.004685
0.021148
0.043395
0.058982
0.060733
0.052166
0.043381
0.042974
0.046674
0.052215
0.054983
0.057699
0.067470
0.080467
0.078197
0.031962
-0.052439
-0.131928
-0.168141
-0.145286
-0.068636
0.029022
0.117672
0.148242
0.114811
0.049899
-0.013875
-0.056429
-0.072211
-0.063055
-0.046170
-0.040763
-0.042877
-0.038529
-0.008994
0.034569
0.073874
0.096010
0.082902
0.033788
-0.032150
-0.083935
-0.098577
-0.079818
-0.038891
0.005007
0.036720
0.047179
0.038804
0.029516
0.024607
0.020590
0.011561
-0.007441
-0.037643
-0.076452
-0.109232
-0.112849
-0.077236
-0.021681
0.033647
0.065063
0.062727
0.031273
-0.015491
-0.052597
-0.068649
-0.066842
-0.050253
-0.025387
0.002479
0.025326
0.040634
0.049559
0.047321
0.032649
0.009853
-0.009621
-0.015487
-0.007116
0.013644
0.038418
0.054750
0.057931
0.053864
0.046738
0.043062
0.044000
0.042988
0.048121
0.051781
0.056615
0.070362
0.083956
0.069541
0.005467
-0.085845
-0.149980
-0.165443
-0.120645
-0.036230
0.061344
0.133330
0.135559
0.087161
0.022408
-0.031307
-0.061753
-0.068819
-0.054218
-0.042769
-0.044594
-0.048032
-0.035685
0.003509
0.046964
0.081801
0.093933
0.066705
0.008875
-0.055581
-0.093627
-0.093442
-0.066137
-0.022935
0.016027
0.039629
0.040200
0.029377
0.023551
0.021325
0.017519
0.005389
-0.017776
-0.051867
-0.092135
-0.119604
-0.106921
-0.060525
-0.000973
0.049159
0.066198
0.052215
0.011376
-0.034592
-0.062097
-0.070200
-0.061590
-0.042666
-0.018358
0.005628
0.024787
0.040807
0.049172
0.044782
0.025286
0.002422
-0.011391
-0.015188
-0.005219
0.016453
0.040766
0.055326
0.052789
0.045393
0.036469
0.034711
0.040000
0.045766
0.058238
0.062034
0.060315
0.065054
0.073225
0.050860
-0.028818
-0.107891
-0.159314
-0.154484
-0.095885
-0.015684
0.084235
0.141370
0.125741
0.070288
0.005888
-0.041261
-0.073647
-0.075964
-0.057456
-0.046109
-0.042709
-0.045361
-0.021070
0.021119
0.055944
0.084640
0.084358
0.049657
-0.012937
-0.073406
-0.097851
-0.090907
-0.056897
-0.014905
0.023258
0.045175
0.038860
0.028851
0.022152
0.017356
0.010105
-0.007331
-0.028939
-0.063848
-0.096051
-0.111987
-0.093454
-0.044590
0.003704
0.045775
0.058052
0.038147
0.002650
-0.038607
-0.061209
-0.068200
-0.061169
-0.041052
-0.016742
0.008116
0.025701
0.040482
0.045170
0.034387
0.017217
-0.005412
-0.016239
-0.015051
-0.003624
0.021654
0.041491
0.049232
0.048226
0.039086
0.030197
0.027310
0.034500
0.049903
0.065288
0.065586
0.058358
0.060090
0.065143
0.047308
-0.016599
-0.093735
-0.144871
-0.156362
-0.113574
-0.036171
0.059581
0.127989
0.129841
0.086768
0.025016
-0.031725
-0.071189
-0.082350
-0.067019
-0.053257
-0.046871
-0.042640
-0.024094
0.012112
0.046254
0.075214
0.083138
0.055495
0.000791
-0.059014
-0.092459
-0.095302
-0.071155
-0.029214
0.011736
0.039603
0.043313
0.035496
0.028162
0.018647
0.008903
-0.005939
-0.025803
-0.059107
-0.097236
-0.117081
-0.104377
-0.056631
-0.000547
0.046959
0.067537
0.049550
0.008256
-0.038437
-0.067912
-0.075576
-0.066117
-0.042482
-0.016117
0.008071
0.025338
0.039030
0.047308
0.039013
0.020972
0.000218
-0.015170
-0.016510
-0.005150
0.017858
0.042002
0.052537
0.051970
0.043717
0.036212
0.039119
0.041977
0.045331
0.045903
0.046494
0.054663
0.061326
0.073492
0.045535
-0.024227
-0.100177
-0.154675
-0.147322
-0.092735
-0.010247
0.079039
0.125727
0.114252
0.058380
-0.000417
-0.043109
-0.066971
-0.062310
-0.050661
-0.042160
-0.043437
-0.047098
-0.025030
0.012162
0.051635
0.079106
0.077622
0.044714
-0.014766
-0.066618
-0.091129
-0.083163
-0.049919
-0.012746
0.020482
0.035005
0.030566
0.023709
0.018642
0.018427
0.012877
-0.000718
-0.025442
-0.065625
-0.101496
-0.117606
-0.092418
-0.041259
0.012152
0.054358
0.061438
0.038815
-0.003660
-0.044394
-0.064375
-0.069079
-0.056830
-0.035022
-0.009361
0.013319
0.027873
0.040819
0.043015
0.032285
0.013147
-0.008502
-0.017140
-0.013742
0.002241
0.027394
0.046889
0.052689
0.047311
0.038394
0.033909
0.037986
0.042073
0.041022
0.043009
0.048319
0.055014
0.072218
0.085279
0.060300
-0.000670
-0.092688
-0.152583
-0.160638
-0.116627
-0.029925
0.062206
0.126022
0.126226
0.078685
0.021142
-0.030909
-0.056174
-0.062511
-0.053696
-0.044731
-0.050999
-0.051062
-0.033830
0.004649
0.049807
0.080814
0.089824
0.059577
0.003695
-0.053177
-0.088029
-0.085746
-0.061290
-0.022291
0.013744
0.032359
0.036076
0.029917
0.028140
0.026801
0.020788
0.007589
-0.017869
-0.061112
-0.099266
-0.115973
-0.098348
-0.044577
0.009396
0.053571
0.068367
0.045131
0.006925
-0.034093
-0.059873
-0.065984
-0.058635
-0.037478
-0.012729
0.012261
0.031802
0.047147
0.052920
0.040512
0.020485
-0.002010
-0.015348
-0.010676
0.005959
0.031160
0.052470
0.055182
0.045194
0.035881
0.035351
0.043166
0.053635
0.055063
0.054436
0.050645
0.050302
0.066791
0.087023
0.077339
0.021490
-0.067904
-0.141499
-0.168391
-0.136845
-0.050650
0.052231
0.131580
0.145119
0.103132
0.037891
-0.023996
-0.060196
-0.067621
-0.053325
-0.039675
-0.041506
-0.043980
-0.034808
-0.002223
0.040939
0.079562
0.097953
0.076649
0.022469
-0.040124
-0.084919
-0.092677
-0.071474
-0.028975
0.012822
0.038333
0.043241
0.035535
0.029055
0.026095
0.021137
0.012930
-0.018437
-0.066891
-0.107362
-0.126280
-0.095404
-0.036818
0.025308
0.074922
0.077517
0.045204
-0.004645
-0.047943
-0.067556
-0.067306
-0.048093
-0.023421
0.000290
0.018379
0.031975
0.048559
0.050768
0.040802
0.021921
-0.001294
-0.011321
-0.008395
0.010949
0.038771
0.056016
0.061204
0.052196
0.039965
0.036146
0.043075
0.054710
0.061950
0.066399
0.073588
0.074904
0.079857
0.058559
-0.004421
-0.082453
-0.149004
-0.163484
-0.119598
-0.037164
0.059389
0.131120
0.144041
0.099185
0.032754
-0.026434
-0.066568
-0.075206
-0.064800
-0.051075
-0.043302
-0.041614
-0.026271
0.008187
0.049420
0.081949
0.090794
0.066098
0.009274
-0.052175
-0.091938
-0.097463
-0.069959
-0.027789
0.014107
0.040897
0.044973
0.036743
0.027281
0.021002
0.013506
0.000375
-0.020834
-0.061627
-0.100889
-0.118043
-0.100991
-0.044131
0.013516
0.057194
0.069943
0.042632
-0.001823
-0.046286
-0.070172
-0.072296
-0.058712
-0.033857
-0.008608
0.016459
0.033177
0.044912
0.049144
0.036169
0.016648
-0.005106
-0.017148
-0.011528
0.004935
0.031308
0.048446
0.049522
0.044272
0.038353
0.039097
0.043495
0.051565
0.054363
0.053382
0.054795
0.059223
0.080353
0.086880
0.040050
-0.040617
-0.130801
-0.177743
-0.166057
-0.094581
0.012682
0.110105
0.153768
0.125043
0.058956
-0.008957
-0.063182
-0.079754
-0.069899
-0.050652
-0.043421
-0.049746
-0.046581
-0.022941
0.019876
0.064757
0.093635
0.090136
0.041230
-0.027032
-0.084552
-0.108535
-0.092915
-0.053032
-0.003794
0.032335
0.043563
0.036423
0.024737
0.019894
0.015634
0.009322
-0.008089
-0.049891
-0.093766
-0.126051
-0.121764
-0.072080
-0.010677
0.048533
0.074746
0.057240
0.014058
-0.037046
-0.068901
-0.078046
-0.065346
-0.040693
-0.015916
0.006697
0.021111
0.036009
0.046611
0.042813
0.028717
0.005137
-0.012381
-0.016415
-0.005055
0.019888
0.041338
0.050244
0.048193
0.040472
0.039146
0.035418
0.038419
0.053605
0.055568
0.063687
0.064711
0.074763
0.093029
0.051479
-0.030788
-0.121277
-0.178087
-0.173835
-0.116309
-0.011138
0.094596
0.154006
0.140103
0.074681
0.009730
-0.050434
-0.082117
-0.076638
-0.059398
-0.046547
-0.051498
-0.049841
-0.025969
0.013933
0.060637
0.091695
0.097160
0.057426
-0.014644
-0.075462
-0.108564
-0.100828
-0.064508
-0.015878
0.028233
0.045691
0.041991
0.030304
0.023315
0.019061
0.009723
-0.004320
-0.037028
-0.080543
-0.122106
-0.128309
-0.088006
-0.025091
0.040660
0.073376
0.067813
0.029697
-0.026188
-0.063506
-0.079206
-0.071660
-0.048706
-0.022635
0.004805
0.023047
0.039160
0.049129
0.046092
0.032176
0.007694
-0.008817
-0.016842
-0.008250
0.017006
0.039658
0.057311
0.057136
0.046975
0.039772
0.033404
0.037739
0.049417
0.060106
0.068556
0.072423
0.087883
0.091451
0.045592
-0.040386
-0.132965
-0.181247
-0.172733
-0.105809
0.001849
0.106836
0.160244
0.138770
0.075513
0.006097
-0.053665
-0.082138
-0.078958
-0.059512
-0.049135
-0.051854
-0.046339
-0.020271
0.022417
0.067269
0.098538
0.098849
0.052990
-0.018318
-0.081008
-0.109992
-0.099499
-0.061336
-0.009469
0.032827
0.050213
0.045972
0.034065
0.026749
0.020430
0.011106
-0.003984
-0.036030
-0.076248
-0.103720
-0.113676
-0.085316
-0.032696
0.019632
0.061119
0.061823
0.032817
-0.006342
-0.046004
-0.068250
-0.071084
-0.055036
-0.030311
-0.004125
0.020395
0.038412
0.052086
0.049501
0.034503
0.016556
-0.003458
-0.011438
-0.005337
0.013711
0.034976
0.044583
0.050904
0.049861
0.050158
0.051806
0.051116
0.060007
0.064507
0.062817
0.061454
0.066465
0.086906
0.053118
-0.037312
-0.120042
-0.178707
-0.166703
-0.102107
-0.002301
0.113994
0.167401
0.142986
0.071042
-0.000825
-0.057164
-0.092398
-0.079116
-0.053907
-0.038943
-0.039144
-0.043771
-0.016485
0.022972
0.062825
0.096517
0.097236
0.056278
-0.020629
-0.083726
-0.109747
-0.100415
-0.056149
-0.004786
0.041059
0.058792
0.045972
0.032313
0.020882
0.015394
0.007606
-0.005952
-0.034568
-0.077000
-0.111634
-0.120222
-0.082761
-0.022463
0.036659
0.076071
0.070380
0.032259
-0.020104
-0.061927
-0.076447
-0.070345
-0.046227
-0.018723
0.006524
0.025343
0.039204
0.053131
0.051331
0.036475
0.015103
-0.005787
-0.013269
-0.006923
0.014935
0.037817
0.053181
0.055672
0.055249
0.053943
0.046680
0.051277
0.056882
0.062969
0.069367
0.067125
0.086649
0.076341
0.004473
-0.086551
-0.160424
-0.176212
-0.135503
-0.047624
0.064308
0.147910
0.159911
0.102401
0.030992
-0.030427
-0.078046
-0.084822
-0.066205
-0.044949
-0.040541
-0.045214
-0.029685
0.005234
0.048438
0.084666
0.100337
0.079889
0.013327
-0.058338
-0.103058
-0.109201
-0.078219
-0.029546
0.022167
0.052947
0.053151
0.038659
0.024512
0.017968
0.009308
-0.001222
-0.020150
-0.059756
-0.095334
-0.119651
-0.104809
-0.050325
0.006700
0.059851
0.074552
0.049729
0.004731
-0.044808
-0.071914
-0.077964
-0.061329
-0.033480
-0.006994
0.017876
0.030491
0.045476
0.051071
0.040128
0.024013
0.000433
-0.012373
-0.012166
0.000923
0.028005
0.045820
0.056727
0.055898
0.049413
0.046559
0.044478
0.048732
0.053465
0.058114
0.062591
0.073858
0.087255
0.059753
-0.021728
-0.111680
-0.169504
-0.171317
-0.110887
-0.014718
0.090699
0.154063
0.139536
0.076188
0.006473
-0.049665
-0.081590
-0.079008
-0.056198
-0.043045
-0.043473
-0.044503
-0.025829
0.014778
0.056455
0.088389
0.094606
0.057679
-0.011007
-0.076560
-0.107666
-0.101155
-0.064386
-0.012922
0.030170
0.050973
0.045004
0.029926
0.020571
0.014356
0.006788
-0.005864
-0.034800
-0.076188
-0.113874
-0.124950
-0.089240
-0.028455
0.033957
0.072101
0.068994
0.032191
-0.021234
-0.063346
-0.080231
-0.074581
-0.051335
-0.023525
0.004073
0.025541
0.040968
0.051132
0.047858
0.031495
0.009605
-0.009097
-0.015202
-0.007729
0.011603
0.037511
0.056320
0.061602
0.058326
0.046272
0.037385
0.035174
0.039061
0.050982
0.065386
0.077847
0.096483
0.086002
0.003115
-0.096300
-0.172307
-0.189725
-0.136079
-0.043751
0.067540
0.148992
0.152840
0.093601
0.020148
-0.035145
-0.074376
-0.080404
-0.061337
-0.048664
-0.048324
-0.054517
-0.039885
0.003054
0.050290
0.089103
0.101913
0.075242
0.007761
-0.066644
-0.106964
-0.109276
-0.076587
-0.027196
0.018407
0.046616
0.045909
0.032954
0.023950
0.019817
0.013818
-0.000400
-0.023729
-0.063339
-0.103165
-0.121969
-0.105118
-0.050576
0.009137
0.055387
0.069983
0.045509
0.001564
-0.043700
-0.070687
-0.075770
-0.063443
-0.038620
-0.011328
0.014630
0.033148
0.046548
0.050553
0.038494
0.019524
-0.000914
-0.013102
-0.012005
0.000045
0.024207
0.045420
0.055280
0.056158
0.052471
0.046883
0.040029
0.040497
0.044631
0.058953
0.077313
0.094999
0.106405
0.046262
-0.058413
-0.153570
-0.203697
-0.174991
-0.089567
0.028338
0.136104
0.172924
0.133744
0.052837
-0.016758
-0.066727
-0.088264
-0.072084
-0.054276
-0.048570
-0.054745
-0.051992
-0.016288
0.033292
0.082350
0.109428
0.097458
0.041114
-0.042257
-0.101759
-0.120167
-0.098492
-0.047802
0.004176
0.043652
0.053176
0.041799
0.029595
0.022816
0.019313
0.008124
-0.012482
-0.045066
-0.086310
-0.114380
-0.111943
-0.074836
-0.016555
0.034042
0.061793
0.055454
0.020487
-0.022590
-0.056726
-0.071938
-0.068828
-0.052391
-0.026731
-0.000297
0.022833
0.040677
0.050001
0.045075
0.027118
0.004785
-0.011698
-0.014030
-0.002314
0.018461
0.041387
0.049883
0.048112
0.042845
0.037352
