0.708102
0.299373
-0.285611
-0.748104
-0.889380
-0.738383
-0.340116
0.240776
0.574709
0.559633
0.340734
0.131872
-0.045857
-0.183635
-0.136353
-0.116878
-0.249608
-0.442489
-0.486547
-0.345951
-0.109030
0.240597
0.501944
0.518924
0.279645
-0.021485
-0.247409
-0.372140
-0.314013
-0.162130
-0.039191
-0.038937
-0.070281
-0.046660
0.009512
0.124461
0.234884
0.282643
0.174274
-0.035009
-0.210352
-0.293706
-0.263695
-0.155813
-0.003391
0.081042
0.062924
0.018384
-0.006065
0.005557
0.014912
0.029723
-0.000066
-0.100501
-0.202682
-0.239364
-0.196618
-0.131855
-0.056246
0.002217
0.001876
-0.030219
-0.051243
-0.037715
-0.033473
-0.036783
-0.040535
-0.057409
-0.078727
-0.074805
-0.026172
0.023032
0.044213
0.047495
0.035738
0.023605
0.030981
0.088180
0.159830
0.194911
0.195381
0.193500
0.203721
0.245294
0.334104
0.464731
0.598896
0.731257
0.568519
0.035862
-0.511894
-0.852427
-0.837591
-0.591055
-0.082713
0.430378
0.592219
0.467524
0.226764
0.054042
-0.123889
-0.180499
-0.109937
-0.163221
-0.335882
-0.492259
-0.435205
-0.252419
0.038812
0.375420
0.533164
0.430732
0.131843
-0.132214
-0.317922
-0.360283
-0.242927
-0.096348
-0.023324
-0.064594
-0.069944
-0.032095
0.054741
0.177978
0.265924
0.253463
0.080994
-0.123678
-0.261218
-0.287292
-0.216656
-0.085734
0.047001
0.070368
0.027723
-0.012080
-0.009500
0.010418
0.022003
0.025630
-0.040233
-0.148658
-0.225329
-0.225278
-0.173633
-0.107941
-0.029100
0.005257
-0.013029
-0.041670
-0.044586
-0.033593
-0.034545
-0.029915
-0.037627
-0.063121
-0.079307
-0.055569
-0.002219
0.033803
0.051931
0.049815
0.038897
0.040290
0.081251
0.151527
0.198218
0.212247
0.213639
0.230649
0.273146
0.340800
0.461657
0.598368
0.741432
0.568122
0.021837
-0.523228
-0.870259
-0.852430
-0.592167
-0.055025
0.465973
0.614687
0.482431
0.225148
0.038754
-0.146237
-0.191402
-0.109038
-0.164858
-0.334863
-0.490542
-0.431277
-0.248319
0.051566
0.397321
0.549832
0.438565
0.126845
-0.144784
-0.336326
-0.374506
-0.244803
-0.089381
-0.010097
-0.052024
-0.057375
-0.025308
0.059443
0.183962
0.271028
0.255099
0.075407
-0.127621
-0.265803
-0.290735
-0.209920
-0.079334
0.055273
0.079769
0.042298
0.001887
-0.004592
0.014699
0.021311
0.019549
-0.048950
-0.153845
-0.223890
-0.221071
-0.159010
-0.094387
-0.023669
0.003290
-0.016497
-0.044348
-0.049322
-0.033766
-0.033925
-0.035096
-0.045148
-0.063501
-0.069625
-0.045801
0.008251
0.039945
0.046350
0.034787
0.024019
0.034362
0.078777
0.153231
0.205919
0.215438
0.210423
0.219623
0.267786
0.343568
0.471792
0.623732
0.757871
0.587729
0.040634
-0.516471
-0.871152
-0.870353
-0.602187
-0.074716
0.448493
0.608779
0.485618
0.237600
0.044404
-0.131293
-0.183083
-0.112000
-0.171395
-0.347113
-0.501329
-0.451179
-0.259434
0.042375
0.391708
0.548996
0.440979
0.136009
-0.142135
-0.331820
-0.375683
-0.252458
-0.101684
-0.025961
-0.062806
-0.071571
-0.030684
0.056729
0.186285
0.272731
0.254500
0.076508
-0.130664
-0.268572
-0.296356
-0.217176
-0.088829
0.039782
0.072151
0.036174
0.002472
-0.001215
0.020602
0.029005
0.023305
-0.044399
-0.156413
-0.233203
-0.231664
-0.168721
-0.096015
-0.026068
0.004231
-0.018009
-0.049865
-0.055655
-0.040781
-0.039849
-0.042481
-0.047941
-0.062970
-0.071240
-0.048183
0.002311
0.033144
0.035859
0.026995
0.016278
0.023743
0.067680
0.144606
0.204227
0.213740
0.205641
0.197450
0.215306
0.293633
0.422431
0.558735
0.698421
0.678475
0.234316
-0.350985
-0.782685
-0.868655
-0.674904
-0.264393
0.295975
0.578488
0.518609
0.280627
0.089814
-0.058472
-0.176012
-0.120444
-0.118747
-0.267555
-0.462051
-0.482310
-0.311664
-0.060579
0.282412
0.511632
0.491469
0.228172
-0.067692
-0.263134
-0.356440
-0.280442
-0.136645
-0.030561
-0.048782
-0.083783
-0.049014
0.027138
0.150747
0.248334
0.273175
0.143618
-0.070143
-0.228057
-0.285425
-0.231591
-0.123439
0.009390
0.064436
0.039600
0.011206
0.012854
0.042721
0.048709
0.042529
-0.015238
-0.129776
-0.223014
-0.242259
-0.182696
-0.103166
-0.021356
0.025443
0.006499
-0.036411
-0.061011
-0.054173
-0.046605
-0.041012
-0.037406
-0.050844
-0.062910
-0.053219
-0.011965
0.024221
0.036273
0.031969
0.019689
0.015382
0.033396
0.081759
0.138681
0.176357
0.187411
0.177914
0.168860
0.184009
0.246630
0.351419
0.459700
0.586517
0.681875
0.438893
-0.081294
-0.556064
-0.783452
-0.720643
-0.458970
0.036432
0.443641
0.522286
0.368901
0.174768
0.031255
-0.124797
-0.138297
-0.091835
-0.175325
-0.353840
-0.453515
-0.356271
-0.169695
0.115518
0.391906
0.482161
0.329314
0.057296
-0.152232
-0.288760
-0.289364
-0.178089
-0.061742
-0.036240
-0.076742
-0.060640
-0.005474
0.091991
0.196431
0.259598
0.206412
0.027399
-0.147816
-0.243628
-0.241216
-0.165840
-0.042890
0.056571
0.058806
0.023030
0.016575
0.040544
0.054042
0.048176
0.018376
-0.071034
-0.180855
-0.231521
-0.196437
-0.121297
-0.044256
0.021267
0.035642
-0.002780
-0.042595
-0.049917
-0.044353
-0.045656
-0.043453
-0.047508
-0.061007
-0.057662
-0.020107
0.023949
0.038706
0.033069
0.019413
0.006110
0.010942
0.053421
0.113456
0.150614
0.164773
0.167967
0.164357
0.151510
0.169098
0.243884
0.351779
0.446439
0.554288
0.659603
0.459512
-0.029032
-0.497574
-0.736028
-0.704936
-0.483098
-0.021163
0.401763
0.515756
0.385421
0.200702
0.053791
-0.113068
-0.150952
-0.101782
-0.160655
-0.320969
-0.418517
-0.339661
-0.176603
0.075510
0.344504
0.456288
0.336229
0.090923
-0.112191
-0.255726
-0.282255
-0.192246
-0.077982
-0.039807
-0.067259
-0.051677
-0.001178
0.080249
0.174601
0.238440
0.199092
0.039004
-0.125239
-0.223304
-0.234839
-0.169994
-0.053751
0.048376
0.060945
0.027973
0.015683
0.025139
0.034811
0.039211
0.029022
-0.041915
-0.155860
-0.220294
-0.207703
-0.143117
-0.064465
0.016720
0.051342
0.017189
-0.027901
-0.047835
-0.051572
-0.060612
-0.057104
-0.045512
-0.047750
-0.042956
-0.015414
0.019403
0.027050
0.020350
0.014830
0.010117
0.017737
0.053594
0.103385
0.134002
0.139971
0.141440
0.141553
0.146134
0.171592
0.235696
0.315186
0.391008
0.486609
0.607520
0.491062
0.056147
-0.400582
-0.688391
-0.712108
-0.538531
-0.119589
0.334184
0.499212
0.414255
0.226186
0.064861
-0.109830
-0.176659
-0.115168
-0.145983
-0.278973
-0.394659
-0.355106
-0.221496
0.001617
0.282823
0.429952
0.360622
0.136164
-0.075274
-0.240364
-0.302147
-0.223972
-0.107831
-0.045812
-0.064253
-0.054818
-0.017071
0.044859
0.137185
0.209037
0.199228
0.061907
-0.099644
-0.210771
-0.245904
-0.198133
-0.092464
0.021377
0.056042
0.030884
0.009776
0.007501
0.012761
0.014539
0.006422
-0.048123
-0.141650
-0.203352
-0.200472
-0.146502
-0.075620
-0.005979
0.026954
0.000836
-0.039221
-0.057849
-0.057519
-0.058493
-0.055155
-0.051766
-0.063654
-0.066973
-0.043353
-0.002346
0.021210
0.024198
0.017890
0.001354
-0.006136
0.013697
0.059840
0.101672
0.125988
0.143338
0.151099
0.149604
0.154594
0.201297
0.273463
0.347928
0.443086
0.583642
0.519482
0.108429
-0.352942
-0.661651
-0.714112
-0.570389
-0.178838
0.290745
0.479619
0.408364
0.227035
0.072293
-0.100164
-0.179400
-0.111097
-0.129139
-0.264052
-0.396038
-0.373318
-0.250174
-0.038703
0.252797
0.424547
0.376113
0.155919
-0.058808
-0.228806
-0.306904
-0.237476
-0.118797
-0.050644
-0.068738
-0.062468
-0.022512
0.034971
0.126507
0.204728
0.205373
0.074193
-0.091016
-0.203893
-0.246530
-0.205390
-0.100980
0.021904
0.072916
0.056448
0.025135
0.002685
0.002204
0.007826
0.010655
-0.037224
-0.125608
-0.189211
-0.200815
-0.158894
-0.090435
-0.012136
0.028426
0.010069
-0.022936
-0.047083
-0.056941
-0.066578
-0.065808
-0.061529
-0.071110
-0.072451
-0.048908
-0.006609
0.022977
0.033107
0.030043
0.010682
-0.005451
0.001852
0.037546
0.074470
0.098035
0.114682
0.127184
0.136980
0.149986
0.171203
0.221822
0.281294
0.360515
0.453556
0.580705
0.538211
0.137302
-0.320314
-0.659902
-0.729340
-0.582503
-0.203047
0.284917
0.496114
0.453680
0.265019
0.097062
-0.071375
-0.169052
-0.107838
-0.129089
-0.250539
-0.389592
-0.379020
-0.250209
-0.038661
0.260325
0.438416
0.410824
0.193118
-0.035886
-0.215648
-0.308244
-0.245538
-0.132533
-0.047291
-0.053621
-0.048608
-0.011166
0.042538
0.135068
0.208685
0.217395
0.096408
-0.070510
-0.195158
-0.244201
-0.204671
-0.103192
0.024192
0.084807
0.069159
0.034659
0.019060
0.021337
0.021627
0.020072
-0.018164
-0.110822
-0.194542
-0.213176
-0.169156
-0.096367
-0.015111
0.042033
0.035739
-0.005626
-0.038573
-0.053956
-0.067543
-0.073412
-0.065287
-0.064505
-0.063070
-0.039061
0.007210
0.041562
0.046750
0.037484
0.015572
-0.001788
0.006695
0.048942
0.094953
0.125035
0.144946
0.156653
0.160428
0.163351
0.199161
0.263864
0.352486
0.457854
0.600682
0.638213
0.264112
-0.241966
-0.641161
-0.771925
-0.651519
-0.315382
0.219341
0.505374
0.495392
0.310825
0.130998
-0.025181
-0.161888
-0.106484
-0.098885
-0.224759
-0.393848
-0.430482
-0.299600
-0.101527
0.217220
0.449396
0.464354
0.257267
0.000198
-0.190604
-0.316243
-0.272819
-0.152760
-0.052502
-0.051537
-0.067127
-0.024716
0.025494
0.122377
0.211332
0.243785
0.139656
-0.044421
-0.183303
-0.252590
-0.225748
-0.130306
0.002473
0.083610
0.069606
0.035273
0.016990
0.022322
0.025973
0.024043
-0.009053
-0.100586
-0.192614
-0.221922
-0.182624
-0.108026
-0.028606
0.031224
0.026866
-0.015714
-0.049970
-0.057548
-0.060202
-0.066299
-0.063164
-0.068884
-0.076621
-0.059793
-0.012804
0.032593
0.046160
0.042127
0.022255
-0.001810
-0.002475
0.038630
0.098228
0.139991
0.160197
0.163851
0.155563
0.156890
0.197283
0.280646
0.394102
0.502555
0.649289
0.640791
0.211764
-0.315010
-0.716430
-0.804298
-0.658276
-0.275415
0.268910
0.529389
0.498775
0.295223
0.125353
-0.038630
-0.165074
-0.106204
-0.123198
-0.263641
-0.440002
-0.446836
-0.297080
-0.070488
0.261368
0.480007
0.467305
0.227795
-0.033287
-0.224501
-0.336521
-0.275462
-0.151354
-0.054228
-0.067811
-0.075050
-0.025323
0.039457
0.144967
0.230412
0.249721
0.122394
-0.071679
-0.208682
-0.265624
-0.225734
-0.122051
0.013434
0.080898
0.062826
0.030809
0.019979
0.028107
0.032472
0.032573
-0.011160
-0.112870
-0.207795
-0.238220
-0.200503
-0.126924
-0.035071
0.031312
0.030672
-0.010450
-0.039946
-0.051110
-0.062055
-0.068214
-0.067593
-0.080509
-0.089519
-0.066148
-0.014326
0.029052
0.048373
0.049669
0.033015
0.007690
0.011387
0.051287
0.108480
0.150441
0.170740
0.168870
0.164101
0.177828
0.236626
0.324844
0.441165
0.556360
0.712512
0.590344
0.064142
-0.456826
-0.807864
-0.808941
-0.609563
-0.127375
0.403226
0.568289
0.475259
0.246841
0.091141
-0.096614
-0.173552
-0.090262
-0.153499
-0.321492
-0.483652
-0.424266
-0.252842
0.015873
0.361760
0.523757
0.436617
0.147181
-0.097692
-0.279627
-0.347197
-0.240279
-0.109568
-0.037432
-0.079153
-0.065069
-0.008776
0.069359
0.184593
0.261983
0.246491
0.069442
-0.123692
-0.239795
-0.267586
-0.199637
-0.077462
0.053909
0.088012
0.053224
0.024892
0.017627
0.026091
0.027828
0.019783
-0.041587
-0.148068
-0.219100
-0.217682
-0.164198
-0.095799
-0.023556
0.016206
-0.002500
-0.032717
-0.039965
-0.036315
-0.048816
-0.061088
-0.067389
-0.083963
-0.085748
-0.046142
0.018146
0.054346
0.052894
0.038087
0.013182
-0.000468
0.028504
0.101651
0.167248
0.195848
0.190236
0.173611
0.169858
0.218642
0.324230
0.455720
0.567099
0.717237
0.644392
0.132364
-0.423886
-0.802449
-0.829688
-0.640036
-0.192761
0.366197
0.577170
0.495089
0.267770
0.108563
-0.067145
-0.179908
-0.106665
-0.146843
-0.313871
-0.489299
-0.448298
-0.266509
-0.009953
0.335377
0.523681
0.457644
0.170806
-0.090715
-0.269068
-0.349265
-0.256956
-0.119524
-0.036560
-0.075528
-0.079451
-0.019907
0.061916
0.176984
0.259502
0.258140
0.092372
-0.114501
-0.241266
-0.269195
-0.208096
-0.093405
0.035468
0.070785
0.034885
0.016302
0.028777
0.049467
0.049047
0.041835
-0.028076
-0.155952
-0.243245
-0.247004
-0.183390
-0.106656
-0.020835
0.028846
0.006254
-0.031591
-0.049156
-0.045882
-0.058009
-0.064064
-0.062893
-0.077526
-0.083567
-0.055834
0.000893
0.034499
0.038977
0.033102
0.015143
0.008414
0.031759
0.101716
0.164021
0.191156
0.185062
0.169300
0.175027
0.226515
0.323303
0.445216
0.581281
0.748842
0.642568
0.107436
-0.455742
-0.827564
-0.854527
-0.646496
-0.156633
0.397640
0.586116
0.486224
0.258611
0.087406
-0.097050
-0.182171
-0.101361
-0.152371
-0.328100
-0.494601
-0.449336
-0.271198
0.003086
0.355250
0.529638
0.445584
0.155447
-0.106837
-0.293306
-0.359154
-0.252470
-0.110373
-0.032544
-0.076151
-0.074743
-0.025370
0.057896
0.178357
0.264037
0.254542
0.083028
-0.121326
-0.249136
-0.275953
-0.209887
-0.086853
0.043845
0.079085
0.040697
0.005560
0.009913
0.032353
0.038895
0.029373
-0.034828
-0.146557
-0.225919
-0.226849
-0.168239
-0.098820
-0.030771
0.002277
-0.010585
-0.036428
-0.042971
-0.035062
-0.039920
-0.052791
-0.065776
-0.084286
-0.087781
-0.056388
0.000237
0.038586
0.044630
0.031531
0.012140
0.003832
0.028333
0.092228
0.153844
0.178489
0.175563
0.166935
0.170492
0.213023
0.298097
0.422305
0.545354
0.684545
0.710884
0.289449
-0.283858
-0.731511
-0.865954
-0.715614
-0.342503
0.240740
0.557906
0.544160
0.335115
0.135654
-0.029111
-0.185093
-0.135497
-0.127421
-0.262742
-0.443057
-0.471951
-0.312248
-0.087407
0.251174
0.489135
0.488527
0.248881
-0.039384
-0.236329
-0.351279
-0.287389
-0.149786
-0.041970
-0.047788
-0.076230
-0.033861
0.027504
0.140659
0.233463
0.262962
0.145067
-0.059966
-0.208524
-0.269575
-0.228848
-0.125861
0.011375
0.079412
0.050428
0.018089
0.011417
0.026930
0.023868
0.015496
-0.023725
-0.116717
-0.200896
-0.222383
-0.177075
-0.115980
-0.053949
-0.007205
-0.008571
-0.033818
-0.045488
-0.034793
-0.033653
-0.045228
-0.058013
-0.073018
-0.082833
-0.063706
-0.010605
0.036646
0.048413
0.040653
0.025462
0.019705
0.039902
0.103035
0.170198
0.196125
0.185040
0.183208
0.203218
0.250655
0.342392
0.482096
0.635636
0.769406
0.528359
-0.040340
-0.576658
-0.879543
-0.821508
-0.535136
0.024984
0.495215
0.594801
0.437687
0.193984
0.023429
-0.154533
-0.168272
-0.100234
-0.186797
-0.368527
-0.497312
-0.403293
-0.206595
0.107653
0.428646
0.530025
0.376308
0.066992
-0.176030
-0.339795
-0.342273
-0.203025
-0.067382
-0.020877
-0.068218
-0.059138
-0.015841
0.079247
0.200320
0.267929
0.219334
0.029334
-0.155721
-0.264814
-0.263987
-0.175945
-0.045956
0.067178
0.075678
0.040471
0.008099
0.004503
0.015348
0.015460
0.003379
-0.071702
-0.164581
-0.216993
-0.203443
-0.142546
-0.079853
-0.021870
-0.009736
-0.031573
-0.049753
-0.050577
-0.038855
-0.041640
-0.046631
-0.063696
-0.081296
-0.077164
-0.043069
0.009415
0.039989
0.042237
0.025691
0.007942
0.015677
0.053929
0.121272
0.172535
0.187558
0.177337
0.177521
0.205434
0.270591
0.381515
0.514090
0.647499
0.728162
0.423032
-0.149264
-0.647692
-0.875770
-0.765037
-0.447075
0.108836
0.521583
0.573939
0.388557
0.152358
-0.010437
-0.175054
-0.170586
-0.116482
-0.213027
-0.386973
-0.480922
-0.361111
-0.155371
0.159381
0.444077
0.505111
0.320931
0.018740
-0.205230
-0.347500
-0.326372
-0.184728
-0.055990
-0.025713
-0.068286
-0.050074
-0.003476
0.092555
0.201412
0.256265
0.188813
-0.002172
-0.176691
-0.269094
-0.256387
-0.164073
-0.028371
0.069932
0.062438
0.025157
0.008222
0.020848
0.029733
0.030921
0.004044
-0.086507
-0.184170
-0.228340
-0.199154
-0.141309
-0.072991
-0.009743
0.000812
-0.022877
-0.042730
-0.041207
-0.045138
-0.059138
-0.064570
-0.074182
-0.079712
-0.063428
-0.017791
0.025760
0.037174
0.030398
0.013189
0.004742
0.022636
0.081702
0.153502
0.193519
0.191391
0.173718
0.173033
0.208719
0.291576
0.418138
0.548411
0.701611
0.704024
0.262049
-0.317184
-0.760818
-0.865931
-0.694637
-0.290846
0.289264
0.580243
0.535869
0.301194
0.100571
-0.066609
-0.197930
-0.128524
-0.115535
-0.251570
-0.436021
-0.460610
-0.304113
-0.074049
0.268565
0.496736
0.480821
0.226283
-0.062882
-0.259629
-0.362703
-0.281516
-0.130421
-0.021478
-0.034667
-0.069535
-0.038463
0.017620
0.130907
0.228580
0.261184
0.144514
-0.059988
-0.214374
-0.275477
-0.230818
-0.122293
0.016434
0.087792
0.069906
0.032347
0.014531
0.018119
0.011401
0.011021
-0.029414
-0.118962
-0.201980
-0.221568
-0.177518
-0.116899
-0.046475
0.003771
0.000213
-0.030265
-0.049180
-0.044192
-0.046611
-0.052151
-0.055472
-0.064134
-0.070668
-0.050549
-0.003758
0.036676
0.044995
0.038180
0.025842
0.020402
0.040702
0.100963
0.166979
0.197865
0.192536
0.184894
0.192993
0.243463
0.344128
0.487814
0.624907
0.740105
0.496973
-0.068569
-0.587468
-0.870079
-0.779996
-0.491759
0.050508
0.505838
0.584978
0.414347
0.161472
0.004759
-0.158986
-0.169223
-0.092411
-0.173412
-0.346325
-0.478681
-0.383394
-0.189512
0.113325
0.425537
0.519407
0.367536
0.056724
-0.180555
-0.336258
-0.336957
-0.194660
-0.057964
-0.006344
-0.057055
-0.054109
-0.014330
0.074135
0.190140
0.255881
0.218354
0.035405
-0.151908
-0.261864
-0.262611
-0.175818
-0.044672
0.078421
0.086824
0.035664
0.001904
0.010639
0.031722
0.031141
0.022351
-0.053715
-0.167921
-0.235691
-0.218987
-0.147361
-0.076332
-0.002104
0.025837
-0.008254
-0.047296
-0.059488
-0.048075
-0.052393
-0.050903
-0.050609
-0.065444
-0.068421
-0.038742
0.014616
0.038203
0.037649
0.029477
0.017956
0.022795
0.059245
0.132285
0.185712
0.194478
0.176331
0.167108
0.192356
0.262679
0.383894
0.514177
0.673327
0.722044
0.342088
-0.231173
-0.701135
-0.859800
-0.724210
-0.363859
0.208391
0.551242
0.547056
0.331688
0.121472
-0.041650
-0.185293
-0.134504
-0.097154
-0.215776
-0.402639
-0.466945
-0.336958
-0.124744
0.208214
0.470310
0.497883
0.279734
-0.015296
-0.228091
-0.354924
-0.303626
-0.154610
-0.033319
-0.025037
-0.066279
-0.045836
0.001939
0.106090
0.210609
0.260627
0.175439
-0.022282
-0.191058
-0.272558
-0.245185
-0.146944
-0.009461
0.075563
0.063967
0.028924
0.016775
0.032850
0.033393
0.028667
-0.010143
-0.110270
-0.206406
-0.237148
-0.186578
-0.114903
-0.039992
0.017599
0.010630
-0.031171
-0.062104
-0.054425
-0.046349
-0.046439
-0.041696
-0.049311
-0.062571
-0.060364
-0.023711
0.014364
0.026655
0.028358
0.023435
0.022514
0.035093
0.082753
0.143435
0.177858
0.179909
0.170024
0.174601
0.203558
0.285746
0.418951
0.548513
0.699743
0.669722
0.216158
-0.346997
-0.770942
-0.847007
-0.663407
-0.245170
0.313988
0.574696
0.517813
0.279943
0.088473
-0.074575
-0.187327
-0.114592
-0.114853
-0.253744
-0.435678
-0.451849
-0.295521
-0.058209
0.280853
0.496437
0.472230
0.216334
-0.067118
-0.261267
-0.355271
-0.272040
-0.127927
-0.024019
-0.039022
-0.069021
-0.037519
0.023330
0.138282
0.230911
0.258854
0.138358
-0.065364
-0.218806
-0.277501
-0.229403
-0.120703
0.018592
0.085997
0.060029
0.019712
0.010011
0.029085
0.031748
0.031103
-0.014430
-0.118461
-0.212879
-0.234309
-0.181332
-0.106363
-0.023832
0.029352
0.015944
-0.031797
-0.062277
-0.058794
-0.055622
-0.050968
-0.044424
-0.051421
-0.064488
-0.050596
-0.006720
0.025986
0.029943
0.022953
0.013773
0.013040
0.035806
0.096290
0.158658
0.189227
0.187326
0.179154
0.175408
0.202867
0.296365
0.438534
0.577322
0.722860
0.609189
0.103068
-0.450379
-0.816521
-0.820706
-0.594943
-0.124192
0.396134
0.580727
0.470522
0.226296
0.056727
-0.101421
-0.168727
-0.091631
-0.129007
-0.293794
-0.465781
-0.436335
-0.259202
0.010806
0.346743
0.517477
0.439174
0.154852
-0.111968
-0.289510
-0.344850
-0.238621
-0.098827
-0.019458
-0.055396
-0.073499
-0.034980
0.044266
0.164290
0.249595
0.251963
0.100677
-0.102270
-0.240996
-0.274337
-0.209098
-0.089528
0.046194
0.093782
0.055927
0.008387
0.000685
0.022728
0.037139
0.040279
-0.024479
-0.139916
-0.233485
-0.241972
-0.175725
-0.087007
0.003730
0.041739
0.013688
-0.037472
-0.064599
-0.062587
-0.058199
-0.045473
-0.040427
-0.052101
-0.064020
-0.046759
-0.005446
0.023897
0.030736
0.024135
0.012584
0.012896
0.041169
0.101413
0.156933
0.186528
0.188969
0.177637
0.175290
0.215784
0.313689
0.451621
0.600777
0.717135
0.493647
-0.042010
-0.551201
-0.828693
-0.767209
-0.489411
0.027891
0.467331
0.556554
0.399094
0.167123
0.009191
-0.139302
-0.146658
-0.079364
-0.159445
-0.338117
-0.470474
-0.396060
-0.208501
0.090622
0.398839
0.505373
0.366054
0.076383
-0.159403
-0.313253
-0.319678
-0.193785
-0.069419
-0.027147
-0.072559
-0.070888
-0.025363
0.069945
0.188427
0.258213
0.219738
0.041856
-0.147542
-0.260618
-0.264669
-0.182930
-0.053726
0.064552
0.090864
0.055699
0.009565
0.003798
0.018397
0.033084
0.026999
-0.049663
-0.153542
-0.229458
-0.227927
-0.167477
-0.085309
-0.001854
0.025444
0.003526
-0.037555
-0.059516
-0.062222
-0.062324
-0.055345
-0.058175
-0.069343
-0.074398
-0.048882
-0.003013
0.027826
0.037061
0.026042
0.010971
0.005549
0.029977
0.085123
0.135572
0.162157
0.166758
0.166093
0.165481
0.199863
0.274466
0.382183
0.498110
0.640832
0.658998
0.250436
-0.282462
-0.697986
-0.811864
-0.666908
-0.304706
0.247652
0.528309
0.500360
0.293037
0.105805
-0.049307
-0.180771
-0.115299
-0.105235
-0.236365
-0.412651
-0.446910
-0.304894
-0.094279
0.230344
0.457589
0.458978
0.235922
-0.033851
-0.219630
-0.328545
-0.267274
-0.141145
-0.044216
-0.052757
-0.083662
-0.047050
0.011784
0.123004
0.218639
0.252897
0.146583
-0.050989
-0.200976
-0.268304
-0.233141
-0.133999
0.000338
0.082752
0.077999
0.037966
0.007301
0.008292
0.004330
0.006761
-0.026347
-0.108066
-0.190329
-0.222648
-0.184834
-0.119479
-0.041662
0.011731
0.011615
-0.021275
-0.050980
-0.052238
-0.052005
-0.052486
-0.052721
-0.061166
-0.072129
-0.061760
-0.019050
0.023408
0.041638
0.040182
0.029461
0.021198
0.032265
0.080472
0.139861
0.177893
0.184462
0.176253
0.171355
0.215412
0.307397
0.431164
0.564090
0.711371
0.580277
0.064944
-0.466737
-0.800479
-0.795957
-0.573454
-0.096925
0.403904
0.555587
0.436741
0.212296
0.057831
-0.103011
-0.159464
-0.082569
-0.138220
-0.310949
-0.468827
-0.420836
-0.246525
0.022367
0.350590
0.503484
0.410754
0.132422
-0.111173
-0.275508
-0.323277
-0.218819
-0.093318
-0.032981
-0.077119
-0.082492
-0.030900
0.057915
0.177777
0.255939
0.244341
0.079237
-0.119040
-0.243836
-0.263798
-0.193214
-0.078109
0.048033
0.088003
0.062303
0.023856
0.010266
0.021425
0.019835
0.015813
-0.046142
-0.146732
-0.220809
-0.226139
-0.164111
-0.086659
-0.006168
0.027529
0.004694
-0.035462
-0.060309
-0.058763
-0.060183
-0.057314
-0.058666
-0.067716
-0.069578
-0.046754
0.003396
0.035409
0.042054
0.032285
0.016350
0.012266
0.032481
0.090373
0.145813
0.177345
0.185678
0.180803
0.176745
0.211892
0.301413
0.421559
0.543926
0.683653
0.626086
0.154999
-0.387604
-0.760875
-0.806192
-0.612399
-0.190974
0.339586
0.552887
0.470031
0.248825
0.079939
-0.069273
-0.163608
-0.093883
-0.121205
-0.281518
-0.453496
-0.444562
-0.274456
-0.027879
0.302269
0.490215
0.438551
0.181006
-0.079533
-0.249472
-0.325023
-0.241612
-0.118057
-0.042977
-0.071710
-0.090854
-0.038457
0.043865
0.164147
0.248232
0.251861
0.110415
-0.093054
-0.230035
-0.268593
-0.211592
-0.102287
0.025727
0.083579
0.052473
0.016250
0.017923
0.040162
0.046956
0.033884
-0.021348
-0.134212
-0.231288
-0.246720
-0.186735
-0.102457
-0.022522
0.031122
0.017217
-0.029281
-0.054035
-0.050532
-0.048502
-0.057326
-0.059081
-0.071598
-0.083264
-0.061717
-0.007685
0.035439
0.040925
0.034937
0.023766
0.015603
0.033465
0.088163
0.148108
0.175831
0.179183
0.169382
0.153271
0.172790
0.259870
0.391865
0.526732
0.676537
0.697998
0.310742
-0.256883
-0.698077
-0.834388
-0.695232
-0.338202
0.200605
0.517479
0.504741
0.312360
0.134352
-0.006619
-0.132188
-0.098758
-0.095268
-0.240985
-0.435291
-0.483551
-0.337019
-0.105971
0.222152
0.468406
0.484345
0.267386
-0.008869
-0.199828
-0.308373
-0.266691
-0.150352
-0.061226
-0.069639
-0.102197
-0.057492
0.024233
0.143787
0.242498
0.272882
0.165923
-0.038564
-0.198301
-0.263322
-0.229606
-0.133668
-0.005004
0.073288
0.053798
0.019608
0.020663
0.048154
0.059321
0.048174
-0.000760
-0.114313
-0.227081
-0.258858
-0.204448
-0.114581
-0.027434
0.035082
0.031085
-0.017222
-0.052897
-0.054973
-0.048529
-0.050457
-0.050228
-0.058216
-0.071708
-0.061105
-0.016308
0.029050
0.043623
0.039749
0.027286
0.019152
0.033645
0.084652
0.149515
0.186044
0.187625
0.172297
0.165873
0.193338
0.278668
0.426838
0.579000
0.707250
0.632413
0.182259
-0.367105
-0.762485
-0.828368
-0.619814
-0.202081
0.301076
0.536316
0.479102
0.267326
0.089401
-0.043677
-0.128666
-0.091277
-0.125798
-0.283936
-0.457315
-0.465848
-0.292913
-0.028844
0.294574
0.488274
0.449850
0.205489
-0.063823
-0.240026
-0.310937
-0.239758
-0.126497
-0.055216
-0.073718
-0.094576
-0.044545
0.046560
0.171533
0.256367
0.256463
0.121525
-0.080731
-0.225385
-0.267605
-0.210598
-0.103348
0.017370
0.079287
0.058749
0.015872
0.010476
0.035083
0.048392
0.037084
-0.019968
-0.124647
-0.225662
-0.250172
-0.192772
-0.103948
-0.021055
0.028298
0.023735
-0.022068
-0.058931
-0.064371
-0.061826
-0.061309
-0.059977
-0.060989
-0.065334
-0.051173
-0.011228
0.028596
0.038473
0.030922
0.021294
0.017769
0.036645
0.085511
0.144816
0.177914
0.182732
0.179250
0.178591
0.199188
0.284500
0.432469
0.570662
0.691207
0.623292
0.192814
-0.360439
-0.762509
-0.829475
-0.626924
-0.220100
0.283006
0.538922
0.487023
0.267864
0.086233
-0.050269
-0.141620
-0.109585
-0.129666
-0.277805
-0.452528
-0.466665
-0.297056
-0.039431
0.276977
0.477670
0.448595
0.207647
-0.065168
-0.244182
-0.317694
-0.253456
-0.137314
-0.058516
-0.071619
-0.095699
-0.051049
0.037754
0.158742
0.242796
0.248006
0.123396
-0.075380
-0.224553
-0.270704
-0.216950
-0.112828
0.006926
0.068972
0.045482
0.007526
0.005775
0.035488
0.048164
0.030829
-0.026408
-0.134823
-0.230363
-0.247706
-0.184426
-0.095902
-0.023427
0.019793
0.005032
-0.037672
-0.065146
-0.058901
-0.045094
-0.045573
-0.047422
-0.058942
-0.071883
-0.060907
-0.021093
0.022283
0.037107
0.036146
0.025665
0.021708
0.041055
0.093919
0.154556
0.186006
0.187733
0.178595
0.176988
0.211683
0.308691
0.445129
0.568184
0.676251
0.550669
0.080661
-0.440365
-0.771452
-0.774082
-0.550051
-0.118638
0.350850
0.529682
0.433133
0.217873
0.061248
-0.076796
-0.145223
-0.099528
-0.144823
-0.303618
-0.455151
-0.422705
-0.243440
0.016043
0.319430
0.475856
0.403418
0.147512
-0.097178
-0.254927
-0.305709
-0.223497
-0.110566
-0.048447
-0.074748
-0.083560
-0.030299
0.060152
0.174992
0.245896
0.233045
0.088531
-0.102585
-0.229549
-0.256147
-0.193980
-0.087781
0.028832
0.079012
0.044577
0.008466
0.012389
0.038060
0.046528
0.027158
-0.033092
-0.146750
-0.237201
-0.241960
-0.171180
-0.079451
-0.005411
0.036765
0.013600
-0.038018
-0.066451
-0.060806
-0.048819
-0.045974
-0.042966
-0.055162
-0.070329
-0.058973
-0.014129
0.030489
0.043522
0.042282
0.031321
0.025495
0.043751
0.098157
0.161809
0.191311
0.191128
0.180638
0.182077
0.237297
0.360035
0.495689
0.602942
0.677657
0.459124
-0.057152
-0.553509
-0.804430
-0.725522
-0.461003
0.004922
0.429206
0.533296
0.385694
0.171154
0.037578
-0.100940
-0.143126
-0.103225
-0.179401
-0.349924
-0.471650
-0.383144
-0.181501
0.095281
0.379199
0.482863
0.354782
0.078272
-0.143348
-0.279347
-0.298167
-0.199295
-0.089515
-0.046430
-0.083443
-0.074344
-0.009884
0.089485
0.196208
0.249035
0.208501
0.039021
-0.144033
-0.248539
-0.248483
-0.173638
-0.062079
0.046714
0.072548
0.034455
0.005022
0.016857
0.041620
0.044589
0.020228
-0.056734
-0.168443
-0.242661
-0.229635
-0.155019
-0.070666
-0.001869
0.024802
-0.002989
-0.046166
-0.064392
-0.056971
-0.050513
-0.050138
-0.053310
-0.065326
-0.071431
-0.048288
-0.002925
0.030306
0.034812
0.027517
0.018221
0.021503
0.050292
0.108538
0.164893
0.189517
0.188467
0.183492
0.195512
0.255705
0.360966
0.484770
0.595697
0.644844
0.377509
-0.138831
-0.587140
-0.789933
-0.687021
-0.396569
0.080511
0.455498
0.506058
0.345961
0.140184
0.002736
-0.128704
-0.141382
-0.103419
-0.197770
-0.361302
-0.454665
-0.350727
-0.150460
0.130491
0.395192
0.460535
0.307927
0.037445
-0.168029
-0.291226
-0.288799
-0.177739
-0.076127
-0.045962
-0.082509
-0.065768
-0.003585
0.094269
0.197649
0.242474
0.187176
0.013042
-0.157509
-0.247984
-0.239543
-0.158559
-0.043930
0.055984
0.076311
0.046641
0.009254
0.008266
0.022440
0.024574
0.003911
-0.070719
-0.164226
-0.228840
-0.219292
-0.151060
-0.067300
0.001766
0.022412
0.000647
-0.039434
-0.063841
-0.064550
-0.061709
-0.059445
-0.062432
-0.065450
-0.061692
-0.036144
0.004473
0.031509
0.035168
0.026051
0.020355
0.026979
0.058251
0.115975
0.166688
0.189358
0.189195
0.188924
0.212712
0.283227
0.396832
0.520045
0.638484
0.621854
0.241475
-0.289134
-0.691391
-0.799546
-0.630489
-0.265351
0.239109
0.521385
0.489274
0.286430
0.091781
-0.049303
-0.158839
-0.120935
-0.109160
-0.234446
-0.399330
-0.441905
-0.301416
-0.079855
0.227039
0.450482
0.450313
0.239572
-0.032378
-0.219405
-0.316791
-0.265130
-0.139159
-0.046939
-0.044968
-0.078315
-0.048049
0.018041
0.126066
0.221159
0.247870
0.152050
-0.039688
-0.195034
-0.262144
-0.227241
-0.128787
-0.002330
0.083969
0.082101
0.041101
0.013394
0.018532
0.026021
0.022210
-0.011553
-0.093140
-0.189869
-0.236665
-0.205026
-0.125859
-0.039542
0.020684
0.028780
-0.008766
-0.051797
-0.070090
-0.068783
-0.063620
-0.058608
-0.057659
-0.061982
-0.055989
-0.024825
0.014603
0.033946
0.030209
0.020370
0.013669
0.027006
0.069011
0.128924
0.170814
0.179238
0.172702
0.175614
0.211451
0.289727
0.408916
0.528231
0.632837
0.617759
0.237205
-0.282238
-0.681793
-0.793287
-0.627868
-0.280953
0.221770
0.507738
0.491810
0.298060
0.102669
-0.036363
-0.159267
-0.128803
-0.119152
-0.236490
-0.393018
-0.437464
-0.296009
-0.083641
0.216502
0.437745
0.446430
0.247746
-0.022652
-0.208590
-0.314347
-0.270352
-0.149811
-0.054768
-0.042948
-0.072885
-0.040917
0.018727
0.120628
0.211086
0.240074
0.153310
-0.032493
-0.186195
-0.257758
-0.229185
-0.136060
-0.010516
0.081241
0.086178
0.060673
0.037299
0.017068
0.000292
-0.008387
-0.032213
-0.102990
-0.181355
-0.206107
-0.178211
-0.119133
-0.049532
0.007372
0.013311
-0.019251
-0.042963
-0.053556
-0.060400
-0.062801
-0.057843
-0.059356
-0.067444
-0.052199
-0.015937
0.019385
0.034414
0.036722
0.030375
0.021967
0.035529
0.076148
0.129753
0.166984
0.181086
0.187248
0.199508
0.235774
0.315634
0.437244
0.544861
0.639681
0.541985
0.101525
-0.398038
-0.742481
-0.758734
-0.544978
-0.139788
0.338111
0.537811
0.459705
0.230606
0.053965
-0.085421
-0.171706
-0.117879
-0.134273
-0.260543
-0.411879
-0.406736
-0.242584
-0.010396
0.287321
0.458401
0.416343
0.175335
-0.083007
-0.250371
-0.319685
-0.241455
-0.118431
-0.030307
-0.040326
-0.063018
-0.027292
0.039576
0.146386
0.222226
0.232385
0.114451
-0.074705
-0.213459
-0.259994
-0.207146
-0.103147
0.024787
0.097290
0.086733
0.055692
0.027234
0.007420
0.000634
-0.003870
-0.036074
-0.120090
-0.193940
-0.208362
-0.176390
-0.108279
-0.030310
0.024929
0.018934
-0.018212
-0.045023
-0.063900
-0.071713
-0.068913
-0.058290
-0.059917
-0.064239
-0.045550
-0.013699
0.019036
0.034010
0.038331
0.028181
0.019838
0.035210
0.075584
0.130298
0.167754
0.183330
0.185787
0.204449
0.257943
0.347429
0.463621
0.565746
0.661162
0.514717
0.031731
-0.465650
-0.777884
-0.757101
-0.524374
-0.078863
0.397204
0.556371
0.446473
0.211344
0.039785
-0.113713
-0.184901
-0.119162
-0.151106
-0.288802
-0.430005
-0.394732
-0.223920
0.020958
0.324855
0.475860
0.404062
0.143150
-0.110015
-0.275590
-0.333566
-0.238778
-0.108400
-0.024449
-0.043071
-0.057988
-0.019547
0.048313
0.153754
0.226232
0.228655
0.094570
-0.096790
-0.229195
-0.267532
-0.209327
-0.096848
0.038085
0.103958
0.075946
0.025622
0.003620
0.009415
0.015996
0.015194
-0.029881
-0.129459
-0.223230
-0.243707
-0.185792
-0.095219
-0.006374
0.042452
0.025704
-0.029467
-0.073391
-0.083601
-0.074356
-0.057075
-0.040525
-0.042660
-0.054927
-0.050820
-0.020995
0.014826
0.033017
0.038002
0.035092
0.032937
0.049636
0.097343
0.155555
0.191191
0.202599
0.206787
0.243786
0.308990
0.398598
0.504153
0.620860
0.598855
0.200492
-0.313461
-0.695418
-0.785776
-0.613137
-0.238307
0.279901
0.540122
0.490734
0.273410
0.069047
-0.086507
-0.199878
-0.137664
-0.114720
-0.227330
-0.381216
-0.418815
-0.284297
-0.079064
0.227516
0.446398
0.443379
0.230229
-0.045558
-0.236410
-0.341612
-0.280540
-0.140702
-0.032292
-0.021075
-0.056970
-0.037220
0.010247
0.107570
0.200157
0.235392
0.150160
-0.036770
-0.193367
-0.266214
-0.233276
-0.133906
-0.000277
0.093864
0.089666
0.038480
0.000035
0.002142
0.011499
0.015768
-0.007879
-0.087667
-0.187153
-0.237706
-0.209407
-0.131670
-0.044828
0.021002
0.029690
-0.009310
-0.056137
-0.078115
-0.075529
-0.065337
-0.050549
-0.045299
-0.054327
-0.055934
-0.032880
0.005673
0.026512
0.031358
0.028349
0.026238
0.039725
0.081988
0.145440
0.185362
0.194163
0.195187
0.213809
0.270782
0.357015
0.462590
0.571108
0.655352
0.426797
-0.078712
-0.546590
-0.785773
-0.710906
-0.444584
0.043154
0.461001
0.542283
0.381915
0.151949
-0.006705
-0.160039
-0.176749
-0.104075
-0.161168
-0.311606
-0.428681
-0.357138
-0.185943
0.080301
0.369627
0.474930
0.353740
0.079326
-0.150699
-0.303447
-0.323068
-0.203500
-0.071822
-0.009983
-0.043800
-0.049312
-0.015459
0.058986
0.163070
0.231335
0.213096
0.058696
-0.122424
-0.239377
-0.256557
-0.185934
-0.065590
0.061988
0.105582
0.069847
0.014137
-0.002350
0.002401
0.003222
-0.000263
-0.049664
-0.136738
-0.208319
-0.211197
-0.152215
-0.078328
-0.010349
0.020224
0.002479
-0.039248
-0.065358
-0.062336
-0.054602
-0.045157
-0.038625
-0.044674
-0.051184
-0.037080
0.000769
0.029497
0.037645
0.038403
0.038271
0.047289
0.079926
0.137770
0.186784
0.204607
0.215334
0.241671
0.295786
0.363902
0.450732
0.580830
0.652770
0.372613
-0.137696
-0.585384
-0.784781
-0.699822
-0.396974
0.127076
0.506985
0.544886
0.357808
0.132489
-0.041448
-0.193737
-0.169924
-0.095541
-0.165035
-0.322620
-0.418329
-0.336808
-0.165705
0.119746
0.402437
0.482710
0.327629
0.046980
-0.179730
-0.329549
-0.324844
-0.189492
-0.051896
-0.001475
-0.036882
-0.039033
-0.009791
0.068471
0.170515
0.236171
0.200670
0.035009
-0.140613
-0.249340
-0.254898
-0.173274
-0.042712
0.080323
0.101128
0.055618
0.011509
0.003142
0.014498
0.018388
0.004583
-0.068483
-0.174904
-0.235154
-0.214646
-0.135371
-0.048979
0.019746
0.031070
-0.014754
-0.064486
-0.084450
-0.071722
-0.051433
-0.031488
-0.027110
-0.046948
-0.058169
-0.041507
-0.001344
0.028540
0.041040
0.040928
0.033957
0.041710
0.076529
0.136068
0.186111
0.208776
0.219678
0.245838
0.303206
0.386475
0.479430
0.588915
0.632522
0.304012
-0.213270
-0.645340
-0.800024
-0.663738
-0.336705
0.192508
0.533115
0.537397
0.326358
0.095496
-0.061425
-0.205602
-0.168846
-0.109216
-0.189844
-0.345639
-0.427477
-0.313592
-0.127220
0.166009
0.425430
0.473509
0.292702
-0.001834
-0.213955
-0.345334
-0.316451
-0.177274
-0.045088
-0.001807
-0.044104
-0.037588
-0.001651
0.085129
0.181317
0.230891
0.179393
0.001206
-0.167315
-0.262421
-0.249871
-0.160486
-0.031521
0.084574
0.102558
0.067788
0.025113
0.017922
0.018382
0.008528
-0.011304
-0.086083
-0.177186
-0.237483
-0.220521
-0.143789
-0.057525
0.013457
0.026273
-0.009265
-0.059049
-0.085382
-0.078732
-0.067143
-0.050823
-0.046045
-0.052662
-0.057639
-0.043820
-0.007420
0.019139
0.027982
0.023527
0.015080
0.020089
0.047133
0.104799
0.155309
0.176720
0.174152
0.169978
0.195340
0.259836
0.368903
0.479095
0.578993
0.662655
0.424984
-0.084498
-0.555100
-0.790991
-0.709177
-0.452985
0.035226
0.454364
0.540108
0.384326
0.158804
0.012501
-0.146021
-0.173030
-0.106818
-0.169139
-0.320712
-0.438914
-0.355077
-0.175595
0.089505
0.373836
0.475212
0.351889
0.071645
-0.155155
-0.300568
-0.319714
-0.203711
-0.078088
-0.015682
-0.050746
-0.050482
-0.007599
0.071415
0.172463
0.232601
0.210366
0.051796
-0.130688
-0.243162
-0.258286
-0.184941
-0.065183
0.063885
0.108103
0.085677
0.048352
0.028493
0.024567
0.012549
-0.002080
-0.063685
-0.156128
-0.225645
-0.233473
-0.175094
-0.088898
0.000955
0.039988
0.017752
-0.030487
-0.070909
-0.083310
-0.079303
-0.060587
-0.045568
-0.049309
-0.053509
-0.043665
-0.013229
0.015561
0.034231
0.043458
0.044372
0.048697
0.070697
0.118006
0.163995
0.184937
0.192241
0.205015
0.248051
0.333560
0.445034
0.537584
0.669895
0.562971
0.082672
-0.435386
-0.783279
-0.770621
-0.564636
-0.116379
0.396999
0.578341
0.469008
0.213121
0.047399
-0.116090
-0.200386
-0.111923
-0.126764
-0.260645
-0.428540
-0.404850
-0.237439
-0.003677
0.317573
0.488758
0.432293
0.157899
-0.109865
-0.281002
-0.351202
-0.249662
-0.108248
-0.005890
-0.029014
-0.057641
-0.024464
0.038503
0.149138
0.224885
0.241740
0.113378
-0.087562
-0.229320
-0.273577
-0.208354
-0.098548
0.044965
0.116458
0.097672
0.052409
0.016836
0.023402
0.007962
-0.003222
-0.042551
-0.132011
-0.204798
-0.237619
-0.187411
-0.108407
-0.024374
0.030006
0.015068
-0.023040
-0.068537
-0.081445
-0.076415
-0.067391
-0.051697
-0.057096
-0.056557
-0.046864
-0.013395
0.025571
0.041432
0.044713
0.033071
0.033876
0.056600
0.109593
0.171363
0.202992
0.215375
0.223240
0.269619
0.340006
0.443389
0.575136
0.714740
0.551700
0.014784
-0.512100
-0.835734
-0.805030
-0.545871
-0.029996
0.481332
0.608045
0.455102
0.190670
0.006043
-0.159209
-0.200980
-0.093125
-0.134409
-0.295472
-0.454754
-0.413210
-0.231602
0.036459
0.376613
0.526496
0.424265
0.123286
-0.151238
-0.322209
-0.367794
-0.236598
-0.082758
0.005378
-0.031228
-0.058453
-0.025952
0.043920
0.163394
0.244210
0.244031
0.090387
-0.117286
-0.253730
-0.284246
-0.204744
-0.078735
0.063888
0.112136
0.076921
0.033168
0.017512
0.025689
0.016517
0.011437
-0.044724
-0.152449
-0.235722
-0.246346
-0.181886
-0.099194
-0.012059
0.032333
0.005079
-0.044946
-0.077217
-0.075452
-0.068734
-0.057779
-0.047199
-0.058259
-0.065128
-0.046937
-0.000963
0.035978
0.045827
0.044897
0.036199
0.043254
0.081528
0.148197
0.207653
0.231902
0.236135
0.255258
0.312597
0.408462
0.533693
0.696550
0.633813
0.152747
-0.408384
-0.804700
-0.846886
-0.628109
-0.155245
0.408180
0.623698
0.508082
0.231672
0.017949
-0.147833
-0.222501
-0.111090
-0.101021
-0.243934
-0.427353
-0.446173
-0.287318
-0.043256
0.305114
0.516633
0.471856
0.195926
-0.109239
-0.305156
-0.386829
-0.279232
-0.116128
-0.002490
-0.013797
-0.061568
-0.045940
0.009023
0.128356
0.227290
0.254400
0.135543
-0.076148
-0.233655
-0.293386
-0.233031
-0.110668
0.033183
0.105920
0.074056
0.024981
-0.000549
0.016047
0.033598
0.038390
-0.008732
-0.124903
-0.232791
-0.267983
-0.218055
-0.127172
-0.028571
0.032447
0.015711
-0.040954
-0.082717
-0.090648
-0.078411
-0.060473
-0.043583
-0.047681
-0.060771
-0.054414
-0.022566
0.015584
0.033732
0.035583
0.028206
0.026347
0.055190
0.115123
0.184653
0.220988
0.225711
0.226696
0.256445
0.335700
0.448996
0.601555
0.712858
0.439727
-0.113620
-0.616916
-0.858461
-0.759010
-0.439769
0.122829
0.543598
0.585314
0.373669
0.109935
-0.061507
-0.207250
-0.174374
-0.077258
-0.149566
-0.325608
-0.460219
-0.380985
-0.193316
0.107565
0.420497
0.515983
0.361417
0.046354
-0.202807
-0.353665
-0.346025
-0.194930
-0.050150
0.007867
-0.045241
-0.062587
-0.031547
0.055859
0.177695
0.251824
0.222374
0.043778
-0.151883
-0.267908
-0.272943
-0.179614
-0.046566
0.083281
