0.073562
0.108321
0.152339
0.200271
0.190075
0.045933
-0.126658
-0.194083
-0.144896
-0.072842
-0.016783
-0.009016
-0.046265
-0.060218
-0.039027
-0.066872
-0.143405
-0.212832
-0.274924
-0.257081
-0.139309
-0.062552
-0.084674
-0.112772
-0.119874
-0.106809
-0.048418
0.067814
0.124353
0.072903
0.047146
0.090485
0.158259
0.216977
0.180622
0.023268
-0.135389
-0.198175
-0.168267
-0.090368
-0.031700
-0.014998
-0.031841
-0.026482
-0.013995
-0.073004
-0.178842
-0.266433
-0.301685
-0.228093
-0.095078
-0.039791
-0.072372
-0.114840
-0.130212
-0.108093
-0.030316
0.093701
0.127367
0.072806
0.076229
0.131898
0.186494
0.212388
0.135342
-0.046430
-0.176294
-0.165634
-0.093576
-0.046814
-0.016446
-0.038170
-0.056469
-0.027307
-0.017604
-0.093583
-0.182907
-0.245492
-0.275453
-0.208180
-0.088561
-0.055225
-0.084361
-0.098999
-0.098220
-0.080416
0.007529
0.122309
0.111588
0.051153
0.074453
0.150505
0.218977
0.233457
0.109977
-0.080936
-0.170917
-0.149428
-0.094115
-0.034050
0.005321
-0.016783
-0.034029
-0.017677
-0.038058
-0.117707
-0.187496
-0.256118
-0.258311
-0.146279
-0.042227
-0.037220
-0.063583
-0.092268
-0.105843
-0.061808
0.065968
0.164703
0.106082
0.048796
0.095779
0.176458
0.236876
0.222461
0.060094
-0.106775
-0.146239
-0.120278
-0.071238
0.001326
0.002986
-0.046776
-0.027213
0.009650
-0.023752
-0.101091
-0.201893
-0.292239
-0.247626
-0.104354
-0.026574
-0.031342
-0.048443
-0.077598
-0.076709
-0.013617
0.097198
0.136401
0.096009
0.088180
0.138190
0.221030
0.262302
0.195296
0.037089
-0.122230
-0.180744
-0.120404
-0.031083
0.019823
0.014494
-0.000441
0.010652
0.019388
-0.046183
-0.163871
-0.251241
-0.253462
-0.158401
-0.047758
-0.013308
-0.033450
-0.054076
-0.061386
-0.048474
0.017607
0.132911
0.157633
0.117294
0.116674
0.158553
0.211754
0.240057
0.151996
-0.022656
-0.123220
-0.107738
-0.045051
0.007420
0.020410
-0.011535
-0.014533
0.013153
0.005338
-0.062930
-0.146679
-0.221540
-0.211919
-0.112477
-0.033256
-0.028257
-0.044366
-0.056364
-0.051117
-0.011047
0.080671
0.167947
0.146450
0.096442
0.101170
0.166543
0.238706
0.254941
0.147872
-0.020384
-0.131169
-0.131018
-0.048889
0.028057
0.048973
0.021492
0.002166
0.016480
0.011566
-0.065014
-0.178891
-0.246159
-0.180480
-0.064278
0.006156
-0.000024
-0.037806
-0.068450
-0.040351
0.014648
0.118025
0.185043
0.139715
0.095718
0.131771
0.200654
0.262602
0.239028
0.091553
-0.051822
-0.107048
-0.088135
-0.019075
0.056718
0.042670
0.008403
0.019620
0.029697
-0.007579
-0.067756
-0.159490
-0.227256
-0.170415
-0.050837
-0.004289
0.001845
-0.009178
-0.036078
-0.018995
0.058020
0.151830
0.166230
0.119281
0.111503
0.170917
0.253237
0.286719
0.198740
0.035176
-0.086812
-0.111207
-0.048012
0.030112
0.060698
0.035392
0.016794
0.022428
0.027595
-0.019482
-0.102968
-0.175477
-0.182524
-0.112852
-0.024358
0.004772
-0.010944
-0.033823
-0.031715
0.003019
0.085028
0.184938
0.176725
0.114770
0.123551
0.169057
0.219061
0.263138
0.196648
0.021396
-0.079226
-0.080581
-0.035182
0.035004
0.067433
0.018601
-0.005461
0.031409
0.032562
-0.023508
-0.088187
-0.159273
-0.180623
-0.098504
-0.015361
-0.005579
-0.011961
-0.010634
-0.016346
0.013570
0.105453
0.175594
0.133007
0.096878
0.106575
0.162125
0.245891
0.270410
0.159403
0.013000
-0.066359
-0.080398
-0.030770
0.033620
0.046793
0.016914
0.006989
0.024564
0.027867
-0.026700
-0.120763
-0.183616
-0.156313
-0.067588
-0.001445
0.001426
-0.026054
-0.042392
-0.020406
0.035268
0.125552
0.175313
0.125548
0.089715
0.122578
0.186065
0.228217
0.226371
0.120385
-0.024460
-0.076919
-0.036449
0.006908
0.028926
0.027648
-0.001983
-0.003790
0.028267
0.035176
-0.034228
-0.119154
-0.188313
-0.177630
-0.082873
0.004156
0.008661
-0.016038
-0.025691
-0.013833
0.044751
0.155187
0.172970
0.097568
0.075544
0.125233
0.192664
0.238463
0.216860
0.086867
-0.047823
-0.088863
-0.055857
-0.003240
0.045605
0.035855
-0.000027
0.009841
0.032733
0.003470
-0.075220
-0.160000
-0.200089
-0.141390
-0.039031
0.005048
-0.007044
-0.027053
-0.029358
-0.000419
0.076687
0.153287
0.129476
0.069285
0.072903
0.130235
0.195781
0.219411
0.184228
0.075087
-0.028086
-0.061745
-0.045517
-0.017123
0.006414
0.009426
0.005528
0.021761
0.038309
-0.005296
-0.100797
-0.176368
-0.184946
-0.115518
-0.028720
0.009756
-0.012726
-0.035408
-0.022866
0.013001
0.091413
0.157100
0.112506
0.067592
0.098151
0.156994
0.193791
0.203300
0.160593
0.049013
-0.028640
-0.051523
-0.052357
-0.041673
-0.008229
0.007682
0.019331
0.040412
0.034198
-0.041642
-0.136472
-0.193910
-0.173938
-0.084679
-0.012547
-0.007398
-0.033522
-0.032978
-0.013810
0.038930
0.123807
0.137915
0.074038
0.051732
0.084353
0.152477
0.205095
0.199927
0.118907
0.015991
-0.048598
-0.064583
-0.039838
-0.008538
-0.006198
-0.007198
0.008282
0.022075
-0.000698
-0.077107
-0.168219
-0.193588
-0.139257
-0.063793
-0.017126
-0.014345
-0.039859
-0.044567
-0.010989
0.075858
0.146031
0.105681
0.044434
0.047572
0.103589
0.164194
0.191559
0.162253
0.079906
-0.015408
-0.066178
-0.075399
-0.051795
-0.021024
-0.005475
-0.000777
0.005797
-0.000930
-0.048558
-0.127947
-0.195341
-0.197408
-0.130683
-0.052147
-0.017933
-0.029353
-0.052993
-0.048221
0.005244
0.100410
0.120107
0.059937
0.030150
0.067209
0.139378
0.189764
0.172994
0.112307
0.026166
-0.062205
-0.087148
-0.069532
-0.046246
-0.032837
-0.018394
-0.008634
0.000599
-0.020315
-0.094902
-0.183463
-0.209897
-0.164893
-0.102663
-0.053683
-0.041721
-0.062355
-0.058887
-0.011410
0.078139
0.133147
0.083667
0.032856
0.040347
0.103568
0.176499
0.209089
0.153828
0.027051
-0.075469
-0.101343
-0.075563
-0.039009
-0.032034
-0.048092
-0.047462
-0.009836
0.007240
-0.059675
-0.179080
-0.242876
-0.202345
-0.113628
-0.054494
-0.052803
-0.083774
-0.078035
-0.022848
0.061022
0.132331
0.097327
0.021224
0.026909
0.101123
0.176163
0.212762
0.181224
0.055704
-0.071988
-0.116816
-0.104297
-0.063396
-0.028879
-0.031457
-0.023943
0.004001
0.002866
-0.074108
-0.183185
-0.248224
-0.224640
-0.134694
-0.058874
-0.041228
-0.055478
-0.064517
-0.050569
0.008082
0.106972
0.112149
0.050405
0.052636
0.088528
0.149695
0.208874
0.205737
0.091453
-0.043707
-0.121460
-0.123321
-0.086125
-0.042547
-0.024724
-0.028669
-0.012743
0.007040
-0.043853
-0.159772
-0.244119
-0.240757
-0.163145
-0.075745
-0.035288
-0.052615
-0.066359
-0.052055
-0.000863
0.096706
0.117115
0.049954
0.040528
0.093489
0.163227
0.208643
0.209528
0.104474
-0.035718
-0.107604
-0.129499
-0.112891
-0.049426
-0.012465
-0.017402
-0.003048
0.007597
-0.058663
-0.162317
-0.230081
-0.236206
-0.172160
-0.087410
-0.051563
-0.059097
-0.058711
-0.049653
-0.009251
0.103963
0.151101
0.066045
0.029233
0.077016
0.154605
0.213793
0.222426
0.122760
-0.026484
-0.119979
-0.131166
-0.098260
-0.044188
-0.024193
-0.035551
-0.017539
0.018324
-0.022706
-0.141845
-0.241982
-0.269169
-0.203325
-0.092879
-0.024522
-0.043165
-0.070767
-0.065846
-0.015928
0.095059
0.142766
0.066034
0.033709
0.084737
0.157650
0.218837
0.228038
0.103932
-0.039727
-0.109170
-0.117000
-0.095386
-0.053712
-0.035731
-0.044849
-0.015556
0.018637
-0.022682
-0.138395
-0.238039
-0.274620
-0.207713
-0.092941
-0.028855
-0.049747
-0.072812
-0.068096
-0.028155
0.086380
0.147084
0.063334
0.027845
0.076676
0.146211
0.206119
0.223270
0.116342
-0.034971
-0.107966
-0.128016
-0.112614
-0.060511
-0.029589
-0.043457
-0.015723
0.022404
-0.022810
-0.135410
-0.226800
-0.287025
-0.235199
-0.107265
-0.042837
-0.053825
-0.056595
-0.057716
-0.042006
0.069266
0.144649
0.061023
0.021998
0.080371
0.139146
0.177858
0.212702
0.131589
-0.034773
-0.097713
-0.119210
-0.125899
-0.062604
-0.021619
-0.059946
-0.033972
0.013996
-0.017773
-0.108197
-0.198089
-0.284915
-0.260695
-0.125055
-0.041970
-0.047502
-0.063001
-0.071541
-0.056399
0.052458
0.144585
0.080141
0.024167
0.055701
0.110246
0.189771
0.227908
0.141653
-0.000227
-0.076771
-0.117157
-0.117593
-0.081265
-0.058676
-0.059309
-0.018649
0.021645
0.004921
-0.086009
-0.208367
-0.294241
-0.257344
-0.138881
-0.050622
-0.028299
-0.049725
-0.072124
-0.052376
0.042200
0.137926
0.098421
0.031423
0.041864
0.100601
0.182171
0.232620
0.177175
0.025940
-0.084997
-0.127392
-0.108345
-0.070713
-0.041355
-0.059641
-0.039917
0.007183
0.022106
-0.057154
-0.181604
-0.276988
-0.271568
-0.162060
-0.051895
-0.022014
-0.046825
-0.064047
-0.051229
0.025925
0.135273
0.127090
0.050181
0.057250
0.117109
0.186730
0.231889
0.200337
0.040972
-0.087713
-0.115888
-0.100935
-0.077960
-0.037988
-0.041538
-0.038610
0.021418
0.045570
-0.048481
-0.174892
-0.255520
-0.266483
-0.163779
-0.048652
-0.025031
-0.045457
-0.040968
-0.034315
0.013966
0.131442
0.139141
0.049553
0.048097
0.124635
0.207138
0.257893
0.215462
0.049905
-0.084995
-0.119078
-0.092317
-0.059622
-0.033277
-0.031303
-0.015613
0.029591
0.041555
-0.042205
-0.169770
-0.252199
-0.249650
-0.158214
-0.059948
-0.022379
-0.029848
-0.036194
-0.026908
0.016880
0.126015
0.163663
0.093640
0.072497
0.118671
0.192100
0.249569
0.236782
0.080661
-0.062784
-0.105095
-0.085389
-0.048595
-0.006636
-0.021324
-0.035156
0.021113
0.064420
-0.005119
-0.135348
-0.231321
-0.262390
-0.172892
-0.039982
0.003738
-0.027884
-0.040936
-0.033535
0.005903
0.123698
0.175740
0.092067
0.072970
0.132358
0.187648
0.240524
0.251850
0.110885
-0.043482
-0.092367
-0.083224
-0.059987
0.006079
0.015371
-0.027173
-0.004041
0.038625
0.000302
-0.089803
-0.187450
-0.259109
-0.194643
-0.057708
-0.000105
-0.016767
-0.024770
-0.023729
0.022489
0.158267
0.214207
0.103647
0.057298
0.115063
0.195175
0.275714
0.282284
0.120430
-0.042145
-0.085719
-0.087678
-0.065971
-0.004641
0.012124
-0.004829
0.040345
0.076400
0.005100
-0.104464
-0.197292
-0.257715
-0.196850
-0.054565
0.004346
-0.004666
-0.008293
-0.017557
-0.001662
0.122087
0.206433
0.133162
0.094288
0.141668
0.202492
0.256740
0.260945
0.127632
-0.020095
-0.071926
-0.083214
-0.062817
-0.004172
0.017205
0.006398
0.046214
0.069595
0.010450
-0.089328
-0.181925
-0.236378
-0.178020
-0.060523
-0.002116
0.002121
-0.003403
-0.014944
0.007842
0.120529
0.206181
0.142392
0.097562
0.135088
0.203753
0.261652
0.271260
0.139500
-0.007259
-0.061852
-0.064928
-0.046594
-0.010231
0.012743
0.003018
0.049994
0.091895
0.041887
-0.082728
-0.182711
-0.239238
-0.186079
-0.056883
0.018844
0.012674
0.003499
0.000072
0.017454
0.124264
0.219807
0.148978
0.096145
0.139646
0.218107
0.286489
0.301083
0.155491
-0.019646
-0.085061
-0.070650
-0.026901
0.021813
0.039175
0.011241
0.041080
0.076404
0.035103
-0.075497
-0.162806
-0.212976
-0.172033
-0.066681
0.001309
0.007828
0.005764
0.006039
0.029055
0.130370
0.229835
0.171845
0.103266
0.123870
0.192282
0.268965
0.308872
0.189676
0.000332
-0.089236
-0.071888
-0.020395
0.025359
0.025501
-0.010388
0.022476
0.090847
0.071130
-0.046933
-0.160305
-0.228026
-0.191486
-0.066907
0.006722
0.001824
0.000326
0.011652
0.032509
0.125320
0.221626
0.162504
0.097582
0.123658
0.203963
0.283166
0.302441
0.159038
-0.014409
-0.073183
-0.055590
-0.030457
-0.000155
0.019343
0.016767
0.062554
0.096741
0.044385
-0.074539
-0.178663
-0.236271
-0.185717
-0.064789
0.011047
0.016338
0.008221
-0.001841
0.012218
0.103702
0.203453
0.153575
0.108944
0.134872
0.193590
0.258914
0.281067
0.157025
-0.002968
-0.079960
-0.090683
-0.048960
0.005623
0.022258
0.009151
0.044219
0.067849
0.020362
-0.087275
-0.186788
-0.227483
-0.165458
-0.067483
-0.013893
-0.013800
-0.016119
-0.011722
0.016794
0.103923
0.195338
0.145576
0.091348
0.107135
0.175396
0.245905
0.261732
0.135877
-0.035516
-0.102327
-0.086831
-0.030607
0.026526
0.027606
-0.019380
-0.003021
0.028122
0.007866
-0.066143
-0.155786
-0.230989
-0.205150
-0.105266
-0.037045
-0.027684
-0.025021
-0.028108
-0.005990
0.086676
0.188831
0.141732
0.074374
0.092451
0.152878
0.219296
0.254359
0.141932
-0.046696
-0.117439
-0.092533
-0.044156
-0.009150
-0.011108
-0.049180
-0.019634
0.044235
0.025926
-0.079685
-0.186008
-0.255060
-0.236907
-0.123652
-0.037370
-0.036505
-0.043897
-0.036842
-0.019136
0.059582
0.165314
0.119739
0.053916
0.077452
0.142305
0.206886
0.235354
0.132185
-0.054576
-0.126842
-0.117946
-0.071938
-0.017126
0.011075
-0.035350
-0.038785
0.006560
-0.008369
-0.092844
-0.187666
-0.262299
-0.237804
-0.123302
-0.047373
-0.048790
-0.057641
-0.060750
-0.046749
0.033692
0.140836
0.119868
0.061775
0.071775
0.114149
0.175004
0.212457
0.122107
-0.039769
-0.109429
-0.113092
-0.086837
-0.050774
-0.039063
-0.063232
-0.040744
0.007200
0.001126
-0.076012
-0.177612
-0.256606
-0.261183
-0.175364
-0.086061
-0.057535
-0.052218
-0.050855
-0.042329
0.014720
0.128376
0.121068
0.040170
0.038885
0.106467
0.170584
0.212613
0.140492
-0.039144
-0.139232
-0.145328
-0.100455
-0.038296
-0.009849
-0.059726
-0.073211
-0.025093
-0.010515
-0.068054
-0.154835
-0.263765
-0.283294
-0.175622
-0.082382
-0.061232
-0.057423
-0.071282
-0.073722
-0.003112
0.110545
0.116457
0.039631
0.023965
0.069620
0.148652
0.199316
0.156569
0.006263
-0.113070
-0.152629
-0.120512
-0.062738
-0.020885
-0.039478
-0.058012
-0.038906
-0.036010
-0.075121
-0.145605
-0.226535
-0.260738
-0.193732
-0.111154
-0.079320
-0.077407
-0.079690
-0.071702
-0.019366
0.085295
0.133125
0.065364
0.019082
0.041560
0.123016
0.191835
0.186833
0.044228
-0.103812
-0.160735
-0.141691
-0.070971
-0.029558
-0.034416
-0.049603
-0.033284
-0.021192
-0.052548
-0.134484
-0.216679
-0.251937
-0.217196
-0.137686
-0.077800
-0.060177
-0.059829
-0.057135
-0.041213
0.032078
0.114466
0.067502
0.016074
0.049296
0.123318
0.189757
0.205204
0.098433
-0.072369
-0.152901
-0.139407
-0.088952
-0.039548
-0.016101
-0.037986
-0.034810
-0.009157
-0.031328
-0.109934
-0.186174
-0.234741
-0.224823
-0.146167
-0.072184
-0.056135
-0.054672
-0.053760
-0.051885
-0.006414
0.105163
0.119440
0.050362
0.044116
0.087708
0.151406
0.201803
0.167326
0.016773
-0.089801
-0.109232
-0.099315
-0.053646
-0.015231
-0.036746
-0.045294
0.006457
0.010810
-0.052107
-0.124548
-0.203343
-0.241117
-0.177259
-0.089327
-0.054788
-0.031803
-0.025311
-0.039918
-0.020588
0.075968
0.131697
0.069584
0.040703
0.071342
0.143288
0.212473
0.220251
0.117030
-0.037285
-0.117420
-0.115839
-0.062916
-0.019959
-0.006232
-0.017858
0.002672
0.026447
-0.000606
-0.079245
-0.159702
-0.207568
-0.194116
-0.116359
-0.044792
-0.020245
-0.022528
-0.032345
-0.035398
0.026745
0.141777
0.141645
0.076598
0.065800
0.103095
0.177236
0.236739
0.193571
0.034418
-0.086009
-0.119674
-0.067016
-0.001619
0.025171
-0.009352
-0.035132
-0.002234
0.020132
-0.015823
-0.095965
-0.176575
-0.201880
-0.141225
-0.066718
-0.031283
-0.026206
-0.023805
-0.013986
0.028234
0.123626
0.157819
0.080545
0.060311
0.108914
0.180785
0.234390
0.234827
0.097071
-0.046080
-0.096424
-0.090435
-0.043961
0.019327
0.019645
-0.010453
0.024188
0.044144
-0.002503
-0.077957
-0.152267
-0.203160
-0.163424
-0.081159
-0.037009
-0.016325
-0.003308
-0.015424
-0.004736
0.067037
0.152564
0.121328
0.070749
0.080000
0.130112
0.189179
0.228138
0.174904
0.039650
-0.056403
-0.077406
-0.049443
-0.006995
0.020100
-0.013831
-0.031803
0.003379
0.029872
-0.006998
-0.068636
-0.139576
-0.186875
-0.153634
-0.072295
-0.035222
-0.018317
-0.004867
-0.003212
0.025398
0.133971
0.171006
0.085820
0.049529
0.090016
0.165679
0.237654
0.247259
0.109045
-0.052558
-0.107469
-0.077221
-0.026297
0.021245
0.012479
-0.018776
0.000149
0.041890
0.018354
-0.067355
-0.158543
-0.205084
-0.169333
-0.078014
-0.023594
-0.025596
-0.033081
-0.027058
-0.006334
0.063688
0.162260
0.135212
0.066882
0.080597
0.148282
0.212232
0.245667
0.169897
-0.005917
-0.098640
-0.090715
-0.056509
-0.016958
0.016187
-0.006670
-0.006108
0.039853
0.032644
-0.045440
-0.123431
-0.186788
-0.200017
-0.125170
-0.042656
-0.020589
-0.018284
-0.020486
-0.024633
0.014245
0.128241
0.157027
0.072717
0.058372
0.114091
0.189661
0.235999
0.201857
0.057757
-0.061186
-0.096817
-0.075413
-0.029384
0.010012
-0.000272
-0.013038
0.021774
0.036647
-0.011535
-0.088134
-0.158499
-0.193884
-0.155483
-0.084032
-0.044673
-0.025142
-0.011427
-0.009675
0.000352
0.073535
0.150844
0.114050
0.078118
0.099253
0.166647
0.228402
0.245039
0.136116
-0.032714
-0.107601
-0.102414
-0.052865
0.018241
0.050219
0.008824
-0.004801
0.013803
0.007657
-0.047727
-0.126676
-0.193414
-0.182336
-0.095549
-0.027073
-0.013291
-0.020514
-0.032711
-0.021181
0.053490
0.167885
0.162670
0.079429
0.074196
0.151641
0.220536
0.260333
0.196926
0.019072
-0.096381
-0.112943
-0.063226
0.006837
0.050534
0.021994
0.003753
0.034700
0.037941
-0.032507
-0.121079
-0.183244
-0.189507
-0.118736
-0.039326
-0.011202
-0.006799
-0.006836
-0.008268
0.028168
0.138395
0.167432
0.098746
0.100502
0.175115
0.233960
0.252259
0.203441
0.035357
-0.076718
-0.081136
-0.050003
-0.018495
0.029796
0.025763
0.005469
0.047171
0.064236
-0.014594
-0.106843
-0.170651
-0.195784
-0.133909
-0.040614
-0.006776
-0.000631
0.008257
0.001716
0.024815
0.138998
0.178664
0.103342
0.097519
0.163300
0.233945
0.282393
0.236897
0.052976
-0.082722
-0.114032
-0.063657
-0.002216
0.050568
0.037584
0.023757
0.050158
0.058802
-0.004140
-0.100180
-0.183532
-0.202864
-0.134630
-0.040844
0.002232
-0.000030
-0.015151
-0.015757
0.019819
0.131505
0.184874
0.119666
0.094033
0.143299
0.226952
0.276413
0.226641
0.053087
-0.078600
-0.104984
-0.054474
0.008897
0.050706
0.028064
0.001095
0.019245
0.034973
0.004904
-0.072999
-0.161838
-0.205569
-0.158769
-0.072830
-0.026067
-0.009107
-0.007458
-0.005185
0.033352
0.141310
0.186809
0.109723
0.086585
0.139665
0.217692
0.270596
0.228148
0.048037
-0.088485
-0.105914
-0.046699
-0.002083
0.018490
0.003900
-0.000221
0.041504
0.069854
0.001195
-0.122843
-0.212366
-0.226249
-0.156435
-0.057757
-0.010644
-0.019969
-0.030056
-0.016218
0.028749
0.133578
0.162430
0.082234
0.069964
0.137310
0.227539
0.272817
0.217727
0.019402
-0.120793
-0.117074
-0.049760
0.005040
0.023899
-0.022267
-0.037747
0.026613
0.043773
-0.038384
-0.141893
-0.218874
-0.230787
-0.139189
-0.054104
-0.049381
-0.061036
-0.060119
-0.052444
0.007833
0.143036
0.164269
0.074851
0.071864
0.120506
0.192797
0.258866
0.202184
0.000814
-0.110409
-0.118185
-0.093130
-0.049293
-0.006497
-0.035989
-0.039604
0.023516
0.028352
-0.052657
-0.144557
-0.231337
-0.263383
-0.186662
-0.091033
-0.054187
-0.050383
-0.054473
-0.050462
0.014219
0.145006
0.145518
0.052544
0.050070
0.131480
0.222920
0.263388
0.171481
-0.051967
-0.176939
-0.168239
-0.087614
-0.027292
-0.003623
-0.042630
-0.039780
0.019353
0.016185
-0.092782
-0.217939
-0.302930
-0.269962
-0.138595
-0.051633
-0.049899
-0.067715
-0.079418
-0.062670
0.036729
0.152265
0.112897
0.037045
0.067831
0.146978
0.224854
0.244133
0.107269
-0.095980
-0.164155
-0.149299
-0.097373
-0.025775
-0.012226
-0.063945
-0.038450
0.024059
-0.011660
-0.114689
-0.226473
-0.309342
-0.266549
-0.125071
-0.054674
-0.055369
-0.061106
-0.068414
-0.050164
0.067198
0.155871
0.081930
0.042825
0.106747
0.174180
0.231501
0.228078
0.044443
-0.141285
-0.173514
-0.139038
-0.082811
-0.025565
-0.027754
-0.048197
0.006585
0.043658
-0.039650
-0.163724
-0.263755
-0.307047
-0.239290
-0.106209
-0.045363
-0.050394
-0.060381
-0.072085
-0.040611
0.092369
0.153223
0.070787
0.061230
0.135160
0.209642
0.255596
0.199865
-0.019470
-0.173199
-0.168427
-0.109148
-0.052932
-0.011681
-0.031163
-0.041881
0.032082
0.042592
-0.086902
-0.212240
-0.287467
-0.287169
-0.167190
-0.063698
-0.073915
-0.081823
-0.057804
-0.046246
0.022419
0.159676
0.142810
0.060303
0.103246
0.187150
0.260608
0.276443
0.123084
-0.114782
-0.215444
-0.174624
-0.076720
0.006738
0.024934
-0.026607
-0.024878
0.027101
-0.009781
-0.127027
-0.251096
-0.317449
-0.243981
-0.097812
-0.027111
-0.042947
-0.071128
-0.087511
-0.053704
0.067331
0.185300
0.136880
0.085168
0.134176
0.227388
0.298545
0.238274
0.013978
-0.181314
-0.203847
-0.121758
-0.016301
0.032505
0.001301
-0.029505
0.012340
0.040384
-0.038080
-0.168519
-0.285641
-0.312002
-0.200565
-0.054442
-0.011634
-0.034573
-0.067012
-0.081246
-0.019538
0.138209
0.192804
0.105628
0.105493
0.197113
0.290470
0.314402
0.177301
-0.088804
-0.245944
-0.209344
-0.085979
0.020027
0.065200
0.025550
-0.006850
0.032214
0.018888
-0.100953
-0.234949
-0.302279
-0.270921
-0.136424
-0.017768
-0.014972
-0.055146
-0.073576
-0.053743
0.043961
0.199942
0.189341
0.097242
0.126865
0.249663
0.343593
0.306200
0.091296
-0.180701
-0.269371
-0.153899
-0.000536
0.056530
0.041607
0.003284
0.019935
0.069455
0.001098
-0.172492
-0.323102
-0.334499
-0.193122
-0.024665
0.020080
-0.029625
-0.068894
-0.065105
-0.013732
0.112137
0.190627
0.139378
0.148630
0.224848
0.310300
0.333850
0.199286
-0.061525
-0.221191
-0.188086
-0.086126
0.008690
0.060833
0.043587
0.015398
0.053837
0.041937
-0.092195
-0.237398
-0.309931
-0.265143
-0.111713
0.007168
0.007868
-0.030712
-0.053643
-0.051890
0.041537
0.202695
0.212287
0.136505
0.169300
0.259552
0.340257
0.297393
0.078862
-0.162088
-0.223812
-0.128143
0.020604
0.077998
0.042327
-0.008368
0.011773
0.058926
0.003328
-0.138668
-0.272222
-0.307209
-0.196508
-0.035251
0.010648
-0.019473
-0.052243
-0.058602
-0.002530
0.156726
0.250430
0.171843
0.144246
0.226310
0.337442
0.360029
0.199588
-0.078117
-0.251033
-0.179983
-0.025620
0.067444
0.084069
0.047066
0.011779
0.046406
0.037540
-0.099192
-0.248458
-0.309527
-0.232793
-0.068108
0.037753
0.011394
-0.048006
-0.068952
-0.044443
0.061090
0.230911
0.237712
0.177684
0.233510
0.341438
0.380492
0.267026
0.009488
-0.237185
-0.238341
-0.085804
0.050100
0.098190
0.083695
0.041195
0.052237
0.061247
-0.046802
-0.209452
-0.296252
-0.266556
-0.129880
0.009083
0.024462
-0.036324
-0.066402
-0.053256
0.005784
0.161864
0.261098
0.197830
0.195307
0.280006
0.361635
0.321820
0.131054
-0.123582
-0.258656
-0.169128
0.002617
0.090051
0.101211
0.073197
0.037804
0.049349
0.013342
-0.126804
-0.258809
-0.288783
-0.206566
-0.065713
0.021673
-0.002980
-0.053671
-0.067196
-0.044120
0.058903
0.232563
0.256316
0.201750
0.249822
0.343011
0.348309
0.220480
-0.020242
-0.247774
-0.239073
-0.081072
0.049591
0.096521
0.105837
0.063519
0.054393
0.038733
-0.084426
-0.240177
-0.300463
-0.257755
-0.128161
0.009143
0.025881
-0.041097
-0.073707
-0.064605
-0.014267
0.152028
0.272303
0.210715
0.201740
0.284025
0.344962
0.287712
0.101788
-0.153845
-0.286614
-0.187607
-0.015144
0.079964
0.109153
0.088830
0.033836
0.014771
-0.032269
-0.159852
-0.264666
-0.272302
-0.203224
-0.084262
-0.002022
-0.022955
-0.070128
-0.075605
-0.051129
0.044545
0.224789
0.262502
0.199415
0.230578
0.319069
0.327491
0.198388
-0.031350
-0.266252
-0.289643
-0.118005
0.049153
0.117930
0.127951
0.066293
0.011010
-0.008343
-0.105196
-0.245444
-0.292078
-0.248382
-0.155354
-0.031265
0.018872
-0.045257
-0.095214
-0.095901
-0.064818
0.090522
0.269740
0.227380
0.174441
0.247127
0.325039
0.269311
0.111143
-0.127889
-0.299455
-0.236421
-0.054421
0.068050
0.114460
0.098688
0.014114
-0.016313
-0.029754
-0.137246
-0.257667
-0.276079
-0.227631
-0.142515
-0.034215
-0.014081
-0.073902
-0.094914
-0.072806
-0.025622
0.143390
0.267100
0.192976
0.173568
0.257143
0.305982
0.231550
0.068851
-0.181391
-0.317652
-0.213811
-0.040561
0.060299
0.124572
0.097251
-0.005609
-0.033438
-0.069533
-0.188079
-0.264101
-0.254132
-0.221225
-0.133693
-0.025991
-0.030747
-0.082325
-0.083913
-0.078296
-0.007753
0.199604
0.275815
0.184956
0.182492
0.262665
0.280337
0.181610
-0.014347
-0.252186
-0.290893
-0.135954
0.020886
0.077721
0.088688
0.029401
-0.022442
-0.023970
-0.084791
-0.205152
-0.266397
-0.250557
-0.194619
-0.097654
-0.033150
-0.053804
-0.087900
-0.091885
-0.073517
0.032661
0.222643
0.243203
0.175096
0.196826
0.271819
0.288852
0.178181
-0.055366
-0.292663
-0.303999
-0.130569
0.038670
0.115153
0.104114
0.006037
-0.047683
-0.044218
-0.096342
-0.198605
-0.252779
-0.249503
-0.184193
-0.093747
-0.050572
-0.074026
-0.088428
-0.079243
-0.041681
0.078301
0.240986
0.233068
0.157515
0.172870
0.259853
0.262340
0.137223
-0.080642
-0.272808
-0.245571
-0.074356
0.068037
0.101222
0.061271
-0.024685
-0.067461
-0.060261
-0.100481
-0.187974
-0.232383
-0.213296
-0.154781
-0.090208
-0.061087
-0.089643
-0.106443
-0.078492
-0.022750
0.100363
0.249446
0.231860
0.160444
0.194009
0.273802
0.233125
0.091017
-0.105079
-0.256276
-0.207914
-0.042602
0.058703
0.083466
0.067810
-0.017179
-0.067174
-0.058037
-0.112355
-0.201757
-0.213480
-0.174304
-0.128234
-0.084484
-0.069584
-0.098157
-0.095761
-0.065257
-0.038433
0.057684
0.221827
0.228641
0.166488
0.190925
0.255308
0.238203
0.125283
-0.051949
-0.233207
-0.219674
-0.068070
0.023353
0.056186
0.070550
0.011704
-0.030559
-0.026289
-0.095064
-0.201555
-0.227890
-0.206448
-0.167508
-0.078294
-0.017200
-0.051870
-0.076398
-0.067821
-0.059163
0.021729
0.195721
0.239587
0.169800
0.165517
0.234288
0.246349
0.161186
-0.006751
-0.191427
-0.206096
-0.080952
0.029000
0.054778
0.038800
-0.010695
-0.036430
-0.016649
-0.045741
-0.139077
-0.191590
-0.195666
-0.164036
-0.113364
-0.078999
-0.073029
-0.050754
-0.024763
-0.012327
0.020202
0.138630
0.217879
0.175460
0.150554
0.197305
0.249887
0.221482
0.095893
-0.102801
-0.211267
-0.167972
-0.020111
0.079108
0.086336
0.027479
-0.029733
-0.036637
-0.034176
-0.087977
-0.161946
-0.198443
-0.180536
-0.107784
-0.043990
-0.037770
-0.059140
-0.058316
-0.032487
0.022052
0.132216
0.235568
0.203668
0.165440
0.197903
0.258742
0.228765
0.113869
-0.064167
-0.189133
-0.147593
-0.014922
0.070905
0.083730
0.051799
-0.017112
-0.043563
-0.035098
-0.071612
-0.128232
-0.142733
-0.142531
-0.123404
-0.092341
-0.063425
-0.054206
-0.034792
-0.017141
0.005677
0.087948
0.229056
0.241091
0.171863
0.167824
0.231823
0.242127
0.158426
0.019453
-0.139117
-0.173811
-0.072975
0.042711
0.076401
0.074321
0.020016
-0.025620
-0.028112
-0.039584
-0.104344
-0.150486
-0.156296
-0.135183
-0.101149
-0.044065
-0.018845
-0.032725
-0.041439
-0.024361
0.034141
0.175673
0.256425
0.198784
0.156080
0.207827
0.263226
0.208781
0.073116
-0.099459
-0.178858
-0.115300
0.021386
0.080564
0.057291
0.007805
-0.026414
-0.029085
-0.030475
-0.082270
-0.160104
-0.181509
-0.134462
-0.075252
-0.044251
-0.043968
-0.064792
-0.061258
-0.017394
0.035497
0.127205
0.216863
0.194261
0.149847
0.176325
0.235947
0.212182
0.111067
-0.041231
-0.162259
-0.148757
-0.037034
0.048635
0.060988
0.028008
-0.028523
-0.060375
-0.053626
-0.073399
-0.121767
-0.158195
-0.175723
-0.140539
-0.086472
-0.067153
-0.074830
-0.059788
-0.032894
0.011682
0.105740
0.199398
0.172696
0.114808
0.129976
0.205948
0.230894
0.146198
-0.014415
-0.152967
-0.160847
-0.074322
0.010635
0.034426
0.007822
-0.043755
-0.065813
-0.052996
-0.063090
-0.107886
-0.153926
-0.177039
-0.168616
-0.138843
-0.097934
-0.069223
-0.057265
-0.053827
-0.042411
0.018551
0.150803
0.192859
0.127273
0.103171
0.157937
0.208501
0.184821
0.056552
-0.124988
-0.202610
-0.125582
-0.022453
0.018569
0.015091
-0.028198
-0.062989
-0.051497
-0.067375
-0.134729
-0.191874
-0.210476
-0.183926
-0.125248
-0.076288
-0.079172
-0.087061
-0.076051
-0.050837
0.009528
0.136359
0.189013
0.129761
0.104456
0.150327
0.215825
0.199493
0.064680
-0.129019
-0.207684
-0.130495
-0.013014
0.038035
0.007913
-0.064345
-0.097672
-0.071183
-0.053241
-0.089946
-0.165162
-0.227860
-0.203434
-0.126976
-0.088339
-0.095235
-0.099598
-0.085274
-0.043799
0.023996
0.109646
0.154951
0.116524
0.090902
0.127480
0.200323
0.207965
0.105833
-0.049551
-0.156631
-0.155097
-0.069670
0.013399
0.025813
-0.013160
-0.064504
-0.078220
-0.067611
-0.074517
-0.126952
-0.184383
-0.199721
-0.177129
-0.120800
-0.069528
-0.063251
-0.079074
-0.063423
-0.016376
0.089783
0.197617
0.161589
0.082872
0.094239
0.180977
0.219636
0.152016
-0.001084
-0.133265
-0.123656
-0.023725
0.054643
0.049932
-0.011076
-0.083660
-0.084505
-0.049195
-0.055185
-0.097244
-0.148710
-0.181829
-0.170298
-0.114924
-0.081171
-0.069169
-0.062245
-0.057198
-0.025365
0.073382
0.187848
0.180043
0.120747
0.115414
0.179702
0.244630
0.226011
0.093722
-0.060047
-0.089999
-0.020911
0.053244
0.068786
0.026591
-0.045050
-0.057487
-0.012093
-0.017689
-0.080657
-0.163263
-0.220756
-0.179011
-0.087198
-0.051548
-0.066083
-0.071317
-0.064117
-0.021934
0.071760
0.178227
0.181825
0.131851
0.136127
0.197208
0.269835
0.263615
0.142637
-0.009917
-0.064812
-0.026085
0.051623
0.104718
0.080817
0.007393
-0.034184
-0.040760
-0.047855
-0.067101
-0.107827
-0.160539
-0.176267
-0.124756
-0.073781
-0.054742
-0.048131
-0.052163
-0.027147
0.057359
0.179406
0.217295
0.164507
0.133588
0.186943
0.280357
0.296267
0.195692
0.042876
-0.042366
-0.028337
0.056221
0.122250
0.106118
0.022732
-0.046258
-0.049759
-0.030484
-0.042733
-0.100414
-0.159466
-0.175089
-0.131165
-0.071621
-0.044763
-0.050797
-0.060811
-0.035282
0.035546
0.153665
0.230848
0.190810
0.134617
0.161951
0.252035
0.299774
0.256111
0.126659
-0.010594
-0.052114
0.009086
0.085703
0.102905
0.059516
-0.017135
-0.057156
-0.047184
-0.041142
-0.081299
-0.156365
-0.199845
-0.168908
-0.094729
-0.038297
-0.027409
-0.047404
-0.044378
0.003890
0.106552
0.217618
0.210407
0.140258
0.150422
0.235650
0.301637
0.281232
0.150852
-0.003321
-0.054751
-0.012462
0.067596
0.099852
0.044176
-0.041456
-0.065276
-0.039629
-0.037359
-0.082348
-0.163654
-0.216609
-0.187973
-0.102926
-0.054759
-0.052456
-0.063211
-0.057253
-0.009551
0.083742
0.189535
0.199817
0.139926
0.129016
0.206303
0.295282
0.282506
0.157274
-0.001246
-0.072253
-0.027023
0.062596
0.090921
0.038225
-0.044986
-0.086760
-0.065911
-0.046197
-0.075008
-0.158446
-0.222375
-0.212906
-0.140688
-0.076899
-0.052813
-0.065400
-0.071638
-0.036926
0.042827
0.154964
0.198201
0.152965
0.127312
0.184136
0.269281
0.272339
0.166937
0.002849
-0.087890
-0.049050
0.038029
0.085678
0.054138
-0.030403
-0.100240
-0.095985
-0.072582
-0.090826
-0.156571
-0.218792
-0.228550
-0.171050
-0.102994
-0.075326
-0.075800
-0.077046
-0.057143
0.005116
0.131949
0.197477
0.142066
0.103350
0.153983
0.236066
0.267068
0.201186
0.036446
-0.084534
-0.077740
0.004225
0.064774
0.055211
-0.024408
-0.109858
-0.117709
-0.086561
-0.093931
-0.158884
-0.230390
-0.249174
-0.187592
-0.115204
-0.085185
-0.095639
-0.106595
-0.080567
-0.006812
0.118823
0.188783
0.130391
0.074479
0.125198
0.228316
0.283374
0.217496
0.033821
-0.108679
-0.109785
-0.010839
0.062726
0.046939
-0.044981
-0.119432
-0.114740
-0.078131
-0.089602
-0.167250
-0.254595
-0.277234
-0.205027
-0.128316
-0.095640
-0.102634
-0.119244
-0.097518
-0.022240
0.098057
0.177605
0.139305
0.084568
0.120062
0.215242
0.256250
0.199647
0.046645
-0.094510
-0.107674
-0.028399
0.041446
0.037945
-0.031823
-0.118063
-0.137085
-0.104496
-0.108916
-0.167879
-0.243917
-0.270635
-0.217408
-0.143024
-0.109846
-0.114432
-0.121454
-0.102627
-0.034816
0.087994
0.174222
0.130211
0.073238
0.102555
0.199840
0.262598
0.219924
0.058679
-0.091097
-0.103264
-0.038233
0.019911
0.029790
-0.032122
-0.118305
-0.125028
-0.101459
-0.124934
-0.184073
-0.248160
-0.276132
-0.217777
-0.135880
-0.111794
-0.115898
-0.116201
-0.108788
-0.050148
0.083786
0.170600
0.131722
0.089773
0.119155
0.198532
0.252880
0.212053
0.062836
-0.076018
-0.101305
-0.048541
0.014682
0.040835
-0.020233
-0.108541
-0.126354
-0.107533
-0.115112
-0.170549
-0.253538
-0.287318
-0.226275
-0.142017
-0.105892
-0.099193
-0.112834
-0.108204
-0.035085
0.096040
0.176596
0.137754
0.084697
0.111208
0.206726
0.273759
0.221399
0.076307
-0.060852
-0.100662
-0.042517
0.032389
0.044925
-0.024650
-0.103701
-0.122857
-0.100101
-0.099998
-0.156069
-0.242080
-0.275225
-0.221347
-0.147197
-0.101046
-0.087887
-0.101003
-0.082968
-0.001977
0.117943
0.176775
0.135354
0.090119
0.130595
0.247169
0.307191
0.228600
0.067547
-0.072630
-0.104376
-0.023353
0.054477
0.050925
-0.023431
-0.090598
-0.097216
-0.071121
-0.086291
-0.174332
-0.263528
-0.261954
-0.186615
-0.111705
-0.078279
-0.090108
-0.106738
-0.071970
0.009607
0.124711
0.194721
0.150454
0.100584
0.155435
0.263489
0.307637
0.235162
0.071301
-0.057757
-0.069024
-0.002307
0.058514
0.061264
-0.004967
-0.073847
-0.082956
-0.068083
-0.091596
-0.165451
-0.238189
-0.242579
-0.168990
-0.098126
-0.073987
-0.080111
-0.092579
-0.065987
0.019127
0.148870
0.215969
0.164757
0.123367
0.174598
0.277009
0.319984
0.235871
0.053793
-0.065471
-0.046296
0.026837
0.076970
0.072336
-0.008693
-0.083189
-0.064795
-0.035432
-0.073490
-0.162198
-0.242554
-0.247447
-0.162862
-0.082892
-0.062275
-0.064734
-0.069071
-0.047319
0.030160
0.154165
0.219834
0.171408
0.127927
0.179764
0.274322
0.310711
0.253545
0.100997
-0.035751
-0.046075
0.017829
0.066846
0.077295
0.024200
-0.057313
-0.070438
-0.057469
-0.091092
-0.158820
-0.212426
-0.215599
-0.151158
-0.081384
-0.064639
-0.073880
-0.073910
-0.045100
0.029698
0.151357
0.218755
0.177013
0.136774
0.180026
0.264777
0.304751
0.242257
0.093496
-0.027685
-0.039898
0.032588
0.100239
0.088516
-0.008847
-0.089024
-0.077071
-0.039300
-0.051202
-0.127708
-0.215506
-0.224816
-0.150202
-0.080912
-0.062347
-0.069130
-0.077770
-0.044591
0.043371
0.159274
0.216694
0.171552
0.128341
0.171981
0.263366
0.294050
0.238754
0.107262
-0.009847
-0.028827
0.024763
0.072631
0.061431
-0.007514
-0.068891
-0.060393
-0.039965
-0.057916
-0.126790
-0.211942
-0.237599
-0.174731
-0.098076
-0.060521
-0.051377
-0.066319
-0.056999
0.015457
0.132225
0.208057
0.182594
0.135496
0.158646
0.253009
0.306994
0.252259
0.115818
-0.011193
-0.046084
-0.001678
0.058864
0.073880
0.014013
-0.051041
-0.061157
-0.057855
-0.081540
-0.142481
-0.220890
-0.235135
-0.160745
-0.093301
-0.073719
-0.070887
-0.079343
-0.065238
0.010634
0.132494
0.209030
0.182145
0.132781
0.148855
0.235716
0.300671
0.245065
0.095845
-0.022428
-0.038741
0.015834
0.072155
0.075178
-0.003180
-0.084474
-0.088502
-0.063064
-0.066750
-0.115031
-0.203195
-0.246384
-0.187885
-0.110968
-0.078671
-0.071158
-0.075758
-0.059259
0.012344
0.125180
0.197617
0.166517
0.120023
0.150761
0.246074
0.298907
0.239204
0.092789
-0.037537
-0.055287
0.019498
0.077626
0.071092
-0.001087
-0.084521
-0.102394
-0.072607
-0.069818
-0.131774
-0.213508
-0.234229
-0.180480
-0.113867
-0.080183
-0.080815
-0.088410
-0.061065
0.015536
0.130087
0.199887
0.160432
0.108574
0.148855
0.247915
0.294619
0.236277
0.084944
-0.043581
-0.047476
0.015944
0.064563
0.050853
-0.021690
-0.085352
-0.073025
-0.044654
-0.074819
-0.156237
-0.236518
-0.248901
-0.177870
-0.098014
-0.076438
-0.083310
-0.088140
-0.064603
0.013069
0.136551
0.197796
0.150512
0.112113
0.159338
0.245768
0.281374
0.222424
0.075257
-0.044360
-0.048874
0.014661
0.055931
0.036472
-0.028274
-0.089158
-0.081495
-0.053011
-0.075649
-0.157785
-0.235472
-0.245920
-0.182521
-0.109860
-0.081467
-0.086538
-0.092569
-0.054120
0.026994
0.142282
0.198035
0.143284
0.101173
0.156445
0.251333
0.288284
0.224271
0.073459
-0.054416
-0.055985
0.009402
0.051849
0.042975
-0.020464
-0.083309
-0.081715
-0.061426
-0.094565
-0.179264
-0.244626
-0.234569
-0.168174
-0.103004
-0.083833
-0.095555
-0.096312
-0.053014
0.030671
0.148017
0.191874
0.135891
0.106638
0.169524
0.254295
0.272777
0.190547
0.036283
-0.062091
-0.043470
0.027349
0.070703
0.040625
-0.041609
-0.097191
-0.093522
-0.083089
-0.107028
-0.172405
-0.236559
-0.229917
-0.168192
-0.119527
-0.093885
-0.083396
-0.082445
-0.044436
0.046687
0.157680
0.187243
0.135038
0.111506
0.178531
0.273403
0.285474
0.170212
-0.006082
-0.087818
-0.031544
0.049556
0.080089
0.031333
-0.071765
-0.120053
-0.081240
-0.059453
-0.113617
-0.202961
-0.260366
-0.235463
-0.153460
-0.095157
-0.087133
-0.093225
-0.088235
-0.047645
0.052935
0.170841
0.178110
0.110593
0.102919
0.189815
0.276920
0.282722
0.163413
-0.011780
-0.083864
-0.035391
0.032335
0.062519
0.023008
-0.073119
-0.103310
-0.069356
-0.073988
-0.141806
-0.218985
-0.261184
-0.223378
-0.135361
-0.091749
-0.094361
-0.104449
-0.099337
-0.046106
0.079204
0.190220
0.170203
0.119563
0.141402
0.214394
0.274937
0.257152
0.118047
-0.042014
-0.082339
-0.021847
0.048192
0.072808
0.009299
-0.096692
-0.116651
-0.079822
-0.082108
-0.136314
-0.225763
-0.277675
-0.223053
-0.128375
-0.093982
-0.095796
-0.101907
-0.095286
-0.022190
0.113542
0.189165
0.147804
0.102971
0.136115
0.235956
0.309402
0.241878
0.056371
-0.073363
-0.072471
0.008569
0.079245
0.065432
-0.042789
-0.130388
-0.106114
-0.066310
-0.084107
-0.162228
-0.262334
-0.283420
-0.192931
-0.110899
-0.097348
-0.106774
-0.116966
-0.084339
0.021062
0.152151
0.192630
0.132558
0.104209
0.166659
0.265828
0.294838
0.205165
0.043225
-0.079936
-0.065840
0.019161
0.066719
0.038435
-0.048620
-0.111883
-0.098198
-0.067145
-0.098977
-0.197414
-0.288490
-0.276689
-0.179941
-0.097796
-0.082217
-0.101011
-0.114366
-0.071618
0.040727
0.167437
0.181803
0.117005
0.109214
0.198304
0.302332
0.300504
0.160254
-0.022328
-0.096048
-0.041177
0.051674
0.078383
0.012404
-0.081997
-0.106486
-0.074560
-0.065598
-0.123793
-0.231061
-0.293527
-0.241036
-0.142706
-0.098923
-0.097317
-0.112867
-0.111954
-0.045456
0.084874
0.187595
0.173204
0.116103
0.131396
0.238661
0.330632
0.283399
0.110666
-0.054192
-0.094458
-0.021405
0.062865
0.075745
0.004005
-0.084412
-0.100074
-0.072948
-0.083340
-0.155375
-0.251153
-0.287771
-0.222944
-0.128480
-0.088209
-0.088325
-0.102065
-0.092148
-0.017613
0.125886
0.214181
0.168700
0.122398
0.180493
0.285415
0.324934
0.247851
0.073955
-0.065006
-0.059517
0.020950
0.063275
0.039859
-0.032225
-0.092048
-0.069778
-0.034621
-0.091925
-0.214082
-0.291275
-0.270980
-0.184811
-0.102235
-0.085342
-0.104130
-0.106415
-0.060154
0.035093
0.165042
0.207165
0.150670
0.135734
0.217982
0.310175
0.311992
0.207681
0.038427
-0.077918
-0.068031
0.014847
0.070941
0.051607
-0.031347
-0.090690
-0.078852
-0.073957
-0.130948
-0.233056
-0.291987
-0.249897
-0.155209
-0.092718
-0.079094
-0.096508
-0.103228
-0.044750
0.084660
0.201633
0.193865
0.136300
0.154786
0.262876
0.341672
0.289636
0.119131
-0.051483
-0.080064
0.007761
0.075654
0.065133
-0.005441
-0.088868
-0.098394
-0.059802
-0.080556
-0.178873
-0.275331
-0.288193
-0.210925
-0.115946
-0.083125
-0.099713
-0.117539
-0.096521
-0.009475
0.138641
0.219265
0.173857
0.129859
0.179037
0.281831
0.330601
0.249242
0.071604
-0.074081
-0.086881
-0.003355
0.064925
0.062108
-0.022968
-0.101433
-0.095062
-0.061493
-0.109058
-0.224061
-0.308500
-0.286247
-0.185562
-0.102428
-0.088927
-0.114776
-0.126376
-0.070769
0.065166
0.200911
0.198331
0.125515
0.142559
0.262680
0.363638
0.312619
0.128840
-0.063178
-0.123604
-0.022447
0.084689
0.093568
0.008951
-0.094391
-0.122517
-0.079156
-0.079918
-0.180464
-0.293109
-0.308717
-0.228605
-0.135746
-0.095255
-0.114022
-0.141311
-0.112572
-0.018656
0.126998
0.215993
0.171462
0.138116
0.206444
0.320277
0.343552
0.238490
0.052437
-0.098686
-0.097873
0.013092
0.082671
0.059417
-0.020969
-0.096006
-0.085760
-0.068474
-0.138200
-0.267758
-0.331647
-0.287499
-0.186608
-0.104844
-0.089804
-0.120815
-0.121751
-0.059254
0.066933
0.193753
0.199818
0.151329
0.180833
0.308345
0.376044
0.285371
0.108705
-0.066708
-0.113491
-0.012256
0.088622
0.093079
0.009330
-0.085404
-0.111126
