-0.082648
-0.065924
-0.026461
0.003132
0.014026
-0.002982
-0.028240
-0.041266
-0.040400
-0.023391
0.007313
0.039413
0.073742
0.112252
0.176322
0.175591
0.066227
-0.068566
-0.168010
-0.135522
0.002385
0.113554
0.149004
0.097305
-0.004382
-0.067108
-0.099068
-0.097857
-0.054838
-0.010664
0.028996
0.046625
0.015611
-0.029468
-0.069210
-0.086027
-0.060039
-0.017086
0.010534
0.016852
-0.006347
-0.032372
-0.042984
-0.040319
-0.018600
0.014379
0.049858
0.089558
0.137309
0.188626
0.148677
0.022952
-0.113121
-0.177495
-0.099390
0.050040
0.141765
0.142635
0.060520
-0.035733
-0.081095
-0.097637
-0.082540
-0.040983
0.000283
0.037404
0.039676
0.000701
-0.045187
-0.078014
-0.076370
-0.040385
-0.010075
0.006080
0.006030
-0.015207
-0.031342
-0.042268
-0.041270
-0.010641
0.032565
0.078377
0.120620
0.175405
0.194971
0.107687
-0.040977
-0.164348
-0.167583
-0.040384
0.104561
0.164257
0.122951
0.018592
-0.063914
-0.102163
-0.106907
-0.073282
-0.021491
0.025071
0.046694
0.022809
-0.025154
-0.067358
-0.082718
-0.066208
-0.030351
-0.002476
0.009385
-0.000187
-0.024699
-0.041300
-0.042586
-0.025715
0.008880
0.047606
0.082983
0.128578
0.192361
0.185151
0.061235
-0.089637
-0.185647
-0.135412
0.018476
0.136939
0.156206
0.084359
-0.018641
-0.076849
-0.098871
-0.093432
-0.056422
-0.009455
0.030103
0.043326
0.012295
-0.038178
-0.077617
-0.085546
-0.056227
-0.016480
0.005983
0.008315
-0.009506
-0.028894
-0.041733
-0.044030
-0.021296
0.017971
0.064587
0.110396
0.166639
0.206589
0.133725
-0.008940
-0.142808
-0.179353
-0.071067
0.073854
0.150711
0.137698
0.046162
-0.043266
-0.089584
-0.108945
-0.088575
-0.039387
0.012045
0.048402
0.037735
-0.010535
-0.060299
-0.089338
-0.079747
-0.039077
-0.003496
0.011079
0.002562
-0.022693
-0.039827
-0.043671
-0.033917
-0.003805
0.035908
0.076880
0.118978
0.187252
0.198344
0.090078
-0.060473
-0.179081
-0.159168
-0.014484
0.116788
0.159880
0.109120
0.004385
-0.065773
-0.099019
-0.104186
-0.070976
-0.023141
0.024086
0.049846
0.024614
-0.026785
-0.074702
-0.095002
-0.069593
-0.024334
0.005141
0.012618
-0.007241
-0.033164
-0.044853
-0.044637
-0.025721
0.012831
0.057969
0.104470
0.156462
0.201279
0.149777
0.016461
-0.126445
-0.185884
-0.097602
0.051035
0.147685
0.149567
0.062638
-0.033197
-0.089251
-0.112308
-0.093786
-0.047280
0.005376
0.046585
0.042104
-0.000979
-0.056313
-0.093931
-0.085835
-0.046579
-0.008484
0.011139
0.005608
-0.016460
-0.038860
-0.050843
-0.040420
-0.008407
0.035617
0.078806
0.114532
0.171632
0.197513
0.106856
-0.041475
-0.168668
-0.167942
-0.035602
0.102710
0.159208
0.116326
0.013185
-0.059462
-0.095750
-0.102715
-0.075365
-0.032155
0.015930
0.045801
0.027801
-0.020498
-0.073107
-0.099212
-0.080222
-0.040208
-0.007932
0.009570
-0.000868
-0.025550
-0.044230
-0.052084
-0.037449
0.006361
0.059127
0.107903
0.162591
0.217904
0.175815
0.036534
-0.125643
-0.206374
-0.122019
0.042601
0.157666
0.165149
0.076782
-0.030037
-0.089758
-0.115526
-0.103440
-0.062232
-0.006263
0.042973
0.048205
0.007248
-0.050877
-0.095920
-0.096554
-0.060804
-0.016612
0.009671
0.005535
-0.015587
-0.035157
-0.046226
-0.042333
-0.017943
0.024766
0.076321
0.128406
0.193766
0.226107
0.122982
-0.039685
-0.180428
-0.195152
-0.052130
0.106967
0.176229
0.139794
0.026233
-0.064221
-0.104111
-0.117378
-0.088385
-0.035655
0.018551
0.055826
0.039774
-0.017439
-0.076698
-0.104880
-0.083897
-0.033558
0.000837
0.012176
-0.001421
-0.027129
-0.044655
-0.050739
-0.034507
0.009533
0.064147
0.113387
0.166477
0.212202
0.169882
0.026392
-0.123976
-0.193123
-0.115277
0.043379
0.150507
0.158121
0.078187
-0.025970
-0.088415
-0.112044
-0.101385
-0.057798
-0.004579
0.039151
0.049018
0.012861
-0.044299
-0.087639
-0.094553
-0.062515
-0.017759
0.007522
0.006792
-0.008486
-0.033004
-0.044963
-0.042139
-0.018326
0.027439
0.076575
0.125857
0.199050
0.228641
0.123007
-0.048813
-0.190802
-0.193163
-0.042200
0.115840
0.178191
0.133823
0.022259
-0.063361
-0.104038
-0.114769
-0.085213
-0.030811
0.020501
0.053443
0.035534
-0.016351
-0.066450
-0.096362
-0.084374
-0.040048
-0.002187
0.016244
0.006823
-0.024970
-0.050888
-0.053349
-0.031657
0.010832
0.062597
0.105373
0.158074
0.221544
0.178943
0.037812
-0.128909
-0.212209
-0.124563
0.044632
0.161141
0.169170
0.074692
-0.033682
-0.088690
-0.108488
-0.095971
-0.058813
-0.010615
0.037406
0.049993
0.015907
-0.041922
-0.087979
-0.095435
-0.063030
-0.023764
0.005178
0.012518
-0.002417
-0.030177
-0.051100
-0.052097
-0.018875
0.030480
0.087579
0.130053
0.210690
0.240454
0.114579
-0.056728
-0.207168
-0.200725
-0.038030
0.127605
0.193882
0.146933
0.019001
-0.074162
-0.119781
-0.125890
-0.085239
-0.027722
0.025974
0.058191
0.033566
-0.023832
-0.079130
-0.103485
-0.084536
-0.040601
-0.002495
0.013881
0.000487
-0.028608
-0.051525
-0.054185
-0.031587
0.013134
0.067112
0.117575
0.187401
0.245033
0.181025
0.019331
-0.157305
-0.224462
-0.116675
0.063332
0.175470
0.173862
0.071450
-0.038360
-0.098369
-0.123537
-0.109962
-0.061205
-0.005440
0.046071
0.054834
0.007401
-0.055724
-0.097286
-0.100611
-0.065961
-0.024075
0.005460
0.012570
-0.004268
-0.035501
-0.057192
-0.053241
-0.010674
0.045205
0.097174
0.147770
0.228044
0.225905
0.102372
-0.076279
-0.224128
-0.190917
-0.019370
0.138416
0.197056
0.128442
-0.000858
-0.080217
-0.119211
-0.118633
-0.081968
-0.034753
0.024023
0.056931
0.031625
-0.025438
-0.086748
-0.111517
-0.082415
-0.036765
-0.000481
0.010068
-0.007174
-0.033111
-0.048230
-0.049318
-0.026310
0.022167
0.078671
0.129449
0.207560
0.249813
0.150899
-0.025155
-0.191907
-0.218741
-0.072884
0.102303
0.186991
0.155071
0.038546
-0.058283
-0.106166
-0.122932
-0.097964
-0.050351
0.004220
0.048648
0.043421
-0.007175
-0.070373
-0.104534
-0.093773
-0.051288
-0.010802
0.007680
0.002481
-0.021119
-0.044456
-0.050073
-0.034338
0.008638
0.062139
0.106413
0.170150
0.245743
0.199840
0.045193
-0.135099
-0.235721
-0.141135
0.045742
0.170001
0.182709
0.081325
-0.036459
-0.095519
-0.121644
-0.109174
-0.065810
-0.014945
0.036037
0.048830
0.008359
-0.047909
-0.103757
-0.111571
-0.071865
-0.027586
0.003812
0.004212
-0.018733
-0.040907
-0.053325
-0.047280
-0.008953
0.047718
0.107214
0.177857
0.265990
0.238565
0.077125
-0.121011
-0.247511
-0.182776
0.013770
0.167300
0.201294
0.115105
-0.013550
-0.091040
-0.126933
-0.128674
-0.090174
-0.030223
0.032687
0.060356
0.027639
-0.039062
-0.101566
-0.118990
-0.085617
-0.035742
0.002553
0.012022
-0.008262
-0.034600
-0.054458
-0.057722
-0.025678
0.029654
0.092191
0.153486
0.237893
0.263234
0.133748
-0.058303
-0.223758
-0.222988
-0.051653
0.126260
0.200913
0.154334
0.026240
-0.069993
-0.117568
-0.135228
-0.103473
-0.046786
0.013024
0.057973
0.039545
-0.019047
-0.077871
-0.110977
-0.100506
-0.055891
-0.013555
0.012291
0.006100
-0.028371
-0.054756
-0.058894
-0.036281
0.018324
0.082015
0.139450
0.225256
0.274147
0.169430
-0.023991
-0.206199
-0.241197
-0.087857
0.101859
0.199082
0.168956
0.047845
-0.055701
-0.110627
-0.133135
-0.108002
-0.061033
-0.003628
0.048751
0.047582
0.000734
-0.063052
-0.113513
-0.108185
-0.063822
-0.022194
0.009933
0.007246
-0.021161
-0.042637
-0.055392
-0.045765
0.003641
0.065529
0.131552
0.221787
0.282498
0.187370
-0.004076
-0.195924
-0.247761
-0.106119
0.085843
0.193358
0.175114
0.057422
-0.049039
-0.102879
-0.128163
-0.110927
-0.067184
-0.010595
0.047401
0.050198
0.004090
-0.056665
-0.104522
-0.102483
-0.061476
-0.024206
0.000828
-0.000061
-0.019675
-0.034230
-0.047740
-0.044847
-0.009755
0.046240
0.109833
0.188348
0.270307
0.226669
0.056345
-0.137110
-0.240774
-0.157030
0.029210
0.162641
0.187405
0.101622
-0.015192
-0.085855
-0.123247
-0.122383
-0.080651
-0.021898
0.036244
0.054146
0.014879
-0.044581
-0.094893
-0.105800
-0.072558
-0.031185
-0.001819
0.006563
-0.012334
-0.034276
-0.048401
-0.048392
-0.018567
0.029880
0.088063
0.151004
0.240025
0.261239
0.127418
-0.062291
-0.220488
-0.215894
-0.046510
0.136039
0.217325
0.162042
0.023583
-0.080637
-0.128311
-0.140770
-0.104080
-0.046298
0.017429
0.060093
0.040898
-0.021299
-0.087924
-0.123320
-0.097105
-0.044702
-0.004025
0.009018
-0.007985
-0.036218
-0.053508
-0.056917
-0.030303
0.022204
0.086473
0.147208
0.235782
0.293460
0.195563
-0.008264
-0.214930
-0.261135
-0.105999
0.103434
0.216570
0.188437
0.055778
-0.059196
-0.118251
-0.136735
-0.113605
-0.063627
-0.002005
0.050080
0.050059
0.000698
-0.068814
-0.114819
-0.107381
-0.064061
-0.020259
0.007801
0.005145
-0.019482
-0.044550
-0.056053
-0.042034
0.004108
0.070320
0.137165
0.220176
0.299266
0.220715
0.023583
-0.183334
-0.271479
-0.136165
0.076296
0.202910
0.199955
0.078680
-0.046604
-0.104711
-0.134817
-0.121458
-0.073635
-0.016420
0.044831
0.059375
0.015892
-0.049671
-0.106770
-0.113816
-0.072984
-0.031272
0.003250
0.011490
-0.011230
-0.040474
-0.059744
-0.056044
-0.011843
0.055210
0.121475
0.188739
0.273350
0.255562
0.095827
-0.112570
-0.257133
-0.203407
-0.001029
0.171406
0.220598
0.135284
-0.006928
-0.095920
-0.134449
-0.131324
-0.085536
-0.028561
0.029031
0.061869
0.033793
-0.025932
-0.087315
-0.119067
-0.093552
-0.043474
-0.003422
0.010821
-0.004618
-0.030834
-0.046743
-0.052127
-0.029411
0.020498
0.084463
0.152552
0.247308
0.301155
0.170584
-0.040196
-0.233036
-0.256618
-0.078324
0.127961
0.218666
0.176862
0.037956
-0.069078
-0.118998
-0.136310
-0.109709
-0.055936
0.006959
0.060258
0.052333
-0.003840
-0.071183
-0.116761
-0.102029
-0.053354
-0.015429
0.007067
-0.000126
-0.024136
-0.046220
-0.061735
-0.048808
0.003352
0.070584
0.135597
0.202857
0.275519
0.226516
0.056463
-0.151930
-0.259834
-0.164539
0.037712
0.190717
0.211832
0.104749
-0.025341
-0.104909
-0.139093
-0.124384
-0.078311
-0.016519
0.046619
0.059499
0.021804
-0.042515
-0.102453
-0.109577
-0.075316
-0.037272
-0.002353
0.004838
-0.006478
-0.025350
-0.052539
-0.059728
-0.024234
0.029489
0.098254
0.153901
0.239680
0.289958
0.160206
-0.046112
-0.234561
-0.252675
-0.065312
0.135197
0.219387
0.173356
0.031437
-0.072524
-0.119104
-0.137963
-0.108359
-0.051090
0.008783
0.062407
0.056131
-0.002394
-0.070221
-0.114797
-0.107370
-0.060290
-0.018815
0.006333
0.006412
-0.016479
-0.041882
-0.062588
-0.053642
-0.002246
0.067988
0.137512
0.209229
0.288092
0.230362
0.051041
-0.161288
-0.280171
-0.173534
0.048132
0.205223
0.228905
0.108593
-0.040041
-0.115955
-0.148925
-0.128835
-0.075514
-0.013259
0.051272
0.066664
0.019791
-0.046732
-0.109381
-0.126077
-0.080717
-0.034485
0.000193
0.006988
-0.012468
-0.036539
-0.059156
-0.066015
-0.026493
0.038545
0.112041
0.179871
0.276929
0.308561
0.152626
-0.072779
-0.264953
-0.260270
-0.055076
0.155768
0.242242
0.182334
0.025145
-0.088912
-0.143600
-0.154473
-0.110562
-0.046046
0.023280
0.068193
0.042839
-0.020314
-0.087214
-0.123350
-0.097398
-0.055311
-0.022285
0.002642
-0.006697
-0.024523
-0.045227
-0.065397
-0.044964
0.011642
0.079853
0.153015
0.238268
0.322701
0.233829
0.009659
-0.216515
-0.298201
-0.146236
0.095657
0.231045
0.221858
0.087029
-0.054672
-0.129840
-0.163679
-0.141273
-0.071360
0.004736
0.066403
0.064418
0.001318
-0.073805
-0.120302
-0.113853
-0.068371
-0.027387
-0.004621
-0.005056
-0.017158
-0.035355
-0.049777
-0.049086
-0.011659
0.046385
0.113632
0.198126
0.316913
0.288373
0.100318
-0.141450
-0.302005
-0.216271
0.018588
0.195473
0.238160
0.131949
-0.019631
-0.101923
-0.144108
-0.142040
-0.094990
-0.035363
0.035785
0.066768
0.028442
-0.038130
-0.100556
-0.122707
-0.089494
-0.045648
-0.009521
0.005616
-0.008007
-0.032184
-0.052347
-0.059981
-0.024869
0.033935
0.108011
0.185482
0.290386
0.298035
0.139430
-0.086727
-0.270036
-0.244853
-0.039186
0.162408
0.238411
0.165639
0.012551
-0.090610
-0.138896
-0.143808
-0.105614
-0.046950
0.021350
0.063398
0.041187
-0.021177
-0.091168
-0.122642
-0.099160
-0.051030
-0.011559
0.003779
-0.009405
-0.029793
-0.045048
-0.052891
-0.034391
0.010181
0.074316
0.146258
0.238846
0.317809
0.221121
0.006552
-0.216436
-0.281514
-0.130849
0.093831
0.220231
0.203659
0.070244
-0.054024
-0.119851
-0.146339
-0.124785
-0.070942
-0.007118
0.052228
0.056253
0.004159
-0.065008
-0.116578
-0.115645
-0.064568
-0.022207
0.002124
0.000738
-0.021473
-0.041537
-0.057460
-0.055298
-0.009770
0.057765
0.128595
0.195260
0.297425
0.276299
0.099790
-0.129543
-0.292345
-0.217991
0.010332
0.194113
0.242764
0.136490
-0.022684
-0.107636
-0.148712
-0.140704
-0.089179
-0.030757
0.035806
0.064634
0.027733
-0.041954
-0.109046
-0.128506
-0.084107
-0.032725
-0.000667
0.008004
-0.011623
-0.037719
-0.056771
-0.061934
-0.024665
0.038223
0.104242
0.167121
0.265631
0.298023
0.165171
-0.050503
-0.251021
-0.257524
-0.068874
0.136792
0.232637
0.176434
0.025813
-0.078495
-0.131118
-0.141287
-0.106767
-0.056574
0.006333
0.057478
0.042840
-0.009558
-0.079466
-0.123317
-0.105380
-0.060938
-0.019614
0.010569
0.002532
-0.020064
-0.045935
-0.067948
-0.048679
0.008311
0.075686
0.145164
0.222507
0.308559
0.240446
0.043044
-0.181381
-0.289608
-0.167495
0.061961
0.213487
0.222782
0.095916
-0.047833
-0.121037
-0.149046
-0.126226
-0.073544
-0.015856
0.042304
0.052651
0.005993
-0.057045
-0.109510
-0.116262
-0.075996
-0.035964
-0.003205
0.002519
-0.013886
-0.034144
-0.053893
-0.057122
-0.015887
0.045880
0.118747
0.189840
0.291623
0.285951
0.121247
-0.108671
-0.285951
-0.233193
-0.013555
0.181405
0.240274
0.144021
-0.010328
-0.100989
-0.143362
-0.140866
-0.098690
-0.040302
0.026791
0.061150
0.027347
-0.039981
-0.100326
-0.121735
-0.088489
-0.044594
-0.013137
-0.000088
-0.010087
-0.032693
-0.053115
-0.059930
-0.026243
0.032584
0.101390
0.169737
0.282052
0.308589
0.155067
-0.078738
-0.274865
-0.253526
-0.046819
0.156223
0.234997
0.164142
0.011317
-0.088158
-0.138674
-0.143187
-0.102034
-0.052154
0.007841
0.051610
0.037778
-0.015477
-0.086554
-0.130866
-0.107144
-0.055092
-0.012461
0.005232
-0.013005
-0.033844
-0.044792
-0.052712
-0.029982
0.017824
0.084459
0.160012
0.258150
0.305721
0.181946
-0.027045
-0.232227
-0.264698
-0.094877
0.110782
0.218376
0.184045
0.040234
-0.071920
-0.127280
-0.141451
-0.110517
-0.064390
-0.011243
0.041283
0.038736
-0.003884
-0.067762
-0.117445
-0.111803
-0.069389
-0.030157
-0.002147
-0.004537
-0.022816
-0.041302
-0.054266
-0.043818
0.002893
0.064799
0.132563
0.224249
0.311205
0.240348
0.043507
-0.193790
-0.295141
-0.164610
0.065828
0.217526
0.216662
0.081965
-0.050644
-0.119059
-0.144623
-0.125859
-0.080577
-0.024468
0.036883
0.050191
0.012442
-0.049134
-0.110213
-0.122197
-0.084530
-0.039692
0.000263
0.004834
-0.016974
-0.041343
-0.057471
-0.047787
-0.002420
0.049937
0.115979
0.199555
0.296813
0.260581
0.089021
-0.137288
-0.286038
-0.200023
0.014431
0.186309
0.229355
0.117702
-0.028675
-0.109617
-0.144759
-0.128034
-0.080987
-0.032438
0.027259
0.048456
0.015540
-0.038717
-0.095115
-0.116537
-0.089313
-0.051136
-0.014259
0.005479
-0.004659
-0.033500
-0.055912
-0.060685
-0.021456
0.040740
0.104349
0.170090
0.273961
0.297483
0.155536
-0.071791
-0.271073
-0.256690
-0.053852
0.156888
0.245192
0.168406
0.007495
-0.096498
-0.140696
-0.137464
-0.094151
-0.044813
0.013279
0.052059
0.035373
-0.018261
-0.086448
-0.124546
-0.099281
-0.055331
-0.019456
0.001763
-0.006108
-0.023336
-0.043606
-0.060922
-0.038456
0.017936
0.087545
0.157145
0.259294
0.317726
0.197765
-0.023135
-0.242421
-0.275198
-0.100366
0.115207
0.227781
0.191468
0.052187
-0.061819
-0.127908
-0.146313
-0.117438
-0.064853
0.001504
0.055618
0.048841
-0.000069
-0.067702
-0.115623
-0.110142
-0.067786
-0.028869
0.001149
0.002557
-0.015470
-0.039442
-0.056836
-0.046530
0.007059
0.069119
0.133175
0.208130
0.308392
0.257733
0.066488
-0.168209
-0.297652
-0.187819
0.046405
0.214069
0.236146
0.110860
-0.042848
-0.120576
-0.149993
-0.126469
-0.069384
-0.016950
0.038584
0.055138
0.019061
-0.042025
-0.102532
-0.117401
-0.078328
-0.035312
-0.005689
0.000276
-0.010230
-0.024342
-0.040207
-0.053151
-0.028954
0.026280
0.102141
0.180232
0.296568
0.313101
0.147492
-0.086305
-0.273505
-0.248601
-0.042856
0.158296
0.234835
0.169032
0.024085
-0.079388
-0.135610
-0.147050
-0.107836
-0.045322
0.024761
0.066727
0.045379
-0.015876
-0.082293
-0.116778
-0.095464
-0.051482
-0.017839
0.004902
0.002592
-0.016270
-0.042076
-0.062451
-0.042772
0.012708
0.079111
0.141978
0.225536
0.314760
0.246720
0.038788
-0.197351
-0.295278
-0.159411
0.078325
0.228766
0.225976
0.093674
-0.048270
-0.119463
-0.144303
-0.124758
-0.069820
-0.009483
0.049093
0.066113
0.019888
-0.050027
-0.105963
-0.116355
-0.075237
-0.031367
0.001069
0.006430
-0.007680
-0.028294
-0.050711
-0.058185
-0.021087
0.038754
0.112044
0.175916
0.276514
0.308141
0.160131
-0.068589
-0.270755
-0.264137
-0.055221
0.161826
0.252692
0.187872
0.024607
-0.088511
-0.143057
-0.148118
-0.102823
-0.039564
0.025222
0.070485
0.048050
-0.014824
-0.079898
-0.115747
-0.097110
-0.054631
-0.014174
0.010817
0.005193
-0.016537
-0.042777
-0.061421
-0.042705
0.010507
0.076070
0.141453
0.218734
0.318570
0.248840
0.044908
-0.183517
-0.295358
-0.165842
0.070738
0.222734
0.233365
0.104658
-0.044191
-0.119348
-0.150835
-0.126159
-0.065058
-0.006322
0.049751
0.062954
0.018055
-0.046984
-0.103426
-0.114760
-0.072040
-0.027983
0.001332
0.009608
-0.010420
-0.035248
-0.052860
-0.056746
-0.018247
0.041310
0.107077
0.168193
0.262282
0.303074
0.167598
-0.050123
-0.253538
-0.265986
-0.070461
0.146664
0.247675
0.192903
0.033174
-0.085995
-0.138300
-0.144264
-0.100134
-0.043128
0.015448
0.063792
0.053217
-0.003801
-0.069704
-0.118792
-0.109494
-0.059612
-0.018717
0.010000
0.008315
-0.016083
-0.040329
-0.061123
-0.051820
0.002320
0.066399
0.131744
0.211550
0.317693
0.269778
0.066123
-0.180311
-0.311786
-0.193536
0.053977
0.226716
0.241649
0.112417
-0.043196
-0.122970
-0.150309
-0.126325
-0.072174
-0.013730
0.043669
0.065663
0.025598
-0.040872
-0.101667
-0.116140
-0.077006
-0.036220
-0.008097
0.003457
-0.007792
-0.023341
-0.048865
-0.064124
-0.035789
0.017814
0.083283
0.148917
0.241808
0.326101
0.217110
-0.009782
-0.240675
-0.302359
-0.128034
0.113751
0.245721
0.222318
0.069092
-0.072026
-0.141276
-0.162452
-0.125299
-0.059169
0.012821
0.071160
0.064395
-0.002329
-0.072098
-0.120301
-0.112942
-0.061987
-0.019144
0.006036
0.004346
-0.019437
-0.043778
-0.062430
-0.058833
-0.014963
0.044644
0.103497
0.156515
0.252943
0.304346
0.164968
-0.067765
-0.274888
-0.276543
-0.068294
0.159938
0.253360
0.187445
0.021356
-0.102356
-0.154448
-0.152182
-0.105555
-0.042521
0.019131
0.065257
0.051923
-0.009364
-0.080927
-0.121567
-0.108902
-0.059144
-0.017509
0.003790
0.000190
-0.019054
-0.044089
-0.062757
-0.057537
-0.006426
0.060488
0.121649
0.180814
0.286802
0.280272
0.096003
-0.146339
-0.312827
-0.232135
0.013594
0.210771
0.250915
0.135222
-0.031576
-0.122496
-0.160753
-0.147905
-0.088687
-0.020015
0.045597
0.074695
0.030596
-0.041715
-0.102348
-0.124819
-0.089853
-0.039157
-0.008907
0.005343
-0.004043
-0.027616
-0.051609
-0.070406
-0.051212
0.012357
0.077113
0.134053
0.209138
0.305211
0.236630
0.032033
-0.203462
-0.311434
-0.173366
0.068336
0.227746
0.234522
0.097383
-0.056350
-0.137128
-0.166237
-0.136166
-0.075593
-0.005561
0.060260
0.071548
0.020909
-0.053965
-0.119630
-0.124360
-0.076460
-0.024280
0.004270
0.003337
-0.016462
-0.037846
-0.058708
-0.065891
-0.034389
0.026080
0.090803
0.139248
0.211787
0.312972
0.212949
-0.020292
-0.245295
-0.313010
-0.130588
0.126224
0.249423
0.214906
0.055099
-0.090899
-0.145385
-0.158350
-0.122208
-0.054852
0.010419
0.067408
0.066501
0.000930
-0.073689
-0.123694
-0.111491
-0.060374
-0.016907
0.003534
-0.001524
-0.020493
-0.041600
-0.061709
-0.063706
-0.027058
0.034227
0.100956
0.149976
0.243955
0.311314
0.168473
-0.069334
-0.280119
-0.293696
-0.077334
0.163234
0.258575
0.193546
0.020951
-0.107220
-0.156129
-0.157126
-0.108657
-0.038732
0.026741
0.074358
0.054065
-0.012997
-0.080139
-0.122175
-0.110437
-0.056581
-0.013811
0.008771
0.003409
-0.021882
-0.047194
-0.061495
-0.060856
-0.017838
0.040130
0.095880
0.146730
0.258813
0.317295
0.162318
-0.091650
-0.305109
-0.291966
-0.057472
0.184945
0.267268
0.182910
0.004845
-0.115066
-0.159198
-0.155538
-0.102801
-0.032132
0.033195
0.074963
0.048008
-0.018025
-0.081609
-0.120324
-0.103201
-0.052190
-0.009988
0.013904
0.002696
-0.026966
-0.053766
-0.067486
-0.056243
-0.010399
0.044825
0.099476
0.150679
0.262265
0.318098
0.148049
-0.113389
-0.313066
-0.282093
-0.035135
0.204581
0.267771
0.170836
-0.007250
-0.122016
-0.158474
-0.149782
-0.098029
-0.026983
0.035915
0.076805
0.051969
-0.017973
-0.086461
-0.125338
-0.103128
-0.046406
-0.005703
0.012902
0.004593
-0.021269
-0.048596
-0.067805
-0.063564
-0.011612
0.051775
0.111360
0.154390
0.254864
0.305165
0.142737
-0.109940
-0.305649
-0.276629
-0.030753
0.203436
0.264267
0.167319
-0.010651
-0.122237
-0.155515
-0.145730
-0.092778
-0.021307
0.039996
0.076799
0.045651
-0.022304
-0.085368
-0.117043
-0.094405
-0.044801
-0.006841
0.012047
0.005474
-0.019304
-0.045753
-0.066795
-0.061556
-0.011087
0.053541
0.114962
0.158650
0.250847
0.302086
0.136842
-0.110966
-0.298439
-0.271339
-0.031277
0.205905
0.264553
0.169343
-0.010058
-0.127352
-0.157324
-0.144656
-0.091269
-0.017135
0.043811
0.078951
0.048049
-0.027006
-0.090173
-0.113263
-0.091719
-0.040081
-0.005323
0.008693
0.002656
-0.021242
-0.047645
-0.062122
-0.055223
-0.004460
0.053739
0.103741
0.148147
0.256786
0.310090
0.144027
-0.118309
-0.312365
-0.271230
-0.020311
0.212923
0.265909
0.155920
-0.019157
-0.124526
-0.152015
-0.138249
-0.087412
-0.021342
0.039590
0.075138
0.046757
-0.022048
-0.086991
-0.112459
-0.089842
-0.043968
-0.004786
0.009031
0.001876
-0.020126
-0.048214
-0.062422
-0.051778
-0.005290
0.054229
0.101174
0.140620
0.242986
0.308316
0.158729
-0.092390
-0.300152
-0.278926
-0.039500
0.195233
0.263974
0.168808
-0.007156
-0.116233
-0.148693
-0.141168
-0.093202
-0.027777
0.036406
0.080111
0.051292
-0.019655
-0.083652
-0.117430
-0.095293
-0.040741
-0.005343
0.011181
0.004999
-0.019581
-0.044729
-0.062788
-0.059034
-0.008556
0.051453
0.110289
0.150518
0.246643
0.305088
0.148504
-0.099145
-0.296363
-0.274779
-0.037231
0.198491
0.263994
0.171806
-0.004156
-0.119595
-0.151403
-0.141546
-0.090279
-0.021995
0.034857
0.072164
0.048429
-0.018915
-0.074981
-0.106306
-0.091289
-0.045911
-0.015152
0.005092
0.006421
-0.016851
-0.042376
-0.060980
-0.057968
-0.008586
0.052769
0.106899
0.146885
0.241797
0.309271
0.158906
-0.091540
-0.289597
-0.277789
-0.046909
0.192737
0.261868
0.173102
0.000082
-0.117343
-0.151354
-0.140779
-0.090883
-0.023055
0.034550
0.069865
0.046815
-0.016463
-0.073836
-0.108922
-0.096777
-0.048525
-0.009760
0.009816
0.006265
-0.020956
-0.048727
-0.061796
-0.054603
-0.006911
0.053113
0.106198
0.145812
0.240177
0.306275
0.157430
-0.082679
-0.281373
-0.272720
-0.046103
0.181806
0.252663
0.174448
0.004043
-0.109244
-0.143572
-0.141964
-0.091618
-0.026991
0.028576
0.067579
0.044724
-0.016273
-0.073358
-0.108294
-0.095005
-0.047097
-0.013559
0.011396
0.009179
-0.017578
-0.044905
-0.064147
-0.058421
-0.004542
0.057550
0.109740
0.144564
0.235745
0.300782
0.160882
-0.074545
-0.275598
-0.268689
-0.049184
0.179541
0.252231
0.170195
0.003171
-0.106935
-0.141998
-0.137950
-0.091127
-0.029250
0.026421
0.067332
0.043543
-0.018387
-0.077224
-0.108203
-0.089188
-0.043896
-0.013337
0.002546
0.001252
-0.015604
-0.041243
-0.058467
-0.056000
-0.006706
0.056862
0.113811
0.161236
0.263807
0.293253
0.131392
-0.105309
-0.295985
-0.256506
-0.019752
0.197080
0.261601
0.160269
-0.016760
-0.118936
-0.152195
-0.138492
-0.083313
-0.022893
0.033587
0.066214
0.035707
-0.027776
-0.084522
-0.111948
-0.087573
-0.040717
-0.011016
0.006138
-0.000223
-0.024183
-0.048766
-0.064495
-0.044647
0.016776
0.078924
0.130501
0.191611
0.300928
0.255753
0.054885
-0.186593
-0.310718
-0.184111
0.068887
0.234715
0.240275
0.098213
-0.060689
-0.130295
-0.152234
-0.125193
-0.066193
-0.009397
0.047636
0.064459
0.018307
-0.048692
-0.102211
-0.114694
-0.072626
-0.026695
-0.000723
0.007900
-0.007787
-0.030232
-0.051789
-0.063504
-0.032186
0.029067
0.092679
0.147422
0.231151
0.311291
0.206627
-0.019492
-0.247206
-0.297556
-0.115898
0.128345
0.252687
0.211652
0.050255
-0.086696
-0.144073
-0.154215
-0.111010
-0.046423
0.012548
0.061839
0.052277
-0.006618
-0.072307
-0.113851
-0.103266
-0.051366
-0.012575
0.006738
-0.001270
-0.021748
-0.043928
-0.060067
-0.055912
-0.006993
0.054171
0.116514
0.166379
0.270002
0.286654
0.128061
-0.098554
-0.285857
-0.244134
-0.022007
0.181615
0.248372
0.158666
-0.008660
-0.107154
-0.146181
-0.140217
-0.091132
-0.036899
0.023238
0.065700
0.040975
-0.022978
-0.091883
-0.126065
-0.092242
-0.038611
-0.004890
0.006017
-0.007420
-0.025710
-0.041618
-0.059749
-0.047416
0.005699
0.073636
0.143233
0.219961
0.302896
0.231990
0.029090
-0.200549
-0.292815
-0.159413
0.071344
0.224671
0.223673
0.087764
-0.055680
-0.129980
-0.155649
-0.127885
-0.069420
-0.005695
0.050827
0.057366
0.008414
-0.057446
-0.108154
-0.112870
-0.073377
-0.032009
-0.000402
0.010198
-0.002504
-0.028713
-0.057924
-0.071222
-0.032465
0.035169
0.106651
0.163495
0.247579
0.292532
0.161887
-0.051119
-0.247253
-0.264296
-0.077293
0.138353
0.231025
0.180234
0.031338
-0.086043
-0.137617
-0.148368
-0.108694
-0.045870
0.013570
0.057793
0.045903
-0.017196
-0.081135
-0.116723
-0.100919
-0.049116
-0.011064
0.005760
-0.001503
-0.023950
-0.048592
-0.061510
-0.046564
0.006112
0.071224
0.131950
0.197718
0.291534
0.240746
0.058538
-0.161258
-0.286906
-0.178816
0.041891
0.201498
0.228287
0.108393
-0.038773
-0.118837
-0.152561
-0.131006
-0.076546
-0.019201
0.041491
0.059471
0.018723
-0.051696
-0.109109
-0.119608
-0.075402
-0.029944
-0.000369
0.006423
-0.007219
-0.028929
-0.048403
-0.060574
-0.031094
0.027420
0.097530
0.166379
0.262603
0.296521
0.161491
-0.054617
-0.253282
-0.260930
-0.072100
0.135444
0.233681
0.183769
0.033045
-0.081674
-0.138678
-0.151962
-0.109811
-0.054811
0.008425
0.059458
0.048623
-0.007676
-0.079151
-0.126053
-0.109023
-0.054100
-0.009823
0.014798
0.004369
-0.025041
-0.046680
-0.058143
-0.043345
0.007563
0.069625
0.136359
0.226516
0.308324
0.227954
0.029473
-0.190552
-0.284659
-0.151797
0.067175
0.210323
0.217162
0.090504
-0.044586
-0.119115
-0.151533
-0.127416
-0.076402
-0.018860
0.044119
0.058430
0.014101
-0.055591
-0.112660
-0.119045
-0.074909
-0.025378
0.009240
0.010130
-0.012701
-0.041934
-0.057214
-0.049421
-0.006159
0.044686
0.108352
0.180244
0.284632
0.278178
0.114358
-0.100775
-0.266469
-0.222246
-0.018453
0.161761
0.226779
0.149150
-0.000405
-0.093159
-0.138386
-0.138589
-0.096991
-0.048006
0.013890
0.056719
0.036737
-0.024246
-0.090806
-0.122373
-0.095005
-0.047313
-0.011118
0.007479
0.003077
-0.018945
-0.041597
-0.056015
-0.038847
0.016498
0.083950
0.152437
0.251241
0.307161
0.189580
-0.016954
-0.227323
-0.269086
-0.100135
0.107263
0.220611
0.192813
0.052038
-0.064412
-0.126288
-0.146905
-0.114143
-0.064309
-0.008203
0.047629
0.048654
0.002405
-0.067207
-0.117332
-0.112304
-0.062495
-0.019916
0.004568
0.002501
-0.014607
-0.034721
-0.048796
-0.043573
-0.002069
0.055202
0.120176
0.199517
0.294979
0.251054
0.078927
-0.140849
-0.275116
-0.186785
0.020618
0.182071
0.222374
0.117536
-0.022204
-0.100372
-0.142221
-0.133568
-0.089594
-0.038300
0.028921
0.058289
0.025818
-0.037142
-0.099256
-0.117960
-0.085882
-0.045047
-0.005730
0.011133
0.001127
-0.026834
-0.054882
-0.058542
-0.016122
0.040979
0.103398
0.160622
0.259945
0.294053
0.151760
-0.061362
-0.250700
-0.245662
-0.052438
0.138420
0.220634
0.166030
0.021361
-0.076719
-0.126433
-0.140879
-0.104852
-0.057569
-0.005038
0.045615
0.041991
-0.006755
-0.071279
-0.113963
-0.102638
-0.055843
-0.020376
0.003157
0.000717
-0.018643
-0.038067
-0.052357
-0.042120
0.003672
0.064000
0.126868
0.206101
0.300921
0.250969
0.057265
-0.177974
-0.289118
-0.173166
0.052940
0.210921
0.218934
0.092701
-0.042402
-0.112460
-0.138307
-0.122913
-0.082005
-0.031128
0.027094
0.051480
0.023735
-0.041195
-0.102031
-0.116047
-0.080457
-0.032969
-0.001606
0.000770
-0.012921
-0.031975
-0.046050
-0.047537
-0.018257
0.029764
0.093169
0.154192
0.260254
0.301110
0.159721
-0.060244
-0.256798
-0.255683
-0.061216
0.143398
0.228096
0.169303
0.021846
-0.078578
-0.127477
-0.139544
-0.109767
-0.061464
-0.004199
0.049983
0.048367
-0.001984
-0.071601
-0.116155
-0.107834
-0.062644
-0.018666
0.006311
0.003691
-0.015011
-0.041826
-0.056658
-0.045731
0.003663
0.061915
0.123611
0.186929
0.293010
0.257236
0.072436
-0.146602
-0.288848
-0.195765
0.030469
0.194128
0.229941
0.120709
-0.034769
-0.110490
-0.144555
-0.131117
-0.080023
-0.032837
0.024310
0.057391
0.027503
-0.032288
-0.095735
-0.121809
-0.084713
-0.037323
-0.003354
0.009098
-0.004896
-0.026793
-0.043486
-0.055745
-0.028586
0.023496
0.079814
0.138130
0.232350
0.308012
0.203072
-0.004185
-0.227571
-0.279272
-0.114094
0.105364
0.225011
0.198674
0.056289
-0.063730
-0.122596
-0.144168
-0.117667
-0.069787
-0.011729
0.046985
0.054066
0.009009
-0.058863
-0.111448
-0.112105
-0.065026
-0.018155
0.008063
0.003892
-0.018279
-0.038259
-0.050803
-0.045764
-0.008277
0.039732
0.103547
0.166500
0.271338
0.293544
0.130966
-0.089104
-0.267618
-0.240679
-0.031558
0.165072
0.232148
0.159258
0.004068
-0.093166
-0.135045
-0.135717
-0.098482
-0.050191
0.006033
0.054535
0.044412
-0.009799
-0.076387
-0.117586
-0.104518
-0.051319
-0.006903
0.014454
0.002689
-0.023771
-0.047689
-0.053240
-0.038178
0.010299
0.060732
0.115570
0.177823
0.290990
0.270680
0.088216
-0.144079
-0.294207
-0.207608
0.025730
0.203404
0.235438
0.123397
-0.033894
-0.113145
-0.144621
-0.132100
-0.082739
-0.029068
0.028297
0.059737
0.029683
-0.034465
-0.094597
-0.123595
-0.094673
-0.038169
0.003880
0.020771
0.000521
-0.036672
-0.056209
-0.058603
-0.027686
0.030675
0.091794
0.143643
0.238977
0.314205
0.194853
-0.022382
-0.238018
-0.281769
-0.105207
0.119324
0.232867
0.203530
0.051942
-0.074307
-0.131573
-0.150296
-0.119490
-0.062289
-0.007597
0.051253
0.058546
0.008734
-0.060660
-0.114585
-0.120174
-0.069909
-0.020558
0.012701
0.016809
-0.007605
-0.040612
-0.059600
-0.055823
-0.007731
0.049057
0.108329
0.156571
0.255886
0.292147
0.141750
-0.080849
-0.266095
-0.250461
-0.040562
0.164265
0.234576
0.163259
0.006596
-0.095818
-0.134697
-0.137428
-0.098801
-0.049384
0.004097
0.053459
0.047383
-0.009211
-0.076116
-0.121080
-0.108221
-0.052634
-0.009541
0.012886
0.008329
-0.017747
-0.044871
-0.057984
-0.044193
0.005839
0.074569
0.136819
0.214904
0.309630
0.234950
0.035292
-0.194047
-0.296368
-0.162390
0.069279
0.220030
0.227134
0.092673
-0.051517
-0.121632
-0.148700
-0.125762
-0.074789
-0.023539
0.034221
0.055174
0.021293
-0.040779
-0.101074
-0.121397
-0.082259
-0.028955
0.003753
0.008014
-0.011578
-0.035312
-0.045568
-0.048111
-0.019679
0.026723
0.090964
0.154400
0.247763
0.310843
0.177710
-0.044551
-0.248883
-0.273475
-0.083868
0.137142
0.235231
0.191863
0.037999
-0.083096
-0.134289
-0.148061
-0.112995
-0.059094
-0.003857
0.052677
0.054931
0.002168
-0.066287
-0.118628
-0.115861
-0.065053
-0.019402
0.014337
0.013912
-0.010664
-0.041026
-0.061007
-0.055601
-0.001295
0.055906
0.113662
0.172391
0.282688
0.288464
0.116704
-0.122959
-0.289262
-0.232073
-0.008829
0.187518
0.239830
0.145059
-0.008987
-0.106857
-0.146926
-0.138515
-0.094523
-0.038982
0.018785
0.057439
0.042442
-0.020287
-0.088997
-0.121301
-0.098962
-0.044109
-0.002286
0.012048
-0.000253
-0.023086
-0.046259
-0.055654
-0.037282
0.012862
0.080797
0.142898
0.228440
0.317274
0.215115
0.003128
-0.214394
-0.289013
-0.134001
0.096550
0.224519
0.215517
0.076549
-0.061850
-0.129074
-0.151885
-0.126333
-0.070810
-0.011237
0.048023
0.064400
0.018524
-0.053764
-0.111571
-0.123701
-0.076065
-0.021720
0.014448
0.016480
-0.006905
-0.037911
-0.056323
-0.056886
-0.020681
0.033175
0.104077
0.162235
0.263389
0.310262
0.163824
-0.067047
-0.269405
-0.269465
-0.067773
0.152155
0.243927
0.185929
0.029753
-0.086552
-0.142825
-0.149845
-0.108593
-0.052805
0.004570
0.058733
0.054461
0.005010
-0.069173
-0.123867
-0.116525
-0.063432
-0.012403
0.020346
0.012581
-0.011558
-0.039233
-0.059621
-0.052336
-0.004022
0.056403
0.128057
0.188449
0.287164
0.263512
0.079609
-0.139429
-0.276113
-0.202550
0.016287
0.186570
0.226582
0.132550
-0.017711
-0.105736
-0.140666
-0.135345
-0.091680
-0.036878
0.021476
0.060652
0.041007
-0.019630
-0.087932
-0.123347
-0.100891
-0.046838
0.001825
0.018701
0.004149
-0.025730
-0.051838
-0.058756
-0.034112
0.018927
0.081057
0.135933
0.222568
0.320330
0.225170
0.005829
-0.224577
-0.298124
-0.136328
0.103570
0.232767
0.213982
0.070205
-0.063468
-0.124091
-0.144939
-0.121768
-0.072146
-0.017675
0.043192
0.061230
0.019690
-0.049390
-0.111116
-0.123210
-0.078159
-0.025018
0.009026
0.012644
-0.006789
-0.035680
-0.054076
-0.055413
-0.016618
0.038695
0.097854
0.150089
0.245632
0.307011
0.170311
-0.053553
-0.255391
-0.269195
-0.075344
0.143522
0.236954
0.186212
0.031792
-0.086844
-0.137462
-0.145386
-0.110381
-0.055369
0.003983
0.056586
0.054645
0.000806
-0.071423
-0.120565
-0.115829
-0.062655
-0.011906
0.018227
0.011460
-0.015429
-0.044551
-0.059439
-0.050541
-0.005175
0.054074
0.121093
0.186884
0.293459
0.279174
0.096988
-0.134692
-0.291579
-0.221939
0.008263
0.194638
0.240772
0.140304
-0.019648
-0.110312
-0.145552
-0.138081
-0.091476
-0.038846
0.020415
0.060918
0.039580
-0.022534
-0.091404
-0.128394
-0.101505
-0.040911
0.000680
0.017758
0.000375
-0.029464
-0.050814
-0.057449
-0.036958
0.016037
0.082495
0.146006
0.230512
0.311550
0.215325
0.003177
-0.213223
-0.285873
-0.139926
0.088375
0.220146
0.212026
0.080479
-0.057732
-0.128862
-0.150932
-0.129296
-0.075111
-0.014284
0.043195
0.059793
0.018569
-0.054608
-0.112451
-0.119368
-0.081569
-0.029775
0.009076
0.015694
0.000838
-0.032888
-0.061117
-0.062566
-0.022851
0.040805
0.113842
0.172173
0.277366
0.300901
0.134755
-0.090201
-0.269301
-0.254188
-0.048759
0.156700
0.235578
0.176394
0.019996
-0.096687
-0.148112
-0.152779
-0.107446
-0.043500
0.010262
0.055283
0.045811
-0.010662
-0.077754
-0.121897
-0.115782
-0.060115
-0.011680
0.016056
0.011998
-0.017764
-0.048573
-0.062325
-0.052051
0.001563
0.066998
0.127249
0.198969
0.307439
0.252613
0.059328
-0.165078
-0.297403
-0.192635
0.038462
0.199137
0.231499
0.118332
-0.035977
-0.116009
-0.152023
-0.138359
-0.083303
-0.031936
0.025206
0.059222
0.031569
-0.030086
-0.096267
-0.132365
-0.098821
-0.040957
0.003271
0.021079
0.001358
-0.032202
-0.054432
-0.065274
-0.033174
0.026742
0.091990
0.147356
0.230414
0.303868
0.203234
-0.005377
-0.223294
-0.282261
-0.123909
0.101864
0.227234
0.208029
0.062789
-0.069724
-0.132910
-0.148613
-0.116278
-0.062263
-0.012391
0.037350
0.048165
0.008314
-0.056067
-0.109235
-0.119820
-0.075132
-0.021750
0.013561
0.013381
-0.012196
-0.043281
-0.053419
-0.044420
-0.002962
0.049151
0.110000
0.168707
0.268737
0.276769
0.119600
-0.099363
-0.265445
-0.232061
-0.029877
0.162287
0.228937
0.154673
0.001972
-0.100518
-0.140297
-0.137881
-0.094944
-0.042126
0.008689
0.048316
0.040198
-0.011804
-0.075475
-0.115306
-0.107964
-0.058185
-0.009328
0.020110
0.015697
-0.016536
-0.051529
-0.063790
-0.045687
0.009964
0.076763
0.135630
0.209547
0.299226
0.225533
0.038658
-0.174332
-0.280179
-0.167415
0.050578
0.202056
0.226237
0.105869
-0.045822
-0.123942
-0.149677
-0.121879
-0.066868
-0.023104
0.024431
0.050906
0.024993
-0.033782
-0.092657
-0.120159
-0.088254
-0.037865
0.001775
0.016773
0.001882
-0.026109
-0.048222
-0.058978
-0.027018
0.032058
0.097594
0.150537
0.244446
0.295373
0.165504
-0.037660
-0.233711
-0.257948
-0.087722
0.118883
0.217464
0.188604
0.045513
-0.072019
-0.131202
-0.145001
-0.110388
-0.054655
-0.003248
0.046530
0.047533
0.001700
-0.059231
-0.106310
-0.115849
-0.067495
-0.018314
0.014815
0.018316
-0.008586
-0.043179
-0.055570
-0.049137
-0.000016
0.059276
0.115809
0.173198
0.271821
0.268879
0.107402
-0.109521
-0.266646
-0.222616
-0.015437
0.169961
0.231118
0.151858
-0.004192
-0.106158
-0.144950
-0.136665
-0.085711
-0.032390
0.011675
0.045620
0.036882
-0.014062
-0.072603
-0.114507
-0.107188
-0.055324
-0.003380
0.023124
0.013913
-0.021594
-0.051077
-0.055701
-0.032775
0.020183
0.077813
0.128035
0.197723
0.283294
0.225757
0.046195
-0.162883
-0.264032
-0.166554
0.042234
0.191856
0.213318
0.104779
-0.036086
-0.118609
-0.144708
-0.121937
-0.068738
-0.020583
0.023340
0.045986
0.022973
-0.029528
-0.084034
-0.114624
-0.091374
-0.041364
0.003120
0.022655
0.008158
-0.026003
-0.050623
-0.053616
-0.022955
0.030656
0.089932
0.144563
0.227867
0.288033
0.180922
-0.014535
-0.205750
-0.256631
-0.112723
0.093214
0.208208
0.194275
0.064225
-0.062949
-0.125232
-0.139934
-0.112172
-0.060516
-0.013261
0.036625
0.051472
0.013821
-0.048038
-0.100345
-0.115678
-0.077940
-0.029842
0.008545
0.022553
0.002094
-0.035935
-0.058962
-0.057444
-0.008599
0.055948
0.110909
0.153405
0.246293
0.282940
0.146513
-0.058317
-0.245200
-0.251135
-0.065604
0.137593
0.229050
0.180956
0.026011
-0.092631
-0.141626
-0.140961
-0.097086
-0.043968
-0.001299
0.041758
0.043383
-0.000091
-0.064473
-0.112103
-0.111280
-0.061858
-0.013326
0.017337
0.015559
-0.010321
-0.045258
-0.057309
-0.046413
0.002151
0.065236
0.122624
0.168370
0.258612
0.245921
0.094178
-0.102545
-0.247725
-0.205005
-0.012734
0.154861
0.214433
0.137809
-0.008295
-0.100013
-0.137605
-0.130360
-0.084428
-0.038414
0.006824
0.046070
0.035719
-0.013457
-0.073039
-0.113052
-0.103419
-0.055122
-0.007081
0.022003
0.014660
-0.019235
-0.052559
-0.060808
-0.037847
0.018046
0.071601
0.119892
0.178379
0.273827
0.244413
0.073110
-0.141759
-0.265972
-0.191541
0.015338
0.180477
0.218684
0.122203
-0.023912
-0.111597
-0.140691
-0.125471
-0.079514
-0.032227
0.014224
0.044631
0.030031
-0.021999
-0.082780
-0.117210
-0.100454
-0.048375
-0.000164
0.021288
0.011198
-0.021924
-0.050945
-0.056296
-0.033602
0.020068
0.083119
0.138236
0.212979
0.290692
0.205542
0.018800
-0.182126
-0.266740
-0.147691
0.063316
0.199356
0.211364
0.088807
-0.054190
-0.127756
-0.146393
-0.117516
-0.062627
-0.020383
0.023737
0.046155
0.018018
-0.036761
-0.089808
-0.117979
-0.089348
-0.038252
0.004946
0.024624
0.010491
-0.028459
-0.055984
-0.062131
-0.028294
0.033679
0.098488
0.150002
0.223227
0.277913
0.178219
-0.013894
-0.207664
-0.256945
-0.112922
0.091603
0.209952
0.194579
0.061825
-0.067272
-0.131228
-0.143503
-0.109756
-0.057972
-0.010185
0.033180
0.043432
0.013077
-0.046315
-0.098335
-0.113872
-0.079388
-0.029063
0.011569
0.019141
-0.000716
-0.035882
-0.055648
-0.054206
-0.014456
0.044149
0.109425
0.159368
0.243985
0.267622
0.131041
-0.057243
-0.225165
-0.232530
-0.062266
0.124672
0.210563
0.172643
0.028581
-0.086933
-0.135836
-0.141849
-0.099294
-0.043267
-0.000134
0.040020
0.038109
-0.007125
-0.059592
-0.098988
-0.108240
-0.069792
-0.023857
0.011000
0.020908
-0.001539
-0.041247
-0.058530
-0.050795
-0.004477
0.057153
0.114809
0.166701
0.260751
0.260927
0.110760
-0.090772
-0.247603
-0.218905
-0.026564
0.153345
0.218589
0.152235
0.002577
