0.061296
0.038473
-0.019347
-0.069120
-0.087968
-0.102418
-0.116610
-0.144115
-0.184942
-0.204736
-0.205162
-0.224608
-0.250311
-0.264829
-0.265358
-0.254040
-0.235131
-0.223575
-0.205464
-0.176094
-0.149252
-0.128166
-0.095870
-0.052561
-0.020092
0.001631
0.013854
0.012929
0.016233
0.032922
0.035468
0.034504
0.031293
0.005838
-0.027810
-0.062174
-0.111494
-0.152894
-0.171992
-0.184703
-0.191099
-0.199496
-0.221599
-0.243895
-0.259575
-0.268398
-0.259913
-0.243458
-0.227214
-0.216474
-0.192164
-0.154075
-0.116777
-0.088322
-0.055002
-0.036921
-0.014475
0.008784
0.018483
0.021467
0.040164
0.046771
0.036520
0.024357
-0.002896
-0.040177
-0.061898
-0.096185
-0.127257
-0.153100
-0.167145
-0.199855
-0.219454
-0.237944
-0.247333
-0.250406
-0.245614
-0.256428
-0.252820
-0.241324
-0.214636
-0.180323
-0.148216
-0.126244
-0.094299
-0.058795
-0.026075
-0.004543
0.009522
0.007246
0.018409
0.047019
0.065182
0.061091
0.041959
0.005039
-0.037392
-0.061159
-0.096602
-0.130718
-0.154475
-0.170570
-0.174838
-0.185500
-0.215978
-0.247613
-0.263826
-0.262233
-0.252314
-0.241784
-0.227013
-0.203067
-0.176613
-0.155709
-0.129967
-0.091458
-0.050461
-0.023144
-0.006960
0.006594
0.022075
0.036499
0.047271
0.047322
0.046828
0.041989
0.020669
-0.021871
-0.050000
-0.086541
-0.130915
-0.149700
-0.154675
-0.178828
-0.197222
-0.219958
-0.246522
-0.249280
-0.246033
-0.250612
-0.246333
-0.227186
-0.203554
-0.174711
-0.153390
-0.130643
-0.101328
-0.051792
-0.008460
0.007250
0.010361
0.015996
0.025387
0.049222
0.060568
0.059861
0.052342
0.028935
-0.005228
-0.035647
-0.072546
-0.110108
-0.139426
-0.157376
-0.166250
-0.171044
-0.198688
-0.222116
-0.231741
-0.234505
-0.236950
-0.234182
-0.227331
-0.201184
-0.171106
-0.146699
-0.126686
-0.094798
-0.049433
-0.012333
0.001036
0.006202
0.020716
0.044575
0.067990
0.074684
0.059016
0.047557
0.028090
0.000742
-0.022132
-0.040097
-0.079099
-0.123581
-0.150719
-0.164041
-0.177656
-0.186633
-0.210104
-0.236260
-0.240419
-0.227288
-0.213200
-0.203886
-0.196266
-0.185247
-0.154795
-0.111137
-0.071700
-0.040836
-0.008162
0.006233
0.013273
0.027872
0.045986
0.066106
0.078577
0.074827
0.067781
0.049336
0.009791
-0.026004
-0.057933
-0.097032
-0.116047
-0.129938
-0.146084
-0.166718
-0.186889
-0.214259
-0.228926
-0.238556
-0.234450
-0.224662
-0.204016
-0.186435
-0.167151
-0.151479
-0.121461
-0.083614
-0.041747
-0.008995
0.009792
0.017122
0.034661
0.052385
0.068534
0.063673
0.054858
0.048881
0.044769
0.016482
-0.015646
-0.048563
-0.082971
-0.108444
-0.128626
-0.156067
-0.178925
-0.184908
-0.203078
-0.218781
-0.223342
-0.225233
-0.218426
-0.198231
-0.187982
-0.176762
-0.150145
-0.118382
-0.090107
-0.046232
-0.007983
0.008636
0.019383
0.029665
0.037962
0.061207
0.070124
0.057854
0.052352
0.053908
0.030358
-0.004788
-0.049349
-0.097570
-0.118641
-0.124286
-0.146544
-0.162021
-0.179959
-0.204973
-0.219235
-0.228229
-0.238787
-0.231195
-0.209464
-0.186613
-0.166221
-0.147341
-0.128010
-0.103638
-0.058873
-0.015554
0.016051
0.032526
0.037857
0.029818
0.041391
0.063854
0.084048
0.088023
0.066392
0.013044
-0.028153
-0.049214
-0.081961
-0.126077
-0.151885
-0.157473
-0.161102
-0.163368
-0.189546
-0.229518
-0.252236
-0.247262
-0.230715
-0.197171
-0.176414
-0.168611
-0.161032
-0.138588
-0.105420
-0.056067
-0.017373
0.006065
0.020709
0.038436
0.047776
0.062456
0.066195
0.052469
0.042012
0.036382
0.022259
0.000393
-0.030101
-0.085782
-0.131759
-0.154479
-0.162406
-0.170064
-0.179475
-0.201889
-0.226334
-0.244682
-0.247790
-0.235735
-0.211353
-0.189404
-0.172277
-0.156917
-0.132138
-0.101932
-0.067587
-0.037059
-0.007561
0.017744
0.038811
0.043761
0.054025
0.065442
0.057918
0.044742
0.033097
0.003227
-0.025461
-0.043242
-0.085406
-0.125602
-0.148938
-0.160671
-0.166438
-0.183497
-0.216205
-0.235769
-0.245432
-0.240726
-0.231785
-0.219983
-0.202621
-0.179248
-0.160197
-0.132548
-0.100698
-0.060859
-0.025397
-0.004275
0.005767
0.022408
0.035113
0.051147
0.062038
0.057507
0.044430
0.039596
0.018632
-0.014288
-0.053016
-0.098837
-0.139530
-0.150862
-0.162466
-0.177954
-0.186690
-0.203458
-0.228639
-0.242281
-0.247719
-0.244701
-0.226412
-0.206563
-0.182331
-0.157594
-0.130362
-0.098702
-0.060871
-0.032550
-0.016868
-0.010938
0.009076
0.041938
0.067012
0.065720
0.052671
0.033997
0.025197
0.013639
-0.014034
-0.061549
-0.101070
-0.130159
-0.146861
-0.156385
-0.172862
-0.194464
-0.213241
-0.230778
-0.242008
-0.247883
-0.248632
-0.230235
-0.206797
-0.184217
-0.155762
-0.128677
-0.103976
-0.070644
-0.040805
-0.018810
0.006378
0.027728
0.033141
0.044554
0.063024
0.067036
0.061931
0.033328
-0.010708
-0.037698
-0.050374
-0.077392
-0.120926
-0.162635
-0.179286
-0.175488
-0.188403
-0.217741
-0.245613
-0.260110
-0.250717
-0.231523
-0.230654
-0.221403
-0.197720
-0.167853
-0.135995
-0.100229
-0.065346
-0.030982
-0.008473
0.000236
0.012678
0.036549
0.060186
0.071409
0.059783
0.039778
0.024641
0.005719
-0.021707
-0.052820
-0.090457
-0.125871
-0.160609
-0.178510
-0.192638
-0.203340
-0.217834
-0.232462
-0.239431
-0.236434
-0.239249
-0.233772
-0.212014
-0.190382
-0.166487
-0.136183
-0.105709
-0.067560
-0.025510
-0.004636
0.004761
0.014319
0.021818
0.033882
0.052288
0.059248
0.060832
0.040040
-0.002636
-0.042408
-0.068478
-0.088785
-0.104987
-0.136165
-0.165899
-0.188708
-0.204083
-0.218276
-0.226985
-0.240541
-0.245441
-0.239846
-0.220414
-0.203230
-0.190599
-0.173604
-0.146894
-0.110695
-0.061787
-0.025044
-0.009092
0.006023
0.023533
0.033465
0.045228
0.056014
0.057048
0.066201
0.058159
0.022877
-0.027882
-0.064037
-0.094619
-0.115698
-0.141993
-0.161025
-0.178330
-0.192803
-0.209278
-0.230780
-0.246983
-0.255425
-0.244361
-0.217895
-0.200101
-0.190203
-0.176036
-0.151624
-0.102299
-0.051766
-0.029801
-0.016284
0.001101
0.016585
0.044428
0.071517
0.074984
0.060972
0.054519
0.052862
0.042776
0.004633
-0.047132
-0.104700
-0.144474
-0.151117
-0.152296
-0.159160
-0.182474
-0.221174
-0.243099
-0.250772
-0.249791
-0.238904
-0.228289
-0.215781
-0.187462
-0.160735
-0.138345
-0.105049
-0.060383
-0.019881
0.008724
0.026974
0.036518
0.040782
0.054267
0.067612
0.074938
0.078060
0.057596
0.008169
-0.035006
-0.064973
-0.101691
-0.112216
-0.127758
-0.152137
-0.184673
-0.203999
-0.223552
-0.241771
-0.250734
-0.246328
-0.229441
-0.197411
-0.177497
-0.178670
-0.171222
-0.140672
-0.093338
-0.037910
0.004165
0.019713
0.026469
0.035556
0.042290
0.057248
0.079326
0.081986
0.069130
0.038677
-0.002389
-0.043620
-0.068705
-0.102127
-0.126984
-0.148206
-0.154314
-0.168784
-0.188131
-0.226990
-0.257258
-0.261258
-0.241276
-0.222631
-0.203142
-0.190388
-0.171316
-0.146071
-0.117178
-0.088954
-0.054240
-0.016163
0.014051
0.038084
0.052435
0.061480
0.070841
0.074169
0.066791
0.055081
0.035024
0.000807
-0.025759
-0.060916
-0.102325
-0.135028
-0.159438
-0.173469
-0.183480
-0.196373
-0.227784
-0.251892
-0.254997
-0.235100
-0.216413
-0.203493
-0.202616
-0.189526
-0.155562
-0.109305
-0.070729
-0.027861
0.003301
0.022181
0.038551
0.046247
0.050069
0.065105
0.069967
0.077067
0.075976
0.052643
-0.006962
-0.057397
-0.096069
-0.129618
-0.151096
-0.157029
-0.163969
-0.185003
-0.210337
-0.237514
-0.253249
-0.254388
-0.240377
-0.228807
-0.205411
-0.180679
-0.159332
-0.136721
-0.099756
-0.058636
-0.014213
0.006862
0.017900
0.040077
0.057265
0.063333
0.065837
0.059684
0.058366
0.060339
0.033367
-0.021522
-0.068091
-0.100181
-0.131476
-0.158676
-0.174049
-0.191794
-0.201964
-0.212889
-0.233359
-0.252996
-0.257361
-0.248695
-0.232918
-0.212736
-0.186368
-0.156770
-0.128637
-0.094639
-0.048801
-0.016702
0.006918
0.025723
0.030426
0.048562
0.076360
0.084367
0.071448
0.066992
0.049911
0.000257
-0.052042
-0.094931
-0.125205
-0.125438
-0.142304
-0.182280
-0.210194
-0.223962
-0.237254
-0.251957
-0.276143
-0.279761
-0.253505
-0.217605
-0.191377
-0.183371
-0.178052
-0.143058
-0.086773
-0.039331
-0.008406
0.014878
0.027130
0.038976
0.044534
0.056387
0.074189
0.088919
0.081204
0.033027
-0.043141
-0.080321
-0.094300
-0.121890
-0.142265
-0.167690
-0.199006
-0.218661
-0.230723
-0.260303
-0.267508
-0.266486
-0.260033
-0.253672
-0.231792
-0.211767
-0.178798
-0.151121
-0.113902
-0.073340
-0.028851
0.000755
0.018159
0.023957
0.036568
0.043655
0.063441
0.069553
0.077927
0.071708
0.032471
-0.041395
-0.088856
-0.119841
-0.150327
-0.167190
-0.178797
-0.205580
-0.216064
-0.227759
-0.258096
-0.279754
-0.277398
-0.269760
-0.250435
-0.223236
-0.201010
-0.177161
-0.145346
-0.108957
-0.061354
-0.015923
0.008775
0.016869
0.029790
0.036138
0.058344
0.076524
0.075751
0.065204
0.049524
-0.004207
-0.036198
-0.068826
-0.123073
-0.170794
-0.189768
-0.202134
-0.188883
-0.192877
-0.228758
-0.272790
-0.292818
-0.283299
-0.257271
-0.233742
-0.215558
-0.196405
-0.177578
-0.144096
-0.092584
-0.038632
-0.007559
0.010200
0.024206
0.036083
0.046674
0.071946
0.076318
0.074049
0.079287
0.057619
-0.000282
-0.047603
-0.103168
-0.154269
-0.158041
-0.150509
-0.171380
-0.199168
-0.235861
-0.273570
-0.277307
-0.270051
-0.272800
-0.263006
-0.233387
-0.204408
-0.175521
-0.153055
-0.131691
-0.091208
-0.031399
0.008018
0.019893
0.036956
0.055149
0.062517
0.072837
0.074161
0.063563
0.057324
0.038476
-0.010371
-0.060138
-0.112588
-0.137456
-0.154291
-0.166418
-0.186359
-0.211213
-0.231244
-0.241924
-0.259603
-0.268833
-0.258759
-0.240882
-0.211097
-0.179217
-0.165110
-0.147958
-0.112379
-0.069047
-0.011588
0.023237
0.030543
0.039377
0.039470
0.049964
0.087913
0.105748
0.100755
0.075467
0.010108
-0.044764
-0.061574
-0.090070
-0.131836
-0.157198
-0.171750
-0.180187
-0.190485
-0.228741
-0.270266
-0.280604
-0.262335
-0.245262
-0.233506
-0.224820
-0.203612
-0.165825
-0.120905
-0.082623
-0.038678
-0.005082
0.022692
0.035094
0.043539
0.059977
0.090892
0.109534
0.105792
0.101044
0.075066
0.011311
-0.044874
-0.087270
-0.121134
-0.135973
-0.142783
-0.174026
-0.210078
-0.230819
-0.245449
-0.253293
-0.254623
-0.263298
-0.264265
-0.234865
-0.197787
-0.172962
-0.149678
-0.112567
-0.065732
-0.019523
0.013364
0.033001
0.052815
0.074021
0.082983
0.088906
0.092101
0.095758
0.088988
0.052888
-0.000705
-0.038521
-0.077309
-0.122312
-0.148114
-0.168748
-0.203348
-0.213091
-0.220278
-0.247269
-0.251887
-0.249915
-0.255964
-0.246981
-0.221852
-0.202546
-0.170084
-0.134339
-0.093186
-0.042512
0.006085
0.027296
0.038856
0.046289
0.063735
0.089692
0.097078
0.089900
0.104734
0.088422
0.026486
-0.036076
-0.072592
-0.105744
-0.117943
-0.134852
-0.169729
-0.192501
-0.198623
-0.225790
-0.254644
-0.265275
-0.262452
-0.252451
-0.224238
-0.199170
-0.179937
-0.152912
-0.122942
-0.090786
-0.043509
0.001284
0.027840
0.050260
0.064547
0.064914
0.072273
0.083049
0.091079
0.103165
0.083034
0.017157
-0.034749
-0.077265
-0.115569
-0.140849
-0.151665
-0.164407
-0.178795
-0.203374
-0.235583
-0.255388
-0.256665
-0.247603
-0.242764
-0.228492
-0.204886
-0.176091
-0.150030
-0.114789
-0.071757
-0.022210
0.014257
0.034192
0.042989
0.053861
0.061962
0.081465
0.094296
0.108626
0.098305
0.049656
-0.014556
-0.045741
-0.080624
-0.119529
-0.150285
-0.159308
-0.172306
-0.195277
-0.226222
-0.250303
-0.260799
-0.251417
-0.249119
-0.248047
-0.228735
-0.196298
-0.168115
-0.137176
-0.103793
-0.067269
-0.021701
0.021306
0.048069
0.056714
0.061582
0.065630
0.085922
0.099995
0.103569
0.088315
0.041440
-0.015227
-0.044263
-0.092801
-0.139052
-0.169467
-0.178505
-0.182105
-0.181133
-0.216611
-0.257473
-0.285739
-0.280808
-0.259506
-0.232792
-0.223424
-0.206336
-0.175343
-0.129953
-0.083165
-0.046787
-0.020957
0.005461
0.028572
0.052559
0.072333
0.088704
0.092635
0.086365
0.080981
0.057321
0.009639
-0.036377
-0.067699
-0.107288
-0.133576
-0.157240
-0.176598
-0.198865
-0.217658
-0.242858
-0.259449
-0.267581
-0.260947
-0.255742
-0.239638
-0.218285
-0.188815
-0.155699
-0.110451
-0.076285
-0.047657
-0.017099
0.008555
0.027346
0.052688
0.053591
0.053917
0.088127
0.117609
0.094737
0.030080
-0.049714
-0.078742
-0.068146
-0.085018
-0.124698
-0.160971
-0.181617
-0.197156
-0.213636
-0.251654
-0.276075
-0.277453
-0.247969
-0.224333
-0.213511
-0.216227
-0.201157
-0.172304
-0.124634
-0.083943
-0.052335
-0.015784
0.021396
0.030217
0.034483
0.043601
0.063276
0.085527
0.085541
0.067928
0.043609
-0.004878
-0.043804
-0.080477
-0.132328
-0.162293
-0.169363
-0.186980
-0.207942
-0.219202
-0.243529
-0.263221
-0.268953
-0.271067
-0.263590
-0.233364
-0.211008
-0.192049
-0.161028
-0.113224
-0.073817
-0.040496
-0.014577
0.014823
0.039410
0.050758
0.048835
0.060209
0.077150
0.090529
0.077473
0.025826
-0.038706
-0.069178
-0.092912
-0.115639
-0.142054
-0.175068
-0.206477
-0.217025
-0.235284
-0.254814
-0.260735
-0.259855
-0.257234
-0.249747
-0.237936
-0.216457
-0.185473
-0.153214
-0.122152
-0.088668
-0.047488
-0.010958
0.013720
0.023765
0.040506
0.057532
0.072163
0.072729
0.069277
0.068522
0.047276
-0.007577
-0.062564
-0.113901
-0.146590
-0.148014
-0.157875
-0.181810
-0.202408
-0.228709
-0.265483
-0.277569
-0.273746
-0.263155
-0.246088
-0.229700
-0.219568
-0.192765
-0.156847
-0.120582
-0.084191
-0.031314
0.002358
0.010888
0.022543
0.036806
0.049746
0.069529
0.078866
0.074407
0.076932
0.047692
-0.024076
-0.075198
-0.099097
-0.135583
-0.149207
-0.166846
-0.198793
-0.209814
-0.212324
-0.242185
-0.267298
-0.276163
-0.270464
-0.247859
-0.225324
-0.207592
-0.189714
-0.164025
-0.127909
-0.080637
-0.036669
0.003419
0.023121
0.025186
0.026369
0.043157
0.067621
0.082809
0.088033
0.069235
0.028597
-0.014038
-0.038222
-0.081800
-0.145785
-0.183166
-0.183428
-0.179993
-0.189608
-0.221557
-0.267269
-0.281670
-0.266555
-0.255064
-0.252184
-0.242060
-0.225973
-0.193070
-0.149833
-0.110523
-0.067093
-0.022797
-0.002959
0.007742
0.016120
0.028338
0.051405
0.076480
0.079091
0.082458
0.074682
0.034234
-0.013357
-0.047621
-0.099733
-0.147648
-0.160433
-0.165473
-0.172032
-0.192216
-0.220856
-0.257427
-0.265168
-0.258266
-0.249992
-0.239684
-0.216584
-0.200004
-0.181281
-0.157001
-0.132339
-0.088503
-0.030308
0.008022
0.020094
0.026599
0.034001
0.048022
0.067655
0.072580
0.062230
0.062899
0.051946
0.004432
-0.034993
-0.070547
-0.114138
-0.149707
-0.163056
-0.184356
-0.208112
-0.216535
-0.224093
-0.243321
-0.253269
-0.259154
-0.258507
-0.231737
-0.199875
-0.182759
-0.164998
-0.130434
-0.087997
-0.042665
-0.006934
0.015890
0.039036
0.055887
0.058736
0.055138
0.051433
0.060862
0.085560
0.077678
0.030852
-0.027848
-0.080625
-0.126514
-0.149297
-0.152885
-0.169465
-0.190308
-0.199419
-0.215608
-0.239318
-0.249959
-0.252799
-0.247665
-0.227711
-0.204359
-0.175864
-0.145702
-0.113321
-0.084576
-0.052598
-0.016137
0.014622
0.028063
0.041277
0.060398
0.082493
0.086930
0.079059
0.070667
0.046604
-0.001104
-0.035790
-0.060127
-0.088163
-0.116099
-0.148130
-0.174288
-0.193576
-0.195036
-0.222237
-0.245105
-0.253046
-0.242276
-0.232554
-0.214222
-0.208393
-0.190407
-0.159248
-0.120567
-0.088293
-0.044795
-0.007347
0.011064
0.017301
0.031750
0.034503
0.049597
0.076614
0.086505
0.087498
0.075128
0.017622
-0.022083
-0.043779
-0.085777
-0.122065
-0.145411
-0.177236
-0.192951
-0.188459
-0.198481
-0.217760
-0.230769
-0.235394
-0.236776
-0.226321
-0.216832
-0.202574
-0.172681
-0.131618
-0.091880
-0.049326
-0.012655
0.007094
0.013132
0.032188
0.047722
0.058755
0.072466
0.080553
0.078548
0.070983
0.038760
-0.006691
-0.030901
-0.065154
-0.108434
-0.142547
-0.172063
-0.197921
-0.196169
-0.196532
-0.212864
-0.231792
-0.250699
-0.260006
-0.240226
-0.217324
-0.196545
-0.171897
-0.135197
-0.098756
-0.057072
-0.022690
0.000650
0.013825
0.037198
0.049889
0.056195
0.071121
0.083796
0.088840
0.080307
0.042870
-0.004548
-0.042429
-0.077096
-0.116586
-0.145899
-0.169621
-0.177412
-0.183623
-0.196106
-0.221200
-0.241062
-0.252009
-0.245999
-0.234096
-0.215810
-0.197957
-0.175196
-0.147370
-0.111671
-0.073103
-0.032014
-0.007106
0.010892
0.018709
0.027308
0.054816
0.077254
0.074110
0.077189
0.070378
0.037000
0.002176
-0.031138
-0.076246
-0.111012
-0.135747
-0.158663
-0.171810
-0.182710
-0.202381
-0.218694
-0.234183
-0.254483
-0.256939
-0.243545
-0.221743
-0.199060
-0.174074
-0.149409
-0.119638
-0.087316
-0.045523
-0.013781
0.007896
0.021465
0.040242
0.057984
0.075119
0.074945
0.066734
0.065289
0.058543
0.010363
-0.044751
-0.083272
-0.116094
-0.132411
-0.143272
-0.169002
-0.194721
-0.212299
-0.231550
-0.245757
-0.247519
-0.254806
-0.252874
-0.234382
-0.202700
-0.177062
-0.155578
-0.133472
-0.098170
-0.049391
-0.000745
0.012779
0.013450
0.024069
0.033905
0.048706
0.071535
0.083317
0.072520
0.046179
-0.001145
-0.043064
-0.073982
-0.103430
-0.135920
-0.164701
-0.176038
-0.181433
-0.194683
-0.215139
-0.239752
-0.258637
-0.260010
-0.247573
-0.224173
-0.199126
-0.179927
-0.164181
-0.144649
-0.113144
-0.063119
-0.023405
-0.002763
0.012553
0.029315
0.039150
0.054190
0.061974
0.045482
0.046774
0.055840
0.018123
-0.022322
-0.047659
-0.091377
-0.133495
-0.148709
-0.173522
-0.190879
-0.194991
-0.209085
-0.238710
-0.246617
-0.250421
-0.245775
-0.230437
-0.214931
-0.205805
-0.184153
-0.152865
-0.117932
-0.078052
-0.041908
-0.020197
0.003891
0.022769
0.020183
0.025692
0.047648
0.061273
0.072265
0.065246
0.017767
-0.029991
-0.051139
-0.081435
-0.110344
-0.133365
-0.161064
-0.177754
-0.181833
-0.202229
-0.240505
-0.263139
-0.263332
-0.250757
-0.231879
-0.215349
-0.213679
-0.197940
-0.167053
-0.137650
-0.108199
-0.060997
-0.017424
0.011421
0.020055
0.015782
0.019106
0.043910
0.068158
0.071445
0.067622
0.050038
0.003108
-0.035118
-0.068571
-0.121444
-0.154518
-0.160885
-0.168470
-0.176416
-0.188678
-0.225358
-0.253385
-0.255323
-0.254906
-0.250268
-0.233984
-0.216058
-0.195376
-0.158845
-0.131110
-0.110886
-0.069142
-0.022250
0.000169
0.011059
0.014115
0.023536
0.045525
0.063180
0.063841
0.057463
0.045938
0.021545
-0.009646
-0.035642
-0.087789
-0.141513
-0.166742
-0.177416
-0.180149
-0.175112
-0.201182
-0.236133
-0.248205
-0.247941
-0.241856
-0.228035
-0.220040
-0.205041
-0.169978
-0.135522
-0.103850
-0.077656
-0.046089
-0.013157
0.013745
0.022795
0.030420
0.042568
0.063958
0.065095
0.057081
0.051679
0.044632
0.008591
-0.027950
-0.074145
-0.120618
-0.144312
-0.154812
-0.170013
-0.177049
-0.187785
-0.216355
-0.237044
-0.241843
-0.238979
-0.228463
-0.213370
-0.198699
-0.179987
-0.150709
-0.119264
-0.086601
-0.048547
-0.016190
0.004400
0.015751
0.023464
0.032251
0.052564
0.065881
0.076889
0.082214
0.059214
0.003007
-0.035309
-0.053548
-0.083391
-0.111365
-0.129637
-0.154751
-0.170950
-0.175308
-0.205415
-0.234080
-0.241736
-0.239534
-0.221044
-0.198129
-0.193029
-0.185415
-0.167859
-0.142848
-0.110046
-0.069862
-0.025093
0.010624
0.021914
0.021738
0.023306
0.033570
0.059667
0.079237
0.070047
0.055493
0.033284
0.003392
-0.020818
-0.073453
-0.134298
-0.145529
-0.137589
-0.149336
-0.166269
-0.205506
-0.234948
-0.233328
-0.226786
-0.234173
-0.226790
-0.210475
-0.185606
-0.162456
-0.144147
-0.124887
-0.091242
-0.047628
-0.006212
0.012908
0.023432
0.042174
0.053483
0.050402
0.050451
0.063613
0.069441
0.063971
0.022074
-0.026925
-0.068283
-0.102791
-0.121516
-0.137601
-0.154829
-0.166072
-0.183698
-0.211193
-0.234389
-0.243860
-0.241943
-0.235107
-0.221816
-0.206090
-0.183552
-0.162396
-0.142762
-0.117253
-0.072541
-0.027854
-0.004026
0.009755
0.022452
0.026141
0.048382
0.062795
0.062155
0.066361
0.060283
0.024894
-0.011947
-0.043516
-0.089625
-0.121094
-0.142601
-0.157365
-0.169217
-0.184977
-0.214599
-0.241537
-0.251512
-0.247336
-0.236176
-0.222771
-0.213990
-0.207253
-0.182889
-0.154796
-0.124700
-0.087662
-0.039204
-0.013545
0.003759
0.010551
0.016023
0.029960
0.055594
0.055422
0.052934
0.049567
0.034618
-0.004034
-0.032460
-0.072420
-0.115392
-0.145168
-0.156017
-0.172619
-0.181205
-0.201165
-0.226377
-0.244245
-0.241747
-0.237769
-0.234198
-0.226088
-0.213793
-0.198593
-0.172217
-0.142507
-0.106736
-0.058888
-0.019133
-0.000516
0.001253
0.002020
0.012418
0.041359
0.063144
0.069313
0.067585
0.054539
0.016829
-0.022438
-0.060115
-0.105103
-0.143078
-0.151054
-0.142301
-0.159436
-0.192093
-0.233097
-0.264148
-0.272303
-0.252504
-0.238835
-0.225921
-0.218910
-0.211106
-0.198580
-0.162391
-0.119650
-0.074873
-0.037675
-0.009459
-0.000192
0.021134
0.039438
0.047315
0.048647
0.060658
0.064091
0.060928
0.036608
0.000774
-0.038007
-0.090626
-0.139318
-0.166284
-0.169561
-0.171920
-0.180193
-0.217549
-0.247558
-0.256333
-0.248978
-0.254393
-0.250181
-0.238292
-0.207621
-0.173729
-0.146539
-0.129944
-0.087199
-0.039380
-0.009854
-0.004133
0.001895
0.020247
0.049400
0.074004
0.072783
0.057095
0.041985
0.022800
-0.002327
-0.031590
-0.080460
-0.129758
-0.152358
-0.168999
-0.172831
-0.172789
-0.197932
-0.232386
-0.250112
-0.267644
-0.268394
-0.245773
-0.221156
-0.200306
-0.176120
-0.156636
-0.135453
-0.091172
-0.038338
-0.011679
-0.000462
0.012299
0.024105
0.042948
0.065946
0.064680
0.065076
0.084406
0.060427
-0.010348
-0.054960
-0.092822
-0.133443
-0.130595
-0.139550
-0.180309
-0.196809
-0.206507
-0.234296
-0.244967
-0.252253
-0.265259
-0.252562
-0.215894
-0.194016
-0.181546
-0.163448
-0.136652
-0.092873
-0.034444
-0.001723
0.006470
0.013911
0.026277
0.041206
0.069165
0.085559
0.080616
0.071134
0.046895
-0.000296
-0.036025
-0.068807
-0.108090
-0.134348
-0.156410
-0.173807
-0.186613
-0.196904
-0.229291
-0.263153
-0.273918
-0.254717
-0.232999
-0.217501
-0.215043
-0.202808
-0.168264
-0.114513
-0.070904
-0.037435
-0.018363
0.000445
0.022715
0.044630
0.052297
0.065620
0.078946
0.091697
0.087498
0.065117
0.009417
-0.043666
-0.082298
-0.119860
-0.140735
-0.142828
-0.157944
-0.182565
-0.204037
-0.242933
-0.261932
-0.262137
-0.255097
-0.245160
-0.217238
-0.201085
-0.183260
-0.157439
-0.118990
-0.081284
-0.033105
0.003149
0.016488
0.031011
0.057913
0.061054
0.066981
0.079685
0.077951
0.072753
0.055565
0.001651
-0.044419
-0.068811
-0.106834
-0.141253
-0.155881
-0.167297
-0.183234
-0.194255
-0.225270
-0.254678
-0.262368
-0.248682
-0.235812
-0.211911
-0.192532
-0.176678
-0.159443
-0.122612
-0.084812
-0.040978
-0.000727
0.014709
0.021382
0.040939
0.059307
0.081038
0.091130
0.077996
0.068941
0.049174
0.000505
-0.035162
-0.073154
-0.119929
-0.138459
-0.146737
-0.163406
-0.189413
-0.213017
-0.240863
-0.256784
-0.256628
-0.250789
-0.247027
-0.225368
-0.201937
-0.176503
-0.151625
-0.122934
-0.085992
-0.028803
0.009089
0.024701
0.032954
0.041125
0.049341
0.068083
0.081260
0.087285
0.086770
0.067783
0.012131
-0.054060
-0.112579
-0.142018
-0.149736
-0.147011
-0.157617
-0.183473
-0.218485
-0.246758
-0.269026
-0.273031
-0.257528
-0.238502
-0.219514
-0.202580
-0.182687
-0.159580
-0.118011
-0.070101
-0.025279
0.001889
0.010495
0.020132
0.036701
0.058370
0.077519
0.078195
0.072905
0.071317
0.052856
0.006974
-0.046613
-0.110174
-0.160685
-0.159675
-0.153898
-0.162146
-0.180898
-0.221737
-0.267786
-0.280205
-0.277074
-0.266714
-0.246314
-0.219808
-0.197935
-0.177236
-0.155189
-0.128379
-0.088655
-0.029667
0.014124
0.028306
0.033540
0.045454
0.056188
0.078895
0.084659
0.081362
0.077850
0.044925
-0.015284
-0.061250
-0.102515
-0.141614
-0.155780
-0.166750
-0.186821
-0.212676
-0.235839
-0.254196
-0.262481
-0.265910
-0.266596
-0.254420
-0.229189
-0.201221
-0.178492
-0.147359
-0.103492
-0.053666
-0.014783
0.005835
0.018075
0.028558
0.044625
0.064955
0.081478
0.083720
0.096421
0.096863
0.040524
-0.036598
-0.091705
-0.132071
-0.142499
-0.133296
-0.161570
-0.194710
-0.218650
-0.247414
-0.269203
-0.268806
-0.268770
-0.262492
-0.242914
-0.216072
-0.198958
-0.180653
-0.152257
-0.114572
-0.062877
-0.001562
0.026307
0.026010
0.030090
0.038101
0.058517
0.093210
0.104911
0.091805
0.058971
0.011069
-0.039128
-0.066855
-0.109667
-0.142437
-0.162546
-0.176637
-0.196624
-0.209957
-0.241743
-0.269375
-0.282662
-0.276238
-0.262362
-0.236882
-0.219514
-0.202014
-0.180126
-0.144927
-0.096079
-0.039392
0.004292
0.019783
0.024012
0.032948
0.051767
0.081067
0.109572
0.120289
0.100510
0.064389
0.004825
-0.039291
-0.068786
-0.111152
-0.155621
-0.157684
-0.166312
-0.192072
-0.217461
-0.253817
-0.284442
-0.278772
-0.262829
-0.253413
-0.236175
-0.222857
-0.201921
-0.165464
-0.123056
-0.080113
-0.030201
0.007953
0.030566
0.039432
0.044824
0.049099
0.072977
0.093245
0.105639
0.104389
0.072849
0.018413
-0.026861
-0.077155
-0.145092
-0.175218
-0.179809
-0.184073
-0.177903
-0.186313
-0.231084
-0.270288
-0.279918
-0.274395
-0.257592
-0.227762
-0.205235
-0.182233
-0.148407
-0.106508
-0.071330
-0.020986
0.022703
0.038923
0.041955
0.050828
0.069326
0.101398
0.116321
0.110875
0.087962
0.049267
-0.001633
-0.037187
-0.086999
-0.136215
-0.166656
-0.174534
-0.191057
-0.204540
-0.218447
-0.251379
-0.282112
-0.278985
-0.267620
-0.251528
-0.221423
-0.204530
-0.183205
-0.141120
-0.090441
-0.044026
0.001666
0.025486
0.041780
0.055093
0.069992
0.084006
0.109955
0.120795
0.129241
0.102182
0.029636
-0.026063
-0.058880
-0.120378
-0.145834
-0.163686
-0.187714
-0.188596
-0.190376
-0.240837
-0.288315
-0.310511
-0.301713
-0.261189
-0.221612
-0.209360
-0.197216
-0.166245
-0.126082
-0.079108
-0.029084
0.013270
0.042173
0.059955
0.073633
0.089673
0.104847
0.114696
0.118007
0.106847
0.073363
0.011693
-0.051961
-0.098816
-0.127617
-0.144133
-0.163689
-0.194001
-0.224651
-0.242717
-0.260617
-0.276737
-0.284761
-0.276128
-0.251951
-0.219432
-0.200679
-0.186189
-0.153310
-0.097110
-0.036705
0.012551
0.035719
0.046782
0.055240
0.060836
0.070105
0.099272
0.129512
0.129703
0.098617
0.036654
-0.034219
-0.083173
-0.114190
-0.138289
-0.151029
-0.176208
-0.209597
-0.222506
-0.239011
-0.261297
-0.280506
-0.274021
-0.257747
-0.228645
-0.210411
-0.196874
-0.185527
-0.139831
-0.076850
-0.015785
0.020486
0.041105
0.046460
0.061787
0.083109
0.110637
0.122736
0.128817
0.106810
0.060918
0.004287
-0.025284
-0.072125
-0.121720
-0.171972
-0.190819
-0.188928
-0.192754
-0.219535
-0.262562
-0.303628
-0.311348
-0.283159
-0.257791
-0.234474
-0.214594
-0.187575
-0.151902
-0.100890
-0.052040
0.001300
0.035249
0.057977
0.065994
0.064851
0.076943
0.106016
0.125411
0.138330
0.133130
0.054880
-0.034546
-0.079876
-0.129457
-0.161538
-0.170451
-0.194126
-0.216181
-0.210890
-0.239478
-0.278848
-0.294099
-0.290524
-0.276404
-0.239524
-0.220233
-0.207532
-0.173778
-0.122236
-0.071441
-0.016997
0.031028
0.055685
0.064836
0.076323
0.081544
0.089305
0.111832
0.131953
0.124956
0.075200
-0.004739
-0.068999
-0.115838
-0.144486
-0.168192
-0.190058
-0.208655
-0.222751
-0.243896
-0.263895
-0.295875
-0.311267
-0.291738
-0.257159
-0.225201
-0.204150
-0.185336
-0.145572
-0.085965
-0.030927
0.014519
0.036153
0.043813
0.064788
0.084330
0.096006
0.123421
0.134447
0.118090
0.068135
-0.000480
-0.050048
-0.079555
-0.124678
-0.165163
-0.191224
-0.204050
-0.214531
-0.224684
-0.263532
-0.298282
-0.307912
-0.295885
-0.276450
-0.248672
-0.226560
-0.194363
-0.151664
-0.103530
-0.053504
-0.003647
0.032125
0.046698
0.051955
0.069236
0.101454
0.126222
0.135449
0.123534
0.089437
0.024394
-0.027020
-0.066276
-0.125148
-0.182234
-0.207063
-0.216755
-0.217770
-0.223257
-0.251667
-0.289318
-0.312786
-0.317611
-0.301760
-0.272067
-0.237841
-0.197720
-0.159869
-0.118285
-0.067742
-0.016481
0.027040
0.051882
0.056401
0.056804
0.069475
0.099211
0.131479
0.147907
0.127165
0.042462
-0.043769
-0.080109
-0.112176
-0.161990
-0.196244
-0.223505
-0.227993
-0.213133
-0.233664
-0.280802
-0.316102
-0.331447
-0.317880
-0.271301
-0.238371
-0.206043
-0.174974
-0.139374
-0.092275
-0.030666
0.012193
0.042602
0.055938
0.072709
0.087948
0.117974
0.124891
0.126199
0.113001
0.056573
-0.019879
-0.053184
-0.104050
-0.168824
-0.208993
-0.225938
-0.234984
-0.222514
-0.240037
-0.283522
-0.321672
-0.334821
-0.324524
-0.287309
-0.248720
-0.219541
-0.191844
-0.146186
-0.085663
-0.025190
0.020962
0.041108
0.045387
0.062606
0.089831
0.116610
0.134895
0.134252
0.114245
0.054431
-0.022947
-0.069195
-0.108632
-0.155096
-0.200079
-0.230868
-0.243205
-0.243361
-0.260926
-0.288023
-0.308929
-0.316267
-0.313661
-0.292592
-0.262517
-0.226768
-0.181606
-0.136760
-0.088734
-0.037917
0.010609
0.041784
0.055213
0.070569
0.075135
0.077995
0.114091
0.144870
0.140689
0.082692
-0.010603
-0.086109
-0.127280
-0.158518
-0.192900
-0.202840
-0.209943
-0.225544
-0.244290
-0.273333
-0.310227
-0.326697
-0.319021
-0.291050
-0.250052
-0.217040
-0.189348
-0.156804
-0.103198
-0.041696
0.012069
0.039366
0.047435
0.061630
0.076109
0.106500
0.141520
0.149740
0.131817
0.073521
-0.013782
-0.063552
-0.093670
-0.142403
-0.190988
-0.213537
-0.224996
-0.222089
-0.232863
-0.273322
-0.318739
-0.335083
-0.326313
-0.292923
-0.249126
-0.212011
-0.181078
-0.145274
-0.099947
-0.044353
0.016334
0.057569
0.072850
0.085050
0.088861
0.099564
0.130132
0.147692
0.142886
0.108370
0.019652
-0.060476
-0.112667
-0.174008
-0.198405
-0.194777
-0.207641
-0.219775
-0.224262
-0.273916
-0.311430
-0.320033
-0.314815
-0.292853
-0.241994
-0.207107
-0.167732
-0.120967
-0.075671
-0.038796
0.013497
0.054823
0.074138
0.081029
0.090447
0.100481
0.130176
0.157862
0.149239
0.093962
0.009249
-0.056861
-0.097365
-0.142283
-0.182267
-0.205968
-0.208651
-0.202722
-0.214215
-0.259902
-0.300568
-0.317957
-0.305661
-0.277028
-0.238659
-0.205475
-0.162125
-0.123258
-0.085445
-0.037960
0.013660
0.048978
0.076359
0.094416
0.110379
0.123557
0.135352
0.134637
0.139860
0.108619
0.023997
-0.039695
-0.079822
-0.141135
-0.168622
-0.179748
-0.207811
-0.213424
-0.214053
-0.255526
-0.293771
-0.303629
-0.300913
-0.270023
-0.224849
-0.199385
-0.176732
-0.135985
-0.083746
-0.025165
0.026894
0.070339
0.083769
0.086935
0.087495
0.104456
0.123986
0.139900
0.145365
0.120414
0.047151
-0.028395
-0.094196
-0.152528
-0.177047
-0.178235
-0.186579
-0.203595
-0.222764
-0.255612
-0.274788
-0.283983
-0.287586
-0.274796
-0.231012
-0.189559
-0.154297
-0.127345
-0.096806
-0.046267
0.018833
0.065510
0.085885
0.094224
0.094967
0.101248
0.115709
0.143406
0.156296
0.117492
0.035673
-0.042814
-0.091199
-0.120914
-0.153368
-0.195149
-0.206577
-0.202630
-0.210652
-0.233522
-0.269814
-0.309324
-0.305094
-0.274136
-0.240408
-0.201375
-0.161238
-0.134288
-0.094320
-0.043811
0.005364
0.049737
0.085618
0.091765
0.088339
0.093858
0.118483
0.134824
0.150382
0.117021
0.025974
-0.043082
-0.072953
-0.129080
-0.177268
-0.199901
-0.212913
-0.199135
-0.186507
-0.226929
-0.286155
-0.312476
-0.309414
-0.277160
-0.234709
-0.198627
-0.170268
-0.135083
-0.099128
-0.058592
-0.014908
0.038645
0.077151
0.088040
0.083802
0.084115
0.098998
0.122006
0.137964
0.110470
0.027848
-0.051125
-0.086414
-0.114201
-0.142987
-0.172792
-0.202903
-0.218093
-0.220403
-0.246836
-0.281500
-0.299393
-0.292231
-0.269398
-0.233904
-0.209518
-0.188546
-0.159331
-0.114918
-0.061470
-0.007809
0.026718
0.051111
0.062063
0.068303
0.078566
0.095725
0.105639
0.118455
0.106806
0.056447
-0.006241
-0.069636
-0.137094
-0.174157
-0.188887
-0.189865
-0.183199
-0.190431
-0.225652
-0.267755
-0.301093
-0.309152
-0.284495
-0.244699
-0.209800
-0.186270
-0.165965
-0.138333
-0.091823
-0.037033
0.010261
0.035928
0.052885
0.056755
0.061078
0.070714
0.089824
0.110077
0.122099
0.077639
-0.000238
-0.056632
-0.094187
-0.145211
-0.177225
-0.191747
-0.198488
-0.197726
-0.211215
-0.256809
-0.290188
-0.291179
-0.281500
-0.266803
-0.241488
-0.214145
-0.183314
-0.148092
-0.118292
-0.083642
-0.033212
0.015041
0.037214
0.046159
0.054787
0.054577
0.066621
0.085603
0.092049
0.086635
0.051023
-0.016368
-0.062210
-0.107354
-0.164278
-0.196117
-0.206008
-0.219511
-0.215187
-0.224337
-0.256282
-0.278661
-0.288673
-0.286866
-0.262050
-0.227390
-0.204528
-0.176746
-0.142203
-0.100977
-0.058020
-0.008964
0.024266
0.041449
0.044551
0.045004
0.056182
0.087485
0.094824
0.078776
0.050214
0.005177
-0.045283
-0.076192
-0.131368
-0.185664
-0.205414
-0.191887
-0.194080
-0.208251
-0.245096
-0.281065
-0.294885
-0.279817
-0.261577
-0.238345
-0.212075
-0.188406
-0.165578
-0.131372
-0.086303
-0.042261
-0.008410
0.009294
0.020920
0.038941
0.061731
0.085448
0.089448
0.068960
0.058492
0.036982
-0.015856
-0.056557
-0.088992
-0.137019
-0.168046
-0.180392
-0.193594
-0.209851
-0.221852
-0.253920
-0.279798
-0.285931
-0.270780
-0.254491
-0.229934
-0.210820
-0.190182
-0.163814
-0.120283
-0.070211
-0.024749
0.010466
0.030913
0.032183
0.033604
0.040286
0.068037
0.092283
0.095015
0.081318
0.036631
-0.028481
-0.070911
-0.107900
-0.157794
-0.186714
-0.185687
-0.181772
-0.184162
-0.201458
-0.250234
-0.289683
-0.295117
-0.276692
-0.242889
-0.201658
-0.181141
-0.169877
-0.147924
-0.104613
-0.056132
-0.009864
0.018457
0.036962
0.049068
0.055832
0.060557
0.077312
0.083228
0.085406
0.085364
0.045538
-0.021506
-0.076244
-0.129140
-0.166640
-0.162996
-0.156204
-0.181545
-0.201041
-0.223587
-0.257303
-0.274162
-0.268019
-0.258539
-0.230379
-0.199308
-0.182224
-0.162961
-0.131091
-0.094304
-0.049273
0.002249
0.042139
0.055733
0.053750
0.053751
0.060940
0.079543
0.092290
0.097965
0.083860
0.035548
-0.024007
-0.071651
-0.122502
-0.153794
-0.161046
-0.162721
-0.176151
-0.186895
-0.215656
-0.248428
-0.263745
-0.259137
-0.247763
-0.218417
-0.190823
-0.171582
-0.149512
-0.118228
-0.080948
-0.034333
0.005186
0.031017
0.043730
0.051773
0.065583
0.085679
0.099398
0.092269
0.085875
0.061391
0.015014
-0.030363
-0.066727
-0.115189
-0.144746
-0.155832
-0.162596
-0.170662
-0.190099
-0.231828
-0.256823
-0.263714
-0.255154
-0.235859
-0.207541
-0.184676
-0.163488
-0.143144
-0.117821
-0.079344
-0.029241
0.013107
0.029283
0.040256
0.057252
0.063929
0.072131
0.089917
0.095466
0.097159
0.070494
-0.001613
-0.055648
-0.075868
-0.114364
-0.133178
-0.142019
-0.163497
-0.187191
-0.204421
-0.233876
-0.247015
-0.240854
-0.235011
-0.235462
-0.224004
-0.203522
-0.174639
-0.139886
-0.102186
-0.068535
-0.030650
0.005489
0.028411
0.039028
0.042448
0.056447
0.083503
0.098095
0.090711
0.085875
0.054373
0.009335
-0.024909
-0.066240
-0.122832
-0.151600
-0.160602
-0.168446
-0.174919
-0.194093
-0.235389
-0.261051
-0.260879
-0.253776
-0.243861
-0.225899
-0.208846
-0.184847
-0.153634
-0.118508
-0.078558
-0.034121
-0.005112
0.012923
0.027066
0.043923
0.059655
0.074713
0.075547
0.078892
0.086851
0.070103
0.010405
-0.043050
-0.092356
-0.135293
-0.151480
-0.153408
-0.167312
-0.182864
-0.208215
-0.243783
-0.263036
-0.266243
-0.260626
-0.248648
-0.225062
-0.205253
-0.180119
-0.155386
-0.125156
-0.087906
-0.034563
0.006636
0.022246
0.025960
0.034773
0.040642
0.061030
0.082493
0.073882
0.062567
0.049394
0.006146
-0.039150
-0.086322
-0.147784
-0.181687
-0.178524
-0.177393
-0.180226
-0.203905
-0.250449
-0.276878
-0.276663
-0.274352
-0.254492
-0.227302
-0.201768
-0.181380
-0.164117
-0.145936
-0.101140
-0.039742
0.001150
0.013962
0.021274
0.028289
0.038256
0.055664
0.069033
0.070606
0.070193
0.047484
-0.016373
-0.071436
-0.099309
-0.143092
-0.168215
-0.165288
-0.180932
-0.206281
-0.222554
-0.256077
-0.277589
-0.275724
-0.272527
-0.260389
-0.228296
-0.202828
-0.188986
-0.172339
-0.143836
-0.105120
-0.049265
-0.000083
0.015378
0.018405
0.024105
0.027605
0.043495
0.061187
0.069373
0.066670
0.038926
-0.012662
-0.062639
-0.105952
-0.138287
-0.164505
-0.178281
-0.187011
-0.206885
-0.229420
-0.252374
-0.273477
-0.278995
-0.265850
-0.252629
-0.231729
-0.210623
-0.192955
-0.170166
-0.133724
-0.093064
-0.042974
-0.001857
0.020058
0.019954
0.019486
0.024297
0.055443
0.086915
0.081338
0.055102
0.011180
-0.045734
-0.073138
-0.098012
-0.141606
-0.172186
-0.177387
-0.182523
-0.198544
-0.233348
-0.272630
-0.293067
-0.281927
-0.260568
-0.243500
-0.229839
-0.211520
-0.192123
-0.164570
-0.128234
-0.086871
-0.044101
-0.009108
0.008371
0.021404
0.041666
0.050939
0.054186
0.066274
0.071209
0.063550
0.035748
-0.020212
-0.065548
-0.104103
-0.142607
-0.162229
-0.176746
-0.190497
-0.207144
-0.226567
-0.250575
-0.266343
-0.277567
-0.268662
-0.250083
-0.226425
-0.206543
-0.186650
-0.162255
-0.118604
-0.067862
-0.023396
0.004620
0.017194
0.029212
0.045327
0.065743
0.082810
0.081496
0.066400
0.061497
0.035451
-0.006174
-0.043012
-0.104764
-0.166040
-0.173930
-0.169716
-0.190413
-0.206407
-0.227330
-0.257178
-0.274343
-0.271198
-0.265175
-0.244706
-0.216495
-0.195197
-0.177965
-0.141709
-0.098230
-0.057960
-0.016878
0.016304
0.030909
0.043089
0.059692
0.072138
0.086944
0.100338
0.094049
0.063571
0.003489
-0.055233
-0.073656
-0.090071
-0.122439
-0.158733
-0.188762
-0.204796
-0.211202
-0.232675
-0.266592
-0.276877
-0.264017
-0.241020
-0.223997
-0.209148
-0.194972
-0.160701
-0.119084
-0.080376
-0.040606
0.000023
0.030745
0.049899
0.058514
0.061523
0.074938
0.098966
0.109639
0.097531
0.073404
0.010946
-0.046574
-0.087315
-0.130536
-0.165985
-0.159429
-0.163536
-0.175151
-0.201840
-0.240485
-0.274865
-0.279190
-0.272887
-0.250188
-0.214097
-0.182300
-0.161985
-0.142110
-0.116387
-0.073379
-0.021582
0.024299
0.048488
0.056988
0.064805
0.074187
0.089207
0.105155
0.107335
0.094672
0.058578
-0.005017
-0.045695
-0.081023
-0.124406
-0.155204
-0.165399
-0.179318
-0.190334
-0.205586
-0.233677
-0.261719
-0.270190
-0.262383
-0.236967
-0.200759
-0.173791
-0.162176
-0.146324
-0.110687
-0.054428
0.008597
0.044153
0.048635
0.052456
0.075889
0.093280
0.106815
0.104260
0.095574
0.087499
0.056281
-0.011141
-0.071769
-0.119623
-0.140876
-0.147019
-0.153338
-0.173477
-0.197252
-0.226914
-0.258939
-0.281959
-0.283020
-0.251366
-0.212446
-0.183555
-0.169109
-0.152020
-0.123516
-0.073436
-0.026165
0.012364
0.033783
0.055840
0.079068
0.091341
0.096974
0.107067
0.101019
0.102094
0.083192
0.019168
-0.042693
-0.092004
-0.135843
-0.151781
-0.153738
-0.168071
-0.183567
-0.201800
-0.237958
-0.265981
-0.276477
-0.261313
-0.234079
-0.203878
-0.184560
-0.164182
-0.141281
-0.098860
-0.054728
-0.010483
0.027461
0.055593
0.058339
0.062712
0.068748
0.085032
0.097776
0.106080
0.101683
0.064944
-0.001497
-0.061305
-0.113994
-0.138161
-0.144480
-0.156361
-0.173458
-0.186960
-0.209105
-0.234560
-0.258368
-0.273639
-0.267413
-0.240801
-0.205144
-0.177483
-0.152133
-0.130249
-0.100589
-0.057488
-0.007390
0.026198
0.048758
0.058730
0.061050
0.067757
0.090408
0.107634
0.113716
0.092377
0.033773
-0.025454
-0.065226
-0.117422
-0.155086
-0.164796
-0.162461
-0.171392
-0.193057
-0.235315
-0.273286
-0.290119
-0.279344
-0.258788
-0.234157
-0.207682
-0.178934
-0.152917
-0.123266
-0.088226
-0.043054
0.004940
0.038049
0.054947
0.057055
0.060527
0.073218
0.092192
0.093254
0.091025
0.067113
0.011852
-0.036992
-0.080682
-0.133765
-0.170829
-0.185174
-0.189663
-0.192103
-0.207273
-0.240672
-0.271414
-0.284518
-0.279380
-0.257099
-0.223866
-0.197239
-0.171844
-0.147638
-0.115071
-0.073157
-0.022035
0.014991
0.032146
0.036968
0.054363
0.066244
0.083745
0.089765
0.086202
0.075749
0.048229
-0.002156
-0.053899
-0.102234
-0.146499
-0.173171
-0.176844
-0.179407
-0.199344
-0.218891
-0.245449
-0.269055
-0.279015
-0.272333
-0.259616
-0.225814
-0.190760
-0.162225
-0.140795
-0.109887
-0.069949
-0.012593
0.017779
0.029753
0.032196
0.044470
0.063799
0.090153
0.102294
0.089719
0.068341
0.035395
-0.012769
-0.065901
-0.119135
-0.161440
-0.180717
-0.177722
-0.181679
-0.201138
-0.229332
-0.263678
-0.289087
-0.288111
-0.270369
-0.247596
-0.216109
-0.182446
-0.155154
-0.132597
-0.103641
-0.063218
-0.020310
0.018376
0.046249
0.061073
0.069315
0.073626
0.082943
0.087158
0.087074
0.060672
0.007285
-0.046945
-0.077261
-0.111163
-0.143263
-0.161637
-0.178843
-0.205284
-0.228115
-0.259591
-0.286613
-0.282123
-0.258252
-0.245204
-0.235533
-0.221519
-0.198078
-0.164335
-0.127422
-0.092643
-0.048905
