-0.061015
-0.084495
-0.117790
-0.098067
-0.031164
0.022377
0.134982
0.198258
0.275329
0.325763
0.360674
0.245097
0.033580
-0.164584
-0.248490
-0.151093
-0.014285
0.090801
0.125837
0.079383
0.023754
-0.071066
-0.186855
-0.237536
-0.251445
-0.158458
-0.078711
-0.020330
-0.007176
-0.041994
-0.068331
-0.089071
-0.096903
-0.050889
-0.003307
0.088802
0.153737
0.222641
0.293002
0.339912
0.339717
0.166295
-0.050918
-0.214113
-0.229452
-0.082234
0.039519
0.119684
0.118380
0.039669
-0.019746
-0.132342
-0.216628
-0.242256
-0.226509
-0.117111
-0.043822
0.004991
0.004234
-0.054139
-0.080370
-0.100158
-0.078476
-0.008458
0.050783
0.129761
0.187720
0.256786
0.321191
0.366501
0.262674
0.049178
-0.167560
-0.257637
-0.150003
-0.004323
0.109081
0.138511
0.078055
0.012543
-0.080752
-0.185528
-0.239783
-0.250327
-0.159109
-0.064073
-0.002298
0.003472
-0.043992
-0.081415
-0.097972
-0.097063
-0.038666
0.026514
0.113915
0.184628
0.248937
0.315594
0.377104
0.314692
0.099229
-0.125420
-0.270149
-0.178424
-0.039039
0.091473
0.135186
0.100297
0.048631
-0.035031
-0.162573
-0.240071
-0.273624
-0.184342
-0.077080
-0.007734
0.013089
-0.028476
-0.061409
-0.084616
-0.097215
-0.065792
-0.021696
0.061850
0.146311
0.225689
0.302124
0.353285
0.372048
0.181583
-0.027804
-0.209330
-0.235654
-0.095631
0.014825
0.112143
0.133664
0.071935
0.022436
-0.115787
-0.215793
-0.250240
-0.233596
-0.116067
-0.052061
-0.007345
-0.006791
-0.050609
-0.065489
-0.087758
-0.077571
-0.021251
0.034724
0.119084
0.180147
0.240707
0.311780
0.362793
0.283576
0.074124
-0.128308
-0.251541
-0.170586
-0.030227
0.087822
0.139254
0.092648
0.027335
-0.063174
-0.179425
-0.232114
-0.251967
-0.167120
-0.069249
-0.011310
0.002930
-0.037501
-0.073066
-0.086449
-0.091891
-0.048716
0.008503
0.095339
0.168938
0.233282
0.299317
0.369028
0.339602
0.137725
-0.082257
-0.253909
-0.214287
-0.063056
0.076224
0.149924
0.113932
0.040240
-0.031896
-0.151916
-0.220852
-0.260185
-0.200518
-0.092624
-0.016798
0.019118
-0.020705
-0.073647
-0.101620
-0.107476
-0.066535
-0.015658
0.050631
0.124814
0.192992
0.263115
0.318507
0.379081
0.267719
0.050344
-0.151563
-0.266939
-0.160673
-0.022213
0.102490
0.150817
0.085459
0.025694
-0.076467
-0.187334
-0.238915
-0.256285
-0.164521
-0.072427
-0.008457
0.010617
-0.036035
-0.072937
-0.096262
-0.103927
-0.055080
0.008752
0.096407
0.180534
0.249969
0.302739
0.375502
0.324896
0.107153
-0.096864
-0.266349
-0.191999
-0.050130
0.080736
0.135797
0.097596
0.043070
-0.029578
-0.156079
-0.229267
-0.269271
-0.198462
-0.094589
-0.021920
0.009359
-0.025713
-0.066628
-0.086795
-0.098176
-0.063646
-0.018321
0.053025
0.129103
0.208597
0.280964
0.357188
0.378318
0.204802
-0.016269
-0.216753
-0.251201
-0.107670
0.024480
0.129631
0.123332
0.063873
-0.000057
-0.101306
-0.200994
-0.252767
-0.245479
-0.134619
-0.047846
0.009730
-0.008923
-0.058384
-0.091241
-0.100888
-0.088463
-0.039904
0.015349
0.097251
0.161164
0.246614
0.314236
0.394052
0.313250
0.089506
-0.118277
-0.264574
-0.192250
-0.058099
0.061071
0.133028
0.113831
0.056263
-0.036912
-0.182079
-0.239367
-0.269273
-0.184150
-0.092100
-0.029669
-0.000639
-0.031677
-0.061402
-0.084448
-0.105393
-0.072924
-0.025185
0.049281
0.137009
0.209020
0.279760
0.358622
0.372082
0.199534
-0.022843
-0.224425
-0.251953
-0.109933
0.024323
0.132011
0.124881
0.060209
-0.010015
-0.125386
-0.212979
-0.250493
-0.231321
-0.124052
-0.059338
0.000401
-0.016281
-0.052610
-0.084210
-0.105575
-0.097162
-0.044530
0.016231
0.116173
0.183572
0.265481
0.323525
0.407259
0.267316
0.039775
-0.170975
-0.281737
-0.153332
-0.022393
0.101277
0.144758
0.090116
0.038216
-0.077527
-0.200713
-0.257125
-0.270145
-0.155932
-0.059757
-0.004386
0.000290
-0.059538
-0.080337
-0.097560
-0.093037
-0.048227
0.002036
0.082130
0.149341
0.211813
0.280541
0.365450
0.361562
0.152851
-0.059673
-0.252995
-0.222844
-0.075550
0.042149
0.141080
0.104852
0.049596
-0.022748
-0.147981
-0.218391
-0.262255
-0.212337
-0.102499
-0.040833
0.009360
-0.026486
-0.059378
-0.088828
-0.114476
-0.086486
-0.029050
0.051641
0.149417
0.206195
0.265297
0.325408
0.393438
0.230912
0.004274
-0.201552
-0.269765
-0.121566
0.022560
0.126977
0.148296
0.069649
0.004623
-0.106346
-0.217689
-0.253679
-0.245930
-0.136940
-0.048083
-0.001700
-0.000741
-0.053224
-0.087120
-0.109765
-0.110097
-0.045934
0.021241
0.110583
0.184016
0.255742
0.343971
0.414918
0.284052
0.044593
-0.174454
-0.268929
-0.154079
-0.008462
0.097989
0.135950
0.086029
0.034928
-0.056781
-0.183894
-0.245472
-0.265596
-0.173202
-0.074962
-0.008505
0.009937
-0.026292
-0.064972
-0.084661
-0.102940
-0.063339
-0.009015
0.084552
0.162904
0.249635
0.320870
0.409932
0.339507
0.099400
-0.127303
-0.273973
-0.205914
-0.040344
0.084326
0.152002
0.119189
0.042226
-0.039132
-0.175940
-0.234129
-0.262493
-0.191306
-0.080903
-0.017427
0.018208
-0.021679
-0.071847
-0.092726
-0.102212
-0.052222
-0.001490
0.071251
0.145292
0.213643
0.291471
0.392672
0.380408
0.173037
-0.073173
-0.257056
-0.231341
-0.086869
0.059839
0.127660
0.119850
0.063469
-0.013956
-0.134845
-0.220643
-0.261209
-0.205897
-0.108946
-0.029452
0.007860
-0.011365
-0.054211
-0.080523
-0.091966
-0.065705
-0.019252
0.048752
0.121896
0.201717
0.279955
0.383631
0.411850
0.197262
-0.026691
-0.247780
-0.253539
-0.111606
0.018439
0.130401
0.125048
0.089860
0.028891
-0.109358
-0.216885
-0.280802
-0.250703
-0.123968
-0.040458
0.023296
0.000457
-0.045132
-0.068811
-0.095882
-0.073900
-0.023580
0.035358
0.129542
0.197079
0.276301
0.366207
0.389311
0.211882
-0.017775
-0.215989
-0.250050
-0.123780
0.018101
0.108293
0.125877
0.073615
0.019990
-0.086197
-0.203782
-0.256666
-0.248469
-0.141937
-0.050067
0.003720
-0.000397
-0.041541
-0.065614
-0.085209
-0.090708
-0.041778
0.017402
0.118485
0.193149
0.264961
0.339517
0.400032
0.241774
0.027916
-0.193432
-0.277503
-0.150317
-0.012440
0.116701
0.140429
0.086171
0.029608
-0.085227
-0.196742
-0.258993
-0.269440
-0.152789
-0.061310
0.013547
0.011549
-0.039626
-0.071998
-0.092873
-0.088919
-0.040465
0.009013
0.106184
0.170844
0.251259
0.340079
0.403087
0.278866
0.046540
-0.191142
-0.279409
-0.173910
-0.028302
0.098831
0.127640
0.098043
0.041209
-0.052751
-0.183168
-0.258966
-0.282928
-0.181045
-0.080848
0.004005
0.014972
-0.026834
-0.061069
-0.088276
-0.098571
-0.060636
-0.006148
0.087451
0.165368
0.249829
0.307020
0.396686
0.312306
0.082652
-0.122300
-0.289336
-0.211909
-0.063157
0.060223
0.148808
0.108116
0.052368
-0.034834
-0.181591
-0.246075
-0.286811
-0.205220
-0.086653
-0.018393
0.026065
-0.021644
-0.066897
-0.081398
-0.105914
-0.062745
-0.019639
0.063181
0.164511
0.236481
0.310663
0.383861
0.332380
0.121614
-0.103737
-0.266624
-0.237362
-0.085333
0.038556
0.136363
0.121850
0.060736
-0.019666
-0.155656
-0.236954
-0.274738
-0.222091
-0.100643
-0.031035
0.016985
-0.021065
-0.062635
-0.081010
-0.098954
-0.065626
-0.013857
0.053272
0.136685
0.205360
0.280887
0.359069
0.380031
0.183662
-0.032134
-0.255974
-0.257316
-0.124158
0.013517
0.121013
0.117458
0.071558
0.014548
-0.115666
-0.219101
-0.283514
-0.252418
-0.123938
-0.037692
0.021960
-0.003699
-0.052585
-0.074895
-0.102895
-0.087208
-0.051148
0.024350
0.127805
0.199736
0.274732
0.337593
0.388533
0.252573
0.025163
-0.188169
-0.288986
-0.166145
-0.017965
0.100659
0.135932
0.081891
0.027262
-0.075378
-0.190469
-0.255774
-0.269933
-0.170028
-0.070540
0.002258
0.013329
-0.033412
-0.064805
-0.099076
-0.102127
-0.062514
0.001646
0.098136
0.179532
0.253588
0.319498
0.412754
0.325862
0.099818
-0.145664
-0.310716
-0.219353
-0.061166
0.090874
0.155777
0.108704
0.046281
-0.051259
-0.171773
-0.245734
-0.282755
-0.197638
-0.088933
0.000276
0.032100
-0.019299
-0.068467
-0.102447
-0.105746
-0.060064
-0.007181
0.080979
0.161189
0.242739
0.300615
0.379177
0.359121
0.121211
-0.077186
-0.267227
-0.220094
-0.068998
0.039691
0.125880
0.104900
0.051170
0.007569
-0.132586
-0.214443
-0.274348
-0.232981
-0.105204
-0.030167
0.024952
-0.007754
-0.066491
-0.079947
-0.100709
-0.064533
-0.015649
0.048291
0.134439
0.210102
0.285800
0.360156
0.403932
0.217401
-0.000204
-0.228593
-0.277939
-0.140868
0.003051
0.133120
0.151688
0.076739
0.014540
-0.110990
-0.201116
-0.252506
-0.251831
-0.139319
-0.053503
0.016739
0.013283
-0.047707
-0.073259
-0.092147
-0.075862
-0.023307
0.020041
0.109226
0.172308
0.255942
0.337427
0.414742
0.305429
0.064290
-0.155428
-0.283205
-0.180571
-0.038052
0.087835
0.140821
0.099849
0.044440
-0.049593
-0.174339
-0.238315
-0.267900
-0.176146
-0.074846
0.000426
0.016954
-0.029823
-0.062964
-0.085133
-0.092813
-0.055047
-0.011145
0.081241
0.150280
0.231184
0.300986
0.386098
0.391030
0.173625
-0.064606
-0.265453
-0.244929
-0.086411
0.051726
0.131299
0.129296
0.061112
0.006680
-0.121223
-0.221626
-0.264037
-0.236965
-0.117331
-0.030238
0.018130
0.007622
-0.043542
-0.069685
-0.093246
-0.078808
-0.031825
0.029916
0.113802
0.197034
0.276479
0.352067
0.396068
0.248956
0.017260
-0.186163
-0.265279
-0.134530
-0.000159
0.107168
0.128871
0.072169
0.025900
-0.068331
-0.176197
-0.234595
-0.255120
-0.161797
-0.071772
-0.005901
0.006365
-0.036931
-0.067007
-0.082342
-0.081391
-0.049613
-0.002937
0.072513
0.154455
0.237426
0.306580
0.385718
0.341420
0.130126
-0.078039
-0.247005
-0.208364
-0.075910
0.048581
0.125432
0.120487
0.062920
-0.012155
-0.137922
-0.229023
-0.259373
-0.208864
-0.104485
-0.025631
0.008560
-0.007765
-0.051690
-0.081705
-0.097338
-0.080711
-0.029727
0.044408
0.122934
0.185212
0.242832
0.306763
0.373213
0.266716
0.054265
-0.141891
-0.241194
-0.136928
-0.007943
0.079570
0.104200
0.051673
0.016975
-0.049144
-0.149062
-0.204724
-0.243660
-0.174368
-0.091250
-0.030411
0.001407
-0.029064
-0.053078
-0.071459
-0.083821
-0.048764
-0.009167
0.053908
0.119987
0.187390
0.270492
0.332997
0.368966
0.180467
-0.008145
-0.186018
-0.231903
-0.089612
0.002560
0.095606
0.094650
0.050342
0.019893
-0.088224
-0.190565
-0.243831
-0.246372
-0.127679
-0.054734
0.001202
-0.000922
-0.045373
-0.069387
-0.101755
-0.106093
-0.047631
0.015094
0.118308
0.169124
0.233490
0.274659
0.336926
0.297736
0.113534
-0.077861
-0.222175
-0.177786
-0.049446
0.053110
0.112308
0.075125
0.035378
-0.024470
-0.133343
-0.206308
-0.257439
-0.210556
-0.107667
-0.034687
0.012605
-0.020011
-0.061548
-0.085601
-0.099092
-0.068304
-0.010406
0.062276
0.137243
0.185670
0.248302
0.294580
0.339530
0.226928
0.014646
-0.148407
-0.215960
-0.108979
0.011240
0.069537
0.095921
0.049376
0.007449
-0.061099
-0.182888
-0.223158
-0.234039
-0.152448
-0.062497
-0.028780
-0.011197
-0.045234
-0.070268
-0.081055
-0.097448
-0.048332
0.012631
0.093759
0.164599
0.196181
0.254439
0.301119
0.325247
0.169868
-0.018736
-0.171518
-0.196939
-0.093777
0.009598
0.083538
0.104156
0.044650
0.002135
-0.112827
-0.193887
-0.234519
-0.225317
-0.127558
-0.055738
0.000165
0.000565
-0.052416
-0.082587
-0.110602
-0.086667
-0.020253
0.042929
0.121360
0.167456
0.227060
0.282032
0.346258
0.281722
0.063631
-0.102892
-0.216520
-0.134998
-0.018651
0.041956
0.090822
0.065544
0.044341
-0.019168
-0.148129
-0.217426
-0.260728
-0.184358
-0.087881
-0.022624
0.011078
-0.026631
-0.064074
-0.086948
-0.103654
-0.062813
-0.011116
0.075431
0.152010
0.204643
0.255558
0.297805
0.322549
0.177047
-0.000916
-0.160058
-0.202577
-0.086609
0.000013
0.097516
0.094365
0.049258
-0.003054
-0.106212
-0.187942
-0.223935
-0.218212
-0.125178
-0.065107
-0.008512
-0.013806
-0.054118
-0.077268
-0.094795
-0.078481
-0.022879
0.025683
0.104271
0.152434
0.228336
0.263961
0.320825
0.295213
0.106426
-0.056111
-0.208478
-0.181626
-0.058474
0.022201
0.111165
0.087780
0.043222
-0.018237
-0.148498
-0.203644
-0.247476
-0.201170
-0.102923
-0.044095
0.012845
-0.007990
-0.054666
-0.078185
-0.114125
-0.073870
-0.016542
0.060507
0.149771
0.196049
0.261006
0.299850
0.327748
0.189568
-0.005310
-0.159700
-0.216792
-0.094324
0.005792
0.085691
0.095289
0.047808
0.009029
-0.078001
-0.183036
-0.233589
-0.237460
-0.138142
-0.054858
-0.002723
-0.002468
-0.052959
-0.079687
-0.095185
-0.087471
-0.027893
0.032192
0.108131
0.171063
0.227518
0.283738
0.338613
0.266280
0.051480
-0.116656
-0.223167
-0.134475
-0.006741
0.059680
0.093176
0.048549
0.023164
-0.028855
-0.146359
-0.209756
-0.244041
-0.172588
-0.080438
-0.032849
-0.008950
-0.040985
-0.067657
-0.076187
-0.091730
-0.049523
0.002906
0.076514
0.141996
0.198712
0.256938
0.320294
0.334165
0.150592
-0.024492
-0.199906
-0.192914
-0.077412
0.019293
0.084924
0.074811
0.042972
0.011566
-0.099573
-0.184215
-0.243113
-0.218566
-0.115548
-0.053722
-0.007901
-0.022146
-0.054628
-0.064841
-0.082005
-0.071638
-0.027734
0.035636
0.122683
0.175822
0.244899
0.294935
0.336456
0.218658
0.021967
-0.143680
-0.215630
-0.111613
-0.004667
0.070624
0.091736
0.045670
0.016458
-0.060656
-0.162034
-0.207901
-0.236770
-0.150722
-0.075284
-0.021314
-0.003110
-0.040592
-0.060275
-0.073406
-0.086603
-0.051111
-0.005651
0.082873
0.161447
0.231385
0.283115
0.332558
0.284300
0.110737
-0.074461
-0.214934
-0.173591
-0.053502
0.051120
0.101438
0.072837
0.027498
-0.027735
-0.125410
-0.195007
-0.239393
-0.194814
-0.105206
-0.036558
0.001856
-0.020539
-0.055718
-0.075545
-0.083756
-0.055783
-0.014054
0.048443
0.119619
0.197612
0.263542
0.324512
0.331825
0.179135
-0.011619
-0.179889
-0.208110
-0.107104
0.004204
0.086098
0.108200
0.057463
0.007622
-0.099242
-0.190645
-0.236230
-0.226768
-0.134246
-0.056917
-0.003678
0.000234
-0.042611
-0.069134
-0.092662
-0.085523
-0.035158
0.030180
0.119260
0.182549
0.243593
0.286378
0.333982
0.242145
0.061906
-0.116290
-0.221436
-0.147576
-0.027988
0.062137
0.112934
0.074186
0.023966
-0.047100
-0.167997
-0.218514
-0.243443
-0.166253
-0.071704
-0.013590
0.010523
-0.025529
-0.067666
-0.084535
-0.103005
-0.064718
-0.006486
0.090368
0.177844
0.228866
0.279132
0.323871
0.308797
0.126306
-0.071821
-0.216398
-0.203033
-0.051995
0.047186
0.110618
0.088387
0.027946
-0.010040
-0.117180
-0.184738
-0.228334
-0.210232
-0.111137
-0.044978
0.004103
-0.011336
-0.062696
-0.072748
-0.085023
-0.049707
0.004841
0.054570
0.130127
0.188338
0.248712
0.305381
0.332579
0.191054
0.013871
-0.148879
-0.193710
-0.100101
-0.018092
0.052897
0.093473
0.062508
0.036344
-0.075195
-0.183822
-0.230277
-0.228994
-0.132840
-0.064726
-0.019634
-0.005487
-0.037990
-0.047516
-0.072066
-0.078730
-0.035542
0.024174
0.108612
0.175088
0.228461
0.281575
0.327501
0.284478
0.101586
-0.075645
-0.223855
-0.180768
-0.065701
0.047606
0.110122
0.089288
0.039030
-0.027106
-0.145556
-0.208102
-0.248691
-0.188520
-0.090181
-0.020115
0.018294
-0.009513
-0.058238
-0.082731
-0.096403
-0.053245
0.005788
0.083488
0.163713
0.229415
0.282064
0.337166
0.324742
0.151517
-0.048675
-0.202895
-0.211963
-0.078405
0.025250
0.098703
0.100701
0.056649
0.006472
-0.106219
-0.210751
-0.247576
-0.228363
-0.111286
-0.033240
0.012561
-0.004069
-0.058093
-0.080072
-0.078978
-0.062221
0.006581
0.055659
0.138625
0.202418
0.255438
0.309825
0.335945
0.197607
0.032247
-0.160480
-0.215432
-0.128328
-0.023366
0.078856
0.101271
0.075688
0.027854
-0.079706
-0.185799
-0.241990
-0.242001
-0.143200
-0.067496
-0.004697
0.002045
-0.031924
-0.060451
-0.085234
-0.079019
-0.021780
0.044411
0.136529
0.197881
0.254322
0.299525
0.360565
0.250134
0.063691
-0.154409
-0.256922
-0.148410
-0.037660
0.089131
0.116635
0.064026
0.020466
-0.081066
-0.169174
-0.223986
-0.246557
-0.155611
-0.083843
-0.000952
0.017972
-0.028337
-0.067535
-0.101215
-0.084026
-0.013729
0.045134
0.125079
0.178624
0.244643
0.293061
0.339179
0.253398
0.073329
-0.108320
-0.222392
-0.151393
-0.057479
0.039538
0.081658
0.067689
0.043439
-0.041146
-0.150951
-0.218283
-0.249878
-0.173353
-0.099620
-0.032059
-0.002590
-0.026661
-0.045189
-0.069076
-0.071137
-0.027297
0.022183
0.102821
0.165756
0.224680
0.276645
0.344858
0.304128
0.115208
-0.062222
-0.226258
-0.193023
-0.082083
0.015222
0.091496
0.077054
0.046774
-0.020302
-0.147586
-0.216138
-0.258121
-0.199263
-0.101950
-0.035873
0.014254
-0.017725
-0.053629
-0.079083
-0.096396
-0.041554
0.021261
0.094560
0.170018
0.217984
0.279216
0.336698
0.320711
0.138543
-0.064986
-0.230250
-0.218583
-0.093929
0.027739
0.109332
0.104426
0.048341
-0.020319
-0.146341
-0.222926
-0.267108
-0.210557
-0.109920
-0.028275
0.019048
-0.013597
-0.064088
-0.082209
-0.094180
-0.040524
0.018516
0.088308
0.162158
0.214980
0.266917
0.323389
0.318100
0.155533
-0.032716
-0.206115
-0.217104
-0.112551
0.002211
0.083818
0.090442
0.062212
0.000724
-0.119914
-0.211309
-0.277014
-0.229537
-0.130973
-0.046808
0.011011
-0.005524
-0.039013
-0.062994
-0.090159
-0.059024
-0.007072
0.069969
0.158542
0.219108
0.281943
0.337638
0.327151
0.167706
-0.034368
-0.198188
-0.219289
-0.121060
-0.015473
0.073928
0.091974
0.074721
0.013854
-0.111558
-0.212909
-0.271515
-0.231207
-0.132256
-0.052238
0.009940
-0.001081
-0.031044
-0.064682
-0.096305
-0.075760
-0.009045
0.081483
0.174894
0.222190
0.280175
0.325346
0.336722
0.173760
-0.029609
-0.208259
-0.246981
-0.129071
-0.009911
0.085710
0.115765
0.070859
0.013176
-0.119147
-0.219077
-0.275218
-0.247363
-0.139931
-0.049079
0.015773
0.012482
-0.039084
-0.064794
-0.093436
-0.056207
0.004047
0.081870
0.171835
0.234208
0.299045
0.362220
0.317193
0.139808
-0.096579
-0.230932
-0.231341
-0.104503
0.005801
0.096553
0.109519
0.079198
-0.009636
-0.139766
-0.241503
-0.280236
-0.223074
-0.117937
-0.029820
0.020338
0.001817
-0.040967
-0.069594
-0.083778
-0.043881
0.023374
0.103261
0.181693
0.243041
0.290194
0.371942
0.293420
0.096419
-0.094999
-0.258556
-0.185939
-0.089704
0.020695
0.102724
0.077988
0.067996
-0.022225
-0.155619
-0.233434
-0.293479
-0.206081
-0.101157
-0.018165
0.035634
-0.008206
-0.047825
-0.075741
-0.092381
-0.022610
0.029812
0.113732
0.182406
0.251678
0.323985
0.380396
0.284126
0.064236
-0.136087
-0.267171
-0.187716
-0.068197
0.043609
0.115346
0.100399
0.075319
-0.033274
-0.184349
-0.263814
-0.295758
-0.188695
-0.077834
0.004476
0.037564
-0.006310
-0.057768
-0.093929
-0.105192
-0.024215
0.049932
0.150808
0.224053
0.286967
0.344989
0.384132
0.212447
0.000323
-0.201660
-0.274599
-0.131638
-0.024335
0.088290
0.118388
0.076089
0.052762
-0.087679
-0.194886
-0.269842
-0.275738
-0.151696
-0.067637
0.017262
0.033091
-0.026908
-0.045520
-0.089521
-0.069957
-0.001649
0.060304
0.153163
0.229786
0.291768
0.377738
0.354843
0.141864
-0.068309
-0.241908
-0.224990
-0.087257
0.013309
0.092577
0.104532
0.062190
0.020336
-0.126105
-0.216035
-0.276508
-0.240365
-0.123869
-0.039100
0.025563
0.022337
-0.041835
-0.066637
-0.099895
-0.055993
0.023564
0.098392
0.188862
0.245340
0.295055
0.371766
0.301941
0.113808
-0.088293
-0.252346
-0.205820
-0.089819
0.032188
0.107175
0.092596
0.070087
-0.006190
-0.139720
-0.225062
-0.291583
-0.221568
-0.111186
-0.027084
0.036244
0.002912
-0.034296
-0.068588
-0.098678
-0.046802
0.018123
0.109438
0.193860
0.258628
0.318721
0.374075
0.275950
0.065237
-0.146915
-0.256010
-0.174404
-0.054476
0.054996
0.098661
0.080275
0.053088
-0.028550
-0.160584
-0.238339
-0.283603
-0.193352
-0.096404
-0.017319
0.018740
-0.017368
-0.052789
-0.074172
-0.082828
-0.027425
0.028446
0.119376
0.196149
0.266290
0.322833
0.364899
0.231348
0.037181
-0.150109
-0.240398
-0.147862
-0.047133
0.049220
0.095531
0.069125
0.045766
-0.052645
-0.173554
-0.245556
-0.275184
-0.178922
-0.083759
-0.012655
0.022772
-0.024909
-0.049868
-0.086145
-0.096671
-0.042103
0.023449
0.129849
0.213990
0.275198
0.328015
0.354603
0.223912
-0.005550
-0.168616
-0.256702
-0.142294
-0.016979
0.059671
0.109892
0.062767
0.038295
-0.062263
-0.188407
-0.249582
-0.275005
-0.181605
-0.081661
-0.018877
0.023130
-0.023553
-0.049711
-0.072960
-0.087646
-0.028926
0.023748
0.121634
0.199924
0.256216
0.319844
0.345856
0.223492
0.040160
-0.166117
-0.239493
-0.149333
-0.038155
0.069856
0.088163
0.056620
0.022202
-0.071385
-0.172523
-0.239529
-0.261063
-0.166729
-0.084789
-0.015366
0.001158
-0.033921
-0.055217
-0.076735
-0.079775
-0.027560
0.027140
0.120693
0.196489
0.252253
0.309899
0.350375
0.238889
0.044684
-0.145027
-0.240870
-0.155373
-0.045057
0.047685
0.088439
0.072493
0.035263
-0.047706
-0.170544
-0.239627
-0.267330
-0.184992
-0.089033
-0.016689
0.012786
-0.019480
-0.057167
-0.079768
-0.093412
-0.040145
0.014932
0.110024
0.197009
0.259224
0.314078
0.342317
0.247807
0.044717
-0.136337
-0.225578
-0.154039
-0.034416
0.044768
0.080241
0.072242
0.044249
-0.025271
-0.161713
-0.244789
-0.274063
-0.191331
-0.081972
-0.017904
0.009347
-0.015688
-0.050885
-0.061786
-0.085209
-0.047286
0.010026
0.081841
0.171159
0.239911
0.300283
0.364841
0.274114
0.091131
-0.088805
-0.237533
-0.169843
-0.081624
0.022319
0.097892
0.088458
0.063165
-0.012681
-0.147218
-0.220301
-0.269224
-0.199895
-0.105379
-0.028175
0.023396
0.001910
-0.031959
-0.067717
-0.106347
-0.076694
-0.020436
0.078215
0.172564
0.240837
0.281475
0.328395
0.317686
0.163919
-0.047570
-0.199931
-0.223411
-0.091336
0.017940
0.098125
0.103164
0.049486
-0.000374
-0.095646
-0.194714
-0.237230
-0.232529
-0.130114
-0.045536
0.005657
0.007765
-0.036991
-0.063937
-0.079229
-0.075995
-0.012529
0.051099
0.135320
0.202725
0.256225
0.299617
0.339256
0.210177
0.034927
-0.140593
-0.213321
-0.117632
-0.014884
0.059203
0.085878
0.049160
0.023759
-0.047991
-0.148647
-0.212934
-0.238401
-0.162582
-0.068965
-0.012126
0.011647
-0.025579
-0.059721
-0.080902
-0.089639
-0.040734
0.026115
0.110475
0.193944
0.240617
0.291680
0.329381
0.277986
0.095658
-0.073387
-0.211530
-0.165769
-0.062666
0.028561
0.098630
0.087388
0.050241
-0.014012
-0.133362
-0.202498
-0.239133
-0.191661
-0.099127
-0.037449
0.006612
-0.003215
-0.031659
-0.051579
-0.083970
-0.066601
-0.017176
0.070467
0.163015
0.232263
0.272854
0.316751
0.316688
0.154400
-0.017844
-0.196659
-0.217622
-0.098290
0.007794
0.109674
0.104757
0.047245
0.002743
-0.102046
-0.174804
-0.222335
-0.219378
-0.122920
-0.050757
0.009800
0.009877
-0.033954
-0.057200
-0.082090
-0.070420
-0.026767
0.035736
0.133992
0.204334
0.262632
0.297155
0.340626
0.228677
0.040752
-0.127229
-0.237280
-0.150161
-0.038399
0.056342
0.116685
0.070880
0.032045
-0.041390
-0.155793
-0.208075
-0.249121
-0.180424
-0.079644
-0.012812
0.026059
-0.015346
-0.045341
-0.064591
-0.086523
-0.062114
-0.010106
0.084012
0.191417
0.258919
0.303564
0.335941
0.278198
0.089913
-0.095201
-0.232162
-0.190434
-0.061921
0.043155
0.105204
0.083049
0.042210
-0.007941
-0.116788
-0.204855
-0.250378
-0.211789
-0.105892
-0.026778
0.017125
0.001335
-0.036060
-0.056886
-0.083233
-0.075071
-0.033932
0.045774
0.141883
0.228984
0.286348
0.339414
0.311592
0.160989
-0.038531
-0.206593
-0.227236
-0.119529
0.001896
0.082542
0.102628
0.065576
0.017721
-0.084330
-0.192963
-0.246914
-0.232275
-0.135953
-0.043508
0.004892
0.012066
-0.027784
-0.060007
-0.089247
-0.094022
-0.046756
0.038598
0.141261
0.220158
0.266532
0.301707
0.321662
0.192490
0.017858
-0.166375
-0.230253
-0.134917
-0.024563
0.072840
0.088849
0.046507
0.012603
-0.062326
-0.144136
-0.212128
-0.239864
-0.174307
-0.088042
-0.013957
0.012137
-0.017195
-0.042273
-0.072495
-0.087287
-0.067030
-0.007938
0.092754
0.192878
0.277128
0.326916
0.356319
0.228107
0.034345
-0.149120
-0.248215
-0.161871
-0.055818
0.044906
0.092481
0.072043
0.049767
-0.028014
-0.146670
-0.222088
-0.254925
-0.178940
-0.078654
-0.014381
0.013002
-0.019854
-0.042648
-0.065472
-0.091374
-0.070187
-0.018172
0.078516
0.160759
0.241413
0.279422
0.340641
0.301357
0.113047
-0.064761
-0.246790
-0.223830
-0.099257
0.010824
0.099766
0.092387
0.053570
0.012604
-0.109414
-0.195500
-0.256502
-0.222208
-0.113472
-0.035288
0.014451
0.006168
-0.034540
-0.051678
-0.082642
-0.077678
-0.036830
0.045707
0.150325
0.234783
0.288040
0.337645
0.317036
0.150453
-0.039222
-0.209127
-0.228509
-0.114900
-0.005968
0.078870
0.099143
0.058639
0.014991
-0.081398
-0.178257
-0.237281
-0.224535
-0.139312
-0.049650
0.001652
0.004064
-0.030596
-0.051765
-0.073247
-0.073111
-0.045037
0.024269
0.124821
0.211170
0.272127
0.318992
0.337396
0.216115
0.024341
-0.144553
-0.245002
-0.160164
-0.048924
0.041027
0.095517
0.075510
0.049174
-0.029186
-0.150597
-0.228264
-0.250483
-0.177027
-0.074573
-0.015852
0.017016
-0.007056
-0.026569
-0.047660
-0.083715
-0.072241
-0.020510
0.083993
0.187560
0.264287
0.304706
0.344390
0.271599
0.079205
-0.098414
-0.235860
-0.195003
-0.078348
0.026618
0.089772
0.089223
0.046613
-0.010176
-0.124620
-0.202335
-0.235247
-0.190995
-0.104066
-0.035799
0.002172
0.005615
-0.026566
-0.045974
-0.077584
-0.072642
-0.022482
0.065118
0.158203
0.251114
0.297780
0.342876
0.320511
0.126540
-0.058329
-0.224633
-0.220446
-0.098260
0.002387
0.085071
0.087680
0.043555
0.014329
-0.083376
-0.174992
-0.229780
-0.229267
-0.135161
-0.055960
0.003148
0.010925
-0.017958
-0.037983
-0.063898
-0.074105
-0.044323
0.027596
0.136202
0.222702
0.279257
0.324003
0.347956
0.200563
0.016154
-0.170567
-0.256098
-0.147841
-0.034831
0.059180
0.101098
0.054276
0.024424
-0.048254
-0.158199
-0.210780
-0.239518
-0.165805
-0.075667
-0.015302
0.014081
-0.018086
-0.041803
-0.053321
-0.072436
-0.040657
0.003644
0.087928
0.177100
0.253983
0.305445
0.366427
0.281709
0.073165
-0.120407
-0.259589
-0.196167
-0.079087
0.021596
0.097521
0.084571
0.054548
-0.013200
-0.135628
-0.215407
-0.254840
-0.202798
-0.098998
-0.026895
0.023905
0.007801
-0.027508
-0.051444
-0.087094
-0.072514
-0.021194
0.066362
0.164748
0.236267
0.291857
0.335221
0.318928
0.150180
-0.054772
-0.229337
-0.250399
-0.125616
-0.006802
0.083556
0.103319
0.060801
0.018296
-0.093210
-0.194949
-0.242136
-0.234702
-0.135716
-0.049601
0.003274
0.013017
-0.023747
-0.051080
-0.072860
-0.077101
-0.025086
0.042893
0.132558
0.207418
0.270086
0.303684
0.327216
0.204571
0.016349
-0.155037
-0.235230
-0.157138
-0.044173
0.041106
0.088892
0.060628
0.018125
-0.054880
-0.158771
-0.212654
-0.233759
-0.170766
-0.083929
-0.016446
0.014313
-0.003543
-0.038298
-0.058648
-0.078940
-0.050132
0.002635
0.090973
0.177709
0.249973
0.294486
0.323823
0.289116
0.097950
-0.094535
-0.244731
-0.220969
-0.082335
0.023238
0.087420
0.077741
0.022229
-0.005095
-0.113121
-0.194341
-0.240740
-0.221003
-0.116071
-0.041795
0.005974
0.004802
-0.034130
-0.046196
-0.074201
-0.069738
-0.019618
0.058984
0.160976
0.227620
0.271576
0.317807
0.324560
0.159571
-0.022504
-0.213244
-0.253031
-0.130606
-0.029493
0.065905
0.097964
0.059073
0.030490
-0.081023
-0.184528
-0.238381
-0.247074
-0.144773
-0.059560
0.009569
0.031794
-0.017227
-0.049593
-0.085003
-0.090901
-0.035890
0.034860
0.135485
0.206296
0.259154
0.297934
0.330481
0.235543
0.043844
-0.149949
-0.263779
-0.196153
-0.072722
0.043361
0.103471
0.091077
0.038488
-0.039406
-0.153114
-0.224175
-0.249817
-0.186204
-0.092586
-0.010207
0.024593
0.006768
-0.035391
-0.060913
-0.081831
-0.048958
0.005139
0.097771
0.179377
0.252552
0.270904
0.316821
0.295537
0.124725
-0.045370
-0.211169
-0.226637
-0.109508
-0.019233
0.072369
0.081213
0.042595
0.022136
-0.093556
-0.184223
-0.239651
-0.237832
-0.123627
-0.050078
0.008054
0.024522
-0.020642
-0.033584
-0.071812
-0.082503
-0.024102
0.047617
0.155700
0.236954
0.284615
0.310931
0.329435
0.175777
-0.003024
-0.191052
-0.248378
-0.140847
-0.036973
0.070256
0.092512
0.070796
0.034283
-0.064593
-0.168452
-0.226683
-0.239150
-0.146907
-0.070525
0.001657
0.024736
-0.000232
-0.029986
-0.063903
-0.084525
-0.043276
0.026629
0.124227
0.205516
0.262482
0.288325
0.336861
0.254210
0.072192
-0.097800
-0.250916
-0.187450
-0.079296
0.018399
0.100635
0.067454
0.041211
-0.018980
-0.134697
-0.189271
-0.238699
-0.193574
-0.101597
-0.040555
0.023757
0.007524
-0.019095
-0.043081
-0.083553
-0.050129
0.002672
0.085394
0.183849
0.243402
0.297817
0.344565
0.303262
0.124097
-0.078324
-0.230653
-0.218932
-0.107264
0.004236
0.076726
0.093412
0.058317
0.011105
-0.098997
-0.206387
-0.256289
-0.230967
-0.123865
-0.029638
0.017723
0.024740
-0.014270
-0.039802
-0.068439
-0.075985
-0.017561
0.064450
0.167894
0.251158
0.284825
0.326158
0.315441
0.145193
-0.028050
-0.203230
-0.242776
-0.122605
-0.021266
0.072070
0.095403
0.057732
0.020604
-0.087629
-0.187584
-0.235639
-0.232305
-0.129077
-0.056909
0.000272
0.019292
-0.016188
-0.035797
-0.065643
-0.076532
-0.030885
0.029575
0.118790
0.200685
0.264152
0.305419
0.344498
0.254081
0.061395
-0.131097
-0.264355
-0.194640
-0.078192
0.024937
0.106544
0.075787
0.048468
-0.034185
-0.154926
-0.206687
-0.247178
-0.184647
-0.092727
-0.036267
0.019197
-0.004110
-0.031148
-0.047582
-0.073496
-0.035930
0.017143
0.096935
0.182579
0.246140
0.286677
0.332011
0.290183
0.101699
-0.084019
-0.234740
-0.220168
-0.100083
-0.005299
0.080250
0.078572
0.051140
0.009182
-0.109762
-0.196687
-0.255321
-0.227937
-0.120944
-0.043689
0.018071
0.015603
-0.022486
-0.045336
-0.077747
-0.068786
-0.017102
0.059044
0.159078
0.229992
0.278475
0.320055
0.317474
0.172880
-0.021531
-0.197954
-0.249651
-0.144767
-0.028610
0.068167
0.096660
0.060772
0.018941
-0.082191
-0.185062
-0.238959
-0.236533
-0.143978
-0.058526
-0.001247
0.014157
-0.022359
-0.049007
-0.072934
-0.076592
-0.024572
0.037412
0.133137
0.214645
0.267783
0.305238
0.338480
0.221123
0.032277
-0.143883
-0.250118
-0.164147
-0.056898
0.019822
0.076758
0.047804
0.035908
-0.017706
-0.141447
-0.202009
-0.254181
-0.190548
-0.095282
-0.031331
0.022513
0.001009
-0.025167
-0.040107
-0.081125
-0.045385
0.000936
0.089476
0.195129
0.252880
0.295704
0.332511
0.272128
0.100454
-0.086364
-0.239128
-0.215247
-0.110754
-0.008292
0.073128
0.087186
0.059238
0.010368
-0.117506
-0.204716
-0.255723
-0.220775
-0.119421
-0.045018
0.011222
0.018988
-0.015271
-0.034967
-0.076476
-0.072035
-0.017065
0.069890
0.164273
0.237910
0.276274
0.329856
0.324336
0.146028
-0.043071
-0.228074
-0.249107
-0.119695
-0.017663
0.072596
0.088787
0.052104
0.029114
-0.081763
-0.184606
-0.249893
-0.249076
-0.141860
-0.048961
0.009333
0.024380
-0.023698
-0.047237
-0.077092
-0.084395
-0.030036
0.046958
0.146496
0.223445
0.256964
0.301559
0.330250
0.205381
0.016369
-0.162452
-0.260808
-0.164908
-0.058381
0.044449
0.093131
0.073738
0.046996
-0.038347
-0.157246
-0.231814
-0.257751
-0.178513
-0.077921
-0.001721
0.037104
0.004639
-0.034696
-0.072985
-0.097504
-0.063833
0.004163
0.111612
0.215936
0.278165
0.318928
0.340261
0.241968
0.051285
-0.136204
-0.263064
-0.186084
-0.075607
0.027260
0.093978
0.067623
0.049512
-0.004754
-0.119426
-0.202191
-0.254329
-0.205350
-0.099789
-0.027234
0.023488
0.005953
-0.022886
-0.043849
-0.073909
-0.059889
-0.011551
0.082996
0.185393
0.260777
0.302005
0.354547
0.266229
0.088814
-0.106161
-0.260975
-0.211206
-0.086984
0.020487
0.104649
0.074059
0.041372
-0.007887
-0.106075
-0.176519
-0.237499
-0.209851
-0.119344
-0.041555
0.020497
0.010399
-0.019530
-0.039847
-0.071879
-0.060513
-0.031858
0.047162
0.150899
0.239861
0.297353
0.350645
0.326755
0.138752
-0.048955
-0.228541
-0.251983
-0.122429
-0.026969
0.071850
0.098815
0.068325
0.039407
-0.062179
-0.170653
-0.239735
-0.250452
-0.151866
-0.062175
0.014016
0.033262
-0.003887
-0.024720
-0.061561
-0.083948
-0.051630
0.008508
0.127872
0.218516
0.277790
0.323216
0.353129
0.218604
0.023505
-0.180875
-0.277754
-0.179319
-0.057457
0.059639
0.116750
0.091576
0.045284
-0.038486
-0.151709
-0.221195
-0.246757
-0.179824
-0.081978
-0.001856
0.035316
0.011165
-0.031941
-0.064918
-0.092283
-0.062891
-0.000024
0.099593
0.199737
0.264636
0.310663
0.353635
0.258129
0.068630
-0.117474
-0.255216
-0.209742
-0.091258
0.019511
0.098019
0.092935
0.061977
0.004427
-0.106641
-0.199538
-0.254246
-0.218533
-0.119388
-0.030130
0.028487
0.026150
-0.003647
-0.032508
-0.074721
-0.084015
-0.050963
0.042100
0.151996
0.259771
0.321468
0.363411
0.313874
0.114928
-0.084627
-0.248175
-0.253189
-0.119993
-0.000113
0.096167
0.111957
0.069626
0.014216
-0.084856
-0.188348
-0.238927
-0.232743
-0.141070
-0.046114
0.011543
0.023689
-0.008975
-0.035508
-0.057913
-0.067644
-0.038507
0.024825
0.112459
0.211527
0.283907
0.339606
0.350003
0.184694
-0.019302
-0.195471
-0.263069
-0.155586
-0.047258
0.058443
0.106307
0.080176
0.045063
-0.053913
-0.165791
-0.231148
-0.243128
-0.156846
-0.063210
0.000907
0.030524
-0.001522
-0.031686
-0.062639
-0.092707
-0.063845
0.000218
0.104311
0.205747
0.276419
0.310494
0.341826
0.224410
0.047001
-0.133298
-0.266536
-0.199870
-0.084233
0.036928
0.114185
0.091244
0.053117
-0.024383
-0.134312
-0.205468
-0.250711
-0.192426
-0.097837
-0.019582
0.034055
0.013150
-0.020985
-0.053677
-0.090377
-0.071873
-0.024975
0.067712
0.168519
0.243391
0.287005
0.345675
0.305610
0.122622
-0.068126
-0.238341
-0.231501
-0.104291
-0.009673
0.076787
0.076747
0.058216
0.031809
-0.069162
-0.168809
-0.243636
-0.236827
-0.138641
-0.050779
0.017256
0.019988
-0.007322
-0.028745
-0.064498
-0.074578
-0.053079
0.012000
0.116460
0.213548
0.285294
0.350693
0.346743
0.202874
-0.000913
-0.198973
-0.254588
-0.163250
-0.049167
0.054589
0.094166
0.077827
0.041780
-0.040273
-0.148887
-0.224796
-0.239806
-0.170927
-0.078754
-0.011432
0.018881
0.008529
-0.013711
-0.047165
-0.080002
-0.074162
-0.013892
0.088572
0.193665
0.266046
0.322296
0.361320
0.259898
0.074606
-0.135825
-0.258871
-0.214049
-0.094530
0.027116
0.095707
0.096950
0.064574
-0.013181
-0.116676
-0.216397
-0.251122
-0.202744
-0.106666
-0.014825
0.027061
0.019913
-0.015625
-0.052203
-0.078414
-0.077959
-0.029533
0.061804
0.149252
0.230503
0.272978
0.342019
0.353467
0.178021
-0.043868
-0.245269
-0.285435
-0.135158
-0.013012
0.092200
0.108633
0.059181
0.034632
-0.065619
-0.175661
-0.243781
-0.259056
-0.153397
-0.049314
0.015274
0.037205
-0.007595
-0.029531
-0.056859
-0.080926
-0.045207
0.010065
0.115148
0.214971
0.282953
0.335759
0.352996
0.208775
0.013477
-0.172187
-0.262328
-0.169868
-0.068057
0.033952
0.095057
0.081977
0.056425
-0.028675
-0.150778
-0.227229
-0.257004
-0.180988
-0.085543
-0.011814
0.025709
0.007420
-0.017242
-0.046959
-0.083341
-0.069468
-0.017452
0.081239
0.177227
0.257388
0.301905
0.367222
0.283029
0.078613
-0.112816
-0.261344
-0.222535
-0.097675
0.002504
0.091978
0.098953
0.065840
0.015732
-0.118074
-0.217054
-0.260980
-0.219102
-0.100060
-0.022018
0.016670
0.010579
-0.033102
-0.047589
-0.075062
-0.080195
-0.026974
0.051620
0.161944
0.247119
0.294548
0.353757
0.310519
0.144440
-0.060491
-0.237998
-0.256223
-0.145213
-0.017567
0.084844
0.113044
0.074234
0.021706
-0.084790
-0.191554
-0.247455
-0.234033
-0.147710
-0.049149
0.010992
0.022695
-0.006089
-0.039757
-0.065059
-0.076335
-0.038135
0.041604
0.124774
0.217758
0.271079
0.322760
0.337360
0.184657
0.001326
-0.193611
-0.266380
-0.157007
-0.048756
0.068188
0.099540
0.065473
0.033184
-0.062303
-0.167268
-0.228122
-0.245091
-0.156544
-0.063966
0.003012
0.030917
-0.002480
-0.033558
-0.066102
-0.081854
-0.045974
0.016435
0.102876
0.191139
0.263702
0.316748
0.360910
0.240941
0.026846
-0.167014
-0.270579
-0.188793
-0.062458
0.046094
0.103676
0.084248
0.054576
-0.020442
-0.139649
-0.228224
-0.264471
-0.199362
-0.086003
-0.005394
0.035114
0.016117
-0.016860
-0.045252
-0.073145
-0.072975
-0.019956
0.068880
0.179406
0.268789
0.308248
0.360677
0.272623
0.080286
-0.109167
-0.267402
-0.224690
-0.103252
0.020613
0.100847
0.098783
0.057247
-0.003266
-0.113288
-0.197868
-0.251097
-0.215995
-0.115601
-0.028504
0.027290
0.019924
-0.017718
-0.044349
-0.073555
-0.064294
-0.024834
0.059628
0.155065
0.240443
0.296850
0.345842
0.312673
0.127551
-0.068276
-0.234797
-0.250310
-0.130271
-0.015869
0.083089
0.108270
0.068408
0.023031
-0.084799
-0.191568
-0.249668
-0.236076
-0.136665
-0.036335
0.020007
0.028015
-0.008227
-0.032721
-0.055501
-0.069627
-0.040356
0.028252
0.133998
0.229429
0.297231
0.342676
0.328257
0.149787
-0.059120
-0.220423
-0.252106
-0.129547
-0.005886
0.074056
0.103594
0.052263
0.011936
-0.065547
-0.170682
-0.221526
-0.231306
-0.153772
-0.050649
0.005736
0.028812
-0.004514
-0.034499
-0.049001
-0.069265
-0.046165
0.002707
0.095242
0.206230
0.282779
0.350644
0.359630
0.205369
0.006373
-0.184569
-0.263779
-0.176646
-0.064140
0.044475
0.101415
0.087217
0.056173
-0.031270
-0.139637
-0.226311
-0.245480
-0.180488
-0.085116
-0.010732
0.022041
0.002550
-0.019261
-0.047452
-0.062534
-0.055382
-0.005380
0.086161
0.178764
0.252756
0.308339
0.340530
0.261799
0.057393
-0.146345
-0.253299
-0.200993
-0.065645
0.026249
0.079290
0.075126
0.047067
0.002852
-0.106233
-0.210639
-0.249934
-0.207575
-0.098981
-0.015463
0.021020
0.017383
-0.017985
-0.041034
-0.071329
-0.077488
-0.034016
0.055507
0.166051
0.257216
0.309572
0.353844
0.297179
0.106587
-0.090998
-0.253551
-0.233264
-0.108972
-0.007083
0.087595
0.097228
0.076708
0.027810
-0.089584
-0.195407
-0.255626
-0.232639
-0.131479
-0.038214
0.024950
0.030105
0.002556
-0.031146
-0.073671
-0.091502
-0.061010
0.029093
0.144934
0.248476
0.310252
0.340721
0.314469
0.141874
-0.055614
-0.215642
-0.264670
-0.141648
-0.017469
0.078485
0.118256
0.069315
0.023837
-0.068925
-0.173959
-0.235656
-0.243213
-0.158150
-0.054706
0.010892
0.037742
-0.002561
-0.035650
-0.063837
-0.085578
-0.053769
0.011730
0.113287
0.211741
0.276080
0.335158
0.356630
0.214272
0.002862
-0.181314
-0.271417
-0.180070
-0.052100
0.045333
0.108629
0.094686
0.060645
-0.018132
-0.152063
-0.242643
-0.264005
-0.191724
-0.073300
0.003848
0.032877
0.009760
-0.032746
-0.058943
-0.084018
-0.065336
-0.004667
0.087973
0.192319
0.274653
0.311627
0.346734
0.251645
0.061435
-0.126088
-0.253558
-0.201960
-0.076917
0.030977
0.101312
0.095340
0.055710
-0.010066
-0.121291
-0.211960
-0.247216
-0.199627
-0.099034
-0.016259
0.023773
0.017854
-0.022029
-0.050003
-0.078756
-0.073536
-0.024166
0.056412
0.157137
0.251734
0.299586
0.337340
0.301933
0.127170
-0.061398
-0.224046
-0.243089
-0.116127
-0.006295
0.092050
0.114315
0.067054
0.009263
-0.090870
-0.184697
-0.229030
-0.216428
-0.134445
-0.047856
0.009209
0.029267
-0.003314
-0.039971
-0.073226
-0.080720
-0.041779
0.029489
0.117867
0.209246
0.269900
0.321345
0.341290
0.218252
0.019666
-0.156741
-0.257797
-0.179796
-0.050883
0.049292
0.110029
0.084718
0.044192
-0.028016
-0.135777
-0.219236
-0.247948
-0.192067
-0.078539
-0.000987
0.037170
0.009922
-0.030230
-0.054988
-0.085375
-0.067827
-0.008167
0.090021
0.193661
0.271506
0.300365
0.335296
0.246063
0.071714
-0.105762
-0.239791
-0.199302
-0.080707
0.023827
0.099001
0.090495
0.049443
-0.007990
-0.110297
-0.190212
-0.231696
-0.198266
-0.114293
-0.031799
0.014174
0.020020
-0.012098
-0.034622
-0.072383
-0.073639
-0.043594
0.031362
0.130138
0.234841
0.289441
0.341890
0.322837
0.157341
-0.030543
-0.210768
-0.241012
-0.133512
-0.026150
0.066648
0.095001
0.078824
0.043290
-0.050915
-0.160554
-0.243732
-0.240438
-0.162392
-0.061029
0.012437
0.034601
0.009492
-0.024637
-0.063603
-0.083529
-0.060577
0.013632
0.113328
0.204147
0.276337
0.315752
0.334246
0.222661
0.030234
-0.149646
-0.258425
-0.180123
-0.062988
