0.016394
0.064819
0.071054
0.053443
0.025873
0.009019
0.001451
0.001670
0.000646
-0.018211
-0.044887
-0.083077
-0.111024
-0.123711
-0.099188
-0.054762
-0.011222
0.017532
0.016624
-0.010902
-0.055196
-0.079318
-0.087356
-0.074582
-0.054611
-0.036359
-0.032112
-0.041752
-0.046713
-0.048420
-0.036297
-0.017747
0.004789
0.016022
0.012708
0.004523
-0.005326
-0.005415
0.003932
0.029668
0.058492
0.085833
0.103786
0.112020
0.116313
0.121102
0.135012
0.155325
0.181034
0.208431
0.239024
0.257110
0.257025
0.243694
0.214110
0.088260
-0.085223
-0.224709
-0.304039
-0.279131
-0.179812
0.000818
0.127720
0.193856
0.182095
0.106014
0.009878
-0.079229
-0.108054
-0.130980
-0.127667
-0.131239
-0.113899
-0.102356
-0.059062
0.010854
0.068412
0.105381
0.088094
0.039920
-0.043301
-0.112795
-0.142738
-0.128201
-0.075786
-0.012372
0.042698
0.065372
0.062890
0.043464
0.023944
0.008459
-0.002149
-0.006696
-0.022977
-0.040008
-0.068434
-0.092691
-0.107562
-0.104434
-0.073253
-0.038280
-0.005039
0.005301
-0.004333
-0.036659
-0.065660
-0.079664
-0.080318
-0.066900
-0.053031
-0.040361
-0.043581
-0.045598
-0.046765
-0.041999
-0.029533
-0.013367
0.004270
0.008695
0.007136
-0.000851
-0.004785
-0.002745
0.012941
0.039948
0.068228
0.091715
0.098703
0.104833
0.105431
0.116824
0.138504
0.164435
0.188484
0.212592
0.235277
0.237460
0.235487
0.221583
0.142971
-0.020992
-0.174256
-0.286969
-0.305021
-0.231929
-0.070193
0.091876
0.179233
0.199845
0.133460
0.039304
-0.062782
-0.102967
-0.120868
-0.118085
-0.117283
-0.113536
-0.108462
-0.093801
-0.034736
0.028942
0.087108
0.099738
0.069458
-0.005141
-0.092384
-0.145770
-0.152589
-0.111354
-0.045968
0.019396
0.056215
0.057378
0.038516
0.012377
-0.001850
-0.010273
-0.006512
-0.013370
-0.032480
-0.070455
-0.110898
-0.132577
-0.123347
-0.080043
-0.030621
0.010326
0.017948
-0.005381
-0.049950
-0.081516
-0.092480
-0.080431
-0.055479
-0.034412
-0.027818
-0.040207
-0.052761
-0.059633
-0.051968
-0.030626
-0.004167
0.014243
0.015466
0.008331
-0.003255
-0.007469
0.000358
0.023308
0.050281
0.077197
0.096942
0.102394
0.104552
0.106316
0.124592
0.151094
0.180879
0.206481
0.237526
0.251359
0.247369
0.238757
0.217358
0.109495
-0.076464
-0.224147
-0.328308
-0.311087
-0.209735
-0.014222
0.139856
0.213149
0.206476
0.113534
0.005013
-0.101432
-0.124761
-0.141078
-0.121946
-0.112054
-0.099524
-0.090234
-0.074120
-0.007387
0.044969
0.097924
0.097832
0.058654
-0.022349
-0.110943
-0.151014
-0.151089
-0.091278
-0.021276
0.050977
0.079360
0.072764
0.045948
0.010368
-0.004184
-0.015344
-0.005329
-0.012990
-0.029287
-0.068355
-0.111548
-0.130881
-0.120548
-0.071955
-0.024050
0.016452
0.018470
-0.010037
-0.052917
-0.083236
-0.087168
-0.074652
-0.046024
-0.027312
-0.023860
-0.037820
-0.052557
-0.057530
-0.048900
-0.023357
0.003594
0.022362
0.021746
0.010776
-0.003834
-0.011291
-0.000216
0.025820
0.058218
0.087607
0.105507
0.111339
0.112345
0.113787
0.127299
0.150349
0.182607
0.210519
0.230965
0.244574
0.233060
0.220079
0.188942
0.072113
-0.088188
-0.216091
-0.283419
-0.256537
-0.153386
0.017488
0.136642
0.188050
0.168230
0.089488
-0.001913
-0.079817
-0.098447
-0.109244
-0.105516
-0.113059
-0.106541
-0.102632
-0.070000
-0.004189
0.056695
0.100527
0.088658
0.044340
-0.038240
-0.109700
-0.139267
-0.121624
-0.066795
-0.005339
0.045040
0.059478
0.047072
0.022246
0.003560
-0.004035
-0.005369
-0.002297
-0.015180
-0.040331
-0.084267
-0.119907
-0.128839
-0.103632
-0.054893
-0.008252
0.020035
0.008946
-0.024828
-0.061379
-0.081685
-0.080538
-0.061858
-0.037485
-0.026014
-0.028948
-0.043679
-0.054903
-0.055440
-0.040551
-0.014461
0.007557
0.018551
0.014906
0.004806
-0.004755
-0.003273
0.014671
0.043147
0.070962
0.088937
0.101453
0.106719
0.109787
0.121513
0.146050
0.172328
0.190967
0.219636
0.235604
0.248290
0.249419
0.241355
0.194000
0.032583
-0.136466
-0.279464
-0.328168
-0.270167
-0.125896
0.068767
0.176433
0.223534
0.164917
0.071815
-0.039596
-0.100246
-0.113811
-0.117062
-0.105183
-0.115769
-0.105991
-0.109335
-0.057195
0.012316
0.082398
0.118812
0.095796
0.032501
-0.067325
-0.138342
-0.163194
-0.128697
-0.060766
0.012786
0.063722
0.069326
0.051430
0.018614
0.001664
-0.005466
-0.000168
0.002333
-0.017194
-0.051836
-0.102509
-0.133841
-0.133620
-0.092961
-0.036018
0.012691
0.030424
0.007077
-0.035115
-0.074752
-0.087874
-0.079334
-0.052987
-0.030005
-0.024756
-0.033595
-0.051671
-0.059136
-0.053411
-0.030296
-0.001356
0.020289
0.025705
0.015260
0.000398
-0.009826
-0.002829
0.020314
0.054098
0.083751
0.103894
0.110281
0.110790
0.117436
0.134566
0.161011
0.191569
0.219606
0.249130
0.268208
0.262663
0.246808
0.219291
0.105887
-0.081443
-0.231972
-0.328963
-0.308791
-0.204647
-0.007511
0.150255
0.222936
0.216462
0.121915
0.013703
-0.095083
-0.124071
-0.140471
-0.122282
-0.116176
-0.099810
-0.089830
-0.070231
-0.003220
0.053299
0.108849
0.103035
0.062188
-0.023746
-0.112373
-0.156030
-0.150887
-0.089136
-0.015890
0.054778
0.082932
0.076169
0.044843
0.013047
-0.001596
-0.010182
-0.001389
-0.009905
-0.024477
-0.054973
-0.082654
-0.094683
-0.113165
-0.100100
-0.065615
-0.025315
-0.000470
-0.003173
-0.014834
-0.046556
-0.064808
-0.070836
-0.064803
-0.058376
-0.052815
-0.046292
-0.048604
-0.044606
-0.038970
-0.021177
-0.007308
0.007069
0.017990
0.014815
0.008867
-0.000530
0.004226
0.015906
0.039344
0.069446
0.094640
0.110170
0.117047
0.124944
0.136965
0.152726
0.171859
0.195774
0.209678
0.230196
0.236256
0.232046
0.229692
0.162015
0.015313
-0.149942
-0.279216
-0.306879
-0.246289
-0.085549
0.081227
0.179610
0.202796
0.132439
0.041128
-0.062513
-0.102450
-0.115779
-0.103888
-0.105126
-0.108007
-0.111414
-0.106402
-0.051284
0.012844
0.085812
0.105860
0.082786
0.007531
-0.086220
-0.147667
-0.160609
-0.115383
-0.045794
0.024461
0.062949
0.062969
0.037520
0.007479
-0.008062
-0.013386
-0.004436
-0.007086
-0.021846
-0.051573
-0.082405
-0.106268
-0.131496
-0.108744
-0.067683
-0.020944
0.000625
-0.002346
-0.021506
-0.060200
-0.073632
-0.076525
-0.060763
-0.050038
-0.040114
-0.038886
-0.050353
-0.053897
-0.051814
-0.033522
-0.018967
0.003939
0.016240
0.014934
0.007044
-0.003068
0.003037
0.010798
0.035526
0.063176
0.085551
0.099838
0.110255
0.128045
0.140879
0.163012
0.183864
0.205881
0.224845
0.242918
0.252388
0.239605
0.219041
0.108057
-0.073462
-0.229247
-0.326014
-0.303700
-0.208386
-0.021190
0.127416
0.198791
0.189243
0.102680
0.005918
-0.095160
-0.122596
-0.139333
-0.124583
-0.123499
-0.109838
-0.098729
-0.073143
-0.008572
0.045942
0.090062
0.085165
0.044012
-0.035788
-0.115723
-0.153646
-0.144960
-0.091464
-0.021790
0.040145
0.065038
0.056985
0.031774
0.004793
-0.009122
-0.015575
-0.009809
-0.017990
-0.038154
-0.072009
-0.107216
-0.127080
-0.115304
-0.073746
-0.025908
0.008688
0.010403
-0.015630
-0.053985
-0.079643
-0.083893
-0.070792
-0.048365
-0.035177
-0.035309
-0.047718
-0.060252
-0.061946
-0.049040
-0.024195
0.001352
0.016602
0.014502
0.002332
-0.011664
-0.014497
-0.001163
0.025223
0.056732
0.082551
0.096055
0.099084
0.101841
0.110500
0.130192
0.156082
0.183230
0.206811
0.224065
0.232875
0.233119
0.219363
0.210052
0.125819
-0.034943
-0.179614
-0.285916
-0.283669
-0.215024
-0.046523
0.097543
0.176084
0.180849
0.109393
0.019904
-0.078105
-0.105911
-0.121549
-0.107177
-0.111965
-0.104895
-0.104867
-0.090868
-0.032171
0.027460
0.086363
0.091969
0.060013
-0.015263
-0.099095
-0.146332
-0.146010
-0.096368
-0.030141
0.032659
0.061078
0.055278
0.030169
0.004197
-0.005373
-0.009859
-0.002480
-0.011335
-0.034731
-0.078123
-0.118957
-0.135036
-0.115257
-0.066576
-0.014801
0.017352
0.009740
-0.022865
-0.063042
-0.086527
-0.086948
-0.067637
-0.040810
-0.027724
-0.029635
-0.045062
-0.059496
-0.062095
-0.047559
-0.019706
0.006295
0.020250
0.016860
0.004812
-0.007907
-0.006254
0.011287
0.037917
0.067523
0.090071
0.102113
0.104294
0.111501
0.129304
0.160677
0.193625
0.222453
0.242600
0.253304
0.253898
0.242383
0.229372
0.149493
-0.023950
-0.184914
-0.304886
-0.316671
-0.240974
-0.071498
0.105402
0.193963
0.215958
0.136817
0.036218
-0.079513
-0.125916
-0.140391
-0.126671
-0.111237
-0.105205
-0.092002
-0.084196
-0.023854
0.033080
0.090847
0.101566
0.066609
-0.006242
-0.097959
-0.147819
-0.152100
-0.102118
-0.030671
0.038613
0.075983
0.071538
0.047163
0.014122
-0.001453
-0.010355
-0.004760
-0.008062
-0.028180
-0.063773
-0.105922
-0.126427
-0.117533
-0.073560
-0.024603
0.013053
0.016288
-0.009809
-0.046922
-0.075344
-0.079808
-0.067776
-0.044653
-0.031477
-0.032408
-0.044768
-0.058963
-0.060227
-0.048090
-0.021644
0.004144
0.019856
0.017944
0.005524
-0.007820
-0.010847
0.002905
0.027019
0.058074
0.082251
0.096296
0.099126
0.100426
0.111856
0.135568
0.168621
0.197562
0.217326
0.232289
0.234929
0.230247
0.226690
0.216024
0.128192
-0.040462
-0.184566
-0.291449
-0.290094
-0.203999
-0.033027
0.119595
0.189229
0.194756
0.110022
0.015032
-0.083457
-0.110714
-0.119286
-0.107581
-0.101746
-0.100174
-0.094366
-0.082332
-0.020932
0.037471
0.091532
0.097407
0.058495
-0.018185
-0.104254
-0.145807
-0.142492
-0.090104
-0.020126
0.042213
0.070937
0.059269
0.034954
0.004898
-0.006060
-0.009767
-0.003968
-0.013195
-0.044875
-0.085163
-0.126340
-0.127935
-0.100784
-0.047172
0.001034
0.022063
0.009615
-0.030059
-0.063996
-0.084271
-0.076298
-0.055431
-0.030441
-0.020924
-0.029292
-0.044706
-0.059992
-0.056021
-0.039022
-0.008769
0.015365
0.023619
0.018029
0.003506
-0.002684
0.003212
0.025339
0.055209
0.085856
0.106781
0.115612
0.119584
0.127858
0.145934
0.170503
0.200168
0.224922
0.252510
0.266840
0.263646
0.244252
0.164759
-0.009465
-0.181803
-0.301878
-0.321473
-0.243842
-0.086707
0.093047
0.183383
0.209101
0.139431
0.046101
-0.059234
-0.114249
-0.128072
-0.127079
-0.120256
-0.121444
-0.105499
-0.089775
-0.029732
0.035142
0.094378
0.107713
0.072501
-0.000599
-0.092205
-0.149032
-0.154578
-0.110763
-0.040976
0.027129
0.068193
0.069434
0.046946
0.019341
0.002581
-0.004651
-0.004245
-0.008414
-0.027949
-0.063022
-0.105085
-0.127140
-0.120513
-0.080511
-0.031424
0.008128
0.019034
-0.003800
-0.042107
-0.072453
-0.083209
-0.073820
-0.053927
-0.036240
-0.032753
-0.041002
-0.052331
-0.055005
-0.045030
-0.023048
0.001117
0.017821
0.019602
0.008680
-0.002488
-0.006482
0.005343
0.030558
0.061135
0.088841
0.103899
0.110680
0.113198
0.119335
0.137964
0.164896
0.195016
0.221310
0.243637
0.255388
0.249364
0.234822
0.158889
-0.004036
-0.162269
-0.280373
-0.297001
-0.228806
-0.073421
0.090034
0.178419
0.200463
0.133952
0.046251
-0.055136
-0.098814
-0.116812
-0.113561
-0.110746
-0.109625
-0.098973
-0.085993
-0.027243
0.035401
0.093078
0.103515
0.069240
-0.002703
-0.091284
-0.143776
-0.148596
-0.101888
-0.033947
0.031177
0.068439
0.066090
0.044566
0.015149
0.002312
-0.004356
-0.000743
-0.006356
-0.026283
-0.061565
-0.104313
-0.123288
-0.110623
-0.066575
-0.017156
0.019382
0.025733
-0.000551
-0.045215
-0.075163
-0.082960
-0.068993
-0.044642
-0.024928
-0.020080
-0.033858
-0.047260
-0.052222
-0.042797
-0.019213
0.008166
0.026484
0.026044
0.014909
0.002421
-0.001873
0.008315
0.034944
0.067758
0.094501
0.107551
0.108421
0.110344
0.118672
0.140924
0.176560
0.208407
0.231208
0.247097
0.251086
0.243551
0.226822
0.154993
-0.010457
-0.173614
-0.294206
-0.310156
-0.231501
-0.069764
0.107470
0.195038
0.214680
0.134154
0.035994
-0.072371
-0.118092
-0.122803
-0.111644
-0.098154
-0.100266
-0.093087
-0.088646
-0.032786
0.032208
0.093710
0.109711
0.073872
0.000204
-0.095894
-0.150095
-0.153963
-0.103138
-0.028261
0.039010
0.077209
0.068263
0.042119
0.008763
-0.004731
-0.009230
-0.003812
-0.006207
-0.029593
-0.072183
-0.121387
-0.134395
-0.114009
-0.063324
-0.009277
0.025001
0.024560
-0.015659
-0.059937
-0.088268
-0.090254
-0.070444
-0.042831
-0.022176
-0.025779
-0.041190
-0.057385
-0.060962
-0.047999
-0.019458
0.009613
0.021958
0.018524
0.003850
-0.008791
-0.011554
0.003955
0.032493
0.062739
0.085860
0.096064
0.098438
0.093800
0.098718
0.116654
0.144590
0.175474
0.198936
0.220708
0.232300
0.231140
0.218609
0.197398
0.093435
-0.071030
-0.210993
-0.297647
-0.278243
-0.189103
-0.016662
0.115506
0.180636
0.168270
0.088051
-0.004902
-0.094694
-0.118279
-0.128316
-0.113908
-0.114631
-0.103578
-0.097653
-0.074662
-0.015109
0.041292
0.088165
0.081865
0.041694
-0.035072
-0.111971
-0.147315
-0.139305
-0.086572
-0.023462
0.033169
0.055219
0.045968
0.022459
-0.003044
-0.013408
-0.019790
-0.015952
-0.032174
-0.066906
-0.108949
-0.130835
-0.118176
-0.084325
-0.031933
0.002367
0.008300
-0.021080
-0.053787
-0.079376
-0.085582
-0.068272
-0.045796
-0.028185
-0.033893
-0.045602
-0.062740
-0.069368
-0.057517
-0.032498
-0.003203
0.010727
0.012910
0.000851
-0.010655
-0.013238
0.001448
0.029377
0.057185
0.080281
0.087476
0.089470
0.087130
0.096870
0.120325
0.153430
0.188186
0.213121
0.234062
0.235644
0.224873
0.212523
0.183483
0.074554
-0.091857
-0.224175
-0.307361
-0.285877
-0.184852
-0.009740
0.127501
0.186984
0.174905
0.083439
-0.017150
-0.112472
-0.136701
-0.140374
-0.120543
-0.106740
-0.092390
-0.081192
-0.060783
-0.006215
0.043258
0.083820
0.074174
0.030653
-0.045500
-0.120350
-0.151422
-0.137963
-0.079945
-0.011829
0.046728
0.069752
0.056322
0.026840
-0.003019
-0.018165
-0.024625
-0.018898
-0.027380
-0.056926
-0.100520
-0.127528
-0.118828
-0.086023
-0.033979
0.004894
0.014617
-0.012723
-0.047623
-0.074345
-0.083524
-0.067865
-0.042470
-0.021571
-0.024649
-0.037102
-0.056110
-0.065600
-0.055810
-0.028965
0.003333
0.019809
0.021573
0.008289
-0.006856
-0.013021
-0.000272
0.026343
0.054192
0.079667
0.091369
0.094525
0.094233
0.099134
0.117503
0.146540
0.179827
0.202714
0.218832
0.224452
0.218409
0.213105
0.203486
0.156820
0.014726
-0.127074
-0.245048
-0.279533
-0.225271
-0.094637
0.069133
0.151888
0.185694
0.123107
0.041200
-0.058167
-0.104898
-0.114351
-0.109256
-0.092686
-0.093650
-0.080088
-0.079884
-0.035870
0.015058
0.067136
0.089545
0.067517
0.013454
-0.067963
-0.120800
-0.135492
-0.103193
-0.042960
0.017617
0.059201
0.060772
0.043691
0.013606
-0.003180
-0.011888
-0.009762
-0.009749
-0.025187
-0.048883
-0.082460
-0.116382
-0.123908
-0.091331
-0.045461
-0.003949
0.008713
0.001988
-0.028921
-0.056097
-0.065110
-0.060824
-0.044730
-0.034236
-0.027042
-0.035299
-0.045780
-0.047827
-0.036137
-0.015245
0.006745
0.025195
0.025954
0.017945
0.006741
0.007875
0.019874
0.041405
0.072074
0.093373
0.107703
0.113305
0.121718
0.137094
0.161632
0.191162
0.215272
0.240640
0.255196
0.258107
0.246648
0.218584
0.111399
-0.066880
-0.212857
-0.305464
-0.287085
-0.188365
-0.012660
0.136616
0.201578
0.194844
0.105258
0.006109
-0.093422
-0.124965
-0.133256
-0.115877
-0.103429
-0.088923
-0.073274
-0.052472
0.005647
0.055691
0.097680
0.089731
0.045349
-0.031658
-0.109615
-0.143824
-0.134397
-0.078380
-0.009780
0.051161
0.078321
0.069719
0.043173
0.012886
-0.002004
-0.009481
-0.005979
-0.013666
-0.033370
-0.068650
-0.106544
-0.122327
-0.107359
-0.062579
-0.017106
0.017008
0.014853
-0.014690
-0.050511
-0.074590
-0.076348
-0.064451
-0.042585
-0.030686
-0.032759
-0.044481
-0.053931
-0.050724
-0.036433
-0.010024
0.011598
0.022221
0.016796
0.005042
-0.004869
-0.002494
0.017578
0.044665
0.073154
0.092455
0.103439
0.107295
0.111067
0.126108
0.151167
0.180310
0.207103
0.233665
0.251451
0.255474
0.249019
0.224292
0.118586
-0.058016
-0.207981
-0.303379
-0.290620
-0.193866
-0.019273
0.129988
0.197505
0.191698
0.106400
0.007333
-0.088300
-0.119307
-0.129037
-0.118250
-0.112700
-0.104829
-0.092535
-0.068292
-0.003621
0.056500
0.102113
0.097505
0.050258
-0.031131
-0.114385
-0.151626
-0.141470
-0.085093
-0.014428
0.046890
0.074197
0.064643
0.040351
0.012953
0.000499
-0.004715
0.000317
-0.007326
-0.027242
-0.053557
-0.075684
-0.081016
-0.078141
-0.074896
-0.064443
-0.043014
-0.030953
-0.021078
-0.026642
-0.031923
-0.044117
-0.055334
-0.057975
-0.064526
-0.061769
-0.060863
-0.050509
-0.039794
-0.028407
-0.015953
-0.007371
-0.000398
0.000930
0.006607
0.006230
0.009581
0.015202
0.027341
0.044156
0.063309
0.087376
0.101713
0.117078
0.131317
0.148242
0.171900
0.195455
0.222895
0.244825
0.260855
0.264416
0.238469
0.127355
-0.060502
-0.221266
-0.326574
-0.313389
-0.210252
-0.024694
0.134889
0.210026
0.207289
0.117534
0.014888
-0.085944
-0.118639
-0.126187
-0.121142
-0.120294
-0.113272
-0.102840
-0.075393
-0.010373
0.057698
0.105396
0.102523
0.053815
-0.033393
-0.121860
-0.166021
-0.154096
-0.096510
-0.018826
0.046496
0.077859
0.066072
0.038637
0.009375
-0.005992
-0.009522
-0.006092
-0.011136
-0.030618
-0.057237
-0.085892
-0.104811
-0.107315
-0.079267
-0.041160
-0.008606
0.005865
-0.000509
-0.022035
-0.055735
-0.072783
-0.075851
-0.068204
-0.057905
-0.049485
-0.045591
-0.050157
-0.047313
-0.038547
-0.023507
-0.008821
0.005067
0.010641
0.004273
-0.003604
-0.007847
-0.002298
0.010990
0.035748
0.061846
0.082617
0.093369
0.096038
0.100702
0.107297
0.130050
0.161769
0.190799
0.217491
0.238794
0.254980
0.250805
0.221332
0.113219
-0.065290
-0.220838
-0.318204
-0.299483
-0.199278
-0.024316
0.123434
0.194049
0.188625
0.106819
0.014949
-0.077605
-0.109940
-0.125013
-0.120117
-0.124741
-0.121552
-0.107868
-0.076494
-0.005031
0.060110
0.107981
0.097582
0.045149
-0.040482
-0.123236
-0.160071
-0.147724
-0.089563
-0.019941
0.038499
0.063573
0.054758
0.031783
0.006485
-0.005032
-0.010818
-0.009284
-0.020950
-0.044560
-0.072719
-0.098008
-0.118402
-0.114388
-0.076192
-0.034487
-0.001013
0.009113
-0.003376
-0.041054
-0.069063
-0.078192
-0.072629
-0.057370
-0.043667
-0.035317
-0.042985
-0.050507
-0.050407
-0.038743
-0.020903
-0.000241
0.017394
0.018106
0.010876
0.001238
0.000154
0.008763
0.031727
0.061754
0.084170
0.096544
0.102970
0.107703
0.116505
0.140603
0.170905
0.201001
0.227018
0.247888
0.253987
0.235284
0.175599
0.026169
-0.142623
-0.271593
-0.317311
-0.258075
-0.127010
0.050560
0.160726
0.203645
0.159386
0.070476
-0.027128
-0.096328
-0.114490
-0.125051
-0.118422
-0.124798
-0.113672
-0.097921
-0.049256
0.024103
0.083647
0.113870
0.083343
0.017793
-0.074709
-0.143739
-0.161230
-0.128510
-0.058483
0.009136
0.060148
0.068444
0.051451
0.023599
0.003723
-0.003123
-0.006082
-0.005617
-0.023754
-0.049361
-0.084644
-0.116973
-0.121766
-0.093110
-0.044576
-0.001235
0.021471
0.017723
-0.015613
-0.055343
-0.077298
-0.079387
-0.065082
-0.044951
-0.029036
-0.028500
-0.040119
-0.046944
-0.044176
-0.031303
-0.008706
0.014015
0.022949
0.017314
0.004849
-0.002106
0.001184
0.019339
0.051389
0.079695
0.095444
0.098907
0.095760
0.096652
0.108314
0.137738
0.176955
0.209079
0.231269
0.241612
0.239809
0.226023
0.191243
0.084935
-0.073539
-0.209621
-0.290869
-0.270248
-0.168928
-0.001163
0.136919
0.201996
0.192056
0.107566
0.011512
-0.077940
-0.108507
-0.120112
-0.109579
-0.105723
-0.099976
-0.087944
-0.059923
0.003519
0.060655
0.105817
0.098159
0.050457
-0.030596
-0.109829
-0.145111
-0.133878
-0.075250
-0.005399
0.054024
0.077948
0.066410
0.040181
0.012156
0.000020
-0.005250
-0.001558
-0.010337
-0.031379
-0.059493
-0.085969
-0.105111
-0.101837
-0.063973
-0.021899
0.010936
0.021043
0.006743
-0.030722
-0.059785
-0.068095
-0.062931
-0.046614
-0.031894
-0.024156
-0.031873
-0.039413
-0.039056
-0.028893
-0.012047
0.006656
0.022529
0.022826
0.016097
0.007989
0.008407
0.017538
0.037944
0.066284
0.084884
0.095061
0.099854
0.106689
0.113005
0.126465
0.151216
0.178719
0.206162
0.228682
0.241998
0.238177
0.219892
0.154256
0.005002
-0.150295
-0.264154
-0.293795
-0.227014
-0.088749
0.079538
0.171623
0.202097
0.144836
0.055478
-0.039770
-0.095131
-0.110262
-0.113717
-0.104797
-0.110913
-0.099454
-0.089729
-0.034656
0.032971
0.092004
0.113324
0.078416
0.009367
-0.083335
-0.142097
-0.151107
-0.109733
-0.039514
0.026287
0.067853
0.066780
0.045276
0.015934
-0.000490
-0.007061
-0.005675
-0.005965
-0.025830
-0.050631
-0.080775
-0.102310
-0.110839
-0.086138
-0.042305
-0.006615
0.013481
0.009959
-0.017060
-0.053941
-0.069959
-0.070242
-0.058539
-0.042920
-0.030335
-0.029331
-0.040013
-0.042825
-0.040043
-0.027853
-0.010198
0.009063
0.019731
0.014713
0.005825
-0.001035
0.001009
0.013125
0.038301
0.065431
0.084153
0.091997
0.094113
0.096529
0.100120
0.116829
0.143955
0.175633
0.199754
0.218367
0.226298
0.220657
0.200269
0.119946
-0.029704
-0.175449
-0.276776
-0.287469
-0.210353
-0.062407
0.089995
0.171352
0.187635
0.122150
0.034003
-0.054798
-0.099489
-0.113104
-0.111586
-0.107909
-0.109475
-0.101525
-0.082577
-0.027462
0.035621
0.088189
0.097713
0.060862
-0.012099
-0.093705
-0.143649
-0.143271
-0.099149
-0.030778
0.028578
0.060977
0.057422
0.032871
0.006751
-0.008737
-0.012513
-0.009948
-0.012370
-0.030179
-0.056776
-0.081810
-0.101200
-0.106487
-0.082965
-0.045224
-0.011950
0.003589
0.002649
-0.019310
-0.051702
-0.069402
-0.071527
-0.062900
-0.051200
-0.039322
-0.035673
-0.041493
-0.043069
-0.036441
-0.024484
-0.009687
0.006050
0.013573
0.009830
0.001439
-0.002618
0.001356
0.014557
0.040474
0.065342
0.080700
0.088900
0.093612
0.098662
0.104296
0.118168
0.140150
0.165971
0.190809
0.212454
0.225384
0.224803
0.200171
0.084341
-0.081259
-0.222486
-0.303986
-0.278227
-0.177264
-0.003330
0.124032
0.186421
0.170935
0.090271
0.002119
-0.077445
-0.098704
-0.110413
-0.103288
-0.109771
-0.108175
-0.106708
-0.079484
-0.013926
0.048811
0.098339
0.092232
0.046545
-0.036351
-0.115724
-0.148816
-0.136615
-0.079025
-0.013287
0.041489
0.058826
0.044381
0.018064
-0.005698
-0.012502
-0.011983
-0.002167
-0.009162
-0.028874
-0.062789
-0.098736
-0.117471
-0.105505
-0.065992
-0.022168
0.009415
0.016117
-0.002085
-0.033489
-0.059853
-0.075878
-0.072349
-0.059264
-0.046896
-0.039253
-0.040688
-0.044333
-0.045526
-0.036028
-0.019719
-0.001742
0.010721
0.011056
0.004102
-0.005399
-0.006945
0.000284
0.018433
0.040389
0.060216
0.074550
0.080675
0.081470
0.083615
0.093057
0.108037
0.127789
0.148017
0.165528
0.181013
0.199099
0.212694
0.227890
0.194799
0.053403
-0.102600
-0.244545
-0.297830
-0.261882
-0.131611
0.040748
0.143430
0.196758
0.149417
0.074899
-0.022841
-0.071403
-0.089330
-0.096567
-0.093137
-0.106096
-0.105477
-0.110621
-0.062006
0.001875
0.069892
0.109131
0.093509
0.039793
-0.052172
-0.116802
-0.143227
-0.117769
-0.057675
0.005497
0.052202
0.055728
0.040890
0.011151
-0.004488
-0.010227
-0.003439
0.002920
-0.011322
-0.034587
-0.073187
-0.104488
-0.110791
-0.084012
-0.037774
0.001577
0.024156
0.018065
-0.010554
-0.044879
-0.067696
-0.066898
-0.054102
-0.034833
-0.023438
-0.023011
-0.034570
-0.042791
-0.038991
-0.026861
-0.004664
0.015051
0.025651
0.021253
0.010821
0.003088
0.001403
0.013036
0.034929
0.061574
0.079243
0.089834
0.091636
0.090955
0.094958
0.106269
0.126904
0.151723
0.172756
0.190413
0.205506
0.210080
0.220572
0.198705
0.077951
-0.074707
-0.211611
-0.280360
-0.259210
-0.152204
0.016754
0.127835
0.191324
0.166064
0.096112
0.004185
-0.060563
-0.081644
-0.094971
-0.092604
-0.105971
-0.102733
-0.105815
-0.065046
-0.001673
0.065236
0.109470
0.099632
0.053840
-0.033286
-0.103257
-0.135374
-0.119925
-0.066386
-0.006255
0.043815
0.055873
0.046086
0.022364
0.006631
0.000563
0.003035
0.007282
-0.009255
-0.033177
-0.076137
-0.106614
-0.107443
-0.078854
-0.030301
0.007712
0.031576
0.020366
-0.011012
-0.050093
-0.070943
-0.067175
-0.050960
-0.025973
-0.015873
-0.017551
-0.034689
-0.043098
-0.041335
-0.028375
-0.003097
0.015731
0.026729
0.018598
0.008367
-0.000123
0.001401
0.017143
0.041972
0.067233
0.080067
0.087617
0.089738
0.093771
0.099430
0.112853
0.136407
0.159097
0.181340
0.202695
0.218472
0.225438
0.222527
0.156560
0.007951
-0.143851
-0.258498
-0.284402
-0.223850
-0.081602
0.072696
0.160905
0.187990
0.133841
0.054691
-0.032208
-0.074864
-0.090102
-0.096583
-0.101116
-0.111838
-0.110840
-0.099739
-0.044489
0.024789
0.085151
0.107340
0.077826
0.011526
-0.075178
-0.129194
-0.139468
-0.103348
-0.041571
0.015279
0.050722
0.048556
0.031347
0.008408
-0.002227
-0.003726
0.001132
-0.000691
-0.022562
-0.051087
-0.087529
-0.113872
-0.110887
-0.077684
-0.029372
0.005550
0.023199
0.011929
-0.022294
-0.056923
-0.071793
-0.066988
-0.052599
-0.033134
-0.023520
-0.026909
-0.039706
-0.043296
-0.037986
-0.024932
-0.003191
0.013694
0.020206
0.012237
0.002554
-0.002124
0.001493
0.017995
0.044058
0.069139
0.082967
0.087715
0.084650
0.083423
0.091011
0.108581
0.138743
0.167533
0.190566
0.206114
0.212545
0.213662
0.205505
0.138137
-0.009407
-0.154956
-0.263998
-0.284365
-0.219933
-0.076589
0.076567
0.160070
0.185495
0.125788
0.044172
-0.046309
-0.088181
-0.101320
-0.102051
-0.102412
-0.109047
-0.105886
-0.094552
-0.040127
0.022302
0.080865
0.096668
0.067906
0.000864
-0.082087
-0.132620
-0.139492
-0.099932
-0.039101
0.018291
0.050392
0.047715
0.027464
0.004054
-0.008040
-0.010245
-0.004670
-0.007526
-0.028690
-0.055878
-0.089286
-0.114524
-0.111823
-0.080010
-0.034141
-0.002246
0.013737
0.003669
-0.032053
-0.060120
-0.071864
-0.064815
-0.052079
-0.035214
-0.027136
-0.034927
-0.045588
-0.048541
-0.040251
-0.024764
-0.001227
0.016076
0.018818
0.009827
-0.001170
-0.003337
0.000815
0.021334
0.048172
0.069052
0.082312
0.086167
0.089214
0.092385
0.105023
0.127282
0.154262
0.177607
0.199957
0.215224
0.218706
0.218977
0.186808
0.079063
-0.083042
-0.215342
-0.291323
-0.268927
-0.164998
-0.003515
0.124993
0.180377
0.167239
0.087687
0.000854
-0.076000
-0.098830
-0.108018
-0.106543
-0.108817
-0.110250
-0.102866
-0.072556
-0.008859
0.052883
0.093229
0.087703
0.037541
-0.041436
-0.115201
-0.144668
-0.127689
-0.072910
-0.007425
0.041669
0.059900
0.044038
0.020187
-0.002043
-0.009993
-0.008682
-0.005701
-0.013884
-0.038840
-0.068219
-0.100227
-0.119596
-0.104088
-0.062814
-0.016387
0.009549
0.015228
-0.008496
-0.049615
-0.072277
-0.076191
-0.061048
-0.043460
-0.025942
-0.024852
-0.039341
-0.051580
-0.053207
-0.040000
-0.019909
0.006030
0.019859
0.017991
0.005144
-0.005334
-0.005743
0.003303
0.029510
0.056338
0.077240
0.084195
0.084629
0.087774
0.094771
0.113758
0.138607
0.165391
0.186048
0.205228
0.214640
0.215706
0.211448
0.176847
0.062027
-0.096202
-0.219825
-0.286742
-0.252601
-0.145276
0.017269
0.133273
0.181270
0.157909
0.075120
-0.011029
-0.082750
-0.097664
-0.106403
-0.100890
-0.101166
-0.098805
-0.089967
-0.061007
0.001290
0.055111
0.089889
0.079133
0.027585
-0.048770
-0.117511
-0.138450
-0.118777
-0.061363
0.001091
0.047605
0.060396
0.042529
0.019291
-0.003892
-0.011115
-0.012496
-0.007369
-0.016608
-0.038721
-0.064387
-0.097029
-0.111799
-0.095712
-0.053370
-0.011450
0.011897
0.013214
-0.016686
-0.050428
-0.068064
-0.066678
-0.051215
-0.033604
-0.019991
-0.024395
-0.037663
-0.049164
-0.047759
-0.034844
-0.012949
0.011859
0.023815
0.021088
0.007510
-0.002971
-0.004941
0.006368
0.033375
0.061211
0.082202
0.089501
0.089651
0.086259
0.090719
0.107686
0.135272
0.166890
0.189483
0.209831
0.218030
0.213615
0.205605
0.188663
0.119295
-0.026953
-0.161640
-0.259194
-0.271812
-0.198930
-0.056470
0.092687
0.166559
0.183294
0.117134
0.031118
-0.057755
-0.098193
-0.103779
-0.100060
-0.091737
-0.089961
-0.079593
-0.066808
-0.021413
0.032925
0.076425
0.083250
0.049388
-0.013252
-0.086161
-0.127626
-0.123870
-0.081274
-0.019164
0.034052
0.063050
0.055939
0.031582
0.005032
-0.010143
-0.013521
-0.009217
-0.012531
-0.037446
-0.075428
-0.102810
-0.103309
-0.077942
-0.034016
0.005834
0.020504
0.004116
-0.031993
-0.061452
-0.072937
-0.063147
-0.037526
-0.016769
-0.010388
-0.024303
-0.041839
-0.055069
-0.052350
-0.031026
-0.002995
0.017457
0.020807
0.012896
-0.001013
-0.007573
-0.001786
0.018651
0.045485
0.066621
0.078745
0.077292
0.073061
0.075755
0.090238
0.117321
0.146378
0.171725
0.189698
0.200319
0.207234
0.206710
0.209716
0.201300
0.141031
-0.003701
-0.152497
-0.261985
-0.289181
-0.217200
-0.078413
0.082909
0.164091
0.184943
0.120140
0.029267
-0.059260
-0.104179
-0.107005
-0.099707
-0.082734
-0.087632
-0.081870
-0.077147
-0.031384
0.024254
0.072549
0.090996
0.058270
-0.004429
-0.086890
-0.134193
-0.136649
-0.093559
-0.025269
0.035050
0.069051
0.061042
0.036386
0.004347
-0.012369
-0.015072
-0.009107
-0.005906
-0.019724
-0.040014
-0.065448
-0.080824
-0.094805
-0.088930
-0.058503
-0.026375
-0.001668
-0.003661
-0.018810
-0.044224
-0.059745
-0.060239
-0.051982
-0.038575
-0.033923
-0.033099
-0.040675
-0.044432
-0.041425
-0.027588
-0.008814
0.007398
0.019604
0.017125
0.009446
-0.000319
0.000290
0.012074
0.032711
0.060116
0.079216
0.089840
0.089865
0.092366
0.101576
0.115820
0.139169
0.164771
0.186371
0.204398
0.218679
0.217918
0.214783
0.198018
0.117089
-0.037341
-0.178058
-0.273062
-0.278084
-0.195850
-0.045743
0.101762
0.170360
0.177626
0.103108
0.015258
-0.072929
-0.106269
-0.111787
-0.102882
-0.093547
-0.094376
-0.085123
-0.070768
-0.015607
0.037915
0.083043
0.084720
0.044315
-0.026010
-0.103381
-0.140119
-0.131968
-0.080150
-0.014480
0.041725
0.066405
0.054897
0.028321
-0.000250
-0.013552
-0.016788
-0.010704
-0.012168
-0.027786
-0.049370
-0.076735
-0.098741
-0.103730
-0.079109
-0.041422
-0.007503
0.007314
-0.003786
-0.036375
-0.065191
-0.073502
-0.067020
-0.049666
-0.034313
-0.027159
-0.035177
-0.047345
-0.050717
-0.044589
-0.027460
-0.005683
0.013482
0.018271
0.009668
-0.002574
-0.010486
-0.006966
0.010476
0.038760
0.061124
0.076838
0.083462
0.083659
0.085319
0.094154
0.116323
0.140880
0.163196
0.182161
0.198997
0.208703
0.209837
0.210873
0.192181
0.103901
-0.050106
-0.185721
-0.276884
-0.272216
-0.184233
-0.031306
0.105941
0.168397
0.167733
0.091029
0.004222
-0.077879
-0.103834
-0.107396
-0.096544
-0.089230
-0.093359
-0.086513
-0.070468
-0.015047
0.038866
0.081363
0.081508
0.036075
-0.033724
-0.108882
-0.139415
-0.126570
-0.071752
-0.005820
0.044882
0.065078
0.047855
0.021720
-0.007960
-0.017291
-0.018507
-0.012377
-0.012442
-0.028630
-0.050330
-0.075778
-0.093242
-0.101528
-0.079449
-0.046142
-0.014910
-0.002505
-0.012189
-0.038311
-0.063969
-0.068044
-0.062651
-0.046543
-0.035391
-0.030687
-0.037771
-0.048198
-0.050641
-0.045827
-0.028662
-0.009446
0.009683
0.015553
0.010441
0.000343
-0.008646
-0.006654
0.006784
0.033357
0.057719
0.075660
0.082360
0.081530
0.082504
0.088597
0.107112
0.131949
0.161589
0.186721
0.203936
0.209740
0.206619
0.201021
0.182628
0.105569
-0.041017
-0.175266
-0.269649
-0.275358
-0.196299
-0.051917
0.092371
0.161078
0.170330
0.098813
0.011281
-0.074353
-0.109580
-0.113599
-0.105468
-0.090896
-0.089682
-0.080856
-0.069386
-0.022249
0.028664
0.068640
0.076402
0.038129
-0.025471
-0.099633
-0.136445
-0.129171
-0.082020
-0.015067
0.038493
0.065203
0.053520
0.026777
-0.003675
-0.018442
-0.021247
-0.015878
-0.013506
-0.024986
-0.042707
-0.064455
-0.078571
-0.091185
-0.083953
-0.058827
-0.031142
-0.009801
-0.009986
-0.026560
-0.053226
-0.065289
-0.066199
-0.057136
-0.045881
-0.038573
-0.037655
-0.044304
-0.045591
-0.042944
-0.030683
-0.015292
0.001017
0.011224
0.008759
0.002439
-0.005280
-0.004962
0.005326
0.027321
0.051469
0.068994
0.079319
0.082648
0.085708
0.091705
0.109026
0.133518
0.158354
0.178458
0.193184
0.204453
0.203922
0.205082
0.195493
0.130796
-0.010443
-0.152846
-0.254734
-0.279806
-0.209078
-0.074230
0.077894
0.154447
0.172602
0.111155
0.022619
-0.062137
-0.105157
-0.105709
-0.101617
-0.084953
-0.087958
-0.083753
-0.077468
-0.035745
0.021053
0.065307
0.082839
0.049925
-0.011154
-0.087882
-0.132293
-0.130148
-0.087887
-0.020695
0.034512
0.065581
0.056163
0.030830
0.001752
-0.014522
-0.014859
-0.008673
-0.003673
-0.019473
-0.051740
-0.086190
-0.098386
-0.087130
-0.054201
-0.014579
0.012185
0.012866
-0.011234
-0.041873
-0.071407
-0.076655
-0.061682
-0.038354
-0.020626
-0.019943
-0.028322
-0.044689
-0.050621
-0.042219
-0.021810
-0.000070
0.012698
0.014428
0.003906
-0.006540
-0.010605
0.000042
0.017886
0.041610
0.062824
0.071986
0.074535
0.072065
0.074806
0.082130
0.099769
0.126759
0.156090
0.178074
0.191114
0.200833
0.203166
0.209272
0.214280
0.177245
0.054430
-0.100549
-0.224482
-0.284776
-0.244595
-0.124530
0.039288
0.147372
0.188769
0.151143
0.065131
-0.025621
-0.087466
-0.097310
-0.095921
-0.082652
-0.083742
-0.084672
-0.082659
-0.050909
0.008645
0.063842
0.096297
0.079000
0.023550
-0.057195
-0.120172
-0.135442
-0.105766
-0.042598
0.020198
0.062548
0.066213
0.043745
0.015358
-0.005520
-0.007861
-0.004193
0.002750
-0.005858
-0.025866
-0.053475
-0.075484
-0.085385
-0.078414
-0.051539
-0.022386
0.002627
0.007664
-0.004174
-0.026946
-0.052730
-0.064452
-0.060775
-0.047510
-0.035318
-0.027728
-0.026607
-0.031941
-0.032648
-0.025901
-0.012673
0.001295
0.012922
0.017590
0.013198
0.005401
0.000633
0.005967
0.019300
0.040746
0.062803
0.077700
0.084457
0.087227
0.091115
0.098049
0.111952
0.136088
0.160866
0.181000
0.199752
0.209201
0.210581
0.211437
0.199059
0.112871
-0.037942
-0.173330
-0.265607
-0.265622
-0.183985
-0.030729
0.104989
0.173088
0.175655
0.106154
0.020736
-0.062436
-0.091262
-0.098943
-0.090457
-0.086712
-0.085834
-0.082021
-0.068109
-0.016572
0.038874
0.082623
0.086148
0.049174
-0.018338
-0.092419
-0.127640
-0.119975
-0.072841
-0.011174
0.040054
0.063494
0.052375
0.028978
0.004035
-0.006431
-0.008118
-0.002019
-0.003491
-0.020181
-0.042966
-0.065726
-0.078734
-0.084062
-0.067960
-0.042797
-0.015777
-0.000306
-0.001245
-0.016781
-0.042358
-0.062393
-0.068181
-0.060694
-0.048884
-0.036911
-0.031187
-0.032544
-0.036570
-0.034587
-0.026669
-0.015524
-0.001557
0.007574
0.009299
0.003808
-0.002042
-0.003418
0.003599
0.021515
0.046516
0.069056
0.080809
0.083891
0.082181
0.082104
0.086696
0.106360
0.137940
0.167861
0.192165
0.204640
0.207628
0.205228
0.201855
0.170737
0.052183
-0.095264
-0.220368
-0.283113
-0.251927
-0.143090
0.021046
0.132313
0.186475
0.156739
0.077715
-0.016886
-0.087037
-0.106647
-0.111862
-0.097833
-0.097289
-0.088428
-0.086878
-0.057531
-0.005080
0.046376
0.080242
0.068600
0.024883
-0.050695
-0.113334
-0.137895
-0.118780
-0.064491
-0.004352
0.043170
0.055634
0.042933
0.016934
-0.003926
-0.013364
-0.013087
-0.007933
-0.016821
-0.035975
-0.061325
-0.081894
-0.095098
-0.088503
-0.062290
-0.029779
-0.003613
0.003614
-0.008129
-0.031911
-0.056153
-0.071890
-0.071291
-0.061623
-0.048841
-0.039081
-0.036574
-0.038412
-0.039286
-0.032434
-0.021775
-0.009223
0.001762
0.006102
0.003989
-0.001175
-0.002491
0.002679
0.017535
0.038971
0.060943
0.075472
0.082075
0.082789
0.086263
0.094772
0.109419
0.134158
0.160716
0.183889
0.201042
0.211412
0.215290
0.214223
0.163508
0.023760
-0.127714
-0.250769
-0.292672
-0.244088
-0.113761
0.047632
0.145927
0.187393
0.142147
0.063204
-0.028612
-0.084219
-0.102306
-0.107560
-0.102733
-0.107708
-0.102144
-0.095699
-0.051454
0.008307
0.064962
0.092310
0.071484
0.015710
-0.066599
-0.124994
-0.142582
-0.113433
-0.054311
0.005182
0.048220
0.053267
0.038529
0.013759
-0.002246
-0.007980
-0.005532
-0.004622
-0.020461
-0.044977
-0.074382
-0.095936
-0.102506
-0.081215
-0.044619
-0.008545
0.011469
0.008271
-0.014612
-0.043382
-0.063584
-0.071517
-0.063960
-0.050682
-0.039408
-0.035820
-0.038400
-0.040882
-0.038902
-0.028525
-0.014151
0.001098
0.009231
0.008776
0.003619
-0.002279
-0.001155
0.009444
0.029892
0.052786
0.069599
0.079479
0.081650
0.083424
0.088389
0.101881
0.122296
0.144795
0.167201
0.185897
0.199469
0.207590
0.213882
0.210565
0.116786
-0.039182
-0.181842
-0.280486
-0.278925
-0.198833
-0.032795
0.100688
0.176186
0.177895
0.108733
0.023234
-0.060582
-0.087220
-0.103318
-0.097875
-0.105847
-0.106720
-0.107687
-0.086846
-0.025123
0.037726
0.093042
0.095654
0.059188
-0.018056
-0.099472
-0.141374
-0.138799
-0.089766
-0.026724
0.030890
0.055934
0.049770
0.027904
0.004974
-0.005055
-0.008924
-0.004414
-0.015003
-0.036022
-0.072881
-0.105298
-0.107271
-0.086877
-0.040109
-0.000110
0.026412
0.017658
-0.014383
-0.045491
-0.072070
-0.075897
-0.064936
-0.041138
-0.028751
-0.025647
-0.032290
-0.041786
-0.044227
-0.037105
-0.015397
0.002060
0.014826
0.014581
0.007538
0.001093
-0.000787
0.014298
0.034263
0.057747
0.072663
0.080718
0.082959
0.083983
0.090045
0.098948
0.118234
0.146602
0.172096
0.193270
0.209891
0.223821
0.230572
0.191222
0.050002
-0.108995
-0.245639
-0.302893
-0.262308
-0.138255
0.035013
0.138973
0.194191
0.153827
0.078875
-0.013843
-0.072600
-0.092732
-0.105479
-0.105705
-0.121014
-0.117767
-0.113991
-0.061779
0.008860
0.077843
0.114418
0.093457
0.033872
-0.059207
-0.127405
-0.151212
-0.125744
-0.063886
-0.000614
0.047793
0.056139
0.043627
0.021342
0.007176
0.002277
0.002759
0.001096
-0.021348
-0.048479
-0.083703
-0.106637
-0.106574
-0.080188
-0.033611
0.003310
0.024422
0.013232
-0.017660
-0.048153
-0.070133
-0.071324
-0.059973
-0.041282
-0.031537
-0.029174
-0.035362
-0.040088
-0.037767
-0.026532
-0.007814
0.006538
0.015464
0.012655
0.005547
0.000397
0.002166
0.017577
0.037897
0.060618
0.075913
0.083530
0.085169
0.087176
0.092907
0.104487
0.126699
0.153667
0.178494
0.194147
0.206978
0.213837
0.219564
0.202312
0.085416
-0.069601
-0.208211
-0.286630
-0.265482
-0.166070
0.004555
0.121365
0.187107
0.167612
0.094903
0.004806
-0.068225
-0.090783
-0.105556
-0.099432
-0.108276
-0.103321
-0.101280
-0.066596
-0.003774
0.056478
0.100033
0.089648
0.043597
-0.038617
-0.110532
-0.141635
-0.128919
-0.073643
-0.011973
0.040553
0.057712
0.048806
0.026549
0.006353
-0.002260
-0.005013
-0.004432
-0.020219
-0.042979
-0.079526
-0.102925
-0.101257
-0.073445
-0.026190
0.010740
0.030582
0.012808
-0.019300
-0.054819
-0.075688
-0.071633
-0.052565
-0.026855
-0.015841
-0.015890
-0.029844
-0.041951
-0.042897
-0.029954
-0.006622
0.010663
0.021423
0.016444
0.008022
0.000875
0.005783
0.023794
0.045257
0.069567
0.082791
0.086457
0.086007
0.090123
0.096840
0.113398
0.146052
0.173801
0.198560
0.214209
0.224829
0.224859
0.213435
0.138209
-0.017001
-0.163564
-0.270383
-0.283392
-0.210903
-0.060932
0.090415
0.173043
0.190475
0.128429
0.044361
-0.044098
-0.086089
-0.101719
-0.104003
-0.103461
-0.105277
-0.095351
-0.075467
-0.018894
0.041878
0.091110
0.098940
0.062180
-0.007214
-0.088400
-0.133598
-0.136097
-0.092867
-0.030813
0.027248
0.059860
0.057140
0.038855
0.014304
0.001231
-0.005084
-0.003702
-0.009470
-0.028295
-0.053482
-0.079938
-0.095933
-0.093653
-0.068953
-0.034096
-0.001601
0.012107
0.003061
-0.023915
-0.050585
-0.070300
-0.071782
-0.059149
-0.042254
-0.030329
-0.029288
-0.033437
-0.039253
-0.035995
-0.024584
-0.006747
0.009774
0.016515
0.015252
0.005729
-0.000886
-0.000197
0.013808
0.036715
0.061429
0.082016
0.090426
0.093316
0.094959
0.101039
0.115848
0.141139
0.168196
0.189739
0.206086
0.215161
0.219078
0.216324
0.179000
0.062134
-0.096536
-0.224299
-0.291440
-0.258106
-0.145806
0.015723
0.136275
0.184449
0.162135
0.077575
-0.011692
-0.084419
-0.105284
-0.111565
-0.102870
-0.099248
-0.093909
-0.082170
-0.051647
0.006693
0.056840
0.087625
0.072329
0.021172
-0.053827
-0.118401
-0.138891
-0.117661
-0.060639
0.001465
0.048721
0.062484
0.048119
0.023962
0.001177
-0.009560
-0.012446
-0.010386
