-0.284641
-0.391904
-0.200704
0.026535
0.161699
0.203880
0.052152
-0.060069
-0.125359
-0.245444
-0.290377
-0.331205
-0.317523
-0.187893
-0.123541
-0.021057
0.003232
-0.078861
-0.143087
-0.197075
-0.060221
0.167193
0.326372
0.367083
0.411986
0.432619
0.474236
0.308182
-0.048169
-0.244410
-0.392164
-0.250236
-0.038811
0.120976
0.186354
0.089612
-0.035337
-0.093834
-0.195232
-0.265700
-0.332382
-0.349462
-0.247730
-0.134181
-0.036605
0.015611
-0.051269
-0.152836
-0.208072
-0.110703
0.137570
0.318110
0.372469
0.401318
0.391865
0.422938
0.333651
0.047490
-0.172270
-0.364050
-0.318531
-0.104673
0.070899
0.208847
0.171215
-0.000801
-0.118877
-0.244484
-0.273312
-0.282569
-0.322556
-0.253417
-0.176713
-0.086472
-0.000990
-0.033783
-0.105813
-0.190460
-0.135606
0.045561
0.255790
0.357060
0.397936
0.438973
0.401627
0.397084
0.098271
-0.132271
-0.338497
-0.329587
-0.141590
0.057259
0.162451
0.180600
0.022111
-0.069442
-0.181177
-0.263082
-0.290891
-0.316869
-0.267024
-0.172317
-0.109845
-0.027201
-0.026372
-0.104699
-0.172524
-0.184999
-0.004145
0.218817
0.347736
0.378153
0.406521
0.387176
0.412406
0.219732
-0.040821
-0.236210
-0.342961
-0.222783
-0.020323
0.120483
0.181675
0.091423
-0.041196
-0.105544
-0.229657
-0.277918
-0.324772
-0.317926
-0.208935
-0.114706
-0.041306
-0.004006
-0.087327
-0.144765
-0.190059
-0.070092
0.134025
0.320691
0.354787
0.419613
0.439391
0.463227
0.349169
-0.016162
-0.204022
-0.403511
-0.283667
-0.074596
0.131673
0.205765
0.163679
-0.001271
-0.060396
-0.215460
-0.283454
-0.319274
-0.332989
-0.229220
-0.120819
-0.036962
0.019196
-0.040052
-0.141415
-0.199721
-0.154790
0.079927
0.284601
0.355700
0.395783
0.405260
0.418726
0.408153
0.170484
-0.083073
-0.293101
-0.346954
-0.145182
0.037621
0.172716
0.180969
0.072369
-0.046114
-0.126133
-0.232761
-0.277832
-0.326817
-0.288624
-0.163487
-0.075332
-0.002921
-0.010928
-0.087919
-0.173359
-0.187194
-0.045945
0.212186
0.351554
0.410672
0.401178
0.391704
0.408933
0.276844
0.033378
-0.170822
-0.328288
-0.222816
-0.037319
0.132016
0.197204
0.130847
-0.017067
-0.094553
-0.204926
-0.228132
-0.275349
-0.300322
-0.224878
-0.134113
-0.063696
0.005587
-0.050485
-0.103464
-0.142899
-0.080260
0.106941
0.287866
0.349307
0.392928
0.433763
0.466120
0.447979
0.114749
-0.151018
-0.331158
-0.319216
-0.091251
0.103840
0.207705
0.191393
0.001467
-0.075051
-0.153520
-0.225661
-0.247257
-0.295025
-0.253111
-0.135964
-0.098240
0.002585
-0.020749
-0.083740
-0.138600
-0.146446
0.044987
0.249893
0.371263
0.405347
0.416777
0.403056
0.453505
0.230261
-0.033611
-0.227083
-0.340528
-0.151689
0.005493
0.150660
0.177140
0.087922
-0.023519
-0.061332
-0.198724
-0.241415
-0.323930
-0.307311
-0.199681
-0.087986
-0.016171
0.030067
-0.064112
-0.128375
-0.170860
-0.054079
0.154021
0.319233
0.359224
0.426775
0.439935
0.477284
0.373662
0.034715
-0.178612
-0.367078
-0.263348
-0.048028
0.137831
0.201848
0.178152
0.012043
-0.059204
-0.185932
-0.265247
-0.299307
-0.319468
-0.236085
-0.106844
-0.037968
0.023761
-0.028671
-0.138904
-0.187508
-0.140445
0.085454
0.283175
0.375879
0.385769
0.419100
0.432821
0.421574
0.185860
-0.085988
-0.287344
-0.322456
-0.153659
0.064052
0.177633
0.199373
0.061191
-0.070302
-0.156561
-0.232590
-0.244779
-0.286776
-0.276827
-0.189543
-0.103819
-0.025197
0.005246
-0.084288
-0.144210
-0.171109
-0.014868
0.181377
0.330283
0.346760
0.409422
0.434872
0.483203
0.318687
-0.011250
-0.225254
-0.376993
-0.232846
-0.036699
0.156565
0.189760
0.117139
-0.032201
-0.093369
-0.175078
-0.228758
-0.295005
-0.333246
-0.257279
-0.131679
-0.034402
0.019574
-0.035085
-0.125593
-0.194310
-0.118677
0.097872
0.295129
0.382406
0.367646
0.400895
0.406863
0.420223
0.153969
-0.119410
-0.303794
-0.351598
-0.127256
0.053415
0.171634
0.172019
0.038805
-0.059819
-0.132685
-0.277135
-0.296321
-0.348921
-0.286263
-0.152747
-0.081258
0.001571
-0.019046
-0.119878
-0.180880
-0.179985
0.016491
0.211540
0.332123
0.356940
0.385453
0.438010
0.470957
0.293925
-0.042447
-0.282472
-0.411243
-0.223483
-0.017869
0.186674
0.196334
0.089510
-0.054473
-0.122325
-0.224934
-0.262938
-0.302768
-0.304776
-0.211348
-0.147343
-0.052083
-0.012359
-0.057384
-0.141748
-0.197850
-0.103752
0.147241
0.285150
0.341140
0.369034
0.412316
0.450230
0.403191
0.069048
-0.152003
-0.372604
-0.315393
-0.093626
0.076237
0.177538
0.137296
-0.007319
-0.074204
-0.153902
-0.234707
-0.295857
-0.368491
-0.301287
-0.178696
-0.058781
0.010900
-0.013523
-0.133685
-0.199992
-0.194820
0.040119
0.233735
0.357569
0.374675
0.375130
0.371142
0.397488
0.207612
-0.008465
-0.248575
-0.329993
-0.203144
-0.017651
0.125501
0.169935
0.064984
-0.034771
-0.132155
-0.218558
-0.267225
-0.309687
-0.305112
-0.225327
-0.139192
-0.059013
-0.008668
-0.070745
-0.137010
-0.199209
-0.092840
0.132114
0.294829
0.352521
0.385412
0.412488
0.424088
0.369307
0.050733
-0.141757
-0.358411
-0.289106
-0.105568
0.076701
0.160401
0.157757
0.027227
-0.048477
-0.176968
-0.258157
-0.308158
-0.341345
-0.268861
-0.172763
-0.065685
-0.005079
-0.019870
-0.119948
-0.198171
-0.187932
0.026340
0.240351
0.344948
0.358690
0.370792
0.388313
0.449680
0.252748
-0.005960
-0.247303
-0.378049
-0.217663
0.004708
0.168165
0.221948
0.058078
-0.071050
-0.147870
-0.224803
-0.226050
-0.299269
-0.295568
-0.213819
-0.137133
-0.041609
0.002406
-0.061784
-0.126409
-0.213699
-0.085637
0.144686
0.308440
0.375579
0.362972
0.358719
0.379979
0.337595
0.142426
-0.069821
-0.262763
-0.281617
-0.124746
0.047798
0.158041
0.145504
0.019739
-0.071557
-0.160431
-0.221005
-0.263063
-0.305311
-0.268896
-0.190190
-0.099525
-0.024835
-0.018370
-0.090894
-0.153375
-0.137275
0.044426
0.227146
0.319068
0.347030
0.418261
0.420337
0.479271
0.224229
-0.051929
-0.267386
-0.375380
-0.152335
0.036352
0.185942
0.206722
0.067572
-0.052728
-0.129807
-0.236980
-0.238691
-0.307882
-0.285318
-0.193759
-0.116448
-0.025769
-0.001958
-0.068312
-0.143734
-0.207370
-0.091279
0.146090
0.298998
0.361365
0.379793
0.396379
0.431175
0.388363
0.106431
-0.107093
-0.328156
-0.270278
-0.078615
0.077982
0.189787
0.121774
-0.006137
-0.080136
-0.150967
-0.192680
-0.250572
-0.330553
-0.274466
-0.204401
-0.071015
0.007079
0.006236
-0.085722
-0.171746
-0.149855
0.039542
0.236615
0.348981
0.340621
0.428394
0.412267
0.494358
0.238717
-0.032938
-0.267479
-0.377078
-0.171380
0.039361
0.167110
0.181833
0.064049
-0.045802
-0.084641
-0.224456
-0.245378
-0.323259
-0.305811
-0.201792
-0.118067
-0.029031
0.012885
-0.072490
-0.134590
-0.198429
-0.066406
0.173498
0.321574
0.366563
0.400336
0.380915
0.457141
0.375640
0.113307
-0.139554
-0.347263
-0.291624
-0.055446
0.103049
0.191805
0.127992
-0.008075
-0.082710
-0.169976
-0.232409
-0.268175
-0.303532
-0.257810
-0.150771
-0.079718
-0.000708
-0.033767
-0.114661
-0.196220
-0.147572
0.044200
0.273332
0.341909
0.356909
0.370162
0.398675
0.438573
0.252864
-0.029640
-0.232571
-0.349672
-0.165115
0.030680
0.151182
0.175089
0.060411
-0.055743
-0.105907
-0.191456
-0.245614
-0.287521
-0.321367
-0.197322
-0.128586
-0.026668
-0.007729
-0.060472
-0.150610
-0.176114
-0.071980
0.167877
0.309750
0.350477
0.349883
0.378509
0.410018
0.379541
0.119618
-0.092800
-0.298398
-0.283654
-0.097208
0.069227
0.163184
0.126668
0.005730
-0.060517
-0.145888
-0.213150
-0.275567
-0.329310
-0.284408
-0.186838
-0.078568
0.011731
-0.014447
-0.093149
-0.185863
-0.138913
0.052503
0.261045
0.352767
0.373746
0.370938
0.389931
0.411386
0.240291
-0.007929
-0.240580
-0.341530
-0.176488
0.013683
0.177724
0.181386
0.055805
-0.071183
-0.155654
-0.220798
-0.244575
-0.289769
-0.283198
-0.207086
-0.126035
-0.045571
-0.012949
-0.056476
-0.130933
-0.181585
-0.075705
0.125811
0.294233
0.329509
0.341351
0.385004
0.443310
0.428721
0.164426
-0.095082
-0.303989
-0.311956
-0.118917
0.053159
0.149908
0.136845
0.022622
-0.046884
-0.129886
-0.236088
-0.297221
-0.345193
-0.284990
-0.159848
-0.076050
0.008323
-0.015721
-0.111669
-0.189031
-0.155630
0.019412
0.243901
0.329445
0.340275
0.406130
0.410952
0.483958
0.248348
-0.054476
-0.262712
-0.352901
-0.192331
0.023851
0.152235
0.180691
0.070234
-0.075576
-0.116161
-0.248537
-0.272634
-0.313944
-0.303636
-0.195909
-0.112418
-0.023835
0.012102
-0.075833
-0.149799
-0.180407
-0.045655
0.176196
0.308221
0.340365
0.390764
0.422630
0.474746
0.358791
0.031900
-0.187299
-0.364122
-0.244302
-0.053865
0.088875
0.131605
0.080001
-0.016179
-0.056981
-0.169480
-0.267039
-0.330652
-0.354194
-0.243829
-0.139326
-0.040192
0.003238
-0.056709
-0.141370
-0.179928
-0.085578
0.125956
0.291059
0.308132
0.344972
0.405246
0.480265
0.466915
0.114031
-0.148239
-0.382383
-0.341855
-0.100385
0.091143
0.214900
0.161292
-0.007007
-0.100551
-0.193653
-0.261055
-0.289219
-0.336557
-0.264450
-0.168859
-0.071110
0.009310
-0.014114
-0.115001
-0.202423
-0.175915
0.043446
0.241689
0.351276
0.362607
0.401455
0.424968
0.426711
0.209421
-0.052541
-0.296839
-0.332546
-0.191038
0.029336
0.153879
0.163061
0.052708
-0.050649
-0.141316
-0.208497
-0.289443
-0.325439
-0.304938
-0.205060
-0.096140
-0.023809
0.001875
-0.086600
-0.180048
-0.205767
-0.052196
0.192633
0.363936
0.382718
0.399366
0.360153
0.408984
0.294916
0.049594
-0.172115
-0.344470
-0.239446
-0.050755
0.120637
0.190479
0.116474
-0.029665
-0.115720
-0.216709
-0.241948
-0.299235
-0.294715
-0.239354
-0.146911
-0.063156
-0.007220
-0.046841
-0.130178
-0.208730
-0.125906
0.087246
0.300623
0.364742
0.373422
0.371221
0.376045
0.396129
0.185101
-0.008818
-0.256505
-0.324563
-0.162297
0.000528
0.157777
0.156106
0.051762
-0.056825
-0.146963
-0.211518
-0.235675
-0.310292
-0.295373
-0.225746
-0.118564
-0.028150
-0.011977
-0.074739
-0.137742
-0.165944
-0.026806
0.161622
0.323066
0.356586
0.397005
0.400454
0.446376
0.354624
0.046561
-0.175880
-0.350445
-0.273855
-0.064078
0.103456
0.193007
0.147756
-0.008817
-0.080545
-0.176278
-0.252855
-0.284182
-0.321280
-0.256918
-0.148410
-0.063678
0.021309
-0.022398
-0.120008
-0.194097
-0.142924
0.061239
0.273097
0.353493
0.395436
0.404709
0.424977
0.425155
0.180453
-0.048124
-0.266644
-0.323805
-0.163871
0.035032
0.169142
0.187916
0.055360
-0.041126
-0.136063
-0.207807
-0.247466
-0.299152
-0.283438
-0.202678
-0.104071
-0.015729
-0.001776
-0.075590
-0.156261
-0.188259
-0.042376
0.169560
0.327550
0.369388
0.373046
0.405580
0.428970
0.372552
0.099061
-0.114029
-0.323563
-0.274930
-0.073131
0.108222
0.199546
0.127007
-0.010066
-0.094482
-0.164409
-0.219782
-0.248024
-0.308186
-0.244652
-0.165507
-0.074164
-0.009642
-0.010771
-0.100851
-0.158953
-0.162770
0.055670
0.261916
0.354239
0.389500
0.366919
0.417122
0.437891
0.271008
0.016321
-0.215977
-0.353772
-0.200529
-0.020622
0.163360
0.207734
0.077846
-0.017611
-0.127593
-0.193716
-0.247530
-0.298547
-0.292985
-0.207794
-0.131065
-0.024947
0.000962
-0.043007
-0.135743
-0.184359
-0.072737
0.135813
0.303609
0.371176
0.388601
0.442197
0.442787
0.413372
0.100531
-0.128565
-0.347337
-0.283485
-0.098387
0.098821
0.173717
0.159885
0.028740
-0.050492
-0.142415
-0.225242
-0.292111
-0.329315
-0.279914
-0.158086
-0.059617
0.008660
0.008706
-0.103209
-0.173334
-0.184067
0.000977
0.226473
0.344747
0.382132
0.390190
0.384920
0.431823
0.286857
0.047385
-0.187211
-0.318659
-0.227860
-0.015559
0.115692
0.189677
0.083581
-0.028461
-0.113978
-0.179872
-0.231447
-0.272997
-0.297140
-0.230093
-0.138583
-0.067392
-0.011206
-0.049269
-0.132652
-0.183591
-0.123699
0.096358
0.285433
0.363372
0.393303
0.352110
0.376236
0.375510
0.215295
-0.019162
-0.228234
-0.314435
-0.142764
0.018341
0.165949
0.155600
0.023714
-0.071215
-0.134643
-0.170644
-0.221544
-0.299848
-0.308485
-0.232948
-0.130494
-0.044188
-0.002047
-0.059796
-0.148189
-0.176865
-0.067278
0.151918
0.308715
0.355402
0.365194
0.367587
0.393934
0.379584
0.108575
-0.114180
-0.314552
-0.271053
-0.089657
0.068125
0.140206
0.120523
0.010824
-0.068558
-0.139623
-0.230568
-0.286621
-0.338575
-0.282986
-0.176077
-0.068134
-0.020080
-0.009370
-0.125296
-0.189230
-0.200289
-0.001989
0.228599
0.352075
0.371136
0.384454
0.347965
0.427710
0.273841
0.034788
-0.184358
-0.354499
-0.216009
-0.020202
0.111711
0.179547
0.055016
-0.049376
-0.099164
-0.174408
-0.205779
-0.293500
-0.339220
-0.266487
-0.169038
-0.058326
0.008283
-0.041966
-0.127370
-0.214160
-0.149960
0.062598
0.262089
0.336816
0.348770
0.376096
0.389010
0.415598
0.223609
-0.040472
-0.254745
-0.343044
-0.168003
0.036610
0.146934
0.168256
0.047388
-0.072643
-0.128986
-0.203413
-0.244447
-0.307030
-0.309485
-0.229011
-0.125268
-0.054083
-0.000152
-0.078203
-0.159616
-0.220474
-0.092227
0.122817
0.322829
0.346108
0.371648
0.339872
0.393322
0.361030
0.167035
-0.073627
-0.278188
-0.298341
-0.129006
0.039680
0.149141
0.119750
0.016805
-0.076451
-0.157288
-0.218880
-0.266510
-0.303203
-0.281999
-0.199267
-0.112142
-0.034999
-0.026384
-0.095770
-0.159807
-0.159106
0.010392
0.194428
0.312667
0.338644
0.388866
0.405268
0.456740
0.295422
0.032782
-0.225286
-0.361432
-0.253178
-0.036779
0.126639
0.177017
0.094036
-0.025201
-0.102226
-0.202042
-0.259864
-0.324926
-0.310631
-0.240606
-0.113440
-0.061929
-0.000822
-0.067091
-0.128081
-0.195740
-0.109840
0.072883
0.280863
0.334648
0.367015
0.373092
0.422386
0.413863
0.198270
-0.076068
-0.275479
-0.327143
-0.140744
0.024950
0.156382
0.138780
0.037156
-0.063716
-0.146519
-0.206324
-0.264670
-0.292397
-0.283665
-0.201981
-0.118037
-0.042167
-0.015687
-0.073120
-0.149323
-0.170121
-0.029642
0.151891
0.310991
0.329553
0.375903
0.406855
0.456929
0.384243
0.056074
-0.171255
-0.361682
-0.284505
-0.058151
0.105184
0.184044
0.119784
-0.020871
-0.081491
-0.155042
-0.238303
-0.282436
-0.329095
-0.265441
-0.148523
-0.083284
0.004727
-0.012382
-0.104124
-0.181153
-0.168553
0.035119
0.278066
0.365474
0.373954
0.384294
0.387042
0.436265
0.245706
-0.003773
-0.243587
-0.341459
-0.207658
0.008197
0.138092
0.189639
0.050031
-0.050731
-0.128510
-0.195635
-0.242813
-0.306337
-0.311684
-0.223579
-0.111857
-0.021326
0.031405
-0.076360
-0.144521
-0.200202
-0.059657
0.146249
0.321166
0.328072
0.396893
0.417842
0.488228
0.405498
0.067640
-0.168609
-0.397453
-0.307368
-0.082528
0.127678
0.208103
0.165291
-0.006167
-0.069380
-0.190808
-0.240469
-0.313570
-0.323066
-0.267116
-0.136069
-0.050628
0.029348
-0.011616
-0.116590
-0.214261
-0.173034
0.041126
0.268388
0.378899
0.355122
0.376038
0.386928
0.434773
0.264349
0.007373
-0.226768
-0.336365
-0.204568
0.010931
0.147308
0.181977
0.073852
-0.056540
-0.123569
-0.195817
-0.242487
-0.285352
-0.302261
-0.218302
-0.116521
-0.056288
0.005041
-0.064051
-0.135917
-0.190689
-0.108042
0.125550
0.309426
0.364209
0.397277
0.369518
0.411765
0.386356
0.165080
-0.059574
-0.280405
-0.312953
-0.115414
0.040124
0.193733
0.144472
0.016902
-0.081127
-0.156489
-0.225074
-0.235995
-0.294346
-0.250932
-0.189236
-0.119172
-0.019579
-0.008525
-0.068865
-0.149004
-0.175691
-0.030289
0.163931
0.341884
0.351749
0.420757
0.436027
0.458099
0.332724
0.007815
-0.203672
-0.339214
-0.255216
-0.035363
0.128503
0.176372
0.126284
-0.028457
-0.092746
-0.173991
-0.248036
-0.283144
-0.307869
-0.246023
-0.130257
-0.060190
0.005850
-0.028251
-0.127902
-0.176229
-0.135337
0.056930
0.254540
0.355817
0.373094
0.444887
0.436745
0.459174
0.222011
-0.094748
-0.267782
-0.381019
-0.152233
0.041567
0.176263
0.188399
0.072817
-0.076139
-0.114548
-0.236073
-0.246768
-0.322428
-0.300700
-0.191320
-0.082584
-0.011625
0.025290
-0.084257
-0.169413
-0.207208
-0.070323
0.167853
0.336975
0.347177
0.366997
0.395527
0.434822
0.425374
0.106258
-0.134682
-0.357439
-0.319432
-0.086379
0.111772
0.189530
0.147381
0.008809
-0.067995
-0.143423
-0.232677
-0.283041
-0.323666
-0.274346
-0.151403
-0.058667
0.006468
-0.004528
-0.112750
-0.188273
-0.188617
0.013151
0.235919
0.351148
0.359854
0.354881
0.394986
0.416124
0.338608
0.045861
-0.160708
-0.338005
-0.223430
-0.045398
0.105256
0.144055
0.099293
-0.029147
-0.084657
-0.150135
-0.204032
-0.265678
-0.324705
-0.275549
-0.160903
-0.067226
0.010785
-0.017757
-0.119950
-0.175254
-0.134133
0.073267
0.261027
0.377650
0.360872
0.411395
0.393922
0.441634
0.220887
-0.048077
-0.264631
-0.349899
-0.175386
0.035921
0.158413
0.167881
0.060337
-0.048490
-0.094169
-0.204259
-0.257983
-0.323912
-0.298960
-0.207499
-0.087979
-0.030092
0.031476
-0.073338
-0.150234
-0.218991
-0.083199
0.170580
0.347248
0.358743
0.368220
0.339340
0.432273
0.400847
0.175887
-0.087206
-0.316922
-0.352504
-0.121583
0.062816
0.208835
0.162382
0.003322
-0.080561
-0.165255
-0.194787
-0.235196
-0.303152
-0.289814
-0.206787
-0.109308
-0.012382
-0.018695
-0.089398
-0.171466
-0.168061
-0.000770
0.176767
0.314796
0.327970
0.385370
0.438237
0.479214
0.389650
0.006944
-0.215605
-0.382174
-0.240477
-0.007155
0.133996
0.159649
0.096792
-0.039856
-0.066132
-0.140972
-0.221149
-0.278525
-0.330696
-0.266930
-0.146359
-0.061415
0.011609
-0.021238
-0.125426
-0.192571
-0.173920
0.041715
0.245790
0.339982
0.328782
0.342950
0.405665
0.445281
0.335150
0.014105
-0.205986
-0.368317
-0.230159
-0.021029
0.132995
0.165358
0.087709
-0.053933
-0.108678
-0.186532
-0.225566
-0.268903
-0.302132
-0.237399
-0.144912
-0.068202
-0.017546
-0.051118
-0.128702
-0.174929
-0.117253
0.066457
0.245153
0.340556
0.330846
0.408757
0.439619
0.467401
0.246395
-0.100746
-0.305048
-0.364984
-0.181632
0.059638
0.170222
0.165218
0.042942
-0.094713
-0.117756
-0.188867
-0.244889
-0.294269
-0.318285
-0.218334
-0.099357
-0.035790
0.004687
-0.078355
-0.167255
-0.188748
-0.103698
0.131482
0.294623
0.351315
0.336460
0.399267
0.431032
0.444162
0.150238
-0.116370
-0.351243
-0.321007
-0.136542
0.086133
0.175332
0.129926
-0.014720
-0.091614
-0.149625
-0.185612
-0.243112
-0.299860
-0.280112
-0.213382
-0.097771
-0.049117
-0.034513
-0.117262
-0.162085
-0.176983
-0.011279
0.171410
0.313286
0.297938
0.349919
0.390979
0.460048
0.395756
0.072431
-0.171713
-0.366021
-0.308664
-0.059702
0.102271
0.167686
0.104112
-0.050435
-0.082278
-0.134265
-0.187223
-0.256949
-0.340152
-0.310811
-0.174023
-0.075211
0.004884
-0.025535
-0.128141
-0.194002
-0.177592
0.000974
0.220235
0.331028
0.313270
0.376042
0.407580
0.516780
0.388047
0.009593
-0.243686
-0.421942
-0.291973
-0.028178
0.130519
0.194184
0.106813
-0.047732
-0.086448
-0.157074
-0.221767
-0.282442
-0.352667
-0.288748
-0.147331
-0.038157
0.038353
-0.032027
-0.158265
-0.217780
-0.178013
0.036564
0.255712
0.333450
0.339372
0.362028
0.412414
0.493324
0.330192
-0.027092
-0.257212
-0.421362
-0.229198
-0.003452
0.138789
0.190737
0.086698
-0.044818
-0.097068
-0.187293
-0.223863
-0.278287
-0.330786
-0.247713
-0.151520
-0.055004
0.010690
-0.059836
-0.140462
-0.198366
-0.148604
0.082452
0.277169
0.363457
0.339830
0.336395
0.387042
0.450728
0.267502
-0.018698
-0.239134
-0.360728
-0.202720
-0.011298
0.147049
0.170763
0.062405
-0.069652
-0.112576
-0.198037
-0.212143
-0.290800
-0.308787
-0.242195
-0.132215
-0.034963
0.004582
-0.063935
-0.151211
-0.189910
-0.088913
0.113819
0.269268
0.348882
0.343118
0.413179
0.439034
0.467748
0.166164
-0.105611
-0.331685
-0.351017
-0.135037
0.037325
0.177827
0.159037
0.035481
-0.061910
-0.130847
-0.212289
-0.241624
-0.322984
-0.276879
-0.205638
-0.092296
-0.026962
0.000397
-0.093327
-0.165142
-0.199162
-0.060444
0.158292
0.303556
0.341621
0.353227
0.395221
0.442023
0.416323
0.116591
-0.121395
-0.350846
-0.287420
-0.099854
0.088521
0.168358
0.127000
-0.028418
-0.079290
-0.150194
-0.176618
-0.229201
-0.302989
-0.270701
-0.205919
-0.096196
-0.018925
-0.003954
-0.100669
-0.156907
-0.185257
-0.009555
0.172998
0.333629
0.346426
0.372159
0.389207
0.468835
0.400784
0.074712
-0.173011
-0.372229
-0.291884
-0.073044
0.109119
0.201044
0.138229
-0.013094
-0.084962
-0.168398
-0.208533
-0.269441
-0.318443
-0.278466
-0.169634
-0.067890
0.015268
-0.027792
-0.117137
-0.193891
-0.177888
0.012900
0.212736
0.348682
0.348481
0.381405
0.425066
0.465941
0.366833
0.021548
-0.202420
-0.393726
-0.255220
-0.041933
0.151824
0.167920
0.120141
-0.027577
-0.074674
-0.162333
-0.227426
-0.281841
-0.327878
-0.263747
-0.149487
-0.045423
0.012796
-0.018401
-0.137399
-0.188694
-0.182178
0.039556
0.255156
0.368034
0.365389
0.390140
0.371203
0.447874
0.294281
0.036321
-0.200495
-0.354141
-0.226269
-0.024956
0.118601
0.175669
0.082263
-0.026443
-0.098819
-0.173652
-0.214881
-0.286400
-0.321705
-0.258813
-0.147316
-0.033680
0.024768
-0.034442
-0.136317
-0.203308
-0.122604
0.082010
0.277373
0.363103
0.370189
0.397484
0.432039
0.466969
0.239738
-0.086755
-0.298880
-0.371579
-0.156670
0.050451
0.161974
0.186393
0.046743
-0.068564
-0.110116
-0.193206
-0.210380
-0.300297
-0.311379
-0.215613
-0.113265
-0.016579
0.014850
-0.077580
-0.154463
-0.192800
-0.088477
0.156509
0.308995
0.364079
0.349436
0.376132
0.424109
0.447406
0.202178
-0.067731
-0.306659
-0.341844
-0.139426
0.047307
0.171275
0.148255
0.026733
-0.077545
-0.137900
-0.196790
-0.218855
-0.292188
-0.286899
-0.213773
-0.108134
-0.028706
-0.002989
-0.088322
-0.153853
-0.175209
-0.024127
0.173559
0.326509
0.357769
0.351927
0.391120
0.432669
0.401166
0.125132
-0.129979
-0.337934
-0.310927
-0.103943
0.079462
0.186038
0.142112
-0.007352
-0.082538
-0.168522
-0.203168
-0.243516
-0.293685
-0.266538
-0.177520
-0.098721
-0.002323
-0.036230
-0.098140
-0.170185
-0.163190
-0.000271
0.192289
0.337626
0.349055
0.360751
0.407659
0.466585
0.404637
0.083594
-0.191054
-0.381229
-0.314517
-0.075968
0.117854
0.186611
0.145513
0.003580
-0.068800
-0.159370
-0.237609
-0.291448
-0.321419
-0.268948
-0.138835
-0.055202
0.017505
-0.023923
-0.130835
-0.191095
-0.170077
0.040361
0.250614
0.344194
0.346613
0.331678
0.408381
0.446713
0.361190
0.054293
-0.189153
-0.369537
-0.257972
-0.055540
0.136548
0.166157
0.096152
-0.029085
-0.091914
-0.154943
-0.207320
-0.276739
-0.311435
-0.262089
-0.148751
-0.062381
-0.002371
-0.043141
-0.138046
-0.174350
-0.138985
0.079566
0.278551
0.331898
0.340573
0.349389
0.406997
0.488225
0.298684
0.018598
-0.245280
-0.365635
-0.225605
-0.009751
0.105724
0.170277
0.058452
-0.019874
-0.086822
-0.168313
-0.227991
-0.308844
-0.325590
-0.235557
-0.132721
-0.022969
0.021159
-0.048520
-0.147007
-0.199782
-0.116105
0.135607
0.300547
0.368529
0.332088
0.363241
0.413083
0.463042
0.240518
-0.050950
-0.306599
-0.355556
-0.174424
0.042089
0.156703
0.150667
0.037710
-0.066693
-0.125100
-0.185614
-0.229997
-0.299495
-0.303443
-0.236049
-0.118288
-0.040561
0.003325
-0.070954
-0.142485
-0.194483
-0.067767
0.139991
0.334913
0.334603
0.351955
0.362593
0.439366
0.464347
0.197040
-0.097524
-0.326304
-0.373393
-0.142328
0.037982
0.146534
0.147827
0.016109
-0.047687
-0.126970
-0.209118
-0.258722
-0.331899
-0.306617
-0.200997
-0.092612
-0.000062
0.009620
-0.101221
-0.173280
-0.194369
-0.029346
0.198350
0.319084
0.337245
0.331885
0.388284
0.461663
0.450841
0.124306
-0.152690
-0.364907
-0.336890
-0.088861
0.067681
0.148803
0.106774
-0.012970
-0.067114
-0.090177
-0.213173
-0.252413
-0.370349
-0.307504
-0.195215
-0.075801
0.010458
0.012174
-0.114452
-0.163645
-0.193058
-0.004706
0.220747
0.332142
0.353467
0.349014
0.381989
0.467677
0.372224
0.088074
-0.186596
-0.391990
-0.304815
-0.088285
0.087220
0.171451
0.103528
-0.023459
-0.074940
-0.159347
-0.200248
-0.288543
-0.346772
-0.288021
-0.180433
-0.065842
0.018466
-0.026862
-0.109494
-0.186482
-0.159108
0.035050
0.243392
0.365018
0.357814
0.361292
0.405472
0.459729
0.329372
-0.011262
-0.238055
-0.413928
-0.242814
-0.042198
0.123363
0.152787
0.059938
-0.059681
-0.096139
-0.170230
-0.213977
-0.288003
-0.334983
-0.255377
-0.163759
-0.047988
-0.003432
-0.048930
-0.146232
-0.170360
-0.126667
0.094836
0.257883
0.349848
0.345381
0.389614
0.432402
0.476228
0.268005
-0.040008
-0.278224
-0.384184
-0.227545
-0.030836
0.099808
0.152398
0.057984
-0.036232
-0.092018
-0.201047
-0.260022
-0.335685
-0.335415
-0.236087
-0.131611
-0.032061
0.013454
-0.063094
-0.129093
-0.168848
-0.065912
0.124202
0.312862
0.324290
0.358707
0.412863
0.469963
0.510061
0.152983
-0.151065
-0.364108
-0.412292
-0.140132
0.045795
0.122791
0.160703
-0.009852
-0.028211
-0.101882
-0.227914
-0.283701
-0.361662
-0.332454
-0.170997
-0.100754
0.021816
0.005571
-0.101424
-0.164564
-0.175359
-0.016703
0.227865
0.318047
0.353750
0.362972
0.447644
0.513529
0.417881
0.044239
-0.244722
-0.443913
-0.347333
-0.062951
0.086918
0.184831
0.098562
-0.004698
-0.058421
-0.131535
-0.236120
-0.313664
-0.391707
-0.303493
-0.161088
-0.032194
0.056537
0.002119
-0.119144
-0.185046
-0.162952
0.033481
0.281175
0.353697
0.380452
0.403338
0.443417
0.541240
0.311751
-0.056499
-0.287801
-0.470883
-0.248162
-0.023727
0.096614
0.177142
0.065875
-0.033013
-0.047993
-0.194477
-0.250254
-0.354189
-0.390606
-0.242029
-0.115374
0.003330
0.044997
-0.057616
-0.134954
-0.184747
-0.102135
0.145182
0.316943
0.379186
0.404939
0.413437
0.476379
0.478084
0.147107
-0.148968
-0.379375
-0.405585
-0.125028
0.036922
0.155023
0.141285
0.009936
-0.037793
-0.098642
-0.208322
-0.290224
-0.388000
-0.327983
-0.182161
-0.064563
0.015447
0.002169
-0.084293
-0.152222
-0.157914
-0.005228
0.211963
0.331191
0.384356
0.397159
0.447200
0.501310
0.424986
0.047774
-0.230016
-0.429935
-0.335137
-0.061647
0.075419
0.160235
0.106452
-0.011023
-0.031546
-0.132876
-0.216663
-0.310580
-0.382480
-0.295722
-0.160828
-0.047105
0.045675
-0.002083
-0.091540
-0.156551
-0.148594
0.051482
0.253304
0.351443
0.397805
0.409402
0.453014
0.514702
0.326730
-0.001560
-0.267322
-0.431197
-0.261226
-0.054001
0.087397
0.147902
0.064654
-0.001917
-0.048864
-0.142343
-0.240087
-0.354512
-0.393434
-0.273987
-0.138333
0.005247
0.044144
-0.015448
-0.122739
-0.163469
-0.093417
0.114776
0.287420
0.377479
0.417308
0.475381
0.471449
0.497377
0.170280
-0.122444
-0.340136
-0.408007
-0.174206
-0.003831
0.104318
0.148363
0.016960
-0.002992
-0.072764
-0.186711
-0.270453
-0.383936
-0.347613
-0.215638
-0.087983
0.017433
0.041167
-0.060246
-0.119962
-0.167238
-0.032173
0.186536
0.362623
0.393814
0.449708
0.457464
0.540949
0.425412
0.018221
-0.232736
-0.430517
-0.332200
-0.069989
0.031167
0.135547
0.109796
-0.001888
0.000088
-0.140589
-0.259138
-0.341045
-0.406653
-0.277620
-0.137931
-0.035661
0.057533
0.006472
-0.082099
-0.128645
-0.117572
0.092863
0.304227
0.377800
0.392905
0.421008
0.448617
0.550236
0.230827
-0.068421
-0.350398
-0.466687
-0.228796
-0.032373
0.097834
0.153478
0.036153
0.000827
-0.042595
-0.177690
-0.268073
-0.405321
-0.386774
-0.233177
-0.095624
0.024640
0.052955
-0.042266
-0.116057
-0.166443
-0.039053
0.181236
0.357038
0.391078
0.449863
0.452749
0.550256
0.429531
0.063072
-0.240286
-0.457124
-0.405557
-0.118221
0.041883
0.155569
0.112359
0.003701
-0.021650
-0.104109
-0.226159
-0.323749
-0.426401
-0.333972
-0.188830
-0.030308
0.060710
0.038936
-0.080996
-0.141312
-0.134423
0.041628
0.259148
0.368042
0.402994
0.451395
0.470688
0.558122
0.279557
-0.069277
-0.346489
-0.490399
-0.276089
-0.042576
0.080076
0.167692
0.035870
-0.003793
-0.045934
-0.167188
-0.259911
-0.389640
-0.401550
-0.254021
-0.127531
0.008255
0.044164
-0.031744
-0.098127
-0.137314
-0.047533
0.161076
0.304378
0.399912
0.408763
0.464228
0.524956
0.465457
0.107097
-0.205963
-0.454435
-0.418475
-0.158274
0.012068
0.123873
0.105841
0.006127
-0.000999
-0.095063
-0.217774
-0.326362
-0.432591
-0.335292
-0.195785
-0.058598
0.027309
0.006280
-0.076262
-0.115478
-0.130159
0.037457
0.224154
0.384013
0.410730
0.449857
0.479709
0.538487
0.317145
-0.066727
-0.308362
-0.487971
-0.288697
-0.076581
0.049471
0.117737
0.072481
-0.012638
0.007589
-0.166940
-0.254880
-0.390009
-0.415397
-0.283145
-0.130410
-0.016071
0.069165
-0.025114
-0.085519
-0.143130
-0.083791
0.132024
0.290658
0.353666
0.433365
0.470750
0.561440
0.536255
0.118964
-0.193164
-0.465596
-0.488255
-0.188918
-0.013046
0.126510
0.161191
0.031325
0.028159
-0.077190
-0.241115
-0.335816
-0.470418
-0.365079
-0.189673
-0.056903
0.061240
0.034864
-0.069709
-0.111138
-0.146406
0.033899
0.215886
0.372825
0.404027
0.477345
0.513495
0.588888
0.327232
-0.080088
-0.347817
-0.547470
-0.323553
-0.081256
0.070255
0.163061
0.080364
0.004582
-0.001569
-0.184809
-0.267674
-0.422050
-0.430064
-0.275975
-0.119846
0.008034
0.074988
-0.019470
-0.067702
-0.152327
-0.065652
0.129671
0.273548
0.353081
0.400287
0.488850
0.593340
0.535452
0.153324
-0.230092
-0.454477
-0.484248
-0.183540
-0.023582
0.117419
0.117006
0.033208
-0.005543
-0.059100
-0.227338
-0.322186
-0.447220
-0.368220
-0.189401
-0.054883
0.046175
0.034965
-0.063225
-0.108458
-0.110710
0.037616
0.258173
0.345519
0.392942
0.425501
0.472737
0.548505
0.361767
-0.034932
-0.303761
-0.489986
-0.351375
-0.066269
0.016774
0.130671
0.054382
0.005635
-0.003199
-0.134517
-0.280387
-0.386707
-0.432632
-0.266783
-0.119177
-0.002010
0.048931
-0.013897
-0.079369
-0.110747
-0.057303
0.136031
0.303523
0.379723
0.411802
0.502687
0.543610
0.546495
0.127446
-0.204775
-0.465170
-0.461397
-0.198649
-0.000923
0.079849
0.136667
0.019958
0.032341
-0.049755
-0.213195
-0.351071
-0.442462
-0.386521
-0.173261
-0.049202
0.054680
0.036728
-0.065856
-0.111195
-0.104208
0.035314
0.220266
0.367716
0.392060
0.454838
0.508008
0.570437
0.391988
-0.064813
-0.298329
-0.515862
-0.340631
-0.085937
0.028644
0.129218
0.089894
-0.005147
0.040046
-0.130025
-0.266201
-0.410515
-0.460824
-0.292096
-0.109741
-0.002805
0.092906
-0.011021
-0.068054
-0.122077
-0.077458
0.125227
0.321125
0.394190
0.445313
0.466059
0.529025
0.527418
0.171609
-0.187340
-0.440853
-0.486164
-0.188503
0.002651
0.101272
0.113041
0.000688
0.004723
-0.041624
-0.184139
-0.326831
-0.433758
-0.387589
-0.189094
-0.061257
0.046195
0.037425
-0.052340
-0.089971
-0.091842
0.040294
0.239427
0.358669
0.392303
0.459728
0.489406
0.597785
0.384335
-0.037581
-0.320615
-0.520281
-0.363486
-0.081151
0.018986
0.161005
0.085732
0.014454
0.013074
-0.142298
-0.273401
-0.403795
-0.464221
-0.279111
-0.117516
0.017757
0.088142
-0.005859
-0.077701
-0.112212
-0.066350
0.149421
0.317329
0.382137
0.426922
0.471304
0.528142
0.543220
0.132668
-0.184361
-0.448117
-0.488118
-0.181808
-0.027358
0.107237
0.133095
0.014026
0.022430
-0.055671
-0.231616
-0.328759
-0.456631
-0.369008
-0.192332
-0.063887
0.062425
0.050971
-0.049984
-0.095927
-0.121981
0.036329
0.245962
0.356278
0.410918
0.483018
0.501797
0.594906
0.339053
-0.073562
-0.346489
-0.510538
-0.336200
-0.060388
0.020697
0.136162
0.049984
0.002437
-0.000557
-0.149523
-0.283797
-0.404297
-0.439016
-0.266819
-0.118783
-0.003618
0.067158
-0.011094
-0.068620
-0.099215
-0.054288
0.143712
0.325951
0.385645
0.438810
0.448464
0.522332
0.480389
0.156193
-0.175465
-0.428752
-0.463105
-0.209982
-0.043522
0.082034
0.121853
0.036511
0.026088
-0.060263
-0.233932
-0.345953
-0.431852
-0.378917
-0.189227
-0.075292
0.041057
0.051410
-0.039960
-0.108924
-0.107442
-0.004524
0.259203
0.371026
0.421071
0.468435
0.482443
0.541790
0.357237
-0.067439
-0.311153
-0.488362
-0.347613
-0.081588
0.016972
0.110478
0.103517
-0.001565
0.011572
-0.156908
-0.308762
-0.389571
-0.439060
-0.275802
-0.116350
-0.032931
0.070481
0.000582
-0.056573
-0.102469
-0.079533
0.106816
0.316506
0.369922
0.454852
0.471528
0.517878
0.524750
0.161889
-0.170842
-0.437317
-0.496547
-0.236208
-0.021305
0.081801
0.154288
0.032597
0.020918
-0.057634
-0.228919
-0.343903
-0.451582
-0.410636
-0.202278
-0.088221
0.058516
0.053473
-0.027736
-0.093470
-0.125657
-0.014033
0.233218
0.354612
0.436568
0.471085
0.485687
0.566839
0.370529
-0.059709
-0.301273
-0.533122
-0.350652
-0.088512
0.022178
0.144199
0.074032
-0.020515
0.012787
-0.156422
-0.265497
-0.388378
-0.458375
-0.284285
-0.143755
-0.010670
0.082664
0.001629
-0.053375
-0.096672
-0.064486
0.149988
0.320744
0.389370
0.431342
0.449521
0.529044
0.526154
0.159824
-0.174005
-0.454137
-0.493567
-0.204348
-0.022347
0.108900
0.132292
0.011267
0.000596
-0.057692
-0.229898
-0.330647
-0.464388
-0.387310
-0.199202
-0.058146
0.063408
0.048769
-0.046756
-0.089534
-0.117523
0.024009
0.223395
0.350108
0.419412
0.450840
0.511540
0.557308
0.366994
-0.047785
-0.310207
-0.501973
-0.349806
-0.094909
0.024191
0.111342
0.083479
-0.000760
0.021622
-0.133437
-0.295970
-0.404137
-0.462484
-0.292931
-0.113123
0.001953
0.085054
0.009056
-0.085624
-0.100827
-0.072182
0.124214
0.335487
0.383572
0.446251
0.492568
0.520759
0.562421
0.112295
-0.195669
-0.473948
-0.491307
-0.205251
0.007073
0.075742
0.170672
0.014841
0.027249
-0.065033
-0.249299
-0.351812
-0.453237
-0.385996
-0.167441
-0.065937
0.055736
0.038875
-0.055663
-0.087800
-0.119041
0.025292
0.246908
0.337887
0.382703
0.425732
0.510833
0.607352
0.410105
-0.042471
-0.318006
-0.509549
-0.360160
-0.092253
0.017540
0.101273
0.088283
0.023019
0.029155
-0.117923
-0.304797
-0.420923
-0.459706
-0.296796
-0.097353
0.002738
0.074353
0.018105
-0.087081
-0.113926
-0.094795
0.103579
0.293777
0.356889
0.410701
0.498953
0.572733
0.575275
0.196821
-0.220883
-0.449559
-0.491485
-0.212255
-0.004077
0.066635
0.112300
0.050520
0.020000
-0.001883
-0.214978
-0.350326
-0.460694
-0.410136
-0.212748
-0.049421
0.038116
0.081936
-0.036252
-0.092713
-0.128926
-0.014079
0.186045
0.343527
0.375451
0.469831
0.497875
0.602700
0.445207
-0.016003
-0.279553
-0.510811
-0.414505
-0.102450
0.010896
0.131628
0.110992
-0.001630
0.015977
-0.127577
-0.287354
-0.371713
-0.449931
-0.291741
-0.121432
-0.016342
0.061523
0.008200
-0.078634
-0.108969
-0.118031
0.074102
0.298756
0.372455
0.413841
0.425576
0.476855
0.576128
0.289626
-0.082157
-0.363744
-0.515570
-0.274662
-0.051337
0.056425
0.132248
0.045298
0.004476
-0.013791
-0.187888
-0.291315
-0.410850
-0.408467
-0.240213
-0.103433
0.011940
0.057795
-0.020362
-0.091888
-0.130095
-0.059378
0.156249
0.334566
0.397054
0.459995
0.416546
0.522448
0.478171
0.109110
-0.168219
-0.438560
-0.449725
-0.159043
-0.037439
0.091303
0.127787
0.012073
0.027795
-0.080326
-0.247840
-0.327999
-0.441948
-0.350674
-0.177306
-0.066618
0.049163
0.031289
-0.059508
-0.103614
-0.131810
0.006916
0.222418
0.368646
0.394286
0.451912
0.443442
0.553534
0.399386
0.005269
-0.261692
-0.514523
-0.368677
-0.106564
0.024291
0.137805
0.104720
0.006970
0.009298
-0.164952
-0.286768
-0.383076
-0.436192
-0.289153
-0.135868
-0.018491
0.083318
0.003680
-0.065633
-0.142535
-0.114380
0.076359
0.247944
0.354676
0.383208
0.468766
0.536596
0.585644
0.303613
-0.139042
-0.376457
-0.517342
-0.260549
-0.045245
0.071761
0.114778
0.047602
-0.011574
-0.004984
-0.177913
-0.300524
-0.415224
-0.417882
-0.250481
-0.097215
0.010620
0.064774
-0.014821
-0.096378
-0.121677
-0.052085
0.174333
0.345375
0.371909
0.411167
0.430301
0.507798
0.532941
0.133472
-0.177541
-0.441998
-0.465446
-0.158387
-0.014620
0.096057
0.115747
-0.007804
0.010314
-0.067555
-0.230224
-0.327969
-0.452962
-0.367750
-0.179004
-0.061295
0.057780
0.035809
-0.057599
-0.101785
-0.131000
0.012710
0.210459
0.324643
0.404793
0.415402
0.491807
0.560984
0.397784
-0.001160
-0.283388
-0.478372
-0.349654
-0.089855
0.032751
0.115980
0.083768
0.017351
0.002496
-0.127427
-0.285878
-0.377212
-0.420912
-0.277749
-0.131985
-0.016929
0.049925
0.016805
-0.081341
-0.116211
-0.098140
0.091235
0.267244
0.373981
0.372038
0.459241
0.483641
0.525359
0.283838
-0.084942
-0.335902
-0.445657
-0.276472
-0.030811
0.067347
0.124651
0.060235
-0.019533
-0.038870
-0.173843
-0.294354
-0.369912
-0.390692
-0.239750
-0.098235
-0.007571
0.055539
-0.027192
-0.093773
-0.125849
-0.053337
0.147536
0.307369
0.365955
0.395872
0.451415
0.511831
0.535407
0.186384
-0.159794
-0.367798
-0.430059
-0.176189
-0.000180
0.062053
0.110370
0.021711
0.006485
-0.020983
-0.203426
-0.296538
-0.409300
-0.372570
-0.195027
-0.076351
0.024919
0.043942
-0.056043
-0.095721
-0.127986
-0.019020
0.180793
0.316077
0.362565
0.400919
0.458070
0.523864
0.473204
0.131646
-0.173422
-0.383480
-0.403962
-0.165753
-0.022904
0.084034
0.144661
0.068087
0.027065
-0.077375
-0.271200
-0.337123
-0.395718
-0.316161
-0.149179
-0.050912
0.022250
0.028055
-0.075507
-0.104955
-0.117313
0.013739
0.231319
0.353561
0.376904
0.406674
0.430854
0.517748
0.439002
0.062596
-0.195150
-0.425541
-0.343549
-0.100326
0.017897
0.099377
0.098688
0.010758
0.017930
-0.108050
-0.236935
-0.324049
-0.398255
-0.291872
-0.159938
-0.043753
0.053583
0.023376
-0.065469
-0.133156
-0.136469
0.045504
0.232525
0.344707
0.350777
0.440869
0.476115
0.555422
0.380379
-0.000604
-0.265446
-0.405780
-0.315236
-0.052049
0.019069
0.122632
0.085188
0.005402
-0.004656
-0.120576
-0.247767
-0.329181
-0.399062
-0.275176
-0.135763
-0.029974
0.044509
-0.002541
-0.085587
-0.131575
-0.107259
0.074935
0.261173
0.331878
0.372135
0.406023
0.487735
0.548217
0.335481
-0.034469
-0.300746
-0.453776
-0.257852
-0.069466
0.072171
0.128946
0.083903
0.007041
-0.025050
-0.163643
-0.266183
-0.363740
-0.375321
-0.247396
-0.104156
-0.000770
0.048334
-0.024908
-0.106311
-0.146289
-0.105277
0.092958
0.278050
0.323466
0.360522
0.424253
0.487338
0.544327
0.288430
-0.092415
-0.308711
-0.432131
-0.226314
-0.024162
0.047422
0.111723
0.045772
0.001312
-0.005239
-0.158132
-0.265605
-0.373306
-0.384047
-0.234351
-0.109956
-0.011496
0.021199
-0.048752
-0.100797
-0.128913
-0.063820
0.121836
0.255108
0.332246
0.351419
0.416253
0.466602
0.508032
0.261932
-0.091876
-0.300184
-0.405232
-0.203185
-0.035783
0.053491
0.086190
0.045976
-0.020621
-0.023399
-0.171114
-0.279926
-0.363125
-0.366809
-0.223678
-0.086056
-0.010549
0.027826
-0.047727
-0.115921
-0.133447
-0.055559
0.140725
0.295091
0.324098
0.360673
0.441767
0.504783
0.534983
0.151205
-0.150620
-0.409787
-0.419486
-0.187689
0.005691
0.091083
0.139288
0.002586
-0.005789
-0.086619
-0.205219
-0.299800
-0.393570
-0.356695
-0.196325
-0.080210
0.036678
0.020173
-0.062820
-0.126356
-0.146957
-0.023295
0.154336
0.285031
0.323056
0.377054
0.476003
0.521301
0.484301
0.070214
-0.216692
-0.424599
-0.386772
-0.126221
0.032354
0.090301
0.117776
0.006698
-0.011431
-0.093230
-0.258480
-0.333476
-0.407591
-0.322416
-0.159526
-0.049230
0.021193
0.006241
-0.112984
-0.138926
-0.151908
0.029605
0.214072
0.311637
0.323911
0.350552
0.417010
0.495734
0.400629
0.065340
-0.225858
-0.390899
-0.343372
-0.098681
0.006836
0.104760
0.079718
-0.018459
-0.028405
-0.119463
-0.236251
-0.307151
-0.384869
-0.287929
-0.165160
-0.073568
-0.003720
-0.034003
-0.103439
-0.118333
-0.123238
0.042952
0.216915
0.315632
0.329924
0.355591
0.414511
0.478824
0.383507
0.038062
-0.210155
-0.402452
-0.321492
-0.111218
0.038870
0.107420
0.091780
-0.017882
-0.039656
-0.126556
-0.248590
-0.325505
-0.388470
-0.303623
-0.152340
-0.050049
0.019400
-0.011039
-0.118437
-0.143361
-0.133189
0.061890
0.234591
0.334542
0.340055
0.401148
0.441362
0.498279
0.332662
-0.035878
-0.259350
-0.430980
-0.273734
-0.069143
0.058101
0.120013
0.061820
-0.031564
-0.046440
-0.152678
-0.237440
-0.344591
-0.385815
-0.279142
-0.132876
-0.033341
0.018751
-0.049111
-0.113231
-0.154759
-0.103784
0.078695
0.253324
0.347923
0.355691
0.405969
0.451295
0.511020
0.272333
-0.068901
-0.339552
-0.445850
