0.128753
0.367743
0.627436
0.686645
0.566992
0.239683
-0.173870
-0.440069
-0.485731
-0.327451
-0.057710
0.154240
0.253050
0.267437
0.169141
0.047073
-0.111565
-0.324929
-0.450402
-0.384933
-0.241746
-0.033331
0.092688
0.055844
-0.057014
-0.139094
-0.171178
-0.108271
-0.052668
-0.042597
-0.001333
0.074342
0.286586
0.577763
0.706611
0.636684
0.320342
-0.105307
-0.419967
-0.498811
-0.366607
-0.098323
0.116424
0.237522
0.275095
0.195556
0.086260
-0.076800
-0.291789
-0.455673
-0.414887
-0.272898
-0.048841
0.085740
0.063524
-0.050264
-0.137594
-0.161388
-0.108101
-0.061958
-0.048787
-0.006661
0.063203
0.272476
0.562996
0.697853
0.643967
0.371017
-0.076290
-0.410590
-0.505342
-0.382850
-0.111319
0.125695
0.226447
0.266194
0.199352
0.079301
-0.056720
-0.253478
-0.444208
-0.422459
-0.298289
-0.097558
0.087813
0.082708
-0.022803
-0.115832
-0.170533
-0.139626
-0.065387
-0.057681
-0.023310
0.048243
0.217740
0.513194
0.719259
0.671365
0.442739
0.017390
-0.369350
-0.504920
-0.423805
-0.198657
0.065593
0.215516
0.267335
0.256355
0.134639
-0.027287
-0.230049
-0.435121
-0.450073
-0.311091
-0.125593
0.062938
0.087805
-0.007331
-0.094509
-0.136827
-0.134626
-0.090444
-0.073279
-0.049170
0.027982
0.177622
0.459950
0.681168
0.702421
0.524697
0.123672
-0.292061
-0.519898
-0.484073
-0.253953
0.025970
0.205481
0.276308
0.252686
0.158044
0.020821
-0.187039
-0.424934
-0.471433
-0.363777
-0.137294
0.073876
0.097040
0.018146
-0.105277
-0.168368
-0.137238
-0.061432
-0.049115
-0.023881
0.004804
0.142247
0.430186
0.671236
0.706883
0.548637
0.146201
-0.288207
-0.499701
-0.476978
-0.266208
0.013633
0.190020
0.262406
0.260392
0.156829
0.032362
-0.180973
-0.416798
-0.474139
-0.354955
-0.141402
0.068771
0.099503
0.005627
-0.108988
-0.164242
-0.136456
-0.064876
-0.039177
-0.016398
0.014274
0.111660
0.379609
0.637621
0.698356
0.585490
0.206828
-0.246943
-0.478972
-0.495146
-0.300963
-0.011690
0.170853
0.250345
0.264066
0.166557
0.045551
-0.129252
-0.350506
-0.475428
-0.394782
-0.228449
0.012002
0.120428
0.050512
-0.064255
-0.146676
-0.164563
-0.103775
-0.053320
-0.048306
0.020835
0.151034
0.404633
0.644388
0.703777
0.555893
0.208102
-0.236235
-0.492570
-0.511872
-0.306544
-0.012593
0.201351
0.273760
0.247811
0.153931
0.015357
-0.128273
-0.337542
-0.450629
-0.382772
-0.221060
-0.011263
0.102273
0.039769
-0.063944
-0.138406
-0.163544
-0.108374
-0.065119
-0.058630
-0.005467
0.107004
0.349179
0.639923
0.732616
0.627932
0.283222
-0.188152
-0.496548
-0.537769
-0.364778
-0.066954
0.163401
0.263166
0.286711
0.201608
0.062603
-0.112230
-0.364052
-0.504812
-0.414288
-0.224638
0.033014
0.129868
0.040596
-0.098192
-0.174201
-0.172857
-0.079950
-0.031647
-0.038359
0.000148
0.083044
0.343541
0.632694
0.713399
0.602867
0.254963
-0.205606
-0.468953
-0.511226
-0.343067
-0.053569
0.156416
0.249216
0.279224
0.180961
0.053852
-0.115497
-0.314520
-0.449913
-0.413108
-0.272025
-0.068748
0.097914
0.068188
-0.027726
-0.137292
-0.182520
-0.142935
-0.064206
-0.040229
0.012923
0.097831
0.313130
0.599895
0.700134
0.608676
0.290705
-0.154964
-0.467643
-0.518877
-0.371261
-0.091860
0.144083
0.244012
0.285358
0.204334
0.075005
-0.093380
-0.300117
-0.457919
-0.427547
-0.268319
-0.079175
0.078377
0.065577
-0.037963
-0.129060
-0.161101
-0.133066
-0.064151
-0.041356
-0.014359
0.072127
0.268821
0.578650
0.703382
0.623421
0.337628
-0.112004
-0.431945
-0.524552
-0.387263
-0.126736
0.108714
0.235058
0.277243
0.220404
0.087789
-0.066027
-0.254881
-0.442967
-0.440811
-0.281594
-0.081278
0.074278
0.063512
-0.032725
-0.129707
-0.156735
-0.129027
-0.070313
-0.055629
-0.044473
0.022515
0.172425
0.461210
0.694914
0.690207
0.485919
0.074494
-0.340667
-0.529874
-0.463045
-0.243895
0.026403
0.201316
0.266154
0.262159
0.162262
0.005245
-0.185672
-0.414242
-0.503869
-0.367199
-0.138571
0.080120
0.147718
0.036548
-0.128131
-0.190222
-0.180955
-0.090517
-0.027636
-0.012125
0.011311
0.087755
0.306746
0.607756
0.718243
0.602291
0.270696
-0.205043
-0.515544
-0.521755
-0.343216
-0.070496
0.159511
0.245746
0.280165
0.214265
0.078584
-0.104332
-0.305441
-0.477659
-0.429646
-0.265385
-0.054988
0.103248
0.088024
-0.018845
-0.121170
-0.167697
-0.143309
-0.078644
-0.068760
-0.020356
0.058912
0.247360
0.551570
0.727305
0.676164
0.416271
-0.049727
-0.441998
-0.559090
-0.448051
-0.159376
0.117603
0.236352
0.292295
0.245643
0.124019
-0.027969
-0.237302
-0.454195
-0.475432
-0.324752
-0.098380
0.101636
0.116943
0.003098
-0.112491
-0.160403
-0.140264
-0.071499
-0.067762
-0.061086
-0.005600
0.123177
0.407402
0.686740
0.725934
0.555432
0.156748
-0.287916
-0.502131
-0.484726
-0.293441
-0.010761
0.167893
0.260632
0.279022
0.191134
0.047157
-0.123554
-0.370630
-0.496279
-0.403703
-0.194711
0.058983
0.152605
0.069140
-0.087747
-0.170405
-0.173709
-0.083823
-0.040512
-0.039232
-0.020597
0.050445
0.238032
0.550484
0.728887
0.687039
0.416864
-0.088809
-0.459177
-0.567477
-0.423834
-0.115820
0.145113
0.239984
0.276007
0.228094
0.115258
-0.020507
-0.230689
-0.457852
-0.485906
-0.337649
-0.082042
0.139433
0.141342
0.016663
-0.112369
-0.173322
-0.133293
-0.045485
-0.038563
-0.028771
0.009116
0.140779
0.433929
0.696469
0.709130
0.532113
0.119369
-0.322352
-0.533097
-0.481332
-0.251415
0.036931
0.207941
0.266710
0.266727
0.171330
0.036564
-0.135446
-0.353176
-0.487897
-0.382531
-0.188775
0.048863
0.153685
0.079982
-0.066405
-0.154793
-0.170158
-0.102363
-0.038246
-0.032975
0.001797
0.061622
0.249817
0.559140
0.726775
0.656500
0.389774
-0.079527
-0.415645
-0.534567
-0.404617
-0.138579
0.110228
0.234337
0.282331
0.244136
0.127955
-0.025157
-0.223203
-0.395002
-0.454993
-0.319966
-0.130584
0.074142
0.123670
0.049920
-0.076148
-0.150123
-0.154783
-0.094441
-0.051790
-0.043778
-0.000883
0.104019
0.377230
0.663099
0.746573
0.588735
0.233857
-0.232885
-0.501703
-0.514594
-0.329336
-0.050522
0.176366
0.274484
0.288201
0.208876
0.070809
-0.092020
-0.282624
-0.450267
-0.438470
-0.264653
-0.049378
0.128890
0.118956
-0.002773
-0.123176
-0.158749
-0.131989
-0.060682
-0.047422
-0.044943
-0.003200
0.148142
0.446043
0.705114
0.747779
0.532205
0.080630
-0.343586
-0.540074
-0.485880
-0.234644
0.012713
0.183412
0.272690
0.271018
0.192423
0.049345
-0.163455
-0.379595
-0.497408
-0.398114
-0.192070
0.054678
0.149216
0.080122
-0.053732
-0.153649
-0.169712
-0.112401
-0.068322
-0.064124
-0.026870
0.057506
0.285835
0.591744
0.715092
0.646891
0.355557
-0.113844
-0.447099
-0.541287
-0.421392
-0.143485
0.125775
0.251260
0.310368
0.229568
0.097509
-0.056152
-0.238076
-0.413937
-0.446778
-0.328180
-0.123272
0.089598
0.123884
0.028497
-0.107047
-0.172681
-0.162288
-0.084910
-0.060997
-0.049976
-0.014488
0.100947
0.364626
0.648013
0.712295
0.588879
0.231835
-0.233545
-0.485361
-0.518696
-0.342460
-0.061112
0.161778
0.246904
0.280899
0.196574
0.066515
-0.083903
-0.311616
-0.489382
-0.425765
-0.258204
0.000717
0.160481
0.102900
-0.029695
-0.150881
-0.193387
-0.135946
-0.071934
-0.075110
-0.042191
-0.004248
0.149507
0.447669
0.689021
0.690927
0.510997
0.096672
-0.316791
-0.507846
-0.466371
-0.264109
0.000515
0.173392
0.256127
0.274985
0.179934
0.036353
-0.139965
-0.356478
-0.496602
-0.391261
-0.206138
0.035423
0.155034
0.080720
-0.064757
-0.156149
-0.188544
-0.122581
-0.062029
-0.057521
-0.011660
0.053852
0.236396
0.533161
0.702155
0.644298
0.400816
-0.047817
-0.413120
-0.537164
-0.434135
-0.165736
0.112893
0.236994
0.271980
0.222481
0.100199
-0.024742
-0.192968
-0.405553
-0.468030
-0.338023
-0.136192
0.090896
0.136698
0.025770
-0.097583
-0.162718
-0.164426
-0.084111
-0.068426
-0.062986
-0.012026
0.080923
0.319865
0.620906
0.714924
0.604002
0.277854
-0.173691
-0.472808
-0.528458
-0.360864
-0.087392
0.145949
0.256540
0.284025
0.210832
0.089276
-0.077938
-0.259818
-0.418985
-0.433268
-0.287372
-0.092399
0.067492
0.097077
0.005208
-0.109405
-0.151332
-0.137728
-0.079995
-0.065908
-0.063828
-0.018068
0.130474
0.415951
0.676714
0.707547
0.533907
0.144638
-0.269849
-0.496374
-0.471658
-0.278078
-0.028439
0.158568
0.246335
0.263252
0.194781
0.069078
-0.114276
-0.312076
-0.473831
-0.404352
-0.218979
0.006021
0.116400
0.074163
-0.057000
-0.146155
-0.161129
-0.124764
-0.067746
-0.063089
-0.034312
0.020209
0.172151
0.451422
0.676942
0.682484
0.486588
0.061457
-0.334539
-0.507887
-0.447749
-0.232295
0.036248
0.186184
0.263616
0.259679
0.157969
0.023982
-0.166312
-0.337737
-0.457656
-0.381088
-0.201655
0.004341
0.118111
0.077681
-0.064983
-0.153712
-0.165729
-0.117386
-0.054705
-0.055273
-0.038628
0.050378
0.268715
0.572489
0.722440
0.625422
0.334985
-0.088254
-0.400494
-0.483228
-0.383878
-0.159487
0.074750
0.211701
0.283277
0.243291
0.118438
-0.042645
-0.227805
-0.439236
-0.433826
-0.288762
-0.090519
0.102159
0.093593
-0.019039
-0.122557
-0.175055
-0.149244
-0.061797
-0.051084
-0.037923
-0.018218
0.045222
0.271295
0.587581
0.714893
0.641558
0.328681
-0.149099
-0.455151
-0.513710
-0.352727
-0.076692
0.127273
0.217674
0.264645
0.209861
0.108774
-0.041583
-0.247994
-0.464939
-0.447401
-0.277567
-0.051429
0.130215
0.101355
-0.031662
-0.142080
-0.173350
-0.133365
-0.053042
-0.063698
-0.056108
-0.013683
0.111000
0.383977
0.652929
0.697712
0.560308
0.187621
-0.230962
-0.461284
-0.480419
-0.292116
-0.039034
0.147087
0.246895
0.276392
0.191908
0.069256
-0.117902
-0.320245
-0.463569
-0.379558
-0.199717
0.006273
0.107697
0.045019
-0.067205
-0.142385
-0.144332
-0.105139
-0.062196
-0.075477
-0.045624
0.015815
0.187266
0.488856
0.693759
0.681127
0.448101
0.032949
-0.329576
-0.502959
-0.423259
-0.210077
0.026677
0.192626
0.275538
0.260425
0.158522
-0.004133
-0.244117
-0.404812
-0.410480
-0.260106
-0.067317
0.052668
0.050846
-0.023631
-0.111423
-0.143650
-0.116851
-0.084390
-0.049081
-0.043422
-0.032236
0.025717
0.225812
0.543857
0.713858
0.651986
0.359526
-0.059513
-0.376191
-0.476074
-0.367681
-0.158270
0.052862
0.194089
0.265684
0.242609
0.134983
-0.035327
-0.206974
-0.401931
-0.432666
-0.284584
-0.105730
0.060807
0.078079
-0.018038
-0.112505
-0.148624
-0.140341
-0.075970
-0.062665
-0.062499
-0.028561
0.062919
0.291122
0.603533
0.730116
0.607562
0.295350
-0.137023
-0.445920
-0.494386
-0.359573
-0.113020
0.127762
0.247778
0.291393
0.229401
0.083601
-0.089723
-0.250903
-0.428853
-0.429375
-0.265494
-0.070050
0.089071
0.094859
-0.026650
-0.142067
-0.177871
-0.149582
-0.073448
-0.058502
-0.063152
-0.012909
0.128876
0.413076
0.669206
0.704849
0.528411
0.140598
-0.253849
-0.462520
-0.452144
-0.271453
-0.033076
0.140606
0.249589
0.272170
0.188156
0.049104
-0.141519
-0.372090
-0.459258
-0.352944
-0.156175
0.051686
0.095531
0.004224
-0.099548
-0.164416
-0.156749
-0.097893
-0.072875
-0.060732
-0.047792
-0.002029
0.144375
0.446188
0.648355
0.675310
0.486323
0.085429
-0.264945
-0.454447
-0.430482
-0.243960
-0.011393
0.136852
0.257524
0.250070
0.168411
0.028113
-0.154538
-0.350914
-0.440314
-0.357065
-0.182328
0.020297
0.081053
0.030249
-0.081300
-0.143876
-0.150283
-0.102939
-0.091589
-0.080364
-0.053184
0.034929
0.253832
0.553182
0.691328
0.634066
0.353256
-0.053404
-0.351569
-0.483656
-0.383749
-0.174915
0.054728
0.207315
0.294055
0.240416
0.123779
-0.055220
-0.229732
-0.374670
-0.424078
-0.303473
-0.115351
0.055368
0.094227
0.013797
-0.123779
-0.186673
-0.167403
-0.093430
-0.051192
-0.052581
-0.031464
0.073223
0.321555
0.616951
0.716975
0.601875
0.262651
-0.145015
-0.437219
-0.499834
-0.336480
-0.082491
0.128649
0.246826
0.270885
0.191636
0.084067
-0.078716
-0.250557
-0.418292
-0.409078
-0.272771
-0.049336
0.100092
0.085230
-0.034428
-0.155729
-0.187130
-0.135184
-0.060536
-0.051314
-0.046021
-0.023942
0.106942
0.375942
0.643126
0.703835
0.562275
0.185668
-0.211494
-0.457141
-0.471545
-0.287930
-0.029587
0.155837
0.256274
0.274160
0.182548
0.056029
-0.172681
-0.368325
-0.423946
-0.312619
-0.128383
0.047346
0.061786
-0.010539
-0.090612
-0.147050
-0.125566
-0.077931
-0.052574
-0.043654
-0.040988
-0.025183
0.143152
0.448390
0.695950
0.717396
0.495814
0.065550
-0.328660
-0.488669
-0.416796
-0.203809
0.032847
0.180287
0.251441
0.253319
0.162137
0.006483
-0.219472
-0.386196
-0.389931
-0.254984
-0.082255
0.045051
0.036813
-0.036797
-0.095970
-0.128733
-0.110563
-0.081308
-0.060147
-0.044300
-0.031945
0.016099
0.207511
0.512529
0.708757
0.689179
0.406933
-0.020763
-0.364956
-0.490578
-0.377215
-0.153231
0.067442
0.200987
0.264999
0.239926
0.147938
-0.010221
-0.205607
-0.392414
-0.422631
-0.298441
-0.101186
0.064597
0.081241
-0.007269
-0.114853
-0.159096
-0.139987
-0.079173
-0.053351
-0.036834
-0.009206
0.107505
0.365050
0.630184
0.707772
0.574054
0.219832
-0.183456
-0.445203
-0.477274
-0.305202
-0.047325
0.160220
0.263618
0.273432
0.186962
0.064762
-0.108237
-0.267954
-0.402558
-0.370344
-0.223666
-0.036559
0.090370
0.079542
-0.049393
-0.161339
-0.188226
-0.147287
-0.051371
-0.027329
-0.030878
-0.002190
0.132964
0.406028
0.683047
0.711190
0.526637
0.134018
-0.265686
-0.468626
-0.442840
-0.241771
0.003541
0.178705
0.259743
0.261637
0.165871
0.034114
-0.136209
-0.297632
-0.417651
-0.344513
-0.191937
-0.001912
0.108102
0.059464
-0.071140
-0.177495
-0.198578
-0.127777
-0.038979
-0.036061
-0.033868
-0.016477
0.149855
0.467375
0.701084
0.692846
0.500492
0.070437
-0.305233
-0.475198
-0.440349
-0.218202
0.032131
0.193968
0.278912
0.255944
0.142988
0.011323
-0.165576
-0.343221
-0.421256
-0.314433
-0.149564
0.042336
0.094014
0.021965
-0.094853
-0.166322
-0.182257
-0.116293
-0.066346
-0.066458
-0.041496
0.010254
0.206668
0.523088
0.717600
0.681039
0.439847
0.003865
-0.338775
-0.479109
-0.408147
-0.194544
0.046624
0.186870
0.270058
0.258867
0.141377
0.001088
-0.227729
-0.428261
-0.413397
-0.268840
-0.065262
0.095868
0.064140
-0.044415
-0.128511
-0.157629
-0.122294
-0.070570
-0.070962
-0.063631
-0.055136
-0.000691
0.209598
0.534054
0.696127
0.671992
0.403828
-0.024096
-0.347931
-0.485718
-0.394657
-0.176612
0.048542
0.204736
0.292683
0.235860
0.120781
-0.035850
-0.218977
-0.403455
-0.403895
-0.302497
-0.116074
0.060140
0.075736
0.008378
-0.104736
-0.171888
-0.156348
-0.088041
-0.074937
-0.048704
-0.036962
0.059863
0.339411
0.636468
0.728702
0.608040
0.231504
-0.194109
-0.436344
-0.483416
-0.316556
-0.079741
0.115059
0.237730
0.285878
0.200098
0.075359
-0.111616
-0.292207
-0.407116
-0.387631
-0.240569
-0.057443
0.073503
0.047218
-0.061212
-0.157521
-0.172476
-0.122984
-0.049332
-0.049630
-0.063343
-0.026105
0.140274
0.456681
0.699903
0.700342
0.476369
0.054872
-0.313460
-0.465546
-0.426420
-0.226546
0.007120
0.155493
0.258270
0.265302
0.160744
0.008824
-0.181124
-0.353259
-0.424293
-0.330210
-0.179005
0.012957
0.071144
0.012392
-0.087537
-0.159718
-0.156337
-0.100404
-0.070229
-0.082381
-0.065938
0.006952
0.236995
0.566267
0.730096
0.665002
0.380477
-0.059471
-0.388531
-0.492845
-0.393723
-0.161799
0.073385
0.203389
0.269615
0.229948
0.113044
-0.050331
-0.235553
-0.433630
-0.429854
-0.290422
-0.095517
0.091314
0.076101
-0.033306
-0.136719
-0.170637
-0.141971
-0.067175
-0.074654
-0.064027
-0.033479
0.083588
0.350890
0.641006
0.716111
0.592222
0.223836
-0.202248
-0.458017
-0.496916
-0.305922
-0.067216
0.138134
0.239016
0.265575
0.187762
0.061576
-0.119740
-0.306734
-0.452319
-0.393095
-0.235945
-0.022910
0.072001
0.039598
-0.058458
-0.147158
-0.147527
-0.113021
-0.068626
-0.071246
-0.050254
0.012020
0.220399
0.512487
0.705838
0.669413
0.416228
-0.007173
-0.363514
-0.501676
-0.411182
-0.177795
0.064349
0.203712
0.261774
0.221000
0.112472
-0.033233
-0.209842
-0.410944
-0.433927
-0.307287
-0.109941
0.079040
0.077439
-0.020282
-0.132633
-0.176706
-0.144986
-0.067015
-0.065804
-0.048492
-0.019813
0.094563
0.355035
0.626875
0.704663
0.575086
0.234333
-0.193955
-0.463574
-0.481145
-0.303199
-0.044058
0.151829
0.235622
0.244365
0.163289
0.051803
-0.102200
-0.291706
-0.445949
-0.404105
-0.240674
-0.013687
0.104176
0.065435
-0.077746
-0.174392
-0.173232
-0.109872
-0.049220
-0.060754
-0.055426
0.008389
0.221483
0.531764
0.713497
0.663859
0.410447
-0.004909
-0.344010
-0.476807
-0.401036
-0.190996
0.048682
0.203030
0.275991
0.233345
0.118991
-0.041845
-0.223640
-0.419715
-0.451636
-0.313388
-0.097646
0.086227
0.098865
-0.023110
-0.154506
-0.178743
-0.127878
-0.043601
-0.039193
-0.059314
-0.042874
0.106946
0.401669
0.679202
0.728245
0.547788
0.166092
-0.236040
-0.470037
-0.463661
-0.277736
-0.047438
0.155255
0.250566
0.267781
0.179058
0.037227
-0.150339
-0.319726
-0.440511
-0.389022
-0.232717
-0.027083
0.094902
0.056542
-0.070408
-0.172090
-0.175882
-0.115096
-0.044302
-0.047518
-0.027698
0.067938
0.327935
0.618429
0.715176
0.606185
0.276654
-0.128057
-0.414593
-0.473185
-0.330231
-0.100767
0.111098
0.224411
0.254767
0.199508
0.077732
-0.081490
-0.288341
-0.443861
-0.403933
-0.249653
-0.038999
0.073644
0.039336
-0.056488
-0.132592
-0.144080
-0.103171
-0.058747
-0.056996
-0.034778
0.037108
0.234905
0.521864
0.689911
0.645076
0.418495
0.009386
-0.357679
-0.489318
-0.398536
-0.172860
0.072581
0.198452
0.241599
0.208281
0.107066
-0.026537
-0.189239
-0.377001
-0.439979
-0.330299
-0.133077
0.054636
0.087717
-0.008428
-0.134503
-0.170682
-0.136956
-0.069731
-0.055020
-0.067401
-0.021443
0.152111
0.456631
0.699077
0.713658
0.501905
0.132654
-0.229656
-0.450457
-0.441702
-0.273636
-0.043612
0.157930
0.268121
0.276919
0.176578
0.017445
-0.192312
-0.400655
-0.448538
-0.336998
-0.132591
0.045885
0.070300
-0.006341
-0.098665
-0.148685
-0.123455
-0.079899
-0.071518
-0.061877
-0.037321
0.070780
0.313315
0.604201
0.714966
0.627678
0.315473
-0.092936
-0.403769
-0.496730
-0.363114
-0.127791
0.105648
0.239381
0.277618
0.206618
0.086733
-0.077929
-0.252500
-0.437979
-0.447996
-0.292223
-0.058479
0.114229
0.109180
-0.027275
-0.149353
-0.170898
-0.118965
-0.054378
-0.053827
-0.057383
0.015687
0.244416
0.554695
0.742501
0.677663
0.420737
0.005467
-0.363567
-0.508284
-0.408840
-0.187902
0.057852
0.216815
0.281156
0.247960
0.145636
-0.023387
-0.210806
-0.385249
-0.446198
-0.333544
-0.150008
0.038803
0.084585
0.023316
-0.093971
-0.151511
-0.148361
-0.086822
-0.056622
-0.049331
-0.001605
0.174896
0.502189
0.729061
0.725932
0.505490
0.083180
-0.314072
-0.484038
-0.456332
-0.237753
0.016070
0.187150
0.288419
0.280156
0.168602
0.020665
-0.171483
-0.378890
-0.447046
-0.371607
-0.182979
0.029472
0.099294
0.043426
-0.067041
-0.148864
-0.137907
-0.083457
-0.062000
-0.059026
-0.044356
0.077403
0.370354
0.661970
0.746060
0.614360
0.252747
-0.171595
-0.434245
-0.483186
-0.338742
-0.076490
0.129173
0.259863
0.292405
0.205651
0.066033
-0.091708
-0.298788
-0.434254
-0.395895
-0.266358
-0.031912
0.091973
0.071776
-0.032420
-0.127375
-0.157047
-0.100417
-0.070328
-0.066087
-0.051016
0.004687
0.222207
0.556816
0.752915
0.706568
0.445613
-0.015048
-0.365912
-0.508101
-0.423987
-0.186727
0.050458
0.221691
0.302916
0.263409
0.130318
-0.036438
-0.264358
-0.423892
-0.424156
-0.283341
-0.079726
0.068752
0.073322
-0.017560
-0.113308
-0.153771
-0.111522
-0.073423
-0.059139
-0.051784
-0.022318
0.114499
0.417027
0.696219
0.749769
0.571606
0.179953
-0.273895
-0.514431
-0.487254
-0.279045
-0.000030
0.187567
0.266101
0.265080
0.177523
0.028796
-0.131290
-0.335157
-0.459210
-0.409961
-0.225506
0.005051
0.115576
0.070576
-0.055855
-0.157901
-0.168908
-0.103840
-0.054299
-0.051448
-0.041843
0.053695
0.333280
0.659083
0.765128
0.640637
0.286684
-0.184205
-0.478880
-0.519233
-0.345288
-0.070468
0.144687
0.248547
0.285928
0.209414
0.075027
-0.097143
-0.287756
-0.429942
-0.400337
-0.268229
-0.074310
0.078303
0.068932
-0.019625
-0.121269
-0.170569
-0.138014
-0.071776
-0.058448
-0.040002
0.012360
0.197564
0.530075
0.728464
0.697089
0.455620
-0.009228
-0.390532
-0.515683
-0.417467
-0.177107
0.075171
0.198027
0.261535
0.237001
0.132057
-0.001744
-0.224465
-0.423500
-0.432084
-0.314123
-0.111708
0.061223
0.066498
-0.010394
-0.096423
-0.148739
-0.128342
-0.092829
-0.082474
-0.049675
-0.021108
0.082001
0.360723
0.645426
0.719699
0.603784
0.240140
-0.204538
-0.460672
-0.482736
-0.314411
-0.052255
0.130704
0.234235
0.263274
0.183519
0.065668
-0.097191
-0.276588
-0.400869
-0.394203
-0.286088
-0.094096
0.044686
0.053189
-0.020563
-0.106430
-0.131597
-0.098063
-0.069314
-0.080309
-0.079065
0.001980
0.262157
0.594058
0.742295
0.675518
0.379616
-0.064613
-0.393072
-0.492080
-0.410961
-0.172097
0.061564
0.211247
0.295393
0.240634
0.115395
-0.050486
-0.237678
-0.395710
-0.410018
-0.310041
-0.134745
0.029377
0.065423
-0.013171
-0.112869
-0.146788
-0.125712
-0.064476
-0.062254
-0.085540
-0.048703
0.093349
0.413502
0.714639
0.737687
0.558801
0.188078
-0.269441
-0.506677
-0.490589
-0.310012
-0.027257
0.177670
0.254592
0.277305
0.182271
0.034312
-0.122391
-0.310499
-0.440046
-0.384850
-0.254565
-0.068613
0.078112
0.062410
-0.022895
-0.103883
-0.160293
-0.140663
-0.092512
-0.088970
-0.059715
0.005929
0.222695
0.572834
0.750933
0.691410
0.411078
-0.047783
-0.397592
-0.525880
-0.421731
-0.188436
0.060057
0.222149
0.292734
0.245282
0.120202
-0.040920
-0.230794
-0.352832
-0.391198
-0.313359
-0.184493
-0.044391
0.044284
0.013988
-0.064496
-0.112818
-0.126588
-0.091999
-0.064827
-0.089229
-0.062841
0.061657
0.369990
0.696361
0.769482
0.594599
0.216891
-0.239563
-0.507280
-0.502253
-0.346993
-0.064159
0.150430
0.263379
0.299505
0.214065
0.050566
-0.125655
-0.316257
-0.449289
-0.399835
-0.259829
-0.052223
0.094805
0.084349
-0.019900
-0.118036
-0.166129
-0.133650
-0.080505
-0.072691
-0.076021
-0.037969
0.138713
0.497618
0.742837
0.739695
0.504987
0.047629
-0.353906
-0.509833
-0.455237
-0.246076
0.010827
0.170786
0.284644
0.278602
0.160205
-0.000707
-0.193762
-0.354386
-0.412594
-0.346147
-0.217959
-0.030811
0.066037
0.054701
-0.019284
-0.117917
-0.164383
-0.127154
-0.086359
-0.072163
-0.047598
0.016458
0.249680
0.592983
0.762786
0.697948
0.378145
-0.112586
-0.450198
-0.521871
-0.396357
-0.138080
0.101084
0.215102
0.287667
0.235317
0.113930
-0.055531
-0.252175
-0.411314
-0.419884
-0.321419
-0.130488
0.058598
0.081557
0.038919
-0.065977
-0.137564
-0.146956
-0.108872
-0.089195
-0.064743
-0.035261
0.070964
0.365183
0.666799
0.741843
0.603373
0.213230
-0.235628
-0.471273
-0.488951
-0.313328
-0.059917
0.122798
0.228444
0.282138
0.195350
0.079367
-0.099461
-0.285373
-0.410958
-0.389002
-0.278005
-0.089400
0.070772
0.070200
0.002045
-0.103424
-0.152333
-0.129233
-0.085931
-0.089299
-0.068297
-0.021343
0.167161
0.502946
0.728120
0.713394
0.486872
0.061219
-0.331683
-0.485255
-0.450957
-0.247696
-0.004801
0.161618
0.269243
0.284017
0.178251
0.029729
-0.177332
-0.348144
-0.414740
-0.350695
-0.209470
-0.046885
0.067112
0.052923
-0.027190
-0.113574
-0.152375
-0.135615
-0.085083
-0.074162
-0.052667
0.015640
0.224280
0.570630
0.768839
0.716887
0.402154
-0.068683
-0.441137
-0.536166
-0.398687
-0.163896
0.087199
0.229109
0.287222
0.260334
0.143485
-0.046030
-0.246091
-0.417462
-0.440176
-0.311122
-0.132526
0.057692
0.108602
0.019583
-0.085416
-0.148953
-0.158298
-0.103005
-0.077409
-0.080199
-0.049249
0.051622
0.345831
0.673703
0.775705
0.651547
0.258466
-0.213115
-0.487470
-0.514246
-0.334309
-0.069815
0.128705
0.245152
0.286082
0.216822
0.095889
-0.095798
-0.295167
-0.435331
-0.421851
-0.276906
-0.071824
0.086501
0.084545
-0.000243
-0.098105
-0.151938
-0.135345
-0.091683
-0.088964
-0.074881
-0.016228
0.126022
0.450890
0.712852
0.740242
0.549118
0.114310
-0.281675
-0.493008
-0.463757
-0.271888
-0.024007
0.148824
0.262192
0.275789
0.191241
0.047820
-0.155199
-0.330710
-0.438750
-0.375920
-0.221772
-0.020727
0.091858
0.065295
-0.036280
-0.123854
-0.155394
-0.125771
-0.083359
-0.075010
-0.060637
0.003402
0.198590
0.535407
0.739660
0.691531
0.457289
0.003767
-0.366475
-0.505071
-0.431328
-0.205149
0.034479
0.181267
0.276739
0.266348
0.163184
0.012992
-0.195351
-0.378035
-0.439145
-0.332754
-0.183180
0.012948
0.085945
0.032928
-0.047359
-0.125404
-0.148341
-0.102429
-0.078163
-0.071609
-0.038266
0.036571
0.286685
0.609650
0.744051
0.651025
0.342624
-0.126238
-0.403579
-0.477027
-0.357857
-0.137012
0.071712
0.201743
0.289679
0.248637
0.117116
-0.058987
-0.266222
-0.378023
-0.384180
-0.272132
-0.137609
0.022300
0.061996
0.014455
-0.071363
-0.138833
-0.146557
-0.098918
-0.067376
-0.059822
-0.023126
0.070834
0.333777
0.623731
0.722066
0.616970
0.277354
-0.160490
-0.420238
-0.468548
-0.333026
-0.083442
0.112568
0.227771
0.283192
0.217113
0.094313
-0.080082
-0.274387
-0.414204
-0.393210
-0.265633
-0.076972
0.085087
0.074252
-0.004991
-0.096237
-0.152597
-0.134135
-0.081346
-0.084041
-0.065194
-0.021739
0.116512
0.404920
0.658686
0.714576
0.580784
0.217168
-0.201899
-0.450005
-0.470092
-0.299123
-0.061347
0.145122
0.255914
0.285666
0.207474
0.073917
-0.121910
-0.302209
-0.415189
-0.368399
-0.215004
-0.049774
0.081749
0.069982
-0.033807
-0.121609
-0.147605
-0.130864
-0.070598
-0.065710
-0.067833
-0.016715
0.136600
0.438837
0.688401
0.718844
0.546693
0.167125
-0.249327
-0.471706
-0.460466
-0.260434
-0.011740
0.170346
0.257901
0.263638
0.172517
0.051760
-0.130677
-0.301496
-0.411735
-0.369534
-0.216119
-0.026119
0.091895
0.068463
-0.044287
-0.143443
-0.153584
-0.116564
-0.060559
-0.059723
-0.059671
0.010731
0.214912
0.511377
0.711067
0.682500
0.444158
0.043499
-0.326913
-0.464295
-0.403515
-0.196868
0.037189
0.187979
0.266218
0.256926
0.157479
0.001916
-0.196775
-0.363742
-0.411827
-0.311867
-0.145161
0.013261
0.085233
0.024800
-0.080103
-0.143888
-0.150807
-0.106771
-0.068537
-0.064851
-0.051874
0.041520
0.282445
0.586109
0.722371
0.646195
0.370591
-0.038487
-0.363546
-0.479183
-0.379317
-0.166655
0.074058
0.228778
0.286438
0.235767
0.112547
-0.051078
-0.227987
-0.354688
-0.401386
-0.294366
-0.134895
0.024106
0.091436
0.031905
-0.087854
-0.173173
-0.173747
-0.111581
-0.064589
-0.073219
-0.047037
0.069089
0.342856
0.636278
0.725354
0.601541
0.291514
-0.096587
-0.384169
-0.456336
-0.346986
-0.135777
0.087018
0.228299
0.286101
0.225231
0.095321
-0.079427
-0.280004
-0.439613
-0.402581
-0.243919
-0.045039
0.096764
0.066716
-0.041753
-0.135339
-0.163673
-0.124131
-0.071180
-0.078174
-0.074076
-0.038519
0.090190
0.370736
0.641354
0.705914
0.586013
0.236717
-0.169696
-0.418720
-0.466077
-0.318880
-0.076986
0.123521
0.245550
0.274970
0.185977
0.055264
-0.114152
-0.286770
-0.404575
-0.372226
-0.248222
-0.060750
0.055392
0.043734
-0.049100
-0.138036
-0.164721
-0.117691
-0.070907
-0.067997
-0.066600
-0.009639
0.179429
0.469290
0.678346
0.673966
0.475153
0.109696
-0.246704
-0.445970
-0.416099
-0.261124
-0.018210
0.156900
0.248102
0.249624
0.160549
0.007990
-0.171004
-0.320421
-0.416702
-0.340473
-0.203499
-0.030019
0.059573
0.023817
-0.088632
-0.158412
-0.165927
-0.107625
-0.053864
-0.067039
-0.059540
0.030454
0.264449
0.565298
0.705979
0.617990
0.343771
-0.046068
-0.345644
-0.454612
-0.351633
-0.169407
0.048853
0.191510
0.257815
0.220996
0.110905
-0.065064
-0.239030
-0.386057
-0.410770
-0.284283
-0.121523
0.024139
0.068576
-0.006490
-0.133236
-0.176953
-0.159573
-0.086022
-0.052221
-0.063800
-0.042757
0.084630
0.353310
0.627328
0.692407
0.560781
0.243862
-0.145881
-0.395570
-0.434251
-0.320575
-0.117166
0.094344
0.221339
0.273698
0.208775
0.067222
-0.111981
-0.286766
-0.415082
-0.386573
-0.260615
-0.087890
0.046229
0.046481
-0.047877
-0.135786
-0.168136
-0.125286
-0.068429
-0.071412
-0.072063
-0.008175
0.186189
0.488708
0.680302
0.650995
0.459613
0.101723
-0.264215
-0.439774
-0.422960
-0.260493
-0.010502
0.166026
0.257450
0.246427
0.140289
-0.011174
-0.176252
-0.368759
-0.438181
-0.342030
-0.180361
0.011255
0.079660
0.007234
-0.096852
-0.153565
-0.154187
-0.087766
-0.073669
-0.089560
-0.059128
0.064497
0.306258
0.577765
0.663411
0.581056
0.332764
-0.053566
-0.347885
-0.443661
-0.370696
-0.163380
0.078000
0.203247
0.258105
0.211433
0.086275
-0.070804
-0.235003
-0.398040
-0.400513
-0.287796
-0.128226
0.036824
0.053318
-0.035692
-0.120681
-0.160630
-0.134559
-0.062983
-0.066405
-0.076936
-0.030785
0.142319
0.432462
0.642412
0.663164
0.503908
0.151108
-0.193961
-0.375538
-0.410157
-0.273412
-0.052963
0.111957
0.227421
0.249809
0.162646
0.030338
-0.147375
-0.345613
-0.413055
-0.344244
-0.199218
0.001651
0.063805
-0.005165
-0.100282
-0.165225
-0.156001
-0.081882
-0.059327
-0.075095
-0.058334
0.027235
0.271026
0.539960
0.663913
0.633731
0.388149
0.027565
-0.278532
-0.426546
-0.392409
-0.200141
0.020768
0.188431
0.261447
0.222755
0.114393
-0.032578
-0.235718
-0.402860
-0.397789
-0.302820
-0.096733
0.047353
0.053502
-0.032083
-0.120528
-0.160490
-0.117198
-0.079582
-0.080983
-0.065938
-0.020848
0.138562
0.399393
0.612682
0.656419
0.547677
0.243385
-0.118814
-0.372004
-0.422672
-0.312164
-0.095553
0.102256
0.232156
0.253457
0.184885
0.054891
-0.117909
-0.297998
-0.400290
-0.348825
-0.237668
-0.065728
0.032460
0.016017
-0.054183
-0.113806
-0.141960
-0.099621
-0.080220
-0.078435
-0.049740
0.040602
0.268423
0.546831
0.666117
0.625541
0.411535
0.057281
-0.268640
-0.429568
-0.392077
-0.214051
0.036444
0.205151
0.262229
0.222981
0.120047
-0.040768
-0.198966
-0.353239
-0.392784
-0.297686
-0.140676
0.008343
0.064350
-0.006495
-0.117145
-0.176848
-0.164630
-0.089080
-0.051290
-0.058016
-0.034255
0.101328
0.377597
0.629985
0.686416
0.562256
0.284168
-0.076462
-0.334853
-0.410790
-0.337092
-0.130534
0.083138
0.231646
0.273388
0.203170
0.059148
-0.084511
-0.268999
-0.396975
-0.364870
-0.248589
-0.066813
0.043871
0.035576
-0.065845
-0.133939
-0.147325
-0.091128
-0.052736
-0.065945
-0.078416
-0.017385
0.182487
0.475320
0.686916
0.691912
0.490547
0.135274
-0.214158
-0.409283
-0.392744
-0.254150
-0.043254
0.140779
0.245892
0.258797
0.188472
0.009755
-0.187905
-0.389108
-0.444718
-0.311972
-0.121499
0.036880
0.080142
-0.015122
-0.127958
-0.154172
-0.143307
-0.082787
-0.057466
-0.064161
-0.038918
0.084879
0.329531
0.590067
0.685179
0.601973
0.313823
-0.045871
-0.324387
-0.421443
-0.329579
-0.153298
0.054397
0.201019
0.264154
0.206440
0.089829
-0.084732
-0.289590
-0.407926
-0.366280
-0.245954
-0.079852
0.030907
0.020715
-0.052243
-0.116869
-0.136807
-0.101428
-0.076092
-0.076966
-0.055971
0.027409
0.247074
0.527243
0.674065
0.642395
0.436406
0.070921
-0.242194
-0.404601
-0.403362
-0.232633
-0.009024
0.164219
0.271544
0.240961
0.129802
-0.054657
-0.279822
-0.405613
-0.377093
-0.236614
-0.087180
0.014033
0.003567
-0.059514
-0.112825
-0.127403
-0.116650
-0.088477
-0.074074
-0.049003
0.013054
0.177093
0.430101
0.626031
0.670884
0.524435
0.183060
-0.185805
-0.416852
-0.422531
-0.266389
-0.048807
0.130575
0.219105
0.224419
0.159940
0.025667
-0.152785
-0.352483
-0.441549
-0.364780
-0.195809
-0.014673
0.052013
0.004263
-0.091219
-0.140904
-0.135442
-0.085683
-0.067277
-0.075109
-0.036840
0.124206
0.384206
0.614000
0.686435
0.537204
0.246403
-0.111738
-0.352244
-0.401607
-0.315228
-0.124265
0.074193
0.201020
0.241984
0.189366
0.047909
-0.121119
-0.333322
-0.425983
-0.358586
-0.207705
-0.036984
0.027506
-0.015585
-0.098727
-0.137935
-0.136826
-0.102800
-0.094817
-0.085559
-0.034180
0.117418
0.353351
0.560860
0.646619
0.576886
0.324264
-0.012231
-0.307846
-0.438427
-0.367542
-0.164203
0.045719
0.201539
0.246949
0.196769
0.087178
-0.085077
-0.287183
-0.424633
-0.403194
-0.278910
-0.070052
0.038785
0.028267
-0.070113
-0.146143
-0.165320
-0.113121
-0.067910
-0.057730
-0.046933
0.037552
0.264096
0.522756
0.667340
0.631280
0.413276
0.037218
-0.270744
-0.415801
-0.386951
-0.206056
0.010355
0.157208
0.248081
0.213526
0.113576
-0.035984
-0.276933
-0.416142
-0.390784
-0.274816
-0.089128
0.026655
-0.001451
-0.062699
-0.123574
-0.137807
-0.101600
-0.089651
-0.087087
-0.048197
0.032802
0.242061
0.473848
0.597451
0.619443
0.468311
0.135969
-0.181272
-0.389513
-0.415986
-0.252430
-0.047258
0.151084
0.246681
0.218327
0.121194
-0.011273
-0.200385
-0.354511
-0.388341
-0.336695
-0.176686
-0.027375
0.026383
-0.011099
-0.089788
-0.142097
-0.122974
-0.085423
-0.065304
-0.044714
0.015372
0.217239
0.476354
0.641976
0.633633
0.467525
0.137396
-0.186288
-0.364432
-0.393639
-0.255626
-0.049100
0.120854
0.217892
0.233641
0.143991
0.016860
-0.175579
-0.371873
-0.406471
-0.321296
-0.169389
-0.015636
0.020346
-0.032302
-0.092500
-0.131437
-0.118664
-0.084096
-0.077914
-0.062752
0.006090
0.176585
0.441755
0.629261
0.660411
0.509518
0.194853
-0.132872
-0.373419
-0.411064
-0.280342
-0.076713
0.115237
0.234215
0.247218
0.176434
0.041981
-0.184163
-0.364436
-0.423568
-0.326022
-0.147170
-0.014527
0.004355
-0.036553
-0.105280
-0.127446
-0.094255
-0.073189
-0.061965
-0.051038
-0.001961
0.163289
0.412910
0.600032
0.642685
0.524256
0.240554
-0.102698
-0.329462
-0.402400
-0.304386
-0.094941
0.092344
0.223920
0.248408
0.178884
0.042128
-0.142667
-0.322345
-0.378860
-0.320108
-0.219458
-0.071447
-0.014803
-0.023603
-0.057417
-0.100713
-0.115267
-0.084654
-0.070166
-0.051090
0.003437
0.149253
0.402081
0.603182
0.636767
0.538796
0.275253
-0.079751
-0.314021
-0.421566
-0.337979
-0.131782
0.097952
0.247348
0.278133
0.180084
0.046132
-0.143767
-0.333593
-0.391321
-0.328252
-0.196961
-0.050019
0.010087
-0.021295
-0.067177
-0.119734
-0.102720
-0.071659
-0.066425
-0.062861
-0.031409
0.098340
0.365320
0.616666
0.688581
0.580894
0.282647
-0.076560
-0.340231
-0.425896
-0.323713
-0.124564
0.083092
0.222186
0.265524
0.202615
0.074932
-0.115711
-0.302905
-0.406325
-0.358672
-0.221340
-0.063157
0.018259
-0.010208
-0.068270
-0.115677
-0.118069
-0.091455
-0.074011
-0.075484
-0.033990
0.103703
0.353245
0.588019
0.660954
0.584923
0.325287
-0.010694
-0.270528
-0.406861
-0.361710
-0.186836
0.028853
0.209240
0.281033
0.215343
0.087127
-0.098862
-0.288965
-0.370144
-0.341665
-0.243737
-0.095686
-0.021268
-0.019059
-0.052222
-0.096636
-0.106026
-0.081191
-0.074142
-0.079066
-0.047514
0.061352
0.291288
0.539266
0.639413
0.600366
0.398587
0.061974
-0.220726
-0.393137
-0.399558
-0.235373
-0.006404
0.169900
0.273816
0.232054
0.114650
-0.035515
-0.227195
-0.363804
-0.372187
-0.304704
-0.161234
-0.024047
0.005152
-0.017446
-0.081083
-0.123851
-0.114300
-0.080412
-0.076811
-0.055089
0.021292
0.223360
0.494554
0.651588
0.621844
0.437005
0.106894
-0.197315
-0.379044
-0.393901
-0.253963
-0.046820
0.140478
0.242917
0.235791
0.129792
-0.010982
-0.190456
-0.329813
-0.368040
-0.315788
-0.212506
-0.076659
-0.026673
-0.040302
-0.072847
-0.112814
-0.102249
-0.070773
-0.066326
-0.061358
0.006756
0.183137
0.461862
0.647393
0.628522
0.473917
0.162887
-0.187389
-0.378693
-0.407974
-0.300784
-0.069881
0.117683
0.232836
0.247643
0.156999
0.002848
-0.168361
-0.337742
-0.377480
-0.302501
-0.197845
-0.075721
-0.024634
-0.051372
-0.110135
-0.123335
-0.121045
-0.085303
-0.068835
-0.071051
-0.029437
0.118450
0.383744
0.605682
0.656858
0.533619
0.269600
-0.095338
-0.352894
-0.435650
-0.359267
-0.140766
0.088953
0.229311
0.264295
0.183747
0.038960
-0.128111
-0.314722
-0.382583
-0.347554
-0.245878
-0.103059
-0.014982
-0.014487
-0.056349
-0.099174
-0.125689
-0.102082
-0.084653
-0.069664
-0.058498
0.035634
0.266835
0.541143
0.671005
0.613282
0.368119
0.000728
-0.295911
-0.422271
-0.380283
-0.217914
0.001367
0.169950
0.261709
0.216881
0.109075
-0.064935
-0.243329
-0.349331
-0.356683
-0.278370
-0.187027
-0.088214
-0.047790
-0.054814
-0.073449
-0.097099
-0.103145
-0.080614
-0.075564
-0.054543
0.020706
0.210375
0.483894
0.634927
0.619127
0.413992
0.088995
-0.219801
-0.397834
-0.393355
-0.251142
-0.041448
0.138296
0.245942
0.230118
0.124071
-0.031392
-0.208129
-0.326556
-0.327486
-0.252658
-0.156207
-0.086486
-0.097526
-0.093754
-0.114178
-0.119123
-0.082286
-0.065402
-0.069867
-0.059246
-0.027795
0.125257
0.409513
0.610452
0.664705
0.521328
0.202525
-0.136033
-0.372222
-0.431003
-0.307059
-0.104064
0.099423
0.238290
0.244768
0.176707
0.043576
-0.171532
-0.323588
-0.384097
-0.330627
-0.188769
-0.068547
-0.006288
-0.012083
-0.067465
-0.103930
-0.105419
-0.096038
-0.067654
-0.054684
-0.045165
0.043538
0.267893
0.542879
0.676209
0.609482
0.357649
-0.018194
-0.305319
-0.413241
-0.363358
-0.187260
0.022297
0.179017
0.272320
0.222904
0.096724
-0.069539
-0.268476
-0.353252
-0.298886
-0.205157
-0.125743
-0.087218
-0.109346
-0.098755
-0.074302
-0.060871
-0.052221
-0.062233
-0.085459
-0.066994
-0.000225
0.188700
0.477594
0.652199
0.649592
0.464421
0.126046
-0.205479
-0.379896
-0.394795
-0.260911
-0.049167
0.127611
0.245523
0.253328
0.149876
0.017838
-0.189463
-0.339213
-0.350511
-0.294323
-0.178297
-0.072659
-0.011336
-0.006918
-0.028987
-0.082377
-0.103515
-0.103872
-0.091049
-0.064608
-0.028061
0.085317
0.350740
0.593834
0.675360
0.574819
0.273473
-0.084277
-0.335269
-0.418476
-0.320890
-0.126162
0.065499
0.217153
0.254449
0.198036
0.072873
-0.095949
-0.288375
-0.357105
-0.341323
-0.242907
-0.096254
-0.008153
0.018160
-0.015205
-0.076505
-0.114072
-0.101033
-0.095002
-0.067506
-0.041133
0.050873
0.272449
0.525053
0.639349
0.605806
0.404926
0.073542
-0.232695
-0.410890
-0.385696
-0.228378
0.002925
0.184596
0.272364
0.230146
0.108404
-0.036622
-0.209215
-0.333804
-0.320691
-0.250717
-0.157245
-0.064823
-0.056086
-0.042453
-0.057962
-0.086921
-0.078593
-0.063968
-0.075417
-0.059732
-0.011560
0.143039
0.430812
0.650673
0.667060
0.504283
0.183228
-0.154395
-0.350215
-0.388108
-0.273380
-0.089610
0.101450
0.222566
0.260469
0.181807
0.044401
-0.152277
-0.323900
-0.364424
-0.305940
-0.176821
-0.056098
-0.003668
-0.009660
-0.042760
-0.093594
-0.102815
-0.091777
-0.082803
-0.061449
-0.031702
0.064070
0.301284
0.571481
0.672455
0.606448
0.343753
-0.024948
-0.288433
-0.399945
-0.335349
-0.169650
0.023098
0.185845
0.260750
0.228634
0.103982
-0.063722
-0.264125
-0.377205
-0.368483
-0.266089
-0.102602
0.007184
0.039120
-0.006261
-0.081356
-0.127916
-0.123601
-0.099630
-0.060156
-0.031162
0.031795
0.216959
0.463823
0.625259
0.639426
0.455316
0.124276
-0.186998
-0.371033
-0.376316
-0.242721
-0.049330
0.121857
0.236309
0.235908
0.159456
0.014200
-0.176864
-0.338983
-0.377275
-0.328608
-0.165179
-0.011685
0.031364
0.016127
-0.071684
-0.134493
-0.129754
-0.088027
-0.063933
-0.031318
-0.025755
0.104275
0.369379
0.589608
0.640191
0.537271
0.231920
-0.102854
-0.319522
-0.391300
-0.286648
-0.105734
0.068778
0.200074
0.243401
0.174714
0.072405
-0.089764
-0.276419
-0.366510
-0.339119
-0.254033
-0.086707
-0.002055
0.012617
-0.016599
-0.079910
-0.116863
-0.101255
-0.096449
-0.078080
-0.032774
0.042861
0.264829
0.517273
0.636363
0.588681
0.377622
0.052729
-0.218864
-0.368008
-0.361814
-0.231939
-0.027390
0.152449
0.260285
0.230516
0.116139
-0.025987
-0.207278
-0.334910
-0.350635
-0.295154
-0.175991
-0.045781
-0.000168
-0.002514
-0.055387
-0.109074
-0.119770
-0.099027
-0.087550
-0.058696
-0.023077
0.103063
0.364725
0.590754
0.641714
0.524862
0.234024
-0.106375
-0.326727
-0.400856
-0.297275
-0.117611
0.061032
0.207100
0.242364
0.173271
0.058809
-0.105064
-0.299590
-0.375471
-0.368363
-0.239579
-0.057251
0.017488
0.027266
-0.036255
-0.125443
-0.139049
-0.099152
-0.084381
-0.047887
-0.049711
0.005390
