0.144552
0.200454
0.191634
0.083495
-0.074151
-0.197106
-0.255192
-0.246621
-0.178921
-0.089350
-0.032765
-0.017027
0.011800
0.080579
0.149037
0.160110
0.113961
0.029718
-0.068510
-0.151986
-0.174135
-0.137645
-0.089599
-0.067977
-0.054263
-0.023560
0.021103
0.059115
0.071093
0.046594
-0.001833
-0.057009
-0.087466
-0.092478
-0.076963
-0.067838
-0.067972
-0.076958
-0.073115
-0.056942
-0.028362
-0.004170
0.003222
-0.011983
-0.033746
-0.042720
-0.039195
-0.034549
-0.038586
-0.046912
-0.054235
-0.051378
-0.037994
-0.014368
0.007216
0.019617
0.022458
0.026648
0.033726
0.044339
0.060766
0.080725
0.091159
0.080054
0.072005
0.087727
0.119313
0.143712
0.158761
0.176359
0.206556
0.231636
0.259087
0.270712
0.224538
0.049797
-0.206714
-0.394309
-0.408232
-0.298220
-0.162206
-0.044853
0.042230
0.086953
0.108064
0.151088
0.205640
0.197100
0.087087
-0.069251
-0.192157
-0.251532
-0.246582
-0.181930
-0.093448
-0.036501
-0.017848
0.014326
0.085908
0.154887
0.164554
0.118198
0.033924
-0.063932
-0.148507
-0.172814
-0.137862
-0.091207
-0.069575
-0.055061
-0.020229
0.025480
0.063982
0.071371
0.049924
0.005015
-0.045696
-0.079952
-0.087953
-0.076998
-0.070270
-0.073434
-0.079344
-0.073539
-0.053500
-0.019608
0.011142
0.020724
-0.002577
-0.033909
-0.048206
-0.043547
-0.036726
-0.035500
-0.039590
-0.047608
-0.050017
-0.036873
-0.010086
0.014362
0.025611
0.026379
0.029513
0.037394
0.052839
0.072905
0.090122
0.090714
0.083034
0.081836
0.094968
0.116035
0.142825
0.171837
0.195991
0.216661
0.237320
0.271557
0.282923
0.222523
0.023427
-0.237162
-0.413863
-0.406163
-0.283778
-0.136590
-0.020687
0.060853
0.096715
0.120803
0.165617
0.216582
0.196084
0.077950
-0.082011
-0.204825
-0.258307
-0.241429
-0.166338
-0.077351
-0.024434
-0.006509
0.029381
0.102083
0.169711
0.174368
0.119389
0.025173
-0.076383
-0.156334
-0.170879
-0.130990
-0.082338
-0.061156
-0.045347
-0.010489
0.038370
0.077935
0.085938
0.058101
0.006926
-0.046232
-0.082022
-0.092951
-0.080729
-0.066442
-0.062867
-0.067872
-0.064530
-0.045130
-0.012092
0.016998
0.025188
0.002223
-0.029892
-0.047972
-0.044764
-0.037558
-0.037645
-0.044673
-0.047380
-0.040965
-0.025271
-0.003698
0.016246
0.026805
0.030726
0.036421
0.045794
0.057783
0.072785
0.089048
0.097849
0.087475
0.080077
0.103472
0.145844
0.167376
0.170974
0.188884
0.230533
0.264550
0.287867
0.284064
0.197317
-0.045054
-0.318790
-0.445160
-0.373363
-0.227857
-0.100879
0.004141
0.079613
0.111221
0.130633
0.191983
0.241356
0.187740
0.027666
-0.133836
-0.229779
-0.257606
-0.226736
-0.140828
-0.052590
-0.016428
-0.006659
0.045051
0.137242
0.195774
0.171951
0.095143
-0.005577
-0.105518
-0.172683
-0.165815
-0.112162
-0.072090
-0.062873
-0.043871
0.006092
0.060156
0.094358
0.091622
0.050422
-0.014952
-0.070980
-0.091303
-0.082019
-0.067487
-0.060815
-0.062348
-0.061906
-0.057489
-0.039415
-0.009004
0.015872
0.013003
-0.011574
-0.034576
-0.039251
-0.035192
-0.034069
-0.038835
-0.044731
-0.048398
-0.040633
-0.019101
0.007767
0.024574
0.028964
0.029331
0.035426
0.044314
0.058614
0.077280
0.101098
0.098709
0.073473
0.064198
0.103197
0.156038
0.175415
0.171047
0.187444
0.225461
0.263669
0.287114
0.275717
0.143091
-0.123226
-0.372858
-0.439632
-0.334123
-0.184858
-0.063710
0.028702
0.083610
0.101370
0.134124
0.203864
0.237260
0.150627
-0.020206
-0.172558
-0.248058
-0.255725
-0.200909
-0.108761
-0.035610
-0.017991
-0.004345
0.060407
0.154184
0.195859
0.155992
0.066244
-0.039589
-0.134625
-0.178504
-0.152055
-0.096252
-0.068023
-0.062499
-0.038671
0.015177
0.067688
0.099274
0.091191
0.035680
-0.039436
-0.090624
-0.094444
-0.077490
-0.063936
-0.061599
-0.062218
-0.060487
-0.049909
-0.030211
-0.005950
0.005927
0.000741
-0.014181
-0.033062
-0.044959
-0.047156
-0.042538
-0.044297
-0.050483
-0.050888
-0.036216
-0.014977
0.005868
0.019244
0.027321
0.025964
0.024358
0.032113
0.049553
0.069427
0.082366
0.079922
0.076261
0.086306
0.118501
0.137028
0.145582
0.151695
0.179474
0.209495
0.246625
0.272940
0.274413
0.168058
-0.057360
-0.305192
-0.410172
-0.355664
-0.222320
-0.099621
-0.000215
0.061088
0.091588
0.124768
0.184860
0.222135
0.162553
0.019013
-0.132050
-0.223661
-0.250776
-0.212803
-0.135369
-0.061103
-0.031787
-0.011453
0.042436
0.128202
0.178349
0.158855
0.083225
-0.013817
-0.109125
-0.162863
-0.156509
-0.111458
-0.080125
-0.067218
-0.047290
0.000318
0.050747
0.087643
0.092105
0.049381
-0.025040
-0.083111
-0.096758
-0.079267
-0.066646
-0.061568
-0.062655
-0.061784
-0.056650
-0.035698
-0.012367
-0.000524
-0.007214
-0.015353
-0.021975
-0.027157
-0.035691
-0.044163
-0.053123
-0.060241
-0.059082
-0.042798
-0.018543
0.002257
0.013324
0.020475
0.023082
0.023724
0.026898
0.039170
0.053413
0.064721
0.071208
0.075091
0.078927
0.091165
0.129682
0.157455
0.160999
0.161699
0.189140
0.228126
0.259059
0.276904
0.251517
0.101088
-0.164942
-0.381532
-0.414469
-0.302619
-0.167725
-0.057155
0.031551
0.081706
0.102258
0.142692
0.212047
0.222461
0.117548
-0.050171
-0.182458
-0.247249
-0.249238
-0.191746
-0.100684
-0.038726
-0.023835
0.001515
0.077968
0.164032
0.188168
0.138258
0.049722
-0.053269
-0.141657
-0.174699
-0.141393
-0.091854
-0.071584
-0.064392
-0.032236
0.023712
0.071835
0.099099
0.088467
0.028188
-0.051025
-0.096821
-0.091763
-0.071000
-0.061416
-0.059522
-0.059061
-0.061423
-0.056516
-0.032533
-0.001389
0.008530
-0.003933
-0.017861
-0.024471
-0.029189
-0.042115
-0.051555
-0.055450
-0.057326
-0.054582
-0.035183
-0.005370
0.015867
0.021139
0.019898
0.020433
0.021443
0.029297
0.046064
0.065198
0.076877
0.078050
0.079422
0.091608
0.112584
0.126212
0.136245
0.148303
0.176596
0.207138
0.239491
0.265565
0.268522
0.212333
0.037801
-0.208456
-0.380894
-0.387188
-0.275567
-0.148884
-0.039648
0.042028
0.092389
0.118762
0.163236
0.209591
0.193851
0.080110
-0.073007
-0.190073
-0.242512
-0.234575
-0.174812
-0.092709
-0.038914
-0.015099
0.023855
0.098788
0.166188
0.171743
0.117188
0.030453
-0.065413
-0.142215
-0.164817
-0.132417
-0.090767
-0.069902
-0.054127
-0.016476
0.034941
0.075920
0.095065
0.073311
0.008507
-0.062522
-0.096089
-0.086140
-0.069072
-0.059721
-0.057131
-0.056581
-0.058378
-0.050109
-0.029783
-0.005586
-0.000750
-0.008309
-0.021955
-0.031094
-0.037333
-0.036534
-0.036497
-0.043996
-0.054864
-0.053830
-0.035710
-0.013107
0.003443
0.013257
0.019210
0.020336
0.024810
0.037071
0.053658
0.063203
0.069482
0.074958
0.079317
0.083875
0.103150
0.130694
0.144573
0.154062
0.172383
0.204949
0.235231
0.261121
0.265870
0.221784
0.052849
-0.204686
-0.388784
-0.399198
-0.282471
-0.156315
-0.045842
0.038404
0.090355
0.113138
0.157191
0.211643
0.201591
0.087096
-0.072679
-0.191778
-0.246548
-0.239981
-0.180306
-0.095144
-0.040326
-0.020597
0.014730
0.091291
0.164338
0.172931
0.119539
0.031078
-0.065956
-0.146613
-0.169846
-0.136199
-0.091934
-0.073025
-0.060160
-0.022884
0.029457
0.071802
0.091467
0.070476
0.006957
-0.061277
-0.094087
-0.085426
-0.071030
-0.063395
-0.061990
-0.061697
-0.066522
-0.059378
-0.035537
-0.005099
0.003578
-0.003566
-0.018027
-0.030978
-0.041971
-0.044969
-0.044081
-0.049414
-0.059386
-0.058300
-0.037526
-0.013224
0.004389
0.013110
0.018016
0.015975
0.015512
0.028452
0.051195
0.066843
0.074173
0.078958
0.076605
0.069128
0.080728
0.120109
0.151506
0.163583
0.168476
0.192341
0.227193
0.259094
0.271697
0.229437
0.050102
-0.222795
-0.414917
-0.411938
-0.280286
-0.144441
-0.038583
0.042575
0.087951
0.108115
0.155673
0.219460
0.212681
0.087342
-0.085397
-0.210812
-0.260858
-0.247528
-0.179945
-0.090995
-0.037695
-0.024411
0.010383
0.094558
0.175874
0.184399
0.124213
0.027315
-0.076295
-0.159006
-0.177308
-0.136235
-0.089365
-0.074783
-0.066049
-0.027961
0.031040
0.077365
0.099585
0.076702
0.007877
-0.067287
-0.099797
-0.086191
-0.066602
-0.061301
-0.064412
-0.067303
-0.071800
-0.063888
-0.034101
0.000287
0.009928
-0.003351
-0.017414
-0.023508
-0.031160
-0.040402
-0.048906
-0.059073
-0.070140
-0.065166
-0.038722
-0.007689
0.009536
0.015358
0.020239
0.023490
0.023923
0.032082
0.049778
0.068416
0.077944
0.081361
0.074672
0.071881
0.093913
0.132628
0.157174
0.158833
0.171048
0.205823
0.247645
0.271036
0.267677
0.191731
-0.014298
-0.272434
-0.417363
-0.373904
-0.242213
-0.117767
-0.022376
0.055393
0.095850
0.124131
0.176035
0.226436
0.187484
0.044907
-0.117500
-0.219020
-0.249745
-0.225374
-0.155088
-0.076013
-0.033872
-0.017457
0.031489
0.119929
0.183774
0.169526
0.097816
0.003484
-0.089520
-0.156121
-0.160823
-0.118330
-0.080468
-0.070428
-0.053797
-0.008303
0.048760
0.085265
0.096573
0.061489
-0.012579
-0.077608
-0.093184
-0.072816
-0.059865
-0.058579
-0.060102
-0.059776
-0.064337
-0.056661
-0.027126
0.004873
0.009910
-0.003525
-0.018947
-0.028223
-0.036777
-0.038855
-0.037783
-0.042372
-0.052207
-0.049237
-0.026054
0.000397
0.014279
0.017296
0.020521
0.023315
0.028532
0.043606
0.065084
0.082318
0.085102
0.077540
0.078786
0.102157
0.125716
0.133587
0.143300
0.169778
0.200444
0.222331
0.254634
0.286259
0.271038
0.134672
-0.115429
-0.341090
-0.413145
-0.335053
-0.202607
-0.077361
0.018584
0.075264
0.104706
0.151144
0.214720
0.230873
0.143421
-0.011323
-0.154966
-0.237523
-0.252250
-0.202618
-0.119343
-0.054958
-0.028676
0.003227
0.074319
0.157246
0.189429
0.155333
0.073920
-0.028441
-0.121489
-0.163977
-0.143373
-0.101071
-0.077663
-0.065457
-0.033683
0.019529
0.068541
0.098164
0.087821
0.032727
-0.034413
-0.073342
-0.074237
-0.064946
-0.061060
-0.061472
-0.063184
-0.067704
-0.064198
-0.038445
0.000454
0.022982
0.019534
0.001576
-0.013794
-0.027289
-0.039820
-0.048818
-0.053218
-0.055979
-0.050802
-0.031368
-0.004007
0.015226
0.024748
0.030435
0.031760
0.028188
0.033000
0.051591
0.073413
0.082097
0.085009
0.082079
0.089675
0.110394
0.139595
0.153130
0.158589
0.172305
0.204352
0.242737
0.281705
0.292809
0.226761
0.021341
-0.246258
-0.410740
-0.387336
-0.257266
-0.125466
-0.023098
0.050125
0.088964
0.119667
0.179913
0.238173
0.208728
0.070728
-0.097186
-0.211401
-0.252256
-0.228863
-0.156976
-0.077877
-0.037973
-0.023819
0.023983
0.115121
0.187349
0.184027
0.118225
0.019223
-0.081875
-0.154519
-0.159939
-0.118272
-0.080930
-0.073085
-0.057937
-0.013356
0.045168
0.087115
0.097838
0.060686
-0.005292
-0.064384
-0.081299
-0.071091
-0.059976
-0.060975
-0.066428
-0.072155
-0.072441
-0.056039
-0.017445
0.018605
0.026938
0.008438
-0.015544
-0.031462
-0.038380
-0.040456
-0.045404
-0.055768
-0.063881
-0.053844
-0.026512
0.000773
0.016260
0.022196
0.024727
0.026907
0.035794
0.051600
0.070387
0.079578
0.082719
0.078218
0.073072
0.083374
0.115694
0.146458
0.159050
0.166685
0.195685
0.235385
0.266067
0.273863
0.250320
0.110915
-0.140379
-0.370399
-0.417094
-0.312927
-0.177593
-0.071061
0.018216
0.081834
0.108594
0.147258
0.207160
0.226294
0.125917
-0.038863
-0.178637
-0.240056
-0.247146
-0.196313
-0.114300
-0.045766
-0.025845
-0.000293
0.071963
0.159620
0.182411
0.134841
0.048418
-0.045756
-0.133568
-0.170723
-0.144696
-0.095232
-0.074715
-0.066861
-0.034649
0.023682
0.069856
0.089135
0.067794
0.014652
-0.047174
-0.081408
-0.080754
-0.068130
-0.064355
-0.070247
-0.075361
-0.078721
-0.070720
-0.042724
-0.002544
0.019180
0.013472
-0.007679
-0.024853
-0.037741
-0.047935
-0.057322
-0.062953
-0.064099
-0.055527
-0.033884
-0.007520
0.011941
0.019156
0.021036
0.021815
0.027943
0.041335
0.058273
0.069579
0.072817
0.074860
0.084220
0.094609
0.113400
0.130248
0.155642
0.178625
0.195810
0.214382
0.252777
0.290894
0.278041
0.132249
-0.134209
-0.373464
-0.441697
-0.345704
-0.195522
-0.066742
0.023593
0.072920
0.098666
0.143941
0.211449
0.231182
0.140322
-0.025838
-0.179258
-0.261244
-0.265983
-0.204581
-0.114396
-0.050166
-0.029739
-0.003886
0.068635
0.159131
0.196913
0.155556
0.061411
-0.050394
-0.143084
-0.180162
-0.151585
-0.102099
-0.077172
-0.068678
-0.039958
0.017088
0.072461
0.103416
0.088096
0.027342
-0.048643
-0.092685
-0.091728
-0.072791
-0.062361
-0.062117
-0.064281
-0.067970
-0.063062
-0.040661
-0.006196
0.012710
0.009104
-0.006256
-0.019966
-0.032119
-0.041558
-0.049563
-0.057715
-0.068814
-0.069678
-0.049337
-0.016270
0.006613
0.016715
0.021304
0.024981
0.023620
0.028559
0.044709
0.063526
0.070937
0.071284
0.072875
0.080621
0.091307
0.113989
0.135942
0.154795
0.167498
0.193141
0.226159
0.263938
0.278138
0.250945
0.112104
-0.131399
-0.357442
-0.417430
-0.322818
-0.182187
-0.067377
0.018813
0.076632
0.107570
0.148006
0.204421
0.220181
0.129861
-0.030593
-0.174793
-0.244825
-0.248503
-0.195577
-0.115958
-0.050663
-0.026099
0.003011
0.072034
0.158641
0.188070
0.143721
0.054656
-0.043706
-0.129063
-0.167113
-0.144989
-0.098554
-0.074133
-0.063562
-0.034791
0.020269
0.070148
0.098058
0.085305
0.027397
-0.045861
-0.087133
-0.081046
-0.062981
-0.056850
-0.060281
-0.060276
-0.061449
-0.056587
-0.039073
-0.011113
0.003413
-0.000324
-0.011692
-0.019452
-0.028304
-0.039048
-0.047227
-0.052402
-0.058231
-0.057184
-0.039589
-0.014464
0.003292
0.010583
0.017414
0.024732
0.027887
0.032681
0.046712
0.062276
0.071564
0.077457
0.083873
0.091202
0.104170
0.126503
0.142943
0.154528
0.177396
0.207249
0.239334
0.264190
0.271024
0.223935
0.055358
-0.200526
-0.384559
-0.398183
-0.282713
-0.154509
-0.042858
0.039441
0.090875
0.115976
0.162961
0.216148
0.204442
0.087933
-0.073063
-0.195253
-0.249553
-0.239457
-0.177100
-0.092404
-0.039088
-0.018331
0.019425
0.098294
0.171466
0.178711
0.121451
0.029432
-0.069741
-0.147795
-0.167466
-0.131579
-0.089007
-0.071690
-0.057837
-0.018412
0.036503
0.079315
0.097362
0.074130
0.006258
-0.064776
-0.095379
-0.079561
-0.061848
-0.057478
-0.061253
-0.059117
-0.058416
-0.048147
-0.029333
-0.008782
-0.005813
-0.012307
-0.015770
-0.015000
-0.022564
-0.034935
-0.046654
-0.058852
-0.070656
-0.067219
-0.039341
-0.005190
0.013607
0.016472
0.019113
0.024333
0.027650
0.035331
0.048682
0.058640
0.062411
0.067272
0.077451
0.088744
0.106434
0.132212
0.143640
0.145272
0.160958
0.206207
0.250911
0.279108
0.268202
0.195129
-0.001208
-0.253087
-0.404433
-0.375722
-0.247620
-0.130120
-0.035981
0.039865
0.093242
0.125197
0.177439
0.222037
0.188547
0.049896
-0.110112
-0.212419
-0.243817
-0.224341
-0.163303
-0.087304
-0.042028
-0.020552
0.026870
0.114473
0.180175
0.168999
0.098301
0.005132
-0.085469
-0.152156
-0.160914
-0.123387
-0.086192
-0.076056
-0.059398
-0.013321
0.045962
0.082930
0.093288
0.058798
-0.013491
-0.080098
-0.097548
-0.074065
-0.058459
-0.060009
-0.066751
-0.064737
-0.064004
-0.050722
-0.027301
-0.005252
-0.006566
-0.017237
-0.022463
-0.022056
-0.029081
-0.038004
-0.045261
-0.055302
-0.066549
-0.060923
-0.032935
-0.003391
0.011852
0.016638
0.020596
0.021854
0.021603
0.033131
0.055192
0.075222
0.077102
0.067899
0.065807
0.082727
0.113823
0.135877
0.145325
0.160646
0.187883
0.220759
0.252201
0.274959
0.253598
0.135914
-0.103910
-0.330908
-0.418542
-0.337595
-0.203532
-0.081178
0.007545
0.067327
0.098064
0.135965
0.196486
0.219638
0.145607
-0.009338
-0.155105
-0.238227
-0.250349
-0.205022
-0.123004
-0.054809
-0.026994
-0.004381
0.057331
0.140449
0.179557
0.147155
0.066815
-0.032069
-0.121455
-0.166526
-0.147429
-0.101693
-0.072388
-0.064893
-0.039705
0.008258
0.059574
0.087757
0.087181
0.034128
-0.040849
-0.093488
-0.092255
-0.070321
-0.058452
-0.059420
-0.060230
-0.061638
-0.057901
-0.038903
-0.012455
-0.001044
-0.008974
-0.018225
-0.021235
-0.024774
-0.032623
-0.036858
-0.042072
-0.054506
-0.064431
-0.050003
-0.016870
0.009897
0.018222
0.021381
0.025339
0.027028
0.029283
0.043638
0.065826
0.079017
0.073155
0.065404
0.080182
0.115089
0.140169
0.139093
0.141672
0.169395
0.212290
0.250898
0.278959
0.280303
0.199847
-0.012095
-0.268811
-0.406346
-0.370657
-0.244090
-0.123353
-0.022015
0.051239
0.092382
0.123982
0.184397
0.230154
0.186151
0.043584
-0.112834
-0.215342
-0.249112
-0.224424
-0.151077
-0.073234
-0.034504
-0.017372
0.034597
0.121179
0.182241
0.167866
0.098866
0.004000
-0.088597
-0.151854
-0.152604
-0.111913
-0.078509
-0.070980
-0.053932
-0.008180
0.048443
0.084878
0.095662
0.058635
-0.015147
-0.079146
-0.093438
-0.071399
-0.058390
-0.057179
-0.060556
-0.057664
-0.054583
-0.040394
-0.019293
-0.000417
-0.002656
-0.011689
-0.018889
-0.018912
-0.023487
-0.030328
-0.041377
-0.054139
-0.063294
-0.052586
-0.022504
0.006693
0.021042
0.023124
0.025790
0.026453
0.029031
0.038734
0.059808
0.076886
0.084748
0.076775
0.075236
0.092740
0.129077
0.155230
0.153717
0.154925
0.181706
0.226688
0.259988
0.275373
0.255819
0.131110
-0.124456
-0.354117
-0.415639
-0.311385
-0.180235
-0.069416
0.018506
0.080551
0.104339
0.139358
0.204549
0.229221
0.138445
-0.028487
-0.167105
-0.234449
-0.241080
-0.194500
-0.108675
-0.039909
-0.019917
-0.000473
0.067132
0.155514
0.184423
0.140747
0.057490
-0.036256
-0.122622
-0.163019
-0.137339
-0.087962
-0.065468
-0.062635
-0.034488
0.019111
0.067680
0.091097
0.081139
0.023340
-0.046191
-0.088493
-0.079434
-0.062528
-0.055163
-0.060006
-0.059475
-0.059753
-0.053953
-0.036951
-0.009816
0.005737
0.002975
-0.007361
-0.015183
-0.023305
-0.032049
-0.040399
-0.051230
-0.061442
-0.059839
-0.035822
-0.003662
0.018746
0.025084
0.026848
0.027269
0.027924
0.035546
0.053130
0.073483
0.083268
0.080671
0.080184
0.096066
0.123934
0.144201
0.151628
0.157583
0.184872
0.222818
0.278972
0.309138
0.277880
0.113812
-0.160789
-0.382026
-0.428707
-0.313917
-0.172250
-0.054785
0.022774
0.074375
0.104842
0.157443
0.227085
0.237802
0.134015
-0.041809
-0.185541
-0.254562
-0.246390
-0.187914
-0.101922
-0.045119
-0.025325
0.001229
0.077690
0.167309
0.198239
0.148059
0.051330
-0.054959
-0.139006
-0.168598
-0.136543
-0.088473
-0.067892
-0.063928
-0.035135
0.022094
0.076350
0.101933
0.089712
0.023992
-0.057905
-0.103625
-0.089528
-0.059917
-0.050247
-0.057112
-0.060034
-0.056608
-0.049587
-0.031507
-0.008067
0.002917
-0.005904
-0.017356
-0.022841
-0.026365
-0.035641
-0.041775
-0.048615
-0.058314
-0.064538
-0.047765
-0.014887
0.010948
0.016339
0.019308
0.025061
0.031018
0.036995
0.051283
0.067567
0.074320
0.071248
0.068852
0.083356
0.110396
0.136766
0.150623
0.163886
0.189069
0.225708
0.261038
0.287390
0.275076
0.162242
-0.089231
-0.339264
-0.437316
-0.354604
-0.212847
-0.086002
0.013049
0.077333
0.106926
0.137901
0.202619
0.233764
0.162701
-0.001965
-0.155935
-0.245763
-0.260605
-0.217355
-0.128401
-0.051548
-0.021190
-0.004534
0.054599
0.142779
0.187739
0.155358
0.073389
-0.027821
-0.122388
-0.176033
-0.158478
-0.106393
-0.070200
-0.062169
-0.038393
0.010302
0.062152
0.088915
0.092307
0.044293
-0.034319
-0.099290
-0.103884
-0.075209
-0.056978
-0.056302
-0.056899
-0.052965
-0.051474
-0.039820
-0.019506
-0.000840
-0.005169
-0.016405
-0.026111
-0.029791
-0.040803
-0.047934
-0.051459
-0.052611
-0.057306
-0.048769
-0.025097
0.001038
0.012431
0.016938
0.020691
0.023145
0.026401
0.039225
0.058336
0.068001
0.065570
0.066690
0.083626
0.109480
0.128895
0.138662
0.154051
0.176448
0.200833
0.229034
0.271395
0.287114
0.227617
0.034148
-0.225404
-0.395403
-0.398464
-0.276962
-0.145229
-0.031198
0.039933
0.085117
0.114059
0.171462
0.221444
0.200420
0.077476
-0.083812
-0.205772
-0.256657
-0.237113
-0.167314
-0.085380
-0.038735
-0.018170
0.021554
0.099580
0.168362
0.171616
0.113349
0.018571
-0.079683
-0.153062
-0.165703
-0.128229
-0.085106
-0.067516
-0.052639
-0.016241
0.035290
0.075001
0.091136
0.064049
-0.004628
-0.068967
-0.094525
-0.079548
-0.066224
-0.058889
-0.060666
-0.058973
-0.060929
-0.047192
-0.023762
-0.001779
-0.002410
-0.010513
-0.019641
-0.025619
-0.037356
-0.045306
-0.051350
-0.056556
-0.061402
-0.051360
-0.027199
-0.003215
0.006042
0.007896
0.012771
0.020400
0.026679
0.038874
0.053453
0.062880
0.061771
0.067396
0.077966
0.094040
0.112528
0.129779
0.141093
0.151925
0.174440
0.207203
0.243632
0.272241
0.268315
0.185778
-0.023886
-0.271401
-0.405421
-0.365676
-0.238315
-0.118096
-0.021387
0.049091
0.092031
0.123249
0.178092
0.218091
0.176295
0.036051
-0.117729
-0.217355
-0.246247
-0.220079
-0.150256
-0.075114
-0.035089
-0.016310
0.031549
0.113886
0.170183
0.156108
0.088099
-0.003518
-0.093616
-0.155166
-0.155162
-0.113038
-0.076692
-0.066247
-0.049825
-0.007059
0.043045
0.074751
0.076672
0.034130
-0.025329
-0.072907
-0.079423
-0.067538
-0.057958
-0.061035
-0.064683
-0.065262
-0.059409
-0.047012
-0.031607
-0.017156
-0.009232
-0.006375
-0.013648
-0.025010
-0.036825
-0.041572
-0.050303
-0.059105
-0.060762
-0.045744
-0.025770
-0.008892
0.003475
0.015234
0.022581
0.024592
0.030978
0.045892
0.059363
0.062048
0.064431
0.070572
0.081612
0.098826
0.117839
0.132854
0.143971
0.166489
0.202083
0.239236
0.267075
0.278615
0.246285
0.100785
-0.163716
-0.375270
-0.420469
-0.310745
-0.183257
-0.067912
0.021506
0.084944
0.111593
0.152421
0.211637
0.217956
0.115533
-0.050331
-0.181544
-0.246293
-0.247390
-0.196162
-0.109766
-0.046572
-0.023992
0.004948
0.078233
0.159625
0.179802
0.130707
0.044740
-0.051499
-0.135760
-0.169527
-0.139241
-0.091438
-0.069138
-0.061172
-0.028552
0.023933
0.068175
0.087641
0.068377
0.010307
-0.052345
-0.084173
-0.075127
-0.061180
-0.057031
-0.063885
-0.066309
-0.065863
-0.053357
-0.033290
-0.009652
0.000069
-0.001882
-0.009743
-0.018329
-0.028205
-0.036565
-0.043410
-0.052542
-0.060862
-0.059029
-0.040353
-0.015975
0.002999
0.013278
0.020834
0.025349
0.028005
0.037411
0.053430
0.064985
0.064799
0.066493
0.076214
0.087251
0.098212
0.110661
0.127592
0.149447
0.179264
0.206542
0.239157
0.276066
0.295331
0.250307
0.093483
-0.158515
-0.364532
-0.419416
-0.323003
-0.184852
-0.063087
0.024483
0.082680
0.121374
0.165207
0.216053
0.214085
0.120758
-0.038030
-0.175416
-0.248996
-0.247048
-0.193381
-0.112575
-0.052595
-0.021089
0.013020
0.081004
0.156593
0.181059
0.139001
0.051680
-0.047342
-0.130471
-0.163993
-0.141733
-0.098771
-0.070523
-0.055526
-0.025006
0.022619
0.066905
0.090602
0.071578
0.010633
-0.049409
-0.077827
-0.069956
-0.062776
-0.058756
-0.060379
-0.058992
-0.060234
-0.052277
-0.036782
-0.018875
-0.007891
-0.003072
-0.006158
-0.017867
-0.033746
-0.042592
-0.045298
-0.050828
-0.056786
-0.053145
-0.036962
-0.019003
-0.004321
0.008273
0.019243
0.024121
0.027138
0.038964
0.057593
0.067947
0.065550
0.063823
0.071578
0.087102
0.106276
0.125362
0.137726
0.154908
0.180993
0.213483
0.246766
0.282104
0.296143
0.243799
0.063021
-0.206943
-0.396699
-0.420698
-0.301949
-0.171937
-0.048941
0.033572
0.092360
0.121045
0.174096
0.224296
0.213110
0.096380
-0.067282
-0.196058
-0.256502
-0.247923
-0.187891
-0.103188
-0.048503
-0.021004
0.018116
0.096886
0.169624
0.181157
0.125121
0.032727
-0.067575
-0.146342
-0.168407
-0.135590
-0.090561
-0.068685
-0.054315
-0.019093
0.032645
0.074563
0.090280
0.060538
-0.000866
-0.058989
-0.082433
-0.072478
-0.059989
-0.057269
-0.066624
-0.069854
-0.068403
-0.051990
-0.029325
-0.002538
0.007373
0.005414
-0.008847
-0.023612
-0.037723
-0.044229
-0.047954
-0.052928
-0.059802
-0.053698
-0.032153
-0.007533
0.007083
0.013135
0.017294
0.022021
0.026822
0.038616
0.053988
0.062985
0.061384
0.060141
0.067527
0.081512
0.099949
0.122561
0.141002
0.152002
0.161194
0.186406
0.226469
0.273438
0.288437
0.248259
0.096438
-0.145250
-0.354650
-0.405629
-0.311540
-0.179760
-0.070683
0.011077
0.073946
0.112825
0.156934
0.206144
0.213166
0.120863
-0.034391
-0.171119
-0.235918
-0.236341
-0.188771
-0.116259
-0.054980
-0.023276
0.010484
0.078433
0.157275
0.182844
0.136897
0.049159
-0.046083
-0.124496
-0.158931
-0.139632
-0.096725
-0.069783
-0.056866
-0.028269
0.022498
0.069554
0.091938
0.069871
0.013158
-0.045167
-0.076205
-0.071879
-0.059187
-0.051741
-0.061249
-0.069003
-0.069784
-0.053414
-0.031393
-0.008473
0.003764
0.006228
-0.004864
-0.019005
-0.031170
-0.036051
-0.042594
-0.052293
-0.058838
-0.051523
-0.034755
-0.014349
0.002876
0.014870
0.018192
0.021835
0.027577
0.040107
0.052396
0.063906
0.068046
0.072229
0.078047
0.089031
0.098184
0.116578
0.136195
0.155493
0.175686
0.201856
0.237325
0.273576
0.289580
0.252686
0.105450
-0.147370
-0.361798
-0.419094
-0.319962
-0.186110
-0.064745
0.024728
0.089818
0.120342
0.159647
0.208420
0.216746
0.124849
-0.032083
-0.169518
-0.239640
-0.243907
-0.195006
-0.115467
-0.049687
-0.017797
0.014112
0.081552
0.159287
0.186134
0.140516
0.053234
-0.045302
-0.126918
-0.164118
-0.142502
-0.096588
-0.066698
-0.052874
-0.025173
0.024320
0.071073
0.093299
0.074142
0.017385
-0.043817
-0.078009
-0.075452
-0.062493
-0.054157
-0.058955
-0.064775
-0.066726
-0.053861
-0.032028
-0.008841
0.001703
0.002537
-0.006201
-0.017332
-0.028351
-0.033932
-0.038747
-0.049722
-0.060664
-0.059050
-0.039932
-0.016458
0.000560
0.009384
0.014494
0.018974
0.024253
0.035690
0.053955
0.069210
0.073208
0.069581
0.068742
0.074123
0.085838
0.105120
0.129717
0.153839
0.170265
0.189759
0.219822
0.264995
0.299967
0.285992
0.167632
-0.078618
-0.330039
-0.438186
-0.367408
-0.223899
-0.096041
-0.000905
0.066397
0.108722
0.148165
0.206051
0.234683
0.168783
0.012112
-0.146118
-0.239957
-0.257456
-0.218569
-0.141889
-0.069515
-0.031159
-0.003730
0.057435
0.144784
0.193995
0.165685
0.081454
-0.022950
-0.115168
-0.167735
-0.158721
-0.113777
-0.078338
-0.064282
-0.042207
0.006409
0.059145
0.093161
0.089747
0.039113
-0.029820
-0.078685
-0.082935
-0.066904
-0.056728
-0.059436
-0.065963
-0.067978
-0.059554
-0.041774
-0.022272
-0.009093
-0.006349
-0.008279
-0.015606
-0.024001
-0.033756
-0.041653
-0.050884
-0.058305
-0.059132
-0.047544
-0.027647
-0.007721
0.004272
0.009248
0.013315
0.022769
0.035233
0.049845
0.059970
0.064523
0.063317
0.065265
0.074686
0.093413
0.111511
0.123086
0.132700
0.152752
0.184205
0.223744
0.264873
0.302020
0.291349
0.185864
-0.058304
-0.315372
-0.437775
-0.381976
-0.248317
-0.122305
-0.015911
0.057961
0.106386
0.143837
0.206268
0.235293
0.177374
0.024492
-0.130349
-0.231740
-0.259851
-0.230133
-0.156877
-0.083250
-0.041718
-0.011423
0.050391
0.137570
0.190232
0.167374
0.088786
-0.013069
-0.106094
-0.164593
-0.161641
-0.121723
-0.086185
-0.071904
-0.048052
0.000278
0.055720
0.090043
0.091072
0.043596
-0.025065
-0.076936
-0.084039
-0.069811
-0.061624
-0.064856
-0.068572
-0.069307
-0.065062
-0.047999
-0.022944
-0.003078
-0.001508
-0.006399
-0.013942
-0.022498
-0.035430
-0.045162
-0.056730
-0.068243
-0.072577
-0.056117
-0.027906
-0.004807
0.005529
0.011891
0.017419
0.022862
0.026904
0.036720
0.047976
0.058817
0.061113
0.062802
0.071348
0.090534
0.108365
0.121567
0.133926
0.156231
0.185703
0.213429
0.240676
0.276479
0.284311
0.217229
0.012323
-0.245883
-0.405884
-0.399672
-0.281793
-0.154133
-0.035111
0.043730
0.095688
0.124768
0.182890
0.223680
0.195199
0.066606
-0.087429
-0.205233
-0.255802
-0.241539
-0.174886
-0.094241
-0.045890
-0.017427
0.030902
0.111657
0.174338
0.172821
0.112137
0.018920
-0.078871
-0.150927
-0.164501
-0.131276
-0.091983
-0.074427
-0.055058
-0.015126
0.037809
0.076579
0.093875
0.066103
-0.005138
-0.066563
-0.085519
-0.064578
-0.057175
-0.059222
-0.070530
-0.068511
-0.067561
-0.047410
-0.026488
-0.009048
-0.013233
-0.015138
-0.014373
-0.013378
-0.022136
-0.031116
-0.040131
-0.055509
-0.069634
-0.065463
-0.039843
-0.013351
0.000846
0.006380
0.015241
0.024693
0.032954
0.045248
0.059554
0.067573
0.065044
0.063240
0.069035
0.089186
0.113665
0.128715
0.129434
0.141549
0.179006
0.227190
0.265411
0.298576
0.301876
0.219390
-0.015408
-0.283563
-0.423762
-0.385510
-0.261242
-0.141385
-0.029369
0.048321
0.098656
0.132556
0.202139
0.243509
0.197120
0.047815
-0.107919
-0.214251
-0.253294
-0.233847
-0.163638
-0.086516
-0.046356
-0.021119
0.037650
0.129458
0.189642
0.176378
0.105518
0.008746
-0.088205
-0.153057
-0.156710
-0.118987
-0.087026
-0.076345
-0.055799
-0.007648
0.049257
0.087452
0.097804
0.061233
-0.009334
-0.068852
-0.082795
-0.063745
-0.053581
-0.056884
-0.065376
-0.065646
-0.063287
-0.044273
-0.018715
-0.000577
-0.005500
-0.013402
-0.014052
-0.011980
-0.020721
-0.033554
-0.047181
-0.061340
-0.072474
-0.063319
-0.033334
-0.001905
0.011215
0.012267
0.014639
0.023191
0.032181
0.043717
0.057070
0.063611
0.064508
0.067267
0.078988
0.093255
0.108502
0.126174
0.138476
0.161001
0.188162
0.227492
0.255969
0.284567
0.276171
0.195175
-0.035232
-0.289735
-0.421565
-0.371957
-0.241318
-0.118708
-0.010684
0.062103
0.106202
0.130342
0.191447
0.227286
0.182582
0.034417
-0.116632
-0.218401
-0.249365
-0.225599
-0.150959
-0.072903
-0.032610
-0.012283
0.040597
0.126214
0.182450
0.165485
0.094698
-0.001386
-0.094698
-0.156951
-0.155088
-0.113459
-0.077096
-0.067158
-0.047149
-0.003570
0.050158
0.082558
0.089771
0.051700
-0.015696
-0.074289
-0.086521
-0.066359
-0.051507
-0.052301
-0.058406
-0.060270
-0.059641
-0.044574
-0.022959
-0.008549
-0.013501
-0.018695
-0.017116
-0.013323
-0.020760
-0.033141
-0.045799
-0.057852
-0.066243
-0.056508
-0.029052
-0.001897
0.009676
0.010862
0.014246
0.023281
0.031390
0.041555
0.053287
0.062704
0.067905
0.071411
0.076552
0.090012
0.111996
0.132862
0.147386
0.162321
0.186987
0.218449
0.254096
0.281508
0.271514
0.168151
-0.068887
-0.312348
-0.423149
-0.355769
-0.224761
-0.100820
-0.004254
0.064734
0.101382
0.134280
0.193731
0.225390
0.166681
0.015416
-0.133526
-0.225785
-0.245200
-0.212266
-0.136987
-0.066662
-0.031869
-0.010484
0.046190
0.130776
0.179812
0.155500
0.078809
-0.016579
-0.104556
-0.156436
-0.149020
-0.107123
-0.075992
-0.066953
-0.045948
0.001285
0.053952
0.084367
0.083895
0.040030
-0.025125
-0.075579
-0.081462
-0.063489
-0.050982
-0.054423
-0.061938
-0.066027
-0.059640
-0.039902
-0.017883
-0.008016
-0.014592
-0.020631
-0.019449
-0.016769
-0.022412
-0.033458
-0.047609
-0.059041
-0.062149
-0.047790
-0.022700
-0.000690
0.008478
0.011258
0.014728
0.024358
0.036166
0.047215
0.054616
0.061354
0.072088
0.080993
0.081447
0.088874
0.110298
0.131087
0.141594
0.160869
0.196358
0.238108
0.265216
0.270744
0.248633
0.139388
-0.097810
-0.329381
-0.416724
-0.336247
-0.213272
-0.098790
0.002205
0.081675
0.117783
0.142747
0.194613
0.216949
0.146129
-0.008527
-0.145222
-0.223279
-0.240747
-0.213239
-0.136399
-0.060575
-0.021809
0.000784
0.059335
0.139531
0.173283
0.138832
0.065039
-0.019971
-0.104904
-0.158657
-0.150344
-0.106371
-0.073977
-0.063574
-0.036699
0.011401
0.057313
0.075878
0.066549
0.025957
-0.025009
-0.065187
-0.072595
-0.067762
-0.064696
-0.069556
-0.069564
-0.063803
-0.052218
-0.035949
-0.017605
-0.005675
-0.005413
-0.009574
-0.014401
-0.019779
-0.030143
-0.039990
-0.051455
-0.058766
-0.056487
-0.037199
-0.012880
0.004485
0.012084
0.018650
0.024478
0.027397
0.033636
0.046373
0.059982
0.065481
0.069182
0.078975
0.090161
0.102216
0.115259
0.127867
0.150130
0.176440
0.207723
0.238244
0.278748
0.293211
0.248306
0.069880
-0.194473
-0.389142
-0.416227
-0.303966
-0.172902
-0.051800
0.031287
0.088829
0.117123
0.168226
0.220132
0.214413
0.105170
-0.055711
-0.185919
-0.249542
-0.242449
-0.185363
-0.101602
-0.047585
-0.021665
0.012210
0.087690
0.160902
0.177045
0.129481
0.042377
-0.055182
-0.137256
-0.163722
-0.135607
-0.092444
-0.072545
-0.059347
-0.025201
0.025450
0.067993
0.080138
0.059466
0.013383
-0.039193
-0.073609
-0.077515
-0.066839
-0.061624
-0.070101
-0.074064
-0.067933
-0.053478
-0.034842
-0.010612
0.007723
0.008283
-0.008742
-0.024261
-0.032606
-0.036492
-0.044757
-0.052119
-0.054289
-0.048240
-0.035700
-0.015773
0.005303
0.018444
0.021413
0.022880
0.031584
0.044603
0.056523
0.066769
0.075194
0.079584
0.080642
0.090458
0.107724
0.128863
0.139544
0.158837
0.188343
0.228295
0.267499
0.307971
0.304358
0.184652
-0.090135
-0.349273
-0.448522
-0.363679
-0.228779
-0.102425
-0.001718
0.065364
0.097694
0.137664
0.213244
0.246833
0.173510
0.006327
-0.146218
-0.240121
-0.259714
-0.220952
-0.134279
-0.064280
-0.036936
-0.016357
0.051517
0.145136
0.191062
0.162135
0.083040
-0.017668
-0.114530
-0.167890
-0.151911
-0.105717
-0.077965
-0.074074
-0.048248
0.002153
0.056339
0.083358
0.074056
0.030902
-0.022307
-0.061828
-0.072477
-0.067964
-0.062426
-0.066292
-0.075605
-0.080301
-0.071511
-0.047296
-0.013537
0.011531
0.016926
0.000369
-0.021590
-0.036432
-0.040701
-0.044193
-0.052377
-0.060113
-0.056625
-0.039463
-0.018598
0.000041
0.012307
0.022075
0.024569
0.028277
0.039694
0.055305
0.064304
0.066687
0.071068
0.077125
0.089678
0.103278
0.119056
0.136945
0.164531
0.192401
0.216179
0.241864
0.280333
0.294360
0.225011
0.005913
-0.262796
-0.423197
-0.401956
-0.273447
-0.136601
-0.019024
0.053856
0.093590
0.119054
0.181240
0.227965
0.198244
0.063229
-0.097543
-0.217978
-0.264457
-0.239838
-0.161129
-0.077418
-0.035763
-0.017065
0.026473
0.108789
0.172539
0.171998
0.110343
0.013567
-0.088484
-0.160260
-0.165206
-0.122649
-0.080558
-0.066378
-0.050438
-0.011554
0.041210
0.078505
0.083468
0.048631
-0.008209
-0.058695
-0.079116
-0.073228
-0.061944
-0.059665
-0.069103
-0.076866
-0.073020
-0.053659
-0.025113
0.001659
0.012797
0.004048
-0.016557
-0.034421
-0.042925
-0.045192
-0.048492
-0.053174
-0.052959
-0.042801
-0.025356
-0.005340
0.012722
0.023323
0.025978
0.024341
0.032504
0.048504
0.064330
0.067988
0.070133
0.074872
0.086731
0.092597
0.109075
0.131194
0.156815
0.174757
0.202184
0.239172
0.278563
0.294906
0.252508
0.087241
-0.182146
-0.392148
-0.425782
-0.307563
-0.171025
-0.053749
0.030052
0.089520
0.114503
0.159231
0.214958
0.220120
0.112740
-0.053290
-0.188257
-0.248592
-0.243814
-0.186167
-0.101388
-0.041364
-0.019931
0.008168
0.081756
0.162158
0.181322
0.131024
0.042333
-0.054405
-0.136997
-0.167283
-0.137128
-0.089486
-0.067518
-0.058860
-0.026706
0.026318
0.072372
0.087664
0.064925
0.013596
-0.041714
-0.073262
-0.073657
-0.063460
-0.059958
-0.066281
-0.069264
-0.065064
-0.052009
-0.033578
-0.008899
0.008383
0.009460
-0.006833
-0.023608
-0.034423
-0.039485
-0.046715
-0.055398
-0.060556
-0.054391
-0.035403
-0.010881
0.009938
0.021913
0.027148
0.028052
0.031455
0.041540
0.055903
0.067637
0.071794
0.076789
0.086655
0.097059
0.105174
0.123329
0.151091
0.174477
0.189956
0.214030
0.253285
0.280488
0.259533
0.139620
-0.089585
-0.319441
-0.412866
-0.339682
-0.199066
-0.075375
0.010679
0.067676
0.102188
0.137812
0.189358
0.213168
0.149877
0.004086
-0.144398
-0.230578
-0.241303
-0.196093
-0.120300
-0.053892
-0.022502
-0.002161
0.049210
0.127734
0.172862
0.147456
0.069116
-0.026834
-0.109574
-0.154503
-0.141644
-0.097634
-0.064957
-0.056688
-0.038617
0.005104
0.055814
0.084914
0.074477
0.026166
-0.033348
-0.072480
-0.076965
-0.062683
-0.051540
-0.054207
-0.063966
-0.066223
-0.054490
-0.034710
-0.018690
-0.008962
-0.004596
-0.006988
-0.017680
-0.029312
-0.035547
-0.040214
-0.051263
-0.060776
-0.056541
-0.037063
-0.015899
-0.000517
0.009409
0.019899
0.027435
0.032032
0.041056
0.053217
0.062643
0.064205
0.068296
0.077478
0.092035
0.107013
0.122863
0.139227
0.158236
0.186205
0.217447
0.259115
0.293114
0.288532
0.186572
-0.059944
-0.312849
-0.431946
-0.365020
-0.231960
-0.102589
-0.004636
0.063517
0.096997
0.132250
0.196527
0.233370
0.174525
0.020771
-0.133603
-0.231468
-0.254060
-0.218240
-0.136708
-0.063113
-0.030509
-0.013140
0.042093
0.128399
0.180664
0.158839
0.083200
-0.013856
-0.106212
-0.161371
-0.153097
-0.107090
-0.074445
-0.067532
-0.049918
-0.003149
0.051437
0.085372
0.083713
0.038922
-0.024343
-0.072601
-0.078077
-0.063795
-0.054010
-0.060724
-0.068588
-0.069064
-0.056195
-0.035255
-0.015988
-0.005595
-0.006676
-0.012349
-0.023110
-0.031406
-0.037873
-0.040073
-0.047538
-0.058070
-0.063883
-0.050263
-0.026207
-0.005875
0.002895
0.009966
0.019706
0.028360
0.038599
0.051204
0.062969
0.063110
0.062488
0.069818
0.083144
0.096816
0.111808
0.137640
0.160946
0.173513
0.191294
0.230345
0.281742
0.297921
0.242804
0.052842
-0.213926
-0.406711
-0.416952
-0.287469
-0.147299
-0.038288
0.030071
0.082346
0.113708
0.169458
0.221202
0.214789
0.094421
-0.075354
-0.208137
-0.257077
-0.237016
-0.171760
-0.092286
-0.042247
-0.022325
0.009628
0.087205
0.166474
0.182166
0.122800
0.025901
-0.072103
-0.143696
-0.162801
-0.127934
-0.084007
-0.067545
-0.061511
-0.030066
0.026012
0.074563
0.091273
0.062590
0.001755
-0.057643
-0.082626
-0.071784
-0.054832
-0.053009
-0.065859
-0.074174
-0.068591
-0.045331
-0.020793
-0.005626
-0.004896
-0.008946
-0.015964
-0.023526
-0.031703
-0.036759
-0.044964
-0.057835
-0.066716
-0.056720
-0.033332
-0.009918
0.004789
0.013313
0.019482
0.022063
0.028075
0.041673
0.055879
0.059520
0.056720
0.059805
0.076845
0.098820
0.117717
0.128336
0.142996
0.157735
0.183982
0.213621
0.254628
0.294701
0.297608
0.199333
-0.051717
-0.311788
-0.438859
-0.373087
-0.241111
-0.108339
-0.010965
0.060179
0.094542
0.133433
0.200067
0.240130
0.182855
0.028072
-0.129781
-0.232187
-0.257833
-0.223469
-0.142503
-0.069516
-0.036992
-0.017411
0.040732
0.131364
0.186800
0.168127
0.091753
-0.007812
-0.104542
-0.162165
-0.155593
-0.110308
-0.078637
-0.071088
-0.052380
-0.004423
0.051217
0.087119
0.085381
0.042623
-0.016797
-0.061771
-0.071988
-0.064062
-0.055913
-0.062620
-0.071375
-0.072428
-0.058538
-0.036524
-0.015945
-0.003869
-0.000523
-0.005593
-0.016621
-0.028033
-0.035889
-0.040858
-0.048556
-0.055806
-0.055761
-0.043622
-0.026104
-0.009466
0.003607
0.014832
0.022723
0.027481
0.037684
0.052472
0.062102
0.061632
0.058112
0.066133
0.082745
0.096309
0.110081
0.127992
0.147865
0.165857
0.186695
0.220935
0.260694
0.286795
0.269161
0.166317
-0.065930
-0.306240
-0.422496
-0.355415
-0.222919
-0.098611
-0.006937
0.063010
0.104025
0.137719
0.193332
0.223338
0.168212
0.017352
-0.133724
-0.227820
-0.244636
-0.211636
-0.137740
-0.067307
-0.028936
-0.006410
0.047579
0.130306
0.178263
0.156187
0.081365
-0.011975
-0.099783
-0.153815
-0.147712
-0.105704
-0.072180
-0.063539
-0.044484
-0.000811
0.051373
0.080356
0.073051
0.030881
-0.019723
-0.057389
-0.065555
-0.059781
-0.053519
-0.061996
-0.073188
-0.074736
-0.058866
-0.036193
-0.015155
-0.000721
0.004958
-0.002432
-0.017959
-0.031601
-0.038387
-0.042894
-0.049232
-0.053958
-0.050859
-0.038652
-0.022251
-0.002694
0.012471
0.020449
0.020710
0.026488
0.040696
0.055273
0.063254
0.067158
0.075112
0.083359
0.085850
0.092299
0.110476
0.133717
0.152068
0.168966
0.194647
0.229183
0.271242
0.293933
0.262067
0.093758
-0.173415
-0.383303
-0.414020
-0.303510
-0.172288
-0.058042
0.025243
0.080286
0.104526
0.154350
0.215326
0.222857
0.117411
-0.044913
-0.177819
-0.240916
-0.237952
-0.182766
-0.100354
-0.046534
-0.027204
0.000059
0.076227
0.156226
0.178480
0.131468
0.045941
-0.050090
-0.131597
-0.159127
-0.129368
-0.085309
-0.069007
-0.062824
-0.033650
0.018137
0.062673
0.077926
0.055489
0.010890
-0.034794
-0.059754
-0.062989
-0.057453
-0.059329
-0.069784
-0.079321
-0.074289
-0.053745
-0.028987
-0.007144
0.005768
0.005746
-0.010632
-0.030450
-0.041871
-0.043186
-0.045164
-0.052044
-0.057416
-0.050103
-0.032752
-0.014150
0.002201
0.014011
0.018883
0.019232
0.028653
0.046619
0.063514
0.068836
0.071460
