-0.060214
-0.062225
-0.071901
-0.087742
-0.119788
-0.156771
-0.158612
-0.128332
-0.075788
-0.040634
-0.070296
-0.087930
-0.062071
-0.007452
0.041673
0.038149
0.007081
0.000738
0.034288
0.095282
0.158707
0.219958
0.316518
0.410557
0.439727
0.408136
0.362514
0.218907
0.047637
-0.068119
-0.132318
-0.101885
-0.028298
0.029138
0.065174
0.064709
0.045504
0.030605
-0.020699
-0.071645
-0.113501
-0.145297
-0.139958
-0.103695
-0.080418
-0.059924
-0.049573
-0.044764
-0.035071
-0.036796
-0.062072
-0.087557
-0.122221
-0.147230
-0.139006
-0.108838
-0.078142
-0.044781
-0.042998
-0.068799
-0.052265
-0.027382
0.006489
0.033189
0.013577
0.000230
0.017751
0.045480
0.108155
0.163602
0.237637
0.363535
0.440649
0.419676
0.365371
0.294156
0.175500
0.031336
-0.088032
-0.118939
-0.080223
-0.009767
0.066332
0.090681
0.060924
0.034081
-0.000796
-0.033094
-0.058364
-0.093042
-0.126371
-0.126499
-0.095343
-0.067729
-0.051000
-0.049725
-0.057898
-0.056710
-0.061017
-0.078843
-0.106983
-0.142557
-0.152668
-0.128701
-0.094842
-0.057605
-0.042674
-0.066356
-0.061059
-0.038596
-0.002488
0.035232
0.024833
0.005966
0.011910
0.032050
0.084784
0.143862
0.209468
0.321129
0.403614
0.408871
0.384535
0.328317
0.204464
0.071084
-0.036839
-0.109813
-0.089716
-0.026796
0.038264
0.085020
0.068400
0.030831
-0.000561
-0.035957
-0.052444
-0.077124
-0.119012
-0.121239
-0.102395
-0.083544
-0.067873
-0.069662
-0.069444
-0.060236
-0.052600
-0.062041
-0.097514
-0.135090
-0.155506
-0.137840
-0.116913
-0.091574
-0.074696
-0.079581
-0.052548
-0.014959
0.016776
0.036950
0.025341
0.007425
0.006119
0.026083
0.077748
0.132462
0.205745
0.311911
0.387691
0.401164
0.375773
0.332071
0.231487
0.083803
-0.026356
-0.097608
-0.099981
-0.033010
0.036047
0.073104
0.069559
0.038213
0.002687
-0.035596
-0.057888
-0.078045
-0.114108
-0.127688
-0.114583
-0.098997
-0.081896
-0.065193
-0.071031
-0.071049
-0.067896
-0.074223
-0.095277
-0.131725
-0.167908
-0.163742
-0.137865
-0.101625
-0.064681
-0.071952
-0.059852
-0.031633
-0.007053
0.022323
0.019167
0.001264
0.010678
0.027772
0.072383
0.120913
0.166200
0.264242
0.355895
0.374028
0.349479
0.319852
0.257054
0.161527
0.024074
-0.084762
-0.106116
-0.064179
0.006211
0.063823
0.063356
0.040452
0.017819
-0.017700
-0.036095
-0.052317
-0.084446
-0.115054
-0.127011
-0.124407
-0.102228
-0.086955
-0.076275
-0.073650
-0.076832
-0.083802
-0.090601
-0.122613
-0.155058
-0.173759
-0.168453
-0.128508
-0.100059
-0.095173
-0.069081
-0.039957
0.001382
0.048304
0.036488
0.013198
0.004771
0.016006
0.075714
0.136722
0.198714
0.278851
0.307703
0.315505
0.331198
0.304795
0.244417
0.157669
0.030762
-0.065897
-0.084710
-0.046057
0.007428
0.045134
0.050195
0.037725
0.016591
-0.009718
-0.031025
-0.063845
-0.101491
-0.124420
-0.121836
-0.115329
-0.106585
-0.101968
-0.106213
-0.097468
-0.084299
-0.087751
-0.101294
-0.132702
-0.162886
-0.165870
-0.158093
-0.132264
-0.128852
-0.138263
-0.097381
-0.045850
0.002518
0.041120
0.029834
0.011252
0.007400
0.022145
0.073405
0.124046
0.185408
0.262344
0.307139
0.320700
0.309726
0.265364
0.211098
0.152954
0.067252
-0.020621
-0.060751
-0.061441
-0.018292
0.030521
0.035265
0.019748
0.010014
-0.014134
-0.026976
-0.060122
-0.097797
-0.114814
-0.126050
-0.117767
-0.110818
-0.107966
-0.111023
-0.104682
-0.112430
-0.114889
-0.120656
-0.137075
-0.157261
-0.169066
-0.166946
-0.144759
-0.139710
-0.133756
-0.100898
-0.061592
-0.006952
0.025734
0.024317
0.010907
0.014160
0.024080
0.064709
0.106151
0.172026
0.256992
0.294491
0.276449
0.243072
0.214746
0.200932
0.182567
0.116398
0.036891
-0.031033
-0.070185
-0.041667
0.005102
0.023769
0.041156
0.011945
-0.032518
-0.040025
-0.065904
-0.090221
-0.109614
-0.141735
-0.150680
-0.125236
-0.113265
-0.104907
-0.126059
-0.148603
-0.130085
-0.118917
-0.127387
-0.152874
-0.191529
-0.198061
-0.170926
-0.164800
-0.132960
-0.099427
-0.059195
-0.003278
0.018575
0.010393
0.004761
0.002630
0.033264
0.082162
0.126121
0.198351
0.265329
0.287737
0.270182
0.250487
0.236257
0.227628
0.175647
0.075684
-0.032549
-0.090541
-0.074374
-0.012085
0.025028
0.016584
0.001495
-0.012941
-0.024409
-0.041712
-0.085308
-0.148533
-0.165139
-0.148757
-0.121635
-0.100763
-0.116066
-0.142102
-0.135265
-0.119066
-0.108402
-0.121427
-0.165206
-0.188413
-0.181048
-0.157045
-0.146776
-0.162156
-0.150052
-0.104549
-0.043792
0.009612
0.019500
0.005431
-0.005442
0.003681
0.034637
0.073676
0.129823
0.203663
0.253093
0.265159
0.256905
0.235923
0.209864
0.177195
0.131411
0.077648
0.007986
-0.043337
-0.060431
-0.033956
0.006943
0.037768
0.038432
0.015173
-0.013647
-0.045662
-0.067295
-0.103294
-0.130918
-0.155186
-0.155009
-0.134745
-0.113656
-0.109124
-0.122734
-0.135198
-0.136474
-0.134650
-0.147359
-0.166659
-0.183616
-0.193199
-0.188369
-0.157116
-0.118388
-0.073508
-0.030746
-0.008561
0.002237
0.008695
0.010959
0.026164
0.050114
0.088629
0.166552
0.250485
0.296098
0.292476
0.259932
0.215859
0.192622
0.187553
0.157323
0.091343
-0.011220
-0.070032
-0.058689
-0.017771
0.024182
0.032594
0.002580
-0.022562
-0.033387
-0.047020
-0.074399
-0.114388
-0.146154
-0.143935
-0.119034
-0.095746
-0.097085
-0.124040
-0.133006
-0.127267
-0.114964
-0.124771
-0.156068
-0.173789
-0.172726
-0.142567
-0.126510
-0.134443
-0.114689
-0.080117
-0.031291
0.022068
0.030284
0.019997
0.015535
0.024250
0.054382
0.090816
0.140648
0.204537
0.271870
0.286491
0.264498
0.251164
0.213134
0.191577
0.174931
0.101865
0.017306
-0.040737
-0.070711
-0.016376
0.041588
0.051421
0.046147
0.000691
-0.033037
-0.038142
-0.070515
-0.105193
-0.131648
-0.155262
-0.124057
-0.090525
-0.084751
-0.093145
-0.109299
-0.126836
-0.115488
-0.118029
-0.130813
-0.142675
-0.156465
-0.144266
-0.135460
-0.144317
-0.122524
-0.080334
-0.040107
0.015748
0.025254
0.021183
0.027468
0.032347
0.052260
0.072220
0.104235
0.184704
0.273611
0.323639
0.306857
0.266625
0.234463
0.211176
0.193716
0.136163
0.035673
-0.035947
-0.056984
-0.023871
0.036158
0.045909
0.031628
0.007633
-0.013374
-0.017769
-0.044656
-0.097740
-0.123919
-0.138431
-0.129409
-0.103474
-0.090939
-0.093208
-0.088009
-0.100976
-0.104331
-0.099597
-0.124012
-0.146833
-0.157399
-0.150294
-0.118007
-0.115845
-0.123555
-0.093767
-0.059446
-0.002474
0.038409
0.041657
0.034765
0.028000
0.030212
0.066917
0.109902
0.169875
0.243726
0.287270
0.299286
0.289617
0.261044
0.228820
0.192828
0.147270
0.074652
0.001759
-0.041625
-0.045056
0.003265
0.040702
0.050437
0.035109
0.010051
-0.014411
-0.023507
-0.048361
-0.078106
-0.118290
-0.136259
-0.118678
-0.098834
-0.089410
-0.096287
-0.110547
-0.113137
-0.100264
-0.107850
-0.132007
-0.152833
-0.153046
-0.131478
-0.119067
-0.129223
-0.114002
-0.079949
-0.032280
0.024499
0.037334
0.034835
0.038491
0.036015
0.054349
0.083045
0.129233
0.225508
0.294474
0.290091
0.273791
0.249835
0.219299
0.225798
0.202067
0.093802
0.002201
-0.040872
-0.036222
0.013225
0.027763
0.021857
0.023951
0.006119
0.001643
-0.000012
-0.051100
-0.093079
-0.115219
-0.142057
-0.133421
-0.123749
-0.127242
-0.114376
-0.109441
-0.093685
-0.072539
-0.097752
-0.130583
-0.160074
-0.183527
-0.153800
-0.117721
-0.113497
-0.098662
-0.083286
-0.043505
0.015113
0.034517
0.023815
0.011595
0.021754
0.062438
0.110729
0.156941
0.212728
0.264289
0.295717
0.304742
0.285268
0.246556
0.203152
0.163599
0.119621
0.042183
-0.030107
-0.060995
-0.037201
0.021436
0.056838
0.050321
0.019556
-0.018148
-0.023871
-0.040924
-0.075254
-0.116409
-0.150777
-0.144569
-0.110259
-0.083057
-0.084562
-0.095095
-0.103856
-0.094132
-0.103311
-0.123189
-0.150159
-0.165911
-0.155494
-0.148031
-0.143592
-0.116580
-0.077546
-0.021547
0.022601
0.030618
0.035237
0.035136
0.040598
0.063774
0.091407
0.147628
0.241257
0.310673
0.319805
0.288075
0.249113
0.216125
0.206238
0.195024
0.135662
0.034104
-0.042833
-0.064961
-0.029015
0.041143
0.073572
0.052676
0.023186
-0.005686
-0.017658
-0.034712
-0.083249
-0.121139
-0.151776
-0.154196
-0.104723
-0.071116
-0.070102
-0.088414
-0.117032
-0.123898
-0.113702
-0.107857
-0.125183
-0.147643
-0.150226
-0.140822
-0.118193
-0.093948
-0.059853
-0.020340
0.021816
0.049995
0.057155
0.037675
0.029127
0.054192
0.103424
0.181545
0.263959
0.313736
0.321169
0.290372
0.258881
0.237010
0.201705
0.159065
0.089218
0.017122
-0.030712
-0.035037
0.000141
0.032112
0.046901
0.046823
0.023957
0.011000
-0.003234
-0.049459
-0.107406
-0.146745
-0.145118
-0.111770
-0.082352
-0.076784
-0.086649
-0.096225
-0.091096
-0.083692
-0.099561
-0.131499
-0.150092
-0.150373
-0.136018
-0.127037
-0.121087
-0.105295
-0.064332
-0.009144
0.038939
0.054765
0.050394
0.042011
0.046900
0.077407
0.123331
0.187548
0.257950
0.319433
0.331595
0.318368
0.294480
0.246054
0.209746
0.135111
0.034860
-0.022987
-0.050913
-0.031658
0.017302
0.035450
0.046056
0.039710
0.022694
0.009462
-0.022786
-0.083393
-0.131380
-0.158268
-0.149278
-0.111560
-0.089357
-0.081110
-0.084048
-0.078761
-0.077233
-0.083772
-0.116066
-0.138394
-0.154939
-0.147101
-0.140126
-0.145810
-0.127512
-0.088971
-0.038202
0.014172
0.034432
0.042502
0.054810
0.047691
0.058346
0.078523
0.115831
0.198294
0.279171
0.315528
0.328664
0.301333
0.276266
0.244753
0.192022
0.096370
0.003421
-0.057666
-0.065974
-0.016521
0.021088
0.046699
0.045754
0.023378
0.008255
-0.006615
-0.046267
-0.096032
-0.139151
-0.166179
-0.149523
-0.116508
-0.098658
-0.091573
-0.102870
-0.102839
-0.085639
-0.084049
-0.099587
-0.128596
-0.168324
-0.157917
-0.139542
-0.137511
-0.118812
-0.093902
-0.053027
0.012268
0.040960
0.045085
0.039449
0.030661
0.055311
0.085732
0.128729
0.200569
0.277959
0.313004
0.317756
0.300945
0.254528
0.217034
0.168006
0.047040
-0.049170
-0.088910
-0.070423
-0.003650
0.028312
0.025279
0.009713
-0.008695
-0.005196
-0.013528
-0.060677
-0.112564
-0.156953
-0.176031
-0.154595
-0.119912
-0.104924
-0.105524
-0.112518
-0.111389
-0.101677
-0.108414
-0.134898
-0.159867
-0.190796
-0.204920
-0.183580
-0.156283
-0.114359
-0.061290
-0.020591
0.019649
0.038618
0.036682
0.040494
0.054085
0.094236
0.150896
0.212793
0.285637
0.311621
0.290459
0.265730
0.222516
0.189576
0.124145
0.033633
-0.042753
-0.086381
-0.070174
-0.027910
-0.000105
0.007201
-0.005103
-0.018976
-0.033655
-0.061676
-0.096557
-0.138315
-0.157827
-0.155541
-0.145548
-0.125562
-0.117945
-0.126635
-0.127819
-0.121853
-0.110830
-0.116513
-0.152681
-0.204558
-0.235204
-0.225283
-0.182028
-0.131910
-0.082418
-0.044645
-0.016205
0.013141
0.034802
0.057113
0.067022
0.087268
0.135927
0.214922
0.294830
0.342820
0.315978
0.268824
0.241750
0.187961
0.105775
0.004069
-0.091808
-0.114218
-0.071839
-0.024193
0.010224
0.000099
-0.036320
-0.048509
-0.058513
-0.074657
-0.095121
-0.147319
-0.167661
-0.155883
-0.147924
-0.135576
-0.133583
-0.144925
-0.127122
-0.100993
-0.086750
-0.095100
-0.135770
-0.174897
-0.173079
-0.163664
-0.160933
-0.149611
-0.148166
-0.098636
-0.032550
-0.001500
0.012177
-0.000977
-0.017048
0.007327
0.047748
0.098685
0.155549
0.220789
0.290468
0.317477
0.313546
0.285402
0.225948
0.141423
0.019792
-0.080298
-0.128360
-0.111437
-0.046583
-0.001453
0.010756
0.004811
-0.013044
-0.029457
-0.051521
-0.096394
-0.133679
-0.153087
-0.154735
-0.133318
-0.125846
-0.138493
-0.138324
-0.127542
-0.105352
-0.083374
-0.086203
-0.126478
-0.173498
-0.192839
-0.176814
-0.146536
-0.132138
-0.135074
-0.121520
-0.081871
-0.028594
0.014884
0.017425
0.006737
0.006287
0.022861
0.054635
0.104064
0.165794
0.244015
0.306554
0.323048
0.309590
0.273299
0.204046
0.085076
-0.038975
-0.129977
-0.132608
-0.069695
-0.007273
0.010144
-0.001972
-0.025355
-0.029676
-0.032835
-0.064151
-0.109851
-0.155240
-0.167100
-0.149966
-0.132011
-0.133600
-0.135892
-0.132357
-0.105963
-0.074980
-0.073886
-0.108563
-0.145234
-0.169566
-0.162241
-0.147063
-0.159932
-0.164437
-0.139868
-0.090408
-0.029944
0.007114
0.015397
0.019482
0.022000
0.039470
0.069572
0.110335
0.173428
0.256748
0.312107
0.327597
0.306745
0.256569
0.192228
0.076559
-0.035906
-0.102947
-0.109520
-0.061120
-0.007930
0.006643
-0.000121
-0.017719
-0.029719
-0.034344
-0.053165
-0.085486
-0.117581
-0.142554
-0.145949
-0.134916
-0.128399
-0.121753
-0.110079
-0.094544
-0.080915
-0.078844
-0.098175
-0.121418
-0.149869
-0.156513
-0.152697
-0.154285
-0.139917
-0.127083
-0.097813
-0.043956
0.001449
0.032640
0.037158
0.017670
0.020708
0.055455
0.114552
0.196489
0.279587
0.326239
0.332831
0.313352
0.290540
0.203831
0.072688
-0.040175
-0.119656
-0.109964
-0.055575
-0.007804
0.020996
0.016302
0.000201
-0.008119
-0.033660
-0.054529
-0.078423
-0.109138
-0.132887
-0.137593
-0.133824
-0.115282
-0.100323
-0.088444
-0.073602
-0.070317
-0.071981
-0.081959
-0.108221
-0.136062
-0.141100
-0.130402
-0.091857
-0.080345
-0.090879
-0.097222
-0.080421
-0.031575
0.020295
0.041729
0.040322
0.024232
0.030997
0.071661
0.118532
0.183335
0.260751
0.317995
0.332507
0.328244
0.293366
0.202997
0.067546
-0.050375
-0.096137
-0.074151
-0.021830
0.026208
0.030684
0.017423
0.002469
-0.008906
-0.012251
-0.031575
-0.068233
-0.113060
-0.121083
-0.109223
-0.098942
-0.103336
-0.110595
-0.097230
-0.066399
-0.041238
-0.047370
-0.082391
-0.119808
-0.133709
-0.130986
-0.120998
-0.125000
-0.120858
-0.102326
-0.068146
-0.021973
0.011902
0.028999
0.034510
0.039539
0.057585
0.090062
0.129622
0.186641
0.261456
0.321521
0.345501
0.335918
0.298408
0.222673
0.122235
0.010432
-0.067553
-0.082273
-0.054004
-0.003057
0.044747
0.046340
0.031620
0.011382
-0.014678
-0.028588
-0.054343
-0.094524
-0.118021
-0.123743
-0.105558
-0.084461
-0.091654
-0.089497
-0.079842
-0.060504
-0.043655
-0.047523
-0.082028
-0.121202
-0.142048
-0.134735
-0.118689
-0.102818
-0.090156
-0.075417
-0.039856
0.004072
0.036507
0.044707
0.040748
0.044842
0.073460
0.116370
0.172874
0.234061
0.296404
0.341757
0.355691
0.322769
0.254540
0.152294
0.031431
-0.038238
-0.071116
-0.056702
-0.003098
0.026561
0.038330
0.038830
0.017377
0.006042
-0.010665
-0.045396
-0.072353
-0.095910
-0.101453
-0.101751
-0.102528
-0.091567
-0.071498
-0.061954
-0.052599
-0.050911
-0.058356
-0.070989
-0.097762
-0.122060
-0.131605
-0.124199
-0.111312
-0.101693
-0.080446
-0.037052
-0.001417
0.031494
0.044979
0.047628
0.065386
0.086989
0.113603
0.149084
0.196658
0.281134
0.348521
0.354854
0.328862
0.252625
0.172325
0.092393
0.016743
-0.029637
-0.044418
-0.019632
0.029676
0.057286
0.050910
0.026719
-0.009433
-0.030766
-0.036492
-0.053715
-0.074062
-0.081117
-0.094030
-0.095242
-0.096082
-0.094794
-0.078170
-0.066024
-0.062669
-0.058141
-0.073233
-0.092308
-0.099133
-0.128413
-0.140588
-0.133751
-0.121334
-0.076424
-0.025349
0.003262
0.039038
0.047916
0.045987
0.062293
0.072102
0.103898
0.156367
0.215590
0.301167
0.346672
0.351388
0.345745
0.273691
0.193603
0.105318
-0.001119
-0.063773
-0.070051
-0.042992
0.016976
0.057143
0.056353
0.041376
0.000989
-0.026508
-0.029771
-0.062129
-0.090045
-0.122530
-0.153954
-0.119128
-0.071925
-0.048805
-0.040774
-0.063331
-0.080471
-0.072404
-0.079142
-0.088797
-0.103185
-0.121269
-0.107595
-0.100704
-0.109039
-0.097376
-0.075762
-0.032861
0.022571
0.046949
0.055171
0.047788
0.031989
0.051685
0.093748
0.153113
0.241868
0.309693
0.327338
0.310123
0.268832
0.208894
0.161779
0.106590
0.041500
-0.014787
-0.057512
-0.047413
0.005323
0.052127
0.074350
0.045220
-0.006419
-0.031309
-0.036038
-0.054871
-0.089838
-0.118584
-0.121925
-0.103541
-0.085294
-0.079784
-0.087334
-0.093836
-0.084681
-0.075233
-0.081461
-0.096508
-0.136267
-0.154064
-0.151251
-0.141294
-0.113242
-0.084426
-0.047130
0.002551
0.035895
0.056765
0.063676
0.055603
0.069266
0.102620
0.150008
0.212784
0.266427
0.291975
0.301953
0.270733
0.206338
0.147761
0.090379
0.047501
0.009975
-0.024747
-0.031118
-0.010569
0.021994
0.041558
0.027884
-0.003711
-0.035887
-0.054742
-0.069362
-0.077425
-0.089162
-0.106376
-0.120592
-0.126286
-0.114790
-0.098962
-0.086847
-0.086897
-0.091419
-0.095895
-0.102899
-0.113435
-0.138896
-0.174191
-0.169309
-0.136396
-0.086660
-0.025503
0.004709
0.015333
0.030462
0.040343
0.058511
0.079498
0.100828
0.140252
0.198912
0.272770
0.319180
0.312126
0.269681
0.217220
0.173358
0.129003
0.054894
-0.022199
-0.070145
-0.073400
-0.022321
0.031464
0.050075
0.030477
-0.011112
-0.038286
-0.048276
-0.056439
-0.074874
-0.110459
-0.131944
-0.141588
-0.133130
-0.111688
-0.092592
-0.083594
-0.083708
-0.092799
-0.100008
-0.104902
-0.128422
-0.144944
-0.158345
-0.163341
-0.145431
-0.104647
-0.064033
-0.025898
0.001093
0.021397
0.044674
0.058473
0.070799
0.086685
0.110989
0.167505
0.244060
0.283562
0.294855
0.273990
0.227274
0.187795
0.152072
0.070887
-0.003775
-0.049715
-0.067824
-0.032372
0.008582
0.033439
0.032564
-0.007329
-0.041829
-0.055612
-0.067332
-0.077108
-0.096271
-0.116897
-0.125772
-0.112578
-0.103428
-0.098602
-0.111145
-0.118116
-0.104089
-0.089503
-0.086110
-0.104094
-0.130588
-0.153891
-0.154612
-0.140835
-0.123958
-0.089852
-0.044683
-0.007609
0.019986
0.022274
0.017440
0.025896
0.054068
0.099323
0.144986
0.196496
0.259569
0.293717
0.292915
0.275415
0.228141
0.183338
0.120502
0.024069
-0.039744
-0.071681
-0.069609
-0.026053
0.012943
0.029855
0.026293
-0.002803
-0.034128
-0.060772
-0.087107
-0.108525
-0.121637
-0.125765
-0.124750
-0.111675
-0.104228
-0.100705
-0.091547
-0.088551
-0.077246
-0.076356
-0.103006
-0.132151
-0.150645
-0.144971
-0.124284
-0.117552
-0.115495
-0.097883
-0.059463
-0.011031
0.019628
0.025149
0.017961
0.025249
0.049620
0.091362
0.141786
0.199116
0.256571
0.289768
0.290286
0.271772
0.250892
0.200575
0.101658
0.001869
-0.069742
-0.093766
-0.059607
-0.008592
0.025488
0.027114
0.009148
-0.012631
-0.027518
-0.044721
-0.082567
-0.128014
-0.147398
-0.142523
-0.113371
-0.087753
-0.085100
-0.088012
-0.093057
-0.092009
-0.087637
-0.092502
-0.105355
-0.120943
-0.129763
-0.123688
-0.116328
-0.117273
-0.119502
-0.099251
-0.061399
-0.011999
0.027583
0.031366
0.014942
0.005981
0.022631
0.068458
0.119064
0.166506
0.232968
0.280763
0.312627
0.317481
0.264891
0.190806
0.099094
-0.005378
-0.063405
-0.083647
-0.066029
-0.006646
0.024495
0.027228
0.020528
-0.008589
-0.032831
-0.049968
-0.089206
-0.114437
-0.128820
-0.133583
-0.106450
-0.087703
-0.091266
-0.090166
-0.093895
-0.088427
-0.072223
-0.079064
-0.097378
-0.111639
-0.125613
-0.125478
-0.113610
-0.114262
-0.108795
-0.093197
-0.065707
-0.027791
-0.002013
0.004219
0.003100
0.012329
0.034421
0.065176
0.091095
0.132284
0.204943
0.275211
0.320796
0.334175
0.302092
0.240381
0.136250
0.024406
-0.052768
-0.095955
-0.076755
-0.036575
-0.001897
0.035335
0.040170
0.018971
-0.007382
-0.046423
-0.076648
-0.102299
-0.119634
-0.125210
-0.125335
-0.108181
-0.090518
-0.080071
-0.075082
-0.077315
-0.076263
-0.079063
-0.083417
-0.093283
-0.112510
-0.126340
-0.127123
-0.106809
-0.074643
-0.062753
-0.066683
-0.067207
-0.053768
-0.018922
0.013881
0.029234
0.025093
0.016158
0.027198
0.070447
0.127278
0.202058
0.271935
0.296743
0.296872
0.269135
0.223402
0.177259
0.085911
-0.012764
-0.068842
-0.079685
-0.038256
0.016727
0.032906
0.028889
0.006052
-0.018546
-0.030381
-0.045732
-0.067604
-0.092641
-0.111674
-0.113175
-0.101693
-0.097259
-0.085259
-0.081551
-0.082930
-0.076546
-0.072767
-0.080369
-0.098840
-0.121994
-0.133977
-0.124863
-0.096052
-0.078612
-0.082942
-0.088275
-0.077179
-0.040283
0.007272
0.037463
0.040698
0.028901
0.024680
0.049903
0.093747
0.149139
0.215306
0.277658
0.315052
0.309242
0.271853
0.221601
0.139237
0.056538
-0.014166
-0.074703
-0.070435
-0.020745
0.026059
0.053010
0.028525
-0.020648
-0.041604
-0.052464
-0.056800
-0.067197
-0.100356
-0.118137
-0.113156
-0.103963
-0.081481
-0.078798
-0.084436
-0.074798
-0.068765
-0.070299
-0.079319
-0.103194
-0.118450
-0.116185
-0.103436
-0.081831
-0.073970
-0.077960
-0.082724
-0.073471
-0.047931
-0.014755
0.012430
0.027263
0.031650
0.036439
0.051874
0.081239
0.134572
0.212325
0.286626
0.329236
0.323464
0.277816
0.220731
0.130001
0.043651
-0.023514
-0.067209
-0.059292
-0.021976
0.020536
0.047130
0.030287
-0.010335
-0.038549
-0.057314
-0.063030
-0.073113
-0.093761
-0.106941
-0.115301
-0.110158
-0.084548
-0.078400
-0.074823
-0.072163
-0.079816
-0.074033
-0.070643
-0.080178
-0.093154
-0.106725
-0.115143
-0.095239
-0.074258
-0.070596
-0.068234
-0.066626
-0.056083
-0.020296
0.005168
0.018542
0.028119
0.027645
0.045000
0.076671
0.119306
0.189220
0.254294
0.297019
0.326706
0.312393
0.264310
0.182233
0.066174
-0.032094
-0.081646
-0.079103
-0.033638
0.014581
0.032887
0.028689
0.002186
-0.017583
-0.021134
-0.034889
-0.065557
-0.099533
-0.125766
-0.112803
-0.089731
-0.077870
-0.077945
-0.085141
-0.075378
-0.057471
-0.059521
-0.075574
-0.100948
-0.116614
-0.107827
-0.092980
-0.082661
-0.071785
-0.074478
-0.086998
-0.076977
-0.054621
-0.022325
0.009303
0.021081
0.020483
0.017808
0.027734
0.055928
0.101592
0.163678
0.247518
0.311009
0.318481
0.276554
0.227014
0.173857
0.115936
0.053728
-0.009748
-0.059575
-0.066269
-0.032068
0.010056
0.032543
0.014052
-0.019299
-0.045275
-0.054147
-0.049823
-0.068650
-0.097667
-0.107291
-0.111847
-0.102802
-0.083490
-0.075071
-0.064474
-0.057653
-0.069293
-0.079476
-0.090878
-0.103133
-0.099488
-0.091686
-0.087879
-0.083695
-0.092485
-0.104567
-0.097295
-0.076872
-0.033937
0.010692
0.036381
0.048884
0.047757
0.038015
0.052135
0.091382
0.157387
0.250722
0.316986
0.316725
0.284671
0.237266
0.189738
0.127461
0.035485
-0.044886
-0.082120
-0.067185
-0.025109
0.020941
0.027700
0.003209
-0.024857
-0.046739
-0.048495
-0.059255
-0.081067
-0.100268
-0.121964
-0.110869
-0.091300
-0.087396
-0.078674
-0.079457
-0.078318
-0.063395
-0.052122
-0.063757
-0.083969
-0.111253
-0.118840
-0.101666
-0.080377
-0.064797
-0.073788
-0.091033
-0.088899
-0.065146
-0.025971
0.011343
0.026476
0.025505
0.024756
0.038519
0.078896
0.152299
0.238955
0.305338
0.328478
0.300846
0.261530
0.208813
0.132043
0.048870
-0.050287
-0.103966
-0.087523
-0.048041
0.007152
0.035790
0.011467
-0.009664
-0.026943
-0.046954
-0.057305
-0.084160
-0.116206
-0.122209
-0.121801
-0.099128
-0.066558
-0.062041
-0.063112
-0.063299
-0.071577
-0.074969
-0.074410
-0.085501
-0.087187
-0.083382
-0.086014
-0.083807
-0.084540
-0.098918
-0.094819
-0.075217
-0.052963
-0.024715
-0.011396
-0.006427
0.000128
0.006344
0.025414
0.058269
0.098988
0.158089
0.228637
0.286550
0.313474
0.307043
0.267255
0.197276
0.116213
0.022382
-0.053675
-0.084557
-0.083096
-0.044457
-0.001461
0.018344
0.016973
-0.000729
-0.024381
-0.044703
-0.070338
-0.098378
-0.112514
-0.118439
-0.110546
-0.089810
-0.075264
-0.069990
-0.061112
-0.059545
-0.059955
-0.066036
-0.076895
-0.092586
-0.103511
-0.105298
-0.100464
-0.088612
-0.072353
-0.074585
-0.106230
-0.098875
-0.070945
-0.029271
0.021371
0.031379
0.019578
0.022072
0.031213
0.069542
0.130146
0.195464
0.286693
0.333940
0.324969
0.295210
0.228450
0.150813
0.075570
-0.015973
-0.075371
-0.095464
-0.077126
-0.021969
0.016001
0.021624
0.004882
-0.021329
-0.039244
-0.049037
-0.077419
-0.105099
-0.122181
-0.129931
-0.106503
-0.077354
-0.059783
-0.050087
-0.054770
-0.065321
-0.060549
-0.062480
-0.074857
-0.086346
-0.103548
-0.104874
-0.091261
-0.091130
-0.101007
-0.100981
-0.095856
-0.061040
-0.013061
0.009243
0.019979
0.016329
0.007713
0.029044
0.057695
0.106644
0.183277
0.261178
0.326473
0.342609
0.314145
0.263321
0.194481
0.100390
0.013583
-0.059256
-0.102573
-0.086585
-0.039191
0.004509
0.027707
0.018056
-0.002374
-0.019598
-0.044097
-0.067735
-0.101511
-0.125516
-0.129350
-0.111458
-0.085405
-0.055351
-0.045268
-0.048465
-0.049656
-0.052929
-0.053511
-0.062434
-0.083021
-0.101955
-0.102993
-0.090902
-0.067413
-0.050966
-0.064620
-0.113401
-0.116779
-0.072201
-0.012095
0.039618
0.037509
0.012420
0.009074
0.032469
0.080667
0.144623
0.213078
0.304626
0.357723
0.353644
0.315890
0.252813
0.160675
0.058877
-0.034615
-0.113568
-0.107634
-0.059904
-0.004155
0.037023
0.032679
0.003293
-0.006445
-0.028726
-0.049725
-0.070503
-0.113705
-0.135692
-0.122008
-0.091188
-0.057739
-0.035040
-0.047384
-0.056289
-0.061740
-0.054914
-0.045336
-0.062219
-0.100716
-0.122280
-0.122438
-0.091579
-0.060811
-0.065300
-0.083049
-0.095209
-0.071291
-0.020418
0.018186
0.023431
0.008349
-0.000428
0.028796
0.080796
0.138601
0.195996
0.266162
0.325289
0.351663
0.347590
0.303490
0.209751
0.080514
-0.031127
-0.109899
-0.125225
-0.087359
-0.028334
0.012703
0.034283
0.030887
0.015505
-0.002693
-0.041983
-0.088308
-0.127985
-0.144805
-0.126367
-0.092940
-0.074593
-0.052562
-0.039611
-0.036128
-0.034913
-0.043025
-0.064119
-0.081396
-0.098518
-0.101769
-0.090802
-0.088754
-0.080622
-0.079193
-0.086910
-0.075111
-0.053556
-0.037817
-0.014062
-0.001479
-0.003572
-0.004017
0.004912
0.034548
0.083592
0.143198
0.215186
0.291104
0.334003
0.352753
0.342772
0.296891
0.191800
0.049266
-0.077893
-0.142079
-0.126673
-0.062859
0.001544
0.033295
0.041015
0.032449
0.014261
-0.017911
-0.057413
-0.104181
-0.135371
-0.141587
-0.115882
-0.088521
-0.062646
-0.043832
-0.038484
-0.032228
-0.034651
-0.043332
-0.062531
-0.082784
-0.103816
-0.106265
-0.104253
-0.088482
-0.063894
-0.045436
-0.049503
-0.061453
-0.066981
-0.053724
-0.021186
-0.005947
0.000803
-0.006374
-0.007626
0.011234
0.052282
0.109333
0.183329
0.270940
0.334452
0.350832
0.336308
0.302282
0.218170
0.085878
-0.038057
-0.124900
-0.132423
-0.071929
-0.008040
0.031244
0.031508
0.008733
-0.003588
-0.017446
-0.043982
-0.075070
-0.117676
-0.142314
-0.125110
-0.095710
-0.067915
-0.047771
-0.046719
-0.043601
-0.042381
-0.049437
-0.060650
-0.086660
-0.115086
-0.118096
-0.108459
-0.084956
-0.056227
-0.041543
-0.034591
-0.055461
-0.075531
-0.070503
-0.047696
-0.014744
0.007743
0.004565
-0.005025
0.000624
0.022529
0.068138
0.127296
0.204600
0.284331
0.319507
0.325281
0.310753
0.264861
0.173748
0.042873
-0.083379
-0.138833
-0.111644
-0.046748
0.018643
0.040046
0.028062
0.013419
-0.002111
-0.018564
-0.047507
-0.096786
-0.129647
-0.134867
-0.113715
-0.086024
-0.070591
-0.069885
-0.070573
-0.066447
-0.060885
-0.056882
-0.075511
-0.093527
-0.102954
-0.106308
-0.095057
-0.077836
-0.076564
-0.059042
-0.043000
-0.050700
-0.040818
-0.037434
-0.028373
-0.005863
-0.007073
-0.014514
-0.001380
0.012818
0.053623
0.105136
0.153866
0.228119
0.281438
0.295023
0.301035
0.270068
0.212134
0.140524
0.032235
-0.044649
-0.082326
-0.079574
-0.031748
0.005899
0.014763
0.013834
-0.001674
-0.014326
-0.015170
-0.045893
-0.084664
-0.111716
-0.127447
-0.112677
-0.090169
-0.084868
-0.077380
-0.067994
-0.064552
-0.060580
-0.068263
-0.092435
-0.112990
-0.118847
-0.111351
-0.090197
-0.073080
-0.057693
-0.060437
-0.075931
-0.073332
-0.046738
-0.010583
0.017864
0.030438
0.022814
0.020259
0.034189
0.055244
0.092282
0.148578
0.216979
0.276528
0.300101
0.295761
0.263028
0.208058
0.140167
0.037842
-0.049041
-0.088280
-0.088582
-0.037689
0.007718
0.025900
0.026528
0.001184
-0.022398
-0.023390
-0.042315
-0.076426
-0.108793
-0.137535
-0.128868
-0.093116
-0.065860
-0.055033
-0.063846
-0.081656
-0.076689
-0.071456
-0.077806
-0.089578
-0.111109
-0.124732
-0.112441
-0.095437
-0.066130
-0.045748
-0.063439
-0.063271
-0.040422
-0.013410
0.017098
0.025437
0.008712
0.008118
0.018234
0.047279
0.103997
0.150825
0.201704
0.254906
0.260768
0.265514
0.265148
0.228892
0.185208
0.092879
-0.011151
-0.071734
-0.095593
-0.064164
-0.000186
0.028906
0.034241
0.021377
-0.007218
-0.023633
-0.039817
-0.076840
-0.115785
-0.135248
-0.131660
-0.099534
-0.069068
-0.056987
-0.062388
-0.073994
-0.078724
-0.072498
-0.073808
-0.089683
-0.114393
-0.124140
-0.114246
-0.091239
-0.065860
-0.034271
-0.028791
-0.046350
-0.040723
-0.030797
-0.004345
0.020569
0.014238
0.000758
-0.000037
0.015948
0.055795
0.099979
0.147973
0.205685
0.249199
0.250952
0.250094
0.245011
0.225398
0.196022
0.094825
-0.015423
-0.082764
-0.094273
-0.041656
0.024867
0.043346
0.031486
0.004106
-0.023385
-0.026100
-0.039280
-0.075877
-0.108528
-0.121696
-0.113996
-0.080066
-0.065878
-0.071501
-0.082482
-0.088782
-0.078732
-0.069306
-0.076503
-0.090301
-0.108134
-0.120630
-0.105236
-0.092010
-0.069120
-0.059873
-0.068742
-0.053812
-0.026950
0.000448
0.027620
0.024337
0.006007
0.005740
0.015874
0.048585
0.100241
0.151098
0.192890
0.210929
0.207793
0.221791
0.243902
0.241756
0.206185
0.132744
0.032073
-0.032333
-0.049547
-0.038934
-0.004852
0.017797
0.022487
0.016059
-0.001557
-0.017246
-0.026597
-0.049308
-0.075420
-0.097686
-0.113576
-0.108922
-0.091332
-0.082410
-0.080955
-0.085002
-0.085809
-0.076968
-0.076320
-0.086334
-0.102639
-0.122665
-0.118159
-0.100085
-0.076534
-0.062311
-0.075326
-0.074317
-0.052344
-0.016766
0.027943
0.042267
0.026368
0.013620
0.017756
0.047492
0.099554
0.148484
0.178354
0.188588
0.185570
0.188646
0.209059
0.236244
0.221589
0.177036
0.099301
0.011301
-0.030800
-0.053221
-0.046696
-0.020177
-0.007331
0.002488
0.004660
-0.009010
-0.014678
-0.032794
-0.073660
-0.100928
-0.117651
-0.124004
-0.100174
-0.091053
-0.099191
-0.092751
-0.093419
-0.083678
-0.073788
-0.088585
-0.105557
-0.112747
-0.118690
-0.103251
-0.078095
-0.078158
-0.085670
-0.081669
-0.067779
-0.026404
0.020797
0.040451
0.041488
0.024396
0.019973
0.047230
0.084490
0.131777
0.179645
0.198581
0.201864
0.201303
0.206506
0.223656
0.207020
0.151346
0.076590
0.004512
-0.027545
-0.028562
-0.019702
-0.005145
0.002415
-0.001255
-0.003653
-0.011507
-0.032258
-0.056567
-0.085640
-0.109800
-0.114446
-0.108231
-0.093990
-0.085306
-0.089222
-0.093412
-0.090705
-0.088353
-0.083954
-0.084040
-0.098478
-0.106957
-0.107963
-0.106486
-0.090565
-0.082939
-0.094168
-0.084075
-0.063395
-0.028660
0.014579
0.025606
0.017720
0.012827
0.010647
0.038730
0.087429
0.130762
0.173285
0.194957
0.195339
0.193453
0.191687
0.204831
0.199776
0.165380
0.117854
0.038831
-0.009688
-0.017516
-0.022647
0.004997
0.018008
0.004632
0.004746
-0.013760
-0.031584
-0.033746
-0.060094
-0.090358
-0.103486
-0.121184
-0.108967
-0.084309
-0.083139
-0.086259
-0.098997
-0.111114
-0.102145
-0.092272
-0.101887
-0.104334
-0.110731
-0.110681
-0.091945
-0.088765
-0.095385
-0.087886
-0.065351
-0.030059
0.014661
0.032307
0.029873
0.026346
0.029330
0.063081
0.114326
0.145658
0.170893
0.187315
0.180856
0.183031
0.183238
0.192299
0.205336
0.167158
0.110414
0.046974
-0.010110
0.002719
0.019029
0.021600
0.025993
-0.006788
-0.026000
-0.021368
-0.021252
-0.023296
-0.041897
-0.087000
-0.110994
-0.115072
-0.112301
-0.084569
-0.081282
-0.096657
-0.103076
-0.108520
-0.099547
-0.089390
-0.101238
-0.120813
-0.139465
-0.146731
-0.130016
-0.105659
-0.081615
-0.058081
-0.030152
0.003111
0.031409
0.050160
0.056700
0.065535
0.088499
0.130855
0.173720
0.210961
0.218385
0.192000
0.180661
0.192193
0.196450
0.172342
0.126727
0.075052
0.014552
-0.009977
0.007357
0.010840
0.025280
0.030478
-0.000318
-0.015447
-0.019021
-0.035651
-0.052660
-0.082776
-0.115232
-0.114538
-0.105808
-0.097730
-0.089314
-0.100698
-0.113907
-0.113088
-0.119978
-0.120869
-0.117649
-0.129118
-0.136977
-0.138549
-0.130730
-0.111726
-0.086250
-0.056390
-0.013977
0.030301
0.056872
0.073721
0.079651
0.095658
0.131063
0.163829
0.192550
0.221831
0.230144
0.217608
0.197591
0.185278
0.173266
0.153766
0.120626
0.053609
-0.009966
-0.037392
-0.022401
0.012470
0.031908
0.025796
0.001750
-0.023996
-0.038570
-0.048392
-0.073071
-0.101776
-0.117781
-0.122986
-0.118929
-0.109402
-0.108244
-0.107952
-0.099482
-0.094310
-0.093617
-0.100646
-0.112836
-0.121196
-0.131214
-0.131253
-0.118240
-0.095321
-0.059471
-0.015447
0.023756
0.053266
0.067024
0.072853
0.089121
0.118169
0.159988
0.204669
0.239015
0.245324
0.213788
0.186332
0.185558
0.176194
0.164519
0.117480
0.026684
-0.024908
-0.036025
-0.022917
0.010979
0.020731
0.003212
-0.012109
-0.025512
-0.022765
-0.028451
-0.064650
-0.100801
-0.128755
-0.142286
-0.126921
-0.105691
-0.102831
-0.100563
-0.099215
-0.099115
-0.093188
-0.092899
-0.102924
-0.113822
-0.122453
-0.128929
-0.119581
-0.098445
-0.066852
-0.027028
0.007783
0.037617
0.064697
0.081573
0.097903
0.125097
0.161247
0.205551
0.245675
0.261797
0.247874
0.226047
0.206522
0.186983
0.140035
0.062449
-0.011574
-0.050140
-0.044845
-0.016259
0.008582
0.012378
0.001881
-0.008721
-0.015512
-0.027159
-0.055126
-0.094629
-0.129699
-0.146481
-0.138748
-0.115491
-0.101014
-0.089218
-0.085316
-0.085626
-0.081055
-0.081657
-0.089977
-0.105226
-0.123335
-0.134009
-0.130243
-0.119196
-0.102070
-0.077741
-0.048157
-0.008476
0.031489
0.056400
0.069391
0.078526
0.085656
0.117246
0.183177
0.259158
0.308164
0.310515
0.266622
0.216693
0.181029
0.108087
0.029880
-0.037341
-0.086867
-0.064257
-0.016734
0.015657
0.030329
0.007120
-0.024718
-0.034483
-0.048211
-0.068738
-0.088712
-0.128371
-0.151639
-0.132725
-0.107510
-0.078597
-0.057118
-0.063663
-0.068972
-0.067203
-0.071571
-0.072152
-0.077804
-0.092035
-0.101177
-0.098132
-0.094043
-0.094242
-0.095023
-0.093322
-0.069275
-0.029838
0.003042
0.021472
0.020871
0.013729
0.026817
0.062842
0.115985
0.182132
0.252098
0.295825
0.299835
0.288276
0.246820
0.188140
0.107459
-0.001525
-0.071282
-0.093516
-0.069621
-0.009383
0.026160
0.029367
0.016800
-0.009541
-0.027903
-0.041676
-0.074270
-0.108355
-0.131169
-0.143921
-0.118448
-0.083468
-0.070378
-0.056890
-0.053128
-0.060815
-0.058754
-0.065879
-0.078919
-0.087012
-0.097810
-0.104115
-0.097487
-0.112881
-0.127770
-0.114337
-0.092107
-0.049581
-0.006437
0.005661
0.013892
0.022083
0.027745
0.047174
0.077213
0.122314
0.194827
0.271332
0.309880
0.329699
0.323815
0.277678
0.196845
0.063625
-0.060653
-0.126800
-0.136748
-0.078323
-0.006138
0.029857
0.043662
0.028528
-0.006481
-0.031990
-0.064589
-0.106518
-0.133365
-0.149837
-0.147471
-0.119036
-0.085503
-0.058263
-0.041817
-0.038528
-0.036903
-0.043118
-0.057873
-0.079525
-0.097538
-0.113240
-0.114791
-0.101599
-0.084680
-0.068205
-0.043706
-0.040810
-0.101160
-0.132382
-0.090817
-0.019464
0.067673
0.093735
0.059548
0.047917
0.083719
0.165738
0.270438
0.339652
0.363465
0.338993
0.286100
0.209836
0.083687
-0.032662
-0.117087
-0.149803
-0.109581
-0.036893
0.027876
0.054831
0.037297
0.000839
-0.038741
-0.074187
-0.090639
-0.109591
-0.125992
-0.123152
-0.112194
-0.087071
-0.055117
-0.035316
-0.028839
-0.034843
-0.056553
-0.074452
-0.089521
-0.100424
-0.099736
-0.098001
-0.092315
-0.079267
-0.071694
-0.075043
-0.072694
-0.063193
-0.049584
-0.025779
-0.000004
0.016439
0.022151
0.025991
0.037793
0.075887
0.142691
0.225820
0.295221
0.335008
0.357804
0.349293
0.293919
0.167061
-0.000863
-0.134015
-0.190558
-0.154440
-0.063748
0.016029
0.051119
0.046708
0.016841
-0.012363
-0.037402
-0.072131
-0.111210
-0.143578
-0.153013
-0.129270
-0.088063
-0.048092
-0.019941
-0.011278
-0.014429
-0.024515
-0.038432
-0.055595
-0.077401
-0.096414
-0.110782
-0.121445
-0.130000
-0.127793
-0.115391
-0.086530
-0.051983
-0.028265
-0.011750
-0.005133
0.003124
0.019887
0.041058
0.065571
0.103018
0.163255
0.234846
0.305244
0.360624
0.369599
0.358799
0.305970
0.149154
-0.017231
-0.149775
-0.224676
-0.181838
-0.084699
0.002618
0.060362
0.061388
0.026937
-0.005718
-0.042930
-0.075498
-0.103407
-0.135322
-0.139971
-0.117495
-0.081298
-0.038869
-0.006746
-0.003406
-0.013318
-0.021485
-0.038685
-0.054151
-0.071069
-0.099619
-0.110484
-0.097983
-0.085925
-0.071026
-0.069080
-0.084343
-0.084566
-0.072015
-0.055480
-0.033448
-0.023139
-0.019775
-0.003586
0.018392
0.048632
0.091311
0.149946
0.220167
0.289650
0.336085
0.361128
0.357247
0.320647
0.213041
0.037839
-0.123485
-0.220913
-0.213070
-0.109383
0.002768
0.067920
0.074820
0.034943
-0.007974
-0.029440
-0.050263
-0.076159
-0.109969
-0.135885
-0.129833
-0.091261
-0.044763
-0.006564
0.004227
-0.012528
-0.027637
-0.043391
-0.060313
-0.073096
-0.091802
-0.107452
-0.103636
-0.079736
-0.050416
-0.032196
-0.041206
-0.069124
-0.081695
-0.071610
-0.054725
-0.030389
-0.019355
-0.021280
-0.016697
-0.000605
0.038860
0.098123
0.156986
0.216522
0.279677
0.326348
0.366228
0.383406
0.349901
0.236918
0.046421
-0.133700
-0.228484
-0.209266
-0.103930
0.006371
0.058470
0.053989
0.022862
-0.007943
-0.021486
-0.038261
-0.070951
-0.115609
-0.140423
-0.126141
-0.084594
-0.038306
-0.012634
-0.010520
-0.018749
-0.027091
-0.031934
-0.044069
-0.073725
-0.107444
-0.128677
-0.125452
-0.097050
-0.069622
-0.056200
-0.060095
-0.067853
-0.059862
-0.043699
-0.031881
-0.023426
-0.021528
-0.020738
-0.005900
0.022831
0.061509
0.115388
0.176346
0.238282
0.294937
0.339560
0.369791
0.371728
0.311743
0.156174
-0.035677
-0.177203
-0.226831
-0.167370
-0.055509
0.027435
0.058965
0.043829
0.007877
-0.015889
-0.033047
-0.064891
-0.106623
-0.141302
-0.145031
-0.115649
-0.069155
-0.035238
-0.022697
-0.028634
-0.037094
-0.040221
-0.050267
-0.069101
-0.098363
-0.120546
-0.126573
-0.115006
-0.095384
-0.087796
-0.088222
-0.088835
-0.074093
-0.049637
-0.022033
0.000736
0.006136
-0.001743
-0.003980
0.010363
0.049599
0.112145
0.185655
0.241799
0.274832
0.287069
0.294582
0.316898
0.312679
0.201034
0.029024
-0.127887
-0.220271
-0.181695
-0.072559
0.014821
0.054063
0.032983
-0.005891
-0.027006
-0.037650
-0.055480
-0.090203
-0.139069
-0.160804
-0.142954
-0.102020
-0.058800
-0.036486
-0.038755
-0.042200
-0.045500
-0.052009
-0.064044
-0.092036
-0.124248
-0.137901
-0.140477
-0.138471
-0.134357
-0.121019
-0.092104
-0.047070
-0.008097
0.013819
0.022349
0.022381
0.022089
0.035060
0.063058
0.117664
0.180075
0.232921
0.271589
0.288323
0.305445
0.320424
0.303358
0.186491
0.011094
-0.130033
-0.200638
-0.166462
-0.067576
0.012785
0.041073
0.025039
-0.011162
-0.031985
-0.042304
-0.061580
-0.093155
-0.136990
-0.157798
-0.141459
-0.103901
-0.061100
-0.035037
-0.036040
-0.041499
-0.044638
-0.048010
-0.050450
-0.074671
-0.115323
-0.146231
-0.161348
-0.152362
-0.130356
-0.101087
-0.071765
-0.043763
-0.013834
0.005456
0.016039
0.024202
0.030250
0.049401
0.085177
0.143300
0.207723
0.258771
0.287849
0.298800
0.302100
0.305980
0.271005
0.147432
-0.005714
-0.125494
-0.179228
-0.130757
-0.038732
0.031584
0.058296
0.032299
-0.012308
-0.039662
-0.060661
-0.076367
-0.099368
-0.136056
-0.146442
-0.128151
-0.099876
-0.058204
-0.033005
-0.033346
-0.035258
-0.045735
-0.063025
-0.075201
-0.095762
-0.117311
-0.125735
-0.119572
-0.107608
-0.098572
-0.090073
-0.078383
-0.056285
-0.028591
-0.001667
0.022971
0.031007
0.030298
0.035593
0.058680
0.118248
0.196080
0.256585
0.289366
0.299643
0.302230
0.303723
0.278521
0.168390
0.013037
-0.097947
-0.158721
-0.132175
-0.037671
0.025536
0.046626
0.031457
-0.008983
-0.031955
-0.045326
-0.066204
-0.089692
-0.123757
-0.145563
-0.130797
-0.099310
-0.062381
-0.036348
-0.035266
-0.049459
-0.054790
-0.058873
-0.070490
-0.087377
-0.110628
-0.138293
-0.157191
-0.161821
-0.144705
-0.105161
-0.063319
-0.019788
0.015184
0.027737
0.033640
0.036803
0.046804
0.070942
0.108674
0.163141
0.224647
0.271139
0.294102
0.297539
0.300639
0.287319
0.217784
0.087334
-0.044400
-0.124997
-0.133425
-0.074075
-0.002136
0.035530
0.036981
0.009045
-0.020596
-0.045320
-0.068455
-0.091640
-0.120592
-0.141830
-0.135295
-0.112436
-0.080803
-0.054023
-0.046539
-0.050705
-0.057941
-0.065277
-0.070442
-0.081336
-0.103682
-0.139829
-0.168390
-0.177605
-0.154227
-0.103871
-0.056062
-0.016583
0.007534
0.017088
0.025871
