-0.029959
-0.099261
-0.133860
-0.137856
-0.106794
-0.039088
0.025230
0.055590
0.045104
0.000922
-0.045353
-0.065429
-0.060915
-0.044409
-0.026052
-0.019003
-0.018920
-0.017928
-0.019365
-0.019917
-0.013747
-0.005505
0.012763
0.031588
0.034609
0.036108
0.056998
0.114503
0.209287
0.298169
0.352554
0.307240
0.105872
-0.136115
-0.287111
-0.291828
-0.173302
-0.025266
0.067583
0.100376
0.088138
0.029128
-0.050687
-0.113650
-0.141917
-0.135318
-0.081393
-0.013432
0.030545
0.046676
0.030270
-0.014160
-0.052175
-0.063372
-0.056414
-0.040438
-0.027577
-0.023347
-0.021318
-0.017474
-0.017525
-0.017681
-0.015908
-0.009312
0.013839
0.036425
0.037160
0.033167
0.055284
0.125348
0.236050
0.323405
0.353506
0.260392
0.041081
-0.188501
-0.295226
-0.258699
-0.134247
-0.003497
0.073327
0.091278
0.071185
0.015373
-0.063848
-0.124119
-0.144746
-0.130598
-0.072229
-0.000120
0.037296
0.041227
0.019707
-0.024806
-0.058619
-0.062799
-0.049755
-0.033967
-0.025780
-0.026522
-0.028220
-0.024438
-0.023785
-0.018730
-0.008888
0.003010
0.024208
0.033452
0.023415
0.024061
0.059491
0.141189
0.248502
0.321340
0.341039
0.244274
0.017736
-0.202194
-0.305549
-0.264139
-0.129187
0.011042
0.084615
0.095110
0.063950
0.005057
-0.069487
-0.121729
-0.141009
-0.132183
-0.076109
-0.002684
0.038410
0.041180
0.013063
-0.034296
-0.066684
-0.067283
-0.051276
-0.036514
-0.028533
-0.028052
-0.028181
-0.022618
-0.020667
-0.021300
-0.016397
-0.002952
0.016855
0.030545
0.033003
0.043021
0.082231
0.167584
0.266119
0.333947
0.324287
0.173346
-0.062613
-0.250708
-0.302906
-0.221795
-0.080066
0.027040
0.075829
0.081111
0.048320
-0.016092
-0.086835
-0.134096
-0.143270
-0.116294
-0.055805
0.002879
0.035207
0.039767
0.009483
-0.034261
-0.063411
-0.071136
-0.060998
-0.041361
-0.031088
-0.023975
-0.016005
-0.014944
-0.024357
-0.032603
-0.030147
-0.011387
0.018525
0.034581
0.027307
0.027212
0.057784
0.131121
0.234979
0.310764
0.322491
0.232467
0.024035
-0.190910
-0.287464
-0.246877
-0.133975
-0.011942
0.064463
0.080022
0.056641
0.006749
-0.064347
-0.118393
-0.134535
-0.121842
-0.070355
-0.007597
0.026784
0.031106
0.007731
-0.037171
-0.063002
-0.055765
-0.042374
-0.032749
-0.029005
-0.033293
-0.031688
-0.021142
-0.022677
-0.026440
-0.016135
-0.001020
0.017385
0.029101
0.021321
0.020342
0.054548
0.125571
0.221290
0.298517
0.319172
0.238520
0.043272
-0.162877
-0.274835
-0.250797
-0.149011
-0.026325
0.057686
0.083220
0.062060
0.009677
-0.060777
-0.114745
-0.135709
-0.124592
-0.071403
-0.009411
0.021945
0.020883
0.001103
-0.033577
-0.052577
-0.049676
-0.040921
-0.036059
-0.032966
-0.034129
-0.032367
-0.025856
-0.024166
-0.020669
-0.008863
0.008430
0.026509
0.030987
0.021455
0.025685
0.060764
0.140586
0.245070
0.323485
0.325873
0.200863
-0.015200
-0.203012
-0.282803
-0.238695
-0.115960
-0.000479
0.063745
0.082909
0.061086
0.000996
-0.070974
-0.120260
-0.132783
-0.116221
-0.065079
-0.005979
0.026612
0.030637
0.010784
-0.026906
-0.054340
-0.053936
-0.045849
-0.039843
-0.034291
-0.027933
-0.020465
-0.013932
-0.020630
-0.024626
-0.011108
0.006947
0.020934
0.029113
0.021756
0.017735
0.049778
0.125375
0.230881
0.302358
0.316821
0.245836
0.064171
-0.143190
-0.271672
-0.266611
-0.162455
-0.028274
0.065750
0.093703
0.067218
0.013775
-0.050046
-0.100999
-0.119673
-0.114859
-0.079277
-0.024938
0.015575
0.029458
0.017964
-0.016508
-0.047505
-0.055531
-0.047551
-0.035021
-0.027494
-0.030058
-0.030230
-0.021832
-0.017054
-0.012041
-0.002795
0.004207
0.010447
0.026163
0.033114
0.036348
0.061450
0.119962
0.210353
0.291613
0.321701
0.238900
0.051176
-0.142136
-0.259886
-0.253931
-0.149068
-0.026017
0.055367
0.083954
0.066324
0.012916
-0.049216
-0.096735
-0.117421
-0.115888
-0.080675
-0.022031
0.022170
0.038476
0.022796
-0.017811
-0.049881
-0.051742
-0.044526
-0.037006
-0.031137
-0.026759
-0.021578
-0.014442
-0.014101
-0.016656
-0.010422
-0.000934
0.009629
0.022975
0.026928
0.025906
0.043976
0.098028
0.185790
0.272804
0.307933
0.267375
0.121877
-0.072859
-0.216087
-0.257495
-0.187527
-0.069018
0.029393
0.075138
0.075040
0.033069
-0.025778
-0.081086
-0.110228
-0.116295
-0.090621
-0.039033
0.007081
0.026707
0.022072
-0.006684
-0.040053
-0.049932
-0.046008
-0.038923
-0.029331
-0.024793
-0.022728
-0.016940
-0.016109
-0.019387
-0.012943
0.003897
0.012792
0.023123
0.029654
0.026980
0.038780
0.083833
0.166633
0.259494
0.310567
0.285138
0.149769
-0.046202
-0.208094
-0.263692
-0.201631
-0.084348
0.022494
0.079321
0.080321
0.039607
-0.020206
-0.082482
-0.114835
-0.115101
-0.091939
-0.046153
0.003540
0.028284
0.024179
0.001159
-0.031578
-0.053298
-0.052769
-0.038351
-0.024079
-0.018008
-0.021486
-0.024616
-0.021042
-0.015462
-0.008718
0.002550
0.005384
0.005357
0.017945
0.030226
0.040160
0.069810
0.127686
0.214410
0.282507
0.295731
0.223861
0.049457
-0.139221
-0.249326
-0.236460
-0.138296
-0.021426
0.054014
0.071875
0.052343
0.009979
-0.048683
-0.093681
-0.112078
-0.109185
-0.073128
-0.022856
0.016117
0.033544
0.021755
-0.019395
-0.049477
-0.051170
-0.038505
-0.027065
-0.025069
-0.030193
-0.026915
-0.011553
-0.005389
-0.012470
-0.010952
-0.001833
0.010006
0.027882
0.033927
0.032836
0.049671
0.100713
0.187101
0.263973
0.290674
0.258265
0.124680
-0.070154
-0.214144
-0.248070
-0.179994
-0.070971
0.026479
0.071564
0.071099
0.037393
-0.017310
-0.077466
-0.107410
-0.110018
-0.089107
-0.042817
0.004795
0.030497
0.032245
0.005500
-0.033789
-0.051120
-0.048209
-0.037289
-0.027105
-0.021034
-0.019243
-0.011012
-0.005907
-0.012321
-0.013692
-0.002245
0.006777
0.020453
0.027890
0.024593
0.034604
0.074356
0.144199
0.231735
0.285366
0.283809
0.205159
0.038760
-0.137005
-0.236505
-0.226070
-0.133441
-0.015291
0.063679
0.082697
0.057787
0.006833
-0.052781
-0.089829
-0.099276
-0.093719
-0.066639
-0.021404
0.017267
0.034393
0.023830
-0.012255
-0.042461
-0.046793
-0.036362
-0.025576
-0.020493
-0.018888
-0.016151
-0.009445
-0.003372
-0.005362
-0.006566
0.000564
0.010648
0.024813
0.034666
0.036858
0.047628
0.085057
0.158044
0.246922
0.299351
0.283025
0.169700
-0.009253
-0.171801
-0.243819
-0.202962
-0.098831
0.007768
0.069478
0.078050
0.047041
-0.001773
-0.054150
-0.087048
-0.097928
-0.089278
-0.054075
-0.009253
0.022605
0.033353
0.019885
-0.012263
-0.038575
-0.043933
-0.036509
-0.026644
-0.020403
-0.016002
-0.011642
-0.004451
-0.004013
-0.008704
-0.005805
0.004258
0.014663
0.025991
0.027612
0.028883
0.051939
0.098560
0.172480
0.247612
0.280360
0.257704
0.154149
-0.007791
-0.158008
-0.229093
-0.194451
-0.100085
-0.000619
0.060768
0.074719
0.045446
-0.006229
-0.059191
-0.090055
-0.097614
-0.086401
-0.052366
-0.009135
0.023830
0.034324
0.012462
-0.025326
-0.047327
-0.046557
-0.033572
-0.022141
-0.017284
-0.014462
-0.011097
-0.007154
-0.007799
-0.010092
-0.006228
0.000735
0.014045
0.028414
0.031894
0.041637
0.070675
0.127767
0.208091
0.270276
0.278617
0.222219
0.079713
-0.096433
-0.213103
-0.224702
-0.149631
-0.043119
0.038036
0.068383
0.057194
0.017153
-0.035640
-0.079693
-0.096990
-0.094834
-0.073337
-0.030178
0.008088
0.023521
0.018147
-0.005644
-0.033699
-0.047033
-0.046423
-0.038157
-0.028781
-0.022795
-0.016579
-0.009161
-0.007014
-0.013072
-0.015828
-0.007257
0.002976
0.014185
0.023590
0.025543
0.033161
0.063953
0.118591
0.198650
0.262945
0.272820
0.209273
0.065479
-0.101875
-0.206011
-0.214352
-0.151065
-0.054199
0.025206
0.060081
0.053126
0.018837
-0.035106
-0.082401
-0.101907
-0.097842
-0.073853
-0.031196
0.002557
0.016158
0.009804
-0.011139
-0.034758
-0.046858
-0.047492
-0.040288
-0.030552
-0.023206
-0.015866
-0.010800
-0.013236
-0.022527
-0.023770
-0.011411
0.002243
0.012304
0.021341
0.023692
0.031983
0.061182
0.113959
0.190642
0.249120
0.257358
0.209100
0.080255
-0.083241
-0.201051
-0.232193
-0.172850
-0.064303
0.028416
0.066376
0.057369
0.013542
-0.045290
-0.086479
-0.096692
-0.095891
-0.079668
-0.042373
-0.007397
0.013174
0.014135
-0.013422
-0.044769
-0.052208
-0.044971
-0.035656
-0.026704
-0.024500
-0.026778
-0.025665
-0.024735
-0.026968
-0.019179
-0.004749
0.002024
0.009994
0.020176
0.022738
0.029621
0.052633
0.103129
0.184232
0.251170
0.267827
0.217082
0.078385
-0.099858
-0.218834
-0.234281
-0.170050
-0.066699
0.021051
0.055697
0.051108
0.016738
-0.038150
-0.089576
-0.109165
-0.103823
-0.078771
-0.039367
-0.008564
0.000820
-0.000517
-0.017056
-0.040821
-0.050034
-0.047566
-0.042594
-0.036288
-0.029623
-0.029480
-0.027409
-0.026474
-0.031614
-0.029605
-0.012238
-0.000478
0.010607
0.017649
0.016984
0.022250
0.045205
0.097821
0.176699
0.242359
0.263255
0.216748
0.084430
-0.088569
-0.214912
-0.238774
-0.176992
-0.078090
0.008910
0.048881
0.045421
0.012843
-0.036930
-0.083681
-0.102061
-0.102889
-0.090316
-0.055603
-0.015584
0.006929
0.005882
-0.015990
-0.046869
-0.061706
-0.053257
-0.035751
-0.029616
-0.033342
-0.037039
-0.033601
-0.025813
-0.025801
-0.030599
-0.024137
-0.012828
0.004453
0.020151
0.023509
0.023531
0.037599
0.080306
0.158138
0.231344
0.253546
0.219584
0.108452
-0.048465
-0.175670
-0.223991
-0.190413
-0.104484
-0.014129
0.036118
0.040534
0.014604
-0.029233
-0.076378
-0.102026
-0.104864
-0.089711
-0.058755
-0.026014
-0.004516
0.001037
-0.010884
-0.033869
-0.051353
-0.056819
-0.051517
-0.036111
-0.025105
-0.022135
-0.024012
-0.028124
-0.033572
-0.034277
-0.027567
-0.017138
0.001598
0.021982
0.025613
0.022717
0.036189
0.076687
0.150034
0.225157
0.257817
0.229813
0.122632
-0.037333
-0.170719
-0.227815
-0.196481
-0.105721
-0.019681
0.032933
0.048164
0.026249
-0.023337
-0.071316
-0.098811
-0.106297
-0.096853
-0.063190
-0.024257
-0.000350
0.001309
-0.011599
-0.031836
-0.050837
-0.056260
-0.048255
-0.037273
-0.030475
-0.027404
-0.028908
-0.028771
-0.028689
-0.027274
-0.020852
-0.009877
0.002117
0.018330
0.025409
0.024473
0.037267
0.084124
0.161714
0.236081
0.275284
0.247916
0.118838
-0.051145
-0.188015
-0.246259
-0.201417
-0.103325
-0.011954
0.045766
0.061925
0.029197
-0.025415
-0.075038
-0.100759
-0.100563
-0.083399
-0.057800
-0.025401
0.003930
0.012005
-0.003874
-0.028044
-0.048221
-0.052442
-0.040281
-0.028646
-0.026628
-0.026519
-0.023000
-0.020565
-0.021217
-0.026846
-0.029013
-0.021344
-0.000034
0.027876
0.040137
0.031268
0.030561
0.057110
0.118591
0.203215
0.257842
0.254091
0.179570
0.037138
-0.110604
-0.197787
-0.203050
-0.141817
-0.052074
0.018774
0.048967
0.041543
0.007192
-0.044427
-0.085365
-0.094895
-0.087628
-0.065409
-0.031020
-0.005464
0.006367
0.004913
-0.012884
-0.038202
-0.047143
-0.039922
-0.026937
-0.018666
-0.015830
-0.018997
-0.022189
-0.022030
-0.026248
-0.024904
-0.007421
0.009978
0.021615
0.032279
0.033527
0.035570
0.057848
0.105759
0.178330
0.243260
0.262324
0.214845
0.088288
-0.070012
-0.191163
-0.221185
-0.161428
-0.062206
0.018659
0.053823
0.045931
0.011968
-0.029088
-0.065619
-0.081295
-0.083892
-0.072687
-0.040348
-0.005893
0.008573
0.007227
-0.005004
-0.026942
-0.037720
-0.030632
-0.021360
-0.019196
-0.020843
-0.022992
-0.023619
-0.018515
-0.016687
-0.013881
-0.002704
0.009685
0.020342
0.029122
0.028730
0.032475
0.055876
0.102491
0.175443
0.245287
0.263152
0.222076
0.111100
-0.032586
-0.148796
-0.194180
-0.166976
-0.090814
-0.006493
0.042017
0.055022
0.036616
-0.007085
-0.056111
-0.082269
-0.084414
-0.072203
-0.045190
-0.012427
0.006700
0.016893
0.012441
-0.008276
-0.028562
-0.037510
-0.037610
-0.029263
-0.017611
-0.008993
-0.004658
-0.005536
-0.014033
-0.022526
-0.014167
0.004144
0.020140
0.031466
0.035058
0.031080
0.040624
0.069492
0.118708
0.196014
0.254804
0.255999
0.200707
0.076096
-0.075158
-0.175089
-0.195314
-0.149806
-0.062496
0.022151
0.062689
0.058592
0.022707
-0.028756
-0.067458
-0.076390
-0.074395
-0.061697
-0.033206
-0.003171
0.013605
0.014308
-0.002137
-0.021335
-0.027045
-0.025126
-0.024085
-0.018607
-0.012055
-0.011008
-0.013424
-0.017468
-0.017993
-0.007055
0.009895
0.018816
0.020077
0.026293
0.035124
0.043551
0.063846
0.103566
0.171561
0.239942
0.269035
0.236850
0.126698
-0.030829
-0.154880
-0.199336
-0.165255
-0.085979
-0.002924
0.048569
0.061937
0.040762
-0.006412
-0.052790
-0.075603
-0.076076
-0.067209
-0.044904
-0.015245
0.006969
0.014829
0.007428
-0.009147
-0.018922
-0.022205
-0.023748
-0.022025
-0.017573
-0.015854
-0.012508
-0.011286
-0.012821
-0.012766
-0.001108
0.014440
0.022634
0.026532
0.030335
0.033981
0.046214
0.073758
0.125718
0.195419
0.246950
0.253875
0.197509
0.069004
-0.078216
-0.175177
-0.192329
-0.140515
-0.059669
0.018887
0.058608
0.054377
0.019827
-0.026229
-0.064512
-0.075700
-0.073390
-0.063280
-0.037262
-0.007786
0.011301
0.015700
0.000863
-0.020866
-0.031409
-0.029719
-0.021542
-0.013364
-0.011848
-0.016434
-0.018003
-0.017203
-0.018512
-0.014363
-0.000835
0.014071
0.024980
0.031631
0.033746
0.037824
0.054756
0.091991
0.162085
0.233573
0.261662
0.227216
0.119840
-0.030761
-0.156238
-0.201972
-0.164833
-0.086564
-0.006406
0.046917
0.056607
0.029522
-0.013798
-0.058326
-0.083916
-0.086123
-0.073188
-0.043667
-0.010193
0.009654
0.011425
-0.001274
-0.021075
-0.034608
-0.033692
-0.025425
-0.020510
-0.018397
-0.018721
-0.019382
-0.017095
-0.016997
-0.018457
-0.010890
0.002797
0.010988
0.024435
0.033888
0.033422
0.044708
0.073556
0.127561
0.198382
0.245306
0.238865
0.162733
0.028818
-0.103221
-0.181572
-0.183855
-0.126099
-0.046046
0.020917
0.051491
0.044853
0.006295
-0.043589
-0.078426
-0.082752
-0.077370
-0.064826
-0.035482
-0.005115
0.011513
0.015059
-0.005512
-0.034960
-0.044259
-0.036709
-0.026742
-0.019533
-0.017891
-0.019929
-0.018384
-0.015646
-0.020074
-0.019109
-0.009290
0.002538
0.017715
0.028424
0.028794
0.036037
0.051724
0.085835
0.156176
0.232688
0.258973
0.219003
0.107874
-0.042023
-0.157240
-0.195302
-0.158388
-0.085815
-0.011460
0.034116
0.049508
0.033214
-0.009643
-0.058974
-0.087890
-0.094485
-0.083136
-0.048698
-0.009930
0.014185
0.018207
0.003170
-0.021329
-0.036468
-0.039395
-0.034624
-0.026478
-0.017289
-0.012087
-0.012816
-0.018494
-0.023622
-0.022374
-0.008915
0.006023
0.015079
0.023218
0.024174
0.023632
0.032247
0.053877
0.099541
0.170671
0.227368
0.238117
0.191775
0.079479
-0.059310
-0.145562
-0.167921
-0.139403
-0.071479
-0.007045
0.029216
0.043167
0.027903
-0.022161
-0.063709
-0.082821
-0.090409
-0.069943
-0.033043
-0.006662
0.008806
0.008642
-0.012239
-0.031166
-0.032892
-0.028939
-0.023930
-0.019683
-0.023328
-0.020122
-0.009261
-0.011093
-0.019258
-0.017100
-0.009167
0.007890
0.026622
0.030501
0.032041
0.043118
0.069973
0.120661
0.191293
0.237881
0.241496
0.188122
0.058500
-0.091134
-0.181787
-0.196068
-0.145773
-0.055300
0.023266
0.056637
0.054800
0.017097
-0.042193
-0.084991
-0.094761
-0.091815
-0.069862
-0.029049
0.005365
0.021511
0.017061
-0.006388
-0.031301
-0.037654
-0.034409
-0.028955
-0.024465
-0.020232
-0.018878
-0.013245
-0.011864
-0.018264
-0.019472
-0.007516
0.004926
0.017111
0.026018
0.021144
0.017598
0.037518
0.074255
0.133051
0.202691
0.242206
0.224031
0.146301
0.022647
-0.101795
-0.177212
-0.180039
-0.118823
-0.034566
0.028321
0.050317
0.035709
-0.004437
-0.046740
-0.072172
-0.084409
-0.086070
-0.059701
-0.026422
-0.001152
0.011267
0.004530
-0.019041
-0.037502
-0.041478
-0.033577
-0.019433
-0.013046
-0.018692
-0.024381
-0.025658
-0.026788
-0.020605
-0.009495
-0.002169
0.011765
0.026587
0.030793
0.040539
0.057949
0.083540
0.139681
0.210938
0.249506
0.230474
0.133914
-0.023538
-0.151085
-0.199558
-0.173926
-0.099539
-0.016760
0.033277
0.049097
0.036044
-0.011460
-0.066543
-0.094697
-0.096199
-0.086924
-0.052838
-0.012670
0.013500
0.020006
0.006036
-0.024446
-0.044741
-0.046134
-0.036734
-0.026354
-0.023662
-0.023580
-0.016879
-0.010489
-0.016294
-0.020806
-0.021147
-0.015591
-0.000777
0.020537
0.029695
0.027648
0.032124
0.051154
0.097323
0.174943
0.234354
0.237248
0.183011
0.069125
-0.067725
-0.151672
-0.172095
-0.144623
-0.080052
-0.009388
0.035117
0.049532
0.028990
-0.024245
-0.073007
-0.092766
-0.097594
-0.082245
-0.042830
-0.010146
0.004015
0.006630
-0.007876
-0.027434
-0.032928
-0.035542
-0.038128
-0.032257
-0.024729
-0.023579
-0.020094
-0.022704
-0.026410
-0.018626
-0.003787
0.008532
0.022213
0.028236
0.025899
0.033637
0.059429
0.109453
0.186410
0.248706
0.254758
0.185419
0.041267
-0.107813
-0.193749
-0.195140
-0.139290
-0.057669
0.013279
0.052530
0.051342
0.012014
-0.046055
-0.091050
-0.105418
-0.098207
-0.070147
-0.027753
0.003947
0.018788
0.015013
-0.010259
-0.036537
-0.046949
-0.047498
-0.041034
-0.028440
-0.020065
-0.016211
-0.013766
-0.020534
-0.029280
-0.023725
-0.007702
0.004739
0.018630
0.022110
0.017734
0.024945
0.046252
0.087059
0.159205
0.221889
0.234965
0.197714
0.104024
-0.031078
-0.137059
-0.177944
-0.160241
-0.096512
-0.017387
0.032615
0.044878
0.029969
-0.014868
-0.062070
-0.086901
-0.096454
-0.084732
-0.047803
-0.014814
0.002179
0.004431
-0.009650
-0.031091
-0.039290
-0.036422
-0.032460
-0.028113
-0.025438
-0.027517
-0.025268
-0.022617
-0.022351
-0.014503
-0.005231
0.008570
0.028262
0.036532
0.035502
0.043937
0.073704
0.136315
0.217619
0.271395
0.253704
0.137114
-0.030015
-0.164142
-0.218236
-0.188359
-0.112096
-0.024178
0.042711
0.067705
0.050418
-0.003160
-0.068210
-0.109034
-0.111596
-0.096002
-0.059830
-0.013508
0.016383
0.022629
0.011102
-0.017327
-0.041309
-0.049267
-0.046618
-0.038787
-0.030552
-0.024544
-0.017649
-0.012883
-0.018705
-0.025814
-0.021160
-0.007860
0.003974
0.014549
0.017485
0.014287
0.026292
0.056950
0.100246
0.168620
0.235101
0.253331
0.204713
0.091711
-0.049639
-0.161542
-0.196905
-0.157109
-0.085211
-0.009683
0.046056
0.058398
0.032271
-0.016560
-0.069346
-0.102118
-0.106744
-0.085139
-0.045287
-0.003725
0.017939
0.009469
-0.011357
-0.029354
-0.038115
-0.036574
-0.031535
-0.031832
-0.027923
-0.019613
-0.016947
-0.023147
-0.023873
-0.014795
-0.002335
0.012855
0.029545
0.031440
0.029192
0.045206
0.082678
0.151434
0.231962
0.276579
0.257640
0.149714
-0.019344
-0.162627
-0.227829
-0.201045
-0.109640
-0.008899
0.055952
0.075327
0.049737
-0.008419
-0.068080
-0.102705
-0.108856
-0.096219
-0.058960
-0.009111
0.023610
0.030448
0.017167
-0.012818
-0.041301
-0.049800
-0.046864
-0.041525
-0.031899
-0.022401
-0.014033
-0.004690
-0.007299
-0.020547
-0.022423
-0.010764
0.003802
0.024746
0.034884
0.025591
0.031233
0.063014
0.123917
0.208324
0.276242
0.275503
0.190048
0.040853
-0.117884
-0.204445
-0.196121
-0.126852
-0.045235
0.028208
0.065256
0.061343
0.020566
-0.041672
-0.094570
-0.104969
-0.095114
-0.069559
-0.026330
0.007118
0.017061
0.013786
-0.006713
-0.033930
-0.042511
-0.036625
-0.031439
-0.027918
-0.022550
-0.018537
-0.012253
-0.011890
-0.018994
-0.019785
-0.005765
0.010188
0.029046
0.038071
0.029123
0.036130
0.075646
0.144485
0.228413
0.284271
0.279158
0.178049
0.004096
-0.155567
-0.231676
-0.205697
-0.118022
-0.015417
0.058257
0.083670
0.058421
0.002211
-0.061360
-0.106165
-0.115905
-0.099706
-0.060576
-0.008455
0.029627
0.036162
0.013914
-0.018134
-0.040681
-0.047875
-0.046326
-0.039880
-0.028747
-0.017017
-0.010161
-0.011672
-0.020098
-0.023445
-0.011934
0.004623
0.013350
0.015313
0.016858
0.020847
0.040525
0.077333
0.142787
0.226966
0.282819
0.271004
0.178659
0.009298
-0.147481
-0.214472
-0.192448
-0.117305
-0.026170
0.043426
0.066757
0.052663
0.009006
-0.052983
-0.101441
-0.111088
-0.100379
-0.066365
-0.017112
0.017230
0.024090
0.016464
-0.008144
-0.038021
-0.052770
-0.051506
-0.041210
-0.024833
-0.014467
-0.009955
-0.007646
-0.015865
-0.024554
-0.019640
-0.009779
0.004177
0.024993
0.027798
0.023728
0.040802
0.076137
0.138307
0.221883
0.273781
0.264955
0.177760
0.021544
-0.138910
-0.220423
-0.207106
-0.128570
-0.025477
0.051749
0.079247
0.060427
0.007827
-0.061258
-0.107847
-0.119164
-0.109899
-0.070412
-0.014135
0.022587
0.033926
0.016802
-0.020483
-0.047575
-0.050531
-0.046976
-0.041473
-0.031979
-0.021848
-0.016553
-0.014035
-0.019611
-0.023940
-0.015010
-0.001554
0.007778
0.019798
0.017494
0.010451
0.030413
0.080392
0.159355
0.246614
0.292172
0.272279
0.161650
-0.013305
-0.169490
-0.237513
-0.210541
-0.117952
-0.010269
0.060536
0.080056
0.055586
-0.006187
-0.079127
-0.119523
-0.119235
-0.099891
-0.059085
-0.007709
0.020828
0.024544
0.008997
-0.021346
-0.048043
-0.056474
-0.049317
-0.037690
-0.023387
-0.015556
-0.016912
-0.022586
-0.029324
-0.029929
-0.020013
-0.007069
0.005968
0.016824
0.020738
0.021366
0.036471
0.071086
0.137118
0.221641
0.273092
0.265848
0.183829
0.024817
-0.137498
-0.222836
-0.209084
-0.127566
-0.031146
0.036042
0.067319
0.056676
0.006349
-0.062725
-0.109831
-0.122343
-0.109901
-0.069455
-0.016246
0.015790
0.024043
0.014756
-0.016788
-0.045845
-0.054645
-0.051050
-0.040260
-0.027508
-0.021432
-0.020189
-0.019673
-0.021403
-0.021270
-0.013879
-0.003955
0.008132
0.024459
0.026451
0.023333
0.040180
0.088587
0.168518
0.248523
0.284429
0.257944
0.144847
-0.036579
-0.188863
-0.241586
-0.201765
-0.105937
0.002586
0.070440
0.086158
0.051482
-0.020543
-0.094211
-0.125832
-0.125536
-0.099873
-0.045694
0.006982
0.028044
0.026503
0.004917
-0.034268
-0.056934
-0.054780
-0.048183
-0.038110
-0.024005
-0.016572
-0.014413
-0.017491
-0.025652
-0.026411
-0.013266
0.001195
0.015330
0.025174
0.023044
0.026149
0.053930
0.115019
0.204849
0.275754
0.293623
0.240079
0.092653
-0.095434
-0.226145
-0.247598
-0.174956
-0.061892
0.035193
0.081980
0.078446
0.032355
-0.037491
-0.099468
-0.124135
-0.117389
-0.090009
-0.036611
0.012727
0.032867
0.027472
0.000023
-0.036165
-0.056318
-0.054914
-0.047351
-0.038895
-0.028639
-0.021050
-0.013225
-0.006759
-0.013326
-0.020242
-0.015848
-0.003056
0.019454
0.031044
0.020650
0.027996
0.070140
0.142506
0.228380
0.295788
0.304052
0.216255
0.033738
-0.157685
-0.259120
-0.239931
-0.140376
-0.023725
0.058623
0.091184
0.076485
0.016623
-0.061570
-0.119120
-0.133952
-0.118118
-0.071552
-0.009251
0.031232
0.039909
0.022945
-0.012930
-0.045039
-0.057104
-0.055633
-0.045374
-0.030614
-0.020855
-0.013956
-0.007917
-0.014368
-0.023053
-0.024150
-0.015836
-0.000929
0.021243
0.029404
0.022388
0.029736
0.068366
0.144938
0.242219
0.295565
0.291057
0.203911
0.027416
-0.148679
-0.244110
-0.236990
-0.146881
-0.019532
0.068231
0.093987
0.074044
0.013559
-0.064385
-0.113145
-0.124154
-0.113184
-0.072704
-0.013138
0.024601
0.036173
0.022171
-0.016301
-0.053044
-0.060235
-0.049862
-0.038678
-0.029812
-0.021412
-0.015102
-0.010655
-0.014014
-0.024126
-0.025655
-0.010894
0.009564
0.031945
0.041115
0.034069
0.045118
0.096199
0.184848
0.271608
0.312334
0.273739
0.128643
-0.073561
-0.224471
-0.260287
-0.187436
-0.069657
0.028875
0.076896
0.080027
0.042651
-0.020458
-0.084066
-0.120252
-0.123083
-0.098768
-0.042850
0.010492
0.034082
0.030263
0.008021
-0.018826
-0.041538
-0.055708
-0.055292
-0.042891
-0.028657
-0.017997
-0.011774
-0.011256
-0.013113
-0.009822
-0.009417
-0.009251
0.003637
0.020696
0.027390
0.033510
0.059136
0.116619
0.208768
0.287665
0.312052
0.257993
0.097659
-0.106203
-0.241882
-0.256214
-0.168835
-0.050571
0.042331
0.083568
0.082233
0.042670
-0.027271
-0.095893
-0.128763
-0.126802
-0.093111
-0.030736
0.021305
0.037196
0.027101
-0.000385
-0.036255
-0.053924
-0.051413
-0.046483
-0.039491
-0.024483
-0.018179
-0.013922
-0.008798
-0.012456
-0.017757
-0.009097
0.002781
0.017519
0.030902
0.032265
0.042895
0.087132
0.164529
0.249243
0.301589
0.290636
0.176131
-0.014721
-0.178287
-0.250717
-0.218859
-0.120022
-0.010171
0.066545
0.097362
0.073783
0.003960
-0.078099
-0.126321
-0.128409
-0.107099
-0.060925
-0.004511
0.032943
0.039470
0.020323
-0.013002
-0.044356
-0.059482
-0.056087
-0.044588
-0.031257
-0.019455
-0.012755
-0.011776
-0.016818
-0.015597
-0.008233
-0.001332
0.006595
0.020399
0.024191
0.024940
0.044585
0.090849
0.178379
0.270643
0.308852
0.279047
0.152486
-0.047820
-0.209528
-0.255709
-0.198249
-0.092025
0.015778
0.077623
0.085920
0.054355
-0.009459
-0.085156
-0.125359
-0.126734
-0.104594
-0.048072
0.008860
0.033154
0.029598
0.005165
-0.028888
-0.048741
-0.054572
-0.055236
-0.043459
-0.027062
-0.017267
-0.010991
-0.011638
-0.020731
-0.016705
-0.005774
0.000381
0.012246
0.025868
0.028797
0.040555
0.074395
0.142876
0.236052
0.306965
0.312010
0.213979
0.017523
-0.177596
-0.271553
-0.238958
-0.134420
-0.014634
0.069782
0.096118
0.074188
0.011765
-0.068131
-0.124780
-0.133297
-0.115679
-0.074670
-0.013351
0.030907
0.042651
0.026834
-0.011173
-0.047729
-0.060677
-0.057301
-0.050523
-0.040421
-0.026133
-0.011668
-0.005249
-0.011224
-0.022652
-0.019444
-0.004949
0.007928
0.018326
0.019228
0.017890
0.035532
0.087969
0.176528
0.264316
0.302199
0.280046
0.171923
-0.019644
-0.202802
-0.274572
-0.225003
-0.107029
0.016363
0.084465
0.087891
0.052387
-0.010446
-0.081040
-0.120873
-0.125560
-0.111384
-0.064338
-0.004406
0.031606
0.042009
0.023884
-0.023057
-0.062352
-0.070279
-0.056285
-0.036910
-0.027870
-0.026843
-0.019915
-0.006802
-0.007034
-0.021826
-0.027050
-0.016165
0.008094
0.031294
0.031202
0.025379
0.041254
0.093859
0.185309
0.273203
0.306454
0.276915
0.142171
-0.064700
-0.228335
-0.271830
-0.201708
-0.080500
0.030297
0.084940
0.084203
0.044211
-0.023658
-0.094770
-0.129273
-0.130088
-0.102184
-0.042653
0.013634
0.034173
0.026552
-0.000148
-0.035187
-0.055114
-0.056503
-0.051686
-0.042668
-0.030779
-0.022198
-0.016891
-0.012746
-0.015862
-0.017951
-0.007967
0.001047
0.013495
0.021182
0.010838
0.012645
0.051472
0.126426
0.223387
0.288953
0.298446
0.242833
0.090102
-0.102878
-0.236486
-0.259530
-0.182155
-0.057452
0.047355
0.092964
0.083398
0.029197
-0.045528
-0.106085
-0.127700
-0.123582
-0.091214
-0.034579
0.012359
0.037694
0.036562
0.004125
-0.037882
-0.060993
-0.063823
-0.050332
-0.032527
-0.021772
-0.017371
-0.013608
-0.015538
-0.017353
-0.014066
-0.010522
-0.004451
0.010807
0.018572
0.020637
0.036272
0.069229
0.130571
0.222345
0.285060
0.292452
0.234370
0.074120
-0.120898
-0.247013
-0.256714
-0.167331
-0.033418
0.061586
0.091698
0.078353
0.023586
-0.054626
-0.111222
-0.126606
-0.117006
-0.080086
-0.022908
0.017609
0.034692
0.030228
-0.003131
-0.043983
-0.059005
-0.057187
-0.048603
-0.032469
-0.023061
-0.022705
-0.014376
-0.008971
-0.013291
-0.013447
-0.010120
-0.004087
0.012610
0.024248
0.027456
0.040739
0.077441
0.146989
0.237416
0.288475
0.285890
0.205425
0.028227
-0.158463
-0.250618
-0.226300
-0.133838
-0.017814
0.065469
0.088690
0.066975
0.012060
-0.064653
-0.121616
-0.130262
-0.109174
-0.068644
-0.011132
0.026627
0.032221
0.014678
-0.013769
-0.044455
-0.060523
-0.059652
-0.046588
-0.031424
-0.015719
-0.011477
-0.016853
-0.020541
-0.018647
-0.010983
-0.002438
0.004587
0.012681
0.015855
0.019785
0.039172
0.080527
0.158258
0.248144
0.290182
0.283299
0.201530
0.023642
-0.164239
-0.259782
-0.240627
-0.136720
-0.005777
0.080264
0.098669
0.068989
0.003985
-0.072901
-0.118828
-0.121492
-0.107847
-0.070710
-0.009536
0.031513
0.038340
0.018854
-0.017986
-0.051057
-0.056926
-0.051259
-0.045260
-0.031887
-0.020223
-0.018254
-0.016285
-0.018166
-0.022636
-0.013758
0.002206
0.005700
0.011916
0.019243
0.015532
0.024355
0.068192
0.140107
0.228990
0.290415
0.292359
0.218438
0.053572
-0.132052
-0.245590
-0.240571
-0.150033
-0.031631
0.059392
0.090799
0.069108
0.015790
-0.056489
-0.111168
-0.123121
-0.109537
-0.076204
-0.023580
0.020707
0.034288
0.022852
-0.009825
-0.046189
-0.060508
-0.054655
-0.045386
-0.032678
-0.020613
-0.016014
-0.011563
-0.009885
-0.021075
-0.024971
-0.013891
-0.000900
0.011659
0.021110
0.018946
0.025988
0.054931
0.105595
0.184702
0.258545
0.272154
0.236693
0.123969
-0.057824
-0.205511
-0.243614
-0.182124
-0.077250
0.027759
0.080631
0.074901
0.030643
-0.030643
-0.092336
-0.119303
-0.114726
-0.091368
-0.044590
0.006882
0.030420
0.025405
-0.001180
-0.035567
-0.055349
-0.055407
-0.046923
-0.032322
-0.019329
-0.018171
-0.020545
-0.018993
-0.022228
-0.019821
-0.008647
-0.004153
0.005757
0.025973
0.030669
0.030405
0.045996
0.089985
0.169130
0.250575
0.277231
0.240514
0.124808
-0.045044
-0.182265
-0.231786
-0.187459
-0.086895
0.015146
0.072077
0.073564
0.031539
-0.029504
-0.084764
-0.110874
-0.108479
-0.087382
-0.044591
-0.000680
0.024963
0.024802
-0.002241
-0.034588
-0.051764
-0.052203
-0.042456
-0.028924
-0.025212
-0.023388
-0.016258
-0.014959
-0.022039
-0.023319
-0.014599
-0.001214
0.011146
0.021735
0.023101
0.021352
0.035206
0.068568
0.134216
0.214261
0.261080
0.259066
0.193188
0.032470
-0.138152
-0.226266
-0.215851
-0.133173
-0.025358
0.049460
0.075185
0.058446
0.007121
-0.057065
-0.100587
-0.112205
-0.105569
-0.072926
-0.023984
0.014703
0.032190
0.020106
-0.016827
-0.045630
-0.051440
-0.048126
-0.038724
-0.024708
-0.021404
-0.019343
-0.014760
-0.017239
-0.024871
-0.019130
-0.008043
0.005895
0.025895
0.028206
0.018921
0.025375
0.050682
0.102284
0.184704
0.248804
0.260358
0.219326
0.099988
-0.065889
-0.182626
-0.216270
-0.174604
-0.076623
0.024706
0.072393
0.071128
0.029743
-0.038875
-0.094587
-0.107624
-0.102815
-0.081818
-0.035759
0.002217
0.018348
0.018004
-0.002041
-0.032313
-0.046668
-0.046747
-0.040434
-0.026200
-0.016748
-0.020145
-0.022963
-0.023326
-0.025724
-0.018817
-0.002435
0.004837
0.013979
0.029241
0.029321
0.031450
0.049971
0.088437
0.160854
0.237112
0.261801
0.232631
0.126417
-0.035795
-0.168719
-0.219421
-0.182722
-0.093311
0.004505
0.063517
0.073869
0.042099
-0.019344
-0.083664
-0.109991
-0.101376
-0.082325
-0.046578
-0.007722
0.014640
0.025863
0.014428
-0.020714
-0.047853
-0.053309
-0.046209
-0.028610
-0.011941
-0.012829
-0.021581
-0.024392
-0.025277
-0.021927
-0.007890
0.001533
0.005214
0.016466
0.026502
0.022545
0.026702
0.049937
0.099208
0.179959
0.239725
0.241886
0.202038
0.104174
-0.040246
-0.151592
-0.196801
-0.173465
-0.089224
0.012709
0.066311
0.067737
0.030177
-0.031979
-0.081238
-0.091501
-0.092452
-0.079458
-0.041479
-0.008572
0.007019
0.011351
-0.003285
-0.028296
-0.038785
-0.039834
-0.036534
-0.024940
-0.016894
-0.019163
-0.018398
-0.019662
-0.021886
-0.015013
-0.002239
0.005714
0.013742
0.026409
0.030099
0.038471
0.063165
0.097209
0.156501
0.223250
0.249830
0.223262
0.121489
-0.041169
-0.166258
-0.210124
-0.179443
-0.089578
0.014453
0.067506
0.066598
0.030793
-0.030322
-0.085918
-0.101017
-0.096484
-0.084094
-0.042302
0.002665
0.021922
0.019994
-0.000959
-0.031208
-0.042091
-0.040407
-0.039093
-0.032877
-0.021618
-0.014752
-0.012770
-0.017058
-0.026406
-0.023831
-0.007287
0.005839
0.010241
0.015898
0.017417
0.018441
0.037439
0.068056
0.114450
0.184848
0.238583
0.238620
0.192491
0.080842
-0.066577
-0.170031
-0.200518
-0.161085
-0.068243
0.028123
0.071177
0.058958
0.013309
-0.045420
-0.085236
-0.091094
-0.091851
-0.078764
-0.038566
0.000661
0.015782
0.014707
-0.005906
-0.034185
-0.043555
-0.036135
-0.027866
-0.020770
-0.017836
-0.023410
-0.024083
-0.020036
-0.018525
-0.010284
0.001795
0.008532
0.016911
0.030139
0.030711
0.031294
0.048345
0.088823
0.163202
0.232474
0.252770
0.224534
0.119426
-0.042145
-0.165204
-0.208186
-0.181046
-0.093393
0.010489
0.066011
0.069164
0.036692
-0.026318
-0.084284
-0.101915
-0.103797
-0.087746
-0.039163
0.005535
0.023470
0.022896
0.000830
-0.029992
-0.044274
-0.044543
-0.040013
-0.023855
-0.011994
-0.013795
-0.016643
-0.017969
-0.023594
-0.020577
-0.005249
0.002795
0.010361
0.027090
0.031226
0.025210
0.038548
0.066545
0.121450
0.198937
0.242261
0.230576
0.178956
0.059243
-0.088639
-0.185957
-0.193448
-0.135760
-0.047219
0.031165
0.061989
0.050238
0.013023
-0.041374
-0.084677
-0.098300
-0.096444
-0.070324
-0.026873
0.009288
0.019292
0.009212
-0.015023
-0.035378
-0.038004
-0.034592
-0.031567
-0.022970
-0.017362
-0.017142
-0.015553
-0.019415
-0.024802
-0.014514
0.003209
0.011046
0.022809
0.033875
0.031917
0.037471
0.057691
0.099918
0.179433
0.248824
0.262180
0.209496
0.072521
-0.089687
-0.187143
-0.202043
-0.151829
-0.058241
0.027731
0.063011
0.059973
0.024595
-0.041023
-0.092173
-0.103486
-0.101932
-0.074999
-0.025065
0.005519
0.014356
0.015918
-0.004414
-0.032322
-0.038963
-0.038383
-0.039793
-0.028904
-0.019483
-0.018359
-0.011277
-0.009037
-0.018823
-0.020508
-0.007659
0.006965
0.016507
0.022904
0.022770
0.024688
0.046734
0.085835
0.146701
0.214500
0.248455
0.231451
0.144337
0.002000
-0.134004
-0.205968
-0.187172
-0.107216
-0.019137
0.043332
0.064800
0.042212
-0.004603
-0.056090
-0.093661
-0.110452
-0.098289
-0.056249
-0.010626
0.018417
0.024567
0.007425
-0.023001
-0.042416
-0.044997
-0.037646
-0.027377
-0.020779
-0.020887
-0.019110
-0.013608
-0.014179
-0.019556
-0.017253
-0.009900
0.002228
0.024639
0.035028
0.027173
0.030749
0.052290
0.094892
0.167269
0.223815
0.234995
0.202328
0.100395
-0.047295
-0.159403
-0.197255
-0.168628
-0.081295
0.012868
0.058259
0.056606
0.022462
-0.034622
-0.080711
-0.095129
-0.099029
-0.081431
-0.042835
-0.009021
0.014392
0.019245
-0.002703
-0.031120
-0.042753
-0.042249
-0.031967
-0.019203
-0.019172
-0.026466
-0.024570
-0.019453
-0.018175
-0.012670
-0.005487
-0.002796
0.011683
0.028818
0.028882
0.030840
0.044241
0.072668
0.135184
0.206723
0.240817
0.225688
0.146217
-0.000193
-0.126486
-0.190659
-0.184185
-0.117286
-0.023856
0.044568
0.063905
0.041759
-0.011745
-0.068999
-0.097438
-0.104784
-0.092790
-0.052669
-0.013867
0.012477
0.021048
0.006733
-0.019214
-0.033271
-0.042432
-0.042129
-0.030972
-0.020399
-0.016753
-0.012064
-0.017340
-0.027618
-0.025518
-0.010257
0.004567
0.017336
0.026626
0.022673
0.020318
0.032016
0.053659
0.099800
0.174601
0.231323
0.238976
0.198083
0.083898
-0.072632
-0.176930
-0.192739
-0.149108
-0.065766
0.019203
0.057785
0.052629
0.020065
-0.035732
-0.083575
-0.099397
-0.102477
-0.080138
-0.034698
0.002865
0.020765
0.021124
-0.004518
-0.034714
-0.043577
-0.037953
-0.029830
-0.023145
-0.023693
-0.023989
-0.016062
-0.013313
-0.017773
-0.015381
-0.003556
0.006730
0.018696
0.023369
0.021886
0.030331
0.048699
0.081395
0.143605
0.212105
0.242804
0.224503
0.137129
-0.006936
-0.135186
-0.193162
-0.176863
-0.101770
-0.013022
0.041089
0.054455
0.032962
-0.015838
-0.065996
-0.090624
-0.099696
-0.088304
-0.051318
-0.013352
0.008702
0.016236
-0.000785
-0.026313
-0.037434
-0.037460
-0.032850
-0.024161
-0.019647
-0.021731
-0.019861
-0.017917
-0.021504
-0.021524
-0.010319
0.002929
0.012895
0.024893
0.027610
0.023060
0.037059
0.069170
0.122063
0.194854
0.241199
0.234195
0.168028
0.039615
-0.101773
-0.183316
-0.185179
-0.127631
-0.039108
0.034077
0.059914
0.044594
-0.000969
-0.058855
-0.094717
-0.101257
-0.093706
-0.062608
-0.019342
0.007775
0.014280
0.007378
-0.014204
-0.033217
-0.037930
-0.037364
-0.032992
-0.022582
-0.019032
-0.021476
-0.020570
-0.018574
-0.016441
-0.005181
-0.000816
0.003094
0.017494
0.023835
0.025536
0.038085
0.059554
0.100892
0.172613
0.229938
0.240329
0.192575
0.075832
-0.066790
-0.159270
-0.178775
-0.141051
-0.064153
0.007549
0.040785
0.045449
0.021752
-0.031121
-0.078126
-0.097569
-0.104909
-0.082201
-0.034979
0.001628
0.014662
0.012092
-0.010257
-0.032628
-0.036051
-0.034076
-0.033914
-0.027909
-0.023056
-0.021425
-0.016046
-0.016726
-0.022054
-0.017974
-0.008474
0.005577
0.027424
0.032417
0.026214
0.029015
0.046425
0.088434
0.162296
0.226301
0.248462
0.213314
0.101132
-0.045866
-0.156947
-0.191812
-0.156961
-0.077771
0.006407
0.053574
0.053438
0.020317
-0.032844
-0.080532
-0.098867
-0.099637
-0.080933
-0.036935
0.000511
0.013911
0.011211
-0.007663
-0.029511
-0.037723
-0.037776
-0.034326
-0.026109
-0.017962
-0.017999
-0.019702
-0.021971
-0.025792
-0.019157
-0.002841
0.008866
0.020185
0.028412
0.023590
0.026513
0.050224
0.087774
0.151662
0.224041
0.257890
0.225974
0.120937
-0.028189
-0.152040
-0.201939
-0.171061
-0.090732
-0.002576
0.050607
0.056381
0.028341
-0.021398
-0.070727
-0.094715
-0.099996
-0.088005
-0.046462
-0.002159
0.019724
0.019165
-0.000753
-0.027859
-0.040665
-0.041530
-0.036735
-0.026963
-0.020144
-0.018982
-0.015069
-0.011698
-0.018725
-0.021661
-0.012378
-0.001982
0.012694
0.026532
0.021870
0.018934
0.033416
0.061035
0.112066
0.181829
0.230417
0.236977
0.186130
0.066274
-0.071777
-0.165270
-0.184962
-0.138795
-0.057974
0.013190
0.049537
0.045983
0.010548
-0.038422
-0.077654
-0.095986
-0.100841
-0.078906
-0.037272
0.001187
0.020913
0.015293
-0.008965
-0.034263
-0.042550
-0.036283
-0.027119
-0.023563
-0.024723
-0.022515
-0.014701
-0.017096
-0.020323
-0.019524
-0.007313
0.015151
0.027161
0.023503
0.019317
0.029503
0.058931
0.105583
0.162709
0.217928
0.244490
0.204606
0.087546
-0.046829
-0.142588
-0.176925
-0.150104
-0.078116
-0.003420
0.044898
0.056021
0.020386
-0.033838
-0.079042
-0.094541
-0.091238
-0.072918
-0.041303
-0.009421
0.013926
0.017893
-0.000633
-0.024188
-0.037245
-0.040987
-0.033480
-0.021403
-0.018556
-0.021926
-0.021069
-0.021919
-0.019594
-0.011482
-0.003314
0.007852
0.016097
0.015412
0.015677
0.028091
0.050847
0.084056
0.133985
0.196882
0.250345
0.250096
0.161586
0.011111
-0.123521
-0.193812
-0.176148
-0.099863
-0.021010
0.030721
0.054138
0.042480
-0.000423
-0.047937
-0.086553
-0.100845
-0.094435
-0.068698
-0.027396
0.008884
0.022245
0.009618
-0.015529
-0.030506
-0.032919
-0.029022
-0.029782
-0.035665
-0.031530
-0.016419
-0.008242
-0.015156
-0.022471
-0.020098
-0.003140
0.018289
0.026310
0.023170
0.022289
0.029275
0.051648
0.094600
0.156726
0.221514
0.258080
0.224297
0.112443
-0.036261
-0.154453
-0.192497
-0.151891
-0.079333
-0.007697
0.046244
0.056592
0.028511
-0.022232
-0.072072
-0.098734
-0.095850
-0.080150
-0.047832
-0.012397
0.009176
0.011773
0.002377
-0.017809
-0.032615
-0.036306
-0.035982
-0.030822
-0.023921
-0.023023
-0.019919
-0.016421
-0.017073
-0.013909
-0.009271
0.001553
0.013556
0.019492
0.023425
0.027460
0.041428
0.074332
0.130375
0.193204
0.245477
0.255097
0.175613
0.026300
-0.115361
-0.191288
-0.184905
-0.110609
-0.025576
0.025781
0.046135
0.039880
-0.000816
-0.050379
-0.086030
-0.099765
-0.094369
-0.070617
-0.033749
0.001817
0.022832
0.017885
-0.007463
-0.033679
-0.041994
-0.037087
-0.032556
-0.031158
-0.026956
-0.019103
-0.011559
-0.016039
-0.028826
-0.028051
-0.012648
0.012405
0.030004
0.024228
0.011581
0.017795
0.042375
0.078580
0.137241
0.205255
0.247238
0.234585
0.150987
0.006948
-0.127279
-0.190019
-0.168456
-0.099813
-0.024656
0.029648
0.048615
0.035568
-0.001399
-0.051535
-0.089919
-0.098757
-0.091374
-0.068686
-0.029198
0.002578
0.014049
0.009141
-0.011800
-0.035957
-0.043366
-0.038959
-0.034815
-0.029578
-0.027810
-0.024799
-0.017812
-0.016779
-0.016580
-0.012956
-0.005876
0.004465
0.014223
0.023688
0.035481
0.046853
0.064429
0.100178
0.160196
0.222587
0.251446
0.205417
0.077142
-0.072424
-0.167613
-0.185418
-0.135233
-0.053341
0.015284
0.045033
0.038461
0.003236
-0.045096
-0.078658
-0.088222
-0.081364
-0.071218
-0.049213
-0.019884
0.007191
0.016158
0.003633
-0.018178
-0.033691
-0.038816
-0.036568
-0.033964
-0.032037
-0.028476
-0.020705
-0.014191
-0.015220
-0.016082
-0.012512
-0.001406
0.011183
0.012368
0.009634
0.021037
0.044396
0.074684
0.119897
0.177296
0.223949
0.243127
0.190567
0.065219
-0.079572
-0.172623
-0.186261
-0.127390
-0.038099
0.027263
0.048626
0.037048
0.002991
