-0.046686
-0.041225
-0.036061
-0.053613
-0.049824
-0.062968
-0.058454
-0.059363
-0.047055
-0.065049
-0.071397
-0.123182
-0.125772
-0.106695
-0.063359
-0.021859
0.002312
0.018520
0.032725
0.042504
0.042620
0.071227
0.096020
0.146830
0.182349
0.172271
0.155663
0.141592
0.146664
0.113521
0.040639
-0.059308
-0.119354
-0.094484
-0.035460
0.057541
0.067016
0.045217
-0.035821
-0.082261
-0.108921
-0.088160
-0.059820
-0.028673
-0.032725
-0.046009
-0.078532
-0.084284
-0.077921
-0.065965
-0.054851
-0.072156
-0.074307
-0.099537
-0.135883
-0.101856
-0.105118
-0.080347
-0.047189
-0.023637
0.012675
0.053630
0.045514
0.041819
0.051241
0.074980
0.138404
0.169553
0.186436
0.177757
0.134989
0.143720
0.090235
0.002319
-0.058657
-0.132320
-0.094076
-0.031676
0.042080
0.059932
0.029314
-0.045321
-0.089580
-0.118179
-0.100710
-0.070619
-0.049605
-0.040765
-0.063367
-0.080470
-0.092692
-0.067868
-0.061213
-0.053251
-0.071191
-0.102073
-0.150068
-0.130699
-0.108188
-0.072630
-0.039795
-0.051156
-0.039806
-0.006741
0.012387
0.041744
0.053814
0.066213
0.102515
0.131722
0.146846
0.155438
0.135690
0.147516
0.168279
0.098732
0.019754
-0.078986
-0.146184
-0.096829
-0.026616
0.035191
0.068248
0.019114
-0.042607
-0.098814
-0.128557
-0.097246
-0.062797
-0.047850
-0.040701
-0.080792
-0.102503
-0.086692
-0.085650
-0.047211
-0.060502
-0.070409
-0.097075
-0.148718
-0.136742
-0.125972
-0.108371
-0.056352
-0.012213
-0.002946
0.029932
0.013665
0.024458
0.044818
0.086378
0.118769
0.153087
0.145997
0.138187
0.129501
0.141175
0.162379
0.093248
0.025264
-0.077383
-0.124989
-0.095775
-0.025170
0.017930
0.038855
0.002074
-0.047471
-0.087546
-0.100656
-0.081184
-0.064923
-0.057823
-0.074778
-0.103318
-0.105395
-0.077361
-0.060426
-0.041019
-0.064198
-0.100983
-0.141847
-0.142133
-0.109033
-0.079758
-0.047623
-0.048237
-0.038293
-0.020688
0.005821
0.024161
0.046171
0.068555
0.101939
0.140224
0.138700
0.140540
0.123614
0.118098
0.151120
0.144201
0.067703
-0.011417
-0.091184
-0.114991
-0.049515
-0.006068
0.038723
0.023663
-0.026427
-0.068743
-0.097060
-0.094487
-0.071465
-0.062174
-0.069186
-0.073215
-0.094331
-0.088480
-0.071182
-0.049771
-0.053414
-0.076917
-0.122443
-0.148480
-0.119844
-0.087503
-0.063544
-0.070963
-0.056247
-0.028366
0.015623
0.042270
0.046652
0.045208
0.069499
0.110871
0.137977
0.148730
0.140892
0.118897
0.122835
0.152681
0.129017
0.060779
-0.015095
-0.103685
-0.094707
-0.044704
0.007976
0.038997
0.011514
-0.040153
-0.074020
-0.098130
-0.082935
-0.065580
-0.072804
-0.082557
-0.090538
-0.104463
-0.066689
-0.054097
-0.042782
-0.056557
-0.092765
-0.152197
-0.114449
-0.098763
-0.059094
-0.044914
-0.061208
-0.044101
-0.005948
0.019303
0.052750
0.063879
0.079162
0.115257
0.144482
0.160914
0.162279
0.147604
0.129754
0.160561
0.104432
0.050725
-0.012369
-0.086995
-0.075513
-0.033721
0.000290
0.035776
0.029300
-0.028042
-0.054710
-0.100841
-0.094438
-0.077416
-0.071743
-0.068826
-0.060277
-0.074153
-0.050198
-0.050078
-0.039554
-0.061849
-0.089494
-0.131987
-0.122841
-0.100796
-0.064414
-0.041220
-0.045182
-0.035156
-0.011262
0.022163
0.050664
0.068467
0.076550
0.106968
0.137839
0.149459
0.161572
0.142315
0.131492
0.151486
0.152384
0.077570
0.022456
-0.082199
-0.095211
-0.053308
0.007821
0.044376
0.048538
-0.021573
-0.052592
-0.089404
-0.091424
-0.060644
-0.071476
-0.066447
-0.076057
-0.080577
-0.063329
-0.028733
-0.037092
-0.048207
-0.095036
-0.162776
-0.128059
-0.092731
-0.040229
-0.002061
-0.030919
-0.045871
-0.025812
-0.008550
0.038376
0.068192
0.089108
0.131965
0.144437
0.143159
0.148629
0.140939
0.144073
0.175674
0.151344
0.063787
0.001328
-0.090317
-0.078331
-0.030586
0.012855
0.022993
0.032125
-0.023919
-0.034483
-0.070252
-0.089497
-0.076762
-0.075166
-0.075202
-0.053856
-0.067989
-0.070394
-0.045401
-0.042331
-0.036010
-0.066460
-0.120679
-0.132178
-0.099399
-0.077701
-0.031054
-0.048947
-0.039112
-0.009748
0.016224
0.042824
0.058533
0.057881
0.094064
0.133065
0.149893
0.162945
0.155038
0.145054
0.163756
0.160380
0.080443
0.022371
-0.063748
-0.071797
-0.044657
0.004103
0.018606
0.028786
-0.001598
-0.035542
-0.051250
-0.082135
-0.065246
-0.075456
-0.072906
-0.074961
-0.065108
-0.062788
-0.023035
-0.030683
-0.041289
-0.078128
-0.131848
-0.133699
-0.083767
-0.052920
-0.009004
-0.024793
-0.038794
-0.021585
-0.002842
0.031911
0.069787
0.093591
0.135701
0.170875
0.157775
0.148972
0.139792
0.118354
0.182651
0.154693
0.085302
0.031773
-0.068918
-0.077312
-0.020845
-0.003442
0.031761
0.039484
-0.012034
-0.025935
-0.056907
-0.086657
-0.055227
-0.065618
-0.067763
-0.047541
-0.064725
-0.045438
-0.027925
-0.030695
-0.032471
-0.058930
-0.121397
-0.115550
-0.104942
-0.065444
-0.021536
-0.019769
-0.023859
-0.007817
0.004689
0.042577
0.070224
0.091897
0.118266
0.150545
0.153301
0.172903
0.166011
0.154920
0.176150
0.130992
0.067994
0.006197
-0.049851
-0.055463
-0.011424
0.015193
0.029671
0.044265
-0.006606
-0.030640
-0.061294
-0.082444
-0.061450
-0.043794
-0.049111
-0.039275
-0.055373
-0.040453
-0.030420
-0.030851
-0.043110
-0.062622
-0.099482
-0.099865
-0.081928
-0.066226
-0.037448
-0.028806
-0.024085
-0.007834
0.020757
0.050291
0.070298
0.083683
0.126120
0.147364
0.172667
0.179233
0.162020
0.141978
0.154841
0.146833
0.073302
0.028203
-0.060511
-0.061136
-0.020510
0.027083
0.061121
0.045798
-0.007698
-0.040789
-0.067937
-0.080711
-0.046886
-0.045197
-0.036175
-0.036548
-0.047563
-0.051920
-0.044619
-0.030494
-0.018584
-0.052508
-0.065757
-0.138092
-0.110893
-0.052765
-0.029930
-0.004911
-0.018822
-0.027756
0.024761
0.073084
0.092122
0.106811
0.105336
0.155933
0.184570
0.190602
0.199209
0.187443
0.160180
0.082086
0.015548
-0.078542
-0.067412
-0.035194
0.018474
0.055931
0.054105
0.021023
-0.019081
-0.056621
-0.071791
-0.063115
-0.062820
-0.037817
-0.040591
-0.023145
-0.024813
-0.023186
-0.035331
-0.043959
-0.042681
-0.057075
-0.076599
-0.110995
-0.110167
-0.089138
-0.044326
-0.005618
0.001665
0.002214
0.012183
0.030738
0.053805
0.081405
0.110747
0.155455
0.180090
0.190909
0.184749
0.167533
0.152900
0.097891
0.024833
-0.028742
-0.074465
-0.035255
0.014843
0.056453
0.061111
0.030393
-0.020578
-0.050386
-0.071018
-0.066539
-0.052873
-0.047382
-0.046939
-0.045397
-0.043333
-0.029766
-0.031276
-0.021705
-0.038789
-0.072316
-0.107840
-0.130865
-0.097678
-0.061747
-0.021084
-0.011176
-0.016916
0.000004
0.033691
0.059637
0.084318
0.096658
0.121094
0.151920
0.177437
0.181587
0.169539
0.170667
0.149933
0.072229
0.020387
-0.057439
-0.068654
-0.040919
-0.005228
0.031867
0.048353
0.016106
-0.008532
-0.054407
-0.080522
-0.075113
-0.053896
-0.044260
-0.038015
-0.038652
-0.052743
-0.025806
-0.033050
-0.017285
-0.035380
-0.076765
-0.112152
-0.126782
-0.103479
-0.056419
-0.022308
-0.023535
-0.026366
-0.014745
0.031802
0.070986
0.091440
0.106444
0.129543
0.156995
0.168546
0.171787
0.163770
0.170468
0.137585
0.053633
-0.013270
-0.101187
-0.077889
-0.021383
0.043666
0.064878
0.045983
-0.014295
-0.053287
-0.084445
-0.082351
-0.048283
-0.041775
-0.024541
-0.037614
-0.053173
-0.058440
-0.030032
-0.042193
-0.028445
-0.047453
-0.086561
-0.117063
-0.126501
-0.101081
-0.063623
-0.031530
-0.013299
-0.004991
0.008907
0.032126
0.042597
0.063657
0.096600
0.132407
0.184506
0.183913
0.192324
0.164682
0.160033
0.082875
0.026202
-0.057200
-0.110516
-0.072203
-0.014452
0.049210
0.073151
0.043109
-0.027972
-0.064742
-0.103314
-0.079871
-0.057017
-0.032509
-0.027534
-0.047166
-0.058335
-0.045212
-0.032460
-0.031877
-0.044418
-0.065899
-0.083664
-0.096018
-0.145904
-0.120694
-0.092655
-0.055369
-0.007349
0.000214
0.009938
0.043212
0.055001
0.057191
0.086683
0.113088
0.175448
0.198731
0.194472
0.172485
0.140820
0.049926
0.020307
-0.074577
-0.088396
-0.062085
-0.018069
0.023854
0.062484
0.019720
-0.017289
-0.063903
-0.106534
-0.075391
-0.070592
-0.041924
-0.037900
-0.055553
-0.052437
-0.047463
-0.049626
-0.043715
-0.054007
-0.069152
-0.087282
-0.121016
-0.133488
-0.113605
-0.082885
-0.038423
-0.022436
-0.006257
0.008270
0.026773
0.043112
0.068519
0.093303
0.145693
0.181876
0.194764
0.176145
0.141643
0.103679
0.029634
-0.004277
-0.078099
-0.081667
-0.049906
0.000527
0.035521
0.045840
0.002469
-0.049605
-0.085069
-0.115922
-0.092419
-0.062829
-0.038751
-0.027963
-0.043577
-0.057131
-0.066844
-0.043915
-0.056877
-0.049197
-0.086547
-0.129528
-0.153132
-0.139333
-0.090621
-0.045124
-0.022076
-0.024090
-0.021462
-0.011335
0.023598
0.050321
0.078228
0.110452
0.149143
0.168451
0.183441
0.161151
0.164982
0.099189
0.014819
-0.044331
-0.108381
-0.077557
-0.015318
0.017131
0.034043
0.027293
-0.033272
-0.055056
-0.090699
-0.096013
-0.078957
-0.075885
-0.056998
-0.052624
-0.048840
-0.046953
-0.058803
-0.064419
-0.078409
-0.081857
-0.090729
-0.105200
-0.135685
-0.123790
-0.105359
-0.066077
-0.038671
-0.027157
-0.011372
0.007027
0.033765
0.055378
0.081576
0.112772
0.152059
0.160612
0.163814
0.146907
0.147295
0.093264
0.038621
-0.042496
-0.098414
-0.089732
-0.043143
0.010326
0.043584
0.033356
-0.026287
-0.072793
-0.118238
-0.102450
-0.077977
-0.045800
-0.043014
-0.043132
-0.062085
-0.057886
-0.064378
-0.066092
-0.072071
-0.086707
-0.121564
-0.150095
-0.131483
-0.095646
-0.046149
-0.026152
-0.036718
-0.047040
-0.025783
0.007849
0.047235
0.082348
0.102946
0.141162
0.164100
0.178338
0.168074
0.165051
0.140267
0.069165
-0.001106
-0.073926
-0.100705
-0.052625
-0.002350
0.041965
0.036938
0.007736
-0.039026
-0.075185
-0.094805
-0.086099
-0.075810
-0.051330
-0.043267
-0.046015
-0.043830
-0.057954
-0.057408
-0.069039
-0.070094
-0.099898
-0.128312
-0.125068
-0.108853
-0.081214
-0.057804
-0.051600
-0.030926
-0.001265
0.029553
0.051111
0.062263
0.089925
0.127399
0.147867
0.170245
0.170646
0.160847
0.176080
0.128340
0.062280
0.004520
-0.081506
-0.069665
-0.035233
0.012335
0.055785
0.047223
0.000023
-0.043364
-0.089356
-0.089267
-0.063626
-0.051640
-0.020482
-0.036890
-0.050276
-0.062372
-0.057299
-0.051877
-0.037017
-0.066254
-0.109057
-0.138045
-0.135021
-0.093228
-0.045357
-0.025121
-0.015856
-0.002960
-0.001271
0.027333
0.047335
0.074807
0.111637
0.142961
0.179261
0.181277
0.174385
0.153802
0.176644
0.132031
0.070593
0.018008
-0.069447
-0.060293
-0.033911
0.011274
0.043412
0.048027
0.000972
-0.024544
-0.077939
-0.073969
-0.065003
-0.052311
-0.048789
-0.041674
-0.060980
-0.044783
-0.036885
-0.037723
-0.034320
-0.052638
-0.106695
-0.158015
-0.109746
-0.108673
-0.041458
-0.011118
-0.015119
-0.008082
0.020973
0.027020
0.078258
0.097074
0.137984
0.158090
0.159162
0.164523
0.165133
0.169892
0.196326
0.119824
0.061649
-0.023295
-0.070529
-0.058283
-0.012765
0.022652
0.058316
0.041208
0.003016
-0.028294
-0.090977
-0.071586
-0.071921
-0.042460
-0.048921
-0.039768
-0.059424
-0.037888
-0.043589
-0.034922
-0.053917
-0.105050
-0.124251
-0.134951
-0.112438
-0.058030
-0.028561
-0.008359
-0.002050
-0.002559
0.017825
0.041395
0.072322
0.109155
0.145870
0.158208
0.168631
0.155941
0.151879
0.166599
0.164116
0.107218
0.051699
-0.031937
-0.054652
-0.047386
-0.000517
0.038302
0.046697
0.013346
-0.028278
-0.083100
-0.077402
-0.059055
-0.040598
-0.026818
-0.052498
-0.064625
-0.071598
-0.059923
-0.037725
-0.023628
-0.070545
-0.116312
-0.152004
-0.138954
-0.092693
-0.034899
-0.006803
0.011451
0.001280
0.001672
0.013858
0.032579
0.077729
0.120111
0.155804
0.169730
0.166456
0.161741
0.153209
0.168877
0.170654
0.084963
0.028983
-0.050294
-0.080781
-0.038770
-0.003195
0.035348
0.045160
0.007562
-0.034923
-0.052515
-0.085628
-0.065413
-0.067663
-0.073033
-0.056076
-0.056133
-0.051434
-0.025052
-0.040956
-0.044853
-0.100826
-0.140725
-0.143692
-0.124715
-0.068862
-0.017235
-0.012735
-0.007238
-0.014236
-0.014172
0.026383
0.061483
0.098555
0.136685
0.148060
0.160002
0.165277
0.140117
0.141099
0.162445
0.155258
0.097228
0.037727
-0.050988
-0.079699
-0.053738
-0.017670
0.026689
0.052719
0.017937
-0.024683
-0.070813
-0.100829
-0.085020
-0.069711
-0.066867
-0.051291
-0.067623
-0.058978
-0.051942
-0.047095
-0.059674
-0.105455
-0.149065
-0.131692
-0.095482
-0.042323
-0.018655
-0.028962
-0.042068
-0.021930
0.013928
0.069254
0.105569
0.120687
0.128865
0.127947
0.130084
0.138859
0.138879
0.162676
0.182355
0.157393
0.059478
0.009790
-0.086751
-0.073969
-0.048669
0.006733
0.028258
0.038384
0.001359
-0.035245
-0.073373
-0.099156
-0.082056
-0.087411
-0.055663
-0.057160
-0.045591
-0.058151
-0.036958
-0.069226
-0.104045
-0.141196
-0.153066
-0.120157
-0.052630
-0.016237
-0.008824
-0.016526
-0.037447
-0.020312
0.011096
0.048944
0.091401
0.131825
0.157126
0.176216
0.170265
0.140883
0.158506
0.154653
0.181443
0.106917
0.024607
-0.070900
-0.087069
-0.068142
0.011297
0.038131
0.051404
0.016101
-0.035232
-0.071133
-0.093715
-0.087406
-0.074166
-0.068322
-0.060749
-0.046806
-0.058982
-0.039460
-0.026913
-0.042832
-0.085742
-0.151507
-0.161800
-0.117621
-0.064648
-0.000938
-0.003635
-0.023220
-0.029767
-0.009588
0.025077
0.072493
0.101039
0.130001
0.137231
0.143682
0.140834
0.144554
0.145367
0.173637
0.184379
0.112793
0.053432
-0.036886
-0.085181
-0.054414
-0.030061
0.001853
0.028988
0.016303
-0.001933
-0.029101
-0.072227
-0.082791
-0.084982
-0.083938
-0.052723
-0.054204
-0.051798
-0.039581
-0.040759
-0.066883
-0.098154
-0.143983
-0.136011
-0.084238
-0.039217
0.000416
-0.022072
-0.039032
-0.036459
0.002056
0.052518
0.099050
0.120246
0.139935
0.160605
0.158331
0.147805
0.147964
0.145119
0.189438
0.156112
0.084734
0.006698
-0.080354
-0.080911
-0.034383
0.005256
0.039849
0.035474
-0.012730
-0.027633
-0.064543
-0.072691
-0.073084
-0.068672
-0.076066
-0.054679
-0.051798
-0.030783
-0.021751
-0.029564
-0.064178
-0.133110
-0.170140
-0.134963
-0.076432
-0.006989
0.010545
-0.028030
-0.048804
-0.039912
0.010225
0.078570
0.122686
0.141087
0.139096
0.117911
0.119759
0.131082
0.147387
0.176015
0.196108
0.138917
0.065044
-0.005667
-0.078021
-0.061573
-0.035631
-0.008720
0.025678
0.040823
0.008010
-0.014013
-0.078239
-0.087598
-0.084069
-0.068620
-0.046791
-0.038005
-0.050176
-0.040817
-0.045034
-0.039085
-0.071428
-0.121809
-0.140414
-0.129914
-0.064492
-0.026992
-0.009769
-0.030125
-0.027358
-0.025639
0.025841
0.058085
0.106017
0.116636
0.130807
0.129203
0.149492
0.152646
0.171824
0.160087
0.186424
0.121395
0.037707
-0.035495
-0.103666
-0.074433
-0.034017
0.010354
0.043585
0.045162
0.000397
-0.029706
-0.092946
-0.102254
-0.089621
-0.073766
-0.059434
-0.032777
-0.045762
-0.028530
-0.035742
-0.038447
-0.078556
-0.112474
-0.153038
-0.138028
-0.091586
-0.037288
-0.006487
-0.005305
-0.014856
-0.016090
0.016082
0.053303
0.102797
0.121358
0.144709
0.139925
0.134923
0.129322
0.137234
0.150470
0.183365
0.138093
0.048408
-0.032999
-0.134219
-0.096223
-0.043537
0.027644
0.053156
0.034971
-0.033200
-0.058757
-0.097587
-0.068219
-0.059276
-0.055536
-0.068571
-0.072136
-0.066865
-0.041763
-0.022860
-0.021867
-0.047427
-0.120865
-0.167213
-0.162299
-0.103889
-0.031332
0.008869
-0.014476
-0.030511
-0.037356
-0.001679
0.045070
0.087575
0.109885
0.131013
0.132929
0.135328
0.140156
0.132326
0.148558
0.157794
0.134367
0.046175
-0.019453
-0.109913
-0.094130
-0.049033
-0.002150
0.042956
0.036813
-0.012711
-0.048812
-0.086772
-0.098013
-0.079095
-0.075873
-0.064078
-0.055022
-0.064165
-0.036657
-0.027961
-0.036778
-0.065825
-0.131987
-0.173583
-0.155885
-0.099670
-0.025820
0.004765
-0.007137
-0.036924
-0.044237
-0.023644
0.039630
0.099994
0.135459
0.143333
0.132036
0.119007
0.129555
0.131988
0.157445
0.186901
0.125247
0.023694
-0.058686
-0.134831
-0.094646
-0.041507
0.005703
0.042085
0.017517
-0.024627
-0.051731
-0.089885
-0.086936
-0.075099
-0.076759
-0.058494
-0.065894
-0.057271
-0.039132
-0.034232
-0.033354
-0.033775
-0.090133
-0.137690
-0.182821
-0.157902
-0.089881
-0.033166
0.001798
-0.002155
-0.018823
-0.015293
0.011804
0.040596
0.093844
0.119812
0.151986
0.144283
0.131914
0.133491
0.136706
0.156001
0.173841
0.049819
-0.021645
-0.106202
-0.128254
-0.064591
0.002536
0.025297
0.034629
-0.009226
-0.056291
-0.063746
-0.086567
-0.067198
-0.061185
-0.078756
-0.079380
-0.073468
-0.057512
-0.012423
-0.009016
-0.035022
-0.067076
-0.133181
-0.153897
-0.150404
-0.109728
-0.051786
-0.020096
-0.018963
-0.022806
-0.033507
-0.010388
0.037722
0.082933
0.123287
0.146101
0.152785
0.143573
0.140806
0.133219
0.147134
0.177877
0.096159
0.005363
-0.091709
-0.153199
-0.078231
0.000366
0.059426
0.067054
0.008521
-0.058197
-0.075279
-0.102555
-0.069486
-0.055183
-0.060624
-0.069311
-0.067612
-0.063157
-0.014557
-0.012042
-0.018331
-0.042973
-0.112193
-0.152796
-0.160100
-0.152403
-0.066589
-0.022840
-0.003959
-0.005708
-0.011404
-0.004988
0.036542
0.072666
0.107624
0.135319
0.145860
0.150127
0.143211
0.142669
0.152812
0.171506
0.143416
0.032231
-0.058071
-0.141930
-0.121615
-0.035398
0.028809
0.067189
0.038379
-0.023124
-0.061882
-0.087604
-0.086451
-0.058994
-0.052921
-0.048143
-0.061618
-0.053216
-0.043702
-0.014083
-0.018675
-0.028583
-0.077982
-0.114688
-0.174751
-0.170474
-0.106761
-0.057786
0.011264
0.005724
-0.000630
-0.005508
0.019366
0.057670
0.115755
0.134133
0.174420
0.168840
0.162277
0.164125
0.161167
0.197063
0.134124
0.018949
-0.090963
-0.173067
-0.133710
-0.017108
0.054253
0.093892
0.049549
-0.041423
-0.078493
-0.102029
-0.088211
-0.041076
-0.036173
-0.039364
-0.041169
-0.067156
-0.044803
-0.025966
-0.026746
-0.029045
-0.056070
-0.124889
-0.153946
-0.181228
-0.132238
-0.069644
-0.014684
0.007421
0.014243
-0.007206
0.002616
0.021591
0.061645
0.110949
0.147343
0.168379
0.175619
0.157170
0.153176
0.157745
0.168162
0.106093
-0.007898
-0.104445
-0.173480
-0.093734
-0.012939
0.069594
0.080825
0.030445
-0.047195
-0.086504
-0.092375
-0.063175
-0.035546
-0.034421
-0.036249
-0.065845
-0.067917
-0.045475
-0.030920
-0.025038
-0.029054
-0.094754
-0.154769
-0.179805
-0.154824
-0.081093
-0.018258
0.000594
-0.008009
-0.029876
-0.022870
0.019984
0.071426
0.121438
0.147821
0.157504
0.165774
0.165213
0.158771
0.167940
0.180362
0.128454
-0.000882
-0.105654
-0.177875
-0.122892
-0.024088
0.081050
0.084705
0.056257
-0.048244
-0.075554
-0.112759
-0.079630
-0.061507
-0.038429
-0.028500
-0.027042
-0.045668
-0.048816
-0.043520
-0.040523
-0.047603
-0.071980
-0.133117
-0.182460
-0.165393
-0.123791
-0.059385
-0.005772
-0.001876
-0.009623
-0.010103
-0.004452
0.031269
0.085719
0.122024
0.169794
0.173974
0.170552
0.170526
0.168422
0.180306
0.171991
0.050196
-0.069580
-0.151844
-0.154380
-0.064059
0.044060
0.064394
0.066903
0.003325
-0.051310
-0.079260
-0.079129
-0.079533
-0.045909
-0.049775
-0.036291
-0.028755
-0.038805
-0.028426
-0.031610
-0.062140
-0.079382
-0.119016
-0.163332
-0.158459
-0.122443
-0.082031
-0.028717
-0.013684
-0.009094
-0.007625
-0.001586
0.023947
0.076472
0.117784
0.164814
0.180894
0.185218
0.165212
0.170967
0.166517
0.189949
0.113396
-0.013936
-0.127954
-0.170857
-0.113333
0.010214
0.087266
0.089543
0.045815
-0.049772
-0.076317
-0.093130
-0.067848
-0.045580
-0.028378
-0.045133
-0.019186
-0.033054
-0.018155
-0.020407
-0.032942
-0.062445
-0.098071
-0.163281
-0.153937
-0.139276
-0.082665
-0.035656
-0.017247
-0.033174
-0.028768
-0.019115
0.018682
0.076455
0.133433
0.153152
0.160610
0.152199
0.148010
0.160079
0.177839
0.194445
0.212058
0.123032
-0.012458
-0.120525
-0.173977
-0.101847
0.008634
0.084080
0.088021
0.047257
-0.035683
-0.070084
-0.080198
-0.063092
-0.037697
-0.030535
-0.032549
-0.034116
-0.047197
-0.035001
-0.014467
-0.033589
-0.051922
-0.109012
-0.162656
-0.137967
-0.102564
-0.050397
-0.011437
-0.019818
-0.023100
-0.011950
0.003301
0.056446
0.113208
0.139210
0.167737
0.176174
0.169415
0.181233
0.176804
0.180646
0.211180
0.152361
0.022505
-0.071089
-0.169366
-0.103259
-0.026712
0.079509
0.091989
0.071000
-0.017273
-0.049988
-0.095110
-0.065099
-0.037339
-0.036193
-0.016287
-0.022522
-0.031926
-0.026001
-0.010941
-0.030962
-0.042188
-0.104267
-0.157303
-0.151363
-0.121504
-0.056673
-0.017196
-0.010188
-0.019549
-0.023639
-0.024806
0.024470
0.078925
0.142287
0.173863
0.190095
0.172249
0.178013
0.166516
0.183917
0.201499
0.202613
0.085374
-0.012013
-0.132675
-0.142385
-0.053067
0.029585
0.094935
0.083011
0.019539
-0.039046
-0.067422
-0.079555
-0.048215
-0.044704
-0.032486
-0.024081
-0.020242
-0.028897
-0.010850
-0.029545
-0.041319
-0.078997
-0.138964
-0.153366
-0.126227
-0.084220
-0.033697
-0.021691
-0.027425
-0.020670
-0.014584
0.021351
0.072855
0.125421
0.152509
0.161221
0.160660
0.172964
0.180006
0.204727
0.207936
0.237048
0.152168
0.012344
-0.100244
-0.185708
-0.118461
-0.007777
0.085433
0.108227
0.074912
-0.025862
-0.056153
-0.099474
-0.066160
-0.050748
-0.029034
-0.029781
-0.010375
-0.040961
-0.022620
-0.023057
-0.040698
-0.051258
-0.093741
-0.166484
-0.164847
-0.113992
-0.070995
-0.001157
-0.010194
-0.027255
-0.032182
-0.014260
0.038808
0.119756
0.158788
0.171176
0.169150
0.149462
0.176532
0.185670
0.200627
0.222677
0.205322
0.052147
-0.037049
-0.154688
-0.135846
-0.039313
0.045623
0.070519
0.067944
0.005321
-0.031667
-0.050073
-0.069662
-0.060801
-0.056438
-0.053473
-0.023646
-0.019153
-0.020151
-0.011437
-0.032560
-0.045420
-0.085585
-0.144699
-0.144315
-0.129570
-0.081436
-0.037324
-0.023474
-0.021790
-0.015097
-0.010297
0.013965
0.060634
0.112218
0.150792
0.166038
0.162620
0.157800
0.160693
0.168852
0.178459
0.208561
0.198213
0.053818
-0.053869
-0.168962
-0.139787
-0.057847
0.056910
0.081561
0.073655
-0.017247
-0.056315
-0.101636
-0.079060
-0.043703
-0.038119
-0.034231
-0.045591
-0.064820
-0.059474
-0.037555
-0.048271
-0.032730
-0.107749
-0.137314
-0.152587
-0.121342
-0.063780
-0.022327
-0.029418
-0.027911
-0.038703
-0.018000
0.043387
0.092883
0.138803
0.157651
0.160262
0.156439
0.165731
0.160798
0.176929
0.176838
0.189101
0.086852
-0.025484
-0.119833
-0.156357
-0.082112
-0.003683
0.060104
0.043213
0.013393
-0.057240
-0.078476
-0.089459
-0.062279
-0.059019
-0.047113
-0.060476
-0.061517
-0.069284
-0.034550
-0.049156
-0.047772
-0.095599
-0.153006
-0.165595
-0.145121
-0.093606
-0.042828
-0.034019
-0.040025
-0.043608
-0.037228
0.011731
0.064109
0.101211
0.128335
0.137697
0.139550
0.155615
0.157075
0.155360
0.169923
0.179732
0.172695
0.036215
-0.065191
-0.180556
-0.166287
-0.077136
0.024693
0.060004
0.058210
-0.010428
-0.080732
-0.099314
-0.110370
-0.071565
-0.063873
-0.056607
-0.063846
-0.071659
-0.055786
-0.041796
-0.055305
-0.082758
-0.151381
-0.164233
-0.155144
-0.100266
-0.049513
-0.036101
-0.055016
-0.064517
-0.062482
-0.018291
0.047541
0.101110
0.129607
0.140599
0.141360
0.136510
0.151752
0.148759
0.161073
0.173845
0.191281
0.093546
-0.034980
-0.131520
-0.188461
-0.112328
-0.010775
0.067076
0.052259
0.012064
-0.083799
-0.100833
-0.111361
-0.071947
-0.059469
-0.051961
-0.064877
-0.078221
-0.079358
-0.060858
-0.064250
-0.060236
-0.115699
-0.155543
-0.166727
-0.142987
-0.080979
-0.044273
-0.047259
-0.061374
-0.064670
-0.044586
0.021447
0.075766
0.114361
0.121136
0.120413
0.126046
0.149595
0.168783
0.180249
0.177625
0.186654
0.131733
0.001221
-0.098641
-0.188710
-0.155538
-0.064624
0.026986
0.051875
0.044544
-0.042081
-0.070594
-0.109845
-0.096487
-0.079927
-0.080133
-0.072028
-0.074577
-0.079328
-0.049329
-0.056187
-0.059589
-0.085250
-0.158220
-0.157225
-0.149940
-0.106463
-0.059282
-0.053233
-0.066846
-0.054821
-0.051424
-0.004194
0.051799
0.089720
0.121260
0.130987
0.132020
0.144970
0.150881
0.148431
0.160272
0.167190
0.197592
0.066681
-0.038995
-0.166515
-0.186065
-0.111013
0.004834
0.058869
0.052363
-0.004831
-0.077188
-0.093837
-0.122019
-0.081889
-0.064486
-0.051616
-0.054669
-0.052123
-0.084561
-0.056779
-0.075541
-0.065503
-0.103816
-0.146472
-0.162604
-0.134386
-0.093176
-0.047834
-0.048979
-0.074656
-0.068092
-0.044095
0.018080
0.083250
0.115824
0.118936
0.122820
0.115956
0.133364
0.151784
0.154473
0.172848
0.181564
0.181037
0.076242
-0.052481
-0.159171
-0.177405
-0.108737
0.000704
0.056956
0.046824
0.010528
-0.070521
-0.095044
-0.101904
-0.075233
-0.055382
-0.038768
-0.071161
-0.070628
-0.077829
-0.037974
-0.033927
-0.051600
-0.108518
-0.170969
-0.166019
-0.129083
-0.061722
-0.028894
-0.026381
-0.053491
-0.059675
-0.044471
0.012248
0.075188
0.125880
0.142777
0.148434
0.141000
0.155112
0.164721
0.177299
0.189751
0.204666
0.170166
0.015757
-0.076657
-0.199208
-0.139212
-0.046521
0.049943
0.084234
0.052300
-0.028907
-0.066000
-0.099273
-0.084740
-0.055751
-0.052228
-0.042569
-0.040777
-0.054810
-0.040402
-0.023411
-0.042650
-0.050882
-0.092205
-0.115002
-0.154597
-0.126564
-0.092668
-0.062639
-0.037285
-0.028039
-0.020655
0.007487
0.037758
0.072937
0.107927
0.126109
0.155252
0.154665
0.165775
0.179666
0.170769
0.191325
0.193233
0.189327
0.060657
-0.044902
-0.146074
-0.136461
-0.053407
0.039520
0.065554
0.062424
-0.006005
-0.043544
-0.058705
-0.059596
-0.038969
-0.038141
-0.047640
-0.046255
-0.045519
-0.048317
-0.002343
-0.016513
-0.025737
-0.065754
-0.137017
-0.142287
-0.115931
-0.084132
-0.029988
-0.028662
-0.034601
-0.017290
-0.001637
0.034722
0.085348
0.108376
0.139406
0.152085
0.160771
0.180295
0.190379
0.180676
0.198226
0.189391
0.196229
0.074265
-0.038413
-0.145916
-0.153188
-0.076082
0.034530
0.085285
0.086309
0.028686
-0.030320
-0.054445
-0.071279
-0.046992
-0.046716
-0.032598
-0.042830
-0.034358
-0.040482
-0.011092
-0.003484
-0.013923
-0.055298
-0.091047
-0.151925
-0.122491
-0.105873
-0.056532
-0.025816
-0.013693
-0.019871
0.001681
0.011997
0.048371
0.094815
0.134340
0.155187
0.170183
0.168855
0.180058
0.186678
0.195687
0.206676
0.211159
0.086719
-0.026928
-0.140377
-0.165781
-0.074652
0.010723
0.074552
0.081548
0.036546
-0.015847
-0.041458
-0.071736
-0.055728
-0.045195
-0.045865
-0.032906
-0.028425
-0.033655
-0.013008
-0.012561
-0.025418
-0.034426
-0.056162
-0.101219
-0.136148
-0.144852
-0.120715
-0.072249
-0.023287
0.014641
0.020430
0.015301
0.014544
0.028285
0.077464
0.133778
0.153469
0.169146
0.153359
0.156598
0.175333
0.186296
0.200794
0.177184
0.038493
-0.062966
-0.165698
-0.148649
-0.058237
0.039366
0.071884
0.077739
0.003445
-0.040656
-0.062364
-0.068231
-0.047077
-0.037313
-0.050066
-0.047659
-0.042739
-0.042756
-0.013876
-0.018935
-0.028146
-0.040901
-0.068568
-0.125703
-0.132742
-0.141270
-0.097598
-0.055213
-0.027958
-0.014440
0.000324
-0.001716
0.023558
0.044222
0.091121
0.134225
0.145744
0.152652
0.154695
0.151870
0.178892
0.181449
0.192633
0.135435
0.004748
-0.100506
-0.169207
-0.121205
-0.028532
0.053301
0.067298
0.044617
-0.020759
-0.044059
-0.061543
-0.051368
-0.045077
-0.043456
-0.055937
-0.047835
-0.044934
-0.025731
-0.020607
-0.018592
-0.041320
-0.057486
-0.066810
-0.070117
-0.121399
-0.153738
-0.144141
-0.116041
-0.039012
0.012742
0.021517
0.014338
-0.000467
0.000953
0.047673
0.102845
0.141346
0.167453
0.160101
0.163374
0.164515
0.163519
0.177548
0.141917
0.013076
-0.074282
-0.168500
-0.133065
-0.051759
0.038700
0.065641
0.058715
-0.002872
-0.041417
-0.064300
-0.074469
-0.056244
-0.060373
-0.056778
-0.045943
-0.036669
-0.025487
-0.024584
-0.034773
-0.050395
-0.064336
-0.067428
-0.061670
-0.099456
-0.148108
-0.149660
-0.132535
-0.060660
0.003678
0.028190
0.020176
0.005103
-0.014605
0.021548
0.074638
0.124188
0.152950
0.156822
0.147392
0.147440
0.158606
0.159121
0.159847
0.067945
-0.054051
-0.145200
-0.169362
-0.079698
0.014344
0.072386
0.053962
0.007087
-0.045105
-0.051167
-0.057031
-0.053120
-0.049754
-0.064241
-0.060865
-0.047988
-0.033785
-0.027529
-0.040629
-0.059675
-0.067143
-0.067905
-0.049303
-0.065163
-0.105331
-0.155264
-0.155294
-0.108690
-0.039419
0.016670
0.028795
0.010663
-0.001952
0.013775
0.064078
0.124653
0.150980
0.161242
0.144381
0.137080
0.150675
0.163583
0.175702
0.079532
-0.031351
-0.142559
-0.172848
-0.092927
0.010418
0.075833
0.072739
0.010381
-0.046377
-0.069542
-0.067537
-0.038187
-0.045448
-0.053234
-0.059171
-0.049690
-0.023692
0.002019
-0.022694
-0.050736
-0.090936
-0.097800
-0.068678
-0.046955
-0.046364
-0.108719
-0.159465
-0.138760
-0.085956
0.003068
0.050097
0.032764
0.010252
-0.010407
0.013246
0.085742
0.137860
0.174531
0.181010
0.150683
0.145633
0.139565
0.156470
0.126351
0.011801
-0.092162
-0.165928
-0.128631
-0.016207
0.077839
0.094897
0.057978
-0.029321
-0.056337
-0.074292
-0.047521
-0.034121
-0.036662
-0.055297
-0.038541
-0.036045
-0.001920
-0.018105
-0.036822
-0.072226
-0.079321
-0.070201
-0.038441
-0.039320
-0.070733
-0.139445
-0.140338
-0.097011
-0.019327
0.039329
0.044425
0.011944
0.004191
0.019213
0.078813
0.132883
0.164734
0.182666
0.156935
0.139762
0.146220
0.148775
0.153028
0.052830
-0.051471
-0.136381
-0.127947
-0.046762
0.056269
0.083650
0.066162
0.002415
-0.044711
-0.054807
-0.043312
-0.028945
-0.030557
-0.045823
-0.049891
-0.023140
0.000935
0.018905
-0.012045
-0.053399
-0.085955
-0.088739
-0.064146
-0.035147
-0.025452
-0.069807
-0.124201
-0.122074
-0.083613
-0.008266
0.046714
0.041690
0.017822
0.013134
0.040012
0.108623
0.160263
0.184872
0.184531
0.151475
0.151602
0.146216
0.167606
0.113547
0.007512
-0.090197
-0.146626
-0.093195
0.008623
0.088696
0.096094
0.048906
-0.023840
-0.054284
-0.060181
-0.035740
-0.025876
-0.034174
-0.048195
-0.036438
-0.018456
0.014404
0.003762
-0.028273
-0.069220
-0.086283
-0.072311
-0.028715
-0.005580
-0.026559
-0.100245
-0.150142
-0.122156
-0.052574
0.043152
0.078714
0.057288
0.013413
0.007866
0.036209
0.108530
0.154756
0.193598
0.180503
0.161525
0.144212
0.142499
0.139877
0.050427
-0.032653
-0.123706
-0.123145
-0.049097
0.041986
0.092842
0.083916
0.015516
-0.032086
-0.059912
-0.060678
-0.031987
-0.034040
-0.038318
-0.045901
-0.034169
-0.008961
-0.000320
-0.013933
-0.038773
-0.072099
-0.071397
-0.056880
-0.037852
-0.034348
-0.069512
-0.123481
-0.113094
-0.084406
-0.008128
0.040873
0.042931
0.026847
0.017378
0.033071
0.096861
0.137953
0.176875
0.183220
0.153032
0.141233
0.141788
0.136862
0.078516
-0.014467
-0.115748
-0.137731
-0.071247
0.025199
0.087316
0.080017
0.023430
-0.045578
-0.076143
-0.068820
-0.045202
-0.029245
-0.028611
-0.043281
-0.042463
-0.029970
-0.015793
-0.031461
-0.044888
-0.072521
-0.078050
-0.062735
-0.044612
-0.031974
-0.054326
-0.114720
-0.141191
-0.115849
-0.058127
0.025012
0.048319
0.036926
0.017118
0.012612
0.047446
0.105112
0.136383
0.176804
0.161857
0.147565
0.124731
0.126476
0.086530
0.001113
-0.070079
-0.137462
-0.110443
-0.027304
0.039844
0.069800
0.049020
-0.029934
-0.058065
-0.088797
-0.069397
-0.051761
-0.037474
-0.052299
-0.044496
-0.058820
-0.036251
-0.047628
-0.047058
-0.058184
-0.066355
-0.068251
-0.054582
-0.048976
-0.053844
-0.087315
-0.118891
-0.138472
-0.102606
-0.034130
0.024681
0.044286
0.029454
0.003311
0.017910
0.057532
0.105343
0.141380
0.153949
0.134120
0.124318
0.102924
0.108839
0.042400
-0.025707
-0.105257
-0.130525
-0.086356
-0.011884
0.045353
0.049789
0.009958
-0.049388
-0.077857
-0.090673
-0.062539
-0.052661
-0.048671
-0.067901
-0.070358
-0.081267
-0.065308
-0.048022
-0.038422
-0.043253
-0.051121
-0.069518
-0.072596
-0.076517
-0.101479
-0.122078
-0.126371
-0.088716
-0.026743
0.015983
0.038291
0.026685
0.017934
0.035249
0.060233
0.096536
0.141767
0.143100
0.144036
0.116654
0.101466
0.095923
0.018925
-0.038754
-0.105961
-0.118896
-0.062433
0.001930
0.035563
0.035117
-0.013092
-0.060952
-0.078610
-0.085228
-0.058883
-0.038008
-0.052469
-0.062207
-0.080803
-0.089860
-0.058576
-0.037427
-0.030105
-0.036337
-0.069751
-0.084925
-0.076896
-0.084789
-0.086542
-0.095086
-0.106344
-0.075608
-0.021403
0.021572
0.053007
0.039681
0.026637
0.038839
0.064089
0.117795
0.158507
0.162382
0.144700
0.114222
0.093499
0.064876
0.004637
-0.047346
-0.096172
-0.086344
-0.048333
0.009253
0.032199
0.029307
-0.004309
-0.044655
-0.075886
-0.078503
-0.062954
-0.047562
-0.042537
-0.065051
-0.078168
-0.070095
-0.047026
-0.013602
-0.012037
-0.035226
-0.060115
-0.074007
-0.079638
-0.080112
-0.082190
-0.072688
-0.052344
-0.028324
0.023697
0.037325
0.051215
0.050431
0.055418
0.078160
0.113832
0.138628
0.160265
0.150793
0.143356
0.135294
0.094862
0.012543
-0.038343
-0.094289
-0.076980
-0.022599
0.018666
0.042065
0.031274
-0.009228
-0.035417
-0.051772
-0.058712
-0.036023
-0.042390
-0.055750
-0.070163
-0.071752
-0.048235
-0.016763
-0.012685
-0.008463
-0.036225
-0.056105
-0.061818
-0.067288
-0.077765
-0.058036
-0.062801
-0.032318
-0.008630
0.024764
0.048765
0.060962
0.059464
0.082762
0.108256
0.139170
0.153933
0.142414
0.141529
0.129065
0.143132
0.109935
0.024838
-0.052879
-0.097003
-0.083472
-0.006560
0.039419
0.054364
0.033553
-0.027273
-0.062488
-0.085861
-0.087190
-0.067953
-0.051354
-0.048495
-0.021191
-0.019650
0.002078
0.005868
-0.009523
-0.036587
-0.051445
-0.063573
-0.040109
-0.021871
-0.005976
0.002222
-0.002101
0.018204
0.043343
0.051646
0.063535
0.034787
0.051579
0.072109
0.080362
0.124702
0.124159
0.142711
0.158347
0.147630
0.124548
0.081644
-0.041076
-0.089617
-0.136431
-0.110578
-0.010875
0.031042
0.050517
0.028252
-0.045497
-0.069243
-0.071755
-0.070016
-0.035579
-0.042061
-0.043974
-0.033245
-0.033573
-0.007301
0.007286
0.000374
0.006278
-0.000877
0.006040
0.018548
0.019855
0.039767
0.055931
0.079042
0.093701
0.089214
0.088103
0.102467
0.114609
0.143807
0.158144
0.141954
0.113637
0.012959
-0.063136
-0.104271
-0.102841
-0.012391
0.041586
0.049364
0.028715
-0.035355
-0.072092
-0.078203
-0.091062
-0.070212
-0.068071
-0.060436
-0.033537
-0.024550
-0.027843
-0.016017
-0.023104
-0.021538
-0.006815
-0.005973
0.008678
0.025848
0.030083
0.042916
0.054983
0.079828
0.119161
0.142699
0.154807
0.132072
0.127833
0.133989
0.151330
0.136357
0.030271
-0.051244
-0.120009
-0.100154
-0.007143
0.066672
0.094165
0.066176
-0.007914
-0.059475
-0.076964
-0.071005
-0.036890
-0.027830
-0.021250
-0.020222
-0.021516
-0.025579
-0.020075
-0.028819
-0.060431
-0.075478
-0.080446
-0.087117
-0.088805
-0.073329
-0.060834
-0.039530
-0.023686
-0.015245
0.009112
0.039108
0.093692
0.118225
0.125305
0.130073
0.129034
0.130155
0.132865
0.137108
0.155787
0.127208
0.050484
-0.002273
-0.072448
-0.061631
-0.008293
0.004192
0.026668
0.001192
-0.047830
-0.060850
-0.068205
-0.076880
-0.052714
-0.065969
-0.057476
-0.043994
-0.035173
-0.018740
-0.012546
-0.036694
-0.035191
-0.050301
-0.042409
-0.018008
-0.020011
-0.013559
-0.011046
-0.018837
-0.012898
0.010129
0.042959
0.077564
0.098031
0.091306
0.094664
0.090411
0.106519
0.112959
0.125814
0.114059
0.094989
0.031465
-0.059656
-0.092364
-0.111931
-0.065972
-0.001593
0.028893
0.022788
-0.021745
-0.078779
-0.107494
-0.103969
-0.072644
-0.044489
-0.035170
-0.029287
-0.035420
-0.039100
-0.038293
-0.029648
-0.038809
-0.026486
-0.021665
-0.008214
-0.003619
0.007142
0.020029
0.030318
0.052905
0.068699
0.083034
0.110122
0.080329
0.067382
0.059986
0.063374
0.091967
0.119162
0.083344
0.008047
-0.057580
-0.114061
-0.107117
-0.052080
-0.011681
0.000762
-0.024916
-0.088074
-0.116710
-0.120506
-0.110212
-0.083903
-0.081687
-0.080436
-0.073043
-0.063502
-0.045631
-0.028517
-0.031708
-0.012844
0.000316
0.038220
0.074122
0.097983
0.100517
0.108354
0.100935
0.126685
0.143760
0.180825
0.202065
0.211222
0.083921
-0.042905
-0.148144
-0.166443
-0.063523
0.012426
0.060743
0.042070
-0.022532
-0.062936
-0.071182
-0.089161
-0.065128
-0.070954
-0.072945
-0.052196
-0.037568
-0.006271
0.019748
0.012762
-0.000967
-0.026035
-0.060884
-0.082706
-0.071335
-0.075158
-0.059186
-0.067665
-0.071237
-0.089127
-0.085136
-0.089458
-0.070985
-0.069675
-0.058738
-0.050803
-0.039590
-0.015913
0.023158
0.058321
0.086124
0.101150
0.101497
0.110411
0.112780
0.110078
0.110184
0.102457
0.076058
0.027521
-0.009671
-0.045416
-0.046916
-0.020986
-0.008030
-0.003953
-0.026328
-0.059767
-0.081068
-0.097904
-0.098806
-0.091346
-0.090900
-0.079440
-0.063270
-0.064976
-0.057862
-0.066078
-0.069761
-0.068195
-0.064785
-0.058163
-0.027509
-0.001944
0.023082
0.026179
0.033044
0.049442
0.089393
0.125265
0.144741
0.143497
0.125484
0.113896
0.106800
0.116677
0.067011
-0.026649
-0.106632
-0.138000
-0.089149
0.002166
0.047493
0.051091
-0.001450
-0.054572
-0.094686
-0.087815
-0.076707
-0.041924
-0.036708
-0.028370
-0.033271
-0.030834
-0.028358
-0.029676
-0.033049
-0.050003
-0.054033
-0.064518
-0.060777
-0.067313
-0.089811
-0.124138
-0.111835
-0.079213
-0.018490
0.014615
0.009767
-0.005947
-0.005084
0.028285
0.072349
0.102286
0.124486
0.128459
0.111346
0.115177
0.111590
0.117257
0.082466
0.022405
-0.034790
-0.065136
-0.042868
0.000755
0.009931
0.001645
-0.047072
-0.074778
-0.075385
-0.068145
-0.051767
-0.065562
-0.083694
-0.078920
-0.069376
-0.047661
-0.022031
-0.037910
-0.038982
-0.052930
-0.056797
-0.045511
-0.028270
-0.014484
-0.009702
-0.010173
0.000521
0.018626
0.056523
0.081636
0.107061
0.113163
0.101275
0.106079
0.110405
0.124107
0.138601
0.124501
0.057720
-0.050731
-0.116675
-0.123883
-0.064225
0.015897
0.061972
0.044724
-0.001746
-0.051003
-0.089481
-0.089031
-0.082758
-0.073867
-0.064034
-0.057343
-0.052233
-0.024907
-0.012609
-0.013081
-0.018707
-0.043192
-0.065110
-0.068474
-0.055615
-0.034438
0.004523
0.017070
0.026179
0.014743
0.040810
0.064843
0.065122
0.073848
0.063403
0.058422
0.087144
0.099169
0.109467
0.131173
0.112857
0.082951
-0.006675
-0.060032
-0.101581
-0.068216
-0.024986
0.035997
0.036931
0.009481
-0.047003
-0.095348
-0.101255
-0.095028
-0.068597
-0.048567
-0.050041
-0.051426
-0.063716
-0.085939
-0.059679
-0.052804
-0.037387
-0.013878
-0.003183
0.025823
0.076558
0.097684
0.102685
0.096991
0.098284
0.128757
0.153443
0.174831
0.183160
0.190408
0.146516
0.036396
-0.058817
-0.144382
-0.108354
-0.032602
0.046782
0.070424
0.043782
-0.026487
-0.057341
-0.086207
-0.070212
-0.045896
-0.030954
-0.028896
-0.021464
-0.020773
0.005692
0.023221
0.022212
0.005828
-0.025236
-0.057565
-0.060288
-0.050354
-0.035722
-0.019739
-0.025441
-0.027341
-0.023995
-0.027088
-0.035920
-0.063725
-0.105764
-0.103502
-0.070232
-0.032299
0.019962
0.021289
0.025929
0.046118
0.071315
0.095884
0.124218
0.126476
0.130357
0.113951
0.097843
0.103407
0.086525
0.049443
0.015346
-0.021359
-0.025091
0.010596
0.019345
0.009006
-0.026813
-0.066553
-0.086798
-0.077529
-0.072267
-0.064869
-0.067432
-0.071023
-0.058381
-0.049173
-0.036418
-0.028364
-0.030939
-0.038646
-0.041622
-0.043746
-0.026856
-0.023383
-0.000827
0.018898
0.043802
0.073120
0.100796
0.120241
0.131639
0.132629
0.132108
0.121801
0.111808
0.121203
0.068126
-0.035992
-0.094028
-0.128761
-0.056682
0.035251
0.091478
0.069035
-0.002122
-0.075363
-0.097438
-0.083822
-0.049536
-0.013241
-0.015830
-0.019766
-0.016900
-0.012031
0.014295
-0.002552
-0.020772
-0.060165
-0.090211
-0.070950
-0.050427
-0.031426
-0.025428
-0.044428
-0.069637
-0.077779
-0.085652
-0.068139
-0.050942
-0.023524
-0.005671
0.017285
0.037431
0.071197
0.100971
0.114878
0.131315
0.133991
0.132217
0.134891
0.133768
0.076130
0.000016
-0.044633
-0.077226
-0.020578
0.029470
0.052990
0.028210
-0.023478
-0.066799
-0.075701
-0.077282
-0.063351
-0.060170
-0.064718
-0.051677
-0.047928
-0.043820
-0.032033
-0.029941
-0.029394
-0.027920
-0.034284
-0.029582
-0.019932
-0.014705
-0.007610
-0.007527
0.003214
0.029377
0.042924
0.060789
0.061177
0.037549
0.027673
0.003559
0.022447
0.037402
0.064798
0.083474
