-0.079736
-0.089792
-0.073881
-0.059901
-0.056645
-0.057297
-0.074833
-0.104294
-0.067463
0.002321
0.062201
0.103323
0.123816
0.106189
0.066658
0.064483
0.086807
0.118164
0.104422
0.084054
0.021897
-0.001918
-0.004409
0.028594
0.042159
0.024521
-0.014676
-0.066634
-0.095108
-0.109730
-0.101382
-0.084890
-0.071643
-0.088440
-0.101949
-0.099020
-0.096802
-0.105328
-0.086192
-0.054741
-0.012479
0.027354
0.072973
0.097490
0.115764
0.132064
0.120458
0.091872
0.085162
0.086046
0.059857
0.040586
0.042580
0.041274
0.022077
0.033420
0.031081
-0.017052
-0.072004
-0.101219
-0.109407
-0.098033
-0.075785
-0.090030
-0.113435
-0.110415
-0.119650
-0.122003
-0.085611
-0.035754
-0.022297
-0.004729
0.014934
0.029709
0.039397
0.077438
0.094548
0.098876
0.111910
0.134345
0.101860
0.051952
0.009230
-0.027360
-0.026201
0.028683
0.088928
0.086042
0.030737
-0.036796
-0.091511
-0.115098
-0.099466
-0.101589
-0.115816
-0.110248
-0.095945
-0.099612
-0.091554
-0.090321
-0.096833
-0.099217
-0.054548
-0.006336
0.019820
0.048751
0.087985
0.099887
0.109735
0.126635
0.110601
0.066005
0.017621
-0.022983
-0.034855
0.005884
0.071461
0.099479
0.055480
-0.001338
-0.053474
-0.095807
-0.117061
-0.125823
-0.126705
-0.096898
-0.047681
-0.035728
-0.061906
-0.102673
-0.119944
-0.121047
-0.081977
-0.017992
0.043831
0.075604
0.098979
0.095897
0.057928
0.061057
0.097622
0.091619
0.047556
0.043188
0.041766
0.029584
0.028865
0.043740
-0.000105
-0.039378
-0.030525
-0.027327
-0.065697
-0.099997
-0.125610
-0.140717
-0.114135
-0.079035
-0.073889
-0.065908
-0.044638
-0.053664
-0.083731
-0.097638
-0.069757
-0.033149
0.021276
0.098779
0.159141
0.161992
0.145674
0.113863
0.038924
-0.021065
-0.006296
0.039316
0.067431
0.061348
0.058379
0.057046
0.039780
-0.000773
-0.062430
-0.107999
-0.110702
-0.065575
-0.041008
-0.048415
-0.075648
-0.118846
-0.143861
-0.115989
-0.071885
-0.036994
-0.002493
0.048281
0.079930
0.069034
0.065910
0.078046
0.066592
0.068037
0.092953
0.107353
0.095768
0.082087
0.036250
-0.007944
0.018793
0.064607
0.063185
0.027844
-0.002455
-0.061378
-0.096062
-0.081587
-0.061910
-0.069040
-0.088605
-0.103732
-0.123159
-0.125413
-0.105312
-0.053055
-0.008462
0.015243
0.031907
0.030222
0.052398
0.087712
0.127229
0.148693
0.164686
0.139068
0.087516
0.047411
0.017514
-0.014163
0.003450
0.056503
0.066049
0.041007
-0.005435
-0.047783
-0.083928
-0.069250
-0.040810
-0.046369
-0.066269
-0.084722
-0.098958
-0.128908
-0.121670
-0.077849
-0.022707
-0.004426
0.007870
0.031041
0.051178
0.073572
0.092798
0.114539
0.119836
0.126117
0.125580
0.096926
0.055521
0.026452
0.040980
0.060222
0.090188
0.092398
0.047983
-0.029236
-0.103272
-0.142852
-0.134648
-0.082881
-0.036702
-0.012717
-0.017817
-0.044969
-0.102373
-0.148560
-0.152554
-0.095762
-0.047438
-0.002509
0.054521
0.099692
0.089354
0.090718
0.085432
0.087357
0.110541
0.145349
0.117801
0.092804
0.056881
0.026559
0.003705
0.019206
0.037032
0.029300
-0.012946
-0.062744
-0.089420
-0.079412
-0.053811
-0.056987
-0.075189
-0.092043
-0.121513
-0.140824
-0.125064
-0.075526
-0.033411
0.020751
0.063496
0.082887
0.073446
0.077082
0.065937
0.060736
0.069455
0.105972
0.109992
0.101423
0.069695
0.049262
0.014275
0.016030
0.062462
0.072006
0.034920
-0.013993
-0.079772
-0.142262
-0.125344
-0.090020
-0.072699
-0.078975
-0.092535
-0.118101
-0.134173
-0.119620
-0.075009
-0.023112
0.010189
0.038966
0.036265
0.052989
0.090245
0.127339
0.119790
0.116458
0.091303
0.044526
-0.011453
0.014716
0.055270
0.078329
0.079123
0.081181
0.027294
-0.038495
-0.070316
-0.107871
-0.133333
-0.120796
-0.072402
-0.059716
-0.037006
-0.069602
-0.115252
-0.131517
-0.120481
-0.094139
-0.026911
0.029993
0.053390
0.069616
0.080138
0.087857
0.074461
0.083601
0.091285
0.072747
0.047292
0.055785
0.055657
0.046193
0.027856
0.024444
0.011387
0.015321
0.003588
-0.034817
-0.083403
-0.110637
-0.101284
-0.082012
-0.064420
-0.066759
-0.092798
-0.131253
-0.133686
-0.118090
-0.071970
-0.021954
0.021822
0.040773
0.055388
0.084948
0.103125
0.115171
0.106137
0.095706
0.071489
0.031961
0.000257
0.002507
0.007578
0.031632
0.077970
0.083534
0.044522
-0.015023
-0.084914
-0.157793
-0.178331
-0.162087
-0.094564
-0.065636
-0.059179
-0.088317
-0.105025
-0.137081
-0.113230
-0.085904
-0.031346
-0.000248
0.035437
0.066282
0.108992
0.110116
0.093003
0.088110
0.091039
0.085288
0.064107
0.059206
0.031662
0.022073
0.026873
0.046587
0.052192
0.042446
-0.001360
-0.055203
-0.098312
-0.094341
-0.073674
-0.068613
-0.080192
-0.094269
-0.085955
-0.098094
-0.108000
-0.100413
-0.057264
-0.022919
0.006762
0.021927
0.041039
0.077056
0.115006
0.113629
0.082663
0.073375
0.069580
0.052250
0.025634
0.049372
0.046046
0.062701
0.079931
0.068814
0.001793
-0.046806
-0.096969
-0.140261
-0.159034
-0.129550
-0.062224
-0.009627
-0.002438
-0.051235
-0.116983
-0.138455
-0.100724
-0.065147
-0.021916
0.047040
0.079064
0.085210
0.115352
0.138794
0.109500
0.081693
0.078656
0.053932
0.024415
0.038230
0.058600
0.096139
0.119953
0.105397
0.009685
-0.078026
-0.128545
-0.127431
-0.103975
-0.056035
-0.037901
-0.035270
-0.047471
-0.090889
-0.141173
-0.136168
-0.097920
-0.059291
-0.000728
0.075273
0.090917
0.074566
0.058433
0.047398
0.045810
0.094744
0.140062
0.150023
0.123455
0.077481
0.035995
0.007442
0.006188
0.017235
0.030953
0.024174
0.000116
-0.028592
-0.062669
-0.094905
-0.105310
-0.094973
-0.076077
-0.068401
-0.057636
-0.067148
-0.093208
-0.094605
-0.050810
0.006376
0.046104
0.074126
0.085738
0.074082
0.071314
0.102796
0.131690
0.135104
0.102889
0.067520
0.018192
0.003622
0.052983
0.096820
0.084063
0.048200
0.012836
-0.052570
-0.109867
-0.123989
-0.090851
-0.054914
-0.027044
-0.031334
-0.047662
-0.080600
-0.107874
-0.109670
-0.083236
-0.058636
-0.008136
0.049698
0.083510
0.122425
0.136936
0.116496
0.094939
0.071402
0.020032
0.008609
0.057875
0.108361
0.110320
0.110304
0.119957
0.092962
0.017371
-0.052095
-0.116015
-0.157849
-0.133947
-0.052695
0.002292
0.003626
-0.024983
-0.077565
-0.146492
-0.181788
-0.145830
-0.069568
0.019669
0.095205
0.122424
0.099540
0.076515
0.077483
0.073637
0.097951
0.113246
0.095681
0.061742
0.067272
0.073964
0.075864
0.083086
0.058462
0.017646
-0.038987
-0.064720
-0.076931
-0.076162
-0.065804
-0.048741
-0.075214
-0.096494
-0.084593
-0.074894
-0.079793
-0.078905
-0.050147
-0.044677
-0.027670
0.013206
0.058685
0.060578
0.097809
0.124112
0.125860
0.089223
0.072530
0.049151
0.021857
0.018765
0.025637
0.035918
0.058546
0.076202
0.036479
-0.033506
-0.059022
-0.066953
-0.068775
-0.060255
-0.070343
-0.093227
-0.091804
-0.105624
-0.123110
-0.097152
-0.029404
-0.014158
-0.025830
-0.010987
0.017395
0.016885
0.049252
0.090142
0.118943
0.132143
0.165338
0.141491
0.079349
0.024209
-0.012763
-0.010175
0.050144
0.118091
0.126898
0.082975
-0.008813
-0.101663
-0.158934
-0.149072
-0.111460
-0.048432
-0.009611
0.000268
-0.044230
-0.098384
-0.127974
-0.132291
-0.111864
-0.061707
0.033689
0.091883
0.118479
0.095721
0.075992
0.054260
0.060570
0.071126
0.101003
0.116419
0.100347
0.072786
0.038473
0.038366
0.065617
0.078180
0.048504
0.030581
-0.006535
-0.062192
-0.105326
-0.099075
-0.073036
-0.044350
-0.018516
-0.040875
-0.092582
-0.124571
-0.125134
-0.106206
-0.038945
0.044277
0.093649
0.119051
0.130235
0.084211
0.033323
0.030646
0.062914
0.086900
0.116291
0.122615
0.109045
0.072842
0.064592
0.042829
0.007585
-0.003618
-0.005810
-0.023072
-0.052803
-0.075380
-0.091720
-0.082191
-0.066336
-0.070576
-0.091220
-0.100998
-0.109424
-0.080466
-0.022961
0.039814
0.076438
0.092177
0.078375
0.031408
0.000034
0.026400
0.118382
0.169603
0.173686
0.121120
0.053763
-0.001417
-0.010582
0.019479
0.025988
0.028742
0.005792
-0.023621
-0.055737
-0.068186
-0.071393
-0.063824
-0.080309
-0.101061
-0.123438
-0.126426
-0.110469
-0.073385
-0.037088
-0.017497
0.000931
0.034115
0.071497
0.096304
0.094626
0.071555
0.036239
0.023898
0.039554
0.070501
0.095705
0.117095
0.091236
0.044597
0.003516
-0.018241
-0.033161
-0.035100
-0.028555
-0.048680
-0.078682
-0.070046
-0.048412
-0.052429
-0.072601
-0.118638
-0.148219
-0.134693
-0.073164
-0.025839
0.002091
0.038142
0.061996
0.057169
0.081180
0.095116
0.102719
0.111957
0.109282
0.059383
0.052070
0.068195
0.061527
0.038449
0.073685
0.070082
0.013191
-0.032461
-0.062862
-0.119012
-0.146114
-0.114689
-0.081173
-0.091923
-0.085737
-0.075280
-0.105936
-0.110853
-0.079370
-0.072130
-0.077832
-0.029999
0.007648
0.020288
0.060216
0.104497
0.098467
0.071231
0.100390
0.112764
0.092882
0.072744
0.046759
-0.012397
-0.018563
0.055408
0.089163
0.054703
0.014094
-0.023736
-0.099109
-0.129552
-0.110879
-0.096093
-0.093710
-0.075958
-0.069762
-0.095148
-0.113382
-0.117081
-0.105612
-0.078175
-0.031363
0.005782
0.053132
0.070622
0.058165
0.037420
0.049859
0.076491
0.075240
0.090229
0.105564
0.101500
0.062186
0.014373
0.004051
0.023000
0.027665
0.017189
-0.032262
-0.096904
-0.137305
-0.128007
-0.104372
-0.090401
-0.078572
-0.085545
-0.114008
-0.135463
-0.128677
-0.120198
-0.090203
-0.049129
-0.013744
0.007474
0.042474
0.055563
0.078597
0.094219
0.116327
0.102584
0.080008
0.045567
0.010674
-0.012514
0.015112
0.075519
0.114101
0.108285
0.038109
-0.043556
-0.121807
-0.157276
-0.163751
-0.121972
-0.047817
-0.015671
-0.020363
-0.074025
-0.144360
-0.193564
-0.171685
-0.110194
-0.035761
0.054223
0.103381
0.063857
-0.000729
-0.004776
0.008167
0.067854
0.129516
0.158444
0.096988
0.048587
0.029418
-0.002528
0.011786
0.059803
0.086062
0.045646
0.038661
-0.005641
-0.077917
-0.133415
-0.111735
-0.111049
-0.107302
-0.067558
-0.069916
-0.114148
-0.133045
-0.115065
-0.099037
-0.039457
0.038954
0.099334
0.091570
0.049543
0.016100
0.029599
0.066635
0.116336
0.153225
0.149887
0.104854
0.060173
0.012250
-0.016001
-0.015214
-0.032339
-0.039160
-0.040219
-0.042933
-0.051804
-0.041276
-0.066454
-0.107833
-0.122134
-0.147569
-0.146925
-0.119248
-0.076519
-0.067511
-0.039283
-0.017121
-0.006552
-0.009410
0.036527
0.094925
0.143195
0.169574
0.157084
0.107583
0.053391
0.058893
0.054116
0.033648
0.006073
0.013361
0.004361
0.022995
0.043005
0.040142
0.000148
-0.056137
-0.122648
-0.174230
-0.141507
-0.091472
-0.072519
-0.092047
-0.088426
-0.093383
-0.091265
-0.065389
-0.034533
-0.042927
-0.038978
-0.012620
0.029647
0.073643
0.125187
0.158715
0.142216
0.105269
0.055626
0.023956
-0.001758
0.026067
0.046236
0.065585
0.085211
0.077951
0.047138
-0.004775
-0.043941
-0.089083
-0.118418
-0.098856
-0.044560
-0.032157
-0.049090
-0.070420
-0.110444
-0.141090
-0.110269
-0.044377
0.009247
0.048939
0.060867
0.051931
0.040324
0.058625
0.088251
0.102165
0.102534
0.115491
0.107078
0.031473
-0.005849
0.008959
0.054767
0.094297
0.114709
0.079417
0.020071
-0.024547
-0.089688
-0.144702
-0.147067
-0.095419
-0.046589
-0.014164
-0.023203
-0.056326
-0.097353
-0.088690
-0.064058
-0.035011
0.019559
0.093049
0.116387
0.090085
0.076484
0.095282
0.119297
0.118686
0.101877
0.082977
0.055357
0.021487
0.008869
0.062264
0.116997
0.113984
0.049730
-0.023371
-0.089097
-0.125100
-0.088640
-0.020454
0.002104
-0.011594
-0.040365
-0.093706
-0.131523
-0.108477
-0.070051
-0.041893
-0.008814
0.022689
0.031076
0.040977
0.048097
0.052404
0.046339
0.064963
0.113772
0.162990
0.158345
0.101725
0.035593
-0.014636
0.002927
0.045730
0.080935
0.109760
0.111326
0.054222
-0.020274
-0.079741
-0.108063
-0.106430
-0.066130
-0.031779
-0.030451
-0.034383
-0.032113
-0.042778
-0.056384
-0.071842
-0.063351
-0.034701
0.022112
0.058831
0.080765
0.093456
0.116746
0.129116
0.141883
0.119192
0.073580
0.041514
0.038716
0.049483
0.067592
0.097064
0.098521
0.051810
-0.020466
-0.053672
-0.084547
-0.069286
-0.034905
-0.015229
-0.042789
-0.062398
-0.092643
-0.117717
-0.097991
-0.071968
-0.062157
-0.027294
0.031667
0.048457
0.048631
0.060466
0.072551
0.098304
0.133614
0.143115
0.120701
0.081856
0.046717
0.019704
0.042090
0.117517
0.157355
0.113845
0.032386
-0.035230
-0.083033
-0.074600
-0.025724
-0.005749
-0.022019
-0.009193
-0.003557
-0.054342
-0.103809
-0.116354
-0.111887
-0.093114
-0.005675
0.075623
0.103071
0.073153
0.032459
-0.008755
-0.014374
0.046710
0.113886
0.135354
0.131828
0.115303
0.090952
0.065355
0.056334
0.059212
0.067067
0.061090
0.033652
0.000573
-0.015013
-0.047640
-0.086457
-0.103111
-0.081787
-0.065795
-0.046068
-0.051354
-0.077796
-0.107117
-0.094157
-0.062081
-0.014715
0.034952
0.062142
0.068321
0.095951
0.109722
0.097535
0.103231
0.125712
0.098336
0.080566
0.083614
0.074903
0.070274
0.087096
0.089201
0.029260
-0.021682
-0.054817
-0.079741
-0.094577
-0.091534
-0.075932
-0.060150
-0.027787
-0.053687
-0.108401
-0.151058
-0.125446
-0.085445
-0.009981
0.047861
0.064576
0.033540
0.025799
0.033096
0.058581
0.097776
0.119551
0.110821
0.092517
0.081481
0.070483
0.070131
0.073985
0.053466
0.018881
-0.021539
-0.029381
-0.016687
-0.039726
-0.078995
-0.110202
-0.114545
-0.099147
-0.084436
-0.110901
-0.136053
-0.127944
-0.089384
-0.055815
-0.016958
-0.005122
-0.033314
-0.030443
0.028246
0.057929
0.066225
0.084372
0.102533
0.103634
0.079585
0.059155
0.053309
0.041473
0.041715
0.064378
0.066732
0.044343
0.007373
-0.029995
-0.078804
-0.130881
-0.133786
-0.091646
-0.062425
-0.044379
-0.052419
-0.096192
-0.144761
-0.148108
-0.138826
-0.120758
-0.057034
0.016441
0.044715
0.039001
0.019232
-0.003448
0.010439
0.060052
0.112946
0.116703
0.085707
0.056823
0.010638
-0.014743
0.000684
0.037356
0.030200
0.000765
-0.028806
-0.043885
-0.058154
-0.056929
-0.069604
-0.104105
-0.130907
-0.124146
-0.105364
-0.092539
-0.098171
-0.113551
-0.104396
-0.070507
-0.028541
-0.001609
0.017819
0.028860
0.039129
0.046966
0.075189
0.110405
0.104128
0.062502
0.037645
0.022893
0.013063
0.016861
0.022582
0.019093
0.003864
-0.006212
-0.050615
-0.110386
-0.133320
-0.088417
-0.066914
-0.061552
-0.058880
-0.093060
-0.150685
-0.158141
-0.138642
-0.092240
-0.039144
-0.005009
-0.015774
-0.023505
-0.007601
0.030376
0.065156
0.107428
0.105334
0.082603
0.054905
0.039839
0.009739
0.006493
0.041240
0.075341
0.077974
0.010450
-0.064586
-0.091087
-0.075967
-0.069612
-0.048031
-0.043259
-0.056102
-0.084819
-0.101928
-0.111740
-0.110164
-0.085177
-0.057165
-0.036396
-0.027429
-0.000162
0.015177
0.014658
0.008570
0.037257
0.061576
0.096205
0.098882
0.084999
0.055604
0.014834
-0.011550
-0.014326
0.011144
0.045385
0.074029
0.063885
0.021469
-0.048539
-0.082694
-0.101622
-0.099583
-0.096944
-0.069663
-0.046183
-0.051839
-0.068518
-0.085813
-0.088142
-0.080222
-0.054452
-0.044958
-0.003535
0.045294
0.072879
0.069284
0.054298
0.057824
0.075322
0.096840
0.076056
0.055285
0.043641
0.045939
0.031385
0.034777
0.039875
0.019762
-0.014179
-0.048543
-0.097136
-0.109301
-0.073056
-0.040908
-0.049906
-0.081883
-0.111525
-0.119573
-0.098277
-0.069969
-0.062537
-0.065048
-0.024825
0.026994
0.056968
0.048493
0.065672
0.085279
0.092831
0.116480
0.110268
0.074018
0.042624
0.057222
0.066150
0.068929
0.057963
0.035152
0.000357
-0.028289
-0.031072
-0.055333
-0.065337
-0.058328
-0.052610
-0.066448
-0.075600
-0.067334
-0.095529
-0.123957
-0.119861
-0.070954
-0.031070
0.003922
0.018019
-0.004191
-0.022431
-0.006392
0.058141
0.135635
0.186915
0.166995
0.100978
0.015306
-0.032576
-0.022244
0.022645
0.099799
0.160870
0.133446
0.043410
-0.021505
-0.086578
-0.129246
-0.114674
-0.074955
-0.058342
-0.042403
-0.037337
-0.051013
-0.074737
-0.091763
-0.100795
-0.110333
-0.062348
0.005025
0.047826
0.059206
0.057474
0.051863
0.087759
0.122508
0.119143
0.062116
0.025518
0.003663
0.003485
0.037098
0.101362
0.128968
0.078788
0.012430
-0.021482
-0.044064
-0.058394
-0.068476
-0.092791
-0.060797
-0.021483
-0.013747
-0.048329
-0.079873
-0.103423
-0.097622
-0.063897
-0.009731
0.036427
0.061440
0.059046
0.033372
0.021809
0.023788
0.050324
0.079996
0.103275
0.102922
0.104078
0.079329
0.028292
0.020155
0.038930
0.047173
0.031916
0.028761
-0.005452
-0.057070
-0.076082
-0.088255
-0.085646
-0.064170
-0.048597
-0.045443
-0.061445
-0.061328
-0.065416
-0.051981
-0.060838
-0.037341
0.024118
0.067592
0.070278
0.056010
0.053298
0.054808
0.083996
0.102682
0.092294
0.092896
0.091466
0.083022
0.064835
0.043181
0.020726
0.006897
-0.013876
-0.027501
-0.032368
-0.043423
-0.054810
-0.054557
-0.049803
-0.078441
-0.090577
-0.085387
-0.091937
-0.109808
-0.093984
-0.044803
0.000451
0.026420
0.042102
0.046320
0.045584
0.055799
0.070222
0.080346
0.091411
0.116839
0.122030
0.071779
0.052745
0.052737
0.040286
0.029940
0.034464
0.028917
-0.005404
-0.043370
-0.078484
-0.111850
-0.093740
-0.048377
-0.057796
-0.088617
-0.080882
-0.096917
-0.124712
-0.092818
-0.053491
-0.025321
0.006842
0.035934
0.034959
0.052334
0.092342
0.121537
0.118119
0.108384
0.082007
0.043313
0.031003
0.017266
0.007519
0.025286
0.053037
0.055200
0.040286
0.021114
-0.010315
-0.049630
-0.103417
-0.127814
-0.107800
-0.060046
-0.029830
-0.042413
-0.073302
-0.097522
-0.108756
-0.108652
-0.077549
-0.021096
0.028647
0.051059
0.052318
0.053373
0.067989
0.088615
0.089063
0.071367
0.030760
0.027448
0.053411
0.078989
0.093113
0.107657
0.076109
0.013837
-0.025054
-0.045653
-0.057467
-0.066438
-0.060372
-0.052873
-0.056154
-0.064165
-0.070252
-0.091004
-0.130708
-0.153993
-0.113109
-0.047733
0.023406
0.070613
0.077831
0.054505
0.017729
-0.002628
0.022875
0.090649
0.155799
0.144964
0.084768
0.021636
0.002217
0.037696
0.092986
0.103125
0.039449
-0.020665
-0.046232
-0.025948
-0.012319
-0.031518
-0.063462
-0.103151
-0.116844
-0.092151
-0.052173
-0.032995
-0.063631
-0.105229
-0.111607
-0.055544
0.018353
0.090028
0.113057
0.106910
0.069040
0.061983
0.080575
0.112075
0.091258
0.054161
0.037307
0.041172
0.048360
0.061178
0.048119
0.041938
0.024365
-0.000510
-0.043742
-0.073873
-0.074144
-0.081877
-0.063507
-0.048033
-0.033511
-0.046664
-0.062336
-0.100523
-0.111951
-0.092352
-0.035160
0.027146
0.062919
0.098100
0.100933
0.076304
0.055826
0.081893
0.092054
0.074907
0.077064
0.071865
0.027709
0.022788
0.062470
0.098133
0.099439
0.084940
0.019337
-0.050222
-0.088809
-0.083258
-0.082551
-0.064481
-0.015477
-0.009872
-0.040807
-0.085958
-0.089018
-0.098178
-0.083858
-0.050417
0.010921
0.077924
0.099199
0.074992
0.036264
0.044239
0.078163
0.106908
0.117941
0.122283
0.107960
0.086570
0.053772
0.031075
0.016732
0.025937
0.026110
0.000469
-0.025296
-0.035961
-0.043282
-0.057778
-0.052738
-0.054170
-0.082274
-0.111253
-0.113913
-0.096161
-0.067046
-0.015829
0.010991
0.030770
0.025635
0.028493
0.055836
0.083557
0.087476
0.092620
0.107099
0.099022
0.059813
0.048024
0.045720
0.034949
0.072830
0.100883
0.078505
0.043866
0.028944
-0.019653
-0.066711
-0.093702
-0.102146
-0.093780
-0.072089
-0.045607
-0.038879
-0.046885
-0.063497
-0.079308
-0.097304
-0.075737
-0.008615
0.059949
0.079754
0.083498
0.074923
0.084146
0.093909
0.103522
0.072349
0.055780
0.078102
0.090305
0.085825
0.080474
0.053215
-0.023298
-0.054609
-0.030727
-0.004082
-0.016427
-0.018373
-0.051783
-0.091492
-0.100261
-0.076564
-0.095669
-0.122324
-0.116760
-0.078938
-0.045396
0.005397
0.023737
0.000110
-0.010424
0.020551
0.052601
0.074924
0.107266
0.113860
0.089779
0.064285
0.051231
0.036414
0.007926
-0.002600
0.034593
0.089850
0.109265
0.064140
-0.027899
-0.086544
-0.098300
-0.073771
-0.042764
-0.035364
-0.067510
-0.091367
-0.082718
-0.109200
-0.137439
-0.103254
-0.025399
0.020831
0.046507
0.049171
0.028044
0.000251
0.002539
0.046421
0.092447
0.128029
0.147486
0.088327
-0.007229
-0.041358
0.010795
0.078869
0.098734
0.074731
0.002455
-0.053479
-0.080672
-0.075566
-0.085553
-0.070661
-0.057761
-0.057952
-0.069080
-0.088716
-0.111282
-0.109343
-0.079832
-0.054101
-0.033890
0.001482
0.020118
0.016346
0.016324
0.062667
0.113406
0.128858
0.105236
0.062876
0.019270
0.007083
0.011259
0.028284
0.050665
0.053734
0.016090
-0.009955
-0.013461
-0.031561
-0.065481
-0.078587
-0.083403
-0.082223
-0.050899
-0.039071
-0.068121
-0.120506
-0.119351
-0.115573
-0.075432
-0.018779
0.032595
0.037485
0.021780
0.018011
0.028913
0.094254
0.136501
0.130956
0.079663
0.054055
0.037629
0.016930
0.024130
0.077747
0.096812
0.057540
-0.005228
-0.060027
-0.082731
-0.082619
-0.063582
-0.066485
-0.065377
-0.045313
-0.048629
-0.080052
-0.112020
-0.141602
-0.147115
-0.095639
-0.027696
0.034141
0.066965
0.043831
-0.008526
-0.016677
0.019589
0.085762
0.156953
0.165310
0.102442
0.029595
-0.022167
-0.023186
0.011266
0.041787
0.058841
0.052817
0.031502
-0.006408
-0.031997
-0.056328
-0.068773
-0.094723
-0.107875
-0.090581
-0.060486
-0.035419
-0.044424
-0.071095
-0.085358
-0.067075
-0.027925
0.021044
0.048959
0.048350
0.047119
0.040211
0.053752
0.104029
0.137637
0.108241
0.065523
0.038186
0.021532
0.021924
0.051719
0.060296
0.028378
-0.020796
-0.062317
-0.065888
-0.049087
-0.016646
-0.021432
-0.070608
-0.092466
-0.106758
-0.122524
-0.098665
-0.054849
-0.059098
-0.060370
-0.016270
0.014345
0.008841
0.012986
0.019225
0.023025
0.043520
0.080610
0.115860
0.123922
0.082971
0.041287
-0.010407
-0.039176
0.000789
0.051205
0.088526
0.091618
0.052019
-0.019386
-0.048824
-0.072835
-0.105947
-0.119570
-0.090731
-0.068423
-0.029880
0.006538
-0.013971
-0.083576
-0.122212
-0.095040
-0.062774
0.000135
0.059848
0.085493
0.072430
0.065764
0.081464
0.082275
0.059948
0.039754
0.028658
0.003734
0.008552
0.048511
0.097442
0.093014
0.040285
-0.018714
-0.062837
-0.078845
-0.044372
-0.010820
-0.021483
-0.028451
-0.037481
-0.066316
-0.091226
-0.115082
-0.112468
-0.078904
-0.046106
-0.037047
-0.003172
0.043539
0.049135
0.038784
0.016201
0.015942
0.046242
0.102574
0.122763
0.065929
-0.003664
-0.014978
0.011704
0.044559
0.107588
0.151029
0.111446
0.031356
-0.052050
-0.110821
-0.123543
-0.084939
-0.036447
-0.015268
-0.010400
0.008212
-0.007190
-0.061858
-0.101715
-0.158454
-0.178203
-0.092160
0.046416
0.133716
0.143405
0.097337
0.008669
-0.018643
0.026769
0.075508
0.122730
0.163642
0.124672
0.035473
-0.003328
0.015009
0.028973
0.019352
-0.003366
-0.032399
-0.018230
0.010523
-0.008534
-0.048782
-0.075981
-0.092236
-0.113992
-0.112388
-0.079581
-0.060040
-0.066541
-0.040374
-0.002731
0.003551
0.002981
0.011588
0.006275
0.001690
0.061040
0.118073
0.118432
0.093723
0.081690
0.048645
0.024268
0.047856
0.068373
0.034535
0.000903
-0.001351
0.006674
-0.001090
0.001452
-0.024477
-0.073941
-0.096935
-0.069225
-0.015110
0.001989
-0.028599
-0.091598
-0.106064
-0.079887
-0.022878
0.005167
0.000205
-0.022013
-0.019707
0.015808
0.076106
0.119527
0.114752
0.071298
0.040325
0.033151
0.027154
0.029021
0.041057
0.076349
0.092554
0.078119
0.019780
-0.038584
-0.074581
-0.068614
-0.053825
-0.054247
-0.068278
-0.068980
-0.076675
-0.086690
-0.085365
-0.090300
-0.085700
-0.055323
-0.019237
0.005034
0.039438
0.063691
0.057550
0.014827
0.003627
0.043230
0.081373
0.111679
0.119996
0.111156
0.028276
-0.026930
-0.058973
-0.029056
0.029522
0.084106
0.068200
0.032442
0.015279
-0.033402
-0.077799
-0.094182
-0.078960
-0.074020
-0.058817
-0.052536
-0.056226
-0.061233
-0.047963
-0.028414
-0.022306
-0.009844
-0.008439
-0.033580
-0.025601
0.035827
0.091968
0.137116
0.135719
0.081078
0.003561
0.003823
0.034744
0.050856
0.076333
0.083910
0.040972
0.019557
0.034704
0.022088
-0.057926
-0.114455
-0.105542
-0.066864
-0.009445
0.027321
0.000299
-0.080525
-0.155514
-0.187404
-0.155402
-0.069059
0.019922
0.050785
0.041784
0.042698
0.049380
0.041170
0.012414
0.012344
0.033330
0.074907
0.118265
0.123839
0.080465
0.014433
-0.013633
-0.019609
-0.015486
0.017781
0.060245
0.056197
-0.006585
-0.077263
-0.112525
-0.111378
-0.088143
-0.056620
-0.047518
-0.046160
-0.048019
-0.059629
-0.081919
-0.075157
-0.030827
0.008329
0.018555
0.023171
0.057731
0.096392
0.112260
0.096269
0.075716
0.056989
0.052733
0.064885
0.036960
0.010059
0.008779
0.016140
-0.015203
-0.026856
-0.013998
-0.003719
-0.034807
-0.057719
-0.078515
-0.103019
-0.097382
-0.079491
-0.094706
-0.099154
-0.080830
-0.061672
-0.030965
-0.002245
0.001514
-0.021582
-0.008450
0.031509
0.047752
0.068187
0.090107
0.072854
0.029958
0.048388
0.079473
0.073762
0.058343
0.055394
0.046657
0.030215
0.008200
-0.039229
-0.075240
-0.068162
-0.039600
-0.034898
-0.022503
-0.028689
-0.069657
-0.120010
-0.132693
-0.116143
-0.092310
-0.055306
-0.005004
0.045659
0.048740
0.031500
-0.001093
-0.006682
0.025972
0.082949
0.136494
0.140071
0.100784
0.048824
0.007384
0.005407
0.043320
0.072726
0.035953
-0.027579
-0.042084
-0.010148
-0.012326
-0.058832
-0.087233
-0.130467
-0.119851
-0.070848
-0.024832
-0.026606
-0.045521
-0.094807
-0.142215
-0.119128
-0.022803
0.084169
0.116580
0.068954
-0.003083
-0.028536
0.015879
0.072201
0.101555
0.100152
0.080739
0.041432
0.006509
-0.032846
-0.022541
0.051650
0.087173
0.067764
0.000962
-0.056446
-0.069288
-0.041649
-0.039591
-0.042736
-0.026993
-0.048741
-0.069624
-0.059939
-0.051586
-0.061958
-0.048528
-0.036115
-0.035970
-0.027127
0.013171
0.052175
0.075516
0.079072
0.063852
0.049291
0.059072
0.069555
0.053006
0.026749
0.026762
0.050167
0.059500
0.072631
0.059712
0.012865
-0.031204
-0.025001
-0.029659
-0.060168
-0.076842
-0.062884
-0.039930
-0.027800
-0.033668
-0.069396
-0.102500
-0.084722
-0.030817
-0.001587
0.003261
0.014651
0.017294
0.019991
0.040970
0.072429
0.063693
0.057835
0.064350
0.057885
0.071026
0.097822
0.060558
-0.001937
-0.022470
0.002714
0.040357
0.097908
0.095176
0.027614
-0.044741
-0.076443
-0.061174
-0.064994
-0.045635
-0.042705
-0.034046
-0.015201
-0.019307
-0.047945
-0.045770
-0.012999
0.008074
0.041975
0.065805
0.051432
0.016993
0.018444
0.051113
0.104089
0.157170
0.161789
0.087891
0.013920
-0.004259
0.017425
0.035211
0.076948
0.085393
0.035886
-0.026842
-0.043446
-0.045238
-0.036520
-0.024045
-0.035341
-0.066994
-0.078672
-0.052833
-0.042691
-0.062405
-0.063905
-0.055891
-0.027985
0.016554
0.059874
0.051443
0.035083
0.042208
0.056157
0.082208
0.137455
0.133490
0.074835
0.013092
0.015069
0.032359
0.067158
0.075657
0.066943
0.028029
-0.016626
-0.039146
-0.036369
-0.030757
-0.024448
-0.026218
-0.029410
-0.023342
-0.013900
-0.039493
-0.079125
-0.105627
-0.110002
-0.071069
0.027666
0.091638
0.060073
0.011916
0.005615
0.038627
0.082305
0.123745
0.116896
0.085456
0.087894
0.100322
0.085522
0.042342
0.021738
0.003880
-0.024074
-0.022936
0.008644
0.046496
0.026447
-0.011359
-0.061847
-0.095776
-0.104894
-0.077440
-0.064145
-0.077827
-0.080555
-0.060366
-0.037795
-0.015856
-0.013506
-0.021369
0.003599
0.044338
0.061171
0.063078
0.072137
0.082195
0.078893
0.092245
0.073361
0.037239
0.019412
0.026518
0.044091
0.079458
0.098195
0.053492
-0.025025
-0.081798
-0.094999
-0.049760
-0.004280
-0.016900
-0.073224
-0.091378
-0.057254
-0.051277
-0.070372
-0.082004
-0.093174
-0.078909
0.010764
0.092611
0.100639
0.083193
0.054162
-0.002303
-0.017283
0.048836
0.113301
0.103254
0.066196
0.053081
0.017159
-0.014440
0.001790
0.023620
0.002955
-0.006692
-0.008768
-0.041972
-0.053614
-0.062079
-0.084880
-0.098005
-0.061040
-0.036336
-0.050688
-0.069836
-0.080826
-0.100773
-0.093920
-0.038499
0.012841
0.025064
0.038394
0.043950
0.029019
0.044034
0.075962
0.073934
0.054199
0.047665
0.034859
0.029595
0.012423
0.004157
0.001498
0.030694
0.047793
0.039428
0.009486
-0.026857
-0.077669
-0.118561
-0.114374
-0.067758
-0.053782
-0.048335
-0.036103
-0.037382
-0.078869
-0.081732
-0.069468
-0.044812
-0.012183
0.027978
0.021879
0.027075
0.054984
0.079492
0.066359
0.064660
0.051246
0.026501
0.022575
0.035593
0.030008
0.043405
0.074820
0.069529
0.010637
-0.038790
-0.073517
-0.106436
-0.110737
-0.073201
-0.036522
-0.018606
-0.006032
-0.031590
-0.111572
-0.173973
-0.146797
-0.090177
-0.045231
0.022161
0.056014
0.044387
0.026756
0.029513
0.013098
0.008191
0.024616
0.048303
0.072618
0.081953
0.058594
0.026835
0.007424
0.021587
0.038040
0.054937
0.023440
-0.019537
-0.060419
-0.066629
-0.047731
-0.020624
-0.013588
-0.040798
-0.073605
-0.096237
-0.123272
-0.125757
-0.118594
-0.076269
-0.012969
0.046477
0.046598
0.034459
0.007112
-0.028056
-0.025426
0.046136
0.112214
0.135189
0.124844
0.094403
0.037556
0.006961
0.027725
0.014817
-0.022112
-0.023181
0.018894
0.026845
0.008892
-0.030455
-0.085147
-0.129434
-0.134638
-0.099319
-0.049854
-0.012552
-0.017064
-0.043874
-0.086099
-0.108171
-0.076735
-0.035220
-0.031234
-0.010862
0.025327
0.077638
0.113413
0.129806
0.093393
0.040317
0.011777
0.011430
0.015914
0.026573
0.062275
0.076622
0.074318
0.062696
0.017970
-0.039236
-0.067546
-0.093174
-0.086322
-0.035781
0.014797
-0.007573
-0.040620
-0.070642
-0.098314
-0.113055
-0.093678
-0.061893
-0.025407
0.013269
0.042921
0.043585
0.041380
0.034091
0.014301
0.014745
0.068863
0.127419
0.147594
0.118874
0.036381
-0.032575
-0.022310
0.037415
0.082009
0.079061
0.033310
-0.038660
-0.070966
-0.057481
-0.040418
-0.046184
-0.062399
-0.071002
-0.069935
-0.077617
-0.069050
-0.053274
-0.058746
-0.076248
-0.074847
-0.060668
-0.021635
0.036570
0.086155
0.099029
0.084814
0.057843
0.015188
0.016717
0.035757
0.056771
0.091628
0.087858
0.061932
0.022900
0.003310
-0.020433
-0.036137
-0.019520
-0.015045
-0.012522
0.000280
0.007742
-0.012512
-0.041186
-0.068916
-0.103467
-0.112046
-0.074203
-0.040631
-0.014938
0.004484
0.011125
0.000316
0.009328
0.027501
0.024670
0.011105
0.007304
0.043013
0.089441
0.118653
0.099822
0.051768
-0.000482
-0.034742
-0.009193
0.038021
0.077045
0.059477
0.018962
-0.015128
-0.034529
-0.039088
-0.049256
-0.075249
-0.109171
-0.092872
-0.025539
0.029010
0.023819
-0.039324
-0.098208
-0.133829
-0.109639
-0.026952
0.055107
0.083459
0.060609
0.028729
0.012791
0.044463
0.099633
0.102536
0.059373
0.021944
0.005393
-0.013255
-0.004558
0.018749
0.035612
0.059595
0.082310
0.063736
-0.003109
-0.070330
-0.100769
-0.118267
-0.084580
-0.028231
0.003147
-0.018688
-0.048371
-0.069199
-0.085975
-0.091121
-0.054502
-0.001050
0.019689
0.037431
0.041861
0.056872
0.070177
0.085166
0.077869
0.062803
0.061386
0.067133
0.057476
0.028457
0.002573
0.012553
0.048985
0.074346
0.049265
-0.001466
-0.048870
-0.091950
-0.121569
-0.101322
-0.050981
0.015153
0.044486
0.021893
-0.058005
-0.136784
-0.156019
-0.124492
-0.062200
-0.007794
0.043282
0.082531
0.108132
0.084898
0.052672
0.014691
0.009145
0.041403
0.076346
0.093537
0.078921
0.062931
0.038164
0.033748
0.016627
-0.001386
0.007750
0.011269
-0.015350
-0.027070
0.000500
-0.005436
-0.055170
-0.082632
-0.088994
-0.090154
-0.068027
-0.033789
-0.028734
-0.023951
-0.005751
0.011333
0.006216
0.011284
0.024816
0.025943
0.045616
0.098001
0.132412
0.127923
0.084007
0.043513
0.002446
-0.015182
0.011654
0.071271
0.109951
0.092256
0.036164
-0.047714
-0.073663
-0.050710
-0.040651
-0.047960
-0.032117
-0.018652
-0.009554
-0.002594
-0.039714
-0.097013
-0.108438
-0.073946
-0.034183
0.002991
0.044613
0.054536
0.043167
0.028767
0.029097
0.043744
0.056649
0.067782
0.060603
0.046159
0.042599
0.052590
0.054239
0.027213
0.000781
-0.004409
0.015152
0.052362
0.071120
0.036885
-0.031577
-0.082894
-0.088383
-0.039327
0.004726
-0.011334
-0.062266
-0.090848
-0.078228
-0.026673
0.007034
0.015545
-0.006040
-0.012055
-0.003457
0.042812
0.078718
0.107837
0.113113
0.081234
0.055372
0.043595
0.070120
0.093151
0.082313
0.031557
0.008116
0.001879
-0.013094
-0.017378
-0.011780
-0.025768
-0.043996
-0.027247
-0.006652
-0.033667
-0.069748
-0.077986
-0.079387
-0.096830
-0.090262
-0.055501
-0.015245
0.005662
0.007902
-0.017522
-0.028742
-0.015877
0.024931
0.055056
0.076229
0.099587
0.121942
0.100614
0.052615
0.002904
-0.036209
-0.032191
0.018702
0.056156
0.066364
0.063504
0.020882
-0.041230
-0.059739
-0.052469
-0.079458
-0.084213
-0.037972
-0.006612
0.003299
-0.020733
-0.076796
-0.135667
-0.128808
-0.075539
-0.009781
0.045646
0.076016
0.055195
0.035200
0.042941
0.035779
0.016556
0.046748
0.076079
0.077332
0.067507
0.064651
0.043936
0.014894
0.002446
0.001464
-0.009803
-0.001030
0.002817
-0.014949
-0.043877
-0.056226
-0.073665
-0.089975
-0.083727
-0.053701
-0.032475
-0.035858
-0.067721
-0.087322
-0.080019
-0.049990
-0.021626
-0.000075
0.017362
0.023892
0.030723
0.047404
0.059555
0.051094
0.044170
0.031819
0.004386
-0.003075
0.018012
0.029877
0.007420
-0.013499
-0.009983
0.008194
0.014268
0.000034
-0.023478
-0.042446
-0.064064
-0.071405
-0.066885
-0.039878
-0.032001
-0.039981
-0.051626
-0.069153
-0.079228
-0.055950
-0.017100
-0.000082
0.020003
0.044103
0.066965
0.072346
0.063734
0.036881
0.019097
0.014970
0.030540
0.053109
0.058060
0.055668
0.053594
0.038870
-0.012152
-0.044228
-0.034457
-0.044432
-0.051039
-0.048123
-0.062294
-0.068583
-0.054767
-0.052693
-0.086754
-0.105180
-0.110004
-0.112021
-0.091141
-0.051554
-0.036674
-0.024671
0.013578
0.017190
0.000635
0.029298
0.063000
0.079021
0.098238
0.106861
0.085004
0.039843
0.006442
-0.025624
-0.025254
0.001635
0.070021
0.082941
0.046573
-0.008356
-0.044671
-0.077466
-0.079024
-0.049320
-0.056417
-0.066163
-0.063252
-0.050391
-0.037573
-0.019791
-0.040706
-0.094782
-0.100685
-0.063541
-0.001618
0.056667
0.104666
0.082175
0.050146
0.057681
0.075035
0.075788
0.082070
0.068081
0.036615
0.009973
0.038381
0.079981
0.078017
0.042145
0.008321
-0.019836
-0.028522
-0.014614
-0.038267
-0.087412
-0.119274
-0.098036
-0.050696
-0.019885
-0.025956
-0.084882
-0.121030
-0.114949
-0.082228
-0.048744
-0.004779
0.046205
0.061019
0.046173
0.029016
0.008996
0.019130
0.056279
0.080454
0.079985
0.076757
0.055751
0.018520
-0.008040
-0.007945
0.019478
0.051724
0.069568
0.039651
-0.036510
-0.095618
-0.099060
-0.055828
-0.015109
-0.011855
-0.024160
-0.052552
-0.075316
-0.080037
-0.053799
-0.038441
-0.014601
0.002371
0.007510
0.002687
0.022110
0.037325
0.045772
0.063474
0.099650
0.106415
0.096283
0.063058
0.014736
-0.021061
0.011283
0.063338
0.074470
0.060609
0.042003
0.008714
-0.046797
-0.068771
-0.071627
-0.085918
-0.085679
-0.047611
-0.027846
-0.018216
-0.027852
-0.075414
-0.140913
-0.126879
-0.061563
0.001172
0.052271
0.076169
0.038779
0.006064
0.011163
0.054068
0.075070
0.093636
0.095417
0.054592
0.001218
-0.007009
-0.009120
-0.027101
0.001517
0.080353
0.099489
0.074968
0.033096
-0.035366
-0.118167
-0.130016
-0.089302
-0.054932
-0.020874
0.013287
0.021089
-0.005187
-0.026704
-0.055580
-0.079740
-0.075668
-0.048049
0.012584
0.075413
0.125956
0.136174
0.103917
0.070251
0.067996
0.050324
0.031097
0.049955
0.073988
0.077843
0.070803
0.075800
0.046160
-0.002165
-0.028348
-0.030404
-0.024104
-0.011486
-0.007936
-0.035937
-0.082647
-0.114580
-0.086124
-0.044664
-0.052550
-0.066088
-0.064950
-0.054088
-0.029934
-0.008437
0.013399
0.027673
0.056943
0.060198
0.065316
0.069403
0.071289
0.083539
0.074633
0.077235
0.082195
0.062626
0.006509
-0.042476
-0.056482
-0.025342
0.036352
0.073521
0.076423
0.050023
-0.005840
-0.073276
-0.095249
-0.090056
-0.084016
-0.067778
-0.043232
-0.018792
0.006348
-0.002934
-0.036215
-0.059963
-0.034846
0.012382
0.069580
0.108390
0.108518
0.103369
0.099959
0.105778
0.092089
0.067656
0.053708
0.048315
0.037772
0.026778
0.041614
0.044676
0.031592
0.008502
-0.020684
-0.047991
-0.042017
-0.051365
-0.071685
-0.075527
-0.047315
-0.014424
0.001477
-0.023889
-0.089104
-0.119225
-0.097262
-0.052982
0.002343
0.055510
0.065084
0.055954
0.044577
0.034308
0.019321
0.033229
0.083308
0.136301
0.132817
0.110673
0.082147
0.034487
-0.012492
-0.018316
0.013109
0.039341
0.053106
0.042463
0.007138
-0.059054
-0.071097
-0.070158
-0.057591
-0.042828
-0.040713
-0.054413
-0.049803
-0.045838
-0.053355
-0.025843
0.006348
0.000138
0.006706
0.042793
0.077799
0.091079
0.127117
0.111347
0.064362
0.048577
0.072319
0.074608
0.073357
0.077498
0.054655
0.031836
0.010265
-0.005287
-0.017930
-0.010220
-0.007081
-0.023811
-0.039393
-0.050913
-0.068603
-0.073664
-0.069506
-0.090145
-0.122138
-0.113567
-0.077274
-0.042621
-0.013318
0.032908
0.044382
0.021084
0.017906
0.020037
0.032629
0.072853
0.125650
0.131959
0.084711
0.045131
0.001861
-0.019995
-0.014216
0.011172
0.025021
0.075280
0.107568
0.075714
-0.021405
-0.104254
-0.138909
-0.123220
-0.055291
0.001048
0.020748
0.002322
-0.033718
-0.084423
-0.105495
-0.096956
-0.085744
-0.044778
0.025001
0.090490
0.122154
0.119362
0.069146
0.025602
0.017222
0.017215
0.034230
0.063011
0.084668
0.062569
0.038579
0.030317
0.028536
0.004911
-0.045226
-0.082962
-0.088448
-0.064574
-0.021280
0.014086
-0.003900
-0.052123
-0.095486
-0.122537
-0.109494
-0.093035
-0.097594
-0.090109
-0.047603
-0.008759
0.021370
0.027108
0.009124
-0.009457
-0.011611
0.006221
0.056026
0.096814
0.098774
0.084446
0.056669
0.039843
0.011823
-0.007908
-0.005229
0.011464
0.013166
0.002691
-0.006990
-0.013474
-0.020075
-0.054500
-0.076419
-0.066209
-0.056676
-0.070471
-0.072219
-0.055670
-0.046053
-0.057477
-0.052160
-0.058696
-0.053114
-0.028604
0.026434
0.052698
0.040312
0.027054
0.027413
0.022659
0.026563
0.084489
0.100355
0.065693
0.029518
0.007312
-0.017240
0.001587
0.046117
0.033748
-0.014030
-0.050577
-0.061960
-0.083123
-0.075967
-0.070081
-0.073174
-0.079766
-0.085658
-0.084202
-0.074898
-0.078506
-0.085513
-0.076753
-0.049615
-0.008689
0.024103
0.028747
0.018953
-0.004202
0.003619
0.058730
0.103580
0.112799
0.088291
0.046844
0.019568
0.015693
-0.003891
-0.019887
-0.009006
0.017596
0.040316
0.044485
0.008183
-0.031590
-0.069646
-0.094652
-0.117372
-0.108059
-0.068103
-0.031880
-0.035330
-0.053766
-0.054299
-0.060117
-0.068134
-0.047460
0.011088
0.054853
0.068306
0.068206
0.039252
0.032803
0.047580
0.061857
0.067332
0.066576
0.059724
0.034466
0.024854
-0.006069
-0.008610
0.018701
0.041360
0.024719
-0.018142
-0.040039
-0.056819
-0.084126
-0.092173
-0.076046
-0.064986
-0.095708
-0.104055
-0.087412
-0.076336
-0.048290
-0.016508
-0.022831
-0.045235
-0.010145
0.017374
0.032381
0.048490
0.068035
0.068236
0.084312
0.115402
0.106603
0.066654
0.027065
-0.004292
-0.051162
-0.033433
0.039054
0.074726
0.064261
0.050063
0.014275
-0.042146
-0.060562
-0.070831
-0.100128
-0.122422
-0.084799
-0.033772
-0.010177
-0.010219
-0.037091
-0.094078
-0.121601
-0.075250
0.003827
0.074439
0.105756
0.104632
0.058078
0.029219
0.024255
0.027206
0.054725
0.081650
0.094660
0.114919
0.111077
0.078256
0.026352
-0.002306
-0.025205
-0.030993
-0.014215
0.009141
0.013568
0.023170
-0.006741
-0.056284
-0.088045
-0.077361
-0.081186
-0.094734
-0.103716
-0.101325
-0.061736
0.015781
0.055437
0.035545
0.008107
0.000096
-0.041089
-0.058058
0.005770
0.096879
0.128514
0.154475
0.145306
0.076741
-0.015767
-0.043543
-0.050152
-0.032476
0.032061
0.067132
0.057023
0.044662
0.037727
-0.024242
-0.090380
-0.115069
-0.105213
-0.104483
-0.068831
-0.017663
-0.014531
-0.047554
-0.068626
-0.090871
-0.097856
-0.038476
0.043658
0.083192
0.086602
0.093247
0.052253
0.018212
0.019282
0.042876
0.054257
0.072182
0.085519
0.081306
0.062384
0.045200
-0.007102
-0.074495
-0.080254
-0.026085
-0.003057
