-0.307897
-0.099858
0.116298
0.234079
0.200619
0.033308
-0.164565
-0.266185
-0.246187
-0.153364
-0.057224
-0.015829
-0.025062
-0.033986
-0.048217
-0.060860
-0.073921
-0.089548
-0.102487
-0.088807
-0.070622
-0.064551
-0.067220
-0.071696
-0.058561
-0.025134
0.013238
0.033047
0.040825
0.042943
0.083320
0.162605
0.219994
0.267365
0.306549
0.353265
0.324683
0.125162
-0.113569
-0.296064
-0.327289
-0.188544
0.038422
0.188250
0.218255
0.102254
-0.079838
-0.225575
-0.241384
-0.182728
-0.093129
-0.040101
-0.026357
-0.038706
-0.039309
-0.049374
-0.054474
-0.067573
-0.077324
-0.085063
-0.079119
-0.078815
-0.072010
-0.068770
-0.057388
-0.036927
-0.006974
0.010472
0.019271
0.020790
0.046645
0.122394
0.200025
0.240011
0.267799
0.285497
0.334122
0.284905
0.098751
-0.116127
-0.277248
-0.301140
-0.162633
0.045093
0.185160
0.209787
0.089815
-0.088919
-0.224468
-0.237268
-0.182517
-0.092781
-0.032209
-0.010988
-0.027068
-0.035499
-0.049307
-0.063395
-0.078128
-0.086757
-0.092331
-0.077322
-0.064702
-0.061996
-0.060246
-0.049102
-0.031507
-0.004481
0.015954
0.027114
0.041363
0.075034
0.145336
0.204895
0.238699
0.261636
0.290122
0.346610
0.250710
0.040386
-0.173543
-0.307962
-0.280732
-0.092157
0.104505
0.206181
0.174893
0.033284
-0.142202
-0.228464
-0.207718
-0.137214
-0.070640
-0.037611
-0.041609
-0.041944
-0.033158
-0.033931
-0.052907
-0.076376
-0.094247
-0.093573
-0.077661
-0.060329
-0.060413
-0.057560
-0.044405
-0.015125
0.013653
0.031557
0.033200
0.044639
0.087212
0.175868
0.231795
0.263179
0.269892
0.312379
0.310224
0.146873
-0.051571
-0.230224
-0.300194
-0.197148
0.006098
0.156824
0.215741
0.126209
-0.055584
-0.212433
-0.242069
-0.186311
-0.090671
-0.024452
-0.017959
-0.037201
-0.048608
-0.055344
-0.051979
-0.055036
-0.072362
-0.084809
-0.083995
-0.077023
-0.057953
-0.051561
-0.047256
-0.037618
-0.015878
0.002677
0.022299
0.033413
0.049911
0.099599
0.177867
0.226339
0.256920
0.274591
0.319651
0.302027
0.139152
-0.065608
-0.241393
-0.288913
-0.183405
0.006290
0.157030
0.201471
0.109145
-0.045715
-0.180057
-0.220707
-0.177879
-0.103033
-0.052932
-0.037612
-0.041548
-0.038421
-0.040094
-0.039114
-0.059333
-0.083413
-0.099223
-0.091199
-0.078417
-0.061720
-0.058229
-0.050385
-0.030031
-0.002091
0.018607
0.036738
0.046272
0.077904
0.143582
0.207462
0.234290
0.267323
0.292884
0.351987
0.262515
0.057493
-0.169224
-0.312140
-0.294994
-0.104134
0.106418
0.228137
0.197798
0.034454
-0.155055
-0.253955
-0.232917
-0.136957
-0.043828
-0.011300
-0.028638
-0.048617
-0.054263
-0.058522
-0.056514
-0.074548
-0.085468
-0.079502
-0.062975
-0.063567
-0.061840
-0.073307
-0.063252
-0.032577
0.010673
0.032637
0.044713
0.046822
0.071623
0.138921
0.209179
0.242287
0.271179
0.312375
0.352293
0.223336
0.011239
-0.210166
-0.324433
-0.264374
-0.052565
0.132463
0.224712
0.164463
-0.000278
-0.173960
-0.236373
-0.207351
-0.125465
-0.051714
-0.022272
-0.040006
-0.045770
-0.047644
-0.050210
-0.060531
-0.074400
-0.088737
-0.082472
-0.069815
-0.062480
-0.066937
-0.062529
-0.044699
-0.015428
0.013590
0.027030
0.035078
0.050881
0.096411
0.175689
0.225464
0.248110
0.263431
0.299773
0.313629
0.181248
-0.020350
-0.225920
-0.307531
-0.223454
-0.020458
0.153738
0.225324
0.136244
-0.033509
-0.187663
-0.233429
-0.193329
-0.105605
-0.046304
-0.028627
-0.040861
-0.043180
-0.040281
-0.041181
-0.058988
-0.081295
-0.096252
-0.092543
-0.074298
-0.060541
-0.054150
-0.048604
-0.035155
-0.014400
0.009203
0.032227
0.045395
0.066094
0.122746
0.193028
0.227635
0.255133
0.268851
0.328219
0.306903
0.124199
-0.098884
-0.266070
-0.297129
-0.163775
0.052686
0.196785
0.209847
0.085282
-0.098180
-0.237132
-0.236233
-0.153526
-0.060628
-0.017608
-0.021386
-0.054113
-0.058131
-0.051644
-0.047568
-0.055970
-0.070437
-0.087335
-0.085992
-0.078393
-0.068322
-0.062608
-0.050471
-0.027456
0.004229
0.028622
0.035982
0.035099
0.056979
0.118237
0.203756
0.252758
0.279339
0.289449
0.338733
0.266130
0.077373
-0.121639
-0.270324
-0.280741
-0.135428
0.056451
0.180604
0.192825
0.074198
-0.102393
-0.220316
-0.223128
-0.161662
-0.076907
-0.017729
-0.017219
-0.046379
-0.057257
-0.057517
-0.059218
-0.060020
-0.066460
-0.078799
-0.073956
-0.072700
-0.078716
-0.073254
-0.052383
-0.026799
0.001624
0.028774
0.044702
0.062655
0.101407
0.169879
0.217176
0.246308
0.266777
0.308371
0.355918
0.228438
0.010540
-0.200683
-0.321724
-0.275008
-0.060885
0.141743
0.238371
0.187695
0.012290
-0.179592
-0.255956
-0.222853
-0.141808
-0.055776
-0.010847
-0.021437
-0.035847
-0.037564
-0.049311
-0.062550
-0.075451
-0.093615
-0.093115
-0.061513
-0.047791
-0.054842
-0.058766
-0.050620
-0.027433
0.014464
0.041845
0.048658
0.059325
0.100082
0.164735
0.215012
0.251946
0.272413
0.314125
0.312430
0.150191
-0.060267
-0.244682
-0.305274
-0.200601
0.011674
0.173373
0.219311
0.124178
-0.056381
-0.209862
-0.247168
-0.194941
-0.098786
-0.018856
-0.006106
-0.032357
-0.051163
-0.060715
-0.064606
-0.072352
-0.079354
-0.086680
-0.074335
-0.064930
-0.067639
-0.070497
-0.056888
-0.030248
0.001048
0.025313
0.033388
0.042147
0.067746
0.129333
0.196503
0.236279
0.269939
0.279550
0.320804
0.254206
0.064439
-0.142139
-0.268551
-0.272742
-0.116057
0.073575
0.183507
0.170117
0.050897
-0.111908
-0.215535
-0.211699
-0.153196
-0.083636
-0.042102
-0.038535
-0.047390
-0.037859
-0.039939
-0.053754
-0.081110
-0.100643
-0.106988
-0.073987
-0.058636
-0.059294
-0.058911
-0.044299
-0.030659
-0.000545
0.017467
0.033453
0.052864
0.099651
0.169834
0.231098
0.262174
0.274223
0.311560
0.327938
0.166050
-0.047340
-0.235256
-0.313318
-0.224510
-0.013843
0.151706
0.210535
0.136078
-0.039539
-0.201457
-0.239929
-0.189703
-0.110488
-0.047164
-0.027804
-0.050352
-0.051187
-0.044065
-0.045237
-0.059726
-0.077495
-0.095871
-0.093190
-0.071655
-0.063777
-0.070876
-0.063569
-0.046877
-0.016476
0.021630
0.035865
0.034026
0.054635
0.110953
0.177762
0.218542
0.249507
0.269362
0.324802
0.313530
0.135567
-0.080732
-0.263404
-0.310733
-0.193553
0.024154
0.176098
0.211756
0.101744
-0.075784
-0.221310
-0.241674
-0.180073
-0.092884
-0.038373
-0.030010
-0.050444
-0.049129
-0.049016
-0.054594
-0.069756
-0.087229
-0.100606
-0.085769
-0.067113
-0.063969
-0.071098
-0.060439
-0.044686
-0.009494
0.027197
0.051411
0.058395
0.086125
0.135607
0.191139
0.228625
0.256988
0.295399
0.363992
0.265780
0.034469
-0.182927
-0.305883
-0.282682
-0.089419
0.113930
0.212809
0.180061
0.032382
-0.154224
-0.245402
-0.215266
-0.139740
-0.065414
-0.027114
-0.031802
-0.049025
-0.049729
-0.055418
-0.059568
-0.073517
-0.088824
-0.093879
-0.071856
-0.067293
-0.070571
-0.069240
-0.048502
-0.021244
0.013802
0.033090
0.040243
0.056619
0.108841
0.181474
0.232062
0.263476
0.277350
0.321953
0.306491
0.131698
-0.074419
-0.242430
-0.288528
-0.186267
0.009798
0.150400
0.201766
0.117340
-0.045636
-0.197612
-0.236041
-0.198765
-0.117279
-0.053847
-0.022051
-0.032417
-0.034672
-0.046880
-0.057625
-0.074351
-0.083800
-0.098867
-0.080555
-0.065072
-0.057626
-0.061329
-0.047956
-0.029498
-0.005116
0.015932
0.037500
0.050517
0.098901
0.167898
0.220939
0.252352
0.273323
0.301247
0.343775
0.216882
0.000696
-0.215064
-0.321990
-0.261361
-0.046440
0.144207
0.228468
0.166316
-0.005698
-0.185099
-0.252885
-0.213791
-0.125373
-0.040995
-0.010303
-0.030339
-0.042633
-0.041063
-0.049481
-0.059139
-0.067383
-0.087548
-0.089229
-0.071106
-0.073133
-0.070757
-0.055826
-0.038904
-0.014805
0.018561
0.035697
0.043849
0.061199
0.110876
0.176166
0.229101
0.258364
0.272043
0.328989
0.306661
0.121928
-0.086689
-0.243575
-0.289933
-0.175598
0.028466
0.162010
0.191648
0.101788
-0.062427
-0.199074
-0.216847
-0.174956
-0.103952
-0.049380
-0.023803
-0.039120
-0.035514
-0.039471
-0.049557
-0.066616
-0.081592
-0.094768
-0.078490
-0.064481
-0.064610
-0.064551
-0.056345
-0.036826
-0.006583
0.020137
0.033146
0.045553
0.091499
0.158087
0.213191
0.244772
0.252467
0.272029
0.345376
0.271604
0.059237
-0.148648
-0.292614
-0.288534
-0.118992
0.089680
0.200105
0.191919
0.058209
-0.122484
-0.235567
-0.224904
-0.159165
-0.082704
-0.034527
-0.031443
-0.036848
-0.031595
-0.038406
-0.058355
-0.081987
-0.105087
-0.105314
-0.076631
-0.058771
-0.057884
-0.056855
-0.052146
-0.032029
0.009678
0.037077
0.050077
0.071445
0.123743
0.187396
0.230639
0.261917
0.276146
0.334889
0.317662
0.129551
-0.089605
-0.267551
-0.321275
-0.197055
0.023157
0.176999
0.222272
0.122127
-0.067277
-0.223423
-0.252737
-0.199293
-0.104523
-0.031690
-0.010436
-0.031476
-0.035115
-0.046480
-0.062826
-0.078181
-0.091198
-0.105526
-0.083039
-0.063673
-0.058675
-0.058175
-0.052942
-0.044391
-0.011881
0.018000
0.035229
0.053912
0.092777
0.149363
0.199161
0.232627
0.258404
0.291495
0.341791
0.235409
0.012584
-0.200261
-0.313156
-0.257453
-0.065923
0.122307
0.206302
0.161058
0.010082
-0.152419
-0.231349
-0.212357
-0.148232
-0.083000
-0.042363
-0.036172
-0.030470
-0.028543
-0.044363
-0.070401
-0.091893
-0.107284
-0.099553
-0.074654
-0.064658
-0.064608
-0.062515
-0.047260
-0.019861
0.005025
0.022556
0.034897
0.060170
0.131256
0.208613
0.253951
0.276541
0.281767
0.350003
0.308584
0.093329
-0.146385
-0.322060
-0.334125
-0.154576
0.091175
0.222607
0.220218
0.077915
-0.127642
-0.264386
-0.256340
-0.174660
-0.079086
-0.020852
-0.021508
-0.047039
-0.043653
-0.046351
-0.062686
-0.076696
-0.090676
-0.095954
-0.066002
-0.053410
-0.058893
-0.065226
-0.060215
-0.043206
0.000654
0.040058
0.060792
0.073252
0.115806
0.174664
0.224196
0.271512
0.289790
0.341646
0.318238
0.111393
-0.121369
-0.289195
-0.316254
-0.168581
0.059859
0.195956
0.205449
0.089687
-0.092205
-0.228230
-0.232669
-0.170894
-0.091415
-0.038400
-0.026629
-0.040368
-0.038739
-0.041797
-0.053585
-0.072424
-0.089540
-0.106485
-0.080951
-0.059991
-0.059750
-0.065712
-0.056364
-0.035751
0.004430
0.032653
0.046449
0.059967
0.102681
0.157668
0.210229
0.249666
0.278506
0.340616
0.390981
0.217809
-0.039914
-0.276864
-0.378038
-0.277154
-0.009049
0.200928
0.268202
0.170175
-0.040408
-0.228322
-0.271378
-0.204095
-0.110124
-0.034972
-0.015207
-0.032806
-0.044223
-0.035115
-0.047015
-0.059609
-0.081207
-0.098861
-0.086724
-0.054643
-0.061877
-0.073517
-0.071010
-0.046134
-0.005900
0.037744
0.047899
0.049036
0.070058
0.133779
0.202767
0.260890
0.288504
0.305317
0.352061
0.264746
0.036622
-0.177981
-0.323421
-0.300707
-0.106792
0.118498
0.225219
0.199688
0.043178
-0.149193
-0.252858
-0.228121
-0.152220
-0.066720
-0.020086
-0.023820
-0.038267
-0.033438
-0.037663
-0.053567
-0.071223
-0.088767
-0.095699
-0.073570
-0.064144
-0.066637
-0.064129
-0.046785
-0.018059
0.015978
0.036679
0.043217
0.058928
0.105345
0.173782
0.218634
0.258882
0.272883
0.318652
0.334256
0.176540
-0.049352
-0.256943
-0.337190
-0.239658
-0.006591
0.177884
0.239938
0.144969
-0.041667
-0.214680
-0.256764
-0.203338
-0.106667
-0.033803
-0.001137
-0.023661
-0.038186
-0.047183
-0.055343
-0.075390
-0.086816
-0.099758
-0.084122
-0.065699
-0.063013
-0.069139
-0.061261
-0.039740
-0.009519
0.023395
0.044862
0.054892
0.079041
0.140010
0.202123
0.255146
0.286565
0.317320
0.364855
0.247280
0.008947
-0.214161
-0.340506
-0.284531
-0.068088
0.142773
0.235182
0.181841
0.010074
-0.179358
-0.265171
-0.228994
-0.140038
-0.050472
-0.009555
-0.018166
-0.039085
-0.041842
-0.050568
-0.065144
-0.078868
-0.089263
-0.093635
-0.068528
-0.060754
-0.068263
-0.066337
-0.048874
-0.022215
0.017071
0.039622
0.044992
0.059542
0.113002
0.176094
0.226350
0.266976
0.284939
0.348417
0.311271
0.105290
-0.110950
-0.284211
-0.317848
-0.168806
0.052243
0.185854
0.208041
0.093974
-0.088101
-0.214661
-0.218764
-0.167869
-0.090365
-0.037488
-0.033164
-0.045590
-0.033410
-0.031923
-0.045587
-0.057561
-0.077459
-0.096947
-0.085896
-0.074379
-0.080449
-0.075458
-0.057197
-0.026197
0.010658
0.038263
0.047553
0.062194
0.105365
0.176867
0.234059
0.281186
0.297112
0.346679
0.329977
0.130031
-0.108759
-0.285739
-0.321408
-0.188014
0.048818
0.203259
0.227663
0.105715
-0.085490
-0.236468
-0.241583
-0.170812
-0.074568
-0.023911
-0.017727
-0.043218
-0.048579
-0.041751
-0.039437
-0.058092
-0.076191
-0.089428
-0.088381
-0.074587
-0.065524
-0.066386
-0.053808
-0.024492
0.007133
0.036180
0.045601
0.053023
0.078690
0.145470
0.205121
0.261899
0.291685
0.325321
0.344598
0.197678
-0.033598
-0.235785
-0.320971
-0.245411
-0.024236
0.161228
0.229084
0.152757
-0.010521
-0.182150
-0.240742
-0.203730
-0.123041
-0.057860
-0.022201
-0.029686
-0.039496
-0.033005
-0.037848
-0.059490
-0.073593
-0.089649
-0.097411
-0.079596
-0.068713
-0.064794
-0.049854
-0.025255
-0.004108
0.017417
0.029499
0.036606
0.064729
0.129731
0.202529
0.246184
0.260637
0.269850
0.329610
0.274231
0.081137
-0.126527
-0.281818
-0.298353
-0.137870
0.071892
0.192232
0.192886
0.063980
-0.117091
-0.228023
-0.219623
-0.155415
-0.072570
-0.032598
-0.032390
-0.050153
-0.041079
-0.042256
-0.045047
-0.057838
-0.073554
-0.089069
-0.086212
-0.081144
-0.072470
-0.058283
-0.039275
-0.011985
0.011721
0.025402
0.028619
0.044957
0.088679
0.165305
0.226782
0.262960
0.268386
0.317373
0.328953
0.160978
-0.055709
-0.245593
-0.313526
-0.220679
0.000343
0.165289
0.214735
0.130923
-0.039966
-0.203756
-0.237879
-0.190128
-0.110431
-0.047416
-0.020139
-0.033479
-0.038361
-0.035434
-0.047719
-0.062628
-0.073960
-0.087421
-0.087302
-0.070749
-0.063130
-0.064669
-0.056801
-0.035865
-0.007417
0.016746
0.035909
0.040488
0.061634
0.123764
0.195181
0.237973
0.263646
0.286590
0.340707
0.259535
0.056125
-0.162667
-0.298696
-0.294014
-0.115626
0.088732
0.205226
0.188320
0.056835
-0.121931
-0.225713
-0.224962
-0.163973
-0.084955
-0.032659
-0.017781
-0.031129
-0.027792
-0.041042
-0.062023
-0.079708
-0.088520
-0.092116
-0.073215
-0.061513
-0.060473
-0.065247
-0.051522
-0.027135
0.006616
0.030686
0.042244
0.056361
0.105641
0.165253
0.211241
0.242420
0.256113
0.310617
0.322497
0.146264
-0.075348
-0.256210
-0.311402
-0.195704
0.024705
0.166879
0.195252
0.099280
-0.068351
-0.209137
-0.225325
-0.175668
-0.095104
-0.043885
-0.029862
-0.044289
-0.038255
-0.034256
-0.043686
-0.067349
-0.085068
-0.094499
-0.084526
-0.069219
-0.068362
-0.068605
-0.061993
-0.040287
-0.006151
0.025464
0.041896
0.048760
0.067863
0.133645
0.201370
0.245408
0.266334
0.294690
0.328194
0.209517
0.006336
-0.190959
-0.295292
-0.250574
-0.063110
0.113426
0.194651
0.151363
0.007416
-0.157768
-0.228892
-0.204948
-0.131724
-0.062999
-0.026255
-0.026115
-0.040717
-0.040247
-0.050100
-0.072528
-0.079548
-0.083421
-0.087676
-0.076434
-0.070970
-0.073711
-0.063231
-0.042070
-0.012318
0.015934
0.033971
0.040525
0.057583
0.107784
0.179530
0.229025
0.255124
0.272737
0.329951
0.271379
0.077117
-0.124960
-0.261663
-0.278376
-0.138588
0.051985
0.161762
0.167457
0.063122
-0.093821
-0.196982
-0.195186
-0.154193
-0.092145
-0.052315
-0.037765
-0.041186
-0.028118
-0.031164
-0.044204
-0.071924
-0.086077
-0.096081
-0.084548
-0.077447
-0.067123
-0.061457
-0.043883
-0.025337
0.004999
0.018291
0.022163
0.033067
0.077703
0.161692
0.232411
0.267767
0.273506
0.306493
0.330832
0.185729
-0.035043
-0.230695
-0.319169
-0.235465
-0.024641
0.155744
0.219503
0.142353
-0.025919
-0.184613
-0.235231
-0.193596
-0.113925
-0.051886
-0.030308
-0.035767
-0.037109
-0.033330
-0.041367
-0.060256
-0.079368
-0.089991
-0.084972
-0.069669
-0.061782
-0.065401
-0.064652
-0.046095
-0.015871
0.017673
0.044939
0.054255
0.084456
0.148188
0.215388
0.253234
0.272926
0.298964
0.338044
0.219842
0.008976
-0.200284
-0.304945
-0.256054
-0.056823
0.122812
0.207531
0.156165
0.004507
-0.163397
-0.230263
-0.203759
-0.124905
-0.052401
-0.019690
-0.029159
-0.038657
-0.037854
-0.044753
-0.055588
-0.069185
-0.082096
-0.085810
-0.074044
-0.070245
-0.067036
-0.057624
-0.037530
-0.009356
0.023533
0.039542
0.042638
0.056942
0.121387
0.193504
0.243229
0.277079
0.289696
0.329164
0.250918
0.053126
-0.145091
-0.266305
-0.268311
-0.119572
0.071736
0.187743
0.184017
0.066828
-0.106981
-0.220382
-0.222732
-0.162969
-0.083253
-0.030116
-0.018806
-0.032957
-0.036283
-0.042571
-0.058412
-0.070420
-0.083749
-0.091309
-0.077929
-0.063456
-0.066222
-0.065987
-0.056498
-0.028721
0.010313
0.047436
0.061818
0.074424
0.118314
0.192638
0.241137
0.279932
0.301899
0.341419
0.264798
0.054362
-0.158473
-0.292844
-0.284394
-0.119048
0.089188
0.201885
0.188485
0.057104
-0.117392
-0.228430
-0.223202
-0.159475
-0.082576
-0.030786
-0.016114
-0.027807
-0.028678
-0.036851
-0.059580
-0.076724
-0.087921
-0.090579
-0.072412
-0.055753
-0.064759
-0.068592
-0.061644
-0.035557
0.000724
0.037095
0.048923
0.071297
0.117931
0.186202
0.224840
0.249399
0.268616
0.334044
0.311015
0.126248
-0.089373
-0.262776
-0.309950
-0.175279
0.040087
0.179477
0.206235
0.099382
-0.081366
-0.216019
-0.228448
-0.180804
-0.098880
-0.035019
-0.015228
-0.032076
-0.037267
-0.046039
-0.060387
-0.071910
-0.078818
-0.090226
-0.076764
-0.061529
-0.064422
-0.066272
-0.056432
-0.033271
0.002157
0.035594
0.047623
0.065028
0.109592
0.177091
0.232245
0.271936
0.288598
0.338077
0.303396
0.112474
-0.118234
-0.287407
-0.314480
-0.168343
0.057533
0.198392
0.207928
0.085019
-0.092226
-0.220587
-0.225903
-0.166051
-0.087692
-0.043912
-0.037021
-0.049857
-0.037018
-0.028259
-0.037490
-0.060341
-0.086640
-0.103638
-0.080656
-0.061832
-0.062396
-0.061410
-0.057851
-0.043340
-0.004075
0.041457
0.058144
0.080759
0.122974
0.183588
0.237472
0.286064
0.301326
0.354478
0.284055
0.068402
-0.155417
-0.300162
-0.311388
-0.142067
0.075231
0.201358
0.202943
0.079127
-0.111730
-0.238533
-0.240813
-0.176873
-0.088465
-0.026253
-0.004805
-0.021387
-0.029383
-0.044698
-0.061676
-0.076449
-0.080069
-0.088215
-0.068760
-0.059473
-0.062871
-0.069645
-0.059379
-0.038039
0.003404
0.033170
0.050545
0.070937
0.127068
0.192616
0.237346
0.266629
0.283362
0.340143
0.292484
0.077851
-0.148431
-0.297735
-0.307022
-0.141116
0.083578
0.213757
0.207596
0.078772
-0.115904
-0.247644
-0.244189
-0.168357
-0.080702
-0.019214
-0.008597
-0.038216
-0.043488
-0.046230
-0.063994
-0.076327
-0.082080
-0.089646
-0.064080
-0.057742
-0.071987
-0.081371
-0.058432
-0.035858
0.004673
0.046303
0.071485
0.094005
0.152441
0.195241
0.228659
0.266336
0.312147
0.366110
0.250271
0.013446
-0.229856
-0.353884
-0.300204
-0.075821
0.149736
0.250556
0.186997
0.002716
-0.195536
-0.276647
-0.231336
-0.133107
-0.042976
-0.007590
-0.016608
-0.042439
-0.040510
-0.049634
-0.065738
-0.074379
-0.081151
-0.080099
-0.055848
-0.060781
-0.078755
-0.089253
-0.066594
-0.024970
0.032582
0.064426
0.077402
0.098886
0.157767
0.210910
0.264930
0.300107
0.371261
0.351299
0.146489
-0.116728
-0.322427
-0.364139
-0.211960
0.044884
0.223392
0.253845
0.122863
-0.090228
-0.258436
-0.274570
-0.193585
-0.086114
-0.022067
-0.010278
-0.035477
-0.047063
-0.046290
-0.048209
-0.056584
-0.067424
-0.086529
-0.076388
-0.067560
-0.073492
-0.080427
-0.067697
-0.038973
-0.001524
0.040625
0.062996
0.087107
0.141926
0.203335
0.247978
0.293564
0.342137
0.382332
0.229641
-0.016192
-0.246279
-0.347125
-0.283375
-0.054898
0.154079
0.240255
0.172609
-0.003505
-0.196695
-0.267777
-0.217157
-0.125212
-0.045795
-0.007240
-0.018233
-0.044907
-0.048426
-0.057003
-0.064555
-0.062538
-0.065434
-0.071082
-0.051751
-0.068610
-0.087689
-0.084655
-0.055535
-0.013633
0.040317
0.064304
0.082501
0.134454
0.199921
0.245079
0.295328
0.341508
0.390929
0.260169
0.005636
-0.242195
-0.366083
-0.307309
-0.078481
0.143418
0.247599
0.196132
0.027303
-0.165609
-0.266142
-0.237360
-0.156660
-0.070196
-0.025245
-0.012209
-0.022552
-0.019371
-0.035083
-0.058321
-0.077709
-0.075813
-0.075017
-0.049974
-0.053089
-0.074661
-0.085455
-0.063853
-0.029626
0.018856
0.051922
0.073676
0.109224
0.173739
0.218393
0.260225
0.285013
0.341471
0.331016
0.148205
-0.089523
-0.279188
-0.332289
-0.207069
0.020672
0.188248
0.229052
0.121907
-0.063396
-0.221035
-0.254280
-0.197077
-0.105171
-0.043396
-0.019598
-0.022781
-0.029574
-0.033558
-0.039595
-0.055572
-0.068611
-0.078029
-0.067059
-0.056624
-0.062322
-0.074549
-0.074208
-0.047960
-0.005570
0.035187
0.065837
0.090888
0.136719
0.185356
0.218144
0.257903
0.307095
0.368752
0.264867
0.034412
-0.208834
-0.333803
-0.296523
-0.091425
0.123232
0.231877
0.188251
0.030576
-0.155131
-0.254510
-0.236238
-0.156419
-0.070916
-0.022027
-0.005966
-0.017485
-0.027909
-0.044462
-0.067743
-0.078222
-0.075583
-0.067358
-0.045942
-0.045169
-0.064461
-0.081623
-0.068883
-0.036730
0.013372
0.052411
0.077974
0.110639
0.171928
0.208752
0.249708
0.290519
0.361301
0.340829
0.142590
-0.111504
-0.306329
-0.334527
-0.187154
0.047895
0.200958
0.219255
0.090456
-0.094037
-0.230360
-0.235587
-0.172568
-0.090393
-0.038635
-0.027245
-0.031487
-0.029230
-0.034780
-0.045696
-0.056505
-0.067147
-0.070174
-0.054071
-0.048692
-0.068213
-0.087435
-0.085821
-0.053771
0.001034
0.050938
0.074318
0.086502
0.128199
0.180147
0.227899
0.283302
0.328311
0.371888
0.239951
-0.000232
-0.225671
-0.331137
-0.276110
-0.064448
0.130061
0.219846
0.165181
0.013530
-0.158558
-0.234825
-0.210349
-0.143317
-0.071640
-0.027204
-0.015766
-0.019508
-0.025590
-0.037570
-0.053714
-0.063775
-0.065538
-0.068057
-0.059076
-0.065022
-0.078593
-0.081294
-0.052588
-0.017715
0.022620
0.047125
0.069097
0.102596
0.167931
0.211441
0.254263
0.288936
0.360156
0.331335
0.128722
-0.112238
-0.292579
-0.336234
-0.197449
0.033463
0.189199
0.222126
0.112321
-0.070693
-0.217835
-0.238980
-0.186835
-0.108520
-0.048658
-0.019084
-0.018436
-0.018999
-0.028139
-0.042244
-0.064370
-0.072906
-0.076371
-0.059729
-0.050711
-0.058482
-0.076737
-0.076939
-0.054493
-0.011006
0.032019
0.060714
0.085368
0.136091
0.195716
0.236323
0.269434
0.305553
0.351713
0.241962
0.024852
-0.197201
-0.315645
-0.290591
-0.100680
0.101091
0.213668
0.189637
0.048210
-0.136202
-0.237318
-0.230156
-0.164631
-0.085328
-0.027457
-0.006839
-0.009636
-0.016531
-0.035866
-0.055725
-0.066667
-0.068979
-0.070534
-0.054517
-0.054654
-0.066915
-0.073969
-0.058240
-0.036979
0.005069
0.037208
0.066834
0.097108
0.155793
0.199992
0.240556
0.267829
0.327982
0.338431
0.177630
-0.058611
-0.259110
-0.333062
-0.235413
-0.012199
0.168043
0.230866
0.142400
-0.028667
-0.194085
-0.242741
-0.201735
-0.118597
-0.048538
-0.013358
-0.013239
-0.020153
-0.034625
-0.049444
-0.059481
-0.063314
-0.065650
-0.060682
-0.054461
-0.061976
-0.072878
-0.076324
-0.056624
-0.018356
0.030979
0.058854
0.076323
0.103763
0.168492
0.212936
0.256759
0.293911
0.347824
0.291737
0.091080
-0.146798
-0.306569
-0.314246
-0.150939
0.070197
0.206163
0.208788
0.082728
-0.099491
-0.229558
-0.236390
-0.175224
-0.090859
-0.034638
-0.012030
-0.019136
-0.020806
-0.032355
-0.047434
-0.068353
-0.070087
-0.070641
-0.053414
-0.056568
-0.069813
-0.082974
-0.070078
-0.044005
-0.001776
0.043605
0.072182
0.086797
0.126870
0.186146
0.234534
0.269436
0.319771
0.359695
0.229296
0.000214
-0.213105
-0.328868
-0.280237
-0.075363
0.125718
0.222093
0.182119
0.025173
-0.160034
-0.246773
-0.225299
-0.151552
-0.068085
-0.019800
-0.006400
-0.010614
-0.025381
-0.043876
-0.056535
-0.063677
-0.067844
-0.065401
-0.059077
-0.066698
-0.071241
-0.076041
-0.055970
-0.017734
0.021288
0.041618
0.054210
0.080564
0.157130
0.216957
0.258663
0.274471
0.316851
0.307094
0.150706
-0.071967
-0.247688
-0.319259
-0.219717
-0.013328
0.157738
0.217018
0.143234
-0.028029
-0.192393
-0.245698
-0.208844
-0.131243
-0.052555
-0.011919
-0.011016
-0.015486
-0.023952
-0.041028
-0.057070
-0.063616
-0.075662
-0.072263
-0.060908
-0.068653
-0.079799
-0.072078
-0.048447
-0.009045
0.029337
0.046498
0.064958
0.097082
0.158515
0.202964
0.242651
0.265119
0.318773
0.303146
0.139187
-0.076971
-0.256309
-0.313724
-0.209013
0.001367
0.159294
0.202800
0.114600
-0.046284
-0.195033
-0.234062
-0.193910
-0.118190
-0.052493
-0.018824
-0.013768
-0.017125
-0.024135
-0.041416
-0.057492
-0.071740
-0.081406
-0.070087
-0.053966
-0.059183
-0.067871
-0.065969
-0.045865
-0.011476
0.025172
0.044398
0.064305
0.105058
0.168769
0.206458
0.238437
0.262456
0.320433
0.298859
0.127842
-0.097316
-0.268857
-0.316941
-0.192589
0.023273
0.180154
0.215883
0.119854
-0.061604
-0.215202
-0.244180
-0.193634
-0.110858
-0.037077
-0.008469
-0.018490
-0.024692
-0.030399
-0.049590
-0.064963
-0.074032
-0.086338
-0.072697
-0.057563
-0.060857
-0.070016
-0.058909
-0.040448
-0.010221
0.027795
0.056442
0.082703
0.128446
0.181286
0.214056
0.251308
0.291285
0.350043
0.276128
0.067312
-0.166607
-0.321296
-0.320433
-0.138055
0.089998
0.221712
0.213666
0.071904
-0.121484
-0.246761
-0.245226
-0.182093
-0.091694
-0.025386
-0.002934
-0.013949
-0.019004
-0.028723
-0.052245
-0.072698
-0.078964
-0.083931
-0.066920
-0.057630
-0.066455
-0.075459
-0.057763
-0.027607
0.009681
0.038808
0.064893
0.088508
0.140594
0.193227
0.233090
0.261866
0.305656
0.333870
0.215695
-0.010453
-0.226653
-0.323723
-0.261187
-0.054016
0.142405
0.226091
0.158740
-0.004890
-0.178366
-0.253079
-0.221674
-0.136651
-0.056478
-0.013258
-0.007844
-0.021188
-0.033850
-0.044318
-0.061310
-0.075812
-0.079083
-0.071205
-0.057075
-0.054170
-0.068637
-0.076314
-0.055488
-0.019284
0.022915
0.052357
0.066830
0.082568
0.139946
0.199453
0.238638
0.272206
0.324162
0.339500
0.190950
-0.033806
-0.243272
-0.336937
-0.261347
-0.044441
0.144585
0.231392
0.169968
-0.000041
-0.182141
-0.253280
-0.223548
-0.137607
-0.049049
-0.005585
-0.002138
-0.011255
-0.025544
-0.044837
-0.064593
-0.077812
-0.081375
-0.071614
-0.056677
-0.061741
-0.066274
-0.064696
-0.046570
-0.014380
0.025776
0.044365
0.059109
0.087009
0.139994
0.192634
0.237869
0.263015
0.311208
0.337433
0.201114
-0.021850
-0.236120
-0.333990
-0.260698
-0.040731
0.161989
0.243465
0.168858
-0.012913
-0.201755
-0.273369
-0.226907
-0.121172
-0.029502
0.007709
-0.000732
-0.029653
-0.051308
-0.061892
-0.067815
-0.068479
-0.069082
-0.063773
-0.054039
-0.059155
-0.067067
-0.064641
-0.042837
-0.009948
0.025705
0.051103
0.071835
0.100250
0.159319
0.215225
0.251656
0.278169
0.336837
0.324839
0.140699
-0.087662
-0.268786
-0.330396
-0.212401
0.013877
0.180366
0.223863
0.128839
-0.057551
-0.217466
-0.245030
-0.188888
-0.103132
-0.030873
-0.005503
-0.017512
-0.025761
-0.030421
-0.042092
-0.055031
-0.057909
-0.066564
-0.068567
-0.066240
-0.069960
-0.073349
-0.058791
-0.033862
0.002006
0.030500
0.043952
0.056597
0.083244
0.140377
0.202512
0.240787
0.262658
0.315304
0.339395
0.195436
-0.028398
-0.228412
-0.325778
-0.256542
-0.040901
0.150995
0.231175
0.166621
-0.004747
-0.186880
-0.252135
-0.212495
-0.127603
-0.043750
-0.007428
-0.007641
-0.019213
-0.029626
-0.046506
-0.058433
-0.068112
-0.073841
-0.076339
-0.064990
-0.063209
-0.064120
-0.059480
-0.040471
-0.009510
0.027254
0.050007
0.059173
0.084084
0.145091
0.207644
0.250197
0.286325
0.331304
0.347718
0.191929
-0.039636
-0.251097
-0.336549
-0.248468
-0.024532
0.166142
0.237448
0.160477
-0.014150
-0.184763
-0.247209
-0.208849
-0.127302
-0.049002
-0.013363
-0.012198
-0.018607
-0.027385
-0.038567
-0.054466
-0.069422
-0.085150
-0.076165
-0.054554
-0.057231
-0.065572
-0.057700
-0.037240
-0.004032
0.031991
0.049180
0.064007
0.095469
0.157069
0.213689
0.260578
0.296171
0.342574
0.334619
0.155277
-0.079780
-0.274247
-0.331670
-0.220193
0.006155
0.176405
0.224200
0.130459
-0.043821
-0.201364
-0.242315
-0.196839
-0.116240
-0.042211
-0.010044
-0.011987
-0.016901
-0.023971
-0.040097
-0.058050
-0.071763
-0.083863
-0.078866
-0.063062
-0.060814
-0.062304
-0.055430
-0.035449
-0.005303
0.026226
0.043256
0.054035
0.085528
0.152777
0.211016
0.249383
0.272699
0.317513
0.330501
0.188088
-0.034623
-0.231083
-0.323274
-0.251995
-0.042302
0.144961
0.222272
0.158293
-0.006479
-0.181702
-0.248229
-0.215708
-0.130681
-0.047597
-0.007125
-0.013267
-0.030204
-0.037534
-0.041565
-0.053964
-0.069607
-0.083342
-0.086028
-0.070450
-0.060928
-0.059555
-0.051770
-0.037079
-0.018495
0.007838
0.036080
0.058876
0.097318
0.155337
0.209488
0.241681
0.264564
0.308413
0.342261
0.205350
-0.019194
-0.229978
-0.334470
-0.270858
-0.058596
0.135793
0.217019
0.162811
-0.003788
-0.178492
-0.247163
-0.213980
-0.138049
-0.060893
-0.020131
-0.012757
-0.019445
-0.031097
-0.047353
-0.064945
-0.078465
-0.088346
-0.083446
-0.070751
-0.066884
-0.066764
-0.063577
-0.044527
-0.008926
0.023316
0.038489
0.048137
0.069858
0.122180
0.192039
0.239138
0.269393
0.304821
0.337927
0.219260
0.000173
-0.213110
-0.336237
-0.290527
-0.081884
0.129183
0.223379
0.176549
0.012824
-0.169342
-0.252299
-0.224002
-0.149022
-0.063464
-0.016496
-0.017161
-0.032152
-0.035893
-0.047352
-0.059641
-0.073633
-0.090795
-0.096857
-0.078703
-0.067423
-0.064666
-0.062040
-0.051346
-0.028225
0.003411
0.028252
0.045234
0.070820
0.119387
0.181934
0.217237
0.238681
0.270407
0.337442
0.293793
0.096483
-0.143349
-0.325751
-0.344803
-0.173887
0.064977
0.212115
0.216863
0.075784
-0.119317
-0.242999
-0.241613
-0.170715
-0.079633
-0.029055
-0.024799
-0.036320
-0.038390
-0.041351
-0.049165
-0.068179
-0.084997
-0.093575
-0.080462
-0.072422
-0.069804
-0.073610
-0.061127
-0.028556
0.010926
0.037780
0.051270
0.065852
0.099891
0.162810
0.219132
0.260803
0.283321
0.333695
0.302495
0.109252
-0.121183
-0.299768
-0.328341
-0.184610
0.045687
0.195475
0.215245
0.095453
-0.092697
-0.238141
-0.251527
-0.182904
-0.087530
-0.024871
-0.010789
-0.026639
-0.033391
-0.036993
-0.050943
-0.067125
-0.080777
-0.090859
-0.076111
-0.065016
-0.068264
-0.069272
-0.055402
-0.027546
0.005546
0.034032
0.043497
0.058646
0.096056
0.157235
0.212086
0.252963
0.279225
0.329348
0.323937
0.151213
-0.080698
-0.273661
-0.332731
-0.222957
0.004404
0.176677
0.227954
0.133840
-0.043731
-0.207775
-0.248807
-0.203363
-0.117997
-0.043843
-0.007249
-0.009525
-0.015983
-0.027458
-0.046585
-0.071575
-0.084300
-0.092461
-0.082779
-0.063208
-0.060920
-0.068205
-0.058905
-0.035742
-0.006473
0.027348
0.048266
0.057131
0.090660
0.158569
0.215577
0.248079
0.272144
0.307139
0.325017
0.197580
-0.021738
-0.242713
-0.329211
-0.249611
-0.039867
0.149782
0.229701
0.154976
-0.013466
-0.181929
-0.245084
-0.205224
-0.111454
-0.035055
-0.012451
-0.022457
-0.030686
-0.037643
-0.043156
-0.054006
-0.070160
-0.085619
-0.080648
-0.062162
-0.055341
-0.058589
-0.056755
-0.043164
-0.012648
0.018015
0.042098
0.057747
0.088406
0.142737
0.202992
0.238494
0.264067
0.293269
0.330803
0.228348
0.026882
-0.194544
-0.314864
-0.275949
-0.083351
0.120199
0.223372
0.180919
0.024349
-0.152497
-0.241083
-0.216832
-0.138545
-0.056278
-0.013054
-0.008684
-0.019272
-0.025267
-0.036198
-0.050753
-0.067954
-0.078931
-0.080628
-0.065188
-0.056601
-0.062123
-0.063140
-0.045392
-0.017270
0.015583
0.034290
0.038931
0.057608
0.102267
0.169608
0.224510
0.257943
0.274664
0.325021
0.311027
0.136777
-0.090780
-0.282238
-0.329571
-0.202631
0.035430
0.198588
0.232700
0.115177
-0.069271
-0.223849
-0.242847
-0.176961
-0.082429
-0.026853
-0.016384
-0.028134
-0.029004
-0.026940
-0.031608
-0.056221
-0.078617
-0.093617
-0.092238
-0.069987
-0.051769
-0.046835
-0.042556
-0.027927
-0.006465
0.015214
0.032025
0.052878
0.092592
0.155631
0.213290
0.240850
0.254831
0.282068
0.313302
0.205170
0.002823
-0.202181
-0.307628
-0.259382
-0.063920
0.122974
0.211652
0.162457
0.010750
-0.158557
-0.227647
-0.199265
-0.128345
-0.058827
-0.025494
-0.027406
-0.029617
-0.025578
-0.030048
-0.046414
-0.071271
-0.089771
-0.092173
-0.070316
-0.055994
-0.048285
-0.048344
-0.043438
-0.022764
0.011359
0.035177
0.056269
0.083853
0.127315
0.188203
0.228791
0.246573
0.269182
0.327052
0.274600
0.078377
-0.140752
-0.297566
-0.301304
-0.139387
0.076194
0.198949
0.196812
0.065562
-0.110238
-0.227426
-0.221397
-0.160047
-0.078083
-0.028991
-0.015454
-0.023384
-0.022087
-0.035921
-0.055477
-0.072414
-0.083321
-0.089047
-0.075078
-0.062712
-0.062562
-0.064019
-0.050511
-0.022893
0.012422
0.035780
0.044787
0.053101
0.088642
0.148313
0.203987
0.241006
0.263028
0.294096
0.310402
0.177004
-0.031855
-0.213571
-0.294984
-0.225824
-0.033115
0.135068
0.195415
0.138393
-0.005877
-0.159354
-0.218779
-0.190980
-0.125252
-0.059762
-0.021517
-0.015338
-0.015660
-0.020553
-0.039530
-0.064590
-0.078316
-0.084393
-0.076686
-0.064737
-0.054319
-0.053712
-0.050129
-0.042238
-0.021974
0.003466
0.025802
0.038553
0.068667
0.114176
0.172733
0.211736
0.229226
0.237060
0.286823
0.275888
0.134781
-0.053387
-0.218580
-0.278008
-0.182364
0.011494
0.151933
0.195146
0.109992
-0.045404
-0.182633
-0.208565
-0.167610
-0.095833
-0.043653
-0.026909
-0.033027
-0.022908
-0.020364
-0.037929
-0.058788
-0.075180
-0.088942
-0.081074
-0.067501
-0.055271
-0.048881
-0.044983
-0.038309
-0.014572
0.010000
0.027915
0.044950
0.075349
0.120824
0.179643
0.210303
0.223456
0.245850
0.295422
0.255806
0.093389
-0.099117
-0.246964
-0.264641
-0.137830
0.050225
0.168094
0.176234
0.067601
-0.080918
-0.192497
-0.200886
-0.152048
-0.083136
-0.036346
-0.024387
-0.031001
-0.030178
-0.032300
-0.042720
-0.061286
-0.078914
-0.086791
-0.078547
-0.063990
-0.053577
-0.049589
-0.044959
-0.030685
-0.006343
0.018026
0.035910
0.049720
0.081005
0.130085
0.186010
0.215316
0.231667
0.262687
0.302257
0.207442
0.024503
-0.162448
-0.264648
-0.231865
-0.069073
0.092927
0.169524
0.142150
0.020225
-0.121944
-0.191893
-0.182970
-0.132970
-0.072998
-0.039279
-0.028047
-0.026683
-0.027747
-0.034957
-0.055603
-0.074457
-0.080603
-0.080043
-0.073707
-0.062540
-0.057134
-0.055567
-0.044187
-0.022203
-0.000747
0.015725
0.029596
0.050764
0.095551
0.162746
0.211983
0.226814
0.231001
0.261351
0.272110
0.148767
-0.029229
-0.197520
-0.262509
-0.198051
-0.020984
0.123259
0.182919
0.116977
-0.020424
-0.160842
-0.209032
-0.181395
-0.112701
-0.059152
-0.031848
-0.029395
-0.030685
-0.033261
-0.039556
-0.055956
-0.072949
-0.084749
-0.080829
-0.073183
-0.061957
-0.053552
-0.050228
-0.036615
-0.014617
0.007205
0.023819
0.041727
0.067464
0.112399
0.166254
0.199029
0.216548
0.246531
0.302071
0.265355
0.089462
-0.103125
-0.253328
-0.272574
-0.142761
0.052729
0.171058
0.184486
0.070827
-0.089143
-0.203821
-0.204801
-0.152431
-0.080263
-0.035431
-0.029055
-0.035352
-0.030951
-0.033019
-0.040818
-0.060643
-0.081902
-0.087136
-0.074465
-0.065902
-0.058826
-0.055447
-0.047804
-0.033377
-0.005502
0.011528
0.017910
0.030652
0.067763
0.131262
0.195103
0.217262
0.220857
0.233289
0.272608
0.220823
0.063839
-0.116875
-0.240534
-0.243711
-0.112100
0.062502
0.168751
0.164436
0.050405
-0.101076
-0.198911
-0.195280
-0.143677
-0.080202
-0.041003
-0.032375
-0.029320
-0.021068
-0.030573
-0.053801
-0.076605
-0.092695
-0.095282
-0.074186
-0.059882
-0.049097
-0.045562
-0.045410
-0.035184
-0.009547
0.011266
0.031171
0.054455
0.092635
0.146666
0.198133
0.225992
0.238351
0.271735
0.291265
0.166618
-0.025320
-0.198527
-0.267026
-0.205356
-0.023238
0.124278
0.176794
0.119154
-0.015973
-0.157138
-0.204494
-0.173020
-0.115092
-0.062020
-0.037832
-0.036395
-0.028996
-0.021974
-0.032416
-0.050783
-0.075108
-0.091644
-0.084330
-0.069187
-0.061144
-0.055309
-0.052909
-0.043708
-0.016273
0.008072
0.015153
0.020596
0.046331
0.094645
0.157320
0.203182
0.218322
0.227826
0.264664
0.272236
0.143865
-0.034230
-0.199453
-0.261187
-0.189437
-0.010271
0.135208
0.184496
0.112932
-0.034244
-0.172206
-0.208944
-0.167409
-0.100859
-0.049653
-0.029811
-0.033723
-0.034038
-0.033075
-0.041903
-0.062179
-0.076894
-0.082082
-0.078427
-0.063166
-0.050051
-0.053980
-0.054315
-0.039033
-0.021426
0.003309
0.028601
0.045475
0.078255
0.129526
0.184492
0.209078
0.224393
0.241382
0.289017
0.244392
0.073220
-0.122153
-0.258433
-0.264819
-0.124156
0.072263
0.183353
0.173477
0.054421
-0.106042
-0.212401
-0.205098
-0.142971
-0.068609
-0.027791
-0.022447
-0.030090
-0.026319
-0.027922
-0.037570
-0.062781
-0.084936
-0.092877
-0.075476
-0.055852
-0.042773
-0.038649
-0.038788
-0.032294
-0.011237
0.007009
0.018775
0.042534
0.084111
0.144797
0.198071
0.222808
0.231789
0.252257
0.285254
0.193703
0.024385
-0.147310
-0.253418
-0.232524
-0.065384
0.102526
0.187790
0.154577
0.020253
-0.136255
-0.211606
-0.190356
-0.127340
-0.057861
-0.025982
-0.023028
-0.030145
-0.027786
-0.035598
-0.045073
-0.063851
-0.079060
-0.081232
-0.066704
-0.062166
-0.054142
-0.048410
-0.039542
-0.017558
0.008757
0.020679
0.035270
0.064738
0.106577
0.163216
0.213264
0.235167
0.247158
0.288874
0.276633
0.124609
-0.069612
-0.233321
-0.274620
-0.167164
0.035800
0.174807
0.202838
0.103080
-0.059396
-0.197763
-0.219546
-0.166008
-0.082041
-0.029258
-0.014100
-0.029809
-0.036096
-0.038832
-0.041852
-0.056405
-0.066550
-0.076777
-0.070524
-0.061392
-0.054527
-0.051691
-0.045007
-0.030904
-0.007091
0.019788
0.037587
0.052169
0.084356
0.144493
0.202839
0.233535
0.252297
0.280957
0.305811
0.193349
-0.011436
-0.205688
-0.286296
-0.223882
-0.035827
0.135931
0.208586
0.147866
0.002543
-0.151677
-0.220403
-0.191472
-0.118183
-0.050974
-0.019914
-0.018135
-0.024463
-0.026552
-0.033505
-0.047614
-0.062980
-0.072549
-0.070230
-0.061984
-0.060723
-0.057300
-0.049486
-0.035076
-0.011741
0.010066
0.026079
0.038363
0.068012
0.115337
0.173356
0.210814
0.225769
0.242984
0.298015
0.273309
0.106101
-0.092219
-0.249893
-0.272153
-0.151170
0.046525
0.168698
0.188797
0.081065
-0.075076
-0.196900
-0.201158
-0.150311
-0.079074
-0.042583
-0.030104
-0.032591
-0.021594
-0.023488
-0.033773
-0.059062
-0.075801
-0.082591
-0.069804
-0.059739
-0.053177
-0.053386
-0.046554
-0.029630
-0.007909
0.010976
0.027489
0.048700
0.090479
0.153709
0.204852
0.230176
0.234932
0.259260
0.282153
0.181981
-0.005389
-0.183590
-0.266070
-0.216460
-0.043848
0.122483
0.192910
0.139148
0.000403
-0.153740
-0.218498
-0.185063
-0.111612
-0.051702
-0.024559
-0.024899
-0.032617
-0.030896
-0.035322
-0.049100
-0.066439
-0.074678
-0.083017
-0.073439
-0.065343
-0.053863
-0.046923
-0.029503
-0.014501
0.001969
0.013105
0.021977
0.053113
0.115282
0.178395
0.213303
0.228515
0.228366
0.266213
0.259796
0.115881
-0.073121
-0.223710
-0.265533
-0.162261
0.027086
0.158869
0.181839
0.093213
-0.053538
-0.182687
-0.208633
-0.168831
-0.104380
-0.047957
-0.017953
-0.017044
-0.016350
-0.024861
-0.045025
-0.072993
-0.088135
-0.091346
-0.071477
-0.051384
-0.046257
-0.054700
-0.052670
-0.038445
-0.010515
0.016469
0.037562
0.052053
0.079464
0.127486
0.180108
0.208935
0.232392
0.260632
0.300118
0.205849
0.021797
-0.169859
-0.272640
-0.243750
-0.072252
0.100744
0.187494
0.151210
0.021089
-0.136594
-0.214247
-0.196889
-0.130296
-0.060616
-0.023650
-0.025022
-0.035914
-0.042682
-0.047491
-0.053105
-0.065917
-0.079277
-0.081116
-0.069831
-0.064899
-0.058746
-0.059139
-0.045437
-0.020889
0.003245
0.015394
0.032258
0.062613
0.120148
0.182710
0.222286
0.239337
0.257759
0.291886
0.230390
0.054030
-0.138481
-0.269992
-0.261161
-0.118037
0.072146
0.176855
0.168166
0.048345
-0.104096
-0.207322
-0.207707
-0.154338
-0.088130
-0.044444
-0.026861
-0.028546
-0.028941
-0.037113
-0.050730
-0.069503
-0.081463
-0.088108
-0.079491
-0.068157
-0.060644
-0.057353
-0.045984
-0.032312
-0.008571
0.012793
0.026998
0.050137
0.089137
0.143306
0.192318
0.223846
0.243663
0.288063
0.285088
0.140607
-0.057449
-0.234361
-0.292135
-0.197639
0.000684
0.145743
0.192465
0.114557
-0.037204
-0.180343
-0.221671
-0.191241
-0.118855
-0.053772
-0.021378
-0.026240
