-0.220559
-0.233491
-0.161657
-0.045895
0.056870
0.089422
0.071333
0.013305
-0.075850
-0.149077
-0.213872
-0.243869
-0.230767
-0.185500
-0.116481
-0.055881
-0.042229
-0.067787
-0.120731
-0.162544
-0.163901
-0.132579
-0.086698
-0.038940
0.001130
0.040901
0.107390
0.181148
0.278798
0.383961
0.480409
0.484082
0.337863
0.142416
-0.083405
-0.222390
-0.238572
-0.167375
-0.050478
0.060778
0.098026
0.079397
0.009225
-0.088827
-0.165513
-0.221645
-0.235877
-0.213459
-0.168177
-0.112315
-0.061484
-0.055822
-0.081153
-0.126743
-0.158823
-0.157673
-0.129977
-0.090744
-0.048514
-0.008139
0.043160
0.110335
0.187151
0.283917
0.377735
0.466849
0.474902
0.333291
0.141649
-0.083425
-0.220328
-0.223858
-0.148354
-0.034649
0.069722
0.091176
0.057223
-0.010002
-0.101483
-0.153920
-0.193017
-0.212712
-0.207681
-0.178048
-0.139166
-0.083899
-0.065094
-0.078330
-0.115275
-0.152259
-0.161080
-0.133741
-0.097172
-0.054273
-0.012192
0.031683
0.098162
0.174576
0.270982
0.376097
0.473560
0.493120
0.354921
0.154939
-0.072376
-0.219778
-0.237133
-0.169825
-0.055813
0.053264
0.095631
0.079066
0.022061
-0.070458
-0.142613
-0.204513
-0.230470
-0.222081
-0.184880
-0.124930
-0.068156
-0.049296
-0.068393
-0.114891
-0.157597
-0.163630
-0.136980
-0.093557
-0.049245
-0.013460
0.027553
0.083638
0.158992
0.255971
0.354721
0.445979
0.490283
0.376200
0.197966
-0.016099
-0.188254
-0.231384
-0.186856
-0.087806
0.025569
0.083118
0.078132
0.038699
-0.050925
-0.125742
-0.193662
-0.233278
-0.234653
-0.199427
-0.144988
-0.077218
-0.047432
-0.055171
-0.095370
-0.145314
-0.166567
-0.153786
-0.114076
-0.062345
-0.017969
0.027679
0.085492
0.153966
0.236251
0.323093
0.409908
0.480535
0.414200
0.251011
0.044192
-0.157173
-0.233498
-0.209515
-0.115939
0.005922
0.085791
0.082899
0.049619
-0.029364
-0.103315
-0.164604
-0.209651
-0.229720
-0.209048
-0.164745
-0.096608
-0.049745
-0.048937
-0.081760
-0.131556
-0.157976
-0.149246
-0.113550
-0.068721
-0.024704
0.011420
0.066391
0.134442
0.220070
0.315915
0.412485
0.487278
0.432331
0.271666
0.065283
-0.137198
-0.220214
-0.204059
-0.116282
-0.004430
0.073782
0.079995
0.048705
-0.024859
-0.096151
-0.154478
-0.205350
-0.218422
-0.199896
-0.155856
-0.101337
-0.063932
-0.065433
-0.087957
-0.124911
-0.145962
-0.138656
-0.111367
-0.076311
-0.041138
-0.005325
0.044600
0.113658
0.195338
0.290718
0.381514
0.464647
0.462576
0.331334
0.146395
-0.069694
-0.201041
-0.222163
-0.152687
-0.041182
0.063209
0.092119
0.067655
0.000506
-0.076330
-0.135309
-0.181349
-0.200134
-0.202655
-0.175431
-0.131976
-0.079866
-0.055836
-0.063590
-0.106387
-0.142746
-0.152567
-0.127408
-0.083557
-0.035472
0.001070
0.037505
0.089623
0.165565
0.259422
0.360615
0.451811
0.483901
0.371368
0.199209
-0.012186
-0.171851
-0.208235
-0.172291
-0.073471
0.028538
0.078107
0.076249
0.040179
-0.038890
-0.106630
-0.174473
-0.218915
-0.221358
-0.186950
-0.133253
-0.068916
-0.041822
-0.054103
-0.093536
-0.138902
-0.150045
-0.129944
-0.092822
-0.049506
-0.012697
0.025491
0.077416
0.141084
0.219654
0.311396
0.403574
0.477181
0.424505
0.270042
0.075573
-0.120476
-0.206767
-0.191457
-0.106677
0.006052
0.082969
0.079339
0.042025
-0.035149
-0.100889
-0.148029
-0.182661
-0.199816
-0.188793
-0.157230
-0.106824
-0.055167
-0.050743
-0.076301
-0.122641
-0.152675
-0.143745
-0.102526
-0.056581
-0.009847
0.020198
0.051964
0.109557
0.183104
0.286949
0.400046
0.490176
0.475379
0.321308
0.124632
-0.084302
-0.200945
-0.202970
-0.130253
-0.021298
0.072298
0.091643
0.060171
-0.006788
-0.088469
-0.143678
-0.184569
-0.200002
-0.192265
-0.157584
-0.114182
-0.065970
-0.055958
-0.077800
-0.116106
-0.142080
-0.139736
-0.107832
-0.068500
-0.032865
0.000733
0.041160
0.098939
0.173992
0.258825
0.351731
0.436681
0.471311
0.376437
0.212389
0.010980
-0.148877
-0.199882
-0.167548
-0.073386
0.028512
0.084451
0.070260
0.027002
-0.048893
-0.106820
-0.155859
-0.187119
-0.198374
-0.180574
-0.145189
-0.088314
-0.052865
-0.051871
-0.079930
-0.124463
-0.148103
-0.136767
-0.096649
-0.048652
0.000392
0.038999
0.085514
0.144456
0.220186
0.316715
0.411551
0.480274
0.422443
0.265153
0.063981
-0.126725
-0.205889
-0.189054
-0.096526
0.014193
0.085643
0.083898
0.040556
-0.033561
-0.101438
-0.153945
-0.190172
-0.201893
-0.186465
-0.143747
-0.091943
-0.054626
-0.054937
-0.089441
-0.133183
-0.153401
-0.141021
-0.097822
-0.051490
-0.014189
0.015902
0.052698
0.110971
0.190616
0.284903
0.378995
0.456409
0.438656
0.299232
0.126290
-0.064900
-0.170934
-0.180494
-0.121123
-0.031784
0.053281
0.067651
0.045758
-0.012919
-0.085042
-0.132954
-0.172561
-0.188612
-0.187766
-0.167925
-0.132844
-0.087338
-0.070233
-0.074250
-0.111202
-0.138384
-0.145329
-0.115341
-0.071720
-0.024066
0.013626
0.049748
0.100187
0.166450
0.257152
0.359759
0.452997
0.463992
0.346486
0.166065
-0.038596
-0.175228
-0.200470
-0.142811
-0.046419
0.045908
0.071216
0.046996
-0.004316
-0.073985
-0.124181
-0.164264
-0.190762
-0.200582
-0.183616
-0.145481
-0.094823
-0.068344
-0.066019
-0.095109
-0.130558
-0.144033
-0.133839
-0.095744
-0.051762
-0.010763
0.035294
0.092722
0.165498
0.252876
0.350167
0.450520
0.482785
0.363750
0.191592
-0.017431
-0.167990
-0.197136
-0.151178
-0.059771
0.037346
0.070900
0.051120
0.008612
-0.066945
-0.118114
-0.167063
-0.197875
-0.208822
-0.191623
-0.154481
-0.100103
-0.077111
-0.075406
-0.103181
-0.135347
-0.142650
-0.129139
-0.097830
-0.055336
-0.015408
0.031135
0.092570
0.165742
0.252095
0.348200
0.425959
0.459498
0.370695
0.209820
0.017742
-0.139080
-0.187857
-0.155606
-0.073852
0.011416
0.057299
0.052262
0.017331
-0.051051
-0.105224
-0.158961
-0.194715
-0.205590
-0.189621
-0.152578
-0.102266
-0.077569
-0.079559
-0.101966
-0.134869
-0.141797
-0.125643
-0.096246
-0.056178
-0.020020
0.015958
0.071675
0.138935
0.221977
0.323427
0.412470
0.474115
0.409804
0.255221
0.064812
-0.117393
-0.190363
-0.176173
-0.096613
-0.002728
0.058922
0.057312
0.030802
-0.033793
-0.092639
-0.144223
-0.182025
-0.196614
-0.190068
-0.157369
-0.115604
-0.084864
-0.082895
-0.097487
-0.126772
-0.135792
-0.127887
-0.101141
-0.067035
-0.029866
0.011112
0.070547
0.145711
0.235396
0.332575
0.426034
0.483506
0.405707
0.248878
0.056142
-0.116988
-0.187755
-0.172731
-0.100621
-0.007409
0.051863
0.055463
0.036625
-0.024616
-0.082098
-0.131782
-0.176555
-0.198055
-0.192024
-0.163012
-0.118836
-0.085829
-0.080054
-0.099943
-0.124996
-0.135331
-0.119234
-0.090262
-0.059508
-0.031591
0.000522
0.054424
0.128995
0.217329
0.310253
0.406977
0.480771
0.440049
0.292770
0.097654
-0.099510
-0.194727
-0.188961
-0.120093
-0.015423
0.063394
0.076081
0.051029
-0.013897
-0.084091
-0.139187
-0.182598
-0.199673
-0.191431
-0.163312
-0.116755
-0.080456
-0.073097
-0.089203
-0.121631
-0.136627
-0.128448
-0.100816
-0.065748
-0.036516
-0.003062
0.044980
0.109623
0.191738
0.283336
0.380435
0.467512
0.459175
0.329767
0.155045
-0.046825
-0.170588
-0.192110
-0.139780
-0.045859
0.039389
0.063210
0.047216
-0.003648
-0.067255
-0.115127
-0.160807
-0.191612
-0.201767
-0.185231
-0.142637
-0.096298
-0.073298
-0.077284
-0.110896
-0.134980
-0.135621
-0.113733
-0.073469
-0.037170
-0.007059
0.031872
0.091144
0.172791
0.272943
0.370084
0.457540
0.472905
0.361851
0.198372
-0.002861
-0.153145
-0.197959
-0.165845
-0.080002
0.013272
0.058111
0.059445
0.025453
-0.040254
-0.097521
-0.154057
-0.190210
-0.201510
-0.185034
-0.145256
-0.097418
-0.076517
-0.079918
-0.110385
-0.140572
-0.141838
-0.119910
-0.079834
-0.037875
-0.010029
0.021303
0.072509
0.143818
0.240316
0.348265
0.450274
0.492715
0.401135
0.232614
0.030202
-0.136521
-0.189916
-0.162267
-0.087536
0.001045
0.046906
0.047160
0.024638
-0.034963
-0.090636
-0.143908
-0.188536
-0.204692
-0.194955
-0.155671
-0.095420
-0.062365
-0.067075
-0.101046
-0.144380
-0.159056
-0.138225
-0.096732
-0.044880
-0.007987
0.022383
0.060409
0.123815
0.208443
0.315692
0.428560
0.498787
0.437277
0.274307
0.070773
-0.116941
-0.192108
-0.180050
-0.104858
-0.014082
0.044763
0.044069
0.026229
-0.026846
-0.073436
-0.120237
-0.166834
-0.195847
-0.199533
-0.171091
-0.122444
-0.075775
-0.074005
-0.097523
-0.135431
-0.154548
-0.138785
-0.096433
-0.055817
-0.023099
0.005004
0.040352
0.105585
0.193113
0.300189
0.413670
0.486799
0.444131
0.305859
0.119132
-0.065506
-0.156232
-0.174556
-0.127732
-0.049254
0.012804
0.039594
0.038924
-0.003820
-0.059573
-0.121091
-0.177207
-0.204260
-0.201448
-0.166242
-0.116863
-0.078192
-0.072415
-0.095628
-0.141657
-0.165179
-0.155647
-0.119159
-0.066117
-0.021720
0.006807
0.035312
0.073412
0.133363
0.219441
0.330259
0.442843
0.491199
0.405901
0.240057
0.025198
-0.144472
-0.207795
-0.184800
-0.096766
0.001738
0.052806
0.048604
0.017832
-0.041544
-0.088884
-0.137770
-0.173231
-0.197125
-0.193186
-0.162381
-0.108533
-0.071866
-0.063258
-0.099591
-0.140943
-0.160521
-0.139499
-0.089187
-0.036479
0.001935
0.023320
0.047288
0.099242
0.178081
0.284822
0.405628
0.495349
0.461480
0.307115
0.101987
-0.098217
-0.193385
-0.191634
-0.126403
-0.039278
0.029949
0.042472
0.028367
-0.018780
-0.070337
-0.114076
-0.154105
-0.185127
-0.194868
-0.174092
-0.130559
-0.085868
-0.068031
-0.081078
-0.121376
-0.142172
-0.142772
-0.113054
-0.069590
-0.031186
-0.000408
0.038444
0.084812
0.155488
0.246250
0.349048
0.448535
0.477276
0.366814
0.199844
-0.011065
-0.165321
-0.201064
-0.163580
-0.073252
0.015283
0.046012
0.031245
-0.000287
-0.055044
-0.087069
-0.128713
-0.163138
-0.184460
-0.179185
-0.152605
-0.107044
-0.081372
-0.077019
-0.103924
-0.134594
-0.143098
-0.122225
-0.080913
-0.039618
-0.010769
0.009578
0.044433
0.103714
0.185523
0.284241
0.385613
0.459313
0.438432
0.298156
0.127391
-0.062833
-0.167563
-0.186644
-0.140248
-0.058662
0.018031
0.041883
0.033096
-0.002516
-0.060181
-0.102042
-0.145164
-0.174017
-0.179567
-0.161347
-0.131131
-0.095453
-0.089615
-0.097254
-0.123602
-0.137540
-0.131931
-0.100984
-0.066330
-0.031000
-0.009929
0.014551
0.060457
0.131760
0.218087
0.320621
0.412908
0.463261
0.394140
0.237899
0.054635
-0.115033
-0.184838
-0.176039
-0.112168
-0.030302
0.031514
0.043951
0.030490
-0.019034
-0.073573
-0.121642
-0.161643
-0.185291
-0.180957
-0.154750
-0.119645
-0.085963
-0.085342
-0.100191
-0.120970
-0.129483
-0.115782
-0.086104
-0.061127
-0.033631
-0.006503
0.034970
0.099333
0.175433
0.264474
0.354473
0.433279
0.440458
0.325180
0.163935
-0.025098
-0.157280
-0.187825
-0.147960
-0.071126
0.009806
0.039582
0.033563
0.003679
-0.051203
-0.095908
-0.137797
-0.169507
-0.187005
-0.166903
-0.142012
-0.103650
-0.087083
-0.095905
-0.118514
-0.132564
-0.128705
-0.096683
-0.060473
-0.033131
-0.011140
0.007928
0.051216
0.120793
0.203999
0.301783
0.390071
0.445720
0.401124
0.264570
0.091599
-0.082370
-0.171663
-0.180242
-0.132017
-0.053016
0.014445
0.034840
0.027444
-0.017120
-0.067011
-0.116318
-0.155349
-0.178106
-0.181477
-0.164044
-0.132685
-0.102054
-0.091700
-0.099041
-0.115598
-0.121081
-0.110247
-0.084673
-0.058331
-0.033119
-0.009424
0.026277
0.083965
0.159177
0.242922
0.326664
0.396761
0.422967
0.342196
0.205164
0.042622
-0.097153
-0.159506
-0.157266
-0.103426
-0.033161
0.022555
0.034723
0.018314
-0.032010
-0.084912
-0.135582
-0.168768
-0.184309
-0.172931
-0.147240
-0.113137
-0.095797
-0.096259
-0.110025
-0.124891
-0.122492
-0.105623
-0.079563
-0.051899
-0.024245
0.005719
0.048524
0.107123
0.178845
0.270264
0.358476
0.433864
0.428273
0.303234
0.138024
-0.047428
-0.161578
-0.180705
-0.131737
-0.056751
0.015604
0.032501
0.022286
-0.012825
-0.056385
-0.097552
-0.138998
-0.172329
-0.188249
-0.175162
-0.137329
-0.096299
-0.077696
-0.082245
-0.112324
-0.128791
-0.124937
-0.099971
-0.066899
-0.030759
-0.005593
0.026941
0.073217
0.138592
0.216047
0.306315
0.385059
0.430844
0.371822
0.242328
0.082665
-0.073132
-0.144090
-0.149692
-0.103220
-0.031672
0.017792
0.026732
0.015091
-0.029622
-0.070116
-0.110439
-0.147137
-0.172151
-0.172894
-0.156636
-0.121755
-0.092818
-0.085170
-0.094550
-0.116983
-0.121744
-0.111585
-0.086728
-0.055899
-0.025356
0.002857
0.048848
0.104754
0.178723
0.267712
0.354020
0.418468
0.413238
0.305309
0.161532
-0.001971
-0.110023
-0.143532
-0.121800
-0.063912
-0.002807
0.024279
0.024610
-0.005280
-0.052547
-0.093231
-0.134100
-0.156285
-0.165615
-0.153643
-0.134382
-0.104552
-0.097695
-0.097887
-0.113537
-0.119220
-0.112562
-0.090357
-0.065328
-0.041820
-0.019231
0.014897
0.070132
0.142356
0.222988
0.308009
0.373931
0.415371
0.365620
0.240960
0.098077
-0.048666
-0.123428
-0.129158
-0.092283
-0.039002
0.010133
0.016124
0.012878
-0.017677
-0.058981
-0.104403
-0.145365
-0.178229
-0.180143
-0.162654
-0.127297
-0.097066
-0.089652
-0.099164
-0.117363
-0.121814
-0.113303
-0.088315
-0.058354
-0.028599
0.005227
0.051915
0.108664
0.175970
0.254452
0.330798
0.395842
0.413768
0.319809
0.183630
0.022773
-0.095498
-0.134176
-0.112250
-0.059608
-0.002329
0.014982
0.006297
-0.010078
-0.046614
-0.071652
-0.111916
-0.147898
-0.173210
-0.171371
-0.147554
-0.105973
-0.090190
-0.089795
-0.113772
-0.129418
-0.127289
-0.099172
-0.063404
-0.028846
-0.005348
0.020628
0.064470
0.128787
0.212450
0.307317
0.381601
0.425127
0.373543
0.251162
0.097148
-0.046540
-0.114811
-0.123550
-0.083229
-0.036364
0.009561
0.011812
0.005528
-0.030540
-0.057430
-0.093853
-0.126750
-0.165043
-0.180426
-0.173949
-0.140837
-0.103306
-0.087464
-0.089186
-0.108906
-0.119687
-0.118601
-0.097684
-0.070909
-0.032565
0.001998
0.054102
0.114403
0.183798
0.259497
0.329391
0.377776
0.395340
0.318525
0.193465
0.047284
-0.069178
-0.118986
-0.103619
-0.054769
-0.003285
0.024693
0.011124
-0.016232
-0.059850
-0.087250
-0.114737
-0.136189
-0.159398
-0.162284
-0.154007
-0.122376
-0.102054
-0.093476
-0.104705
-0.117554
-0.118623
-0.101667
-0.073376
-0.043249
-0.016493
0.012393
0.061870
0.128726
0.205288
0.290233
0.355914
0.397906
0.369534
0.262600
0.139473
-0.001405
-0.081243
-0.107225
-0.084309
-0.044627
0.003783
0.011885
0.012302
-0.016354
-0.058809
-0.096620
-0.133638
-0.165088
-0.171941
-0.164934
-0.140462
-0.106684
-0.099059
-0.096628
-0.115377
-0.126113
-0.122838
-0.100632
-0.070939
-0.030346
0.001439
0.046758
0.098363
0.164356
0.241269
0.320126
0.380025
0.402070
0.326393
0.207693
0.064562
-0.056522
-0.103909
-0.106380
-0.067334
-0.023230
0.004040
0.002836
-0.006006
-0.041015
-0.073109
-0.116295
-0.153098
-0.181172
-0.176156
-0.153407
-0.117221
-0.096612
-0.098020
-0.114301
-0.131690
-0.134315
-0.117026
-0.085130
-0.050426
-0.015663
0.018459
0.069646
0.137041
0.212684
0.293190
0.354421
0.392602
0.351894
0.249524
0.116462
-0.018702
-0.089216
-0.107250
-0.078816
-0.040509
-0.005046
0.002054
-0.003544
-0.033254
-0.065379
-0.105412
-0.140408
-0.169945
-0.175010
-0.163244
-0.134330
-0.107150
-0.099559
-0.105704
-0.122522
-0.129718
-0.121565
-0.099396
-0.071278
-0.037181
-0.004788
0.043542
0.101636
0.166044
0.237611
0.308735
0.364762
0.385690
0.307795
0.193502
0.048655
-0.066614
-0.108302
-0.105595
-0.068410
-0.019377
0.003314
0.002811
-0.011990
-0.051039
-0.083898
-0.125476
-0.161945
-0.187078
-0.184288
-0.160119
-0.120680
-0.107702
-0.104708
-0.124004
-0.137599
-0.135615
-0.114462
-0.084294
-0.049143
-0.019428
0.014691
0.062980
0.127425
0.207563
0.294972
0.361153
0.395872
0.349389
0.235180
0.099341
-0.037998
-0.096575
-0.109375
-0.075024
-0.034263
-0.001511
0.000035
-0.006730
-0.038245
-0.071387
-0.109351
-0.146870
-0.174924
-0.182605
-0.161915
-0.131805
-0.102764
-0.102931
-0.113461
-0.136393
-0.134929
-0.120874
-0.089830
-0.062722
-0.034843
-0.012392
0.030923
0.087159
0.159380
0.238008
0.313786
0.368004
0.379198
0.298460
0.186121
0.045849
-0.066230
-0.108157
-0.107543
-0.062240
-0.015082
0.007691
0.001589
-0.016228
-0.062710
-0.092938
-0.130924
-0.159319
-0.175380
-0.173438
-0.156039
-0.125081
-0.109547
-0.106421
-0.119023
-0.132491
-0.135251
-0.120712
-0.091901
-0.055490
-0.017524
0.023714
0.075562
0.132556
0.202220
0.278951
0.341392
0.385529
0.353479
0.247135
0.120274
-0.023147
-0.097637
-0.119133
-0.093781
-0.047937
-0.004386
0.003963
-0.000632
-0.033394
-0.069467
-0.103413
-0.140514
-0.171125
-0.182303
-0.172609
-0.138222
-0.106186
-0.090149
-0.096516
-0.120857
-0.132381
-0.130128
-0.104331
-0.069009
-0.030342
0.006223
0.051874
0.107258
0.173679
0.250745
0.322938
0.379841
0.382781
0.290362
0.170848
0.022333
-0.074208
-0.110571
-0.101494
-0.057004
-0.013329
0.004942
-0.000982
-0.024879
-0.065257
-0.092830
-0.127265
-0.151163
-0.171551
-0.169034
-0.152193
-0.115252
-0.098285
-0.099230
-0.116895
-0.133902
-0.133633
-0.111050
-0.077312
-0.035333
-0.002058
0.025485
0.066022
0.119740
0.195582
0.283597
0.354355
0.396174
0.355967
0.240120
0.104023
-0.031116
-0.092413
-0.099269
-0.068290
-0.034271
-0.005987
-0.007934
-0.008341
-0.026614
-0.050232
-0.084779
-0.125871
-0.165915
-0.181621
-0.171236
-0.136075
-0.100406
-0.088036
-0.093153
-0.114543
-0.120431
-0.111377
-0.086786
-0.062260
-0.038144
-0.011872
0.037309
0.098604
0.174730
0.251277
0.325614
0.376772
0.387109
0.306994
0.187088
0.042261
-0.072250
-0.113438
-0.110643
-0.062554
-0.010845
0.016713
0.015073
-0.007214
-0.053895
-0.086583
-0.120664
-0.142878
-0.156926
-0.155084
-0.142470
-0.117623
-0.105989
-0.102116
-0.111835
-0.119900
-0.117660
-0.100580
-0.076348
-0.045326
-0.016721
0.016994
0.065549
0.125754
0.200904
0.275812
0.343819
0.392597
0.364215
0.260386
0.124541
-0.020638
-0.103608
-0.123149
-0.091886
-0.035098
0.014118
0.023369
0.007753
-0.026575
-0.064052
-0.092693
-0.119248
-0.145675
-0.159142
-0.158277
-0.139978
-0.108962
-0.093358
-0.090298
-0.104938
-0.119871
-0.120074
-0.101716
-0.069809
-0.029362
0.006535
0.048503
0.094350
0.152422
0.224865
0.303390
0.374676
0.402837
0.334118
0.205449
0.043911
-0.079619
-0.119302
-0.102132
-0.048367
-0.001934
0.016094
0.007142
-0.011307
-0.044941
-0.071104
-0.103036
-0.132882
-0.158435
-0.161462
-0.144699
-0.111705
-0.090219
-0.090852
-0.108292
-0.123407
-0.119508
-0.095868
-0.063961
-0.038397
-0.019003
0.005946
0.048643
0.115209
0.193108
0.274040
0.344193
0.393953
0.377966
0.275532
0.149452
-0.008922
-0.098863
-0.128185
-0.100147
-0.043792
0.010314
0.025857
0.021362
-0.009555
-0.051893
-0.090962
-0.131725
-0.156171
-0.170493
-0.159968
-0.130890
-0.093596
-0.081056
-0.082569
-0.111305
-0.123507
-0.120701
-0.094278
-0.063828
-0.029601
-0.002578
0.032919
0.078851
0.140333
0.213937
0.285963
0.343759
0.381352
0.347962
0.237024
0.107438
-0.032861
-0.098986
-0.112940
-0.073719
-0.026629
0.010834
0.011660
-0.003911
-0.037296
-0.063058
-0.088530
-0.117740
-0.146426
-0.167288
-0.162709
-0.135821
-0.098975
-0.080693
-0.084243
-0.107798
-0.118464
-0.113997
-0.086035
-0.054922
-0.025498
-0.002009
0.034459
0.085954
0.157323
0.236827
0.310822
0.363163
0.381762
0.309406
0.190488
0.057082
-0.065140
-0.112057
-0.107207
-0.076494
-0.023773
0.008287
0.007071
-0.004113
-0.045424
-0.083152
-0.114319
-0.141706
-0.158459
-0.155835
-0.145856
-0.118010
-0.099359
-0.096139
-0.102011
-0.113699
-0.114404
-0.098542
-0.076382
-0.050944
-0.023653
0.007175
0.052690
0.105937
0.174728
0.248729
0.315379
0.369363
0.372531
0.279135
0.155036
0.002319
-0.097302
-0.122819
-0.101372
-0.050902
-0.001105
0.012938
0.007879
-0.012328
-0.051904
-0.084152
-0.124503
-0.155939
-0.173446
-0.163950
-0.138859
-0.102477
-0.089794
-0.090728
-0.113152
-0.125945
-0.122498
-0.095013
-0.066986
-0.034797
-0.008807
0.023370
0.072780
0.139481
0.213274
0.291010
0.350824
0.383534
0.337860
0.224176
0.084755
-0.055284
-0.122347
-0.132116
-0.087667
-0.031880
0.012238
0.014516
-0.002179
-0.040788
-0.074013
-0.109373
-0.135921
-0.163270
-0.170258
-0.158814
-0.126572
-0.095150
-0.084474
-0.093298
-0.113552
-0.124884
-0.118451
-0.089762
-0.060363
-0.025014
0.004431
0.045023
0.099503
0.169235
0.242260
0.309945
0.359871
0.368863
0.285446
0.168516
0.026367
-0.085460
-0.129919
-0.123939
-0.074357
-0.013228
0.019997
0.021274
-0.004666
-0.054005
-0.091583
-0.128828
-0.151551
-0.164597
-0.156439
-0.138364
-0.106211
-0.091344
-0.092250
-0.111177
-0.127380
-0.128164
-0.106532
-0.071674
-0.033659
-0.001615
0.026086
0.060941
0.105887
0.176992
0.258227
0.333077
0.389301
0.375964
0.263774
0.119981
-0.039088
-0.125239
-0.140231
-0.103305
-0.044867
0.007002
0.019767
0.013069
-0.013709
-0.054128
-0.093277
-0.136099
-0.166256
-0.176755
-0.157161
-0.124790
-0.087835
-0.081493
-0.094215
-0.120186
-0.127781
-0.114763
-0.082919
-0.051037
-0.023096
-0.001125
0.031938
0.083897
0.154852
0.225777
0.291036
0.339485
0.368662
0.312338
0.199245
0.060076
-0.076054
-0.125631
-0.127256
-0.079171
-0.018822
0.019033
0.017223
-0.004893
-0.051678
-0.084571
-0.111818
-0.133860
-0.153858
-0.162760
-0.152958
-0.123895
-0.092814
-0.080334
-0.089825
-0.109314
-0.118617
-0.105771
-0.076300
-0.041502
-0.006479
0.024535
0.066668
0.120239
0.189883
0.268585
0.336573
0.379546
0.363792
0.255356
0.117421
-0.025690
-0.116269
-0.134112
-0.101652
-0.049868
0.001343
0.019218
0.006424
-0.021555
-0.060181
-0.094588
-0.125977
-0.155136
-0.167046
-0.156155
-0.129512
-0.095112
-0.081122
-0.086453
-0.105313
-0.116915
-0.110768
-0.081082
-0.054142
-0.020885
0.006410
0.041231
0.089823
0.155718
0.230543
0.309208
0.363013
0.382191
0.307802
0.179813
0.039179
-0.079421
-0.120786
-0.112716
-0.063936
-0.020195
0.012486
0.007802
-0.007504
-0.040604
-0.070570
-0.107058
-0.137091
-0.160523
-0.162042
-0.142806
-0.112808
-0.088649
-0.084460
-0.095106
-0.109829
-0.113157
-0.096712
-0.066412
-0.033823
0.001062
0.034196
0.077437
0.133580
0.198125
0.269277
0.328428
0.374103
0.348108
0.235799
0.104999
-0.033956
-0.113395
-0.122001
-0.090481
-0.041757
0.004230
0.009621
0.000761
-0.024123
-0.058537
-0.090686
-0.125516
-0.156152
-0.166013
-0.149452
-0.119629
-0.087088
-0.079365
-0.089249
-0.111481
-0.118245
-0.110517
-0.079009
-0.047930
-0.014161
0.014950
0.051916
0.099520
0.161308
0.234663
0.307797
0.364705
0.385917
0.303726
0.180885
0.031159
-0.092929
-0.136000
-0.124489
-0.072879
-0.011444
0.024755
0.018368
0.001520
-0.046971
-0.082364
-0.119999
-0.149108
-0.166614
-0.160142
-0.137769
-0.100177
-0.077795
-0.077882
-0.096041
-0.115861
-0.117541
-0.097437
-0.062801
-0.025862
0.011391
0.045088
0.087257
0.135747
0.198005
0.273416
0.341898
0.388029
0.357105
0.232746
0.087344
-0.059286
-0.136755
-0.135166
-0.087872
-0.027296
0.022373
0.024041
0.002969
-0.029170
-0.065492
-0.098431
-0.128714
-0.154699
-0.162837
-0.145779
-0.116738
-0.087432
-0.081375
-0.090426
-0.106744
-0.111354
-0.101621
-0.075336
-0.046042
-0.017307
0.012754
0.053478
0.110429
0.182278
0.261209
0.329335
0.375227
0.382303
0.288644
0.157667
0.009924
-0.104302
-0.143515
-0.119659
-0.069043
-0.009033
0.027639
0.019475
-0.005077
-0.053281
-0.095682
-0.132605
-0.152404
-0.165387
-0.149514
-0.125595
-0.095388
-0.082443
-0.087983
-0.109423
-0.122475
-0.116199
-0.088657
-0.048930
-0.011608
0.018970
0.046258
0.087492
0.146094
0.224435
0.302861
0.363397
0.385729
0.318534
0.191787
0.049283
-0.075135
-0.126112
-0.122311
-0.083649
-0.032341
0.002248
0.005632
-0.003792
-0.036697
-0.072271
-0.109575
-0.142179
-0.163509
-0.161871
-0.140515
-0.107888
-0.085520
-0.082947
-0.096268
-0.109842
-0.114371
-0.099378
-0.071078
-0.040097
-0.008342
0.027397
0.077676
0.140284
0.212476
0.287818
0.350015
0.391550
0.358000
0.236366
0.093450
-0.054101
-0.137503
-0.145970
-0.105532
-0.049151
0.002311
0.012595
-0.000192
-0.028652
-0.065615
-0.102162
-0.136973
-0.161217
-0.166968
-0.150202
-0.123806
-0.098056
-0.091836
-0.095802
-0.107471
-0.109551
-0.101681
-0.082454
-0.056847
-0.028745
0.008890
0.060184
0.122782
0.192654
0.268241
0.327003
0.376359
0.370972
0.266928
0.138083
-0.023066
-0.126179
-0.154249
-0.127456
-0.067519
-0.006386
0.013958
0.011077
-0.010099
-0.054221
-0.091970
-0.138408
-0.167800
-0.180054
-0.163638
-0.128494
-0.092292
-0.081299
-0.090201
-0.116602
-0.127803
-0.119227
-0.092514
-0.057175
-0.022415
0.008978
0.047380
0.095533
0.157225
0.233175
0.306143
0.367428
0.389965
0.312584
0.177247
0.017946
-0.116560
-0.162610
-0.145181
-0.084537
-0.017710
0.018771
0.012954
-0.009636
-0.049768
-0.080606
-0.112821
-0.144262
-0.168976
-0.171167
-0.152060
-0.115426
-0.089064
-0.082519
-0.095031
-0.114934
-0.121827
-0.109515
-0.080385
-0.043794
-0.005801
0.033531
0.084384
0.141091
0.212707
0.284351
0.345337
0.382896
0.333539
0.211643
0.072664
-0.063686
-0.129688
-0.137093
-0.105427
-0.055135
-0.015137
-0.004551
-0.006709
-0.032073
-0.062574
-0.100457
-0.142087
-0.176382
-0.181690
-0.163037
-0.125464
-0.094241
-0.087678
-0.100414
-0.118671
-0.122424
-0.111708
-0.085093
-0.054979
-0.026271
0.012689
0.061428
0.120073
0.189093
0.262041
0.323714
0.376092
0.364110
0.256274
0.115923
-0.039868
-0.127895
-0.144458
-0.110695
-0.061566
-0.019419
-0.007197
-0.017700
-0.035151
-0.060451
-0.087581
-0.125260
-0.160845
-0.185190
-0.174028
-0.141295
-0.103479
-0.085865
-0.092288
-0.113611
-0.122782
-0.115290
-0.092364
-0.064586
-0.037924
-0.005407
0.040149
0.100221
0.171985
0.250264
0.314472
0.359515
0.375010
0.297157
0.170591
0.022122
-0.103547
-0.152534
-0.140676
-0.091657
-0.028887
0.017040
0.018223
-0.002107
-0.051159
-0.098896
-0.141204
-0.169807
-0.180529
-0.164354
-0.136681
-0.103418
-0.089216
-0.093818
-0.111843
-0.126026
-0.124603
-0.102641
-0.072341
-0.038784
-0.003528
0.034505
0.081020
0.134574
0.202900
0.276518
0.338460
0.383759
0.344452
0.217221
0.071131
-0.073966
-0.144396
-0.143739
-0.099675
-0.044042
0.006415
0.014103
0.003065
-0.027536
-0.074849
-0.118533
-0.154951
-0.179741
-0.175357
-0.148096
-0.118165
-0.086226
-0.082941
-0.097550
-0.116381
-0.121437
-0.113034
-0.082982
-0.052754
-0.023065
0.015893
0.064610
0.120291
0.187352
0.262774
0.327048
0.381529
0.377866
0.266559
0.120970
-0.037783
-0.144144
-0.164835
-0.124510
-0.061046
0.006049
0.033596
0.016074
-0.016911
-0.068559
-0.112536
-0.145991
-0.167348
-0.174634
-0.151575
-0.125156
-0.095172
-0.087181
-0.098773
-0.119740
-0.126078
-0.118036
-0.088387
-0.054127
-0.023815
0.006582
0.047016
0.098472
0.167327
0.246682
0.323742
0.385577
0.390309
0.290407
0.144724
-0.017835
-0.128058
-0.150142
-0.122093
-0.064253
-0.012462
0.005088
-0.004211
-0.018948
-0.054461
-0.085626
-0.127379
-0.161455
-0.180506
-0.166626
-0.136556
-0.098555
-0.083466
-0.088709
-0.108597
-0.121730
-0.116368
-0.094195
-0.064339
-0.036842
-0.008014
0.028972
0.083470
0.146214
0.221824
0.298027
0.359283
0.387900
0.326723
0.192151
0.037378
-0.096254
-0.147711
-0.132466
-0.084590
-0.029471
0.007185
0.004760
-0.012467
-0.042859
-0.083063
-0.119883
-0.155264
-0.180856
-0.174438
-0.145057
-0.105912
-0.082533
-0.087147
-0.110888
-0.130636
-0.127701
-0.101422
-0.064401
-0.031714
-0.006542
0.018972
0.060116
0.118737
0.196236
0.283236
0.348380
0.391707
0.363036
0.234504
0.092776
-0.059320
-0.141566
-0.153364
-0.116086
-0.056855
-0.001230
0.017240
0.004795
-0.026430
-0.075110
-0.112743
-0.145911
-0.164456
-0.165356
-0.145316
-0.118337
-0.089644
-0.083506
-0.091174
-0.107375
-0.114692
-0.105402
-0.080287
-0.052106
-0.023863
0.010965
0.058696
0.123714
0.196529
0.272822
0.331593
0.381004
0.365910
0.257447
0.119306
-0.033274
-0.126369
-0.145171
-0.106172
-0.049091
0.007014
0.017465
0.002340
-0.029709
-0.065899
-0.097425
-0.126916
-0.152804
-0.166345
-0.156464
-0.130073
-0.094071
-0.078756
-0.080654
-0.104111
-0.118975
-0.115107
-0.085956
-0.049640
-0.009311
0.021970
0.058184
0.104754
0.165987
0.236939
0.308634
0.362250
0.381800
0.304536
0.174170
0.027137
-0.101096
-0.146455
-0.128254
-0.075327
-0.012691
0.026694
0.020831
0.000798
-0.045573
-0.089787
-0.127001
-0.149741
-0.159289
-0.140682
-0.116530
-0.088353
-0.074622
-0.080561
-0.095588
-0.107692
-0.106676
-0.089347
-0.060765
-0.030583
0.005750
0.045956
0.097600
0.157601
0.226204
0.294341
0.344667
0.375967
0.324208
0.210313
0.072003
-0.061585
-0.124618
-0.129760
-0.089531
-0.034397
0.012252
0.017889
0.004597
-0.030055
-0.065009
-0.101291
-0.133132
-0.155371
-0.154316
-0.132909
-0.099258
-0.074826
-0.072954
-0.086857
-0.106755
-0.111498
-0.096386
-0.067941
-0.032432
0.006303
0.042578
0.088867
0.142272
0.208308
0.279339
0.339595
0.385863
0.357757
0.240336
0.102366
-0.043413
-0.124260
-0.130961
-0.088972
-0.033649
0.014651
0.023977
0.006149
-0.025969
-0.068789
-0.103978
-0.132370
-0.149012
-0.149318
-0.127148
-0.103641
-0.080283
-0.078162
-0.090121
-0.105949
-0.110240
-0.099713
-0.070750
-0.037708
-0.004816
0.032590
0.073951
0.126952
0.188533
0.258914
0.323055
0.377076
0.377934
0.281997
0.148013
-0.008016
-0.111974
-0.138315
-0.109201
-0.050993
0.009194
0.028938
0.016031
-0.012760
-0.055594
-0.086915
-0.122019
-0.144792
-0.157247
-0.142739
-0.118645
-0.085396
-0.071547
-0.077258
-0.098852
-0.110812
-0.107227
-0.079951
-0.045520
-0.013012
0.018142
0.052592
0.101939
0.167718
0.247349
0.320007
0.369830
0.384969
0.300545
0.172368
0.026704
-0.092093
-0.132403
-0.113387
-0.065751
-0.008355
0.023907
0.013036
-0.004902
-0.050008
-0.085323
-0.117463
-0.143188
-0.158940
-0.149546
-0.129507
-0.095500
-0.075600
-0.077358
-0.094028
-0.112524
-0.114735
-0.095111
-0.060517
-0.022129
0.014783
0.048613
0.090500
0.143098
0.215279
0.300608
0.366079
0.399899
0.343264
0.204002
0.059881
-0.073370
-0.136336
-0.128465
-0.086936
-0.032296
0.019581
0.027962
0.012159
-0.021628
-0.071442
-0.115784
-0.149189
-0.169929
-0.161526
-0.130640
-0.094710
-0.070653
-0.073283
-0.092303
-0.111382
-0.114650
-0.099931
-0.070149
-0.038126
-0.003534
0.032599
0.075728
0.130163
0.195578
0.269001
0.334236
0.384590
0.370935
0.255933
0.110170
-0.041817
-0.127446
-0.128418
-0.086158
-0.037868
0.008947
0.013805
-0.002822
-0.026471
-0.057577
-0.088866
-0.123628
-0.159315
-0.170926
-0.151919
-0.116297
-0.078875
-0.071555
-0.086107
-0.110614
-0.117320
-0.104213
-0.070772
-0.041121
-0.013102
0.012274
0.052232
0.108561
0.176656
0.249757
0.311635
0.359338
0.375537
0.293221
0.160783
0.014155
-0.097739
-0.129919
-0.108328
-0.057293
-0.007116
0.019565
0.002752
-0.018813
-0.057592
-0.087438
-0.116897
-0.144159
-0.162533
-0.159004
-0.138969
-0.103151
-0.077924
-0.076161
-0.093903
-0.113657
-0.114133
-0.092779
-0.055481
-0.021878
0.007286
0.038419
0.083291
0.145600
0.225633
0.300560
0.358009
0.386873
0.319675
0.187783
0.041211
-0.084416
-0.127864
-0.112642
-0.072647
-0.025007
0.006016
0.005136
-0.002758
-0.033045
-0.079143
-0.119844
-0.159241
-0.175610
-0.162606
-0.132910
-0.098308
-0.077815
-0.082818
-0.101441
-0.117213
-0.117953
-0.098665
-0.069103
-0.038666
-0.009136
0.026630
0.071072
0.126878
0.191622
0.263948
0.325725
0.369124
0.352874
0.240881
0.098348
-0.048235
-0.131863
-0.144165
-0.101208
-0.041801
0.009432
0.021770
0.005011
-0.030407
-0.072877
-0.108100
-0.140229
-0.160401
-0.166256
-0.147945
-0.118547
-0.087720
-0.078105
-0.088715
-0.111598
-0.121620
-0.112531
-0.082685
-0.048415
-0.017842
0.013839
0.049472
0.103954
0.166605
0.244271
0.317399
0.367886
0.377555
0.279566
0.144396
-0.009125
-0.117430
-0.152828
-0.128993
-0.076617
-0.017115
0.017563
0.011987
-0.014160
-0.060123
-0.101310
-0.137733
-0.159603
-0.171127
-0.156040
-0.128135
-0.094676
-0.081426
-0.084902
-0.106273
-0.120293
-0.119300
-0.100587
-0.070575
-0.035474
-0.000389
0.042171
0.092548
0.150298
0.217188
0.284709
0.342765
0.380214
0.318681
0.185559
0.028886
-0.111742
-0.162325
-0.142889
-0.081531
-0.020230
0.016935
0.010248
-0.014609
-0.051870
-0.090361
-0.126242
-0.155299
-0.172900
-0.166563
-0.137882
-0.099649
-0.074544
-0.076626
-0.100522
-0.123570
-0.124126
-0.102397
-0.066779
-0.036916
-0.012164
0.017280
0.060077
0.119033
0.188984
0.267429
0.329777
0.373119
0.344510
0.221623
0.078387
-0.068365
-0.148229
-0.149215
-0.107926
-0.049096
0.007806
0.020606
0.001754
-0.032949
-0.078166
-0.110397
-0.142361
-0.163138
-0.167617
-0.148704
-0.118234
-0.087485
-0.078500
-0.088103
-0.110724
-0.122291
-0.116948
-0.087456
-0.050464
-0.010152
0.024024
0.062007
0.102308
0.153621
0.224993
0.298210
0.354561
0.375144
0.286483
0.150043
-0.001250
-0.125934
-0.159575
-0.135288
-0.082582
-0.021184
0.013359
0.005223
-0.008530
-0.047260
-0.088833
-0.128555
-0.161330
-0.179248
-0.163038
-0.131996
-0.091619
-0.068044
-0.074282
-0.097497
-0.115867
-0.116732
-0.095994
-0.062645
-0.029996
0.001877
0.039048
0.085426
0.140888
0.205204
0.273246
0.328616
0.364905
0.322317
0.193739
0.040818
-0.096934
-0.161586
-0.146981
-0.085687
-0.018253
0.025222
0.017351
-0.012987
-0.048510
-0.080974
-0.108953
-0.132609
-0.155724
-0.160410
-0.143968
-0.111967
-0.083008
-0.073433
-0.085065
-0.105474
-0.114375
-0.100615
-0.069622
-0.033617
-0.002226
0.021708
0.053180
0.094732
0.152768
0.225799
0.301949
0.354224
0.375426
0.289207
0.144744
-0.014271
-0.143981
-0.182004
-0.144630
-0.073652
-0.000550
0.040222
0.028140
-0.000467
-0.048901
-0.094196
-0.132133
-0.154105
-0.164952
-0.146210
-0.115924
-0.081565
-0.062509
-0.074191
-0.099559
-0.114888
-0.110199
-0.081539
-0.042786
-0.012892
0.010579
0.030849
0.062519
0.112483
0.176450
0.251714
0.318339
0.362205
0.344139
0.228407
0.076862
-0.069819
-0.157998
-0.160158
-0.105766
-0.043878
0.014395
0.030400
0.012992
-0.015103
-0.055412
-0.095432
-0.129675
-0.159750
-0.168850
-0.149239
-0.110903
-0.071008
-0.055752
-0.071361
-0.101062
-0.114094
-0.103221
-0.066789
-0.028835
0.001431
0.024225
0.050779
0.088165
0.140184
0.208998
0.286520
0.337293
0.371404
0.312343
0.174524
0.027489
-0.110723
-0.170192
-0.145706
-0.083004
-0.017082
0.032630
0.025784
-0.000726
-0.038045
-0.078741
-0.111105
-0.139206
-0.164051
-0.160852
-0.134072
-0.093243
-0.060487
-0.056948
-0.079829
-0.105202
-0.111127
-0.091917
-0.051967
-0.014835
0.013699
0.035380
0.062170
0.103924
0.160449
0.232601
0.300439
0.350358
0.354990
0.255931
0.116909
-0.034498
-0.137978
-0.158139
-0.118292
-0.059337
-0.001617
0.022598
0.009160
-0.011568
-0.048459
-0.085775
-0.119410
-0.147964
-0.165180
-0.147604
-0.117017
-0.079113
-0.060297
-0.066190
-0.089756
-0.103162
-0.098733
-0.070048
-0.032064
-0.002452
0.020975
0.046499
0.082829
0.127938
0.185102
0.256296
0.317243
0.361012
0.329631
0.203827
0.050983
-0.090929
-0.158503
-0.142376
-0.083927
-0.026360
0.020483
0.020239
-0.001641
-0.027989
-0.063760
-0.092260
-0.121036
-0.148638
-0.156356
-0.138277
-0.105818
-0.070048
-0.061021
-0.075423
-0.094953
-0.100048
-0.084679
-0.052445
-0.025484
-0.002329
0.019250
0.050786
0.094356
0.152435
0.215632
0.281371
0.330390
0.358431
0.299641
0.164292
0.012264
-0.121593
-0.170788
-0.139821
-0.071788
-0.005999
0.039045
0.023390
-0.006268
-0.044975
-0.081198
-0.108578
-0.131834
-0.153679
-0.150632
-0.128364
-0.094089
-0.065861
-0.062373
-0.082524
-0.103865
-0.105877
-0.084311
-0.043629
-0.009977
0.013495
0.031650
0.061732
0.107445
0.164390
0.233292
0.297241
0.342538
0.344992
0.252400
0.111352
-0.031374
-0.129346
-0.148360
-0.107071
-0.051316
0.001085
0.019726
0.006554
-0.018341
-0.053228
-0.082988
-0.111713
-0.137366
-0.155476
-0.148217
-0.123201
-0.086259
-0.062132
-0.062300
-0.083191
-0.099736
-0.099158
-0.073447
-0.039573
-0.008369
0.017721
0.043722
0.080130
0.127583
0.185410
0.259971
0.319005
0.356465
0.333486
0.213889
0.070028
-0.071079
-0.150709
-0.145096
-0.089801
-0.026066
0.027926
0.031295
0.003416
-0.034754
-0.072947
-0.100522
-0.119411
-0.138788
-0.149732
-0.135420
-0.112683
-0.082584
-0.069074
-0.078270
-0.095970
-0.099748
-0.088732
-0.056386
-0.022471
0.005869
0.032373
0.060812
0.097011
0.148617
0.211698
0.282248
0.333475
0.356456
0.278920
0.147286
0.008674
-0.107048
-0.142517
-0.117931
-0.071061
-0.016609
0.022146
0.012789
-0.005000
-0.041855
-0.078860
-0.113294
-0.138997
-0.159681
-0.149243
-0.125850
-0.092859
-0.068507
-0.070603
-0.088714
-0.103677
-0.103801
-0.082574
-0.046156
-0.016190
0.011093
0.037955
0.070172
0.112150
0.171230
0.245726
0.310344
0.356747
0.349254
0.236926
0.096333
-0.048347
-0.138692
-0.142953
-0.096850
-0.038192
0.013532
0.023649
0.003312
-0.026118
-0.062994
-0.092440
-0.121824
-0.146446
-0.156355
-0.141033
-0.113882
-0.082135
-0.071144
-0.081112
-0.096764
-0.101291
-0.088743
-0.059307
-0.030519
-0.007318
0.015403
0.045278
0.089686
0.145989
0.214352
0.275853
0.319547
0.343418
0.284691
0.166217
0.041501
-0.078780
-0.129237
-0.117456
-0.069529
-0.016636
0.022804
0.011293
-0.010766
-0.042937
-0.077074
-0.104862
-0.132098
-0.155781
-0.154752
-0.135656
-0.103492
-0.071703
-0.066114
-0.078006
-0.097628
-0.101825
-0.087868
-0.051993
-0.014377
0.016079
0.042142
0.073869
0.112205
0.171867
0.247602
0.307034
0.350872
0.335354
0.223595
0.097617
-0.034886
-0.115778
-0.121165
-0.092011
-0.045223
0.000962
0.013747
0.002973
-0.019626
-0.061002
-0.096509
-0.135096
-0.158844
-0.163547
-0.140086
-0.109632
-0.077787
-0.069175
-0.081527
-0.101345
-0.110216
-0.099664
-0.071589
-0.039393
-0.009877
0.017403
0.053194
0.098267
0.152921
0.215516
0.273990
0.314030
0.337127
0.281003
0.164298
0.038029
-0.075141
-0.120800
-0.107939
-0.072774
-0.032097
-0.000121
-0.008615
-0.022136
-0.046613
-0.076719
-0.105393
-0.133883
-0.157124
-0.155754
-0.137386
-0.110476
-0.084679
-0.079661
-0.087454
-0.098690
-0.097286
-0.079013
-0.049334
-0.023253
0.002351
0.033087
0.075110
0.129815
0.186173
0.249621
0.297049
0.340342
0.328722
0.225792
0.094156
-0.037384
-0.121971
-0.126614
-0.086339
-0.038811
0.008087
0.009295
-0.015969
-0.048465
-0.082346
-0.109390
-0.127145
-0.146434
-0.155350
-0.140686
-0.119085
-0.090316
-0.078659
-0.089213
-0.105384
-0.111395
-0.097667
-0.061828
-0.029201
-0.001301
0.021095
0.050824
0.099382
0.159974
0.233151
0.296234
0.335710
0.340543
0.254437
0.132368
0.001856
-0.095862
-0.121649
-0.101347
-0.059986
-0.013964
0.005031
-0.005947
-0.026157
-0.064917
-0.097778
-0.126733
-0.149197
-0.158147
-0.144984
-0.123792
-0.097085
-0.082393
-0.086074
-0.101087
-0.110791
-0.107026
-0.080888
-0.045709
-0.015295
0.015827
0.047434
0.085761
0.133455
0.194753
0.258622
0.308941
0.341830
0.299323
0.186927
0.058080
-0.070263
-0.128335
-0.120724
-0.076175
-0.023009
0.014413
0.006537
-0.020756
-0.054374
-0.090078
-0.111790
-0.132752
-0.146135
-0.146142
-0.130168
-0.109354
-0.085353
-0.082761
-0.093725
-0.107963
-0.108189
-0.087575
-0.053524
-0.017640
0.008387
0.033226
0.063232
0.108487
0.171752
0.252030
0.313867
0.357416
0.342129
0.229977
0.092836
-0.041765
-0.121011
-0.125656
-0.088030
-0.043312
-0.002003
0.007032
-0.008730
-0.033705
-0.068445
-0.098019
-0.129959
-0.152810
-0.160773
-0.143458
-0.113183
-0.084357
-0.073484
-0.084238
-0.105977
-0.113666
-0.105175
-0.078020
-0.038902
-0.006517
0.022185
0.059427
0.100069
0.154670
0.226910
0.292202
0.332517
0.345177
0.261632
0.132554
-0.000408
-0.099835
-0.130686
-0.100983
-0.058462
-0.018643
0.007063
-0.005356
-0.026574
-0.059189
-0.090950
-0.123268
-0.142381
-0.156295
-0.142693
-0.121000
-0.098098
-0.087235
-0.089305
-0.103483
-0.109623
-0.099872
-0.080555
-0.051733
-0.023401
0.005294
0.039074
0.085944
0.139850
0.199773
0.262886
0.309897
0.343036
0.310914
0.200153
0.066175
-0.063402
-0.132924
-0.131950
-0.084895
-0.036071
0.007695
0.007088
-0.012174
-0.041612
-0.076896
-0.109817
-0.138118
-0.156978
-0.157245
-0.133033
-0.106415
-0.080880
-0.079617
-0.092613
-0.110829
-0.112974
-0.096038
-0.062725
-0.027741
0.000840
0.028613
0.063420
0.110636
0.169586
0.240668
0.301675
0.345166
0.338632
0.237848
0.104809
