-0.141187
-0.097847
-0.042060
0.005126
0.020934
0.023104
0.015818
0.015786
0.016414
0.022752
0.027171
0.046766
0.096336
0.121501
0.123370
0.088213
0.008561
-0.025328
-0.008643
0.038143
0.062578
0.097996
0.113477
0.107138
0.127248
0.146784
0.121024
0.085827
0.036045
0.023292
0.048511
0.132311
0.246992
0.332701
0.379483
0.369811
0.271612
0.148517
0.000057
-0.108963
-0.146183
-0.109466
-0.029905
0.045879
0.094778
0.080005
-0.009403
-0.096609
-0.160110
-0.201522
-0.189651
-0.154110
-0.118774
-0.097208
-0.085992
-0.080770
-0.097546
-0.113444
-0.122003
-0.152883
-0.187398
-0.219748
-0.239795
-0.207146
-0.128162
-0.029381
0.026488
0.020802
-0.037138
-0.114194
-0.163235
-0.155461
-0.114135
-0.059081
-0.009464
0.018952
0.030944
0.028815
0.020573
0.009977
-0.010762
-0.007477
0.020381
0.080847
0.121019
0.129556
0.106458
0.070373
0.025759
0.016588
0.007186
0.025185
0.030653
0.073083
0.120166
0.128477
0.135900
0.119795
0.089738
0.095500
0.114921
0.127191
0.120338
0.154951
0.217706
0.288401
0.368619
0.375967
0.254147
0.079732
-0.090165
-0.189845
-0.188762
-0.097571
0.025332
0.093636
0.099717
0.045583
-0.057644
-0.131350
-0.160901
-0.166922
-0.156917
-0.147457
-0.140718
-0.136520
-0.118754
-0.087556
-0.079022
-0.096681
-0.134815
-0.200884
-0.242781
-0.242536
-0.192316
-0.110798
-0.036529
0.000773
-0.017542
-0.065885
-0.114718
-0.148552
-0.141911
-0.103256
-0.052503
0.003583
0.039137
0.045452
0.035952
0.014845
-0.008472
-0.007755
0.012109
0.039716
0.063625
0.089843
0.112499
0.075853
0.051299
0.040037
0.038264
0.051791
0.060174
0.100996
0.089013
0.047715
0.071641
0.079848
0.076156
0.079552
0.112752
0.124542
0.111937
0.156821
0.217081
0.255596
0.321724
0.350941
0.298207
0.172913
0.022968
-0.071220
-0.110491
-0.069792
0.002159
0.039299
0.038377
0.006457
-0.062117
-0.110338
-0.137629
-0.135653
-0.134662
-0.136711
-0.137243
-0.140336
-0.136377
-0.112457
-0.098355
-0.089290
-0.105916
-0.143006
-0.188082
-0.222376
-0.226040
-0.179270
-0.113370
-0.029710
0.006073
-0.005863
-0.059359
-0.123573
-0.157994
-0.145234
-0.100326
-0.042052
-0.002261
0.029163
0.043558
0.027605
0.004079
-0.016088
-0.032425
-0.005537
0.046207
0.114134
0.135996
0.134334
0.110414
0.065667
0.015690
0.008305
-0.014753
0.012080
0.054068
0.103286
0.158046
0.164644
0.132451
0.085608
0.033518
0.066208
0.097217
0.138484
0.202640
0.240446
0.267158
0.277896
0.288036
0.273289
0.162156
0.055423
-0.034531
-0.117794
-0.121009
-0.078878
-0.040100
0.005710
0.029174
0.035508
-0.014609
-0.086019
-0.136097
-0.197904
-0.215431
-0.177776
-0.149682
-0.111098
-0.098165
-0.091977
-0.099958
-0.116255
-0.120175
-0.156229
-0.203068
-0.223959
-0.211007
-0.152685
-0.058621
0.008656
0.020205
-0.035345
-0.104743
-0.153271
-0.155373
-0.099713
-0.036416
0.001717
0.022050
0.019819
0.023710
0.018173
0.017874
0.014425
0.006298
0.019088
0.059938
0.094648
0.112694
0.103126
0.071883
0.024897
-0.010738
-0.005752
0.037798
0.069809
0.117700
0.135175
0.104981
0.079123
0.094680
0.094234
0.084972
0.104693
0.141596
0.169097
0.221297
0.303306
0.351085
0.349989
0.307092
0.193947
0.033653
-0.101421
-0.165947
-0.162113
-0.092101
0.011845
0.080647
0.066584
-0.004413
-0.088182
-0.158332
-0.184339
-0.167413
-0.137141
-0.120869
-0.122553
-0.125801
-0.123201
-0.107624
-0.089715
-0.091874
-0.118286
-0.172435
-0.230514
-0.248923
-0.202568
-0.112678
-0.022080
0.023851
0.014038
-0.052780
-0.123877
-0.159330
-0.141856
-0.089222
-0.024473
0.018875
0.032274
0.025239
0.014147
-0.003561
-0.008433
-0.003531
0.004709
0.023092
0.067848
0.116837
0.138123
0.135127
0.112797
0.045431
-0.007084
-0.026514
-0.000781
0.056879
0.134869
0.174699
0.155078
0.100106
0.073295
0.057758
0.072980
0.121419
0.134645
0.139242
0.176626
0.252104
0.322790
0.364213
0.349794
0.222905
0.034484
-0.103325
-0.170848
-0.167974
-0.077341
0.022226
0.077011
0.061766
0.006912
-0.077872
-0.146394
-0.159857
-0.155007
-0.158833
-0.161825
-0.157889
-0.146876
-0.113921
-0.073479
-0.062730
-0.086294
-0.138823
-0.195583
-0.236857
-0.236392
-0.199722
-0.129742
-0.050246
0.003897
0.002105
-0.035192
-0.088207
-0.125090
-0.127406
-0.095356
-0.058892
-0.029892
-0.001966
0.024003
0.034156
0.041290
0.033398
0.018116
0.011312
0.030040
0.067313
0.104868
0.146761
0.143317
0.077309
0.034498
0.007512
0.004976
0.043211
0.078981
0.092546
0.063783
0.059345
0.090018
0.103481
0.154415
0.196523
0.160481
0.104429
0.070505
0.109354
0.222046
0.352362
0.431770
0.357278
0.170953
-0.016745
-0.158917
-0.197366
-0.131339
-0.033313
0.041136
0.058246
0.023669
-0.036325
-0.099204
-0.117502
-0.133338
-0.151190
-0.164308
-0.176650
-0.168914
-0.132583
-0.090158
-0.056332
-0.062822
-0.093818
-0.152409
-0.210960
-0.225671
-0.209503
-0.165282
-0.087261
-0.034333
-0.014969
-0.039265
-0.072428
-0.109335
-0.128730
-0.111046
-0.078847
-0.057920
-0.012292
0.033123
0.058713
0.058157
0.021088
-0.038379
-0.082470
-0.054806
0.039308
0.134972
0.205919
0.180502
0.096491
-0.019218
-0.066253
-0.037122
0.033264
0.108268
0.137876
0.124262
0.111849
0.086153
0.090340
0.099509
0.085012
0.084831
0.105446
0.136177
0.153566
0.188302
0.263368
0.326884
0.361803
0.351677
0.207996
0.024736
-0.123582
-0.167080
-0.128469
-0.042765
0.040020
0.041132
-0.024739
-0.072768
-0.111873
-0.118585
-0.100003
-0.097831
-0.126285
-0.171353
-0.177535
-0.158529
-0.128429
-0.081620
-0.071250
-0.101008
-0.151707
-0.201703
-0.231417
-0.221079
-0.174997
-0.102911
-0.046371
0.000725
0.004390
-0.035481
-0.086630
-0.137436
-0.156530
-0.140170
-0.094356
-0.044567
-0.001774
0.053701
0.104314
0.122577
0.087250
0.017009
-0.049903
-0.065434
-0.006538
0.089703
0.146603
0.137475
0.097591
0.025636
-0.027113
-0.007376
0.048398
0.069539
0.089190
0.125412
0.129431
0.105024
0.090830
0.090286
0.085344
0.103580
0.145537
0.179846
0.212900
0.265576
0.330836
0.358084
0.299559
0.175870
0.012573
-0.125413
-0.190888
-0.174627
-0.083511
0.021893
0.080141
0.082588
0.027883
-0.054697
-0.121179
-0.154819
-0.163874
-0.174493
-0.167852
-0.141903
-0.123418
-0.093512
-0.071829
-0.075154
-0.105757
-0.143918
-0.178865
-0.213289
-0.228608
-0.192602
-0.125993
-0.047692
0.008067
0.011305
-0.034789
-0.101619
-0.146906
-0.143451
-0.107920
-0.052445
-0.006181
0.023922
0.032443
0.030822
0.028094
0.019481
-0.006245
-0.004953
0.020106
0.064730
0.107930
0.148261
0.147821
0.088625
-0.008267
-0.048502
-0.035906
0.033156
0.109948
0.175295
0.169853
0.134652
0.091492
0.070761
0.071836
0.092649
0.117979
0.132355
0.165862
0.237317
0.296458
0.337057
0.320747
0.226697
0.082453
-0.035190
-0.101667
-0.111385
-0.066642
0.013788
0.053150
0.051392
0.017359
-0.050849
-0.122562
-0.161715
-0.169141
-0.160674
-0.143495
-0.114395
-0.094790
-0.088144
-0.079791
-0.085961
-0.107565
-0.131307
-0.166093
-0.196857
-0.218080
-0.207878
-0.163155
-0.095625
-0.029570
0.009778
-0.005402
-0.057209
-0.119444
-0.145791
-0.132437
-0.081702
-0.016396
0.024696
0.045859
0.051338
0.036362
0.010301
-0.015991
-0.036023
-0.044217
-0.003744
0.078301
0.157620
0.190981
0.167524
0.091778
-0.013000
-0.086653
-0.065472
0.015310
0.100141
0.154538
0.190865
0.149497
0.082640
0.053198
0.067355
0.111409
0.143650
0.201618
0.246620
0.238998
0.268429
0.299700
0.285897
0.203566
0.079273
-0.042444
-0.131003
-0.144119
-0.067519
0.005962
0.054574
0.054364
-0.000371
-0.070199
-0.117810
-0.126877
-0.120271
-0.123959
-0.121098
-0.135572
-0.142370
-0.128777
-0.105078
-0.085018
-0.078565
-0.103274
-0.137294
-0.177477
-0.208737
-0.220146
-0.184222
-0.111159
-0.044702
-0.011401
-0.010350
-0.063027
-0.114959
-0.132933
-0.108206
-0.074671
-0.043148
-0.016096
-0.009826
-0.004931
0.019658
0.033021
0.027319
0.012778
0.003165
0.017332
0.053917
0.124784
0.167983
0.164965
0.096639
0.004152
-0.031430
-0.013601
0.024669
0.087885
0.114209
0.109024
0.122725
0.118963
0.151389
0.153279
0.141120
0.113602
0.075700
0.071573
0.157579
0.260863
0.368538
0.380223
0.296743
0.124705
-0.062390
-0.169275
-0.200442
-0.138922
-0.036002
0.029583
0.055943
0.041124
-0.006427
-0.053595
-0.095251
-0.119142
-0.151445
-0.182643
-0.177241
-0.169067
-0.128917
-0.076151
-0.047966
-0.054300
-0.094674
-0.142057
-0.195138
-0.234644
-0.223254
-0.175050
-0.109228
-0.039076
-0.003962
-0.003835
-0.036452
-0.080595
-0.104610
-0.112013
-0.092104
-0.056077
-0.018411
0.020371
0.040722
0.045137
0.036939
-0.002598
-0.028054
-0.030257
0.021621
0.084071
0.144142
0.162727
0.116253
0.035249
0.002340
-0.020644
-0.023609
0.043439
0.102631
0.115478
0.119637
0.123318
0.112251
0.071651
0.101193
0.119052
0.133789
0.168447
0.184585
0.196880
0.248944
0.313417
0.310670
0.212006
0.098296
-0.007533
-0.094672
-0.113873
-0.079608
-0.028289
0.019417
0.034216
0.013351
-0.046288
-0.100345
-0.125677
-0.147652
-0.150482
-0.142538
-0.139298
-0.136654
-0.132404
-0.115778
-0.099737
-0.096343
-0.102185
-0.131522
-0.163018
-0.191320
-0.202949
-0.178721
-0.132034
-0.076091
-0.035767
-0.036103
-0.063974
-0.100728
-0.107772
-0.089518
-0.061949
-0.031656
-0.008243
0.005834
0.021020
0.030785
0.029044
0.023094
0.008520
0.000217
0.017182
0.064012
0.127307
0.161904
0.158195
0.106541
0.040368
-0.000357
-0.029255
-0.004703
0.045355
0.100918
0.134608
0.123894
0.086815
0.084628
0.095768
0.129844
0.136341
0.144324
0.139384
0.141053
0.185683
0.266590
0.304791
0.268355
0.151564
0.031703
-0.054601
-0.084015
-0.057087
-0.002539
0.023239
0.018460
-0.031106
-0.082131
-0.130027
-0.139389
-0.127964
-0.109463
-0.109735
-0.111745
-0.136673
-0.141423
-0.141826
-0.114827
-0.103770
-0.107681
-0.133720
-0.169192
-0.202196
-0.201261
-0.170175
-0.106471
-0.059835
-0.025156
-0.029666
-0.052783
-0.080294
-0.085286
-0.074719
-0.062133
-0.056521
-0.045005
-0.032766
-0.006144
0.033518
0.065064
0.057413
0.012068
-0.040220
-0.043608
0.001176
0.099263
0.173628
0.197739
0.143087
0.053532
-0.019066
-0.036658
-0.015369
0.047722
0.098826
0.121084
0.123070
0.126449
0.143569
0.138283
0.126706
0.111909
0.100202
0.114956
0.173958
0.282625
0.354248
0.335234
0.245442
0.100591
-0.036934
-0.107547
-0.120053
-0.082752
-0.024337
0.022701
0.027824
-0.019848
-0.059270
-0.074108
-0.098830
-0.119168
-0.153748
-0.189267
-0.208079
-0.192436
-0.136949
-0.097749
-0.080500
-0.087322
-0.131066
-0.166767
-0.192203
-0.197890
-0.191872
-0.163395
-0.108619
-0.059690
-0.032853
-0.029538
-0.062678
-0.096082
-0.109309
-0.101930
-0.078534
-0.047136
-0.001736
0.033481
0.053971
0.068802
0.054194
0.026302
0.009119
0.011856
0.037709
0.064370
0.099540
0.111990
0.083556
0.041389
0.040215
0.043238
0.064141
0.065357
0.054792
0.053189
0.050510
0.087857
0.146792
0.180462
0.168924
0.115269
0.060142
0.063296
0.147546
0.277047
0.402265
0.408605
0.288645
0.099795
-0.065745
-0.143525
-0.129016
-0.059300
-0.000389
-0.004753
-0.034282
-0.074791
-0.095370
-0.077727
-0.057696
-0.063542
-0.110315
-0.173512
-0.199876
-0.198755
-0.145306
-0.094673
-0.071022
-0.090010
-0.135924
-0.171233
-0.186690
-0.180836
-0.153134
-0.127905
-0.103762
-0.083420
-0.064616
-0.043666
-0.034553
-0.032586
-0.051704
-0.081034
-0.093525
-0.085155
-0.052546
-0.008570
0.039474
0.056109
0.042286
0.015639
-0.007803
-0.004112
0.029084
0.093367
0.138901
0.143205
0.110852
0.058107
-0.008060
-0.035747
-0.020980
0.024592
0.077062
0.124822
0.158827
0.152399
0.126815
0.100871
0.104193
0.116489
0.138103
0.164136
0.180382
0.243922
0.306152
0.316224
0.237542
0.127760
0.021352
-0.045027
-0.077636
-0.064830
-0.045515
-0.025979
-0.012983
-0.022782
-0.056167
-0.096802
-0.135698
-0.149943
-0.154933
-0.138235
-0.130875
-0.119786
-0.112513
-0.107732
-0.107535
-0.113563
-0.127463
-0.142825
-0.159841
-0.171514
-0.177028
-0.167737
-0.136183
-0.090025
-0.045369
-0.014912
-0.020255
-0.048737
-0.095427
-0.115144
-0.107557
-0.068657
-0.018384
0.025175
0.041232
0.032713
0.013273
0.004752
-0.005915
-0.006716
0.019877
0.065797
0.104411
0.128817
0.131850
0.116018
0.075968
0.050058
0.047245
0.016192
0.009252
0.041608
0.061268
0.107706
0.161602
0.195201
0.187147
0.136636
0.112063
0.103134
0.148453
0.266623
0.375983
0.399348
0.288394
0.091168
-0.080814
-0.165049
-0.134976
-0.054079
0.012147
0.035782
0.002678
-0.043727
-0.068250
-0.080983
-0.071407
-0.089905
-0.133805
-0.185131
-0.207443
-0.180236
-0.127897
-0.078765
-0.055347
-0.081252
-0.120730
-0.155220
-0.169560
-0.167319
-0.165222
-0.160416
-0.143412
-0.112046
-0.059147
-0.022760
-0.013489
-0.035722
-0.071226
-0.096197
-0.091095
-0.064630
-0.026993
-0.000869
0.025467
0.039721
0.038508
0.032425
0.021304
0.000507
0.001360
0.041825
0.086912
0.108986
0.121549
0.126241
0.087938
0.045567
0.011988
0.000634
0.008330
0.048626
0.107602
0.159582
0.190122
0.182877
0.124561
0.071688
0.062351
0.126913
0.211662
0.312243
0.359914
0.313459
0.191095
0.067109
-0.035404
-0.076382
-0.067586
-0.024633
0.011402
0.027414
0.013008
-0.029504
-0.063253
-0.090920
-0.122012
-0.141148
-0.155452
-0.159395
-0.146663
-0.116690
-0.084914
-0.073274
-0.080459
-0.103529
-0.138571
-0.153420
-0.152470
-0.156905
-0.164563
-0.165269
-0.137414
-0.094485
-0.039193
-0.003113
-0.018942
-0.074310
-0.117851
-0.120739
-0.082571
-0.022556
0.030088
0.049256
0.045722
0.039164
0.027182
0.007037
-0.013427
-0.025774
-0.015363
0.025217
0.085875
0.159017
0.199002
0.155277
0.069320
-0.009557
-0.058178
-0.055883
0.015431
0.119323
0.183173
0.185171
0.166566
0.116272
0.074214
0.098826
0.148726
0.182013
0.226281
0.280439
0.302462
0.267379
0.207030
0.103185
0.013205
-0.017230
-0.035094
-0.031838
-0.019724
-0.012526
-0.018535
-0.034946
-0.048769
-0.090157
-0.130683
-0.140632
-0.153545
-0.148295
-0.124014
-0.105322
-0.099299
-0.102248
-0.107395
-0.123251
-0.138016
-0.127022
-0.134869
-0.153745
-0.166572
-0.171380
-0.149684
-0.096638
-0.027886
0.011439
0.003788
-0.032156
-0.091413
-0.128730
-0.109558
-0.056670
-0.001944
0.033962
0.037556
0.030841
0.018395
-0.004272
-0.020316
-0.004182
0.062233
0.120478
0.152690
0.147155
0.089477
0.037153
0.003146
0.018524
0.044791
0.064363
0.077546
0.097770
0.106186
0.125317
0.149019
0.140285
0.115480
0.090225
0.086260
0.140143
0.219177
0.330504
0.384138
0.332517
0.192904
0.014741
-0.089034
-0.113227
-0.084177
-0.018769
0.015596
0.019341
-0.010929
-0.040992
-0.056144
-0.081749
-0.104687
-0.130021
-0.171600
-0.178639
-0.164337
-0.122963
-0.088083
-0.070941
-0.073609
-0.103621
-0.136594
-0.148753
-0.166604
-0.168902
-0.173308
-0.160146
-0.122568
-0.068210
-0.014134
0.006837
-0.012262
-0.061812
-0.117853
-0.141587
-0.125360
-0.070123
0.005850
0.065920
0.087621
0.074433
0.026892
-0.000772
-0.013586
0.004646
0.041045
0.070986
0.082142
0.078151
0.094383
0.104668
0.100682
0.086146
0.039704
-0.001415
0.009312
0.062011
0.125831
0.172244
0.195152
0.159296
0.110135
0.077528
0.076753
0.132823
0.229849
0.307088
0.327744
0.262658
0.147255
0.012210
-0.066498
-0.080625
-0.043071
-0.007821
0.006783
-0.016716
-0.040934
-0.061549
-0.061712
-0.064392
-0.081059
-0.120008
-0.154936
-0.173069
-0.153423
-0.120196
-0.088206
-0.090125
-0.109852
-0.137170
-0.151521
-0.150437
-0.147963
-0.159862
-0.166582
-0.158459
-0.126542
-0.083665
-0.039544
-0.033843
-0.050500
-0.066460
-0.064953
-0.055891
-0.042606
-0.029492
-0.017599
-0.014060
0.008649
0.028735
0.037429
0.028896
0.019661
0.011889
0.017584
0.053345
0.106626
0.131558
0.123833
0.094138
0.057117
0.011730
0.000631
0.006415
0.032902
0.081388
0.132937
0.178025
0.184108
0.160529
0.126347
0.096891
0.100692
0.147847
0.228972
0.304981
0.323355
0.260361
0.138517
0.007359
-0.086557
-0.110653
-0.080634
-0.028298
0.008053
0.008684
-0.019318
-0.062954
-0.089606
-0.095135
-0.104708
-0.120381
-0.149102
-0.171173
-0.172906
-0.153229
-0.110679
-0.087084
-0.082075
-0.101236
-0.131992
-0.158752
-0.178982
-0.190155
-0.173626
-0.132824
-0.080921
-0.045055
-0.025051
-0.034114
-0.058371
-0.075170
-0.072471
-0.071714
-0.053772
-0.031331
-0.005945
0.012345
0.033260
0.042836
0.036803
0.016004
-0.003773
-0.005570
0.031472
0.082619
0.125839
0.148240
0.125365
0.070691
0.013389
0.000060
-0.009519
0.011643
0.085268
0.153359
0.159106
0.147557
0.147742
0.123209
0.088113
0.126240
0.165393
0.199261
0.235247
0.282248
0.251963
0.177539
0.100896
0.033176
-0.029174
-0.049555
-0.052126
-0.051622
-0.056017
-0.047295
-0.046580
-0.055390
-0.069539
-0.086445
-0.112196
-0.133405
-0.150656
-0.153071
-0.142291
-0.128759
-0.119525
-0.117036
-0.115852
-0.125125
-0.135301
-0.145861
-0.169527
-0.180973
-0.174227
-0.135251
-0.086909
-0.035814
-0.016873
-0.034039
-0.071251
-0.099976
-0.111075
-0.090965
-0.052051
-0.006072
0.035150
0.053764
0.056826
0.040927
0.020753
-0.009340
-0.018461
0.007965
0.071327
0.124207
0.145524
0.139618
0.080015
0.000491
-0.022702
0.019235
0.053050
0.096447
0.123112
0.092951
0.043572
0.055372
0.102703
0.144238
0.169437
0.171996
0.143009
0.145146
0.224125
0.298395
0.298336
0.250235
0.145303
0.008616
-0.082259
-0.083518
-0.062127
-0.032162
-0.000927
0.001020
-0.044151
-0.089332
-0.109756
-0.123096
-0.130717
-0.123889
-0.125201
-0.135941
-0.138527
-0.125714
-0.118416
-0.115460
-0.113571
-0.125123
-0.146246
-0.157756
-0.164939
-0.166913
-0.159386
-0.125686
-0.079251
-0.035184
-0.020183
-0.033832
-0.062462
-0.085434
-0.099609
-0.090165
-0.073601
-0.049138
-0.021144
0.016670
0.050965
0.060104
0.037620
0.010165
-0.009229
0.006169
0.032717
0.104410
0.136877
0.138005
0.099815
0.065071
0.032131
0.021204
0.008449
0.027494
0.059383
0.115664
0.167664
0.185840
0.175053
0.153064
0.121626
0.120338
0.142056
0.219795
0.306195
0.342477
0.300548
0.182273
0.020884
-0.106907
-0.165581
-0.133648
-0.062429
0.007650
0.047414
0.031654
-0.012464
-0.061973
-0.112443
-0.140500
-0.159330
-0.163125
-0.160313
-0.146691
-0.127522
-0.108868
-0.091731
-0.083414
-0.098310
-0.121370
-0.153783
-0.184590
-0.195170
-0.180382
-0.138028
-0.078361
-0.029180
-0.013852
-0.045373
-0.080956
-0.110778
-0.110623
-0.079749
-0.033084
0.000990
0.022160
0.037042
0.037295
0.024239
0.006779
-0.010648
-0.005334
0.023824
0.071088
0.119832
0.152768
0.141004
0.102606
0.038391
-0.005100
-0.019152
0.013984
0.065909
0.099792
0.135248
0.164600
0.153704
0.149305
0.129254
0.100082
0.104536
0.164744
0.247268
0.299588
0.335707
0.322239
0.195494
0.050264
-0.046005
-0.107186
-0.118393
-0.055384
0.012457
0.017450
-0.011719
-0.043803
-0.093303
-0.115618
-0.098462
-0.094805
-0.121118
-0.145647
-0.161435
-0.169629
-0.151715
-0.113755
-0.094232
-0.097910
-0.111649
-0.136747
-0.167333
-0.182751
-0.174585
-0.140388
-0.092328
-0.046107
-0.028731
-0.028530
-0.041650
-0.060341
-0.072649
-0.064053
-0.048990
-0.032863
-0.007473
0.016157
0.022893
0.026546
0.028349
0.018552
0.013015
0.033944
0.064884
0.097004
0.125617
0.137915
0.118242
0.071669
0.025395
-0.013564
-0.031701
0.018301
0.080820
0.135064
0.157523
0.164521
0.152288
0.130134
0.129216
0.153249
0.190167
0.248613
0.276889
0.282626
0.233897
0.144792
0.060346
0.013022
-0.022875
-0.034973
-0.039117
-0.029468
-0.044747
-0.047965
-0.039603
-0.061393
-0.085647
-0.110422
-0.136741
-0.157460
-0.164107
-0.143647
-0.130114
-0.109778
-0.097409
-0.108129
-0.123953
-0.129580
-0.139276
-0.155141
-0.167339
-0.166723
-0.150134
-0.109888
-0.050989
-0.015878
-0.009841
-0.033686
-0.076543
-0.106633
-0.102010
-0.064233
-0.019608
0.014338
0.037710
0.036238
0.024541
0.013374
0.009301
0.013102
0.021628
0.056234
0.096491
0.124236
0.127328
0.106385
0.064939
0.012834
-0.015461
0.001457
0.037423
0.091083
0.138086
0.149449
0.157224
0.152268
0.130460
0.093752
0.074798
0.102582
0.151808
0.227494
0.295863
0.319778
0.255621
0.125413
-0.006565
-0.083837
-0.098070
-0.060148
-0.012875
0.023043
0.017992
-0.017972
-0.050372
-0.077357
-0.097764
-0.111181
-0.125529
-0.143154
-0.156703
-0.140020
-0.112325
-0.091969
-0.080929
-0.090675
-0.119447
-0.144324
-0.156966
-0.164057
-0.172642
-0.165154
-0.141149
-0.098992
-0.047853
-0.010863
-0.015388
-0.045929
-0.087266
-0.109798
-0.100125
-0.060352
-0.014588
0.019018
0.038813
0.028903
0.001808
-0.010771
-0.017294
-0.016714
0.003419
0.057666
0.113777
0.157127
0.158971
0.118487
0.045663
-0.012024
-0.038374
-0.024635
0.017841
0.084481
0.126133
0.159657
0.160357
0.149447
0.116685
0.091946
0.111558
0.156401
0.216687
0.296426
0.331351
0.311486
0.202391
0.069217
-0.041886
-0.100818
-0.090875
-0.054052
-0.012566
0.021409
0.014504
-0.013633
-0.065517
-0.103254
-0.120935
-0.137291
-0.141928
-0.144620
-0.143826
-0.132931
-0.121728
-0.103424
-0.103034
-0.109089
-0.119525
-0.137529
-0.148165
-0.162632
-0.174777
-0.169035
-0.143485
-0.092596
-0.040067
-0.002665
-0.012893
-0.060383
-0.105209
-0.126250
-0.117716
-0.068539
-0.007690
0.044807
0.069604
0.081075
0.063116
0.023491
-0.018836
-0.049193
-0.052990
0.007142
0.100519
0.168106
0.178639
0.163375
0.095663
0.024113
-0.009879
-0.009428
-0.002189
0.051747
0.106926
0.136375
0.141438
0.150645
0.130937
0.114975
0.132595
0.165997
0.193553
0.237830
0.277451
0.260974
0.185124
0.098637
0.020658
-0.047343
-0.084483
-0.057683
-0.025960
-0.005228
0.005382
-0.011585
-0.052065
-0.096021
-0.118281
-0.132743
-0.141251
-0.128326
-0.118302
-0.119436
-0.117366
-0.116283
-0.115957
-0.117434
-0.123011
-0.130607
-0.144652
-0.151747
-0.163464
-0.159254
-0.128973
-0.087705
-0.046040
-0.024313
-0.034982
-0.065715
-0.089995
-0.085934
-0.064669
-0.032103
0.003802
0.020180
0.029725
0.030244
0.034088
0.031816
0.013202
-0.001312
0.003553
0.030628
0.080763
0.116752
0.125691
0.101467
0.049875
0.033572
0.024781
0.049819
0.063254
0.070216
0.088902
0.113570
0.137132
0.146360
0.124458
0.105162
0.089580
0.119604
0.181531
0.262576
0.319071
0.293451
0.202552
0.108672
0.030827
-0.022780
-0.062910
-0.068339
-0.063655
-0.040833
0.000233
0.012149
-0.005557
-0.050816
-0.101844
-0.139366
-0.156903
-0.143987
-0.125656
-0.114753
-0.109196
-0.108442
-0.111047
-0.112131
-0.119445
-0.126019
-0.143266
-0.162985
-0.175641
-0.170499
-0.138647
-0.091887
-0.038518
-0.011910
-0.014364
-0.042180
-0.080616
-0.107306
-0.103217
-0.071816
-0.027398
0.015333
0.044677
0.055098
0.043167
0.020065
-0.003134
-0.021546
-0.002949
0.050815
0.098086
0.106819
0.104179
0.084937
0.065005
0.046516
0.064909
0.067502
0.052511
0.038336
0.056450
0.097717
0.152832
0.198467
0.188284
0.134357
0.093953
0.120226
0.171401
0.263829
0.342055
0.343342
0.220641
0.073545
-0.053878
-0.109542
-0.079223
-0.006554
0.031452
0.016331
-0.024083
-0.072882
-0.117708
-0.114628
-0.096243
-0.085083
-0.096478
-0.117882
-0.139046
-0.147335
-0.129951
-0.105369
-0.105021
-0.112769
-0.138512
-0.155907
-0.159507
-0.154889
-0.143812
-0.136875
-0.123929
-0.097886
-0.070558
-0.040971
-0.034398
-0.039922
-0.059744
-0.081855
-0.079987
-0.059997
-0.030110
0.005126
0.028206
0.044754
0.043044
0.026495
-0.000072
-0.016642
-0.007341
0.035257
0.094801
0.140213
0.142806
0.100099
0.056642
0.017396
0.005023
0.012523
0.045882
0.082353
0.105782
0.135837
0.153934
0.139075
0.112137
0.088840
0.091805
0.121138
0.204957
0.302372
0.339244
0.294427
0.192222
0.061927
-0.034809
-0.063778
-0.031976
-0.002633
0.005841
-0.004469
-0.034275
-0.062531
-0.069606
-0.076194
-0.091278
-0.118873
-0.139427
-0.158573
-0.152680
-0.124626
-0.098742
-0.090561
-0.101120
-0.125812
-0.152729
-0.163052
-0.152720
-0.146968
-0.149693
-0.149495
-0.134235
-0.107277
-0.060067
-0.018585
-0.004941
-0.034090
-0.074243
-0.108652
-0.108848
-0.072480
-0.018355
0.021247
0.037440
0.039872
0.029298
0.010975
-0.008513
-0.022903
-0.006580
0.042510
0.106533
0.142348
0.143693
0.103078
0.030269
-0.008693
0.002082
0.024462
0.069266
0.118654
0.122372
0.091666
0.086240
0.121325
0.141422
0.144626
0.148664
0.136225
0.131800
0.195765
0.279792
0.318948
0.266773
0.150519
0.022061
-0.069439
-0.074552
-0.048554
-0.018387
-0.002693
-0.013400
-0.049294
-0.090503
-0.115291
-0.117947
-0.119781
-0.108563
-0.115832
-0.134549
-0.141899
-0.140498
-0.134947
-0.127641
-0.121582
-0.117106
-0.129982
-0.136154
-0.153822
-0.173362
-0.167046
-0.136826
-0.094103
-0.051405
-0.022422
-0.016029
-0.042115
-0.067394
-0.078716
-0.079146
-0.067384
-0.043710
-0.019516
0.006818
0.022441
0.036243
0.037646
0.032125
0.012827
0.003131
0.005901
0.043727
0.090540
0.114952
0.108719
0.097992
0.047463
0.022806
0.033009
0.048888
0.048094
0.045799
0.085930
0.124528
0.150876
0.192783
0.187247
0.132096
0.099368
0.130098
0.210583
0.282844
0.307473
0.234988
0.109489
0.015665
-0.029024
-0.040678
-0.012250
-0.004438
-0.031775
-0.081628
-0.107780
-0.109819
-0.103667
-0.079193
-0.072306
-0.100062
-0.128674
-0.147541
-0.153129
-0.152612
-0.137255
-0.124295
-0.123621
-0.118824
-0.112885
-0.127055
-0.144954
-0.166791
-0.171751
-0.155510
-0.108192
-0.055355
-0.022229
-0.011792
-0.022343
-0.054217
-0.076893
-0.081866
-0.066332
-0.043988
-0.015939
0.008918
0.020836
0.028151
0.034819
0.029158
0.018183
0.025565
0.060418
0.094068
0.115739
0.108291
0.074386
0.016457
0.019952
0.038858
0.067257
0.077022
0.072435
0.053275
0.071188
0.118624
0.173718
0.186014
0.179207
0.139544
0.101738
0.132974
0.227793
0.322398
0.344800
0.259430
0.113781
-0.037450
-0.122587
-0.127376
-0.071373
-0.003262
0.028038
0.016309
-0.016267
-0.059533
-0.081162
-0.091287
-0.103784
-0.129590
-0.157949
-0.171850
-0.168657
-0.141464
-0.099478
-0.080906
-0.084638
-0.105795
-0.132704
-0.161914
-0.177037
-0.180480
-0.163721
-0.128690
-0.073958
-0.033846
-0.014821
-0.027026
-0.056767
-0.084731
-0.082618
-0.063635
-0.043726
-0.022649
0.004862
0.019610
0.028261
0.036509
0.029614
-0.000486
-0.007027
0.007563
0.055635
0.098539
0.133701
0.117696
0.079251
0.055195
0.049190
0.048658
0.070921
0.083738
0.100414
0.095067
0.091200
0.096455
0.126120
0.148837
0.172432
0.181321
0.194701
0.226986
0.264715
0.274039
0.234295
0.142286
0.040980
-0.047050
-0.076117
-0.052834
-0.004574
0.032743
0.032555
-0.008078
-0.073278
-0.118119
-0.132607
-0.131857
-0.118047
-0.105780
-0.111251
-0.113156
-0.112418
-0.102873
-0.106670
-0.113624
-0.124100
-0.139239
-0.146471
-0.144856
-0.146835
-0.152109
-0.142214
-0.115665
-0.084703
-0.052634
-0.033208
-0.032422
-0.050164
-0.066143
-0.070227
-0.057045
-0.030844
-0.006450
0.013461
0.022400
0.026225
0.021498
0.013929
0.008343
0.017025
0.029448
0.067732
0.100297
0.128999
0.149699
0.115218
0.061082
0.012305
-0.022958
-0.022200
0.022849
0.106427
0.164024
0.204265
0.218754
0.180411
0.106032
0.057035
0.061169
0.105008
0.174431
0.262536
0.309426
0.277011
0.190167
0.088802
-0.003141
-0.050852
-0.050655
-0.031031
-0.018585
-0.016889
-0.013728
-0.029053
-0.045670
-0.066446
-0.093699
-0.129196
-0.153637
-0.164270
-0.154132
-0.135803
-0.102726
-0.088488
-0.091701
-0.107283
-0.129617
-0.141244
-0.144656
-0.152209
-0.163446
-0.165422
-0.133983
-0.095787
-0.054203
-0.022305
-0.022360
-0.045546
-0.060771
-0.062638
-0.057452
-0.049697
-0.024481
-0.007101
0.004829
0.017815
0.024350
0.024844
0.024670
0.027210
0.035293
0.051783
0.078777
0.095213
0.090651
0.075698
0.076008
0.080102
0.074726
0.064683
0.063357
0.057295
0.073046
0.113122
0.148210
0.162410
0.166688
0.146225
0.122793
0.153533
0.205191
0.285879
0.314513
0.285186
0.180179
0.032326
-0.075907
-0.119744
-0.101922
-0.039298
0.016288
0.037829
0.002562
-0.050271
-0.096390
-0.126347
-0.122395
-0.115809
-0.122263
-0.128806
-0.138535
-0.134243
-0.127244
-0.113680
-0.102468
-0.109634
-0.118550
-0.134475
-0.153574
-0.168204
-0.174578
-0.156600
-0.126918
-0.086226
-0.050903
-0.038088
-0.042016
-0.051647
-0.063171
-0.068363
-0.062593
-0.043734
-0.021488
-0.007006
0.013562
0.022102
0.023836
0.012827
0.011427
0.020272
0.045033
0.086001
0.111295
0.120280
0.095030
0.064083
0.043653
0.026114
0.017724
0.038252
0.064472
0.106233
0.148523
0.165402
0.135613
0.105872
0.094310
0.104407
0.152297
0.222039
0.282758
0.311139
0.320784
0.255732
0.137981
0.011164
-0.075005
-0.118569
-0.118174
-0.077559
-0.022602
0.005873
0.018897
0.009214
-0.025958
-0.074807
-0.125526
-0.167312
-0.188475
-0.188176
-0.153276
-0.122285
-0.091533
-0.079183
-0.083068
-0.103997
-0.130010
-0.150041
-0.163368
-0.177004
-0.168616
-0.140532
-0.098483
-0.058705
-0.024533
-0.019279
-0.038405
-0.068698
-0.084686
-0.090704
-0.071040
-0.045181
-0.013282
0.012454
0.037942
0.051047
0.043258
0.010659
-0.020425
-0.028624
0.015353
0.083181
0.149109
0.163478
0.114047
0.045781
0.002469
-0.002147
0.010299
0.070360
0.109540
0.106002
0.115943
0.137773
0.110051
0.109087
0.114060
0.119524
0.146983
0.191843
0.259297
0.313552
0.327598
0.258871
0.107526
0.001198
-0.071069
-0.100159
-0.065931
-0.008710
0.013003
-0.007472
-0.037765
-0.070952
-0.114926
-0.109456
-0.097566
-0.112586
-0.130772
-0.145598
-0.148333
-0.142445
-0.115950
-0.087471
-0.098898
-0.113417
-0.135244
-0.158614
-0.166734
-0.154330
-0.142826
-0.140792
-0.125387
-0.085803
-0.052219
-0.020956
-0.016024
-0.042852
-0.075074
-0.088906
-0.073260
-0.044003
-0.009778
0.012201
0.010899
0.016253
0.031598
0.035092
0.032623
0.026243
0.038724
0.065233
0.079433
0.088077
0.073701
0.060019
0.050157
0.056299
0.056636
0.039183
0.014699
0.045683
0.085514
0.146623
0.182180
0.169075
0.116157
0.084163
0.083201
0.119146
0.173337
0.265355
0.305111
0.279565
0.206606
0.111860
0.022321
-0.033138
-0.048786
-0.039198
-0.049498
-0.048048
-0.050267
-0.057908
-0.063544
-0.073644
-0.086623
-0.108582
-0.136068
-0.149235
-0.160049
-0.147054
-0.129794
-0.111366
-0.104977
-0.112759
-0.127778
-0.137161
-0.139986
-0.141606
-0.152038
-0.156688
-0.149546
-0.123016
-0.081368
-0.045438
-0.030491
-0.037177
-0.055800
-0.071355
-0.079458
-0.064277
-0.038537
-0.006067
0.020401
0.031882
0.023875
0.007172
-0.004361
-0.005539
0.028105
0.076343
0.110545
0.118707
0.122659
0.095784
0.046057
0.027240
0.017712
0.025761
0.044594
0.082946
0.093065
0.083889
0.105708
0.132606
0.128445
0.153715
0.156100
0.144503
0.143750
0.181591
0.228572
0.260394
0.251875
0.192213
0.080873
0.012208
-0.039036
-0.056132
-0.043979
-0.029504
-0.033211
-0.061112
-0.081864
-0.090285
-0.104641
-0.090153
-0.092693
-0.106524
-0.129253
-0.145374
-0.149862
-0.140965
-0.122201
-0.105268
-0.113195
-0.115628
-0.129074
-0.140406
-0.150814
-0.153357
-0.144566
-0.118300
-0.087398
-0.054473
-0.050817
-0.047268
-0.057898
-0.059691
-0.055412
-0.051027
-0.051382
-0.047874
-0.025312
0.004252
0.032905
0.056314
0.055006
0.028213
-0.011437
-0.023142
-0.003527
0.064188
0.130862
0.151191
0.134228
0.082392
0.026230
-0.000221
0.008334
0.054464
0.082458
0.107711
0.119755
0.107414
0.113138
0.131262
0.139633
0.135620
0.146915
0.186215
0.240271
0.293526
0.295027
0.222038
0.100043
-0.008874
-0.078288
-0.100555
-0.079695
-0.031594
0.006188
0.019788
0.003157
-0.027710
-0.056848
-0.081427
-0.098450
-0.114577
-0.128987
-0.143404
-0.149208
-0.133967
-0.115973
-0.093844
-0.086689
-0.092671
-0.113388
-0.124916
-0.128392
-0.136458
-0.153194
-0.166787
-0.158749
-0.121823
-0.070053
-0.028232
-0.023268
-0.045951
-0.074451
-0.082890
-0.071424
-0.048673
-0.030962
-0.010133
0.006639
0.022224
0.031807
0.037172
0.021858
0.004655
0.012159
0.044997
0.086892
0.117482
0.106728
0.071419
0.040728
0.029742
0.056880
0.070901
0.090759
0.100548
0.064528
0.039250
0.044613
0.086229
0.144881
0.169309
0.193922
0.205956
0.212183
0.243669
0.284967
0.311341
0.255274
0.128737
0.003227
-0.100909
-0.139907
-0.091453
-0.015816
0.037215
0.037598
0.005169
-0.052636
-0.109085
-0.114063
-0.104093
-0.110037
-0.128527
-0.148545
-0.164320
-0.159721
-0.122635
-0.085097
-0.077550
-0.091111
-0.117025
-0.152373
-0.163245
-0.152830
-0.131944
-0.124010
-0.109657
-0.088550
-0.068872
-0.054007
-0.044721
-0.049817
-0.056333
-0.054530
-0.045392
-0.037564
-0.021314
0.001088
0.013293
0.025634
0.035002
0.029024
0.004088
-0.002889
0.018674
0.052783
0.100000
0.134776
0.112269
0.056143
0.000241
-0.001221
0.047159
0.101894
0.164061
0.135442
0.086112
0.078898
0.100601
0.131730
0.154947
0.149416
0.120786
0.117874
0.181740
0.253804
0.293283
0.292042
0.194612
0.060764
-0.045486
-0.071896
-0.050004
-0.019301
-0.000822
-0.005751
-0.036932
-0.051977
-0.053345
-0.052575
-0.056152
-0.083885
-0.117779
-0.160037
-0.177461
-0.154457
-0.121996
-0.074728
-0.057353
-0.065119
-0.093755
-0.126703
-0.144830
-0.151834
-0.152698
-0.152225
-0.146553
-0.120865
-0.086073
-0.056652
-0.030095
-0.028211
-0.037766
-0.049920
-0.060661
-0.063092
-0.060072
-0.033835
-0.001028
0.023957
0.040476
0.053044
0.037933
-0.000242
-0.036998
-0.025506
0.019559
0.063394
0.115729
0.141883
0.129750
0.103927
0.084296
0.058981
0.016916
0.006560
0.033374
0.077500
0.116589
0.156389
0.152587
0.135170
0.113282
0.126467
0.144939
0.166649
0.225808
0.265105
0.279376
0.228571
0.138635
0.038827
-0.040422
-0.072612
-0.060995
-0.038102
-0.011472
-0.013165
-0.034498
-0.053285
-0.077840
-0.090538
-0.099914
-0.105399
-0.113002
-0.120740
-0.118520
-0.122093
-0.121937
-0.113449
-0.113737
-0.124131
-0.126389
-0.125184
-0.116726
-0.115025
-0.115257
-0.120994
-0.138010
-0.131067
-0.104305
-0.072002
-0.041769
-0.027508
-0.019915
-0.031747
-0.044793
-0.052091
-0.055781
-0.049809
-0.025758
0.002040
0.028565
0.051824
0.062504
0.054231
0.024526
-0.000434
-0.002335
0.022492
0.072678
0.099550
0.116008
0.114251
0.091241
0.077603
0.050917
0.010982
-0.008973
0.014863
0.093289
0.173759
0.213903
0.201608
0.154737
0.111948
0.110454
0.166080
0.264140
0.323256
0.302175
0.200797
0.068321
-0.036564
-0.088417
-0.067936
-0.030070
-0.007120
-0.000767
-0.019727
-0.054693
-0.076064
-0.084317
-0.093010
-0.110212
-0.128187
-0.136389
-0.149368
-0.134686
-0.114556
-0.105709
-0.104959
-0.109913
-0.121323
-0.135038
-0.139788
-0.128781
-0.129113
-0.127401
-0.126027
-0.126747
-0.111619
-0.082597
-0.055625
-0.042630
-0.044429
-0.052708
-0.067979
-0.067207
-0.046675
-0.020445
0.008879
0.030112
0.040293
0.034057
0.010045
-0.014274
-0.026706
-0.005475
0.043253
0.099064
0.147033
0.164702
0.133435
0.069521
0.016089
-0.005863
0.001074
0.040743
0.092939
0.131577
0.143754
0.144497
0.146182
0.125988
0.097399
0.111125
0.141087
0.191379
0.259827
0.320268
0.294852
0.194356
0.079932
-0.011457
-0.075693
-0.079735
-0.059178
-0.041605
-0.039754
-0.035028
-0.042988
-0.062820
-0.069757
-0.069856
-0.092920
-0.121041
-0.146978
-0.159628
-0.161878
-0.138581
-0.105526
-0.094673
-0.101278
-0.115784
-0.133107
-0.137208
-0.128310
-0.115879
-0.121651
-0.133710
-0.129595
-0.105232
-0.071258
-0.034890
-0.028193
-0.051171
-0.077825
-0.081655
-0.061206
-0.028723
0.012522
0.035186
0.027791
0.020443
0.017973
0.008521
0.003751
0.017431
0.039912
0.057703
0.077813
0.097196
0.088878
0.067418
0.052061
0.046664
0.053683
0.073725
0.074203
0.066720
0.071170
0.083747
0.080058
0.093781
0.128865
0.135069
0.135491
0.152202
0.190711
0.221872
0.256934
0.255338
0.187512
0.079158
0.009238
-0.027064
-0.033866
-0.032559
-0.032095
-0.041405
-0.052071
-0.050496
-0.038041
-0.036962
-0.041283
-0.061516
-0.102417
-0.147415
-0.173314
-0.164160
-0.139025
-0.113355
-0.088203
-0.090970
-0.103925
-0.115282
-0.116143
-0.115266
-0.124578
-0.136806
-0.149009
-0.157791
-0.142650
-0.106905
-0.067422
-0.040296
-0.039102
-0.044207
-0.058583
-0.064690
-0.051514
-0.033212
-0.013490
0.000569
0.007757
0.014165
0.009200
0.015493
0.024181
0.041039
0.060426
0.070706
0.078601
0.078283
0.058358
0.061844
0.075944
0.059154
0.046080
0.052024
0.055780
0.063852
0.073946
0.112449
0.142062
0.151876
0.138013
0.098078
0.072212
0.114578
0.192358
0.293848
0.338181
0.295449
0.173676
0.038069
-0.048376
-0.052007
-0.016725
0.021855
0.014217
-0.023061
-0.070809
-0.102016
-0.087070
-0.052545
-0.043752
-0.061176
-0.107920
-0.147208
-0.169091
-0.156110
-0.115498
-0.081178
-0.072368
-0.085139
-0.118089
-0.142439
-0.150955
-0.134483
-0.112700
-0.105659
-0.114963
-0.128945
-0.130430
-0.097845
-0.050474
-0.015961
-0.022856
-0.052699
-0.086885
-0.095791
-0.070924
-0.025492
0.012827
0.034738
0.033900
0.024778
0.020373
0.025582
0.015608
0.004400
0.009109
0.026717
0.048052
0.090439
0.133335
0.136420
0.106292
0.058534
0.008705
-0.024165
0.012585
0.077978
0.136107
0.178533
0.178266
0.132108
0.097862
0.099320
0.122939
0.165499
0.222777
0.285895
0.303055
0.271853
0.193069
0.082272
-0.011276
-0.064337
-0.079230
-0.063438
-0.040773
-0.011610
-0.011188
-0.023040
-0.044484
-0.073808
-0.094281
-0.114566
-0.133956
-0.144940
-0.147251
-0.137340
-0.121179
-0.101053
-0.088290
-0.093243
-0.107693
-0.121857
-0.137618
-0.139166
-0.139029
-0.139119
-0.137023
-0.122091
-0.090960
-0.057161
-0.026873
-0.015047
-0.035386
-0.062834
-0.073475
-0.058702
-0.037902
-0.011372
0.007463
0.020238
0.025748
0.039124
0.047825
0.038976
0.018570
0.016699
0.029934
0.055505
0.082708
0.088736
0.076095
0.050992
0.035679
0.056317
0.089815
0.117193
0.117503
0.112942
0.080077
0.065789
0.078310
0.097370
0.102650
0.110743
0.134606
0.176253
0.246479
0.312490
0.315265
0.227790
0.116335
0.015939
-0.036235
-0.044831
-0.034408
-0.008421
-0.005274
-0.004261
-0.022023
-0.046984
-0.068589
-0.093248
-0.114519
-0.124795
-0.138102
-0.133248
-0.125244
-0.110982
-0.098462
-0.093789
-0.098153
-0.115742
-0.136604
-0.141044
-0.150031
-0.139562
-0.125018
-0.112320
-0.110141
-0.109848
-0.098872
-0.078764
-0.060759
-0.044784
-0.049567
-0.064448
-0.084366
-0.086024
-0.057582
-0.003652
0.041053
0.059728
0.043381
0.025279
0.003957
-0.006503
0.002236
0.038837
0.075090
0.111532
0.126891
0.113288
0.083914
0.030778
-0.004280
-0.007405
0.017526
0.064439
0.128791
0.149581
0.157088
0.145263
0.147695
0.125728
0.100228
0.104524
0.125841
0.167876
0.253104
0.303650
0.292175
0.201654
0.096068
0.006329
-0.055181
-0.065745
-0.042879
-0.035775
-0.028893
-0.040112
-0.046994
-0.049826
-0.049263
-0.058668
-0.088878
-0.124016
-0.151240
-0.166040
-0.150156
-0.125544
-0.100742
-0.088029
-0.093018
-0.108464
-0.124482
-0.124991
-0.119241
-0.127987
-0.136517
-0.143904
-0.151159
-0.133029
-0.089425
-0.037615
-0.011142
-0.015189
-0.033362
-0.058834
-0.065075
-0.040944
-0.018170
-0.008697
-0.010268
-0.007969
0.005082
0.027040
0.059077
0.065788
0.059772
0.054576
0.048842
0.054644
0.064013
0.082017
0.093158
0.094076
0.085105
0.043812
0.009434
0.028028
0.066743
0.092538
0.123768
0.140247
0.139283
0.120661
0.117427
0.122321
0.141473
0.202689
0.293876
0.340605
0.299482
0.194896
0.066084
-0.054587
-0.121434
-0.111041
-0.076671
-0.024935
0.015320
0.020106
-0.004270
-0.042553
-0.077449
-0.111573
-0.131413
-0.138888
-0.151476
-0.153303
-0.139945
-0.114779
-0.091734
-0.079560
-0.084232
-0.106680
-0.134213
-0.146873
-0.141615
-0.124958
-0.106125
-0.097168
-0.098603
-0.102395
-0.097429
-0.083470
-0.065142
-0.053086
-0.048320
-0.053014
-0.052624
-0.039349
-0.012454
0.011783
0.026115
0.031568
0.015905
-0.004826
-0.017659
-0.014348
0.002681
0.031125
0.069852
0.100583
0.098387
0.079733
0.067156
0.071478
0.093537
0.105835
0.088803
0.052248
0.012123
0.034041
0.064064
0.116647
0.157150
0.168053
0.176901
0.168073
0.182161
0.215548
0.252144
0.295852
0.264662
0.165896
0.038353
-0.065145
-0.113530
-0.089506
-0.031402
0.019280
0.021203
0.004258
-0.048688
-0.104508
-0.114437
-0.099917
-0.100177
-0.114754
