0.107519
0.042734
0.051505
-0.022111
-0.071949
-0.170079
-0.118836
-0.037047
0.141695
0.233249
0.313983
0.298632
0.329916
0.339811
0.390884
0.425348
0.377554
0.122306
-0.144108
-0.504580
-0.637377
-0.534408
-0.167475
0.081342
0.304284
0.318340
0.312254
0.194161
0.176046
0.003312
-0.210043
-0.475446
-0.553296
-0.551641
-0.351066
-0.143583
0.037435
0.062783
0.090147
0.070172
0.054700
-0.001442
-0.055006
-0.132880
-0.135510
-0.067062
0.051591
0.158119
0.248245
0.274650
0.289848
0.330806
0.363630
0.336039
0.383859
0.333484
0.125379
-0.172391
-0.508278
-0.642167
-0.512339
-0.144722
0.136544
0.328620
0.304697
0.272654
0.153840
0.142028
-0.019305
-0.206725
-0.490212
-0.581638
-0.580461
-0.343609
-0.125146
0.083876
0.096198
0.118533
0.067419
0.064115
-0.011388
-0.060657
-0.154063
-0.140114
-0.075049
0.080293
0.191758
0.282928
0.296855
0.319733
0.323784
0.338813
0.337618
0.388993
0.239136
0.023061
-0.315144
-0.573963
-0.621630
-0.352098
-0.031363
0.215998
0.311812
0.288898
0.208183
0.144734
0.094245
-0.091062
-0.329659
-0.544506
-0.590550
-0.508112
-0.254741
-0.040007
0.094668
0.094236
0.114274
0.064056
0.040021
-0.041761
-0.097998
-0.168143
-0.113586
-0.026141
0.112209
0.193810
0.274203
0.280907
0.326348
0.332892
0.326315
0.327794
0.390456
0.204567
-0.021164
-0.377445
-0.596689
-0.624047
-0.290039
0.018203
0.257200
0.290799
0.282952
0.176660
0.144521
0.066551
-0.108439
-0.391530
-0.585187
-0.623879
-0.482057
-0.220923
0.018039
0.117685
0.115799
0.107857
0.069904
0.026738
-0.050017
-0.121050
-0.174547
-0.111232
0.002057
0.150237
0.224762
0.283572
0.290629
0.324882
0.322475
0.327561
0.336286
0.332129
0.139258
-0.057071
-0.356710
-0.559862
-0.547866
-0.250464
0.020814
0.227813
0.295347
0.271764
0.165786
0.113298
0.032864
-0.156805
-0.396168
-0.569192
-0.599150
-0.471520
-0.201900
0.024957
0.135668
0.144073
0.130931
0.062280
0.008789
-0.069034
-0.131711
-0.167604
-0.097337
0.012738
0.159306
0.255094
0.310119
0.305625
0.333157
0.321505
0.301868
0.320788
0.315017
0.115974
-0.076463
-0.342725
-0.540250
-0.524528
-0.226833
0.037450
0.216933
0.285093
0.266513
0.159340
0.098617
0.023270
-0.175602
-0.427640
-0.593768
-0.603418
-0.459155
-0.171245
0.072505
0.178543
0.171327
0.141703
0.050491
-0.021603
-0.088168
-0.125474
-0.151656
-0.079292
0.048137
0.199530
0.292723
0.344009
0.329639
0.321632
0.300114
0.322702
0.355993
0.255942
0.032577
-0.192427
-0.473208
-0.568110
-0.403722
-0.079272
0.122361
0.271881
0.282960
0.236672
0.136403
0.105184
-0.056678
-0.291769
-0.532297
-0.611834
-0.561889
-0.318385
-0.043116
0.141231
0.177688
0.173406
0.103516
0.017836
-0.057125
-0.113630
-0.149885
-0.114217
-0.015855
0.119719
0.242013
0.319120
0.340881
0.336309
0.322128
0.300236
0.321815
0.345523
0.193206
-0.017818
-0.275451
-0.514180
-0.541143
-0.294353
0.001845
0.187765
0.287258
0.273192
0.201792
0.127360
0.077067
-0.121006
-0.375162
-0.594370
-0.626135
-0.498220
-0.200600
0.054176
0.192121
0.186909
0.158527
0.071689
-0.000220
-0.082338
-0.136436
-0.166319
-0.079895
0.077929
0.239655
0.326978
0.361479
0.339537
0.324305
0.306419
0.345576
0.388060
0.266280
0.028059
-0.205625
-0.474946
-0.554536
-0.374949
-0.060007
0.127161
0.268699
0.289396
0.253346
0.158760
0.122050
-0.060924
-0.306249
-0.548751
-0.613141
-0.539314
-0.283860
-0.023460
0.145264
0.174661
0.174766
0.112190
0.032881
-0.057302
-0.130992
-0.178949
-0.126513
0.012972
0.176930
0.286227
0.341965
0.329042
0.310661
0.315146
0.340620
0.376111
0.366796
0.181069
-0.036614
-0.286038
-0.502990
-0.510240
-0.279687
-0.014144
0.164747
0.290328
0.297341
0.240165
0.155031
0.076700
-0.152587
-0.403548
-0.612323
-0.616556
-0.483618
-0.183653
0.062659
0.209911
0.204153
0.178877
0.076764
-0.003555
-0.101850
-0.150537
-0.172097
-0.070872
0.069474
0.244404
0.327456
0.360951
0.325325
0.328903
0.315574
0.335891
0.370027
0.319147
0.097681
-0.111573
-0.398955
-0.546803
-0.460433
-0.149069
0.071562
0.248302
0.295356
0.278965
0.179614
0.140806
0.001205
-0.241097
-0.510550
-0.634844
-0.601860
-0.372704
-0.064111
0.155989
0.217007
0.202285
0.140078
0.041104
-0.045117
-0.127487
-0.181190
-0.155087
-0.015044
0.160919
0.292778
0.352681
0.347629
0.310117
0.309503
0.337538
0.378968
0.374177
0.228741
0.004518
-0.211918
-0.448970
-0.495887
-0.343552
-0.076269
0.095502
0.259892
0.286857
0.267133
0.169097
0.108733
-0.102471
-0.333439
-0.560060
-0.611713
-0.540181
-0.272563
-0.011212
0.181489
0.218809
0.211300
0.104631
0.011008
-0.089995
-0.146236
-0.180926
-0.096554
0.032670
0.202202
0.308870
0.353751
0.326655
0.319650
0.296040
0.302700
0.341183
0.375665
0.214215
0.005780
-0.226485
-0.451930
-0.507222
-0.309113
-0.049749
0.116908
0.243388
0.272340
0.229247
0.150449
0.094354
-0.112218
-0.379628
-0.603870
-0.625494
-0.508650
-0.219560
0.048224
0.207851
0.210369
0.189365
0.089189
-0.007694
-0.105071
-0.149988
-0.174154
-0.081501
0.072090
0.233450
0.304992
0.343385
0.315738
0.308099
0.315505
0.364865
0.359256
0.308167
0.115386
-0.057617
-0.277503
-0.434136
-0.445839
-0.260214
-0.053716
0.136664
0.262075
0.286604
0.225734
0.134352
0.019331
-0.189414
-0.411772
-0.579943
-0.598892
-0.469264
-0.193501
0.058152
0.211754
0.224690
0.172029
0.050243
-0.043340
-0.123793
-0.156461
-0.153779
-0.054617
0.081010
0.229442
0.313358
0.346716
0.308082
0.283998
0.284644
0.339300
0.340576
0.306994
0.130072
-0.040045
-0.243436
-0.396821
-0.426142
-0.274578
-0.084521
0.089015
0.224110
0.262081
0.224566
0.132464
0.026039
-0.182212
-0.409156
-0.585942
-0.589062
-0.465253
-0.199649
0.047069
0.209032
0.217884
0.170099
0.051607
-0.049319
-0.135654
-0.164741
-0.159529
-0.057159
0.087847
0.239366
0.303953
0.328127
0.304216
0.292241
0.291392
0.336052
0.314266
0.270233
0.123509
-0.018777
-0.198500
-0.373653
-0.435342
-0.315010
-0.113460
0.077715
0.234789
0.267173
0.215345
0.107931
0.010630
-0.181038
-0.396016
-0.583879
-0.611348
-0.493954
-0.213661
0.064602
0.238351
0.240375
0.158677
0.026172
-0.077720
-0.138528
-0.161766
-0.146555
-0.052626
0.100606
0.239695
0.313275
0.329728
0.306938
0.292640
0.331326
0.362842
0.314750
0.216546
0.045466
-0.093782
-0.262977
-0.385246
-0.400964
-0.258566
-0.076001
0.119191
0.250582
0.272160
0.194277
0.080779
-0.048693
-0.236281
-0.424997
-0.570518
-0.582451
-0.454949
-0.187774
0.067541
0.225825
0.226171
0.142536
0.004642
-0.088622
-0.151646
-0.163402
-0.142344
-0.045217
0.088487
0.235707
0.315492
0.339576
0.303645
0.281561
0.292233
0.344176
0.324164
0.254457
0.074617
-0.079868
-0.302734
-0.428611
-0.422666
-0.245203
-0.067084
0.129315
0.242433
0.258926
0.194008
0.106728
-0.031796
-0.251989
-0.467131
-0.618735
-0.609931
-0.445109
-0.150446
0.097378
0.236360
0.220047
0.135736
0.002206
-0.091143
-0.158643
-0.170956
-0.142569
-0.031853
0.115778
0.251790
0.314877
0.329292
0.309222
0.298682
0.318080
0.352208
0.308394
0.174249
-0.018254
-0.157864
-0.357471
-0.425595
-0.363367
-0.166932
-0.018872
0.173178
0.249895
0.249943
0.147455
0.066842
-0.108269
-0.306973
-0.494690
-0.580023
-0.556967
-0.371159
-0.114164
0.110458
0.214636
0.206472
0.106205
-0.020659
-0.112574
-0.161799
-0.166379
-0.109302
-0.001657
0.131095
0.245877
0.306350
0.327634
0.326866
0.300302
0.243996
0.224472
0.286541
0.251806
0.077444
-0.114433
-0.368613
-0.508760
-0.421360
-0.139966
0.046101
0.179961
0.206247
0.191967
0.108331
0.096272
-0.033115
-0.277199
-0.557158
-0.655421
-0.597335
-0.344345
-0.037649
0.186818
0.213344
0.171498
0.082277
-0.014850
-0.102820
-0.148039
-0.180785
-0.123733
0.021572
0.201350
0.299399
0.348543
0.348559
0.325335
0.286026
0.277983
0.319237
0.280791
0.086163
-0.119182
-0.390999
-0.536485
-0.465493
-0.174210
0.033378
0.197013
0.236004
0.230290
0.145739
0.120337
-0.005451
-0.234693
-0.511985
-0.642944
-0.624796
-0.409003
-0.121415
0.118043
0.198114
0.193687
0.123162
0.023476
-0.073975
-0.144372
-0.194280
-0.158941
-0.026315
0.146236
0.266137
0.327572
0.332564
0.323022
0.313142
0.289108
0.282550
0.322224
0.182054
-0.022027
-0.312876
-0.517406
-0.546911
-0.293188
-0.018779
0.181794
0.242694
0.240613
0.176300
0.129534
0.058827
-0.135931
-0.423783
-0.641205
-0.661057
-0.494822
-0.196605
0.070023
0.204988
0.192381
0.145690
0.053562
-0.034906
-0.126456
-0.175948
-0.178275
-0.067268
0.107158
0.263283
0.323172
0.346743
0.346587
0.323460
0.282882
0.324520
0.330625
0.157434
-0.048648
-0.295341
-0.522230
-0.539285
-0.282638
-0.015199
0.157458
0.256409
0.263260
0.188952
0.127307
0.068881
-0.137165
-0.408438
-0.604144
-0.628753
-0.505664
-0.223997
0.032418
0.175328
0.185317
0.168376
0.071085
-0.020516
-0.112888
-0.169592
-0.198117
-0.095126
0.070285
0.228531
0.305025
0.346318
0.345049
0.342770
0.305896
0.306553
0.350344
0.238501
0.023703
-0.226108
-0.492737
-0.578190
-0.383467
-0.066947
0.130425
0.257381
0.264941
0.224785
0.140505
0.112942
-0.068216
-0.332624
-0.597929
-0.652222
-0.562541
-0.272361
-0.000805
0.181844
0.186838
0.177279
0.088312
0.009573
-0.093230
-0.149260
-0.198299
-0.117606
0.032256
0.214966
0.297432
0.348628
0.347199
0.336275
0.281339
0.287397
0.341519
0.284598
0.076218
-0.123672
-0.402082
-0.547429
-0.445663
-0.132505
0.059589
0.215381
0.252207
0.241220
0.144051
0.134519
-0.001582
-0.238976
-0.523044
-0.622349
-0.596023
-0.358736
-0.077533
0.145462
0.186692
0.192420
0.122662
0.039599
-0.062362
-0.121149
-0.184530
-0.145415
-0.022303
0.153516
0.266413
0.349548
0.356947
0.355859
0.308437
0.277957
0.296732
0.333694
0.158790
-0.036064
-0.314044
-0.511472
-0.521897
-0.233760
0.020039
0.192610
0.244657
0.248010
0.168080
0.133284
0.062914
-0.141354
-0.435327
-0.623163
-0.621330
-0.443195
-0.147424
0.100973
0.198884
0.181921
0.142048
0.058505
-0.026838
-0.104565
-0.155667
-0.166058
-0.063803
0.111259
0.264894
0.326908
0.342638
0.336007
0.325950
0.294715
0.325457
0.357679
0.209181
0.007561
-0.238214
-0.478890
-0.542677
-0.323164
-0.050574
0.134702
0.247237
0.274056
0.217998
0.151523
0.106223
-0.078809
-0.344394
-0.567311
-0.620787
-0.522600
-0.249803
0.012612
0.174297
0.193541
0.180222
0.095110
0.007469
-0.085003
-0.144507
-0.179356
-0.104160
0.040192
0.205694
0.305805
0.356504
0.342398
0.337964
0.316995
0.307562
0.356420
0.293679
0.088949
-0.148676
-0.428792
-0.557828
-0.436856
-0.122621
0.090867
0.242608
0.263462
0.250220
0.163595
0.144374
-0.002738
-0.236162
-0.514714
-0.617910
-0.583767
-0.342188
-0.072921
0.137274
0.175689
0.179947
0.115027
0.045402
-0.051208
-0.112236
-0.180855
-0.143712
-0.031762
0.146664
0.254561
0.329257
0.327833
0.331078
0.303136
0.297158
0.305834
0.355975
0.215031
0.033640
-0.243159
-0.484776
-0.552226
-0.323235
-0.052277
0.146869
0.251506
0.260547
0.204638
0.152206
0.114639
-0.073204
-0.337634
-0.576915
-0.631764
-0.529984
-0.241659
0.019061
0.185144
0.192267
0.176970
0.086266
0.013589
-0.082062
-0.137058
-0.182559
-0.103706
0.025680
0.189120
0.279278
0.341994
0.331810
0.321100
0.279844
0.286705
0.349036
0.347153
0.142213
-0.065385
-0.352161
-0.532162
-0.492069
-0.193142
0.018624
0.179053
0.234648
0.249259
0.176359
0.164328
0.062807
-0.171684
-0.468615
-0.619309
-0.610515
-0.415707
-0.130727
0.106936
0.189165
0.190008
0.145642
0.058870
-0.032142
-0.101099
-0.148082
-0.145005
-0.059642
0.078568
0.210974
0.303559
0.330880
0.319535
0.295013
0.272100
0.295143
0.377583
0.290136
0.084327
-0.150745
-0.418991
-0.549544
-0.411862
-0.125551
0.056660
0.194392
0.238925
0.232291
0.165614
0.158205
0.001375
-0.254393
-0.531213
-0.624757
-0.579206
-0.340080
-0.066415
0.140964
0.184527
0.189402
0.122758
0.036201
-0.059363
-0.115059
-0.158051
-0.113151
-0.015177
0.114753
0.203060
0.273608
0.296638
0.312648
0.302447
0.286270
0.294607
0.361346
0.265433
0.073752
-0.159155
-0.425545
-0.553691
-0.407464
-0.123282
0.068295
0.205381
0.244064
0.220717
0.154128
0.138585
-0.024987
-0.292984
-0.566244
-0.641015
-0.566795
-0.300681
-0.014175
0.184920
0.200301
0.179256
0.100528
0.015894
-0.067966
-0.110007
-0.148037
-0.099709
0.006208
0.138989
0.222408
0.282858
0.287425
0.275148
0.260624
0.282502
0.332916
0.372081
0.227665
0.034295
-0.198652
-0.441850
-0.525751
-0.353960
-0.116849
0.055789
0.192743
0.247028
0.221111
0.175442
0.124721
-0.073890
-0.357190
-0.584328
-0.634789
-0.533209
-0.262931
0.022990
0.193987
0.215560
0.186878
0.091520
-0.007843
-0.080773
-0.119776
-0.139712
-0.070721
0.041720
0.162626
0.234510
0.267602
0.255478
0.263660
0.271150
0.275569
0.320603
0.356770
0.203373
0.002161
-0.197482
-0.413973
-0.493772
-0.333235
-0.103275
0.043841
0.177554
0.240831
0.221530
0.155339
0.099192
-0.104884
-0.382896
-0.588554
-0.605313
-0.498170
-0.224710
0.054774
0.209894
0.205047
0.175470
0.072882
-0.023511
-0.090848
-0.116697
-0.144181
-0.069401
0.067521
0.199101
0.250284
0.283681
0.277016
0.279248
0.268233
0.291965
0.338902
0.321413
0.140828
-0.026985
-0.263313
-0.470552
-0.478995
-0.263932
-0.062532
0.100306
0.224603
0.245769
0.195277
0.148157
0.060345
-0.186164
-0.453809
-0.614437
-0.610811
-0.447841
-0.130522
0.129259
0.236553
0.217869
0.156650
0.034466
-0.044803
-0.098103
-0.135522
-0.138253
-0.031279
0.110054
0.239285
0.302119
0.309542
0.274434
0.269017
0.259187
0.297020
0.343827
0.268162
0.064120
-0.129934
-0.372872
-0.486192
-0.389943
-0.144081
0.015901
0.158354
0.220358
0.228890
0.171633
0.137878
-0.026169
-0.294375
-0.547528
-0.626549
-0.561021
-0.312000
-0.009146
0.197313
0.229097
0.198427
0.105099
-0.001057
-0.077345
-0.115600
-0.148172
-0.095490
0.037182
0.186908
0.273125
0.310976
0.297720
0.271971
0.254848
0.259988
0.302373
0.336147
0.196426
0.011441
-0.245890
-0.463323
-0.490302
-0.280693
-0.054244
0.100989
0.200173
0.215586
0.191919
0.159848
0.101467
-0.131205
-0.411596
-0.620160
-0.625737
-0.475039
-0.152293
0.107446
0.236393
0.206855
0.164425
0.054142
-0.015804
-0.089661
-0.127072
-0.146292
-0.041448
0.091335
0.234744
0.307289
0.347387
0.300685
0.265301
0.226216
0.247105
0.318505
0.296051
0.110452
-0.123329
-0.398948
-0.507355
-0.390281
-0.113562
0.057472
0.174131
0.184253
0.190392
0.156703
0.157645
-0.002933
-0.273676
-0.565860
-0.650546
-0.569579
-0.284390
0.012644
0.212935
0.214393
0.180329
0.094196
0.022448
-0.057992
-0.105096
-0.155155
-0.095614
0.041171
0.204532
0.293637
0.331790
0.312355
0.280003
0.240370
0.259650
0.343475
0.326108
0.132911
-0.093631
-0.379946
-0.524208
-0.435762
-0.151656
0.025545
0.160134
0.193469
0.213580
0.170177
0.183627
0.041586
-0.223986
-0.541577
-0.650916
-0.612150
-0.352257
-0.051046
0.187038
0.216861
0.200864
0.120280
0.037460
-0.057207
-0.103530
-0.161671
-0.117577
0.008505
0.182847
0.270760
0.325366
0.313963
0.291507
0.240094
0.239618
0.301348
0.361121
0.218679
0.014048
-0.309466
-0.525277
-0.519027
-0.240419
-0.014682
0.149028
0.194047
0.200481
0.167349
0.187318
0.111067
-0.133454
-0.468897
-0.668608
-0.669496
-0.442676
-0.096048
0.171894
0.244809
0.200199
0.131752
0.042711
-0.022575
-0.081570
-0.138769
-0.147623
-0.034666
0.131673
0.269903
0.328581
0.324141
0.273608
0.248239
0.254428
0.327899
0.358747
0.215785
-0.006879
-0.272447
-0.490237
-0.492778
-0.272327
-0.042525
0.095301
0.188784
0.212477
0.204620
0.182330
0.117729
-0.131371
-0.436394
-0.643990
-0.641484
-0.478062
-0.150458
0.119501
0.240142
0.209048
0.163499
0.053502
-0.027203
-0.092470
-0.121483
-0.134307
-0.039421
0.083529
0.211460
0.265810
0.306941
0.276706
0.265635
0.234010
0.287492
0.336224
0.297697
0.095308
-0.080458
-0.339896
-0.477207
-0.420686
-0.174923
-0.020054
0.129997
0.203093
0.224253
0.170573
0.148034
0.000195
-0.268399
-0.536130
-0.634570
-0.579778
-0.329411
-0.005852
0.208430
0.235456
0.190297
0.092083
-0.010728
-0.070466
-0.097569
-0.133408
-0.096415
0.030594
0.180652
0.274393
0.328821
0.315350
0.263894
0.222848
0.258363
0.323646
0.313576
0.149441
-0.033540
-0.261336
-0.445180
-0.432414
-0.235379
-0.053846
0.076421
0.183489
0.209656
0.184199
0.147908
0.054487
-0.199881
-0.467515
-0.617832
-0.600936
-0.417262
-0.093908
0.155148
0.237423
0.205095
0.126440
0.008984
-0.065041
-0.104863
-0.136703
-0.119411
-0.002680
0.150866
0.268455
0.324416
0.323664
0.282771
0.246484
0.249073
0.303401
0.315769
0.180184
-0.005458
-0.210261
-0.419848
-0.455978
-0.289301
-0.078964
0.054447
0.176639
0.212296
0.195068
0.144579
0.084024
-0.140392
-0.411388
-0.608724
-0.621492
-0.481156
-0.165296
0.111634
0.240805
0.213573
0.151259
0.032929
-0.046814
-0.102132
-0.133148
-0.148553
-0.050153
0.103994
0.264811
0.332953
0.341563
0.269546
0.227647
0.216971
0.285566
0.331008
0.260154
0.050639
-0.125064
-0.341011
-0.432338
-0.353518
-0.141956
-0.020421
0.106087
0.179137
0.210606
0.166596
0.126125
-0.051451
-0.324438
-0.546708
-0.599771
-0.522795
-0.278594
0.010473
0.188655
0.212487
0.181735
0.080813
-0.025320
-0.089122
-0.112323
-0.137905
-0.075000
0.054335
0.203146
0.289292
0.328838
0.289354
0.238872
0.205634
0.244298
0.310841
0.321831
0.167129
-0.013356
-0.240546
-0.429985
-0.436726
-0.253250
-0.074385
0.050892
0.159987
0.194595
0.184633
0.150852
0.063168
-0.199008
-0.461113
-0.614646
-0.590160
-0.411297
-0.089327
0.144035
0.225779
0.194911
0.128358
0.010811
-0.060334
-0.104700
-0.131401
-0.118451
0.001249
0.153755
0.277582
0.313656
0.300104
0.233004
0.212948
0.232276
0.304517
0.321155
0.218472
0.019824
-0.138176
-0.323957
-0.398727
-0.326094
-0.154155
-0.040514
0.096232
0.184819
0.214681
0.163315
0.095223
-0.102217
-0.356668
-0.541122
-0.576101
-0.482429
-0.236946
0.035713
0.191508
0.210843
0.163979
0.055831
-0.046691
-0.097467
-0.116981
-0.121588
-0.048299
0.082082
0.211501
0.287206
0.310612
0.274407
0.223443
0.206158
0.236526
0.291035
0.292838
0.160304
-0.018054
-0.187315
-0.350321
-0.384597
-0.268499
-0.106437
0.004819
0.126211
0.185848
0.188280
0.129670
0.035160
-0.195190
-0.426703
-0.566258
-0.542318
-0.386571
-0.103551
0.121386
0.211267
0.182468
0.113271
0.006777
-0.059043
-0.091793
-0.109235
-0.095783
0.007905
0.145073
0.259316
0.302139
0.286942
0.230259
0.198944
0.204499
0.277468
0.344572
0.277019
0.073865
-0.102041
-0.291443
-0.399482
-0.348973
-0.173952
-0.060729
0.055812
0.156722
0.211398
0.180129
0.125531
-0.049365
-0.313910
-0.529160
-0.580743
-0.492745
-0.256004
0.020735
0.184534
0.207034
0.168126
0.079495
-0.021224
-0.080075
-0.111530
-0.124607
-0.058467
0.074923
0.217520
0.304016
0.309791
0.258897
0.205425
0.192784
0.240518
0.318488
0.323585
0.161906
-0.029314
-0.209696
-0.354798
-0.378614
-0.242705
-0.100386
0.002470
0.113960
0.193024
0.202848
0.157835
0.049763
-0.189629
-0.434217
-0.567615
-0.541500
-0.384019
-0.106288
0.114390
0.205080
0.187264
0.130976
0.025855
-0.050232
-0.095861
-0.115771
-0.101377
0.005669
0.138873
0.255585
0.315487
0.296874
0.223027
0.184328
0.195432
0.253254
0.319152
0.268260
0.076420
-0.098959
-0.256203
-0.343323
-0.317721
-0.168918
-0.069639
0.028978
0.120381
0.197428
0.176025
0.121002
-0.044197
-0.283152
-0.490376
-0.541645
-0.469146
-0.267191
-0.020027
0.147960
0.184819
0.159344
0.084723
-0.008070
-0.072096
-0.099487
-0.107779
-0.052516
0.068759
0.194118
0.265995
0.289106
0.260227
0.209035
0.173820
0.181523
0.240182
0.305151
0.236563
0.062381
-0.114103
-0.292527
-0.381272
-0.307345
-0.141621
-0.034786
0.062794
0.136168
0.170838
0.143042
0.084758
-0.098467
-0.343031
-0.527794
-0.546387
-0.420976
-0.168011
0.070555
0.180579
0.168441
0.117246
0.041136
-0.020387
-0.053398
-0.079734
-0.092151
-0.027598
0.091880
0.212327
0.273048
0.283650
0.225985
0.170830
0.143536
0.182267
0.249207
0.305863
0.203872
0.021841
-0.154811
-0.295531
-0.351208
-0.262936
-0.126422
-0.037226
0.048774
0.126829
0.163987
0.128024
0.032038
-0.170808
-0.399745
-0.534785
-0.492519
-0.326593
-0.083724
0.102401
0.170451
0.135436
0.083153
0.020254
-0.024310
-0.059654
-0.073300
-0.049994
0.046563
0.159584
0.233486
0.241727
0.222724
0.164924
0.112237
0.115650
0.195042
0.269262
0.305202
0.196508
0.025423
-0.161130
-0.288215
-0.337757
-0.259439
-0.152288
-0.050525
0.038709
0.124847
0.158278
0.116193
-0.014507
-0.217029
-0.421801
-0.506805
-0.429784
-0.239691
-0.030069
0.110473
0.147094
0.110091
0.059613
0.015746
-0.021808
-0.051365
-0.054434
-0.008543
0.099066
0.207193
0.251191
0.226415
0.179201
0.118978
0.090961
0.136972
0.236909
0.317309
0.293567
0.131892
-0.042000
-0.215646
-0.322313
-0.325814
-0.219050
-0.130963
-0.027497
0.075175
0.158482
0.153335
0.081289
-0.089441
-0.305594
-0.473760
-0.478006
-0.352690
-0.146337
0.039015
0.139977
0.130588
0.089811
0.036937
-0.005764
-0.042591
-0.049756
-0.034010
0.045999
0.155359
0.236487
0.239739
0.206301
0.157400
0.115804
0.106972
0.175951
0.269823
0.332443
0.242361
0.073684
-0.155235
-0.328717
-0.386014
-0.277329
-0.148408
-0.036544
0.047145
0.119948
0.150735
0.137795
0.029683
-0.182254
-0.418563
-0.534960
-0.468707
-0.260184
-0.018342
0.132882
0.161207
0.115262
0.062640
0.020357
-0.009907
-0.043244
-0.059855
-0.022745
0.083750
0.209452
0.280748
0.269673
0.202054
0.118065
0.069053
0.103448
0.208763
0.316231
0.309656
0.150627
-0.050273
-0.244925
-0.333004
-0.304779
-0.178804
-0.100900
-0.019102
0.048281
0.135558
0.147231
0.097727
-0.083639
-0.309581
-0.492930
-0.484072
-0.340015
-0.108181
0.063473
0.142516
0.115760
0.077729
0.034513
0.009207
-0.030065
-0.045017
-0.032759
0.050588
0.165534
0.265416
0.277539
0.227210
0.135269
0.062147
0.044644
0.125096
0.231588
0.325171
0.296039
0.142485
-0.071130
-0.262282
-0.343597
-0.300377
-0.182021
-0.092457
-0.006275
0.060311
0.126978
0.116432
0.040313
-0.145110
-0.346895
-0.472325
-0.416304
-0.245975
-0.038267
0.092199
0.127442
0.087804
0.053242
0.030565
0.011486
-0.022122
-0.033835
0.000859
0.099870
0.211552
0.272054
0.252110
0.191181
0.127447
0.104756
0.130737
0.188930
0.230831
0.236948
0.134073
-0.002106
-0.160179
-0.258566
-0.295611
-0.209925
-0.112539
-0.007575
0.057916
0.116249
0.092865
0.015751
-0.128315
-0.290361
-0.419586
-0.413596
-0.288944
-0.101840
0.053127
0.131791
0.116959
0.064858
0.020661
-0.004422
-0.026298
-0.026918
0.000215
0.070066
0.162951
0.240527
0.265052
0.233725
0.150947
0.082200
0.077080
0.154525
0.233369
0.292606
0.222662
0.061387
-0.109068
-0.212792
-0.264257
-0.239276
-0.162328
-0.092673
-0.019601
0.064714
0.129640
0.094016
-0.031714
-0.235449
-0.389212
-0.432227
-0.320877
-0.158070
-0.000877
0.072910
0.099016
0.076527
0.061525
0.026955
-0.005360
-0.039497
-0.016647
0.049408
0.157685
0.233462
0.259727
0.230585
0.166097
0.082089
0.031665
0.039915
0.093953
0.173343
0.261907
0.253002
0.135126
-0.000844
-0.154363
-0.276757
-0.291433
-0.206497
-0.135121
-0.067904
-0.003521
0.014793
-0.051457
-0.112257
-0.165871
-0.223192
-0.231353
-0.165212
-0.098350
-0.040195
0.018372
0.035279
0.020781
0.018899
0.031649
0.031801
0.056390
0.106541
0.157778
0.190376
0.224293
0.212628
0.146761
0.053023
0.010187
0.026140
0.104503
0.191919
0.270609
0.260303
0.153822
0.019726
-0.140147
-0.281677
-0.324377
-0.254473
-0.171039
-0.078686
0.004089
0.025627
-0.043824
-0.095867
-0.147515
-0.204651
-0.228616
-0.180756
-0.130787
-0.063999
0.013289
0.051160
0.036317
0.032020
0.031190
0.028906
0.051383
0.106384
0.152552
0.183616
0.210216
0.199891
0.148124
0.084849
0.029439
-0.001515
0.032269
0.128918
0.233811
0.272236
0.196643
0.064761
-0.095471
-0.239573
-0.301837
-0.260929
-0.206088
-0.154318
-0.098053
-0.064206
-0.051753
-0.039197
-0.056957
-0.125044
-0.178387
-0.182981
-0.140941
-0.076310
-0.008438
0.018794
0.020055
0.023150
0.045062
0.059339
0.087624
0.116040
0.144741
0.166913
0.194163
0.177223
0.124310
0.069273
0.058343
0.066594
0.093188
0.123788
0.156198
0.164294
0.128272
0.057444
-0.053839
-0.198707
-0.284398
-0.266346
-0.195835
-0.124314
-0.076566
-0.086450
-0.114810
-0.113473
-0.096446
-0.108642
-0.130178
-0.149755
-0.142876
-0.094464
-0.019236
0.020711
0.020436
0.004482
-0.005405
0.012216
0.077430
0.170128
0.283395
0.382091
0.400691
0.338581
0.238833
0.143354
0.060595
-0.008283
-0.072728
-0.105372
-0.146607
-0.203564
-0.159732
-0.048509
0.047450
0.084398
0.108696
0.057013
-0.003376
-0.046507
-0.078204
-0.196891
-0.310615
-0.395132
-0.401327
-0.317884
-0.127909
0.031371
0.119759
0.132734
0.102342
0.027454
-0.023199
-0.061192
-0.086394
-0.085492
-0.010776
0.083157
0.178934
0.237887
0.265917
0.224605
0.177877
0.133612
0.116722
0.083998
0.069363
0.054663
0.064716
0.084114
0.106356
-0.012536
-0.172642
-0.257873
-0.217680
-0.143815
-0.050183
-0.041314
-0.127086
-0.208640
-0.195909
-0.146251
-0.105731
-0.087837
-0.103135
-0.119720
-0.078288
-0.008187
0.011749
-0.006032
-0.017515
0.003209
0.071505
0.173000
0.221832
0.238721
0.281780
0.335383
0.341180
0.282209
0.175829
0.067865
-0.003567
-0.030208
-0.018943
-0.107373
-0.234908
-0.247106
-0.156397
-0.022665
0.104412
0.180582
0.102076
0.016187
-0.034038
-0.053274
-0.161655
-0.268971
-0.404024
-0.462943
-0.393562
-0.159699
0.035664
0.159078
0.166123
0.112850
0.019336
-0.011888
-0.045724
-0.079104
-0.101869
-0.048236
0.035871
0.159052
0.244208
0.268894
0.226439
0.197043
0.155485
0.126959
0.095290
0.075975
0.046404
0.060886
0.096833
0.147366
0.080190
-0.102292
-0.250885
-0.279880
-0.221956
-0.138933
-0.068010
-0.102583
-0.156341
-0.154720
-0.088025
-0.059084
-0.059211
-0.112075
-0.158365
-0.157016
-0.069932
-0.005182
0.023056
0.015154
0.027245
0.047826
0.106627
0.159651
0.212330
0.267725
0.325808
0.342028
0.313898
0.232338
0.136101
0.059528
0.013425
-0.025361
-0.051486
-0.176697
-0.252757
-0.221298
-0.089406
0.020703
0.126695
0.141236
0.073965
0.004416
-0.020961
-0.080508
-0.212000
-0.343387
-0.448789
-0.450161
-0.309305
-0.072854
0.093809
0.173399
0.154085
0.089768
0.005236
-0.028335
-0.070337
-0.099961
-0.096118
-0.011475
0.088643
0.202456
0.259385
0.268180
0.215606
0.179800
0.138976
0.122758
0.083326
0.062109
0.036856
0.058537
0.087766
0.141565
0.056972
-0.126178
-0.257407
-0.262671
-0.211377
-0.135510
-0.081933
-0.126204
-0.173405
-0.143006
-0.067113
-0.043428
-0.054217
-0.110622
-0.162036
-0.150913
-0.065844
-0.007978
0.013630
0.018866
0.033440
0.056374
0.122755
0.194054
0.264312
0.318790
0.353688
0.339468
0.275533
0.173422
0.095823
0.035272
-0.015376
-0.047006
-0.088460
-0.212446
-0.234734
-0.145181
-0.013112
0.060109
0.131044
0.104717
0.031181
-0.024044
-0.032277
-0.125765
-0.261070
-0.379348
-0.437635
-0.397901
-0.214120
-0.003236
0.119908
0.153139
0.124825
0.051254
-0.014429
-0.043916
-0.074784
-0.097720
-0.062257
0.029558
0.132610
0.226308
0.270128
0.251559
0.207483
0.163228
0.119382
0.092948
0.070746
0.054404
0.052758
0.088415
0.121553
0.134946
0.011449
-0.159545
-0.266757
-0.249754
-0.196398
-0.119404
-0.096142
-0.131586
-0.156314
-0.107080
-0.051624
-0.040758
-0.075465
-0.133160
-0.169015
-0.133789
-0.053485
-0.000808
0.014441
0.025617
0.048584
0.091518
0.147446
0.184866
0.219679
0.283061
0.339002
0.343207
0.285833
0.198196
0.105723
0.032745
-0.024062
-0.044110
-0.123940
-0.246047
-0.253316
-0.141939
-0.009108
0.094096
0.164836
0.118936
0.035384
-0.011582
-0.032516
-0.139165
-0.273561
-0.402797
-0.463018
-0.402888
-0.187399
0.022240
0.144937
0.166536
0.125859
0.039966
-0.009854
-0.042027
-0.078326
-0.104822
-0.058349
0.034068
0.154631
0.243056
0.279507
0.255972
0.214894
0.156949
0.123135
0.101711
0.082214
0.059752
0.078438
0.105834
0.112459
-0.004725
-0.157809
-0.245473
-0.218078
-0.132082
-0.027384
0.017442
-0.035309
-0.116761
-0.182287
-0.191604
-0.189520
-0.165055
-0.161412
-0.128420
-0.085317
-0.005741
0.025509
0.026953
-0.016781
-0.026012
-0.014067
0.062625
0.133007
0.188370
0.214812
0.278847
0.335894
0.374909
0.329766
0.249097
0.142221
0.063066
0.007331
-0.031701
-0.243585
-0.361454
-0.356893
-0.172774
-0.015385
0.204068
0.236170
0.185178
0.070870
0.065221
-0.020686
-0.136037
-0.318995
-0.458079
-0.542780
-0.417925
-0.179221
0.049743
0.169112
0.198460
0.136669
0.052304
-0.005652
-0.062324
-0.125724
-0.144433
-0.085193
0.023476
0.155720
0.259448
0.288413
0.256994
0.223498
0.179950
0.146258
0.119492
0.099040
0.076392
0.089740
0.118733
0.073585
-0.097572
-0.233675
-0.264933
-0.191844
-0.083172
0.040019
0.051169
-0.011858
-0.092390
-0.128221
-0.183006
-0.219351
-0.253504
-0.247301
-0.196457
-0.069778
0.034039
0.073041
0.038560
-0.007017
-0.042712
-0.019806
0.033261
0.078593
0.110619
0.171340
0.251441
0.339231
0.390126
0.366854
0.280275
0.181482
0.107917
0.035521
0.009566
-0.136845
-0.335987
-0.399205
-0.278743
-0.082728
0.105333
0.249358
0.210704
0.122629
0.054433
0.051726
-0.073538
-0.221006
-0.419412
-0.529125
-0.530846
-0.291685
-0.046367
0.149418
0.195585
0.183000
0.079342
0.023534
-0.039156
-0.092067
-0.157461
-0.126270
-0.045418
0.095009
0.216215
0.289676
0.278288
0.243356
0.200575
0.170051
0.132605
0.104610
0.060126
0.051402
0.070688
0.121486
0.066542
-0.106572
-0.241865
-0.253751
-0.170168
-0.056748
0.048154
0.025536
-0.062120
-0.148401
-0.186613
-0.206549
-0.202690
-0.201190
-0.190713
-0.139011
-0.042653
0.036703
0.048952
0.017548
-0.031106
-0.040042
-0.007998
0.064154
0.116520
0.177609
0.243509
0.320561
0.358865
0.357539
0.287858
0.200172
0.113457
0.056421
-0.002895
-0.045612
-0.214590
-0.316521
-0.300742
-0.141584
-0.003631
0.152173
0.191659
0.140288
0.060279
0.044130
-0.016335
-0.144878
-0.299059
-0.436242
-0.503275
-0.412544
-0.180522
0.022167
0.148083
0.177991
0.139678
0.049580
-0.004453
-0.069286
-0.126445
-0.150780
-0.085008
0.013978
0.148932
0.248836
0.291768
0.262097
0.234899
0.188966
0.144163
0.106368
0.081654
0.051726
0.057772
0.089929
0.127878
0.037511
-0.138654
-0.247662
-0.236224
-0.151127
-0.046487
0.023871
-0.036711
-0.143859
-0.206299
-0.184820
-0.166795
-0.141215
-0.146733
-0.146412
-0.118613
-0.020473
0.030379
0.028960
-0.014735
-0.038921
-0.043531
0.027433
0.113911
0.195872
0.260446
0.335538
0.358771
0.360710
0.307250
0.213310
0.099034
0.054514
0.005229
-0.014595
-0.161814
-0.291879
-0.325947
-0.197979
-0.035156
0.130245
0.200649
0.148711
0.071202
0.025514
0.002072
-0.106107
-0.246125
-0.423177
-0.512169
-0.468896
-0.230841
-0.009976
0.155850
0.181692
0.149785
0.052915
0.013421
-0.046227
-0.093510
-0.142871
-0.103142
-0.024211
0.125147
0.242194
0.297686
0.267460
0.229595
0.174952
0.139078
0.110936
0.101700
0.063111
0.054857
0.075319
0.119272
0.076497
-0.081165
-0.219159
-0.255528
-0.188569
-0.085173
0.013401
-0.002445
-0.094897
-0.193836
-0.202119
-0.178028
-0.145754
-0.141521
-0.139610
-0.132694
-0.065420
0.010257
0.037451
0.009364
-0.022411
-0.036655
0.005135
0.092300
0.182835
0.264485
0.326167
0.354865
0.335297
0.281738
0.199514
0.131011
0.072645
0.007869
-0.047105
-0.100388
-0.222644
-0.246802
-0.171441
-0.037512
0.038479
0.129378
0.122619
0.077164
0.019396
0.010835
-0.092507
-0.227297
-0.364181
-0.437486
-0.435847
-0.270386
-0.065710
0.088822
0.151015
0.151120
0.082040
0.011240
-0.035848
-0.079383
-0.110868
-0.085807
-0.002616
0.101853
0.209832
0.270910
0.271884
0.219171
0.170523
0.123464
0.106270
0.083878
0.067094
0.044291
0.061505
0.093571
0.134651
0.036287
-0.130423
-0.246288
-0.239704
-0.186697
-0.105121
-0.072098
-0.134971
-0.192068
-0.166482
-0.092171
-0.052728
-0.046997
-0.097075
-0.143095
-0.128096
-0.050069
-0.008048
0.006447
-0.005754
-0.000244
0.036627
0.136723
0.231784
0.309295
0.347637
0.354282
0.309431
0.237278
0.154882
0.090885
0.034848
-0.020217
-0.047536
-0.119862
-0.223227
-0.211927
-0.111137
-0.005601
0.061070
0.120903
0.083848
0.028455
-0.002999
-0.018068
-0.136374
-0.268842
-0.385908
-0.432237
-0.379400
-0.187774
-0.007543
0.107665
0.139745
0.122503
0.048576
-0.005067
-0.046633
-0.078744
-0.093671
-0.043987
0.041716
0.148460
0.227463
0.267492
0.244132
0.193603
0.140786
0.114839
0.094157
0.078556
0.064783
0.062952
0.074294
0.102482
0.093570
-0.045407
-0.189104
-0.252149
-0.220275
-0.176967
-0.108817
-0.108131
-0.155596
-0.167302
-0.105622
-0.054110
-0.041918
-0.069424
-0.118938
-0.141407
-0.097495
-0.032514
-0.007063
-0.009464
-0.006664
0.024074
0.101668
0.214462
0.311721
0.364113
0.371963
0.331186
0.250656
0.153880
0.088629
0.043486
-0.010883
-0.053156
-0.085256
-0.180224
-0.210932
-0.125132
-0.009704
0.046002
0.089132
0.084120
0.022443
-0.017726
-0.021571
-0.090936
-0.231673
-0.344657
-0.410371
-0.389452
-0.251774
-0.057527
0.065750
0.122581
0.122487
0.076572
0.005948
-0.033304
-0.070326
-0.092711
-0.067530
0.021019
0.117670
0.206430
0.250758
0.250689
0.207194
0.163932
0.120626
0.097383
0.066733
0.055306
0.042760
0.062826
0.084793
0.121885
0.056712
-0.085921
-0.211966
-0.240765
-0.223648
-0.178221
-0.140641
-0.159185
-0.183863
-0.138429
-0.060116
-0.020486
-0.033641
-0.078721
-0.131842
-0.133033
-0.076331
-0.025875
-0.017078
-0.007430
0.020955
0.085574
0.189837
0.303335
0.357884
0.369486
0.344813
0.287266
0.177625
0.094849
0.037974
-0.007216
-0.057445
-0.063317
-0.131208
-0.199006
-0.157418
-0.035884
0.035264
0.075257
0.090576
0.035200
-0.030619
-0.040594
-0.066238
-0.182502
-0.299723
-0.375557
-0.391863
-0.305509
-0.120735
0.028809
0.096980
0.113390
0.086938
0.022282
-0.021180
-0.046961
-0.077982
-0.079356
-0.016317
0.075191
0.167072
0.241143
0.272305
0.237834
0.177270
0.124459
0.093053
0.068663
0.045624
0.033152
0.038179
0.068221
0.112254
0.143023
0.054679
-0.099332
-0.225706
-0.268583
-0.261436
-0.211722
-0.179136
-0.183848
-0.161772
-0.078945
0.000157
0.015149
-0.023210
-0.095776
-0.152442
-0.138299
-0.074052
-0.028621
-0.003955
0.020887
0.065440
0.143650
0.257602
0.344732
0.371990
0.363266
0.314410
0.220231
0.113639
0.056937
0.013023
-0.031222
-0.061538
-0.066351
-0.139091
-0.164268
-0.088214
0.015800
0.042450
0.065235
0.047657
-0.014746
-0.059851
-0.054382
-0.111487
-0.229955
-0.329037
-0.373555
-0.347555
-0.215971
-0.042095
0.064068
0.095113
0.089949
0.048970
-0.002400
-0.028343
-0.050569
-0.074713
-0.054455
0.019533
0.114456
0.205457
0.259760
0.249843
0.195936
0.147828
0.116525
0.102887
0.085420
0.055866
0.024899
0.022437
0.053516
0.101039
0.129794
0.059833
-0.084244
-0.213930
-0.275861
-0.272498
-0.224772
-0.188464
-0.179964
-0.145464
-0.069468
-0.002825
0.018974
-0.011951
-0.092837
-0.154326
-0.153524
-0.104472
-0.048438
0.007837
0.051429
0.113035
0.208165
0.315191
0.376686
0.388832
0.353232
0.288599
0.184654
0.078031
0.005165
-0.028715
-0.047030
-0.042321
-0.052775
-0.117642
-0.133884
-0.057591
0.031127
0.053575
0.060959
0.012012
-0.055540
-0.094160
-0.083639
-0.139861
-0.231155
-0.331228
-0.366191
-0.322058
-0.165545
-0.006805
0.083088
0.085738
0.061902
0.013875
-0.013786
-0.027293
-0.044708
-0.068075
-0.038545
0.036388
0.139384
0.221342
0.260543
0.238958
0.182996
0.131899
0.100241
0.061730
0.020582
0.010898
0.052491
0.128149
0.201043
0.233636
0.152430
-0.031003
-0.214234
-0.309137
-0.330644
-0.308540
-0.259993
-0.206251
-0.127780
-0.012564
0.095222
0.112199
0.038243
-0.085789
-0.188628
-0.219894
-0.167432
-0.084664
-0.009837
0.050048
0.098178
0.129142
0.155683
0.169524
0.147912
0.106959
0.087124
0.092845
0.115420
0.140302
0.157835
0.155311
0.151026
0.156202
0.153953
0.114651
0.055896
-0.003051
-0.060056
-0.112583
-0.149787
-0.186863
-0.204568
-0.197912
-0.158107
-0.115123
-0.078130
-0.067460
-0.079548
-0.107032
-0.122031
-0.120497
-0.107461
-0.089100
-0.062809
-0.036426
0.000095
0.037839
0.063150
0.070323
0.075174
0.087192
0.111830
0.130208
0.121929
0.093046
0.073169
0.093804
0.140602
0.191052
0.207868
0.189135
0.149910
0.115752
0.071649
0.030812
-0.014232
-0.070423
-0.142945
-0.190417
-0.213837
-0.199832
-0.183256
-0.150948
-0.121501
-0.083276
-0.060116
-0.046483
-0.060806
-0.083967
-0.114022
-0.131363
-0.127453
-0.094268
-0.048168
0.003166
0.046908
0.075400
0.096984
0.118820
0.138185
0.143584
0.129209
0.097257
0.063442
0.074092
0.117624
0.168851
0.196959
0.199439
0.170555
0.136157
0.092275
0.050663
-0.004890
-0.066919
-0.141092
-0.204154
-0.228222
-0.193687
-0.138808
-0.099340
-0.090112
-0.097484
-0.105710
-0.101040
-0.092899
-0.097291
-0.112594
-0.128831
-0.122705
-0.087269
-0.032463
0.016893
0.044608
0.054824
0.062786
0.084189
0.116101
0.140722
0.131248
0.101075
0.073015
0.074458
0.115133
0.170681
0.205554
0.208109
0.182041
0.147942
0.102596
0.054891
0.007630
-0.043445
-0.104805
-0.172156
-0.211737
-0.204173
-0.158650
-0.119606
-0.098373
-0.104051
-0.108764
-0.105018
-0.089047
-0.086252
-0.093370
-0.116713
-0.124839
-0.111408
-0.065428
-0.013121
0.029529
0.049681
0.062149
0.074034
0.107196
0.140923
0.146556
0.115021
0.085126
0.083126
0.116227
0.150956
0.181198
0.190217
0.185514
0.163978
0.133035
0.077941
0.021797
-0.036993
-0.084317
-0.148702
-0.191936
-0.207233
-0.171748
-0.137355
-0.103328
-0.097335
-0.099902
-0.107485
-0.100517
-0.101293
-0.100031
-0.109931
-0.115423
-0.109533
-0.074683
-0.030611
0.017816
0.047144
0.062944
0.067967
0.090470
0.114834
0.130044
0.116539
0.090610
0.080819
0.117843
0.161075
0.196532
0.208058
0.204193
0.176066
0.145325
0.088363
0.029097
-0.034056
-0.080509
-0.132368
-0.172892
-0.193388
-0.170539
-0.132976
-0.104288
-0.094874
-0.103746
-0.115274
-0.115718
-0.110761
-0.108557
-0.107176
-0.111519
-0.108290
-0.086126
-0.045158
-0.002438
0.031878
0.050826
0.060479
0.076254
0.107166
0.123882
0.117525
0.095605
0.074193
0.091686
0.145602
0.193303
0.215713
0.208098
0.180462
0.146924
0.116347
0.065825
0.005999
-0.061288
-0.109019
-0.148908
-0.169600
-0.166476
-0.134371
-0.118979
-0.113952
-0.119907
-0.120948
-0.120668
-0.109745
-0.108373
-0.107234
-0.108487
-0.102352
-0.089398
-0.059909
-0.026890
0.005662
0.030568
0.050956
0.068130
0.094470
0.117410
0.115975
0.084490
0.070734
0.104677
0.159420
0.199385
0.216532
0.213507
0.188923
0.160235
0.131257
0.070644
0.002404
-0.054658
-0.086483
-0.119521
-0.145895
-0.158831
-0.145424
-0.120687
-0.099173
-0.097795
-0.119869
-0.142663
-0.141559
-0.130057
-0.111368
-0.094838
-0.091818
-0.093611
-0.078229
-0.042825
-0.005017
0.025486
0.043650
0.050788
0.064627
0.097339
0.115807
0.113378
0.091935
0.089689
0.112726
0.160259
0.200372
0.221089
0.216548
0.191041
0.151368
0.099994
0.040481
-0.014997
-0.072350
-0.112409
-0.145960
-0.166305
-0.160116
-0.120078
-0.088251
-0.084896
-0.105505
-0.131387
-0.146366
-0.136357
-0.120089
-0.105727
-0.102011
-0.097196
-0.085274
-0.054264
-0.018741
0.015121
0.033567
0.049124
0.063824
0.091503
0.117875
0.124335
0.095887
0.067772
0.079736
0.132927
0.190630
0.220295
0.214302
0.185236
0.156406
0.131566
0.083029
0.020968
-0.041318
-0.088044
-0.120232
-0.135951
-0.141475
-0.134893
-0.126943
-0.124489
-0.123950
-0.122151
-0.119773
-0.113701
-0.111023
-0.108523
-0.101679
-0.093642
-0.086516
-0.074026
-0.050852
-0.022771
0.013003
0.045418
0.069984
0.089496
0.115392
0.127884
0.116189
0.081472
0.059463
0.080568
0.131678
