-0.134078
-0.097764
-0.030764
-0.021959
-0.088109
0.008945
0.112304
0.058251
-0.055042
-0.059429
0.144619
0.553449
0.759228
0.596318
0.279984
0.138542
0.173585
0.341865
0.316292
0.172132
-0.079376
-0.516936
-0.779357
-0.578405
-0.231967
0.128958
0.372561
0.325217
0.185629
0.195303
0.128992
-0.048634
-0.250877
-0.518197
-0.642235
-0.440421
-0.178997
-0.042680
0.040407
0.002254
-0.071802
-0.089563
-0.127658
-0.191449
-0.196215
-0.212766
-0.177008
-0.091721
-0.060827
-0.084165
-0.075673
-0.041546
0.101757
0.218660
0.246744
0.264516
0.350112
0.482531
0.525745
0.389295
0.263101
0.264861
0.290632
0.183040
0.150220
-0.086773
-0.538725
-0.731376
-0.586740
-0.267551
0.194050
0.436462
0.329441
0.208224
0.159853
0.045657
-0.043086
-0.249285
-0.577460
-0.662858
-0.463468
-0.194065
0.022801
0.058450
-0.031010
-0.078494
-0.051909
-0.068903
-0.115165
-0.166678
-0.219767
-0.182839
-0.101244
-0.077860
-0.058726
0.030803
0.049156
0.022785
0.047733
0.165580
0.383481
0.598155
0.571041
0.342915
0.191779
0.209123
0.298078
0.402980
0.283719
0.108003
-0.160027
-0.515326
-0.682974
-0.530839
-0.253555
0.088467
0.328334
0.343690
0.276657
0.241902
0.109836
-0.073619
-0.294491
-0.539550
-0.622906
-0.440589
-0.246106
-0.063586
0.088396
0.045955
-0.050177
-0.076396
-0.136422
-0.139441
-0.091779
-0.141653
-0.153426
-0.099105
-0.133159
-0.205285
-0.111853
0.017181
0.174597
0.352183
0.362174
0.222410
0.254588
0.400723
0.469971
0.442698
0.362989
0.248733
0.241448
0.190122
0.158265
0.078016
-0.300797
-0.643341
-0.654542
-0.402135
0.020222
0.381868
0.383259
0.229481
0.154347
0.093823
0.017371
-0.128726
-0.436574
-0.660084
-0.552750
-0.336220
-0.100521
0.107710
0.096363
-0.012930
-0.063771
-0.113731
-0.118770
-0.088224
-0.155085
-0.201028
-0.138274
-0.102448
-0.037726
0.084976
0.064664
0.005953
0.120995
0.265562
0.458273
0.578344
0.463896
0.220322
0.116275
0.125025
0.227603
0.308733
0.234199
0.132227
0.186270
0.076865
-0.178717
-0.364954
-0.521781
-0.460147
-0.101083
0.169555
0.253307
0.278055
0.181627
0.058464
0.036202
-0.119709
-0.362859
-0.518810
-0.588381
-0.458538
-0.166917
0.044771
0.098490
0.016539
-0.081606
-0.040232
0.025013
0.002753
-0.042105
-0.081576
-0.110556
-0.102974
-0.188134
-0.263187
-0.149236
0.144883
0.449871
0.595430
0.522955
0.439905
0.383117
0.307938
0.227844
0.185311
0.066840
0.031756
0.164474
0.253633
0.257255
0.027234
-0.335218
-0.526182
-0.418287
-0.163108
0.079814
0.169765
0.115687
0.090033
0.149058
0.152450
0.037978
-0.186051
-0.459748
-0.611762
-0.493264
-0.252166
-0.053747
-0.035965
-0.040261
-0.015360
0.065592
0.090173
0.010096
-0.116109
-0.099343
-0.001026
0.029167
-0.129310
-0.345351
-0.369655
-0.089457
0.326548
0.641792
0.634368
0.470494
0.364431
0.312684
0.311932
0.302589
0.173139
0.015598
-0.020008
0.100003
0.279309
0.151397
-0.195556
-0.500350
-0.540859
-0.267102
0.115223
0.249736
0.168737
0.055829
0.025807
0.079168
0.107657
-0.104544
-0.410475
-0.635682
-0.627396
-0.380349
-0.060759
0.078875
0.119915
0.096603
0.049066
-0.002383
-0.074265
-0.200633
-0.244166
-0.182108
-0.051116
0.096563
0.156232
0.045734
-0.019155
0.036315
0.175386
0.431199
0.612937
0.514272
0.341374
0.218653
0.194016
0.226106
0.190324
0.065398
0.032284
0.109717
0.069970
-0.091787
-0.245159
-0.413825
-0.352063
-0.080782
0.120645
0.171279
0.161090
0.045653
-0.016920
-0.011357
-0.088634
-0.301055
-0.527096
-0.619476
-0.427511
-0.107317
0.127937
0.171764
0.095900
-0.020644
-0.048075
-0.081791
-0.153598
-0.229779
-0.188359
-0.049986
0.148090
0.146293
-0.020526
-0.114509
0.037915
0.346733
0.582110
0.538397
0.313948
0.180986
0.277495
0.409018
0.454255
0.373887
0.137621
-0.014863
-0.147677
-0.427422
-0.615599
-0.554753
-0.333789
0.037348
0.375376
0.423028
0.313354
0.203188
0.035041
-0.132458
-0.282812
-0.475793
-0.598198
-0.576486
-0.413090
-0.142513
0.116857
0.218845
0.182130
0.065539
-0.071162
-0.175097
-0.232799
-0.277026
-0.253858
-0.194114
-0.104607
0.013451
0.166896
0.255671
0.243272
0.161581
0.108533
0.123338
0.319644
0.464146
0.434977
0.356561
0.309068
0.279410
0.299129
0.238837
0.093624
0.005763
-0.252433
-0.527725
-0.571664
-0.408062
-0.131796
0.206521
0.333883
0.266550
0.194627
0.106592
-0.045537
-0.180446
-0.371389
-0.603723
-0.602892
-0.402164
-0.201604
0.029361
0.139112
0.081050
0.039342
0.032185
-0.066462
-0.150675
-0.236730
-0.311459
-0.254565
-0.086876
0.059263
0.200560
0.159613
-0.012281
-0.019485
0.157046
0.333351
0.465828
0.445833
0.332119
0.296963
0.356812
0.385593
0.392886
0.250139
0.051293
-0.088283
-0.374027
-0.631381
-0.612563
-0.391257
-0.068425
0.284055
0.396713
0.316775
0.231629
0.118689
-0.060540
-0.221198
-0.456199
-0.611547
-0.579595
-0.397294
-0.155852
0.092722
0.154572
0.048118
-0.030079
-0.069570
-0.127388
-0.156083
-0.219287
-0.265212
-0.192105
-0.066046
0.031841
0.155979
0.218435
0.105214
-0.042047
-0.066460
0.086004
0.371745
0.583820
0.554795
0.377823
0.228842
0.277456
0.312617
0.274831
0.100388
-0.026328
-0.179462
-0.339516
-0.384784
-0.360629
-0.265740
-0.025641
0.168674
0.230524
0.229318
0.143519
-0.023418
-0.135667
-0.257393
-0.395957
-0.443608
-0.396608
-0.336102
-0.220292
-0.096327
0.017087
0.107732
0.139643
0.048520
-0.080272
-0.178864
-0.221027
-0.210185
-0.199196
-0.206329
-0.160903
-0.004110
0.187036
0.291721
0.290633
0.256113
0.262311
0.353451
0.459826
0.456107
0.290071
0.161307
0.155935
0.234946
0.278888
0.228594
0.033426
-0.348195
-0.543858
-0.526620
-0.329683
-0.048776
0.156092
0.158301
0.181631
0.203648
0.173068
0.051092
-0.138243
-0.417097
-0.530699
-0.534190
-0.416973
-0.190607
-0.025133
-0.004049
0.044574
0.054145
0.038500
-0.009569
-0.128642
-0.288162
-0.269382
-0.157890
-0.034174
0.052130
0.055110
0.005003
0.017600
0.072956
0.148889
0.273156
0.449799
0.527876
0.463673
0.329268
0.198600
0.171118
0.252185
0.233041
0.101017
0.045347
-0.031686
-0.224158
-0.262226
-0.271346
-0.304022
-0.153109
0.046492
0.098430
0.169410
0.171709
0.030675
-0.050874
-0.113610
-0.311159
-0.451931
-0.444169
-0.376759
-0.187624
-0.008059
0.008562
0.004733
0.024281
-0.003713
-0.041501
-0.101529
-0.212115
-0.223082
-0.101217
0.031986
0.114763
0.110496
0.002404
-0.085879
-0.017541
0.209174
0.462127
0.573261
0.509350
0.348711
0.237867
0.264497
0.281048
0.216478
0.096450
0.017486
-0.045181
-0.167228
-0.250476
-0.278668
-0.273978
-0.142925
0.040381
0.128071
0.160567
0.149731
0.047693
-0.047657
-0.131976
-0.268363
-0.372170
-0.405063
-0.393049
-0.288103
-0.082347
0.046356
0.102111
0.098690
0.031085
-0.057640
-0.081096
-0.131137
-0.175431
-0.207620
-0.215536
-0.137503
0.075280
0.209898
0.252909
0.230151
0.203449
0.250796
0.438209
0.537937
0.475056
0.305667
0.193934
0.135115
0.252453
0.293218
0.237074
-0.016163
-0.398971
-0.624070
-0.511843
-0.231167
0.058174
0.204340
0.183506
0.148955
0.208225
0.204945
0.074947
-0.171896
-0.472297
-0.600231
-0.473459
-0.311063
-0.179890
-0.069624
-0.010181
0.067683
0.182896
0.159153
-0.012018
-0.173733
-0.276600
-0.257592
-0.142492
-0.077510
-0.064488
0.013094
0.090342
0.143727
0.212110
0.260283
0.286488
0.392482
0.464507
0.434616
0.356464
0.311725
0.278221
0.273885
0.182569
0.073658
-0.094278
-0.340052
-0.444183
-0.384913
-0.264064
-0.042414
0.153807
0.208142
0.222476
0.218412
0.099243
-0.041215
-0.174521
-0.373681
-0.489719
-0.482817
-0.400152
-0.218589
0.003276
0.093545
0.099904
0.078429
0.010315
-0.071552
-0.122782
-0.200886
-0.219526
-0.171649
-0.112478
-0.031603
0.090602
0.135891
0.102297
0.065300
0.098317
0.231909
0.409438
0.502217
0.484762
0.366542
0.252216
0.215837
0.231314
0.218543
0.125769
0.016241
-0.253683
-0.411320
-0.413880
-0.310151
-0.132233
0.087806
0.135407
0.170530
0.145924
0.063604
0.006168
-0.037930
-0.219616
-0.391437
-0.490520
-0.469062
-0.314375
-0.088601
0.029827
0.074746
0.054096
0.019066
-0.018616
-0.054730
-0.149168
-0.225867
-0.234390
-0.176563
-0.077121
0.056371
0.109683
0.114200
0.126691
0.163829
0.223804
0.305928
0.335889
0.328465
0.308545
0.288296
0.294781
0.340444
0.332760
0.285184
0.153088
-0.202510
-0.493700
-0.566660
-0.509293
-0.278405
0.018169
0.146901
0.212562
0.292233
0.266896
0.157734
0.013306
-0.261202
-0.530290
-0.602380
-0.553322
-0.418558
-0.182882
0.008721
0.092753
0.154894
0.156464
0.056114
-0.051938
-0.179222
-0.298554
-0.290322
-0.174873
-0.039457
0.058773
0.099483
0.103567
0.125969
0.158120
0.205360
0.281083
0.351218
0.354581
0.314535
0.236789
0.198017
0.251853
0.296376
0.261547
0.204413
-0.092766
-0.424654
-0.509929
-0.455523
-0.306156
-0.035625
0.094690
0.121934
0.215358
0.261258
0.169199
0.055347
-0.173387
-0.459362
-0.561201
-0.512052
-0.406752
-0.229817
-0.070905
0.009946
0.094949
0.153691
0.088433
-0.028510
-0.148882
-0.252571
-0.259088
-0.166579
-0.091800
-0.011636
0.082168
0.138732
0.169541
0.198534
0.169739
0.194280
0.305984
0.421904
0.479842
0.416379
0.265102
0.135637
0.119403
0.136127
0.140149
-0.105795
-0.422698
-0.552225
-0.462755
-0.195036
0.123532
0.218587
0.159702
0.129799
0.131287
0.096366
0.028775
-0.188610
-0.465940
-0.566659
-0.532304
-0.393735
-0.116591
0.060505
0.075670
0.084072
0.095699
0.031497
-0.022634
-0.139920
-0.286482
-0.302990
-0.210326
-0.099426
0.068091
0.172198
0.162216
0.156145
0.164200
0.191769
0.284706
0.349781
0.365645
0.327343
0.268581
0.181850
0.186982
0.221014
0.203808
0.159362
-0.066598
-0.366352
-0.456841
-0.404764
-0.250713
-0.013845
0.112991
0.106626
0.153003
0.186123
0.125399
0.037303
-0.140062
-0.405585
-0.530350
-0.476935
-0.353257
-0.207303
-0.052374
0.007822
0.062202
0.134934
0.115943
0.015991
-0.102065
-0.225398
-0.251921
-0.176283
-0.117211
-0.055740
0.067214
0.136975
0.172481
0.231185
0.254741
0.273400
0.359351
0.411193
0.405483
0.330191
0.222748
0.125001
0.110999
0.123743
0.091750
-0.132039
-0.351432
-0.431366
-0.357931
-0.143910
0.088584
0.141896
0.117859
0.110039
0.100577
0.072938
0.012079
-0.190449
-0.419059
-0.517334
-0.472320
-0.312555
-0.087868
0.028581
0.052908
0.077335
0.089322
0.046632
-0.008701
-0.133236
-0.250831
-0.245206
-0.171725
-0.102625
0.007140
0.107146
0.132271
0.152953
0.207768
0.282070
0.334319
0.344383
0.375453
0.399187
0.348128
0.252461
0.179644
0.117253
0.105705
0.117339
-0.116902
-0.373184
-0.465919
-0.416673
-0.185245
0.120798
0.201600
0.154788
0.144134
0.112303
0.063556
0.026445
-0.183666
-0.455321
-0.558463
-0.477445
-0.313112
-0.070395
0.061230
0.060825
0.070359
0.103242
0.043056
-0.036838
-0.151644
-0.244460
-0.229481
-0.109721
-0.038480
0.048187
0.130381
0.162417
0.170094
0.197215
0.194349
0.292074
0.333067
0.268827
0.240777
0.244418
0.221612
0.283233
0.327578
0.288255
0.185835
-0.077011
-0.359253
-0.442485
-0.419174
-0.300698
-0.092645
0.049438
0.120161
0.228126
0.258731
0.188077
0.062958
-0.163960
-0.422162
-0.540145
-0.515690
-0.383397
-0.160211
0.008290
0.089058
0.149410
0.172304
0.108266
0.000052
-0.159082
-0.279144
-0.274894
-0.176373
-0.044069
0.087111
0.181274
0.190902
0.182177
0.159780
0.179792
0.242267
0.332321
0.417587
0.405172
0.284973
0.194508
0.184360
0.200108
0.227037
0.144906
-0.147011
-0.395150
-0.438689
-0.368862
-0.158789
0.052267
0.097853
0.101106
0.169453
0.176554
0.139696
0.034668
-0.232516
-0.508588
-0.556512
-0.428380
-0.221315
-0.034014
0.027254
0.017251
0.069656
0.116105
0.079583
-0.010544
-0.115526
-0.197578
-0.180244
-0.121892
-0.054207
0.010922
0.062967
0.066649
0.134216
0.211811
0.279022
0.303239
0.327907
0.340359
0.309612
0.255157
0.210164
0.190469
0.201892
0.237594
0.229159
0.044620
-0.239162
-0.412271
-0.434021
-0.318002
-0.103458
0.035568
0.078669
0.129880
0.171496
0.161728
0.106947
-0.082234
-0.353631
-0.527908
-0.522446
-0.362671
-0.149769
0.005581
0.058026
0.076946
0.105283
0.106089
0.034607
-0.098705
-0.212730
-0.243583
-0.185812
-0.071102
0.044566
0.123913
0.134992
0.125639
0.126458
0.187917
0.288910
0.362204
0.421881
0.375210
0.277445
0.246166
0.227826
0.189776
0.199756
0.121631
-0.073946
-0.293785
-0.407233
-0.428830
-0.267317
-0.051107
0.081320
0.134513
0.178900
0.153738
0.120505
0.039920
-0.159905
-0.415359
-0.521863
-0.485338
-0.318031
-0.118513
-0.001098
0.029137
0.074909
0.103445
0.089814
0.023620
-0.080053
-0.195175
-0.210774
-0.138444
-0.036178
0.042298
0.075148
0.016288
-0.010621
0.104816
0.252217
0.352704
0.372579
0.336830
0.319716
0.295065
0.224641
0.183840
0.198687
0.221466
0.230516
0.131810
-0.136844
-0.366851
-0.436713
-0.383234
-0.201742
-0.015070
0.057288
0.097689
0.162635
0.165968
0.107868
-0.026241
-0.258599
-0.468441
-0.500319
-0.398515
-0.230054
-0.043517
0.035266
0.021640
0.053709
0.075513
0.021796
-0.035303
-0.086944
-0.157769
-0.171534
-0.126295
-0.075243
0.018621
0.116788
0.150672
0.157172
0.201522
0.260760
0.329015
0.384855
0.358942
0.252811
0.179039
0.163949
0.172617
0.237032
0.281377
0.144202
-0.137731
-0.352481
-0.418773
-0.362016
-0.192655
-0.063535
-0.022518
0.031762
0.115624
0.166505
0.151079
0.025558
-0.193119
-0.385023
-0.444205
-0.378574
-0.247394
-0.124338
-0.069723
-0.039559
0.023233
0.087148
0.085610
0.037662
-0.038912
-0.112002
-0.137690
-0.124439
-0.094667
-0.051163
0.021630
0.095624
0.145602
0.180553
0.265556
0.344201
0.414943
0.424451
0.297305
0.140442
0.118217
0.162999
0.247978
0.298696
0.163616
-0.140221
-0.370143
-0.431361
-0.372587
-0.195706
-0.054025
-0.020753
0.026616
0.112565
0.157703
0.148956
0.034322
-0.184602
-0.369933
-0.427210
-0.384633
-0.263503
-0.138435
-0.079857
-0.057106
0.006962
0.055210
0.058455
0.008692
-0.047063
-0.090545
-0.078316
-0.077277
-0.051882
-0.019219
0.016494
0.003927
0.009874
0.066611
0.204712
0.346108
0.452081
0.461396
0.353911
0.184659
0.136949
0.155071
0.191700
0.226401
0.164698
-0.037697
-0.290503
-0.386706
-0.365105
-0.258220
-0.116328
-0.034072
-0.008033
0.076137
0.152802
0.141680
0.050560
-0.126169
-0.336126
-0.421643
-0.377398
-0.287957
-0.172592
-0.102145
-0.093305
-0.029440
0.062493
0.078936
0.033846
-0.038524
-0.106257
-0.110915
-0.071589
-0.070030
-0.066906
-0.013573
0.038336
0.084005
0.158369
0.229856
0.301537
0.391014
0.397985
0.308931
0.223263
0.181416
0.173916
0.220289
0.239180
0.164956
-0.039110
-0.301276
-0.436338
-0.420922
-0.293174
-0.126190
-0.014037
0.031963
0.099868
0.172870
0.162662
0.059082
-0.127951
-0.340383
-0.454220
-0.411690
-0.302313
-0.187655
-0.104903
-0.079081
-0.022479
0.063048
0.092950
0.046471
-0.004927
-0.072054
-0.113269
-0.118480
-0.118193
-0.086293
0.008245
0.050958
0.053136
0.087493
0.173366
0.272731
0.399504
0.442293
0.392110
0.270084
0.198447
0.184917
0.195295
0.201507
0.161063
0.012508
-0.238581
-0.400283
-0.419278
-0.328806
-0.152432
0.000318
0.058363
0.107490
0.161062
0.137744
0.046104
-0.134858
-0.348275
-0.459552
-0.432372
-0.331125
-0.205827
-0.105248
-0.036300
0.038997
0.104991
0.093154
0.013886
-0.091261
-0.158856
-0.152419
-0.099244
-0.053408
-0.010607
0.037980
0.083238
0.102552
0.102057
0.132054
0.235421
0.323918
0.351553
0.319001
0.284097
0.230786
0.211920
0.232255
0.257914
0.245368
0.106146
-0.189631
-0.423344
-0.467761
-0.392885
-0.218120
-0.048362
0.016840
0.072892
0.174808
0.205031
0.139114
-0.011500
-0.245924
-0.434487
-0.459922
-0.375997
-0.259621
-0.141027
-0.077709
-0.024500
0.058398
0.108597
0.082025
0.012531
-0.065546
-0.120310
-0.125530
-0.099736
-0.079082
-0.026918
0.054031
0.103398
0.130829
0.208149
0.244919
0.306871
0.411756
0.365523
0.233466
0.190753
0.113649
0.147052
0.243749
0.284485
0.217533
0.031019
-0.251968
-0.411089
-0.406452
-0.306574
-0.171938
-0.053484
-0.000157
0.084530
0.174420
0.188070
0.092825
-0.086414
-0.302291
-0.416300
-0.383629
-0.293763
-0.204466
-0.130397
-0.084701
-0.006771
0.094673
0.118016
0.067355
-0.012608
-0.093912
-0.123852
-0.083971
-0.057993
-0.039186
0.003117
0.043617
0.096909
0.193429
0.269872
0.322763
0.405041
0.450095
0.400020
0.326073
0.242983
0.175020
0.156733
0.118024
-0.035162
-0.251234
-0.365489
-0.336870
-0.233096
-0.081796
0.017948
0.051573
0.094995
0.152561
0.135787
0.057263
-0.103614
-0.320373
-0.448236
-0.404021
-0.306253
-0.182613
-0.098712
-0.074815
-0.029307
0.075962
0.100791
0.052953
-0.042251
-0.132683
-0.144986
-0.077315
-0.035885
-0.005991
0.036413
0.050101
0.067260
0.120012
0.167022
0.231546
0.326555
0.372050
0.353279
0.280840
0.230499
0.195427
0.200833
0.235484
0.208192
0.133762
-0.010694
-0.242429
-0.400009
-0.405095
-0.303927
-0.145570
0.009723
0.072297
0.110595
0.154999
0.143529
0.059079
-0.086894
-0.277972
-0.410202
-0.408019
-0.320059
-0.201550
-0.107852
-0.053585
0.006446
0.078029
0.096642
0.053680
-0.018040
-0.079939
-0.091898
-0.048514
-0.007339
0.004959
-0.018859
-0.054029
-0.016612
0.123274
0.274421
0.404376
0.468950
0.419311
0.327819
0.317901
0.301791
0.262877
0.199910
0.089230
-0.074523
-0.252102
-0.387615
-0.434265
-0.348842
-0.157077
0.023477
0.152909
0.210854
0.207642
0.146506
0.049579
-0.118057
-0.294026
-0.446432
-0.479585
-0.402106
-0.254719
-0.105986
0.015092
0.067568
0.108263
0.109452
0.046314
-0.063304
-0.135026
-0.166551
-0.105298
-0.004150
0.053240
0.029829
0.022860
0.033457
0.049534
0.116403
0.225337
0.291951
0.385784
0.404896
0.288956
0.190559
0.187893
0.188842
0.221803
0.243107
0.131339
-0.107228
-0.304523
-0.445458
-0.432817
-0.256046
-0.076506
0.010003
0.088431
0.137917
0.162657
0.157284
0.067793
-0.146962
-0.335440
-0.434246
-0.423178
-0.325154
-0.177200
-0.108611
-0.052767
0.031085
0.102345
0.113936
0.078424
-0.032294
-0.109057
-0.100339
-0.037774
0.002715
0.018676
-0.029373
-0.063920
-0.012153
0.103303
0.221740
0.368967
0.445946
0.449859
0.400281
0.312792
0.253162
0.209419
0.156827
0.059646
-0.141492
-0.368228
-0.482017
-0.455566
-0.279730
-0.045288
0.103804
0.156606
0.176278
0.170473
0.131091
0.037821
-0.140950
-0.344214
-0.460010
-0.449096
-0.335537
-0.195389
-0.072822
-0.018293
0.035690
0.095880
0.102514
0.042791
-0.043191
-0.124952
-0.146450
-0.080098
0.004423
0.035695
0.034163
-0.000447
0.004173
0.052548
0.146592
0.261969
0.385951
0.425980
0.377271
0.303708
0.261127
0.225190
0.237475
0.176571
0.007288
-0.250367
-0.446957
-0.530840
-0.394310
-0.164436
0.031286
0.115786
0.167266
0.169350
0.185213
0.138727
-0.011614
-0.256304
-0.418066
-0.495621
-0.415476
-0.271410
-0.122837
-0.069598
0.004238
0.065995
0.105447
0.084645
-0.004540
-0.106738
-0.137960
-0.117884
-0.069274
-0.026328
0.011489
0.007367
0.014281
0.027602
0.048596
0.163667
0.291052
0.377360
0.472677
0.471599
0.335155
0.269435
0.232315
0.169649
0.144558
0.032584
-0.273526
-0.466199
-0.495341
-0.398321
-0.146365
0.103420
0.156159
0.168416
0.196303
0.164908
0.096817
-0.013779
-0.250895
-0.445331
-0.483394
-0.406731
-0.251373
-0.062373
0.000694
-0.008512
0.004688
0.030773
0.015592
-0.012954
-0.125666
-0.233064
-0.215365
-0.108457
-0.012596
0.042309
0.019840
0.025829
0.079070
0.133104
0.113597
0.067901
0.062657
0.192762
0.418821
0.585883
0.567755
0.452651
0.410746
0.396601
0.276201
-0.022991
-0.458594
-0.794303
-0.801499
-0.479344
-0.090775
0.197933
0.302762
0.320914
0.348064
0.386376
0.268999
-0.005164
-0.398992
-0.711553
-0.712254
-0.454637
-0.184028
-0.004363
0.063255
0.098331
0.178362
0.246271
0.159952
-0.033683
-0.342557
-0.539864
-0.464423
-0.181073
0.057691
0.140759
0.065758
-0.042215
-0.082662
-0.031130
0.026868
0.052625
0.081675
0.165322
0.247583
0.335118
0.363722
0.363206
0.366227
0.388363
0.396915
0.441403
0.418486
0.227340
-0.221136
-0.626738
-0.778522
-0.600434
-0.261951
0.054459
0.176426
0.229266
0.297580
0.379880
0.343056
0.156286
-0.217274
-0.579328
-0.696455
-0.542373
-0.307916
-0.120715
-0.069140
-0.049936
0.064206
0.188112
0.211376
0.154427
-0.000840
-0.162839
-0.212532
-0.177140
-0.161373
-0.171309
-0.195752
-0.152167
-0.022909
0.149240
0.233109
0.236586
0.193163
0.178914
0.256334
0.326251
0.281877
0.190529
0.075296
0.033533
0.135475
0.341987
0.398016
0.382133
0.173123
-0.131217
-0.325376
-0.358121
-0.366105
-0.271756
-0.172957
-0.105888
0.026674
0.204502
0.231697
0.172775
0.034849
-0.166855
-0.344408
-0.393487
-0.373228
-0.310917
-0.202874
-0.067802
0.058566
0.103225
0.081908
0.011743
-0.046808
-0.064311
-0.042000
-0.048056
-0.085487
-0.122802
-0.081975
0.013289
0.083421
0.072638
0.019984
0.028220
0.150548
0.346769
0.460571
0.438449
0.336611
0.231048
0.221337
0.267537
0.236209
0.170024
0.022948
-0.227303
-0.328569
-0.253557
-0.187835
-0.147167
-0.082237
-0.067890
-0.008715
0.132371
0.160672
0.052341
-0.063081
-0.209823
-0.321110
-0.291300
-0.261944
-0.295787
-0.172509
-0.052380
-0.008666
0.056535
0.108913
-0.014992
-0.085799
-0.131488
-0.173484
-0.139671
-0.034417
-0.042742
-0.021251
0.043178
0.099284
0.076713
0.058874
0.018255
0.066646
0.202075
0.360053
0.401770
0.376110
0.330519
0.354258
0.365692
0.381376
0.294165
0.094381
-0.259588
-0.524811
-0.585044
-0.452863
-0.252915
-0.032081
0.088576
0.181110
0.273149
0.331988
0.240080
0.004201
-0.259313
-0.485882
-0.626732
-0.537591
-0.334164
-0.131857
0.031666
0.145556
0.151821
0.125069
0.086873
-0.007490
-0.158067
-0.229228
-0.226160
-0.117142
0.018061
0.073259
0.008139
-0.007495
-0.002469
0.032353
0.122442
0.243178
0.291454
0.330574
0.394932
0.429170
0.374306
0.264858
0.173809
0.113892
0.143163
0.111093
-0.058619
-0.271370
-0.381789
-0.373100
-0.212646
-0.019837
0.074963
0.077249
0.071374
0.097067
0.098900
0.006476
-0.150134
-0.324507
-0.431646
-0.397066
-0.263627
-0.121681
-0.041991
-0.033072
-0.032231
0.008231
0.062114
0.066748
-0.025199
-0.130372
-0.146193
-0.084578
-0.020075
0.018596
-0.017671
-0.050961
-0.022264
0.077274
0.160494
0.206845
0.206030
0.240428
0.338072
0.447097
0.495863
0.457709
0.297470
0.177509
0.142316
0.113336
-0.114929
-0.396256
-0.544725
-0.513998
-0.283709
0.029933
0.201897
0.203886
0.178300
0.161008
0.148624
0.086584
-0.104870
-0.376205
-0.565399
-0.541800
-0.389143
-0.232429
-0.075617
0.068537
0.157841
0.221291
0.150819
-0.029456
-0.160795
-0.197820
-0.194481
-0.123065
-0.032908
0.009031
0.053058
0.084109
0.058086
0.009627
0.005908
0.046969
0.198444
0.378830
0.487313
0.478503
0.352702
0.190114
0.169484
0.241479
0.254900
0.218889
0.097506
-0.227594
-0.429179
-0.397577
-0.329893
-0.186146
0.006830
0.046817
0.074915
0.205704
0.221355
0.100953
-0.019273
-0.242917
-0.444236
-0.452394
-0.365724
-0.302739
-0.115723
0.011756
0.024105
0.043485
0.043075
-0.025620
-0.017935
-0.000700
-0.062876
-0.089274
-0.044265
-0.078742
-0.071169
-0.017145
-0.029127
-0.009442
0.099873
0.149171
0.170884
0.229691
0.274944
0.332904
0.451002
0.493949
0.344407
0.152241
0.136982
0.160472
0.173640
0.116254
-0.230453
-0.504665
-0.477596
-0.305800
-0.082341
0.129936
0.087786
0.013794
0.104476
0.201104
0.141944
0.025085
-0.276429
-0.543411
-0.559695
-0.391300
-0.223479
-0.015900
0.046834
0.037691
0.091871
0.127669
0.010423
-0.081344
-0.171305
-0.226804
-0.160533
0.005578
0.044696
0.064673
0.039706
-0.013187
-0.035561
0.046855
0.100311
0.204543
0.301041
0.369088
0.369125
0.417872
0.383808
0.319663
0.215273
0.158646
0.109152
0.078312
-0.089149
-0.290402
-0.407099
-0.377908
-0.258231
-0.042844
0.092553
0.104450
0.094864
0.133780
0.104473
0.040506
-0.092932
-0.333435
-0.525564
-0.464375
-0.336352
-0.187507
-0.039196
0.038971
0.036179
0.091084
0.095932
0.004022
-0.083614
-0.117955
-0.147508
-0.082103
-0.034061
-0.026706
0.008805
0.034241
-0.014547
-0.040201
-0.028071
0.077114
0.263233
0.441227
0.511891
0.446431
0.294093
0.226802
0.253555
0.246950
0.182376
0.149294
0.029848
-0.215369
-0.342984
-0.367084
-0.337438
-0.185436
-0.020054
0.031315
0.111849
0.155322
0.100870
0.044564
-0.014936
-0.189875
-0.343273
-0.411392
-0.438587
-0.327584
-0.105496
-0.005290
0.007620
0.068530
0.070490
0.015387
-0.021463
-0.099141
-0.171844
-0.102826
-0.040089
-0.051831
-0.034291
-0.005544
-0.000004
0.047230
0.056896
0.048645
0.108833
0.236545
0.334029
0.408744
0.384892
0.301211
0.255793
0.264663
0.221698
0.251878
0.235317
0.069272
-0.192082
-0.376752
-0.475221
-0.391544
-0.179906
-0.018100
0.029330
0.099969
0.147868
0.140691
0.118915
0.027605
-0.200917
-0.380420
-0.453271
-0.460261
-0.319495
-0.106929
-0.039613
-0.000312
0.108712
0.122136
0.057185
0.005009
-0.120901
-0.213807
-0.125025
-0.051369
-0.041331
0.006118
0.007902
-0.032467
0.048498
0.094826
0.046434
0.092083
0.238121
0.328409
0.435084
0.448903
0.311769
0.220399
0.202972
0.222288
0.217827
0.210617
0.053235
-0.247758
-0.418242
-0.407269
-0.305448
-0.121465
0.012185
0.002235
0.040329
0.156120
0.164326
0.072388
-0.050807
-0.263326
-0.389394
-0.379255
-0.353877
-0.285795
-0.108075
-0.036186
0.010003
0.093241
0.081852
-0.004115
-0.035360
-0.083050
-0.130834
-0.065872
-0.032219
-0.088377
-0.068104
-0.001788
0.029968
0.079134
0.097253
0.034584
0.076991
0.253877
0.372429
0.395673
0.382766
0.294359
0.224845
0.267994
0.297211
0.223288
0.192067
0.036785
-0.290159
-0.424651
-0.398550
-0.356554
-0.188476
0.023165
0.064546
0.096109
0.184265
0.163566
0.080047
0.003061
-0.231519
-0.480577
-0.492264
-0.377919
-0.275807
-0.120092
-0.030803
0.010112
0.137288
0.213270
0.092203
-0.054962
-0.125499
-0.145734
-0.104352
-0.053996
-0.110351
-0.121721
-0.064542
0.017868
0.095210
0.130389
0.099902
0.119485
0.203616
0.311204
0.416143
0.432341
0.342313
0.232817
0.181334
0.211842
0.255407
0.254933
0.071035
-0.278284
-0.495184
-0.478148
-0.334999
-0.104171
0.052811
0.061924
0.054800
0.137662
0.192840
0.149565
-0.025087
-0.282715
-0.484958
-0.508123
-0.389697
-0.210778
-0.064547
0.027560
0.029179
0.042131
0.085143
0.079332
-0.022713
-0.148596
-0.210428
-0.142329
-0.005991
0.051261
-0.015881
-0.100339
-0.098785
-0.001012
0.112264
0.168384
0.157623
0.139117
0.166818
0.296371
0.408113
0.418414
0.329376
0.215598
0.148648
0.190766
0.284297
0.261099
-0.017989
-0.376376
-0.534528
-0.478437
-0.251411
-0.001746
0.067456
0.013981
0.049372
0.144767
0.196230
0.143567
-0.092462
-0.399431
-0.548765
-0.485985
-0.312462
-0.117473
-0.013985
-0.014270
0.019099
0.109877
0.121662
0.010659
-0.126903
-0.205539
-0.149312
-0.026138
0.018727
-0.030689
-0.086849
-0.095069
-0.023566
0.080837
0.150500
0.179900
0.187523
0.183621
0.213151
0.307930
0.355276
0.370358
0.332072
0.209539
0.154145
0.249529
0.274678
0.098726
-0.225762
-0.500743
-0.599843
-0.407176
-0.119278
0.074818
0.109251
0.086266
0.075027
0.155817
0.185867
0.069680
-0.244781
-0.539344
-0.601295
-0.436041
-0.223846
-0.043327
0.020828
0.048615
0.131828
0.194389
0.093945
-0.070504
-0.203123
-0.236128
-0.168437
-0.058737
-0.028764
-0.063860
-0.056558
-0.008209
0.050074
0.127732
0.143413
0.160706
0.216292
0.257456
0.298586
0.406705
0.385882
0.218577
0.092777
0.116578
0.187057
0.280916
0.305228
0.006965
-0.359042
-0.473903
-0.429505
-0.274010
-0.046080
0.017029
-0.044130
0.032174
0.155409
0.191090
0.119638
-0.094541
-0.393750
-0.535523
-0.423544
-0.237952
-0.084992
-0.014659
-0.053683
-0.062207
0.051833
0.101840
0.010464
-0.077711
-0.116124
-0.097838
-0.024755
-0.024354
-0.111400
-0.125594
-0.048517
0.059090
0.157581
0.168493
0.100576
0.085171
0.195695
0.324885
0.391554
0.374340
0.315147
0.264722
0.266195
0.283366
0.244648
0.141535
-0.067080
-0.352292
-0.483859
-0.462779
-0.313636
-0.101252
0.055505
0.087123
0.138293
0.192495
0.196447
0.074828
-0.112239
-0.365189
-0.535344
-0.519278
-0.341671
-0.147984
0.001464
0.044439
0.054807
0.106978
0.136938
0.016001
-0.133652
-0.198480
-0.130811
-0.039659
0.001960
-0.070043
-0.125872
-0.095024
0.038638
0.141285
0.172227
0.126170
0.095598
0.117862
0.212628
0.326013
0.418659
0.381864
0.247798
0.144969
0.164968
0.244939
0.298847
0.271058
0.015153
-0.349686
-0.508455
-0.457202
-0.275811
-0.066783
0.026431
-0.001303
0.054129
0.168676
0.207326
0.105526
-0.086613
-0.345720
-0.498465
-0.431352
-0.268224
-0.114235
-0.003262
0.014587
0.001528
0.065175
0.089249
0.001302
-0.090576
-0.124763
-0.084093
0.000695
0.031075
-0.034006
-0.074321
-0.052859
-0.013372
0.039323
0.088930
0.123887
0.172502
0.262766
0.345830
0.378192
0.361801
0.315440
0.238813
0.214001
0.225832
0.235539
0.244053
0.121189
-0.197323
-0.421581
-0.464455
-0.358253
-0.155924
0.020246
0.043245
0.056785
0.125675
0.175244
0.145450
0.022051
-0.236871
-0.444187
-0.430109
-0.296778
-0.179299
-0.083929
-0.067645
-0.047452
0.070707
0.172164
0.110466
-0.003005
-0.115967
-0.151240
-0.089440
-0.012504
-0.031283
-0.066746
-0.058375
0.012498
0.082107
0.111947
0.096856
0.110911
0.175811
0.250901
0.331272
0.407958
0.381802
0.291580
0.220886
0.240020
0.277588
0.299715
0.244251
-0.011796
-0.339889
-0.481538
-0.440035
-0.281620
-0.081030
0.019660
0.017216
0.079143
0.189366
0.219108
0.141143
-0.054902
-0.340180
-0.489300
-0.407635
-0.256263
-0.139623
-0.059939
-0.036679
0.003798
0.097978
0.108913
0.027762
-0.047376
-0.082822
-0.077121
-0.028786
-0.018707
-0.060139
-0.048846
0.003621
0.045099
0.075869
0.087402
0.064537
0.126059
0.248183
0.335920
0.384741
0.390268
0.299177
0.256387
0.277820
0.278615
0.261561
0.242468
0.095195
-0.211174
-0.409712
-0.456764
-0.390212
-0.195956
0.000139
0.048945
0.089010
0.169446
0.190172
0.140691
0.031022
-0.215758
-0.439435
-0.473316
-0.354178
-0.222379
-0.075036
-0.003347
0.004939
0.060952
0.148885
0.093501
-0.023919
-0.119333
-0.166785
-0.130474
-0.023667
-0.005280
-0.046521
-0.035734
0.003525
0.041346
0.106647
0.126369
0.119678
0.167820
0.236737
0.297527
0.392409
0.385384
0.275862
0.211835
0.201048
0.206628
0.301099
0.285375
0.022977
-0.298492
-0.439786
-0.458987
-0.310736
-0.107802
-0.026423
-0.033750
0.060930
0.152697
0.191444
0.144856
-0.028549
-0.310757
-0.439526
-0.390837
-0.294218
-0.183463
-0.083880
-0.077169
-0.013272
0.104885
0.107401
0.006619
-0.058148
-0.112350
-0.102943
-0.019773
0.002597
-0.069919
-0.060724
-0.016511
0.010780
0.065293
0.094779
0.068310
0.151539
0.267695
0.334968
0.368691
0.371004
0.289954
0.284079
0.276610
0.199360
0.162723
0.198732
0.065403
-0.203046
-0.407151
-0.515108
-0.452455
-0.190953
0.022588
0.073835
0.104010
0.138009
0.134858
0.128994
0.023629
-0.240249
-0.467420
-0.495866
-0.394366
-0.234533
-0.065696
-0.005992
0.003706
0.073438
0.130338
0.063559
-0.034287
-0.120967
-0.161504
-0.117245
-0.047646
-0.059142
-0.086910
-0.075380
-0.031446
0.045206
0.132961
0.138417
0.138541
0.180473
0.211544
0.267886
0.382804
0.388084
0.286835
0.205043
0.173383
0.173540
0.253176
0.236232
-0.062424
-0.410229
-0.555718
-0.505112
-0.262855
0.005204
0.075524
0.018290
0.051246
0.124952
0.159070
0.107963
-0.101964
-0.407643
-0.532860
-0.427320
-0.271081
-0.125566
-0.041074
-0.044609
-0.002519
0.095092
0.060987
-0.027237
-0.085059
-0.114015
-0.102645
-0.043232
-0.067027
-0.095898
-0.061627
-0.001439
0.043996
0.095368
0.080607
0.080260
0.135209
0.205959
0.275459
0.372334
0.388749
0.342172
0.279693
0.228121
0.196407
0.227495
0.163303
-0.086554
-0.377169
-0.498942
-0.472831
-0.285595
-0.061582
0.041581
0.042446
0.095791
0.144876
0.146054
0.075900
-0.120086
-0.382852
-0.499280
-0.433567
-0.299090
-0.169460
-0.060820
-0.028519
0.020106
0.111446
0.119430
-0.011618
-0.107062
-0.162140
-0.138559
-0.070005
-0.025955
-0.072009
-0.089277
-0.049033
0.054635
0.124352
0.143414
0.079248
0.056447
0.126458
0.255022
0.345807
0.376898
0.334164
0.315423
0.271640
0.253250
0.221269
0.184960
-0.006969
-0.298990
-0.501150
-0.512163
-0.382812
-0.140050
0.035774
0.086437
0.099522
0.159288
0.159392
0.107643
-0.055662
-0.299318
-0.496942
-0.472577
-0.354178
-0.215863
-0.105982
-0.026640
0.010199
0.111244
0.129640
0.018867
-0.093266
-0.115607
-0.096955
-0.043750
-0.041798
-0.107423
-0.136542
-0.063513
0.040028
0.126242
0.142785
0.115800
0.108075
0.165979
0.213591
0.302931
0.394074
0.387129
0.285166
0.229201
0.198110
0.178902
0.210566
0.114215
-0.210160
-0.452845
-0.477121
-0.385605
-0.170488
0.038356
0.064833
0.036018
0.111193
0.147706
0.111132
0.006791
-0.213956
-0.456161
-0.467805
-0.342981
-0.230200
-0.117507
-0.034985
-0.022849
0.063055
0.123773
0.047558
-0.047549
-0.075418
-0.098217
-0.077078
-0.048452
-0.089975
-0.119648
-0.050973
0.029846
0.094285
0.151633
0.149786
0.137349
0.199900
0.270485
0.309394
0.374288
0.390937
0.336686
0.276095
0.249203
0.218547
0.180664
-0.010928
-0.330825
-0.536592
-0.523920
-0.337708
-0.080224
0.096843
0.114995
0.108754
0.156266
0.182305
0.121242
-0.047486
-0.316971
-0.510694
-0.524432
-0.366873
-0.188050
-0.046088
0.005330
0.033794
0.095232
0.168805
0.122161
-0.032740
-0.185557
-0.217905
-0.147832
-0.047453
-0.026951
-0.045960
-0.053755
0.025228
0.126749
0.210259
0.200821
0.131389
0.078582
0.112488
0.190574
0.305815
0.431150
0.486443
0.361118
0.203676
0.148340
0.172410
0.154047
-0.057093
-0.372802
-0.549174
-0.492051
-0.246079
0.022519
0.143696
0.109782
0.079840
0.107141
0.132981
0.068366
-0.123535
-0.385918
-0.503885
-0.418937
-0.250399
-0.088009
0.006038
0.003807
0.028077
0.082552
0.068161
0.001716
-0.057762
-0.108020
-0.105028
-0.037184
-0.008044
-0.023412
-0.012182
0.012990
0.040217
0.085406
0.110078
0.113389
0.181525
0.296973
0.375770
0.404512
0.379070
0.298398
0.239346
0.212310
0.197448
0.186074
0.051708
-0.222088
-0.417392
-0.457113
-0.348514
-0.137424
0.041456
0.078497
0.082857
0.115524
0.136012
0.107214
-0.000875
-0.219133
-0.416477
-0.459132
-0.345915
-0.204933
-0.078570
-0.018235
0.006491
0.063984
0.137899
0.105172
-0.023889
-0.142174
-0.181405
-0.136445
-0.041524
-0.004866
-0.030367
-0.036145
0.027196
0.116689
0.192010
0.174624
0.102581
0.089792
0.164152
0.234152
0.315890
0.401208
0.391078
0.265941
0.169651
0.171802
0.216881
0.235133
0.045873
-0.293560
-0.504572
-0.487428
-0.306337
-0.066386
0.070607
0.048911
0.039111
0.104055
0.149191
0.104949
-0.048843
-0.300917
-0.450793
-0.412567
-0.290225
-0.167879
-0.060863
-0.012209
0.032615
0.094945
0.082216
0.014662
-0.032277
-0.053047
-0.065843
-0.070941
-0.080669
-0.089245
-0.048792
0.025050
0.093237
0.128329
0.136817
0.121086
0.137501
0.191612
0.255691
0.325822
0.352475
0.326889
0.301537
0.253861
0.215300
0.217684
0.134405
-0.140030
-0.390728
-0.498111
-0.460969
-0.262309
-0.025553
0.066330
0.082695
0.119793
0.141988
0.124563
0.056497
-0.148543
-0.390458
-0.461560
-0.389233
-0.259587
-0.098427
-0.005256
0.009457
0.062857
0.115155
0.049092
-0.039415
-0.081925
-0.110004
-0.089434
-0.046267
-0.059309
-0.074082
-0.026984
0.023920
0.072985
0.133259
0.137774
0.111701
0.140929
0.205764
0.272854
0.325628
0.382334
0.329270
0.242161
0.180078
0.167727
0.188374
0.168357
-0.054483
-0.337067
-0.477630
-0.444432
-0.280874
-0.060138
0.042714
0.040478
0.063973
0.119762
0.132692
0.078354
-0.071575
-0.279020
-0.412580
-0.396176
-0.296433
-0.167129
-0.060156
-0.027063
-0.010372
0.046720
0.089304
0.074927
0.025401
-0.058171
-0.136697
-0.145442
-0.089571
-0.023298
0.039503
0.103455
0.139306
0.135000
0.106389
0.089490
0.091035
0.150277
0.262598
0.371056
0.417402
0.383766
0.270318
0.211108
0.225980
0.216109
0.034818
-0.281014
-0.510726
-0.554572
-0.384995
-0.115224
0.073998
0.108844
0.116961
0.135721
0.157691
0.112692
-0.053242
-0.300386
-0.462898
-0.475697
-0.350027
-0.168224
-0.028667
0.032787
0.067058
0.102939
0.090380
0.006709
-0.075894
-0.125747
-0.127217
-0.088180
-0.045963
-0.020566
0.021723
0.075063
0.111119
0.117746
0.122213
0.112938
0.132646
0.191930
0.267209
0.330749
0.365374
0.349879
0.279888
0.244195
0.238860
0.225484
0.093529
-0.190004
-0.447237
-0.519224
-0.411652
-0.184451
0.012455
0.077364
0.080057
0.122023
0.161996
0.149866
0.043355
-0.169814
-0.380604
-0.450060
-0.385155
-0.252415
-0.121361
-0.016499
0.016017
0.031667
0.063158
0.077369
0.050824
0.016029
-0.048595
-0.117688
-0.128743
-0.094460
-0.056232
0.024470
0.099506
0.126135
0.138780
0.141770
0.119280
0.142742
0.211059
0.283863
0.349892
0.375571
0.300557
0.204727
0.189605
0.211134
0.207000
0.074490
-0.218079
-0.451437
-0.480539
-0.329810
-0.111821
0.043503
0.058469
0.042799
0.084449
0.143497
0.129770
0.007856
-0.207423
-0.386117
-0.423547
-0.323780
-0.198259
-0.084613
-0.024183
-0.013882
0.007413
0.065467
0.080517
0.058397
0.010494
-0.065070
-0.117192
-0.108062
-0.076411
-0.028727
0.035857
0.099493
0.127652
0.157023
0.154861
0.127378
0.139831
0.209679
0.298271
0.362879
0.359208
0.287827
0.239987
0.238290
0.252372
0.180788
-0.088669
-0.401388
-0.542675
-0.471228
-0.249690
-0.025120
0.060887
0.055678
0.088468
0.151357
0.172465
0.095575
-0.104212
-0.337079
-0.450712
-0.412755
-0.289853
-0.154731
-0.049592
-0.021099
0.002117
0.059304
0.094201
0.068442
0.018687
-0.043238
-0.097649
-0.112828
-0.091754
-0.056828
0.000484
0.066059
0.122058
0.145334
0.151532
0.135530
0.139857
0.154376
0.205644
0.289830
0.363652
0.356813
0.277672
0.209812
0.198012
0.213935
0.127313
-0.149213
-0.424643
-0.527469
-0.432365
-0.200532
0.011403
0.072662
0.059635
0.085916
0.126562
0.126201
0.043220
-0.161344
-0.375685
-0.453241
-0.381181
-0.242419
-0.103868
-0.016318
-0.013189
-0.015532
0.037952
0.073985
0.059891
0.018991
-0.056084
-0.133197
-0.141681
-0.081440
-0.024308
0.033490
0.094386
0.117465
0.129157
0.128936
0.117821
0.144522
0.225724
0.294783
0.315852
0.290233
0.250205
0.204619
0.208838
0.223823
0.208321
-0.000509
-0.282868
-0.455005
-0.450888
-0.316008
-0.109795
-0.004470
0.006256
0.031611
0.102870
0.130874
0.098618
-0.050043
-0.256570
-0.395426
-0.389294
-0.312795
-0.202494
-0.107651
-0.077179
-0.058998
0.022223
0.081259
0.094069
0.069553
0.005617
-0.085604
-0.122327
-0.124376
-0.108984
-0.069789
0.004577
0.068976
0.130360
0.167273
0.164561
0.142514
0.152646
0.205362
0.309590
0.377473
0.327803
0.245953
0.170512
0.148648
0.180818
0.153697
-0.104326
-0.384919
-0.507603
-0.429247
-0.230627
-0.012516
0.044754
0.020103
0.032775
0.098619
0.112885
0.062139
-0.120960
-0.343571
-0.448825
-0.381374
-0.264680
-0.138495
-0.061071
-0.044705
-0.024246
0.049175
0.078131
0.058870
0.014513
-0.054006
-0.130989
-0.132298
-0.113151
-0.074522
-0.022369
0.049425
0.097203
0.145297
0.139287
0.113464
0.133498
0.201904
0.256603
0.327983
0.342166
0.240500
0.172479
0.165101
0.179561
0.213529
0.135417
-0.167777
-0.411490
-0.445240
-0.355725
-0.192420
-0.021237
-0.006034
-0.032113
0.044337
0.123351
0.107348
0.021653
-0.156847
-0.348476
-0.395365
-0.315775
-0.241037
-0.161170
-0.086737
-0.076984
-0.037716
0.054399
0.088600
0.071378
0.028674
-0.052021
-0.119556
-0.098643
-0.073863
-0.062771
-0.022644
0.048089
0.098408
0.145129
0.139945
0.118887
0.143610
0.229882
0.292486
0.371038
0.366416
0.273563
0.184973
0.160408
0.172152
0.148555
-0.043397
-0.307539
-0.473461
-0.453331
-0.281795
-0.065310
0.039186
0.040853
0.041583
0.079861
0.108878
0.076578
-0.068170
-0.275433
-0.408574
-0.396988
-0.290355
-0.165595
