-0.139463
0.269687
0.435549
0.334388
0.004496
-0.297770
-0.420254
-0.371334
-0.189750
-0.003935
0.153872
0.252866
0.191961
0.084939
-0.039381
-0.092302
-0.032394
0.030834
0.061458
0.066969
0.024059
0.018102
0.050991
0.124572
0.225199
0.269805
0.241205
0.137701
-0.020435
-0.290183
-0.539269
-0.609918
-0.424738
-0.028552
0.330784
0.435134
0.257495
-0.069203
-0.342698
-0.425121
-0.327616
-0.135354
0.053947
0.210043
0.259070
0.175537
0.054689
-0.068349
-0.088623
-0.028511
0.045741
0.088272
0.090907
0.045837
0.026445
0.051494
0.157041
0.244556
0.278321
0.228386
0.106661
-0.071181
-0.369862
-0.582581
-0.590608
-0.317525
0.113466
0.413506
0.418260
0.170635
-0.174116
-0.388966
-0.413981
-0.262156
-0.049755
0.130710
0.241629
0.227730
0.121335
0.016791
-0.064186
-0.040286
0.019165
0.070081
0.079861
0.057257
0.018510
0.035883
0.102826
0.225114
0.284639
0.283711
0.188127
0.055856
-0.138554
-0.398693
-0.580979
-0.529890
-0.222947
0.188880
0.428986
0.389039
0.102155
-0.216892
-0.386274
-0.366694
-0.220715
-0.015845
0.146505
0.259953
0.237963
0.133442
0.015623
-0.051037
-0.036076
0.021318
0.062310
0.091267
0.074175
0.062649
0.080246
0.131309
0.228528
0.276265
0.269810
0.183140
0.043661
-0.199160
-0.483637
-0.598351
-0.457853
-0.066180
0.319000
0.462214
0.310260
-0.008770
-0.298431
-0.393016
-0.325352
-0.140381
0.055384
0.211861
0.263917
0.205888
0.080166
-0.015012
-0.043729
0.007264
0.062216
0.095285
0.091182
0.071973
0.049002
0.088373
0.154987
0.247934
0.289605
0.274172
0.157303
0.013938
-0.290577
-0.520153
-0.599083
-0.393366
0.037148
0.372167
0.461453
0.266551
-0.084403
-0.318594
-0.391786
-0.298208
-0.102265
0.089497
0.252428
0.292210
0.187656
0.066525
-0.048862
-0.039706
0.020307
0.063192
0.101654
0.097171
0.078703
0.073510
0.095774
0.180046
0.255173
0.285039
0.223683
0.119041
-0.052563
-0.329836
-0.520948
-0.554857
-0.297776
0.105150
0.403095
0.418603
0.185790
-0.147573
-0.345899
-0.382101
-0.251485
-0.059006
0.141893
0.269301
0.272270
0.151827
0.027916
-0.057475
-0.027310
0.023570
0.081408
0.102553
0.107419
0.075785
0.093394
0.105690
0.194722
0.244992
0.266665
0.208401
0.101494
-0.167176
-0.445914
-0.627176
-0.503216
-0.132768
0.271285
0.462189
0.343613
0.027322
-0.251464
-0.387624
-0.338039
-0.194251
0.007949
0.196054
0.280069
0.235217
0.104111
-0.035135
-0.053571
-0.012220
0.057495
0.101869
0.087761
0.070921
0.056759
0.083440
0.148751
0.224227
0.262182
0.239945
0.127544
0.014138
-0.269908
-0.491529
-0.578911
-0.414360
-0.010354
0.325567
0.413268
0.251070
-0.089059
-0.307977
-0.386749
-0.301569
-0.122792
0.062199
0.212213
0.267958
0.175961
0.067626
-0.048373
-0.050738
-0.003539
0.045232
0.092690
0.098479
0.076732
0.090085
0.095818
0.153709
0.205435
0.230260
0.210493
0.126388
-0.114089
-0.424486
-0.623350
-0.555605
-0.202886
0.195784
0.421879
0.336821
0.064274
-0.217310
-0.375732
-0.379022
-0.245638
-0.042607
0.172384
0.281660
0.244657
0.098082
-0.040296
-0.089421
-0.029406
0.040333
0.105993
0.102874
0.083763
0.059658
0.068910
0.110875
0.168537
0.211139
0.237805
0.171654
0.016600
-0.321142
-0.594883
-0.659247
-0.387504
0.068016
0.404256
0.417053
0.175215
-0.174753
-0.365640
-0.400539
-0.292744
-0.089446
0.116864
0.237736
0.252928
0.109329
-0.010674
-0.078899
-0.033184
0.038208
0.088104
0.098209
0.084157
0.031604
0.042098
0.064429
0.152692
0.218349
0.252108
0.201665
0.077527
-0.215527
-0.498257
-0.643110
-0.486524
-0.116096
0.269156
0.391518
0.275413
-0.013256
-0.268346
-0.387548
-0.358043
-0.215587
0.020814
0.194795
0.278758
0.186209
0.037836
-0.068222
-0.075380
-0.008062
0.070308
0.090950
0.099743
0.062762
0.057038
0.069271
0.109613
0.167228
0.215466
0.205281
0.150339
-0.066812
-0.374975
-0.600822
-0.607089
-0.283116
0.134588
0.389644
0.359275
0.088233
-0.202647
-0.364693
-0.383806
-0.262461
-0.059243
0.140049
0.264029
0.229744
0.091714
-0.037360
-0.081565
-0.020508
0.042525
0.092369
0.093551
0.071592
0.065728
0.072391
0.103893
0.166317
0.196199
0.219936
0.172060
0.014106
-0.306421
-0.566890
-0.626091
-0.363012
0.057615
0.358990
0.376633
0.151565
-0.152047
-0.333317
-0.375440
-0.285875
-0.103821
0.096443
0.231775
0.247286
0.125338
-0.002098
-0.078427
-0.036380
0.038435
0.090341
0.104985
0.080895
0.062632
0.083892
0.100746
0.136474
0.190756
0.205995
0.199173
0.060157
-0.271263
-0.537540
-0.639329
-0.389955
0.013342
0.332820
0.385912
0.181459
-0.109228
-0.297380
-0.381278
-0.302608
-0.126350
0.077479
0.245365
0.262680
0.138559
0.007019
-0.081951
-0.037011
0.036975
0.093624
0.116801
0.102318
0.087423
0.084050
0.084920
0.121018
0.170703
0.218149
0.203587
0.083639
-0.239631
-0.515428
-0.625063
-0.396483
-0.008654
0.300613
0.357722
0.195073
-0.073571
-0.255729
-0.355540
-0.313062
-0.154539
0.061408
0.228472
0.270755
0.156845
0.027645
-0.065909
-0.039014
0.018347
0.085091
0.122924
0.122766
0.103498
0.094838
0.084636
0.114760
0.171864
0.214593
0.209871
0.085822
-0.262225
-0.536067
-0.627622
-0.392934
0.034226
0.341756
0.376848
0.176035
-0.127726
-0.304346
-0.363737
-0.282488
-0.108169
0.073964
0.237214
0.268262
0.151605
0.028552
-0.083453
-0.048410
0.032998
0.095154
0.137629
0.113062
0.092779
0.092427
0.082961
0.119513
0.163913
0.217424
0.216886
0.055009
-0.270527
-0.544669
-0.613762
-0.351259
0.044350
0.331843
0.355171
0.149924
-0.111910
-0.286932
-0.353252
-0.290529
-0.120715
0.089232
0.251161
0.271795
0.148780
0.004548
-0.076403
-0.046988
0.021174
0.092542
0.131217
0.126121
0.114110
0.086565
0.085648
0.106967
0.164773
0.219368
0.212738
0.008337
-0.331647
-0.575657
-0.587837
-0.270320
0.130098
0.363978
0.325199
0.088664
-0.176570
-0.314239
-0.345433
-0.252011
-0.070997
0.124002
0.257426
0.239373
0.110889
-0.018564
-0.081457
-0.024232
0.043923
0.108882
0.127214
0.113288
0.094364
0.088561
0.088004
0.137110
0.180537
0.213190
0.168975
-0.021436
-0.336403
-0.573221
-0.550525
-0.254844
0.132745
0.362064
0.300144
0.073155
-0.185636
-0.320625
-0.340934
-0.235992
-0.049375
0.138784
0.252492
0.233653
0.093758
-0.025485
-0.065876
-0.016698
0.059796
0.104744
0.121533
0.106224
0.098564
0.087113
0.099827
0.122347
0.183023
0.214354
0.177437
-0.054590
-0.383012
-0.592413
-0.533888
-0.192418
0.183452
0.367116
0.272317
0.028626
-0.213525
-0.328206
-0.330943
-0.215086
-0.022638
0.157850
0.268797
0.217215
0.074495
-0.036138
-0.068062
-0.003961
0.067367
0.104955
0.112622
0.106308
0.105586
0.105782
0.110104
0.139578
0.183844
0.202028
0.156975
-0.101663
-0.412522
-0.589603
-0.507197
-0.132167
0.221286
0.363760
0.250944
-0.013834
-0.231592
-0.316869
-0.321424
-0.183443
-0.010037
0.161122
0.267795
0.195406
0.070805
-0.037169
-0.058025
0.023934
0.070433
0.105700
0.105176
0.083854
0.101320
0.106282
0.110671
0.151713
0.190603
0.210677
0.153461
-0.157052
-0.423602
-0.602983
-0.474794
-0.086509
0.238900
0.379259
0.243987
-0.037377
-0.232225
-0.345486
-0.319976
-0.167215
0.006871
0.204393
0.274063
0.180704
0.061252
-0.057563
-0.041984
0.021408
0.073176
0.129225
0.116527
0.115170
0.106529
0.084659
0.105854
0.156259
0.217597
0.238426
0.110914
-0.222084
-0.513254
-0.619053
-0.384213
0.024176
0.334184
0.370063
0.164606
-0.106552
-0.286064
-0.349840
-0.285373
-0.109503
0.080669
0.250666
0.264835
0.137855
0.000994
-0.072745
-0.021857
0.075191
0.127177
0.143835
0.103916
0.091824
0.083122
0.100390
0.130198
0.203842
0.242033
0.242034
-0.004287
-0.341982
-0.614965
-0.597121
-0.238566
0.185493
0.418193
0.340855
0.058152
-0.207641
-0.338147
-0.347141
-0.223010
-0.042801
0.145600
0.285292
0.246493
0.112058
-0.019994
-0.068868
-0.001337
0.074914
0.129866
0.135258
0.111115
0.099566
0.087599
0.104228
0.148467
0.201220
0.254640
0.190515
-0.079164
-0.429219
-0.626326
-0.516644
-0.126215
0.250251
0.399196
0.264223
-0.008536
-0.234351
-0.336177
-0.327415
-0.183232
0.001206
0.198763
0.284833
0.210814
0.066362
-0.049806
-0.060205
0.022627
0.093866
0.150134
0.138597
0.125210
0.102572
0.086653
0.082029
0.152254
0.204645
0.261037
0.120307
-0.228022
-0.529991
-0.642883
-0.392720
0.057793
0.355254
0.394932
0.156951
-0.141035
-0.303396
-0.368515
-0.279043
-0.091182
0.090605
0.271688
0.264403
0.136818
0.004102
-0.078966
-0.016069
0.064346
0.116478
0.153407
0.134677
0.126865
0.108059
0.075494
0.085676
0.169846
0.219591
0.237727
0.008189
-0.380904
-0.621863
-0.581515
-0.198052
0.226282
0.408252
0.293139
0.002197
-0.242124
-0.330850
-0.338679
-0.199753
-0.013940
0.156331
0.290251
0.214087
0.067738
-0.046310
-0.079751
0.020076
0.095646
0.139362
0.148980
0.112374
0.099367
0.079505
0.078224
0.129534
0.200269
0.253833
0.174836
-0.179430
-0.511793
-0.670909
-0.463329
-0.004426
0.327319
0.395637
0.196488
-0.106661
-0.282198
-0.367294
-0.313619
-0.133935
0.051427
0.247828
0.272663
0.151154
0.018589
-0.084958
-0.049130
0.041519
0.102265
0.169530
0.144747
0.118179
0.092384
0.050514
0.077856
0.150091
0.218061
0.255264
0.011473
-0.346473
-0.632639
-0.630462
-0.239245
0.185159
0.416008
0.328130
0.018625
-0.228075
-0.352025
-0.363478
-0.225507
-0.043181
0.162022
0.288670
0.222978
0.080634
-0.063471
-0.087865
-0.004169
0.072157
0.137320
0.140892
0.115169
0.099964
0.061900
0.059732
0.100987
0.176637
0.244891
0.191559
-0.113412
-0.458788
-0.666597
-0.508023
-0.091710
0.291170
0.400888
0.230174
-0.075697
-0.281434
-0.367151
-0.324431
-0.158791
0.030179
0.212388
0.278644
0.167006
0.022872
-0.089400
-0.068835
0.020674
0.096784
0.143694
0.133889
0.109788
0.085764
0.062618
0.060244
0.131259
0.213111
0.233046
0.101860
-0.268816
-0.563324
-0.628801
-0.350295
0.080716
0.362595
0.343008
0.119956
-0.171963
-0.313875
-0.354090
-0.280933
-0.088326
0.090176
0.252268
0.263036
0.105020
-0.023260
-0.098477
-0.037339
0.061121
0.116885
0.134906
0.119404
0.099099
0.100008
0.074123
0.102165
0.159412
0.203872
0.196857
-0.064970
-0.403919
-0.605571
-0.529363
-0.161362
0.213144
0.374549
0.265040
0.001180
-0.239141
-0.345622
-0.343753
-0.213287
-0.021143
0.164423
0.281459
0.220698
0.061521
-0.054444
-0.094358
-0.008934
0.073621
0.124022
0.136941
0.105792
0.089357
0.084310
0.081224
0.129323
0.191980
0.221707
0.143942
-0.164320
-0.490568
-0.627060
-0.455788
-0.020012
0.302663
0.385224
0.191604
-0.090484
-0.283059
-0.336760
-0.305011
-0.157260
0.021188
0.207327
0.274287
0.178224
0.025236
-0.075527
-0.069150
0.030288
0.081977
0.125921
0.108814
0.099035
0.092486
0.094836
0.099267
0.153846
0.208399
0.235335
0.084794
-0.256316
-0.550022
-0.624736
-0.349057
0.081584
0.359126
0.371174
0.136694
-0.139457
-0.308569
-0.339622
-0.279310
-0.112069
0.072541
0.236676
0.259526
0.153134
0.002741
-0.077787
-0.045473
0.041334
0.093623
0.127106
0.106378
0.098941
0.095837
0.100525
0.112489
0.167361
0.210009
0.238190
0.038225
-0.308535
-0.586680
-0.604815
-0.276312
0.149957
0.393356
0.354202
0.083771
-0.177720
-0.329767
-0.338869
-0.243190
-0.072377
0.116156
0.256529
0.243675
0.124817
-0.019519
-0.067478
-0.014581
0.056394
0.102529
0.118397
0.093225
0.097612
0.096317
0.117149
0.136085
0.203732
0.226079
0.193608
-0.011459
-0.357146
-0.580009
-0.542851
-0.239758
0.172600
0.378497
0.318934
0.082350
-0.182790
-0.316497
-0.323004
-0.247961
-0.054556
0.110369
0.250979
0.245430
0.121997
0.007280
-0.062036
-0.031489
0.048914
0.082329
0.115282
0.087933
0.078434
0.102361
0.120949
0.159765
0.203631
0.196161
0.189381
-0.025717
-0.326865
-0.540951
-0.546530
-0.247924
0.126515
0.345114
0.331385
0.092993
-0.148518
-0.291989
-0.318424
-0.240264
-0.091534
0.088805
0.237584
0.245532
0.151476
0.006588
-0.070873
-0.034246
0.028353
0.087085
0.106229
0.081641
0.088319
0.106638
0.119718
0.145747
0.182043
0.212826
0.199388
-0.021030
-0.340729
-0.582295
-0.578326
-0.232884
0.164169
0.391331
0.350726
0.075500
-0.179901
-0.331122
-0.340923
-0.245079
-0.071158
0.120011
0.265541
0.251656
0.139190
-0.021933
-0.088863
-0.038172
0.030109
0.094955
0.105925
0.080480
0.078491
0.091772
0.121279
0.154030
0.189585
0.199251
0.188056
-0.013765
-0.341393
-0.567599
-0.569261
-0.255949
0.150970
0.369700
0.334668
0.089978
-0.170083
-0.314573
-0.331526
-0.252599
-0.080950
0.094997
0.232904
0.236172
0.127760
0.004205
-0.065459
-0.032365
0.029436
0.064831
0.081144
0.064513
0.065140
0.095462
0.133954
0.166136
0.201321
0.190839
0.164424
-0.018835
-0.312772
-0.533490
-0.560471
-0.276750
0.101543
0.343492
0.328849
0.103991
-0.155369
-0.302858
-0.317676
-0.242332
-0.104241
0.065681
0.198273
0.228527
0.142435
0.024081
-0.053107
-0.030031
0.011048
0.055712
0.065462
0.065183
0.062105
0.097138
0.131980
0.165259
0.195290
0.195985
0.159182
0.034789
-0.263017
-0.489912
-0.583237
-0.358147
0.013227
0.304863
0.356014
0.187740
-0.090989
-0.269027
-0.347111
-0.299682
-0.149524
0.030577
0.198433
0.265980
0.168650
0.058121
-0.064240
-0.060277
-0.015216
0.044241
0.078914
0.097282
0.080347
0.111634
0.112883
0.148934
0.173138
0.189066
0.178114
0.072075
-0.242520
-0.479752
-0.592963
-0.378721
0.009467
0.303716
0.354772
0.181478
-0.099793
-0.269029
-0.342659
-0.287122
-0.146164
0.032065
0.190342
0.256154
0.157557
0.055893
-0.056247
-0.044129
-0.001016
0.043551
0.070912
0.086882
0.076155
0.106031
0.112496
0.156206
0.169431
0.191998
0.180756
0.107497
-0.168155
-0.443249
-0.600300
-0.449320
-0.081552
0.269604
0.377141
0.243014
-0.041994
-0.243758
-0.333828
-0.310965
-0.181183
-0.003105
0.158964
0.267121
0.189385
0.083737
-0.036298
-0.050438
-0.013751
0.039334
0.068863
0.094341
0.080185
0.121729
0.126816
0.139821
0.163511
0.189063
0.180165
0.144254
-0.141240
-0.430876
-0.609916
-0.487941
-0.109528
0.254669
0.378516
0.270110
-0.020596
-0.227310
-0.336907
-0.335526
-0.202888
-0.023728
0.155371
0.286581
0.210874
0.103155
-0.035692
-0.067907
-0.015063
0.040544
0.078758
0.103712
0.083246
0.118065
0.114394
0.137225
0.151543
0.183960
0.184162
0.149544
-0.098418
-0.392680
-0.591097
-0.516787
-0.169437
0.207537
0.367410
0.286576
0.018160
-0.206082
-0.323323
-0.342292
-0.219339
-0.039044
0.145558
0.288117
0.217092
0.102456
-0.027085
-0.069714
-0.016658
0.039071
0.080366
0.112239
0.090596
0.110769
0.104772
0.112012
0.154268
0.193203
0.222062
0.178436
-0.097345
-0.403844
-0.636287
-0.534387
-0.166681
0.215104
0.387363
0.294974
0.014039
-0.205579
-0.344268
-0.356618
-0.231627
-0.039664
0.167964
0.288793
0.217264
0.085671
-0.051913
-0.066077
-0.009600
0.053651
0.101428
0.114001
0.100542
0.112040
0.083205
0.104007
0.133103
0.198701
0.234334
0.154512
-0.117099
-0.443517
-0.640146
-0.511907
-0.138976
0.238908
0.386841
0.267736
-0.005092
-0.229615
-0.355685
-0.358009
-0.214379
-0.013217
0.186460
0.281238
0.195912
0.060246
-0.052794
-0.064518
-0.000022
0.054637
0.098856
0.103906
0.092035
0.100504
0.085658
0.100949
0.146641
0.203628
0.204446
0.137219
-0.130181
-0.415802
-0.601856
-0.503597
-0.156268
0.192693
0.353302
0.259415
-0.000773
-0.211361
-0.337984
-0.351770
-0.211299
-0.029649
0.176018
0.271092
0.193876
0.062713
-0.049638
-0.060029
0.005417
0.053135
0.097199
0.103286
0.107143
0.113939
0.097562
0.090575
0.125890
0.177556
0.221311
0.155599
-0.144875
-0.457488
-0.640256
-0.484061
-0.091491
0.263584
0.373739
0.223074
-0.043780
-0.235846
-0.348903
-0.323877
-0.176058
0.004847
0.210138
0.269374
0.175001
0.058804
-0.054440
-0.046234
0.011285
0.060571
0.117555
0.121975
0.130274
0.123210
0.090984
0.087248
0.127850
0.196379
0.231904
0.100802
-0.221515
-0.527164
-0.623225
-0.382598
0.019053
0.328182
0.365733
0.175231
-0.101771
-0.277812
-0.366884
-0.301979
-0.120975
0.082470
0.252525
0.270652
0.142286
0.017536
-0.063392
-0.028898
0.035422
0.088929
0.133435
0.134951
0.133572
0.116114
0.077785
0.085644
0.144953
0.215207
0.231582
0.031774
-0.317023
-0.578945
-0.580914
-0.254574
0.149935
0.362247
0.320634
0.069533
-0.168002
-0.292421
-0.336579
-0.228385
-0.057565
0.125780
0.263883
0.227211
0.108900
-0.002244
-0.051785
0.001504
0.056364
0.101248
0.133088
0.118182
0.125089
0.098755
0.090533
0.129173
0.195438
0.235953
0.192558
-0.079513
-0.410456
-0.608746
-0.511968
-0.125325
0.244964
0.394373
0.276530
-0.002061
-0.220872
-0.323052
-0.334058
-0.189844
-0.004037
0.192717
0.294910
0.211618
0.073745
-0.039340
-0.058386
0.016445
0.069757
0.119998
0.138657
0.130198
0.128614
0.094298
0.090484
0.125050
0.199654
0.239498
0.162331
-0.132909
-0.467221
-0.605017
-0.449981
-0.047595
0.288488
0.376004
0.223374
-0.052787
-0.253818
-0.333142
-0.317499
-0.142259
0.035430
0.211536
0.280923
0.182773
0.049637
-0.046311
-0.056165
0.026334
0.073222
0.124534
0.129635
0.131187
0.125212
0.101702
0.086673
0.148634
0.200526
0.224264
0.078381
-0.255767
-0.527289
-0.589208
-0.322962
0.082793
0.335900
0.335772
0.121696
-0.133012
-0.273269
-0.332528
-0.275042
-0.097440
0.073974
0.241498
0.248932
0.131546
0.012759
-0.060306
-0.032103
0.037063
0.075207
0.124013
0.120281
0.112693
0.106493
0.089465
0.109046
0.163837
0.200551
0.200913
0.019556
-0.306227
-0.539268
-0.559722
-0.272193
0.114909
0.333727
0.314246
0.087434
-0.161438
-0.289020
-0.337235
-0.258119
-0.077911
0.095421
0.244936
0.235732
0.102734
-0.007904
-0.069911
-0.022641
0.046733
0.080195
0.116528
0.098856
0.109471
0.114221
0.100827
0.105636
0.172327
0.181900
0.181086
-0.021472
-0.334050
-0.549958
-0.540677
-0.232403
0.140336
0.343265
0.291647
0.053106
-0.189159
-0.301914
-0.329086
-0.235384
-0.062504
0.096300
0.241944
0.221372
0.102763
-0.011369
-0.068949
-0.026327
0.041131
0.080769
0.106234
0.095154
0.098002
0.100389
0.096735
0.119758
0.162668
0.182955
0.160133
-0.038297
-0.339495
-0.528481
-0.517807
-0.235137
0.128008
0.312088
0.282392
0.066411
-0.171606
-0.289385
-0.332268
-0.244152
-0.068170
0.089941
0.241793
0.223272
0.100657
-0.003716
-0.071319
-0.022473
0.038441
0.067130
0.102594
0.092694
0.115146
0.117491
0.090949
0.102102
0.155915
0.191490
0.186402
-0.043893
-0.375176
-0.579569
-0.527612
-0.177255
0.181386
0.345649
0.266342
0.022630
-0.190300
-0.288992
-0.320424
-0.223986
-0.064609
0.111960
0.244065
0.218973
0.093655
-0.020679
-0.069570
-0.018934
0.035721
0.081533
0.106334
0.096680
0.111139
0.100904
0.086892
0.115564
0.177113
0.209594
0.181339
-0.049236
-0.400384
-0.577568
-0.535044
-0.183151
0.194165
0.365469
0.286035
0.038884
-0.205048
-0.302668
-0.334558
-0.221885
-0.048138
0.112012
0.250401
0.220484
0.101249
0.008419
-0.065543
-0.025856
0.020348
0.063986
0.109670
0.109414
0.116711
0.124618
0.101553
0.128270
0.164018
0.179603
0.175393
-0.049743
-0.346781
-0.539062
-0.512617
-0.192068
0.157265
0.333153
0.289447
0.058889
-0.170767
-0.278696
-0.327051
-0.221680
-0.061090
0.117641
0.250718
0.219418
0.109771
-0.002413
-0.060873
-0.010665
0.037203
0.079632
0.107308
0.098262
0.113379
0.120614
0.115727
0.136171
0.175456
0.188731
0.170358
-0.016449
-0.308392
-0.530431
-0.519915
-0.239853
0.125006
0.337390
0.304253
0.090232
-0.138289
-0.262190
-0.300687
-0.232473
-0.072454
0.093243
0.230730
0.233592
0.130288
0.028093
-0.023722
-0.008380
0.034697
0.060573
0.087338
0.098651
0.119060
0.142278
0.138691
0.152249
0.187484
0.191392
0.183017
0.022257
-0.268477
-0.497140
-0.536564
-0.290181
0.080283
0.326945
0.340110
0.148884
-0.096814
-0.242236
-0.308619
-0.270880
-0.119197
0.057342
0.229662
0.276484
0.170695
0.046680
-0.034773
-0.024560
0.020764
0.048229
0.084480
0.105872
0.124498
0.150665
0.127432
0.133271
0.158305
0.181966
0.192199
0.098515
-0.173003
-0.426752
-0.557986
-0.379052
-0.035059
0.263520
0.350056
0.210033
-0.027807
-0.197169
-0.295021
-0.278179
-0.166483
0.009045
0.166163
0.255802
0.193486
0.087241
-0.019260
-0.023783
-0.012460
0.032331
0.058421
0.096561
0.110683
0.150039
0.124963
0.132072
0.135800
0.180482
0.187551
0.136927
-0.106638
-0.385486
-0.563195
-0.452769
-0.132724
0.214945
0.353856
0.268737
0.024943
-0.188774
-0.301970
-0.297276
-0.224075
-0.036392
0.127731
0.254144
0.224244
0.110786
-0.019151
-0.052969
-0.037658
0.024660
0.047065
0.084490
0.090984
0.116725
0.122188
0.135656
0.128020
0.188987
0.177897
0.158552
-0.064685
-0.338103
-0.522228
-0.493723
-0.223734
0.110019
0.285154
0.283570
0.092224
-0.119240
-0.263343
-0.307655
-0.267610
-0.116367
0.056691
0.205060
0.224491
0.150153
0.012503
-0.048862
-0.045202
-0.008376
0.024422
0.053644
0.064891
0.100445
0.117362
0.124715
0.128142
0.152166
0.167618
0.148170
0.039075
-0.246772
-0.485601
-0.562523
-0.379628
-0.014620
0.271542
0.331030
0.184077
-0.074725
-0.256376
-0.328351
-0.299718
-0.169465
-0.009236
0.144921
0.230739
0.166238
0.071494
-0.041443
-0.061427
-0.039718
-0.000991
0.031998
0.061540
0.072333
0.111089
0.112249
0.126944
0.134641
0.157394
0.149922
0.101356
-0.142611
-0.410792
-0.564864
-0.465594
-0.139936
0.193055
0.326835
0.246311
0.006880
-0.211911
-0.323225
-0.322553
-0.235305
-0.054426
0.101109
0.226124
0.202093
0.098344
-0.021921
-0.070990
-0.048003
-0.004277
0.024931
0.061141
0.069519
0.098428
0.120617
0.117408
0.126763
0.149054
0.153286
0.147722
-0.028351
-0.316608
-0.526635
-0.543087
-0.271310
0.092212
0.314650
0.310178
0.102842
-0.141456
-0.289760
-0.322772
-0.257643
-0.127884
0.045142
0.176002
0.219052
0.159208
0.036004
-0.049314
-0.051430
-0.030977
0.020832
0.047406
0.072118
0.090345
0.117117
0.124287
0.144841
0.159466
0.175414
0.155446
0.074377
-0.194722
-0.434804
-0.556664
-0.399986
-0.066156
0.240925
0.338958
0.229136
-0.017855
-0.210990
-0.316852
-0.300860
-0.195955
-0.016154
0.136917
0.240993
0.197959
0.105236
-0.014521
-0.046823
-0.042218
0.004913
0.038093
0.084152
0.092990
0.126897
0.121994
0.138430
0.145739
0.180266
0.178738
0.143043
-0.071245
-0.357392
-0.537083
-0.488729
-0.187711
0.168920
0.343303
0.306438
0.083325
-0.158701
-0.295623
-0.319943
-0.243503
-0.066983
0.100872
0.238115
0.239345
0.145223
0.019787
-0.056899
-0.054048
-0.002142
0.047929
0.093856
0.102729
0.111282
0.124876
0.133973
0.143730
0.175905
0.186209
0.178379
0.057635
-0.216438
-0.459323
-0.544007
-0.346143
0.017304
0.296591
0.356260
0.196803
-0.061485
-0.240710
-0.311072
-0.273943
-0.140597
0.036530
0.180608
0.249803
0.181077
0.071470
-0.026923
-0.029359
-0.004557
0.035090
0.064913
0.088143
0.098489
0.128514
0.129991
0.150602
0.168982
0.191564
0.180636
0.118015
-0.086819
-0.337017
-0.507052
-0.451217
-0.172445
0.158256
0.330053
0.299577
0.080808
-0.142285
-0.281473
-0.306065
-0.227586
-0.052778
0.106443
0.242961
0.234964
0.142980
0.023601
-0.035678
-0.032419
0.004902
0.040085
0.091957
0.095488
0.129229
0.135324
0.139946
0.144992
0.172451
0.179283
0.178696
0.033929
-0.235072
-0.461710
-0.513920
-0.312492
0.040569
0.283609
0.343070
0.176213
-0.064259
-0.234245
-0.301675
-0.274885
-0.117622
0.038071
0.203069
0.247135
0.175723
0.065611
-0.027730
-0.033717
-0.002700
0.022688
0.077630
0.095099
0.118756
0.147731
0.128283
0.133820
0.143257
0.170708
0.195766
0.124938
-0.119668
-0.388305
-0.551173
-0.434743
-0.087345
0.228235
0.366382
0.254113
0.007582
-0.200457
-0.302787
-0.301209
-0.180702
-0.018141
0.150816
0.248444
0.200305
0.101174
-0.011985
-0.043132
-0.019601
0.016808
0.067234
0.095321
0.110601
0.126778
0.115700
0.123759
0.147843
0.171837
0.185985
0.150263
-0.039557
-0.303809
-0.490238
-0.482284
-0.219088
0.104344
0.301429
0.286639
0.104108
-0.113650
-0.260907
-0.326038
-0.257694
-0.089563
0.090931
0.237242
0.227975
0.123108
0.014364
-0.053864
-0.036159
0.005154
0.044897
0.089947
0.102775
0.122690
0.125666
0.105465
0.117667
0.143601
0.166251
0.171971
0.036263
-0.208655
-0.444799
-0.516743
-0.335894
-0.002275
0.252742
0.308309
0.157910
-0.063787
-0.229487
-0.310439
-0.285384
-0.138097
0.026064
0.192815
0.236817
0.150796
0.033516
-0.047285
-0.056499
-0.008322
0.041686
0.086453
0.099525
0.104215
0.106611
0.093632
0.100738
0.131313
0.161982
0.173753
0.095275
-0.130081
-0.407664
-0.534193
-0.423014
-0.108861
0.196959
0.305022
0.211183
-0.010022
-0.193619
-0.298694
-0.317515
-0.188141
-0.015025
0.157650
0.241992
0.167502
0.052278
-0.038221
-0.059593
-0.012970
0.025373
0.073293
0.104728
0.104300
0.121583
0.081243
0.076072
0.097513
0.146287
0.188045
0.134803
-0.061568
-0.329965
-0.517509
-0.461695
-0.202055
0.101299
0.280519
0.236233
0.060967
-0.134429
-0.274906
-0.323884
-0.234305
-0.076927
0.107628
0.219180
0.203868
0.097497
-0.004953
-0.054335
-0.031806
0.009224
0.058203
0.088647
0.114855
0.121035
0.109006
0.092027
0.099383
0.139399
0.170512
0.132609
-0.032553
-0.317724
-0.493357
-0.475371
-0.214251
0.097017
0.267629
0.249099
0.070256
-0.133153
-0.262031
-0.333710
-0.238759
-0.082535
0.101144
0.225950
0.194099
0.096682
0.006567
-0.050764
-0.014308
0.008600
0.060044
0.099775
0.124150
0.139361
0.109412
0.077620
0.089189
0.127121
0.177789
0.161849
-0.020389
-0.318909
-0.514567
-0.486621
-0.216552
0.113111
0.291706
0.244981
0.062677
-0.136505
-0.266308
-0.325073
-0.230069
-0.074121
0.114443
0.241575
0.206897
0.095178
0.006680
-0.052169
-0.013867
0.015798
0.062396
0.115237
0.149032
0.151755
0.114826
0.062771
0.082436
0.130028
0.178190
0.154172
-0.063606
-0.341495
-0.498963
-0.445314
-0.159333
0.137762
0.268101
0.221223
0.031138
-0.133791
-0.261405
-0.311148
-0.203119
-0.058547
0.133799
0.248166
0.184298
0.091260
-0.006488
-0.045673
-0.009254
0.021651
0.075672
0.124785
0.150414
0.151867
0.088550
0.059654
0.077928
0.141931
0.191107
0.148175
-0.080718
-0.362129
-0.516596
-0.422190
-0.124877
0.165596
0.274475
0.194511
0.002639
-0.152794
-0.269330
-0.290047
-0.182754
-0.026336
0.156801
0.236090
0.167675
0.072787
-0.018145
-0.040779
-0.002270
0.030848
0.096229
0.142421
0.159626
0.136870
0.080631
0.055707
0.097553
0.144323
0.187414
0.092584
-0.175661
-0.399713
-0.500189
-0.340467
-0.032624
0.197252
0.270403
0.149342
-0.046610
-0.187581
-0.301559
-0.276114
-0.138074
0.014524
0.192044
0.231012
0.147200
0.056785
-0.035462
-0.036152
0.004700
0.043089
0.116255
0.143559
0.163549
0.132509
0.071145
0.057037
0.110454
0.159551
0.192335
0.039396
-0.248417
-0.481653
-0.513541
-0.266917
0.077124
0.279555
0.277701
0.083912
-0.125462
-0.247917
-0.311028
-0.245283
-0.089832
0.070759
0.222224
0.219531
0.126517
0.021561
-0.048740
-0.025290
0.017639
0.059319
0.119095
0.133665
0.144606
0.109727
0.064045
0.078243
0.141719
0.195814
0.199352
-0.032884
-0.353976
-0.553776
-0.503710
-0.173920
0.185007
0.335793
0.266554
0.026913
-0.181133
-0.287850
-0.327875
-0.223403
-0.046290
0.131538
0.265218
0.207193
0.082068
-0.020982
-0.065240
-0.004591
0.044446
0.078045
0.124510
0.128980
0.138492
0.108078
0.067489
0.092609
0.159324
0.200249
0.158110
-0.135302
-0.420071
-0.547353
-0.411157
-0.050402
0.235453
0.310859
0.185274
-0.045161
-0.205080
-0.278316
-0.296880
-0.173886
-0.019841
0.151532
0.247731
0.181820
0.064668
-0.030095
-0.053045
0.011552
0.052763
0.092451
0.104613
0.112684
0.119485
0.109242
0.089923
0.126027
0.164058
0.185376
0.107734
-0.169642
-0.445022
-0.538248
-0.364361
-0.019698
0.254979
0.303386
0.165407
-0.064696
-0.221766
-0.291221
-0.291624
-0.155376
0.014205
0.161995
0.246683
0.165943
0.052361
-0.027088
-0.042933
-0.003273
0.040019
0.072996
0.116958
0.133300
0.146243
0.116552
0.074811
0.110828
0.163401
0.181373
0.093341
-0.203799
-0.449279
-0.523520
-0.339993
0.007739
0.264530
0.295477
0.167165
-0.081940
-0.227949
-0.293139
-0.281112
-0.141097
0.021890
0.166058
0.241161
0.154000
0.058565
-0.033678
-0.036878
0.006504
0.039913
0.070979
0.096101
0.095673
0.132676
0.120464
0.124073
0.141785
0.160267
0.152612
0.079029
-0.176935
-0.411911
-0.514988
-0.358041
-0.026323
0.240610
0.306387
0.176667
-0.057295
-0.215815
-0.292527
-0.282263
-0.150685
0.008944
0.162367
0.243974
0.156908
0.052035
-0.032724
-0.039769
0.005339
0.036739
0.066547
0.090603
0.103618
0.131684
0.116570
0.112159
0.139663
0.169737
0.168431
0.108302
-0.153202
-0.400360
-0.515948
-0.388459
-0.066134
0.215295
0.302857
0.204388
-0.019947
-0.191450
-0.279977
-0.287243
-0.174834
-0.014171
0.128369
0.238493
0.179582
0.089264
-0.009255
-0.039142
-0.007870
0.030217
0.057633
0.093706
0.092441
0.128195
0.125131
0.121259
0.140079
0.168112
0.163838
0.131799
-0.104655
-0.363956
-0.525548
-0.427830
-0.115955
0.200721
0.320429
0.238873
0.007198
-0.175421
-0.281886
-0.297041
-0.207755
-0.037283
0.115609
0.241053
0.202582
0.108606
-0.005678
-0.042265
-0.022519
0.026410
0.058126
0.097102
0.103767
0.135459
0.134562
0.127998
0.114552
0.144990
0.159342
0.146821
-0.049483
-0.322531
-0.498946
-0.456642
-0.167355
0.148615
0.305666
0.252629
0.052477
-0.143540
-0.252893
-0.296856
-0.230589
-0.063534
0.092876
0.232930
0.217265
0.109826
0.014255
-0.034634
-0.014593
0.020702
0.043068
0.085521
0.102130
0.132885
0.135427
0.118560
0.123617
0.149923
0.170254
0.150615
-0.048522
-0.319303
-0.509714
-0.475378
-0.184417
0.151166
0.320656
0.274882
0.060276
-0.150012
-0.267543
-0.305381
-0.233120
-0.078704
0.093005
0.237991
0.223149
0.121638
0.003107
-0.045380
-0.025278
0.011245
0.047479
0.080864
0.095320
0.139229
0.128283
0.116567
0.123972
0.139026
0.158957
0.153512
-0.013321
-0.270111
-0.466357
-0.477596
-0.241348
0.068504
0.271270
0.267824
0.108121
-0.098369
-0.230615
-0.310779
-0.254276
-0.115079
0.060846
0.208854
0.221983
0.133126
0.030010
-0.042727
-0.028778
-0.007183
0.030815
0.083422
0.111728
0.141585
0.145426
0.101029
0.103136
0.128508
0.162755
0.169319
0.028100
-0.248485
-0.476659
-0.516864
-0.283709
0.051559
0.286555
0.295697
0.122558
-0.099912
-0.243166
-0.329547
-0.273041
-0.119818
0.060591
0.227362
0.234798
0.131161
0.015401
-0.054660
-0.029097
0.020423
0.058970
0.097636
0.102798
0.131222
0.131952
0.109368
0.118400
0.137408
0.160663
0.142346
-0.011831
-0.271604
-0.457436
-0.479619
-0.234105
0.066167
0.269105
0.258671
0.082315
-0.116489
-0.235828
-0.304864
-0.232838
-0.101703
0.062195
0.204317
0.208975
0.127122
0.029826
-0.039421
-0.017962
0.011474
0.057821
0.089611
0.100895
0.125856
0.127435
0.109733
0.115699
0.131139
0.151049
0.143935
0.012974
-0.234307
-0.433846
-0.476231
-0.269375
0.023229
0.242307
0.259215
0.122013
-0.077658
-0.214120
-0.310687
-0.251112
-0.130770
0.060081
0.215743
0.225037
0.132551
0.028695
-0.046476
-0.021551
0.003056
0.053084
0.089556
0.124048
0.156176
0.137046
0.094241
0.094736
0.117166
0.174525
0.178535
0.005147
-0.268737
-0.477273
-0.497023
-0.258355
0.071075
0.266047
0.263130
0.098315
-0.104155
-0.233383
-0.317867
-0.246359
-0.116724
0.067072
0.221935
0.214672
0.131768
0.036263
-0.043393
-0.016035
0.007433
0.048272
0.100883
0.123388
0.151120
0.128984
0.077154
0.087209
0.111093
0.171698
0.175504
-0.012556
-0.283482
-0.493015
-0.499528
-0.231128
0.089163
0.277996
0.257591
0.070104
-0.111684
-0.265768
-0.319683
-0.232887
-0.099608
0.104404
0.227560
0.212530
0.124045
0.012153
-0.046403
-0.020388
0.005065
0.072564
0.110585
0.151523
0.152440
0.112241
0.064329
0.080208
0.147721
0.187479
0.147760
-0.098920
-0.399526
-0.541540
-0.431837
-0.116864
0.185974
0.295790
0.206172
-0.003275
-0.174434
-0.300557
-0.325839
-0.196872
-0.039494
0.153559
0.246369
0.180015
0.080797
-0.011903
-0.046523
-0.002104
0.032451
0.090080
0.126392
0.146427
0.141674
0.102626
0.064088
0.110887
0.156160
0.199377
0.073687
-0.222673
-0.475916
-0.554083
-0.323674
0.031032
0.261219
0.286806
0.110112
-0.100069
-0.229396
-0.332772
-0.268890
-0.138497
0.042787
0.221940
0.229306
0.138891
0.036422
-0.050482
-0.024982
0.004149
0.061427
0.116691
0.139976
0.161154
0.122184
0.060729
0.082337
0.122043
0.185486
0.190602
-0.035788
-0.320399
-0.531161
-0.496688
-0.182956
0.132708
0.297895
0.235314
0.020778
-0.147507
-0.284880
-0.322090
-0.218312
-0.080811
0.124900
0.237042
0.195156
0.111402
0.001902
-0.039334
-0.006700
0.017457
0.075623
0.117239
0.150133
0.156070
0.102109
0.083352
0.097385
0.156811
0.200248
0.119385
-0.166102
-0.451321
-0.558297
-0.391414
-0.024151
0.246073
0.296166
0.152381
-0.068467
-0.222319
-0.322512
-0.300156
-0.169333
0.008645
0.194728
0.248044
0.163017
0.063395
-0.032596
-0.042102
-0.002228
0.034540
0.110479
0.155743
0.180729
0.146582
0.080437
0.051312
0.098634
0.163746
0.212260
0.019813
-0.287106
-0.530963
-0.527227
-0.230950
0.111634
0.300239
0.257582
0.045688
-0.130468
-0.276599
-0.333688
-0.245828
-0.100408
0.096900
0.239970
0.210246
0.131368
0.017691
-0.031967
-0.014952
0.009833
0.068600
0.124155
0.161614
0.172800
0.108644
0.055760
0.082192
0.158891
0.228115
0.144793
-0.174250
-0.467512
-0.588752
-0.391992
-0.017458
0.263952
0.312867
0.169806
-0.064395
-0.216796
-0.335374
-0.319534
-0.176594
0.006368
0.210082
0.269248
0.168804
0.057796
-0.045121
-0.050837
-0.008899
0.037532
0.110953
0.158004
0.169655
0.142083
0.070392
0.051723
0.126388
0.185692
0.220138
0.039573
-0.279808
-0.515061
-0.532859
-0.253068
0.093409
0.291450
0.279109
0.083145
-0.115434
-0.246674
-0.343392
-0.264485
-0.129208
0.079210
0.246493
0.238159
0.142466
0.022517
-0.056000
-0.030630
-0.008892
0.062380
0.120785
0.163459
0.177626
0.129518
0.074956
0.087936
0.139821
0.209170
0.167070
-0.100619
-0.397815
-0.561315
-0.449726
-0.094453
0.215096
0.333837
0.224998
-0.009461
-0.193445
-0.305324
-0.339976
-0.218506
-0.047698
0.157849
0.268373
0.209419
0.092199
-0.013228
-0.049263
-0.008131
0.011021
0.077570
0.125140
0.163831
0.166147
0.112559
0.067537
0.130206
0.171507
0.220404
0.098953
-0.222555
-0.476327
-0.551742
-0.348702
0.022633
0.271159
0.316421
0.157563
-0.069783
-0.217870
-0.324784
-0.322488
-0.169722
-0.003845
0.216492
0.274224
0.184303
0.061973
-0.043003
-0.052243
-0.005370
0.027439
0.101998
0.135597
0.166097
0.148844
0.099014
0.077264
0.137704
0.177308
0.216467
0.026630
-0.275802
-0.510544
-0.516344
-0.254462
0.100788
0.291573
0.282246
0.092539
-0.115586
-0.237367
-0.316556
-0.276109
-0.125088
0.044852
0.227991
0.244680
0.149727
0.030823
-0.041071
-0.025792
0.017446
0.043552
0.091077
0.107760
0.156725
0.157660
0.114548
0.097913
0.128824
0.163660
0.199999
0.007428
-0.299729
-0.529141
-0.519504
-0.218521
0.154613
0.327819
0.280655
0.052677
-0.155611
-0.273698
-0.280287
-0.194047
-0.046251
0.027785
0.069842
0.136256
0.106178
0.107294
0.071950
0.028231
0.022210
0.018636
0.031869
0.049325
0.090135
0.167111
0.185185
0.192432
0.213456
0.156684
0.131664
-0.081695
-0.374933
-0.517932
-0.472189
-0.153594
0.185791
0.317525
0.260048
0.043596
-0.163130
-0.272548
-0.304212
-0.203531
-0.058986
0.057465
0.119738
0.150280
0.100399
0.074147
0.037608
0.031219
0.024832
0.035697
0.025913
0.030167
0.077181
0.151773
0.184285
0.204516
0.199468
0.176587
0.125860
-0.008455
-0.318104
-0.493374
-0.505756
-0.229143
0.104946
0.316642
0.269464
0.103591
-0.127256
-0.235569
-0.294578
-0.207507
-0.132704
0.018439
0.149534
0.200044
0.163146
0.094662
-0.010093
-0.009318
-0.018457
0.025399
0.038073
0.073507
0.101751
0.144609
0.147147
0.174803
0.165048
0.194462
0.149728
0.052291
-0.249591
-0.464846
-0.517820
-0.294254
0.031670
0.282319
0.293026
0.161390
-0.067165
-0.206922
-0.301951
-0.250748
-0.139603
0.034536
0.096836
0.149124
0.126373
0.090725
0.043867
0.024607
-0.005039
0.018691
0.027990
0.053243
0.055769
0.113127
0.157414
0.193448
0.203332
0.201427
0.141386
0.080514
-0.182760
-0.413730
-0.515565
-0.374422
-0.049336
0.241812
0.308492
0.214608
-0.017055
-0.191604
-0.291903
-0.269888
-0.152824
-0.056238
0.076338
0.180113
0.156826
0.143273
0.033902
-0.015254
-0.015622
-0.006031
0.022522
0.040265
0.058555
0.144931
0.159707
0.195878
0.172365
0.149828
0.149289
0.119822
-0.055330
-0.312582
-0.510059
-0.466181
-0.193280
0.143122
0.316665
0.256095
0.066084
-0.135757
-0.275143
-0.277839
-0.243028
-0.109731
0.054497
0.178972
0.212422
0.148758
0.044429
-0.025295
-0.034813
-0.014210
0.007167
0.038793
0.078204
0.112778
0.151040
0.155889
0.154110
0.157886
0.155919
0.133231
0.025354
-0.242158
-0.435039
-0.490259
-0.296323
0.013497
0.244647
0.286570
0.150752
-0.067327
-0.228062
-0.302988
-0.264716
-0.167032
-0.001720
0.134929
0.208563
0.165247
0.073267
-0.022570
-0.028942
-0.030271
0.005675
0.017064
0.051514
0.091906
0.149256
0.160182
0.160125
0.140998
0.146602
0.128337
0.087314
-0.145812
-0.375358
-0.503679
-0.385738
-0.102199
0.202289
0.295012
0.216222
-0.006444
-0.191439
-0.301087
-0.272358
-0.211261
-0.051227
0.093970
0.206110
0.191259
0.115717
-0.005267
-0.038402
-0.040409
-0.000778
0.015381
0.056013
0.078300
0.124394
0.135768
0.148067
0.124276
0.152009
0.139550
0.128101
-0.030426
-0.277434
-0.465196
-0.465052
-0.245993
0.076885
0.269987
0.276391
0.104387
-0.105888
-0.253749
-0.295455
-0.256603
-0.122370
0.025327
0.172320
0.211216
0.155939
0.037527
-0.035368
-0.048878
-0.018865
0.016459
0.049015
0.072036
0.117882
0.143033
0.138582
0.130260
0.138149
0.140477
0.157259
0.070808
-0.176850
-0.419365
-0.525688
-0.358202
-0.014409
0.261562
0.326121
0.178629
-0.058129
-0.226881
-0.303739
-0.278954
-0.177375
-0.015211
0.156771
0.234597
0.191343
0.079858
-0.030198
-0.041971
-0.028239
0.010597
0.045909
0.082385
0.122847
0.152929
0.134210
0.124820
0.124260
0.154915
0.160752
0.116142
-0.118940
-0.378340
-0.498502
-0.390275
-0.081846
0.203049
0.295341
0.202935
0.005225
-0.172559
-0.269447
-0.292666
-0.204285
-0.046328
0.122942
0.231408
0.187735
0.095976
-0.000955
-0.031541
-0.015676
0.007601
0.034747
0.079243
0.113480
0.143785
0.136096
0.125493
0.132549
0.148840
0.167946
0.144788
-0.062973
-0.307279
-0.475945
-0.429858
-0.159152
0.138793
0.290592
0.250302
0.064371
-0.124329
-0.254929
-0.291369
-0.246095
-0.094227
0.076311
0.219276
0.220227
0.140356
0.018466
-0.031718
-0.032239
-0.006159
0.022629
0.074765
0.101724
0.142883
0.143451
0.142686
0.132536
0.156283
0.156377
0.161361
-0.000807
-0.260631
-0.468812
-0.478469
-0.239590
0.100321
0.285804
0.282430
0.095582
-0.109838
-0.250613
-0.291294
-0.263621
-0.128287
0.026483
0.195733
0.223049
0.160766
0.044537
-0.030285
-0.039161
-0.009562
0.006796
0.067066
0.092410
0.133524
0.143542
0.142833
0.132206
0.156703
0.163936
0.169877
0.046022
-0.196776
-0.442276
-0.506636
-0.314795
0.016198
0.255124
0.300653
0.147269
-0.066151
-0.226870
-0.291353
-0.286870
-0.167305
-0.001137
0.165367
0.234985
0.173744
0.055735
-0.027527
-0.040997
-0.010201
0.018742
0.050077
0.078437
0.103368
0.128174
0.126742
0.130030
0.151352
0.156848
0.162925
0.119520
-0.110774
-0.358910
-0.499206
-0.410129
-0.118119
0.183415
0.302133
0.232021
0.019319
-0.172418
-0.286621
-0.296558
-0.219740
-0.056874
0.097578
0.221169
0.188425
0.107302
-0.003010
-0.035231
-0.027487
0.000875
0.022852
0.076626
0.096810
0.138431
0.132709
0.124541
0.126443
0.168174
