-0.227631
-0.181450
-0.011593
0.071326
0.022008
-0.095195
-0.142239
-0.041621
0.070565
0.132070
0.086134
0.015108
0.021650
0.073209
0.125859
0.068149
0.106178
0.153371
0.219702
0.088183
0.014013
0.004942
0.149171
0.198881
0.144340
0.028647
-0.017763
0.025257
0.038656
0.038756
0.027645
0.012157
0.034231
0.017238
0.039468
0.016144
0.098002
0.072516
0.097590
0.033607
0.115790
0.134215
0.154189
0.100108
-0.037352
-0.062789
-0.080037
-0.041776
-0.133157
-0.098287
-0.087705
-0.000786
-0.087174
-0.131370
-0.214708
-0.136535
-0.053966
-0.016484
-0.053887
-0.107483
-0.138829
-0.082639
-0.011583
0.066115
0.055383
-0.005789
-0.022880
0.069553
0.117235
0.144942
0.066783
0.042442
0.113349
0.227777
0.137841
0.113931
0.071420
0.154724
0.119738
0.064832
0.071866
0.027323
0.043185
-0.021855
0.002709
0.045189
0.013917
-0.041537
-0.033262
0.094120
0.169773
0.112549
-0.060161
0.018996
0.106713
0.183207
-0.053422
-0.172002
-0.213097
-0.069042
-0.069411
-0.101100
-0.127418
-0.049965
-0.011364
-0.104397
-0.179439
-0.219555
-0.126079
-0.077166
-0.035153
-0.047453
-0.051922
-0.037558
-0.034409
0.005762
0.002705
0.059496
0.042141
0.055299
0.030381
0.109416
0.111386
0.135357
0.062386
0.066652
0.036405
0.114443
0.132551
0.106772
0.110690
0.049442
0.011169
-0.015588
-0.019514
0.007379
0.015034
0.065789
0.022441
-0.075569
-0.042703
-0.036259
0.131351
0.092586
0.066060
-0.039005
0.015514
0.137870
0.182144
0.203131
0.041424
-0.087976
-0.199640
-0.156963
-0.063328
-0.055801
-0.046618
-0.104352
-0.092294
-0.161024
-0.190300
-0.205478
-0.146855
-0.072512
-0.042609
-0.083482
-0.146088
-0.135123
-0.099234
-0.015496
-0.001631
0.049222
0.010982
-0.000817
-0.044176
0.050114
0.053092
0.154446
0.132432
0.105922
0.109654
0.018285
0.133750
0.092520
0.159938
0.024479
0.023769
0.054655
0.066363
0.045654
-0.044257
0.009383
-0.061013
0.043460
-0.024564
0.034078
-0.069657
-0.009056
0.000807
0.087208
0.129135
0.085952
0.063343
-0.033871
-0.091694
-0.224578
-0.193574
-0.138205
-0.025349
-0.057267
-0.087115
-0.115217
-0.161030
-0.188241
-0.222348
-0.143478
-0.066518
-0.004402
-0.087290
-0.144465
-0.167771
-0.053091
0.002334
0.051231
-0.000388
0.006738
0.015789
0.062048
-0.016494
-0.045135
0.050333
0.147978
0.221920
0.042743
0.067083
-0.011197
0.104843
0.059619
0.051293
0.012857
0.091334
-0.021328
-0.013418
-0.109721
0.057549
0.022382
0.007315
-0.043553
-0.054127
-0.014739
-0.066586
-0.038641
0.037868
0.123071
0.087947
0.057338
0.045606
0.139497
0.144719
-0.079168
-0.244757
-0.282178
-0.074887
-0.015015
-0.059325
-0.160152
-0.148210
-0.085077
-0.135988
-0.218849
-0.248639
-0.115234
-0.035083
-0.041073
-0.158021
-0.173303
-0.095199
-0.038250
-0.015780
-0.025824
0.056467
0.023548
0.017349
-0.067347
0.025238
0.095384
0.185816
0.104234
0.039021
0.032488
0.080695
0.135898
0.056157
0.087487
0.102589
0.079891
0.028642
-0.070934
-0.076854
-0.026907
0.009338
0.058152
-0.018174
0.004309
-0.054409
0.021864
-0.008162
-0.029374
0.025314
0.097996
0.204719
0.116765
-0.067886
-0.267906
-0.270847
-0.171784
-0.042397
0.020734
-0.021657
-0.112160
-0.177635
-0.198369
-0.167579
-0.139169
-0.135087
-0.095198
-0.071768
-0.066533
-0.106014
-0.092363
-0.072272
-0.009183
0.016219
0.032188
-0.035957
-0.012403
-0.012358
0.073438
0.075902
0.102623
0.095161
0.040342
-0.001109
0.043474
0.105677
0.120336
0.090982
-0.018347
0.024559
0.027581
0.075271
-0.026341
0.000696
-0.005260
0.026446
0.020462
-0.047130
-0.057039
-0.042336
0.059305
0.012918
0.035115
-0.013692
0.074603
0.093608
0.166447
0.106113
0.027039
-0.095675
-0.187461
-0.224022
-0.118162
-0.040927
0.061320
-0.045990
-0.149276
-0.265708
-0.254555
-0.137207
-0.059910
-0.033296
-0.090951
-0.100329
-0.139359
-0.121702
-0.094167
-0.038167
0.046951
0.065303
0.035536
-0.025644
-0.064666
-0.004543
0.108774
0.154015
0.073258
0.041108
0.047225
0.083574
0.101195
0.069824
0.046760
0.102722
0.101042
0.024262
-0.018646
-0.012260
0.058963
0.050427
0.039967
-0.034656
-0.009091
-0.004337
0.011596
-0.055984
0.047719
0.116492
0.088458
0.014901
-0.035800
0.155843
0.134432
-0.002692
-0.249153
-0.256996
-0.138503
-0.032641
-0.059125
-0.109220
-0.056698
-0.068944
-0.162129
-0.266281
-0.181544
-0.076940
-0.003333
-0.068360
-0.099663
-0.064639
-0.068998
-0.074963
-0.078022
0.043550
0.133137
0.076374
-0.048232
-0.080916
0.090884
0.128917
0.144867
0.018581
0.045370
0.091019
0.147049
0.055951
-0.071300
0.011245
0.127517
0.195298
0.029339
-0.078386
-0.049006
0.078917
0.058589
-0.037573
-0.061159
0.003235
0.068557
0.037692
-0.044756
-0.029996
0.035513
0.092969
0.055471
0.037597
0.152893
0.158107
0.111661
-0.147300
-0.251094
-0.217352
-0.098269
-0.008980
-0.014964
-0.005257
-0.084055
-0.158393
-0.255746
-0.201947
-0.109034
-0.015672
-0.042346
-0.077726
-0.076676
-0.058705
-0.064500
-0.060290
-0.018483
0.061555
0.102093
0.023491
-0.032801
-0.058599
0.087912
0.116465
0.154372
0.085557
0.010114
0.086000
0.058041
0.077418
0.069882
0.093764
0.157512
0.062722
0.051534
-0.058984
-0.008993
-0.022974
0.052429
0.091181
0.062183
0.046401
-0.025137
0.014406
0.015067
0.071791
0.049789
0.039692
0.063416
0.165836
0.142250
0.027907
-0.180982
-0.201277
-0.175261
-0.076437
-0.054646
-0.059207
-0.059876
-0.080421
-0.138109
-0.189548
-0.157373
-0.086185
-0.057431
-0.076556
-0.070266
-0.051910
-0.032370
-0.064870
-0.022347
0.036154
0.108672
0.068132
0.049257
0.017999
0.015388
0.005306
0.072168
0.189830
0.187089
0.102585
0.014276
0.008048
0.138058
0.100393
0.095272
-0.036826
0.015667
0.046411
0.042387
0.062652
0.049941
0.064790
-0.010551
-0.064065
0.010366
0.067463
0.099159
0.045748
-0.032105
0.043062
0.068074
0.113552
0.048631
0.064110
0.086926
0.085549
-0.046710
-0.149740
-0.104194
-0.070728
-0.037321
-0.018528
-0.037678
-0.066716
-0.118128
-0.161050
-0.142801
-0.096708
-0.018282
-0.040019
-0.073283
-0.041978
-0.036006
0.006024
-0.061155
-0.018553
0.030770
0.053475
0.079403
0.026722
-0.016808
0.031454
0.069558
0.078150
0.081548
0.116133
0.095314
0.048703
0.049899
0.070049
0.081329
0.116865
0.107795
0.053616
0.003285
-0.039080
0.016581
0.108389
0.131505
0.123201
0.031127
-0.001419
-0.028184
-0.032539
-0.010767
0.110134
0.163534
0.175430
0.063375
0.052713
-0.046414
-0.047952
-0.159774
-0.150652
-0.106537
-0.017558
0.017032
-0.074823
-0.120510
-0.152040
-0.116074
-0.067419
-0.102408
-0.078665
-0.071585
0.012806
-0.002096
-0.047609
-0.088849
-0.016331
0.039904
0.089535
0.016857
-0.024110
0.016635
0.074481
0.100394
0.036896
0.067647
0.089015
0.130787
0.080564
0.009632
0.064195
0.047721
0.130404
0.035283
0.068018
0.082245
0.063773
-0.007542
-0.019803
0.036379
0.084340
0.049660
-0.000234
-0.003553
0.056160
0.056336
0.053471
0.011183
0.045944
0.077050
0.077887
0.037119
0.063975
0.098923
0.066732
-0.037365
-0.133362
-0.105383
-0.094117
-0.048156
-0.068351
-0.055136
-0.024970
-0.077539
-0.108570
-0.149907
-0.099680
-0.068415
-0.059520
-0.069512
-0.005988
0.041476
0.032697
-0.039319
-0.069539
-0.005170
0.065541
0.109762
0.025917
-0.013662
0.001128
0.071759
0.148833
0.120231
0.034401
-0.008475
0.025716
0.106744
0.095622
0.118141
0.076062
0.076882
0.012928
-0.014126
-0.037831
0.084537
0.145818
0.108148
0.084138
0.012927
0.004351
0.002071
0.038657
0.102427
0.095327
0.086513
0.043221
0.058242
0.086460
0.039709
0.016149
-0.088547
-0.101844
-0.140385
-0.150340
-0.105655
-0.035548
0.002731
-0.060029
-0.145275
-0.179985
-0.128169
-0.071599
-0.059753
-0.038265
-0.038962
-0.008635
-0.040458
-0.044283
-0.020960
0.034950
0.097315
0.064842
0.009993
0.002623
0.037994
0.089027
0.078519
0.070193
0.078465
0.118273
0.117283
0.046257
-0.019150
0.058945
0.135462
0.100604
0.051816
-0.022512
-0.018289
0.021595
0.017373
0.098496
0.074509
0.095022
-0.011010
-0.053262
-0.018275
0.038055
0.067761
0.017275
0.060573
0.089573
0.084886
0.012453
-0.055105
0.000988
0.075715
0.106953
-0.002335
-0.076057
-0.115960
-0.045261
-0.054180
-0.017426
-0.062261
-0.059522
-0.078757
-0.100975
-0.090826
-0.090958
-0.060058
-0.050698
-0.052665
-0.057513
-0.029813
0.026566
0.023558
-0.025853
-0.051405
-0.010172
0.075975
0.039370
-0.023608
-0.022849
0.046711
0.115242
0.051542
0.001132
0.011249
0.099445
0.059487
0.041703
0.039928
0.097968
0.088778
-0.018129
-0.003215
0.005733
0.142073
0.087281
-0.002305
-0.012618
-0.019689
0.150451
0.031324
0.076018
0.018254
0.083824
0.030039
-0.005578
0.002264
0.036960
0.116425
0.080777
-0.049459
-0.164315
-0.170329
-0.115284
-0.048889
-0.057177
-0.076151
-0.096700
-0.099400
-0.141481
-0.157011
-0.096328
-0.026066
-0.003760
-0.080136
-0.135581
-0.109729
-0.023849
0.020268
0.044842
0.021999
-0.005273
-0.027951
-0.029476
0.021802
0.074277
0.045281
0.055104
0.009402
0.086448
0.066581
-0.012361
-0.054771
0.043950
0.204256
0.151287
-0.004675
-0.113892
-0.073602
0.063961
0.122668
0.084829
0.013986
-0.010035
-0.030097
-0.036358
-0.054749
0.023432
0.079786
0.061221
0.005806
-0.011809
-0.018116
0.012622
0.003273
0.027239
0.040166
0.081958
0.047851
-0.032487
-0.118112
-0.106361
-0.046956
0.026326
0.001237
-0.068561
-0.157507
-0.133188
-0.088497
-0.041782
-0.066319
-0.100898
-0.106063
-0.072447
-0.069358
-0.071858
-0.050470
-0.042412
-0.007540
-0.009014
0.010582
0.001145
-0.047004
-0.003947
-0.004877
0.016860
0.020646
0.020988
0.052130
0.016121
0.056992
0.039164
0.009957
-0.023486
-0.013696
0.083930
0.036307
0.056806
-0.010537
0.017581
0.052313
0.053389
0.040274
0.031696
0.019194
0.039495
0.013547
0.056938
0.027937
0.066885
0.016665
-0.013805
0.048036
0.068268
0.107252
0.020682
-0.025462
-0.114113
-0.141293
-0.132219
-0.137013
-0.116503
-0.103280
-0.076762
-0.055995
-0.107928
-0.138187
-0.162192
-0.114724
-0.081304
-0.047631
-0.046703
-0.066020
-0.060636
-0.052187
-0.036835
0.006283
0.024472
0.014489
-0.044716
-0.031926
-0.003407
0.067896
0.038284
-0.006461
-0.008154
0.043659
0.109362
0.092084
-0.017724
-0.054234
0.006386
0.070259
0.072533
-0.022873
0.006403
0.033669
0.073395
0.022675
-0.076347
-0.032359
0.029462
0.054423
0.006891
-0.077147
-0.009688
0.017669
0.047318
0.014276
-0.000842
0.026488
-0.004580
-0.054966
-0.046921
0.047112
0.071794
0.002372
-0.087451
-0.117284
-0.052560
-0.022153
-0.014525
-0.077124
-0.096659
-0.112648
-0.100401
-0.107526
-0.071469
-0.059156
-0.058979
-0.044935
-0.067474
-0.062270
-0.110806
-0.080858
0.011654
0.053243
0.033849
-0.067820
-0.118890
-0.016780
0.080460
0.037474
0.006794
-0.040874
0.036728
-0.061366
-0.022595
0.001422
0.106651
0.151818
-0.001745
-0.071306
-0.051424
0.043887
0.071265
0.004809
0.002407
0.056852
0.047645
0.034658
-0.007077
0.004455
0.026173
0.059297
0.027949
-0.013698
0.046691
0.053132
0.028055
0.008577
0.010204
0.064157
0.060285
0.064483
-0.088878
-0.136207
-0.157360
-0.067957
-0.066496
-0.118379
-0.111525
-0.078390
-0.048702
-0.105301
-0.144173
-0.134579
-0.054837
-0.019997
-0.098914
-0.104425
-0.057215
0.006107
0.000103
-0.037034
-0.003099
0.042832
0.014494
-0.024976
-0.053476
0.035310
0.030601
-0.005994
0.004353
0.050998
0.117656
0.033590
0.015604
-0.002908
0.038883
0.073453
0.058058
0.045843
0.017211
-0.002112
-0.034697
-0.015425
0.062107
0.091135
0.028826
-0.004540
-0.018236
0.048146
0.016825
-0.005346
-0.005702
0.002463
0.092969
0.071779
0.036540
0.002675
-0.021890
0.024937
0.029318
0.038234
-0.021314
-0.108979
-0.117095
-0.057365
-0.017006
-0.017838
-0.091138
-0.104963
-0.069844
-0.054089
-0.050057
-0.074767
-0.063615
-0.032368
-0.053084
-0.059873
-0.064046
-0.009780
0.048608
0.030457
0.011746
0.004815
-0.017158
0.005992
0.004439
0.038861
0.057503
0.072698
0.038037
-0.018798
-0.022427
0.043362
0.084084
0.086223
-0.001076
0.026684
0.068653
0.075177
0.040324
-0.031560
0.028938
0.095015
0.088975
0.018869
-0.012421
0.046999
0.101013
0.078666
0.019589
0.020637
0.065727
0.136090
0.078072
0.023694
0.037924
0.087873
0.102379
-0.008935
-0.064445
-0.132974
-0.092758
-0.046781
-0.071773
-0.074056
-0.057662
-0.054216
-0.100996
-0.139718
-0.084393
-0.028721
-0.013996
-0.057362
-0.086397
-0.036863
0.001483
0.033885
-0.019713
-0.023164
0.036871
0.045371
0.019264
-0.019859
0.026879
0.088610
0.068116
0.041036
0.015948
0.023453
0.083918
0.081348
0.081265
0.036850
0.069215
0.069947
0.056533
0.039336
0.015573
0.019489
0.064629
0.059161
0.066147
0.049396
0.068857
0.011572
0.023668
-0.015512
0.030657
0.008710
0.029697
0.023502
0.081218
0.096274
0.059584
0.015051
0.018103
0.047169
0.070654
0.017327
-0.031634
-0.069557
-0.082613
-0.022928
0.011924
0.044929
-0.055080
-0.122037
-0.131777
-0.052045
0.025188
-0.028203
-0.049192
-0.069449
-0.026223
-0.040795
-0.030430
-0.016409
0.034645
0.065497
0.041837
-0.003821
-0.040212
0.003685
0.044779
0.034999
0.036415
0.058951
0.086609
0.051306
-0.028283
-0.050724
0.038751
0.081669
0.115226
0.056316
0.006960
0.041198
-0.008553
0.036465
0.048366
0.066311
0.059807
0.042817
0.054707
0.025692
0.045915
0.043760
0.026771
0.059126
0.073271
0.122793
0.090929
0.019604
0.044747
0.025675
0.104523
0.063780
-0.008005
-0.065812
-0.115352
-0.105615
-0.086833
-0.099393
-0.040055
-0.072650
-0.042535
-0.080018
-0.096274
-0.076620
-0.077592
-0.046107
-0.033556
-0.046007
-0.034761
-0.039606
0.014667
0.013665
0.056673
0.038533
0.036304
-0.009538
-0.005110
-0.015228
0.009987
0.056653
0.059518
0.054435
0.022818
0.080553
0.065429
0.033292
0.003323
-0.009729
0.113228
0.070364
0.043681
-0.008235
-0.023890
0.077244
0.033141
0.076027
0.020850
-0.005894
0.047149
0.011281
0.050796
-0.023275
-0.002557
0.077337
0.048775
0.013936
-0.001089
0.017686
0.054415
0.042983
0.061386
0.040763
-0.007320
-0.043336
-0.138301
-0.110499
-0.045648
0.028259
0.037758
-0.064202
-0.092855
-0.141344
-0.101601
-0.034434
-0.008909
-0.015878
-0.058507
-0.090725
-0.047659
-0.005449
0.013355
0.013431
0.041053
0.105208
0.012219
-0.122699
-0.101594
0.017474
0.142502
0.098660
0.044630
-0.023576
0.000838
0.007368
0.028156
0.005329
0.051607
0.066118
0.044889
0.015856
0.003051
0.054700
0.017868
0.029629
0.052273
0.091712
0.037107
-0.037594
-0.018942
0.041433
0.131656
0.074524
0.012156
0.026539
0.048018
0.082092
-0.003032
0.021456
0.077489
0.145036
0.087104
-0.056135
-0.155737
-0.171030
-0.082007
-0.040616
-0.022943
-0.029442
-0.069074
-0.091859
-0.117240
-0.109058
-0.078906
-0.023761
-0.014807
-0.061240
-0.086860
-0.051849
0.009159
0.007688
0.014258
0.013336
0.037545
0.044218
-0.011111
-0.028124
-0.035301
0.056146
0.082679
0.095786
0.042500
-0.007344
-0.003724
0.036645
0.086770
0.053470
0.023549
0.030105
0.011007
0.050614
-0.038450
0.009707
0.055989
0.062400
0.083014
0.021476
0.078535
0.056874
-0.039137
-0.058132
-0.020714
0.151681
0.118607
0.054436
0.015668
0.040355
0.099162
0.007869
-0.029448
-0.045603
0.005115
-0.015901
-0.090331
-0.076456
-0.053405
-0.042045
-0.086447
-0.102229
-0.036615
-0.032144
-0.039029
-0.116564
-0.104275
-0.028670
-0.018362
-0.019029
-0.056683
0.006124
0.073599
0.062116
-0.015553
-0.090973
0.015929
0.133620
0.045440
-0.003570
-0.038842
0.037793
0.082213
0.021820
-0.006785
0.025607
0.105782
0.077544
0.032623
0.033766
0.038903
0.046349
-0.012169
-0.021554
0.050567
0.082546
0.075651
0.011934
0.036666
0.006406
0.017238
0.020310
-0.026635
0.061976
0.103635
0.127410
0.043337
0.000094
0.055078
0.057076
0.132871
0.022304
-0.027114
-0.028324
-0.040242
0.000668
-0.078470
-0.108256
-0.054871
-0.105094
-0.024019
-0.077072
-0.064934
-0.072308
-0.093343
-0.035274
-0.094796
-0.065805
-0.025302
-0.023767
0.020070
0.003314
0.005588
0.006612
-0.013506
-0.000826
0.016426
0.084899
0.027923
0.022279
-0.051851
0.032783
0.114907
0.046959
0.030470
-0.037752
0.065274
0.076046
0.100009
0.040901
-0.007532
0.027946
0.007373
0.032771
0.022622
0.003177
0.054186
0.079294
0.050947
0.008324
-0.011168
0.025405
0.075029
0.047459
0.012876
0.034025
0.063147
0.068897
0.001497
0.015340
0.057411
0.043913
-0.055661
-0.161202
-0.129093
-0.023658
-0.034099
-0.062890
-0.128046
-0.087895
-0.049806
-0.065549
-0.055195
-0.069701
-0.044047
-0.074403
-0.096456
-0.059565
-0.016514
0.044466
0.019527
0.007460
-0.002625
-0.003471
-0.007739
0.000594
0.004658
0.057582
0.027390
-0.012161
0.005317
0.002977
0.058199
0.025672
0.033897
0.029548
0.053114
0.047269
-0.021528
0.003786
0.016744
0.062254
0.006194
0.037581
0.051092
0.019181
0.032599
-0.029300
-0.009928
0.023942
0.056352
0.082716
0.045865
0.012691
0.003677
-0.032911
0.017455
0.046131
0.047567
0.039704
-0.022713
-0.069926
-0.131745
-0.095343
-0.015787
-0.040441
-0.074198
-0.106083
-0.082874
-0.072201
-0.094844
-0.071443
-0.064937
-0.016345
-0.051144
-0.106271
-0.094844
-0.045641
0.039332
0.022597
0.010190
-0.002648
-0.048337
-0.032442
-0.006100
0.046472
0.044534
0.035987
0.017017
0.017378
0.038855
0.013553
-0.021003
-0.048975
0.081550
0.105946
0.041832
-0.013125
-0.045007
0.040918
0.013820
-0.006756
0.038195
0.005722
0.079795
0.001951
-0.063645
-0.013076
0.008129
0.104851
0.111341
0.059522
0.008940
-0.040349
0.016940
0.035542
0.071802
0.053943
0.010250
-0.038689
-0.085649
-0.130299
-0.097466
-0.048087
-0.051619
-0.067806
-0.115401
-0.109421
-0.090000
-0.098985
-0.078984
-0.059580
-0.015329
-0.048208
-0.093422
-0.075458
-0.022409
0.034433
0.038782
-0.009990
-0.004843
-0.048767
-0.021891
-0.027687
0.005914
0.051802
0.022762
0.024814
-0.005673
0.009887
0.010292
0.000372
0.060004
0.091880
0.037660
-0.011329
-0.018762
0.007666
0.028884
0.051028
0.026995
0.050803
0.028785
-0.007076
-0.001641
0.016563
0.056348
0.017848
-0.016111
0.047383
0.048228
0.038855
0.036923
0.019167
0.067380
0.039945
-0.004633
-0.032793
-0.056372
-0.060857
-0.094835
-0.073272
-0.035126
-0.051789
-0.108210
-0.120691
-0.090883
-0.053404
-0.065662
-0.095170
-0.069192
-0.063670
-0.053106
-0.072499
-0.071031
-0.004882
0.044622
0.009049
-0.038808
-0.022913
0.008465
0.009209
-0.003708
-0.024761
0.014667
0.038780
0.032467
0.017178
0.025068
-0.002175
0.011110
0.020611
0.092940
0.055265
0.009095
-0.046870
-0.030100
0.042951
0.072535
0.071081
0.036060
-0.011202
-0.040245
-0.003481
0.002570
0.039087
0.050054
0.051145
0.052536
0.012572
-0.017404
0.006066
0.038847
0.089178
0.033642
0.014432
-0.056080
-0.106279
-0.104057
-0.094932
-0.015830
-0.000086
-0.029565
-0.096527
-0.174025
-0.125473
-0.084816
-0.020589
-0.001716
-0.075264
-0.094125
-0.088165
-0.069423
-0.005212
-0.004535
0.048836
-0.002115
-0.026817
-0.040124
-0.053781
0.072786
0.066848
0.069190
-0.025303
-0.097669
-0.009317
0.043625
0.132106
0.076464
-0.028426
-0.002552
-0.033309
0.043239
0.046418
0.088370
0.113704
-0.002616
-0.009944
-0.060113
-0.010608
0.084038
0.061383
0.077514
0.023354
0.026180
0.038746
-0.041721
0.027015
0.027639
0.137104
0.096812
-0.003920
-0.015787
-0.062110
0.047116
-0.001996
-0.059656
-0.076105
-0.056455
-0.002887
-0.098310
-0.101510
-0.088296
-0.054285
-0.045237
-0.093100
-0.097401
-0.077516
-0.032808
-0.000228
-0.060203
-0.063219
-0.066024
-0.004442
0.024761
0.008452
0.019852
-0.023349
0.047259
0.023598
-0.002384
0.008364
0.037036
0.029532
0.006255
0.014266
0.023994
0.081048
0.069805
0.016967
0.010526
0.027894
0.068566
0.001157
0.026225
0.035888
0.068682
0.047132
0.017608
0.038406
0.020012
0.038173
0.050924
0.046061
0.099487
0.067900
-0.004925
0.005286
0.008132
0.078054
0.073549
0.037743
-0.035962
-0.081358
-0.095343
-0.050541
-0.032913
-0.010188
-0.053935
-0.055554
-0.096134
-0.101092
-0.089209
-0.055955
-0.031296
-0.020256
-0.029548
-0.067555
-0.099911
-0.079831
-0.023427
0.082983
0.070888
0.021254
-0.069658
-0.080770
0.028316
0.047912
0.029143
0.037495
0.026827
0.043494
-0.014176
0.004658
0.043891
0.046522
0.089383
0.037329
0.052585
0.079653
0.002223
-0.008683
-0.017437
0.094886
0.074279
0.025747
-0.021387
0.036403
0.067720
0.055749
0.036298
0.018092
0.027172
0.050932
0.049930
0.042262
0.052304
0.054484
0.016718
0.036052
0.035266
0.032688
-0.047393
-0.104984
-0.096068
-0.043960
0.017745
-0.021650
-0.084704
-0.122455
-0.115935
-0.049689
-0.046852
-0.034740
-0.036075
-0.047601
-0.041883
-0.072288
-0.070308
-0.019363
0.052466
0.088932
0.029369
-0.053791
-0.074242
-0.011084
0.043061
0.076953
0.044271
0.031594
0.010581
0.016647
-0.043984
0.012465
0.119507
0.168987
0.116409
-0.034829
-0.042350
0.024282
0.074255
0.049876
0.034987
0.066018
0.105764
0.017047
-0.074442
-0.046862
0.088234
0.192087
0.110383
-0.027779
-0.035019
-0.024904
0.076642
0.028400
0.056265
0.082693
0.040739
-0.009617
-0.081616
-0.092564
0.009671
0.007734
0.011088
-0.068710
-0.085506
-0.070410
-0.113482
-0.073425
-0.054759
0.019876
0.022656
-0.049707
-0.094560
-0.116767
-0.040193
-0.002003
0.016448
0.051409
0.004799
-0.019539
-0.047490
-0.003414
0.039459
0.058722
0.077896
0.024372
-0.008006
-0.022290
-0.014233
0.033187
0.069126
0.119272
0.127172
0.040629
0.013720
-0.032824
-0.001732
0.066043
0.078876
0.105948
0.054308
0.053685
-0.006398
-0.032925
0.054075
0.072152
0.097797
0.065899
0.001319
0.027247
-0.006957
0.071402
0.048281
0.056882
0.077861
0.004678
-0.008639
-0.063347
-0.058361
-0.044198
-0.046339
0.007333
-0.026034
-0.038208
-0.083177
-0.113398
-0.076458
-0.066374
0.001093
-0.008396
-0.035940
-0.050828
-0.098960
-0.062569
-0.027966
0.034644
0.071688
0.021418
-0.016534
-0.011325
-0.003909
0.005286
0.018015
0.036055
0.064458
0.021685
0.012790
0.010805
0.031028
0.059582
0.064239
0.053989
0.074636
0.058526
-0.036019
-0.034571
0.035740
0.084952
0.092852
0.017927
0.037840
0.047690
0.054762
0.007913
-0.089928
0.018835
0.153544
0.167956
0.044409
-0.089243
-0.032267
0.048987
0.095310
0.027255
0.024415
0.014677
0.036473
-0.054144
-0.097294
-0.080829
-0.035610
0.001613
-0.027314
-0.031909
-0.048068
-0.101595
-0.090586
-0.099817
-0.020411
0.016973
-0.034818
-0.086337
-0.095753
-0.059666
0.010070
0.021023
0.016011
-0.011924
0.022378
-0.005723
0.019720
0.004112
0.001472
0.017042
0.014466
0.028839
0.022040
0.011751
0.026882
-0.016893
0.044423
0.080407
0.075728
0.060510
-0.000265
0.041264
0.010638
-0.012506
0.012760
0.030838
0.062216
0.032317
0.013343
0.028482
0.034342
0.041588
0.001086
0.056779
0.042973
0.047888
0.034416
0.018104
0.030424
0.015611
0.013638
0.028102
0.028790
-0.021272
-0.109385
-0.105350
-0.081650
-0.021036
-0.021680
-0.046410
-0.072399
-0.093780
-0.103081
-0.088872
-0.076556
-0.052087
-0.048034
-0.041918
-0.065699
-0.069143
-0.028675
0.009794
0.033612
-0.002532
-0.044772
-0.039330
0.007074
0.031652
-0.029000
0.003426
0.041435
0.069120
0.000533
-0.048124
0.016007
0.070150
0.103128
0.041943
-0.017863
0.002334
-0.001813
0.027552
0.064583
0.045310
0.039613
-0.037884
-0.017694
0.025415
0.028537
0.100882
-0.012022
-0.012595
-0.003928
0.017680
0.079194
0.002789
0.015991
-0.031900
0.001644
0.038377
0.011745
0.009905
-0.064991
-0.070842
-0.088730
-0.080222
-0.050565
-0.066751
-0.081840
-0.046746
-0.045696
-0.055114
-0.099739
-0.086694
-0.077575
-0.070471
-0.031960
-0.040911
-0.021780
-0.060144
-0.083251
-0.028736
0.043303
0.040519
-0.030617
-0.041267
-0.004535
0.046600
-0.027764
-0.039764
-0.004991
0.044337
0.053390
0.010544
0.001830
-0.023848
0.007387
0.065862
0.077476
0.036259
-0.031661
-0.057542
-0.000978
0.021872
0.081021
0.013744
0.013787
-0.023959
-0.052649
0.009325
-0.014798
0.063633
0.007153
0.002353
0.059972
0.021685
0.022470
-0.043693
-0.021329
0.093648
0.076938
0.020955
-0.142311
-0.172693
-0.075995
-0.013316
0.019890
-0.011219
-0.039759
-0.093655
-0.167351
-0.138755
-0.063108
-0.001717
-0.030441
-0.107182
-0.092460
-0.049491
-0.041927
-0.077199
-0.086085
0.005232
0.063629
0.053127
-0.062731
-0.104893
-0.048213
0.063524
0.065721
-0.012691
-0.048563
0.020165
0.053432
0.024316
-0.014004
0.030193
0.102190
-0.008269
-0.037862
-0.059253
0.041779
0.112588
0.007359
0.036915
0.001614
0.014691
-0.014272
-0.071481
0.044494
0.054778
0.051442
-0.048844
-0.091000
0.075520
0.137413
0.103278
-0.012779
-0.057615
0.031904
-0.002479
-0.007656
-0.035543
-0.004818
0.030402
-0.065229
-0.118269
-0.120624
-0.058710
0.009282
-0.052992
-0.073392
-0.104833
-0.089279
-0.078490
-0.094299
-0.062384
-0.044505
-0.009887
-0.033843
-0.072139
-0.059107
-0.027027
0.002519
0.007191
-0.026576
-0.025164
0.013819
0.043714
0.009654
0.005570
-0.021146
-0.044922
0.000699
0.042514
0.045090
0.047044
0.025431
0.010133
0.012810
-0.001875
0.072486
0.053826
0.048083
0.002458
-0.016666
0.027991
0.040281
0.019792
-0.047553
-0.026505
0.050927
0.062755
0.067183
0.001378
0.042129
-0.009877
-0.001479
0.022257
0.012246
0.052730
0.002521
-0.005676
-0.032759
-0.067907
-0.061631
-0.097419
-0.008684
0.033873
-0.019710
-0.060932
-0.153333
-0.104864
-0.055197
-0.034398
-0.001375
-0.088413
-0.042524
-0.080384
-0.066596
-0.037171
-0.041273
0.046967
-0.006946
0.022210
-0.037693
-0.046472
0.014658
0.026541
0.056668
0.019308
-0.028016
-0.031076
-0.022360
0.051464
0.082091
0.061235
0.032725
-0.009417
0.034885
0.050554
0.046900
0.033633
-0.007049
0.071265
0.046576
-0.029315
-0.082096
0.006795
0.108739
0.134230
0.035147
-0.043289
-0.061111
-0.032104
0.043573
0.086291
0.129145
0.039758
-0.013360
-0.013534
-0.013482
-0.000474
-0.039569
-0.031651
-0.006402
-0.025516
-0.054541
-0.089521
-0.103658
-0.044397
-0.033843
0.004419
-0.027364
-0.086927
-0.123040
-0.109685
-0.023275
-0.008390
-0.017198
-0.032764
-0.041312
-0.012965
0.004475
-0.002486
0.032528
-0.008239
-0.008852
0.038845
-0.000873
0.012082
-0.021151
-0.007436
0.094764
0.037814
0.037649
0.006736
0.050417
0.087119
0.000815
0.001768
0.014579
0.115891
0.096287
-0.053318
-0.054805
0.007851
0.089069
0.094955
0.018431
-0.010236
0.017239
0.036012
0.044404
0.019586
0.067892
0.100014
0.066665
0.015598
-0.035636
0.021457
0.036743
0.052244
-0.006614
-0.046136
-0.057051
-0.070822
-0.064746
-0.044384
-0.004718
0.002923
-0.090046
-0.099096
-0.086173
-0.054779
0.005359
-0.028787
-0.069486
-0.076066
-0.052095
0.019971
-0.029087
-0.010807
-0.005859
0.056480
0.050566
-0.009331
-0.059285
-0.004521
0.037702
0.070262
0.018725
0.047845
0.025948
0.047980
0.055482
0.011102
0.073868
0.071460
0.066401
0.054770
-0.032617
0.011243
0.008887
0.041830
0.106205
0.067496
0.114125
-0.033153
-0.028302
-0.009396
0.024756
0.076645
0.004933
0.030807
0.071471
0.082113
0.083018
-0.034763
0.019603
0.092248
0.051703
0.003466
-0.119642
-0.066086
0.013722
0.012474
-0.015108
-0.083329
-0.040227
-0.006541
-0.037604
-0.107436
-0.095136
-0.028765
0.009475
-0.039423
-0.092538
-0.067266
-0.009160
0.020636
-0.009101
-0.017080
0.009755
-0.008357
-0.013202
0.003029
0.084205
0.096664
0.009605
-0.030173
-0.030591
0.005087
0.059920
0.067627
0.092724
0.085892
0.066823
0.005824
-0.027057
0.017772
0.065872
0.088216
0.070007
0.024456
0.002114
0.018357
0.023777
0.020713
-0.001299
0.077404
0.047028
0.024984
0.025661
0.065826
0.091099
0.017239
0.017131
-0.010958
0.043945
0.051465
-0.019560
-0.020699
-0.029893
-0.036711
-0.026407
-0.063990
-0.012639
-0.014137
-0.057600
-0.057534
-0.087187
-0.039771
-0.046168
-0.048875
-0.025567
-0.035027
-0.000008
-0.035939
-0.063877
-0.063425
-0.028015
0.056020
0.081512
0.017574
-0.043145
-0.054105
0.030961
0.090146
0.014691
-0.016813
0.003612
0.045178
0.055089
-0.015167
0.023553
0.085988
0.126209
0.046546
-0.036786
0.000053
0.051583
0.036921
-0.009355
0.018462
0.116245
0.102396
-0.003832
-0.100424
-0.055774
0.072643
0.113181
0.097252
0.028543
0.008863
0.071893
0.054848
0.013744
-0.000488
0.016482
0.022989
0.017719
-0.015614
-0.071145
-0.069576
-0.051604
-0.010253
-0.029693
-0.024673
-0.038282
-0.090783
-0.084211
-0.089078
-0.012488
-0.015124
-0.067500
-0.079963
-0.071771
0.028645
0.025670
-0.050880
-0.056415
-0.021055
0.080683
0.064338
-0.005284
-0.062310
-0.021643
0.056916
0.095614
0.066332
0.022750
-0.003887
0.033801
0.029364
0.001989
-0.021700
0.024579
0.117589
0.093680
0.047852
-0.053994
-0.029215
0.041784
0.090930
0.074667
0.000274
0.006862
-0.007779
0.006647
0.044541
0.011347
0.061891
0.046452
0.065717
0.010811
-0.028324
-0.002399
0.016242
0.031800
0.025719
-0.027907
-0.038819
-0.036444
-0.049252
-0.029848
-0.034466
0.002431
-0.048908
-0.067565
-0.065757
-0.056837
-0.011255
-0.008780
-0.031711
-0.045967
-0.039853
-0.016089
0.001608
-0.024551
-0.029462
-0.010928
-0.045614
-0.011566
-0.007286
0.064444
0.043500
0.012995
-0.020395
-0.019009
-0.002022
0.027830
-0.008110
-0.007877
0.053961
0.040088
0.059366
0.025831
0.000451
0.006196
0.029330
0.063716
0.078792
0.023667
-0.006958
-0.051472
-0.004439
0.030051
0.026453
0.039997
0.042838
0.015155
-0.025675
-0.013165
0.033728
0.096353
0.062136
0.038194
0.016160
-0.008792
-0.015727
0.045429
0.034817
0.006199
-0.080039
-0.080053
-0.044116
-0.024034
-0.015540
-0.040757
-0.047166
-0.028407
-0.097736
-0.115563
-0.080671
-0.018840
0.019797
-0.028078
-0.068346
-0.072712
-0.073615
-0.027765
-0.015143
-0.006281
0.028112
0.016251
0.023825
-0.011898
-0.054873
-0.005851
0.011334
0.069602
0.004882
0.013335
0.035735
0.040990
0.032453
-0.053532
0.019390
0.051433
0.114904
0.091449
-0.041737
-0.019572
-0.026659
0.066338
0.090774
0.049127
0.030822
-0.055243
-0.005930
0.039578
0.113921
0.071507
-0.003726
-0.024291
0.004554
0.077951
0.055113
0.038770
-0.029446
-0.033127
-0.027900
-0.050669
-0.061805
-0.050906
-0.036020
-0.017026
-0.043372
-0.053346
-0.103368
-0.104705
-0.092972
-0.067418
-0.017677
-0.016204
-0.044680
-0.081348
-0.080897
-0.034953
-0.022853
0.032497
0.022191
-0.000026
-0.044480
-0.078472
-0.025341
0.047419
0.079863
0.053882
0.044262
-0.008549
-0.004822
0.005000
0.001657
0.067635
0.067466
0.042692
-0.021538
-0.034965
0.066453
0.067467
0.058167
-0.016309
-0.023131
0.048605
0.044792
0.039616
0.024617
0.026679
0.059979
0.010330
-0.022658
0.020828
0.043689
0.059673
-0.011314
-0.001853
0.013948
0.010420
-0.019032
-0.079965
-0.065440
-0.023127
-0.007780
-0.069701
-0.100113
-0.078521
-0.027818
-0.029529
-0.083202
-0.066026
-0.057471
-0.031899
-0.048818
-0.060585
-0.042018
-0.028347
-0.019374
-0.023456
-0.018696
0.020849
-0.021829
-0.000974
0.003662
0.055779
0.028866
-0.029641
-0.010070
0.036320
0.053100
0.036854
-0.004273
0.018559
0.049976
0.048915
0.054799
0.011415
0.048319
0.038357
-0.013094
0.003768
0.009106
0.050695
0.049878
0.031376
0.026019
0.033430
0.039254
0.017589
-0.009874
0.049020
0.059586
0.092079
0.048817
-0.033491
-0.033024
-0.030213
0.022944
0.005685
-0.039503
-0.033188
-0.059295
-0.043554
-0.085030
-0.068126
-0.072075
-0.053869
-0.045054
-0.058790
-0.048706
-0.056452
-0.083613
-0.098689
-0.032061
0.028388
0.017964
-0.038942
-0.072931
-0.049668
-0.001630
0.051651
0.058437
-0.008602
-0.020336
0.009533
0.053803
0.041901
-0.037168
-0.007265
0.035861
0.128608
0.071919
-0.006385
0.015286
0.045583
0.097894
0.018174
0.023803
0.057947
0.054617
0.088404
-0.028987
-0.007157
0.037862
0.025551
0.094952
0.005942
-0.001612
-0.006233
-0.032663
0.047322
0.025020
0.079869
0.048568
-0.009458
-0.024741
-0.116269
-0.089575
-0.047411
0.049392
0.058706
-0.002034
-0.042561
-0.076820
-0.084710
-0.088279
-0.065716
-0.001624
-0.004012
-0.026569
-0.095294
-0.099953
-0.049815
0.022284
0.020103
-0.011605
-0.032056
-0.025736
-0.023888
0.002210
-0.018250
0.033160
0.060974
0.064319
0.084875
-0.039690
-0.063290
-0.032657
0.047689
0.119063
0.098417
0.054901
0.003026
-0.015261
-0.010179
-0.007528
0.042638
0.120636
0.081648
0.011475
-0.063256
-0.054758
0.030356
0.090399
0.073857
0.050125
0.018260
0.014790
0.011805
-0.032663
0.022466
0.071284
0.072322
0.039191
-0.040777
-0.072935
-0.071396
-0.047351
-0.031125
-0.023737
0.000653
-0.013274
-0.063367
-0.103732
-0.104838
-0.030574
-0.028342
-0.044226
-0.071387
-0.037638
-0.031523
-0.047143
-0.049274
-0.038664
-0.012366
0.010659
-0.028839
0.006213
0.047190
0.035116
-0.048161
-0.050502
0.020836
0.110695
0.072405
0.016796
-0.029612
0.037138
0.075233
0.037662
-0.051749
-0.035341
0.102294
0.132556
0.089789
-0.023948
-0.067117
-0.013652
0.019796
0.086903
0.053537
0.089543
0.070647
-0.021843
-0.052376
-0.027330
0.092449
0.139876
0.049669
-0.023697
-0.046010
0.019839
0.054633
0.002789
-0.083792
-0.112456
-0.048523
0.027905
-0.000817
-0.089648
-0.143836
-0.089023
-0.019022
-0.025548
-0.085515
-0.083813
-0.046060
-0.004143
-0.068818
-0.086794
-0.047087
0.030289
0.041833
-0.034329
-0.037903
-0.007243
0.021186
0.014686
-0.022179
0.029543
0.069985
0.059117
-0.007684
-0.067817
0.006072
0.089182
0.120993
0.088847
-0.032198
-0.008785
0.037517
0.060681
0.086491
-0.002604
0.071240
0.031008
0.034132
0.029867
-0.025241
0.068803
0.047069
0.004328
-0.035397
-0.038323
0.056042
0.083454
0.090149
0.031591
-0.074437
-0.024275
-0.017353
0.010168
-0.016106
-0.078843
-0.019037
-0.017161
0.017568
-0.037776
-0.106054
-0.056622
-0.041245
-0.034239
-0.077773
-0.090633
-0.041347
-0.026066
0.004120
-0.004695
-0.038675
-0.063271
-0.054213
0.004195
0.048458
0.048281
-0.017702
-0.108611
-0.025503
0.055506
0.066193
0.049820
0.009645
0.040991
0.005866
-0.006569
0.013625
0.009997
0.066427
0.069887
0.097205
0.062273
0.008246
-0.014837
-0.036249
0.056743
0.112027
0.062708
0.018074
-0.043021
0.023604
0.009579
0.032513
0.068992
0.045630
0.073445
0.022232
-0.026441
-0.016514
0.022651
0.025629
0.012974
-0.010116
-0.044821
-0.096502
-0.100699
-0.025059
0.019388
0.011058
-0.031628
-0.069261
-0.094887
-0.065019
-0.052730
-0.040481
-0.014504
-0.032165
-0.046177
-0.073685
-0.045369
-0.003143
-0.024488
0.025630
0.005969
0.006831
-0.028777
-0.029629
-0.013145
0.008396
0.028316
0.051107
0.045202
0.018084
-0.026196
-0.022246
0.015072
0.099398
0.067668
0.026627
0.035306
0.059951
0.050140
-0.026334
-0.007913
0.026470
0.068553
0.105573
0.011319
-0.014597
-0.062872
-0.037085
0.044811
0.076149
0.104673
0.000481
-0.083862
-0.023436
0.058765
0.074481
0.050413
-0.082796
-0.106322
-0.077624
-0.019781
0.018180
-0.049671
0.005936
-0.022607
-0.054063
-0.110541
-0.156409
-0.095666
-0.004636
0.020321
-0.014055
-0.097582
-0.082708
-0.085127
-0.084602
-0.019384
0.035685
0.044401
-0.027047
-0.082599
-0.024681
-0.017028
0.016206
0.022334
0.008361
0.084150
0.037077
-0.033343
-0.038149
-0.039168
0.091094
0.086944
0.063492
0.025490
-0.055717
0.032129
0.056296
0.055955
0.006362
-0.016419
0.020132
0.018830
-0.039629
-0.007133
0.025677
0.086892
0.006257
-0.018750
0.004119
-0.005004
0.077762
0.029888
0.000637
-0.031240
-0.054128
-0.007676
-0.028114
-0.060696
-0.057375
-0.087493
-0.006386
-0.000005
-0.035111
-0.059303
-0.103130
-0.047134
-0.047892
-0.051111
-0.022942
-0.063585
-0.055681
-0.069191
-0.031462
-0.000400
-0.024950
-0.037453
-0.063050
-0.010561
0.052820
0.039608
-0.028335
-0.079390
-0.045667
0.066407
0.072785
0.011690
-0.012602
-0.008746
0.062743
0.077154
0.034492
0.032476
0.020039
0.035634
0.028556
-0.029740
0.002728
0.063811
0.059516
0.049560
0.004042
-0.018480
-0.015312
-0.023437
-0.024912
-0.002877
0.066894
0.029171
-0.002452
-0.025448
-0.010311
0.041169
0.062171
0.031546
0.003376
-0.051131
-0.051261
-0.061196
-0.059517
-0.003068
-0.033556
-0.016177
-0.020841
-0.038190
-0.007434
-0.084994
-0.069237
-0.061792
-0.051510
0.009501
-0.013538
-0.019592
-0.028364
-0.057395
-0.046666
-0.040489
0.009464
0.026784
0.010580
-0.027413
-0.017658
-0.034515
-0.012799
-0.049111
-0.015186
0.033347
0.077795
0.051740
-0.006990
-0.070105
-0.009791
0.035311
0.073979
0.118721
0.088599
0.031074
-0.021973
-0.050750
-0.009919
0.028599
0.086946
0.088049
0.055146
0.045805
-0.031519
-0.073440
-0.054707
0.081134
0.130569
0.084942
0.008799
-0.089466
-0.041081
0.023092
0.067017
0.048350
0.016024
-0.007409
-0.071129
-0.108412
-0.088389
-0.037964
-0.030260
0.016456
-0.002850
-0.032817
-0.073946
-0.083488
-0.065226
0.001913
0.003487
0.008737
-0.077542
-0.071666
-0.050994
-0.012008
0.015737
0.013726
0.008620
0.003404
0.003613
-0.040299
-0.060240
-0.039874
0.044564
0.052780
0.004986
-0.014270
-0.003871
0.057520
0.036042
-0.008153
-0.030624
0.034952
0.097035
0.057816
0.017117
-0.013606
0.036549
0.067673
0.025833
-0.029538
0.000099
0.071114
0.079750
0.003761
-0.051387
-0.038986
0.017958
0.045693
0.029259
0.047008
0.067885
0.084977
-0.008386
-0.076890
-0.096289
-0.018639
0.061152
0.043832
-0.047246
-0.101374
-0.096291
-0.038476
-0.007762
0.003115
-0.024375
-0.045687
-0.029611
-0.059172
-0.056070
-0.067929
-0.056935
-0.007628
0.024214
0.035222
-0.022468
-0.051273
-0.057451
-0.038711
0.029621
0.050940
0.041544
-0.022859
-0.060847
-0.022991
0.020191
0.089498
0.085245
0.017368
-0.019620
-0.049910
0.000517
0.047388
0.058865
0.056744
0.013799
0.026341
0.037233
0.022216
0.021319
0.017595
0.073486
0.024224
0.058079
-0.022918
-0.038907
0.006798
0.065419
0.096079
0.028177
-0.021967
0.019104
0.081105
0.073561
0.026747
-0.053499
-0.058157
0.014806
0.027894
-0.023050
-0.065224
-0.040535
-0.013764
0.004949
-0.036112
-0.069530
-0.045106
-0.019189
-0.022019
-0.047642
-0.061937
-0.015316
0.004984
-0.016396
-0.015103
-0.026892
-0.014324
0.014325
-0.009948
-0.010689
0.006048
0.029010
0.012698
-0.035409
0.000063
0.020750
0.060246
0.058663
0.016662
-0.015194
-0.006749
-0.018254
0.012171
0.031227
0.104201
0.115097
0.054757
0.025604
-0.016330
0.012386
0.054956
0.029833
0.041308
0.002365
0.023679
0.020612
0.008438
0.032477
0.020185
0.028267
0.038454
0.033070
0.000321
-0.021982
0.007029
0.055632
0.058777
0.003435
-0.033904
-0.022176
0.026513
0.028575
-0.032002
-0.058841
-0.058772
-0.011079
-0.002508
-0.015227
-0.003431
-0.021626
-0.033097
-0.034622
-0.030422
0.022863
0.008504
-0.022333
-0.057016
-0.033999
0.027972
0.039235
-0.028035
-0.046174
-0.025783
0.050288
0.075926
-0.014188
-0.077140
-0.079276
0.018260
0.104916
0.069155
0.011126
-0.023152
-0.041046
0.018780
0.040393
0.043203
0.022684
0.017126
0.013150
0.005598
0.006932
0.074967
0.042299
0.039793
0.037839
0.027731
0.013535
-0.021156
-0.036191
0.001088
0.080825
0.129708
0.046788
-0.065163
-0.106775
-0.022107
0.108553
0.112975
0.046352
-0.010224
-0.022738
0.019370
0.024862
0.009762
-0.002205
-0.008332
0.005900
-0.033754
-0.053520
-0.058722
-0.029376
0.020155
0.023552
-0.002910
-0.059804
-0.074291
-0.038906
-0.027108
-0.014526
0.001145
0.011895
-0.025466
-0.047057
-0.051268
-0.044963
0.027761
0.037756
0.001884
-0.005023
-0.053178
-0.024498
-0.007803
0.031780
0.040699
-0.008419
-0.025121
0.001596
0.051173
0.038591
0.001248
-0.007731
0.039514
0.071976
0.009961
0.010020
-0.001511
0.042581
0.060587
0.032877
0.030350
0.010517
0.017148
0.007602
-0.031248
0.012155
0.061482
0.091623
0.056857
-0.081430
-0.080975
-0.016336
0.077213
0.110269
0.048434
-0.023219
-0.001696
0.039917
0.040721
-0.025758
-0.065430
-0.028110
-0.000721
0.016614
-0.017364
-0.055133
-0.035721
-0.026084
-0.009212
-0.008683
-0.012943
-0.034488
-0.055430
-0.036842
-0.009894
0.011548
-0.016822
-0.042261
-0.018882
0.018825
0.024328
-0.013008
-0.050307
-0.024770
0.040648
0.012220
0.011507
-0.036585
-0.028581
-0.011812
0.012631
0.066148
0.018406
-0.002508
-0.029253
