0.189268
0.181900
0.166318
0.161826
0.140960
0.147990
0.155870
0.089511
-0.106390
-0.280355
-0.331674
-0.213471
0.012841
0.162421
0.139230
-0.003772
-0.170411
-0.263316
-0.234866
-0.122338
-0.011308
0.038162
0.020593
-0.018664
-0.057057
-0.042194
0.005929
0.050127
0.071495
0.039016
0.009906
0.018839
0.056972
0.123847
0.170964
0.165008
0.161481
0.167692
0.173934
0.162109
0.128754
0.107376
0.146683
0.171910
0.075760
-0.151695
-0.320682
-0.340494
-0.161872
0.076809
0.198510
0.151181
-0.024036
-0.201963
-0.281262
-0.231026
-0.099435
0.030928
0.096884
0.061022
-0.020053
-0.077768
-0.062458
0.008265
0.081758
0.104465
0.072838
0.032247
0.026573
0.066946
0.121038
0.151582
0.176640
0.204174
0.210536
0.211986
0.172549
0.127329
0.111127
0.120084
0.078439
-0.094923
-0.229899
-0.279363
-0.171478
0.020016
0.139845
0.120911
0.014126
-0.145554
-0.235462
-0.214553
-0.120389
0.000630
0.070871
0.049794
-0.005272
-0.063055
-0.058468
0.010681
0.075801
0.091781
0.067131
0.014803
0.005988
0.042807
0.127291
0.176880
0.223937
0.212483
0.180208
0.154435
0.145500
0.156500
0.176681
0.189398
0.151450
-0.041381
-0.241045
-0.332154
-0.263360
-0.048596
0.140613
0.171471
0.077207
-0.101097
-0.241229
-0.269593
-0.188595
-0.048970
0.087501
0.108127
0.041156
-0.073258
-0.127212
-0.059500
0.055186
0.124509
0.132926
0.062738
0.016171
0.014091
0.045062
0.104615
0.154993
0.193229
0.225520
0.205613
0.156444
0.106226
0.101532
0.140994
0.170769
0.104639
-0.116840
-0.273515
-0.317640
-0.199874
0.002817
0.138718
0.119654
0.018982
-0.141878
-0.252975
-0.237344
-0.142497
-0.010956
0.077962
0.054302
-0.012724
-0.072113
-0.074729
-0.009586
0.052345
0.081404
0.073921
0.020363
0.017638
0.038913
0.075173
0.122017
0.158650
0.173530
0.199817
0.183359
0.160867
0.121097
0.119449
0.117519
0.082029
-0.070098
-0.237631
-0.297562
-0.223395
-0.041362
0.111992
0.125025
0.014976
-0.144085
-0.248201
-0.238984
-0.147895
-0.039027
0.030906
0.024064
-0.022038
-0.065289
-0.075915
-0.038344
0.027192
0.052347
0.058726
0.028517
0.024696
0.056610
0.070689
0.085792
0.105324
0.142573
0.200134
0.224312
0.204133
0.149588
0.104169
0.073310
0.076722
-0.037569
-0.203933
-0.288756
-0.279339
-0.110303
0.079468
0.140294
0.063115
-0.097295
-0.258962
-0.298261
-0.215454
-0.071680
0.056187
0.069666
-0.006563
-0.089072
-0.117209
-0.069608
0.026831
0.076944
0.070013
0.029155
-0.023200
-0.019590
0.031289
0.106482
0.144145
0.158568
0.139549
0.135945
0.120601
0.124471
0.115418
0.130356
0.117304
0.093699
-0.082309
-0.266104
-0.325122
-0.249949
-0.060878
0.108937
0.118012
0.007109
-0.141940
-0.267555
-0.267422
-0.165686
-0.053539
0.037777
0.029017
-0.033842
-0.097487
-0.113700
-0.048017
0.042485
0.073182
0.071613
0.006082
-0.049532
-0.022437
0.049075
0.108563
0.160201
0.161319
0.143317
0.133449
0.114978
0.114308
0.140172
0.108067
0.108380
-0.016149
-0.224591
-0.308473
-0.288892
-0.137289
0.065117
0.119366
0.042064
-0.077814
-0.226973
-0.272270
-0.224142
-0.131202
-0.012112
0.031799
-0.002701
-0.047494
-0.097373
-0.082639
-0.003206
0.035014
0.034407
0.027892
-0.012314
-0.003786
0.058385
0.108754
0.116830
0.127228
0.112127
0.110124
0.138363
0.153473
0.150027
0.128789
0.076488
0.041617
-0.100082
-0.223635
-0.255647
-0.209089
-0.070135
0.050055
0.056326
-0.018119
-0.126922
-0.213219
-0.216480
-0.157629
-0.077417
-0.004662
0.003240
-0.030109
-0.071726
-0.098120
-0.057366
0.014288
0.048557
0.081982
0.031643
-0.020071
0.003972
0.034708
0.094354
0.161901
0.161834
0.159159
0.135874
0.103270
0.115855
0.139664
0.124264
0.137987
0.007396
-0.207503
-0.316882
-0.327812
-0.174471
0.056162
0.142372
0.101581
-0.036146
-0.224907
-0.288936
-0.241606
-0.138905
0.002402
0.062956
0.033809
-0.021965
-0.093184
-0.105599
-0.038396
0.030672
0.069310
0.067967
0.023208
0.007811
0.005193
0.052111
0.119100
0.151098
0.184318
0.194232
0.127034
0.080600
0.050069
0.056666
0.122129
0.152503
0.029514
-0.168156
-0.304096
-0.303449
-0.135856
0.038343
0.121715
0.076205
-0.062154
-0.202487
-0.258641
-0.214547
-0.104474
0.021022
0.057141
0.018124
-0.057016
-0.099485
-0.069340
0.003772
0.056206
0.066355
0.050013
0.012036
0.014039
0.049101
0.090009
0.137982
0.180911
0.165048
0.142278
0.113577
0.093940
0.101148
0.138179
0.150024
0.093084
-0.102822
-0.278569
-0.324456
-0.213530
-0.003786
0.145878
0.131818
-0.009024
-0.189981
-0.302684
-0.260033
-0.118310
0.023529
0.086333
0.027045
-0.072965
-0.126010
-0.104111
-0.005640
0.076359
0.069651
0.048022
0.010316
0.009862
0.047523
0.093535
0.105734
0.139283
0.154778
0.164862
0.165879
0.145727
0.119761
0.104328
0.126565
0.132269
0.020278
-0.172078
-0.293399
-0.297780
-0.142739
0.053605
0.149001
0.107792
-0.039901
-0.209659
-0.280635
-0.223856
-0.100678
0.024552
0.067200
0.017059
-0.054850
-0.098675
-0.074417
0.014905
0.082854
0.080962
0.054736
0.007002
-0.015728
0.037334
0.120157
0.164746
0.175663
0.145676
0.124771
0.121011
0.134861
0.141621
0.160059
0.155515
0.084323
-0.111892
-0.280240
-0.314757
-0.208856
-0.009920
0.125219
0.117862
0.000246
-0.152299
-0.247827
-0.235753
-0.148121
-0.038885
0.035877
0.022154
-0.027603
-0.064930
-0.070843
-0.013779
0.036198
0.037846
0.049044
0.037945
0.021175
0.022469
0.058536
0.104062
0.164783
0.208182
0.199712
0.168803
0.126565
0.114807
0.131213
0.139623
0.114953
-0.042798
-0.235044
-0.318719
-0.262578
-0.071965
0.105493
0.139772
0.045633
-0.121959
-0.258020
-0.271401
-0.187934
-0.064992
0.037314
0.043064
-0.005680
-0.058590
-0.090464
-0.060881
0.000942
0.054281
0.071490
0.040441
-0.009288
-0.017915
0.046914
0.131969
0.177549
0.178350
0.144067
0.111726
0.092819
0.106667
0.105607
0.137118
0.155376
0.106515
-0.088861
-0.277424
-0.347844
-0.250299
-0.027552
0.123381
0.121978
-0.005888
-0.165464
-0.266138
-0.249132
-0.158602
-0.031892
0.048160
0.018444
-0.041158
-0.103611
-0.115073
-0.038451
0.055565
0.079576
0.058439
0.014360
-0.025530
0.005744
0.089000
0.110309
0.153871
0.169953
0.139254
0.124697
0.095631
0.077139
0.088496
0.151530
0.157221
0.072513
-0.157746
-0.342220
-0.370168
-0.206352
0.041243
0.181531
0.131449
-0.042948
-0.228487
-0.318733
-0.250638
-0.117405
0.009310
0.066408
0.023011
-0.062071
-0.126282
-0.114628
-0.037553
0.058650
0.101913
0.047647
-0.032131
-0.040110
-0.000024
0.101721
0.166699
0.180062
0.156156
0.122606
0.074910
0.072506
0.104697
0.138685
0.182476
0.152385
0.013589
-0.223580
-0.341854
-0.319023
-0.140903
0.063184
0.143796
0.078741
-0.069352
-0.217273
-0.270341
-0.220129
-0.119272
-0.005816
0.031010
-0.007851
-0.068442
-0.114160
-0.085643
0.005584
0.066258
0.061510
0.033040
-0.016035
-0.012158
0.025794
0.087509
0.139607
0.169504
0.167031
0.136483
0.094817
0.075942
0.071228
0.089248
0.138606
0.136063
0.038386
-0.170122
-0.302689
-0.297444
-0.144326
0.040864
0.129276
0.062768
-0.078094
-0.199146
-0.239770
-0.179556
-0.078802
0.008077
0.025199
-0.014444
-0.081435
-0.102123
-0.065644
0.017146
0.078557
0.071314
0.025648
-0.009241
-0.001364
0.059408
0.122291
0.123589
0.122903
0.133987
0.134591
0.153346
0.173591
0.138105
0.131829
0.121203
0.061773
-0.074958
-0.232398
-0.295729
-0.229411
-0.040812
0.112533
0.125795
0.017384
-0.137972
-0.247602
-0.238891
-0.141713
-0.048002
0.018435
0.026942
-0.012218
-0.067633
-0.079857
-0.052260
0.021562
0.072302
0.063693
0.017380
-0.005302
0.006569
0.055629
0.125306
0.155339
0.165865
0.164665
0.146202
0.126236
0.127997
0.114309
0.148925
0.161545
0.097007
-0.084416
-0.265680
-0.331756
-0.225619
-0.010696
0.140837
0.144521
0.011951
-0.157827
-0.263065
-0.248273
-0.143685
-0.022408
0.055927
0.049613
-0.017185
-0.073070
-0.074174
-0.030293
0.044393
0.078080
0.053549
0.018889
-0.002024
0.031055
0.109844
0.147353
0.143631
0.138914
0.104961
0.126992
0.140963
0.147106
0.136696
0.144208
0.127113
0.102449
-0.031970
-0.214609
-0.280728
-0.233150
-0.067841
0.101267
0.135050
0.041665
-0.091226
-0.222087
-0.240805
-0.160539
-0.051897
0.050796
0.061737
-0.007957
-0.083343
-0.107212
-0.033034
0.085480
0.116329
0.076549
0.012859
-0.031625
-0.006292
0.073915
0.149846
0.190234
0.190974
0.154221
0.126702
0.100643
0.105959
0.095478
0.134012
0.158432
0.122285
-0.043715
-0.223196
-0.298143
-0.226571
-0.042895
0.112598
0.135482
0.025779
-0.118735
-0.224737
-0.223881
-0.135498
-0.025595
0.047263
0.046850
-0.018266
-0.085582
-0.091223
-0.038249
0.051228
0.088146
0.077071
0.048985
0.024018
0.027495
0.056259
0.101357
0.148674
0.182724
0.167893
0.144578
0.105145
0.088591
0.102930
0.153972
0.184311
0.143072
-0.070950
-0.257966
-0.332837
-0.245412
-0.017252
0.155429
0.159845
0.039475
-0.145352
-0.269567
-0.244997
-0.136568
-0.007433
0.071526
0.038453
-0.026319
-0.097689
-0.105754
-0.023619
0.074643
0.102432
0.077941
0.011137
-0.019089
0.013568
0.093734
0.149049
0.188677
0.164780
0.133114
0.108610
0.105949
0.141719
0.166501
0.192452
0.155038
0.025096
-0.206439
-0.327289
-0.321193
-0.143482
0.075308
0.170088
0.111380
-0.048704
-0.208467
-0.272744
-0.216986
-0.094712
0.017078
0.047497
0.010589
-0.049701
-0.086337
-0.051545
0.010965
0.065248
0.070910
0.047804
0.015637
0.010407
0.015780
0.061802
0.113483
0.162519
0.193631
0.184124
0.134079
0.102894
0.054158
0.063014
0.130965
0.156978
0.091564
-0.132231
-0.295455
-0.326328
-0.172783
0.045566
0.162245
0.106522
-0.041483
-0.191737
-0.258685
-0.210145
-0.097366
0.009347
0.061306
0.022542
-0.056599
-0.107443
-0.095277
-0.000685
0.078111
0.089541
0.069828
0.024783
0.008729
0.023201
0.057012
0.093224
0.147988
0.165415
0.170375
0.141728
0.100522
0.072024
0.088203
0.123413
0.138076
0.055810
-0.163494
-0.283439
-0.294664
-0.148740
0.049031
0.131637
0.063300
-0.067003
-0.203542
-0.238913
-0.170962
-0.083504
-0.011089
0.012796
-0.027912
-0.068372
-0.088229
-0.053192
0.012653
0.065813
0.071098
0.032538
-0.002894
0.005138
0.035128
0.089627
0.125093
0.148257
0.140504
0.128696
0.099782
0.089329
0.070985
0.098895
0.129080
0.132751
0.010186
-0.211292
-0.317144
-0.299257
-0.116454
0.088898
0.148695
0.051896
-0.097666
-0.241012
-0.257425
-0.167072
-0.066885
0.018774
0.029055
-0.034747
-0.083739
-0.097720
-0.053705
0.018970
0.063324
0.067526
0.030890
-0.013379
0.013244
0.034254
0.080615
0.118614
0.122007
0.139794
0.136833
0.094394
0.091454
0.052233
0.068544
0.113207
0.126283
0.014281
-0.193406
-0.324765
-0.310399
-0.138158
0.061656
0.154634
0.079349
-0.079120
-0.234007
-0.283813
-0.201844
-0.075805
0.022322
0.043012
-0.017290
-0.080906
-0.105547
-0.071576
0.011587
0.055985
0.055301
0.032606
0.000341
0.009405
0.034683
0.061163
0.107330
0.132851
0.140441
0.138514
0.091319
0.066270
0.037298
0.056736
0.122436
0.130275
-0.024593
-0.224928
-0.343809
-0.302344
-0.090117
0.098478
0.145747
0.037988
-0.141406
-0.268563
-0.267079
-0.169244
-0.043741
0.027644
0.014052
-0.045153
-0.104244
-0.112811
-0.043473
0.039525
0.069419
0.043477
0.011367
-0.005264
0.025349
0.086710
0.101935
0.104066
0.115902
0.113372
0.135430
0.146832
0.100667
0.082189
0.085078
0.078019
0.006860
-0.184876
-0.290174
-0.282457
-0.134285
0.045049
0.120435
0.046268
-0.076262
-0.204849
-0.255556
-0.194153
-0.104113
-0.017174
0.035864
0.011400
-0.050763
-0.097632
-0.097805
-0.020432
0.053382
0.068777
0.053620
0.012076
-0.001038
0.023926
0.076060
0.121187
0.158783
0.150019
0.132990
0.095750
0.073664
0.084594
0.126043
0.151642
0.109827
-0.102019
-0.298769
-0.360987
-0.253722
-0.017589
0.150670
0.142268
0.008612
-0.173748
-0.287661
-0.257859
-0.146406
-0.020911
0.053634
0.019792
-0.053007
-0.099932
-0.084081
-0.008366
0.053789
0.055984
0.042852
-0.001027
-0.009016
0.036749
0.069608
0.102935
0.153910
0.142256
0.134298
0.132174
0.079343
0.078491
0.082762
0.101077
0.126500
0.069050
-0.139522
-0.257335
-0.299578
-0.191489
0.020769
0.134082
0.094517
-0.038242
-0.204889
-0.277370
-0.206368
-0.095558
0.019518
0.062085
0.003596
-0.067341
-0.101022
-0.081422
-0.001316
0.067264
0.072599
0.061085
0.015093
0.003851
0.049616
0.099787
0.136254
0.144276
0.123995
0.110429
0.124903
0.134715
0.159484
0.154007
0.127204
0.036886
-0.188004
-0.324996
-0.331420
-0.186058
0.050817
0.171743
0.111323
-0.028166
-0.206860
-0.285126
-0.232177
-0.123684
-0.003169
0.059764
0.030472
-0.034794
-0.096466
-0.088650
-0.015084
0.070420
0.100043
0.072671
0.002984
-0.015356
0.000234
0.050956
0.117856
0.166964
0.200909
0.205272
0.147629
0.084356
0.040493
0.046442
0.098624
0.142541
0.020572
-0.187333
-0.302019
-0.293778
-0.116757
0.074135
0.132474
0.046005
-0.102765
-0.234090
-0.252659
-0.170931
-0.050702
0.043668
0.044011
-0.023287
-0.090685
-0.112775
-0.042127
0.048006
0.086520
0.077677
0.033074
-0.005342
0.034385
0.068523
0.101336
0.144289
0.136514
0.135312
0.150722
0.105223
0.096305
0.081703
0.091182
0.103809
0.081035
-0.096445
-0.247379
-0.295060
-0.223605
-0.030479
0.114473
0.106201
-0.004813
-0.160958
-0.262030
-0.226932
-0.135944
-0.025416
0.049892
0.026400
-0.022438
-0.078974
-0.096955
-0.036567
0.050961
0.079573
0.078004
0.035596
0.021573
0.036132
0.052989
0.090702
0.143961
0.184676
0.221847
0.193226
0.120308
0.058847
0.037842
0.071946
0.124071
-0.015538
-0.209425
-0.304654
-0.288092
-0.084187
0.114858
0.146088
0.054975
-0.112852
-0.258023
-0.255389
-0.168665
-0.055648
0.047758
0.053671
-0.002595
-0.057344
-0.077188
-0.038639
0.050174
0.092764
0.072576
0.018046
-0.021325
0.025886
0.107257
0.167123
0.181230
0.161124
0.152121
0.146330
0.131340
0.120323
0.125741
0.128835
0.128586
0.029850
-0.185975
-0.296393
-0.293719
-0.132616
0.072944
0.159393
0.092377
-0.044839
-0.207154
-0.271941
-0.204250
-0.082184
0.036602
0.080476
0.023616
-0.048710
-0.095641
-0.068266
0.016462
0.096293
0.111701
0.069752
0.000940
-0.019931
0.021129
0.113922
0.207216
0.226544
0.194566
0.135215
0.079847
0.089126
0.150640
0.195094
0.192017
0.111783
-0.145773
-0.318985
-0.353599
-0.210039
0.036727
0.197418
0.161114
0.009547
-0.186011
-0.295799
-0.256797
-0.127314
0.014747
0.097278
0.058298
-0.023168
-0.093194
-0.099934
-0.019983
0.075272
0.111414
0.116596
0.050594
0.003615
0.005276
0.048755
0.113543
0.203042
0.231933
0.227880
0.187413
0.126827
0.087937
0.102987
0.124869
0.153265
0.003139
-0.208199
-0.312476
-0.301273
-0.113677
0.105554
0.169571
0.099525
-0.055801
-0.235864
-0.286248
-0.209017
-0.079929
0.062832
0.098244
0.034483
-0.049391
-0.105814
-0.078558
0.035304
0.111620
0.109342
0.064841
0.015716
-0.010641
0.041260
0.114289
0.167765
0.217162
0.205717
0.164993
0.124717
0.092756
0.083630
0.108944
0.126647
0.109597
-0.101667
-0.264551
-0.314535
-0.224914
-0.020015
0.136955
0.129126
0.021459
-0.142752
-0.264537
-0.236575
-0.139037
-0.016091
0.069724
0.048824
-0.000769
-0.057573
-0.072693
-0.021875
0.044344
0.058526
0.053247
0.023218
0.020901
0.053920
0.096288
0.134393
0.163520
0.157678
0.154873
0.153679
0.139657
0.143737
0.175156
0.125264
0.122108
-0.044719
-0.264353
-0.325802
-0.291409
-0.090293
0.109872
0.138164
0.054960
-0.104867
-0.260551
-0.264847
-0.182126
-0.067410
0.041964
0.044948
-0.011507
-0.077013
-0.098288
-0.050342
0.037239
0.082320
0.077884
0.034285
-0.017268
-0.023750
0.036156
0.109172
0.174127
0.200625
0.160351
0.124926
0.110442
0.112440
0.147287
0.149642
0.127205
0.040649
-0.204794
-0.334534
-0.351686
-0.212999
0.027256
0.156580
0.110417
-0.026998
-0.221061
-0.309076
-0.257073
-0.147276
-0.011351
0.052690
0.016251
-0.031611
-0.097702
-0.100415
-0.025001
0.045280
0.071815
0.067866
0.000801
-0.014303
0.008222
0.066417
0.120470
0.148757
0.153568
0.149630
0.146243
0.135655
0.107158
0.126022
0.098888
0.096777
-0.062640
-0.266256
-0.358257
-0.314652
-0.119299
0.095057
0.138283
0.052034
-0.103764
-0.269244
-0.297021
-0.218434
-0.111955
0.029481
0.049358
-0.013233
-0.081188
-0.120764
-0.067061
0.045407
0.077694
0.056632
0.008780
-0.041288
-0.041290
0.006787
0.093652
0.185046
0.207998
0.204991
0.129545
0.068127
0.067614
0.114376
0.147320
0.156980
0.050695
-0.226339
-0.367698
-0.385704
-0.200780
0.054232
0.173148
0.109082
-0.060053
-0.250286
-0.319869
-0.257300
-0.133763
0.007077
0.057319
0.014704
-0.059190
-0.120032
-0.111290
-0.031312
0.064383
0.108610
0.059563
-0.029286
-0.045326
-0.027394
0.077153
0.180014
0.219079
0.191066
0.124896
0.059059
0.056080
0.102279
0.167980
0.199146
0.163052
-0.071036
-0.319819
-0.414132
-0.337869
-0.071235
0.147203
0.173971
0.043265
-0.169473
-0.314647
-0.285093
-0.170588
-0.028318
0.063703
0.027352
-0.044151
-0.112686
-0.128758
-0.044263
0.072784
0.113006
0.082008
0.001038
-0.060494
-0.013967
0.074184
0.146581
0.175386
0.158409
0.136991
0.144046
0.151264
0.148303
0.168209
0.128170
0.113332
0.000344
-0.225251
-0.324580
-0.309064
-0.149364
0.059642
0.131015
0.065761
-0.064243
-0.209009
-0.257346
-0.214252
-0.114662
-0.003295
0.043459
0.014174
-0.048831
-0.092748
-0.065530
0.022127
0.087661
0.082329
0.033709
-0.011035
-0.019230
0.028432
0.114450
0.161729
0.209303
0.206166
0.177795
0.133033
0.097188
0.078882
0.114299
0.118752
0.161214
0.030542
-0.184248
-0.301908
-0.316780
-0.149122
0.079378
0.155604
0.087513
-0.060539
-0.235327
-0.266536
-0.197190
-0.086289
0.044288
0.065517
0.016374
-0.047202
-0.097074
-0.070215
0.034593
0.084303
0.099813
0.070505
0.019271
0.021160
0.058600
0.111469
0.169150
0.178105
0.177064
0.158091
0.103794
0.108834
0.136525
0.157283
0.181598
0.141776
-0.083781
-0.255142
-0.334503
-0.265018
-0.039312
0.124012
0.146316
0.044467
-0.126268
-0.237251
-0.219117
-0.150670
-0.031627
0.038947
0.017027
-0.021950
-0.070350
-0.060322
0.004088
0.073064
0.084436
0.055233
0.020595
0.015272
0.040149
0.099850
0.129357
0.141667
0.169281
0.186469
0.191583
0.179854
0.167016
0.145926
0.106265
0.106620
-0.013681
-0.200134
-0.284273
-0.278514
-0.122048
0.070740
0.127328
0.079911
-0.051682
-0.206495
-0.250060
-0.208252
-0.102127
0.029990
0.057052
0.019144
-0.040849
-0.096747
-0.062371
0.041718
0.094558
0.083446
0.043772
-0.007505
0.001576
0.061282
0.125910
0.163041
0.192968
0.186245
0.158647
0.134946
0.105260
0.143806
0.180205
0.158188
0.110850
-0.124084
-0.292915
-0.331334
-0.239263
-0.021271
0.147927
0.135100
0.024354
-0.155172
-0.293503
-0.265731
-0.154918
-0.015103
0.080678
0.025836
-0.051459
-0.107469
-0.094502
0.009246
0.105582
0.096479
0.045740
-0.026667
-0.042353
0.005170
0.104807
0.170498
0.216865
0.194179
0.128487
0.106684
0.107573
0.140997
0.214209
0.187549
0.168355
-0.014707
-0.263653
-0.362752
-0.334893
-0.146218
0.093792
0.172093
0.095770
-0.063818
-0.246408
-0.299560
-0.222486
-0.105739
0.022457
0.052996
0.009266
-0.058214
-0.100281
-0.071563
0.028174
0.090208
0.096051
0.030803
-0.028557
-0.024763
0.022399
0.110167
0.170480
0.207410
0.193988
0.155111
0.091841
0.072167
0.096140
0.168321
0.185675
0.167881
-0.043754
-0.281004
-0.359311
-0.296259
-0.070182
0.128492
0.161100
0.050209
-0.132008
-0.283630
-0.282447
-0.190196
-0.050561
0.066928
0.055601
-0.015924
-0.098816
-0.120060
-0.048609
0.066589
0.110449
0.068009
-0.011698
-0.044047
-0.020769
0.077386
0.166938
0.211607
0.196390
0.133416
0.086241
0.059281
0.084841
0.143178
0.208616
0.206235
0.137018
-0.113621
-0.318569
-0.366337
-0.262915
-0.037639
0.127781
0.143143
0.026872
-0.144981
-0.266096
-0.261754
-0.173365
-0.052285
0.040800
0.033750
-0.030182
-0.095467
-0.101800
-0.034433
0.069623
0.102214
0.069992
-0.004139
-0.038462
-0.009445
0.077275
0.167801
0.211921
0.181868
0.121711
0.091227
0.082128
0.119943
0.182665
0.195319
0.166131
0.032264
-0.220310
-0.339734
-0.331004
-0.165834
0.053374
0.138271
0.087659
-0.049198
-0.207218
-0.263072
-0.205031
-0.126397
-0.030987
0.004090
-0.018799
-0.046334
-0.074732
-0.049812
0.011648
0.050013
0.046116
0.028597
-0.018225
-0.003282
0.027122
0.101701
0.180569
0.194874
0.173062
0.126969
0.078939
0.078890
0.114485
0.165608
0.197525
0.179105
-0.027193
-0.269769
-0.386012
-0.339761
-0.111446
0.107855
0.172375
0.081122
-0.112590
-0.267542
-0.284108
-0.197661
-0.068064
0.026555
0.016788
-0.041126
-0.084236
-0.105914
-0.043269
0.039342
0.075723
0.073680
0.025710
-0.032200
-0.022896
0.027611
0.103568
0.177915
0.203708
0.177796
0.134747
0.057990
0.029611
0.046924
0.085082
0.153122
0.205176
0.075176
-0.163531
-0.320317
-0.363660
-0.201136
0.019502
0.135535
0.112373
-0.033267
-0.210673
-0.282429
-0.245295
-0.127253
0.010460
0.048733
0.006810
-0.065026
-0.129100
-0.092779
-0.001104
0.063023
0.091181
0.043065
-0.014927
-0.005525
0.026977
0.111955
0.191672
0.203991
0.167435
0.110895
0.054398
0.064106
0.111531
0.164519
0.222935
0.158408
-0.093385
-0.312494
-0.415637
-0.304855
-0.036189
0.147161
0.173750
0.041659
-0.171064
-0.293851
-0.277457
-0.168839
-0.029266
0.042043
0.010306
-0.051601
-0.109856
-0.095520
-0.004881
0.077679
0.083516
0.034946
-0.033492
-0.034385
0.026079
0.103524
0.157232
0.172287
0.162958
0.137477
0.121734
0.086903
0.076842
0.081800
0.124331
0.196039
0.159257
-0.063236
-0.290103
-0.392081
-0.296644
-0.051324
0.137362
0.168747
0.044866
-0.149520
-0.277635
-0.272480
-0.174543
-0.030435
0.045577
0.026313
-0.033578
-0.109039
-0.107471
-0.023160
0.043990
0.067367
0.066937
0.019884
-0.003655
0.018220
0.065571
0.130296
0.180083
0.197226
0.158569
0.120498
0.056213
0.032505
0.056229
0.111561
0.192315
0.176245
-0.058921
-0.271003
-0.373522
-0.299200
-0.050099
0.120388
0.147044
0.041262
-0.149348
-0.262099
-0.251201
-0.176238
-0.032357
0.040219
0.006702
-0.046949
-0.121205
-0.104012
0.000166
0.072368
0.103176
0.066126
-0.017665
-0.018843
0.028093
0.088449
0.156107
0.180804
0.175527
0.165018
0.117277
0.079112
0.084760
0.090607
0.158076
0.194660
0.080392
-0.156084
-0.325986
-0.366991
-0.193203
0.036895
0.159263
0.132070
-0.038230
-0.219010
-0.284341
-0.245583
-0.103911
0.027599
0.050961
0.004578
-0.078646
-0.124686
-0.056462
0.033515
0.083975
0.077833
0.025990
-0.018591
0.008536
0.054187
0.127667
0.170507
0.178295
0.174599
0.142070
0.098905
0.079988
0.075404
0.097861
0.169201
0.193354
0.074910
-0.161557
-0.333506
-0.361255
-0.185824
0.044850
0.169786
0.130966
-0.040321
-0.217263
-0.287264
-0.228643
-0.091023
0.028636
0.060132
0.014325
-0.069780
-0.119051
-0.081837
0.011885
0.086137
0.094700
0.055899
-0.004988
-0.008239
0.030841
0.124546
0.193967
0.198370
0.162489
0.113145
0.072065
0.062752
0.086104
0.126750
0.177365
0.188195
0.060354
-0.180341
-0.317842
-0.331448
-0.161286
0.052066
0.151887
0.104526
-0.042399
-0.202744
-0.256441
-0.212286
-0.112246
0.008827
0.039155
0.001960
-0.058029
-0.101978
-0.061720
0.016425
0.077062
0.101872
0.058599
0.007972
0.000684
0.019761
0.107169
0.163148
0.199467
0.194683
0.153008
0.102025
0.073641
0.069051
0.099926
0.159612
0.182518
0.055291
-0.171268
-0.313049
-0.311119
-0.138754
0.061683
0.136836
0.076622
-0.068617
-0.205029
-0.238364
-0.186219
-0.078740
0.009549
0.015867
-0.016446
-0.068787
-0.084887
-0.040304
0.031177
0.087476
0.085781
0.033723
-0.004489
0.014815
0.078260
0.126989
0.149006
0.150575
0.150723
0.154010
0.112360
0.108747
0.094290
0.101938
0.163076
0.150905
-0.010738
-0.214347
-0.331006
-0.287156
-0.073290
0.095496
0.146176
0.052149
-0.112101
-0.229417
-0.244185
-0.175603
-0.057372
0.013726
0.020681
-0.015901
-0.076576
-0.088002
-0.030964
0.044604
0.092303
0.081353
0.025438
-0.016628
-0.000524
0.059023
0.140549
0.184351
0.185821
0.154229
0.119887
0.061462
0.053498
0.052387
0.104925
0.167977
0.170395
0.051429
-0.184390
-0.310738
-0.301524
-0.141190
0.046641
0.135343
0.068311
-0.068370
-0.202830
-0.245645
-0.177218
-0.073322
0.019527
0.022252
-0.033088
-0.084454
-0.090750
-0.037529
0.043777
0.083262
0.069827
0.033397
0.013113
0.024362
0.060827
0.110942
0.140453
0.161906
0.169209
0.143813
0.115971
0.099548
0.079719
0.111142
0.147081
0.105013
-0.088455
-0.260237
-0.330539
-0.236896
-0.025266
0.118124
0.114652
-0.003599
-0.166344
-0.257128
-0.236493
-0.146045
-0.030395
0.035245
0.014855
-0.038327
-0.095361
-0.091801
-0.017144
0.058073
0.094330
0.072970
-0.010092
-0.023844
0.018310
0.074629
0.159674
0.176038
0.149029
0.120810
0.095562
0.059505
0.068732
0.056794
0.102206
0.131523
0.109072
-0.010569
-0.203888
-0.277598
-0.243252
-0.100159
0.037957
0.087176
0.010945
-0.097442
-0.194465
-0.210428
-0.152996
-0.087315
-0.030008
-0.007851
-0.027723
-0.047176
-0.048165
-0.024959
0.012927
0.029975
0.027538
0.018722
0.022940
0.064797
0.103704
0.117910
0.113025
0.100931
0.092720
0.117733
0.118349
0.116025
0.094596
0.107672
0.113238
0.083200
-0.097813
-0.251498
-0.306625
-0.227922
-0.046150
0.086974
0.094981
0.000594
-0.142033
-0.239466
-0.229524
-0.158417
-0.055704
0.005474
-0.006519
-0.049755
-0.098984
-0.075655
-0.011818
0.059644
0.071442
0.044073
-0.000420
-0.012141
0.028124
0.081602
0.137058
0.160327
0.147921
0.117174
0.093805
0.064307
0.058224
0.041637
0.072325
0.122365
0.140781
0.042830
-0.168214
-0.294425
-0.302087
-0.148740
0.035148
0.112129
0.066626
-0.064033
-0.202204
-0.236320
-0.200012
-0.100403
-0.002191
0.012729
-0.017198
-0.065818
-0.088418
-0.038904
0.017051
0.062096
0.081171
0.034493
0.006259
0.019140
0.049145
0.126498
0.146113
0.137926
0.109346
0.085549
0.067052
0.083952
0.086463
0.129878
0.154160
0.115931
-0.060464
-0.253210
-0.336196
-0.259585
-0.049942
0.110791
0.135226
0.018732
-0.140507
-0.246104
-0.238256
-0.151700
-0.044809
0.027296
0.013744
-0.037390
-0.098567
-0.101390
-0.033463
0.065805
0.114712
0.078543
0.005572
-0.017056
0.006741
0.067200
0.134747
0.136191
0.159927
0.139706
0.120043
0.097352
0.067862
0.061689
0.121186
0.152531
0.150175
-0.022931
-0.239643
-0.321885
-0.267015
-0.067057
0.115610
0.143764
0.042392
-0.105461
-0.230499
-0.235069
-0.163812
-0.070079
0.021570
0.028870
-0.007093
-0.062302
-0.092144
-0.050629
0.038544
0.092349
0.095888
0.052111
0.011086
0.022998
0.073560
0.137953
0.147758
0.153310
0.140487
0.130750
0.107579
0.091945
0.081561
0.110897
0.155068
0.139905
-0.039460
-0.223489
-0.306689
-0.244575
-0.045874
0.115025
0.135066
0.036588
-0.112363
-0.217442
-0.216305
-0.136855
-0.035203
0.021356
0.005899
-0.034589
-0.066934
-0.053753
0.009298
0.079719
0.092296
0.063495
0.020813
0.008980
0.035468
0.094324
0.143517
0.159401
0.180826
0.168591
0.142667
0.107545
0.093251
0.116668
0.160228
0.184872
0.082660
-0.157424
-0.295946
-0.310182
-0.149019
0.067366
0.171035
0.120943
-0.028213
-0.191848
-0.254445
-0.207783
-0.088067
0.025786
0.056500
0.011044
-0.059911
-0.104260
-0.046274
0.035566
0.094951
0.086492
0.048785
0.014385
0.026638
0.049505
0.081660
0.121815
0.178055
0.192543
0.175177
0.112169
0.061485
0.059293
0.095126
0.162964
0.197276
0.100284
-0.115801
-0.270329
-0.327562
-0.183461
0.023313
0.138564
0.132449
-0.019788
-0.184972
-0.257321
-0.222146
-0.109860
0.010752
0.045607
0.013962
-0.056593
-0.104176
-0.070099
0.006009
0.067363
0.085725
0.060352
0.036387
0.033875
0.043082
0.075219
0.111119
0.137111
0.151680
0.154070
0.115288
0.084758
0.047907
0.049491
0.108788
0.141820
0.147644
-0.043014
-0.233633
-0.316423
-0.257274
-0.066800
0.098691
0.129941
0.037071
-0.117545
-0.238058
-0.236251
-0.164860
-0.046578
0.034366
0.028722
-0.021571
-0.076928
-0.074221
-0.003874
0.067452
0.096360
0.082751
0.028595
0.012142
0.028658
0.071544
0.137543
0.178293
0.163607
0.133829
0.087050
0.055061
0.065491
0.106249
0.146018
0.173583
0.065538
-0.169415
-0.297281
-0.319030
-0.159907
0.044187
0.139141
0.090857
-0.042592
-0.201812
-0.256912
-0.204198
-0.101496
-0.003562
0.021028
-0.011753
-0.067317
-0.096051
-0.063036
0.012182
0.085336
0.099139
0.067507
0.012849
-0.005937
0.009480
0.075288
0.122390
0.165333
0.153712
0.127709
0.097875
0.081330
0.053748
0.081497
0.104536
0.112166
0.082812
-0.125049
-0.246513
-0.296799
-0.209710
-0.014047
0.104683
0.084943
-0.009847
-0.165161
-0.250295
-0.221099
-0.157500
-0.041322
0.021677
0.009139
-0.036202
-0.082169
-0.077344
-0.006882
0.066079
0.089844
0.066688
0.010496
-0.001538
0.029050
0.088489
0.115509
0.122115
0.107701
0.110806
0.107996
0.104858
0.082226
0.066507
0.095981
0.099693
0.041034
-0.143699
-0.263418
-0.287865
-0.162771
0.008312
0.107497
0.060793
-0.069750
-0.201864
-0.266039
-0.209661
-0.112673
-0.015333
0.028953
-0.008208
-0.074929
-0.107491
-0.078063
0.004357
0.084442
0.082281
0.047480
-0.009247
-0.016120
-0.001064
0.081206
0.139036
0.183593
0.170264
0.113346
0.046214
0.015779
0.036966
0.099932
0.152400
0.158096
0.037333
-0.200877
-0.313393
-0.314903
-0.150417
0.051138
0.135067
0.072171
-0.078757
-0.228534
-0.265575
-0.201539
-0.098304
0.003865
0.018271
-0.019707
-0.059780
-0.097798
-0.058218
0.008350
0.044272
0.061298
0.046782
0.012426
0.028061
0.040308
0.081312
0.117673
0.135652
0.124240
0.119641
0.071710
0.042613
0.036607
0.053313
0.102840
0.122602
0.069140
-0.120010
-0.254351
-0.296800
-0.199021
-0.014398
0.090943
0.069287
-0.046539
-0.175935
-0.230930
-0.187153
-0.100087
-0.015250
0.004880
-0.046187
-0.096869
-0.105982
-0.046871
0.054959
0.102987
0.077668
0.025653
-0.030378
0.000410
0.072809
0.124449
0.150469
0.137647
0.080858
0.075007
0.079363
0.084922
0.084532
0.080918
0.093615
0.090430
0.022773
-0.145077
-0.238076
-0.257597
-0.154396
-0.002063
0.071631
0.045098
-0.048794
-0.168706
-0.220225
-0.189006
-0.102134
-0.014419
0.001881
-0.023135
-0.070230
-0.080170
-0.032073
0.032869
0.088660
0.093588
0.039186
-0.009563
-0.003436
0.041962
0.116098
0.151743
0.150600
0.118315
0.106567
0.078548
0.083395
0.062349
0.092427
0.129435
0.125697
-0.005722
-0.194703
-0.298948
-0.265948
-0.083257
0.080080
0.131473
0.045018
-0.104437
-0.223441
-0.237750
-0.157470
-0.057104
0.021339
0.027338
-0.023883
-0.083004
-0.088722
-0.038896
0.045603
0.098838
0.096849
0.042388
-0.006876
-0.000841
0.040061
0.110642
0.165564
0.186362
0.150644
0.106957
0.042002
0.024822
0.031463
0.086075
0.147118
0.153703
0.057346
-0.143830
-0.271907
-0.272436
-0.140348
0.021243
0.103391
0.053527
-0.050266
-0.158193
-0.201336
-0.166271
-0.081671
-0.010518
0.007800
-0.014914
-0.048623
-0.047836
-0.016288
0.043499
0.081724
0.078737
0.062128
0.043936
0.047709
0.067739
0.101714
0.103900
0.135233
0.155142
0.139042
0.118070
0.073539
0.032942
0.056128
0.085774
0.112033
0.069105
-0.118367
-0.217716
-0.235354
-0.140179
0.022904
0.094596
0.050100
-0.043110
-0.153865
-0.194718
-0.143947
-0.065609
0.015601
0.042572
0.001043
-0.043249
-0.061306
-0.024116
0.059144
0.125173
0.104212
0.069792
0.023477
0.023180
0.074059
0.128349
0.151854
0.169862
0.134530
0.114775
0.087110
0.068107
0.073358
0.114295
0.135258
0.134802
-0.009506
-0.186907
-0.243423
-0.218480
-0.053736
0.079779
0.088368
0.018437
-0.095065
-0.184326
-0.186183
-0.128431
-0.037430
0.031050
0.021031
-0.019008
-0.067143
-0.069889
-0.004856
0.071196
0.117763
0.099182
0.041693
0.013500
0.033753
0.087262
0.144566
0.150755
0.148995
0.120862
0.100265
0.086218
0.093932
0.072299
0.106750
0.124782
0.105070
0.008923
-0.168167
-0.237811
-0.202408
-0.072209
0.051505
0.084067
0.010216
-0.082385
-0.167125
-0.179068
-0.129869
-0.060673
0.007659
0.010213
-0.017834
-0.059537
-0.053521
0.003114
0.071363
0.088431
0.070065
0.036401
0.024240
0.061916
0.081228
0.110538
0.118187
0.122232
0.142065
0.139447
0.103147
0.078094
0.035693
0.056699
0.104793
0.102541
0.020884
-0.138997
-0.228526
-0.212908
-0.097998
0.021323
0.076584
0.018003
-0.082678
-0.175823
-0.202456
-0.141382
-0.040461
0.031480
0.033551
-0.025650
-0.090752
-0.092373
-0.021290
0.057892
0.106194
0.092557
0.042251
0.013727
0.025529
0.064977
0.123755
0.137380
0.108969
0.081350
0.073271
0.076291
0.099907
0.083746
0.086574
0.093915
0.080631
0.010992
-0.146187
-0.236661
-0.231832
-0.122157
0.014854
0.077572
0.027811
-0.065576
-0.168437
-0.207536
-0.166810
-0.086285
-0.007275
0.020051
-0.022853
-0.077084
-0.092935
-0.049694
0.036943
0.095085
0.094514
0.051605
-0.005253
0.016170
0.053496
0.082734
0.120363
0.113933
0.095256
0.091600
0.079512
0.076005
0.074150
0.084909
0.095888
0.071353
-0.012619
-0.167353
-0.244363
-0.224697
-0.105281
0.014532
0.064372
0.023574
-0.071864
-0.171105
-0.223669
-0.187402
-0.102615
-0.020767
0.025923
-0.011263
-0.063281
-0.083028
-0.049893
0.017064
0.070593
0.070630
0.048872
0.028273
0.020034
0.029861
0.061922
0.099353
0.133379
0.127514
0.112720
0.082411
0.065271
0.051211
0.078168
0.089650
0.101872
0.036033
-0.136624
-0.227440
-0.253573
-0.150474
-0.007489
0.071978
0.050586
-0.037945
-0.156069
-0.211780
-0.178562
-0.112460
-0.026566
0.006340
-0.016698
-0.040536
-0.055930
-0.033815
0.026210
0.071740
0.059858
0.036160
0.015332
0.018351
0.064214
0.113938
0.126131
0.128129
0.093623
0.080202
0.080415
0.075984
0.071837
0.086302
0.098627
0.097924
0.076862
-0.096748
-0.217843
-0.255482
-0.188700
-0.026886
0.080964
0.062574
-0.020966
-0.142453
-0.222128
-0.188374
-0.114481
-0.018105
0.033496
-0.013673
-0.070383
-0.102076
-0.077192
0.010324
0.076399
0.096970
0.075068
0.015297
-0.010810
0.001409
0.062310
0.116378
0.143795
0.146611
0.109806
0.085390
0.051461
0.045075
0.062565
0.103734
0.096905
0.074600
-0.060783
-0.209815
-0.237563
-0.200974
-0.071235
0.044120
0.053258
-0.002953
-0.101197
-0.191612
-0.202280
-0.155480
-0.069989
0.006066
0.014616
-0.024109
-0.071680
-0.073753
-0.027396
0.045800
0.094521
0.073938
0.025340
-0.012830
0.007306
0.062456
0.121725
0.145920
0.121180
0.082779
0.063517
0.058778
0.067462
0.080098
0.102151
0.095272
0.082421
-0.003953
-0.173547
-0.234294
-0.221596
-0.117895
0.015995
0.056201
0.008769
-0.065815
-0.167281
-0.180512
-0.136452
-0.090866
-0.027805
-0.022851
-0.056899
-0.060291
-0.058514
-0.019581
0.040516
0.064004
0.057501
0.040478
0.001089
0.012088
0.044064
0.070530
0.110931
0.119802
0.107207
0.101484
0.069177
0.062384
0.067088
0.087911
0.117749
0.092806
0.022825
-0.136801
-0.234151
-0.228773
-0.131801
0.006712
0.070289
0.029464
-0.065134
-0.165671
-0.207332
-0.166375
-0.098115
-0.024618
0.002653
-0.022103
-0.061880
-0.079331
-0.054341
0.022926
0.082238
0.083832
0.052160
0.012795
0.008879
0.042362
0.069912
0.103638
0.116507
0.099714
0.096939
0.086561
0.071888
0.077882
0.082410
0.107535
0.099161
0.075193
-0.058283
-0.201467
-0.241419
-0.205713
-0.065508
0.055236
0.077844
0.011924
-0.085704
-0.179656
-0.191391
-0.155708
-0.087684
-0.004626
0.018170
0.002882
-0.025610
-0.050074
-0.027540
0.036437
0.070854
0.077263
0.055058
0.031728
0.047362
0.074264
0.092474
0.108182
0.103982
0.101777
0.117096
0.103514
0.088510
0.062341
0.078352
0.099902
0.102344
0.024006
-0.150385
-0.234610
-0.229777
-0.114311
0.025994
0.089752
0.045865
-0.044040
-0.154167
-0.196664
-0.163817
-0.090770
0.000237
0.041081
0.004166
-0.044232
-0.063218
-0.041216
0.033807
0.099647
0.099678
0.070238
0.025422
0.011668
0.029763
0.063114
0.123422
0.164241
0.163363
0.151977
0.101547
0.073092
0.076280
0.114706
0.138268
0.128389
-0.013868
-0.196588
-0.267278
-0.234412
-0.074134
0.081907
0.121633
0.046131
-0.083657
-0.199652
-0.215446
-0.161644
-0.061843
0.022832
0.035557
0.004064
-0.050431
-0.072736
-0.036311
0.041154
0.104043
0.099731
0.058761
0.019932
0.007908
0.052250
0.125959
0.141713
0.146736
0.111974
0.072971
0.077947
0.087274
0.092811
0.114317
0.123791
0.112821
0.066376
-0.087610
-0.211299
-0.227167
-0.157277
-0.013521
0.078679
0.068129
-0.006184
-0.101366
-0.169240
-0.164182
-0.123287
-0.055869
0.004416
0.018475
-0.000505
-0.037972
-0.043805
-0.002006
0.062141
0.096478
0.080687
0.038452
0.016175
0.039363
0.087145
0.128828
0.139779
0.119357
0.102903
0.107639
0.106380
0.113480
0.118260
0.123141
0.116476
0.063599
-0.101567
-0.214250
-0.241567
-0.161676
-0.002838
0.094160
0.080661
-0.007875
-0.135721
-0.210589
-0.182302
-0.108515
-0.004992
0.047766
0.008029
-0.042759
-0.084074
-0.071133
0.022283
0.103365
0.109966
0.079098
0.026998
-0.004644
0.017203
0.075645
0.125506
0.154467
0.155452
0.119565
0.089702
0.054582
0.041569
0.058064
0.095487
0.134289
0.128602
0.046042
-0.131752
-0.230000
-0.237984
-0.138875
0.013968
0.087004
0.057911
-0.031023
-0.142640
-0.192716
-0.156826
-0.085124
-0.010898
0.010760
-0.023089
-0.045718
-0.058888
-0.019680
0.041007
0.079035
0.078917
0.064781
0.033185
0.033143
0.057598
0.086130
0.112430
0.129160
0.116509
0.106991
0.102477
0.075412
0.072681
0.089154
0.104912
0.123488
0.022617
-0.162039
-0.247676
-0.257986
-0.137708
0.036498
0.101338
0.065697
-0.044559
-0.188833
-0.229153
-0.174447
-0.072550
0.033942
0.047407
-0.012289
-0.072104
-0.098099
-0.043730
0.053637
0.116394
0.106155
0.062621
0.004588
0.008167
0.033289
0.086515
0.133320
0.139004
0.124887
0.091415
0.068637
0.050948
0.073446
0.103450
0.122937
0.118780
0.007726
-0.169918
-0.256249
-0.252999
-0.125202
0.041174
0.093938
0.051297
-0.053684
-0.182647
-0.217674
-0.184826
-0.102202
-0.002804
0.024472
-0.008842
-0.045013
-0.087362
-0.052694
0.026883
0.070569
0.071859
0.044569
0.012444
0.022258
0.038589
0.083276
0.107391
0.114695
0.109641
0.102493
0.089844
0.079368
0.068248
0.056155
0.077896
0.095699
0.004203
-0.149314
-0.241828
-0.247644
-0.116425
0.030502
0.075806
0.033445
-0.087795
-0.195389
-0.215051
-0.163819
-0.075702
-0.006003
-0.011929
-0.042181
-0.075965
-0.080716
-0.019824
0.037393
0.066389
0.059221
0.021503
0.005127
0.034181
0.070469
0.108308
0.126082
0.110181
0.085153
0.072064
0.061395
0.066090
0.078912
0.099586
0.131860
0.111838
-0.033856
-0.210958
-0.300553
-0.274797
-0.101441
0.053622
0.100812
0.045704
-0.091809
-0.202787
-0.227389
-0.189264
-0.084044
0.008254
0.010478
-0.027010
-0.085954
-0.109679
-0.035944
0.046164
0.093238
0.081069
0.042843
0.007909
0.003983
0.027348
0.065778
0.104190
0.142858
0.147119
0.121894
0.077843
0.036830
0.033731
0.075407
0.114764
0.120616
-0.034210
-0.211578
-0.292283
-0.262536
-0.089223
0.071197
0.109277
0.037698
-0.101222
-0.231426
-0.253994
-0.194883
-0.080276
0.030955
0.043539
-0.011531
-0.076331
-0.106538
-0.056636
0.034356
0.086500
0.091130
0.047876
0.006274
0.018900
0.050342
0.095665
0.122737
0.109866
0.093125
0.079462
0.050278
0.031025
0.018567
0.015499
0.060432
0.096385
0.096121
0.002528
-0.162684
-0.240760
-0.229492
-0.120777
0.010586
0.049912
0.010305
-0.075125
-0.162713
-0.184620
-0.140874
-0.067147
0.003537
0.006449
-0.037050
-0.070753
-0.077591
-0.017645
0.063750
0.098763
0.089986
0.056344
0.031649
0.040157
0.065660
0.092956
0.110866
0.122917
0.114847
0.109941
0.095046
0.107983
0.117426
0.123229
0.077137
-0.114257
-0.248476
-0.293687
-0.203946
-0.013411
0.108844
0.100349
-0.002081
-0.146949
-0.232745
-0.210549
-0.127204
-0.017814
0.038636
0.011463
-0.045624
-0.100394
-0.089973
