-0.153225
-0.165715
-0.165467
-0.155909
-0.114603
-0.075947
-0.057829
-0.057520
-0.081037
-0.135874
-0.173718
-0.187719
-0.178119
-0.140605
-0.080887
-0.016245
0.047364
0.103250
0.126375
0.143855
0.153020
0.173711
0.187338
0.134284
0.071777
0.031649
0.005793
0.008730
0.080302
0.137290
0.171610
0.193631
0.163647
0.096509
0.042437
-0.003525
-0.068195
-0.090354
-0.114175
-0.147650
-0.167845
-0.167261
-0.160710
-0.138339
-0.095112
-0.084259
-0.080993
-0.100642
-0.130817
-0.154192
-0.149981
-0.133172
-0.107225
-0.068013
-0.020663
0.028073
0.072143
0.121430
0.157378
0.195873
0.250610
0.220786
0.109091
0.035156
-0.020383
-0.044430
0.021937
0.137263
0.186954
0.231791
0.221999
0.129368
0.055496
-0.002200
-0.056380
-0.086443
-0.084552
-0.119683
-0.150214
-0.169267
-0.179428
-0.162560
-0.107432
-0.069359
-0.064368
-0.069652
-0.118778
-0.162486
-0.178956
-0.165015
-0.142645
-0.082879
-0.019353
0.033588
0.084436
0.114557
0.122855
0.132303
0.182175
0.187109
0.142834
0.094602
0.047672
0.009556
0.046575
0.100914
0.158251
0.205150
0.202914
0.139266
0.074597
0.001271
-0.054058
-0.072861
-0.071152
-0.085917
-0.100981
-0.124707
-0.159456
-0.154887
-0.136355
-0.108020
-0.088331
-0.075556
-0.107026
-0.140227
-0.160962
-0.164923
-0.144553
-0.104673
-0.053502
-0.001912
0.056481
0.093603
0.122124
0.136513
0.152467
0.210157
0.203105
0.099602
0.038789
-0.013902
-0.040879
0.052163
0.176726
0.232560
0.280189
0.263598
0.129715
0.013382
-0.055295
-0.121013
-0.133079
-0.082454
-0.090014
-0.103811
-0.109003
-0.135424
-0.142087
-0.100963
-0.069739
-0.076786
-0.074472
-0.120893
-0.175609
-0.187215
-0.169285
-0.143257
-0.074896
-0.012343
0.033968
0.086598
0.123796
0.129996
0.137090
0.162786
0.183166
0.190986
0.102707
0.025402
-0.003742
-0.016681
0.033109
0.145343
0.228581
0.244111
0.241940
0.148040
0.044810
-0.041628
-0.089636
-0.126419
-0.110981
-0.106062
-0.119369
-0.123406
-0.140201
-0.128417
-0.107847
-0.073041
-0.072343
-0.074885
-0.114182
-0.156850
-0.178524
-0.165850
-0.132077
-0.082133
-0.017183
0.042592
0.097383
0.128032
0.149657
0.155778
0.185178
0.212317
0.157561
0.098106
0.034153
-0.014679
-0.006714
0.080667
0.159662
0.226123
0.249469
0.185126
0.090457
0.010846
-0.063924
-0.099565
-0.086556
-0.088357
-0.098358
-0.110935
-0.134854
-0.148833
-0.126789
-0.100019
-0.082250
-0.073534
-0.096248
-0.134220
-0.157510
-0.156999
-0.135342
-0.090646
-0.037374
0.013612
0.065375
0.094337
0.115641
0.129780
0.158038
0.186047
0.200798
0.125471
0.050633
0.006153
-0.028390
0.009896
0.109257
0.216478
0.249546
0.267814
0.189362
0.067893
-0.034167
-0.097874
-0.128094
-0.127482
-0.097014
-0.109755
-0.120793
-0.134890
-0.129218
-0.121424
-0.081486
-0.059333
-0.073628
-0.097931
-0.139249
-0.175739
-0.182315
-0.142100
-0.105517
-0.036716
0.046279
0.097446
0.132060
0.153165
0.154450
0.167983
0.198163
0.151437
0.091246
0.052733
0.024698
0.033029
0.092776
0.152972
0.175542
0.198152
0.157518
0.096505
0.047532
-0.007805
-0.058748
-0.077392
-0.099111
-0.136552
-0.146152
-0.155754
-0.155950
-0.126032
-0.084928
-0.075699
-0.072458
-0.090725
-0.134010
-0.155933
-0.163196
-0.151155
-0.124150
-0.072989
-0.016397
0.049587
0.107763
0.149203
0.163342
0.169446
0.178217
0.172962
0.101410
0.043436
0.015720
0.010199
0.064489
0.145668
0.210844
0.219567
0.204799
0.131392
0.051811
-0.006933
-0.042288
-0.070508
-0.081333
-0.090749
-0.129933
-0.148626
-0.161478
-0.151793
-0.125085
-0.080340
-0.071359
-0.080710
-0.114803
-0.156399
-0.175378
-0.162959
-0.132466
-0.094347
-0.041952
0.002520
0.054847
0.097579
0.141076
0.165130
0.192001
0.228535
0.179692
0.077709
0.011770
-0.026056
-0.025880
0.061715
0.160829
0.222505
0.242865
0.215580
0.117220
0.031622
-0.018297
-0.076274
-0.089954
-0.090599
-0.114262
-0.137461
-0.143579
-0.152323
-0.131852
-0.083806
-0.061855
-0.060676
-0.087381
-0.131362
-0.181952
-0.189076
-0.175728
-0.135956
-0.072836
-0.013994
0.041808
0.086457
0.115719
0.118932
0.135157
0.158462
0.196041
0.148794
0.070050
0.021642
0.005233
0.014023
0.087060
0.176713
0.214631
0.240939
0.203193
0.110319
0.021783
-0.036141
-0.094037
-0.114643
-0.107388
-0.129912
-0.139926
-0.143058
-0.138149
-0.117494
-0.073470
-0.059930
-0.066757
-0.095664
-0.145411
-0.183600
-0.189506
-0.170856
-0.138958
-0.074367
-0.014883
0.058099
0.111584
0.140184
0.144133
0.147643
0.174800
0.162442
0.099231
0.046176
0.026115
0.018406
0.069034
0.139856
0.183620
0.218780
0.206145
0.122574
0.044579
0.000697
-0.059004
-0.080563
-0.077042
-0.096872
-0.121598
-0.130581
-0.147838
-0.149078
-0.109546
-0.090638
-0.083243
-0.087186
-0.119496
-0.164688
-0.178118
-0.170067
-0.145103
-0.088106
-0.043511
0.007177
0.052117
0.080248
0.101125
0.128784
0.156401
0.224213
0.239072
0.117502
0.009518
-0.050868
-0.071885
-0.004832
0.143924
0.235814
0.289735
0.275961
0.172139
0.042313
-0.035596
-0.100735
-0.123578
-0.106484
-0.112652
-0.137923
-0.155062
-0.162596
-0.144773
-0.099239
-0.060991
-0.049456
-0.077081
-0.122885
-0.180664
-0.200201
-0.181310
-0.141147
-0.086513
-0.026185
0.033343
0.069774
0.103599
0.109726
0.116103
0.143377
0.204952
0.176735
0.118594
0.065092
-0.017397
-0.013823
0.050856
0.125382
0.187679
0.240960
0.207756
0.139917
0.081111
-0.014099
-0.080592
-0.102974
-0.126770
-0.156144
-0.149289
-0.162362
-0.162873
-0.124104
-0.094654
-0.073797
-0.063382
-0.081876
-0.132881
-0.158245
-0.178080
-0.169522
-0.136897
-0.091668
-0.038184
0.031413
0.084345
0.130984
0.154670
0.168729
0.206793
0.205491
0.113657
0.061989
0.012713
-0.030512
0.022674
0.098321
0.158148
0.210426
0.223501
0.148094
0.090124
0.030474
-0.035221
-0.063364
-0.081165
-0.115696
-0.145141
-0.152367
-0.172494
-0.158987
-0.115033
-0.086987
-0.065865
-0.067399
-0.100784
-0.144986
-0.166377
-0.174449
-0.152971
-0.106516
-0.065824
-0.014567
0.043262
0.086254
0.112759
0.137494
0.159779
0.194681
0.189768
0.125005
0.069903
0.020537
0.000177
0.040633
0.114182
0.173213
0.209935
0.216030
0.155745
0.092827
0.006509
-0.060121
-0.108798
-0.130077
-0.143279
-0.152823
-0.149385
-0.147845
-0.124979
-0.101073
-0.070788
-0.070560
-0.080483
-0.118719
-0.157148
-0.178124
-0.170374
-0.145181
-0.104113
-0.030096
0.035412
0.097728
0.135079
0.134945
0.122410
0.135466
0.155742
0.161120
0.125570
0.080059
0.034568
0.008035
0.039233
0.105325
0.183339
0.219637
0.224413
0.161827
0.075574
-0.017993
-0.090065
-0.130294
-0.141560
-0.129904
-0.127690
-0.129858
-0.135732
-0.136591
-0.121970
-0.105080
-0.082182
-0.080312
-0.096404
-0.131377
-0.148033
-0.154406
-0.139508
-0.090182
-0.027288
0.051311
0.101074
0.143385
0.145756
0.147563
0.166315
0.173256
0.138593
0.081808
0.019941
0.007059
0.023835
0.083644
0.164931
0.220716
0.237685
0.191131
0.113830
0.012724
-0.052443
-0.109655
-0.126616
-0.133814
-0.134314
-0.146720
-0.141956
-0.131726
-0.108234
-0.069561
-0.053920
-0.062045
-0.097089
-0.136339
-0.177832
-0.177532
-0.155854
-0.115228
-0.052473
0.015968
0.070340
0.106785
0.131866
0.128068
0.158507
0.209186
0.191639
0.114183
0.073433
-0.009857
-0.017393
0.058269
0.137553
0.210432
0.261180
0.237177
0.134500
0.071509
-0.023742
-0.091216
-0.106783
-0.108077
-0.128124
-0.133026
-0.139654
-0.157274
-0.129234
-0.094750
-0.069394
-0.062413
-0.071390
-0.118846
-0.155549
-0.164205
-0.162141
-0.128808
-0.074775
-0.020955
0.034823
0.086703
0.110036
0.128282
0.145758
0.180753
0.197611
0.163504
0.096133
0.051704
0.019732
0.025238
0.092202
0.150005
0.193457
0.193219
0.172115
0.095448
0.042645
-0.009060
-0.051632
-0.071721
-0.093018
-0.114990
-0.138531
-0.148330
-0.155959
-0.129692
-0.100592
-0.078474
-0.069579
-0.086958
-0.122801
-0.154545
-0.159443
-0.151307
-0.110588
-0.066480
-0.007610
0.049137
0.090113
0.118425
0.130893
0.137175
0.179397
0.201156
0.141782
0.073550
0.035330
0.001106
0.031259
0.121831
0.181921
0.229680
0.231920
0.168171
0.077652
0.009309
-0.058526
-0.090996
-0.097861
-0.103654
-0.122466
-0.135240
-0.149846
-0.151254
-0.121504
-0.090264
-0.068530
-0.071329
-0.095520
-0.139075
-0.164544
-0.168053
-0.145021
-0.103130
-0.048258
0.008897
0.062320
0.099478
0.124755
0.134323
0.164419
0.202046
0.191523
0.117808
0.055650
0.014442
0.007982
0.054342
0.122741
0.184800
0.203190
0.208132
0.136332
0.067633
0.003710
-0.057476
-0.093817
-0.107072
-0.119205
-0.144322
-0.136445
-0.141426
-0.126330
-0.099804
-0.078526
-0.083146
-0.091483
-0.115710
-0.152762
-0.159766
-0.155845
-0.136607
-0.096554
-0.032585
0.026130
0.083127
0.129199
0.142185
0.137345
0.150913
0.187960
0.181687
0.091923
0.016791
-0.026431
-0.055367
0.032622
0.146874
0.232134
0.287799
0.270860
0.167729
0.047802
-0.038482
-0.128476
-0.141512
-0.125814
-0.111490
-0.120509
-0.120312
-0.142362
-0.142127
-0.107491
-0.083273
-0.062157
-0.073242
-0.105606
-0.157673
-0.177491
-0.177772
-0.147539
-0.084084
-0.016446
0.056432
0.104946
0.132653
0.130190
0.136133
0.172101
0.207765
0.149602
0.068069
0.007008
-0.039030
-0.020440
0.076534
0.176257
0.245865
0.277590
0.216651
0.112686
0.008035
-0.074616
-0.124612
-0.127698
-0.120037
-0.120316
-0.119112
-0.132017
-0.129568
-0.106809
-0.077525
-0.067142
-0.067678
-0.099427
-0.152860
-0.188174
-0.194891
-0.172734
-0.116319
-0.039381
0.018629
0.068264
0.089143
0.094626
0.100218
0.128388
0.199690
0.232764
0.176909
0.113118
0.022809
-0.047002
-0.029225
0.043768
0.121520
0.209341
0.250071
0.200859
0.122781
0.044096
-0.042960
-0.087713
-0.098037
-0.116007
-0.131709
-0.145429
-0.165811
-0.169770
-0.135795
-0.101275
-0.066386
-0.049431
-0.070810
-0.116106
-0.154180
-0.173099
-0.163901
-0.119806
-0.061527
0.009389
0.075299
0.107751
0.121466
0.129432
0.161855
0.206143
0.189351
0.120894
0.057711
0.001397
-0.019999
0.023433
0.102259
0.180064
0.232494
0.218447
0.151472
0.076630
-0.010059
-0.067865
-0.088375
-0.102401
-0.111327
-0.126189
-0.147774
-0.166304
-0.151514
-0.124755
-0.090525
-0.063150
-0.063212
-0.094063
-0.136541
-0.161070
-0.170150
-0.138557
-0.094723
-0.035042
0.030661
0.082794
0.111278
0.133945
0.144699
0.161296
0.189856
0.154105
0.070545
0.040752
-0.006326
-0.007178
0.063356
0.150063
0.195810
0.240602
0.221289
0.125773
0.050580
-0.029837
-0.099712
-0.134973
-0.121829
-0.139518
-0.126940
-0.117627
-0.120016
-0.109343
-0.085241
-0.076292
-0.086052
-0.096332
-0.138019
-0.168442
-0.171374
-0.156924
-0.125134
-0.070234
-0.008659
0.049580
0.101910
0.126297
0.131262
0.138931
0.162471
0.185906
0.147958
0.069462
0.006542
-0.024022
0.000917
0.083772
0.170785
0.222841
0.242457
0.186074
0.091576
0.007526
-0.065500
-0.102322
-0.108150
-0.098741
-0.106386
-0.115267
-0.138829
-0.143478
-0.128722
-0.096675
-0.072496
-0.071125
-0.089976
-0.136432
-0.161582
-0.174087
-0.152367
-0.114070
-0.058783
0.001870
0.057508
0.096815
0.113199
0.127616
0.145273
0.194509
0.226524
0.143909
0.067165
-0.006568
-0.063254
-0.034106
0.071698
0.160787
0.221370
0.254332
0.178255
0.095281
0.014425
-0.045434
-0.097268
-0.090357
-0.102630
-0.136331
-0.147847
-0.173553
-0.165407
-0.132925
-0.071254
-0.056084
-0.041500
-0.078078
-0.131877
-0.170377
-0.178836
-0.162324
-0.116675
-0.051871
0.004966
0.063634
0.107854
0.129681
0.142432
0.161764
0.198820
0.194514
0.093843
0.022884
-0.028195
-0.047855
0.023427
0.149533
0.218428
0.268672
0.250709
0.140118
0.028505
-0.050533
-0.114824
-0.127981
-0.092270
-0.093316
-0.104277
-0.114322
-0.136165
-0.142293
-0.101189
-0.071581
-0.063389
-0.068852
-0.109385
-0.166064
-0.186399
-0.176963
-0.149944
-0.083716
-0.014180
0.048282
0.104208
0.132828
0.124755
0.115268
0.134614
0.158434
0.167119
0.115818
0.072947
0.038876
0.022591
0.064339
0.130420
0.185067
0.220801
0.211371
0.146500
0.065029
-0.014235
-0.075451
-0.111060
-0.111047
-0.119349
-0.125324
-0.132239
-0.148503
-0.145058
-0.127487
-0.109708
-0.104772
-0.099473
-0.126559
-0.149336
-0.155668
-0.143923
-0.121076
-0.068841
-0.022544
0.025986
0.069964
0.100163
0.110837
0.133319
0.179450
0.236818
0.219592
0.117834
0.050858
-0.038344
-0.039677
0.035925
0.154191
0.232255
0.265245
0.243574
0.121354
0.011378
-0.065499
-0.116803
-0.110489
-0.073026
-0.078052
-0.099713
-0.136708
-0.175674
-0.176868
-0.136204
-0.092245
-0.064169
-0.061320
-0.107433
-0.166580
-0.190242
-0.195124
-0.153939
-0.082529
-0.014334
0.056445
0.106897
0.130237
0.125226
0.149014
0.188452
0.225282
0.183672
0.102064
0.046617
0.002185
-0.002170
0.049233
0.134431
0.167537
0.197324
0.185901
0.129079
0.070755
0.023154
-0.036517
-0.090914
-0.111495
-0.159890
-0.180712
-0.190649
-0.178260
-0.159786
-0.115397
-0.091651
-0.082411
-0.086423
-0.110817
-0.127388
-0.135017
-0.130459
-0.127454
-0.093435
-0.031908
0.030463
0.087589
0.127902
0.149232
0.176215
0.220091
0.217470
0.166479
0.070463
0.019192
-0.009564
0.015132
0.104935
0.183807
0.228786
0.216100
0.162498
0.051431
-0.037311
-0.092680
-0.108805
-0.107758
-0.085233
-0.090210
-0.125155
-0.140542
-0.162350
-0.152943
-0.122813
-0.095857
-0.104528
-0.118149
-0.148512
-0.174455
-0.158891
-0.120709
-0.075533
-0.013641
0.054854
0.081629
0.103988
0.118751
0.118877
0.161681
0.204498
0.165547
0.099183
0.067081
-0.003323
0.000423
0.076606
0.152041
0.205563
0.243747
0.185784
0.098593
0.034796
-0.056122
-0.093072
-0.092637
-0.095607
-0.111627
-0.109801
-0.149478
-0.170581
-0.150528
-0.133213
-0.106373
-0.078190
-0.089495
-0.127635
-0.143642
-0.161151
-0.160981
-0.120152
-0.071434
-0.011741
0.058391
0.094802
0.109487
0.130194
0.165759
0.216975
0.247246
0.161616
0.081659
0.023521
-0.041450
-0.013952
0.082322
0.182387
0.237341
0.256317
0.173593
0.074210
-0.013291
-0.079857
-0.102022
-0.092673
-0.086063
-0.107791
-0.129309
-0.176344
-0.184333
-0.164745
-0.125319
-0.087165
-0.067196
-0.084222
-0.125658
-0.156310
-0.169932
-0.150988
-0.108181
-0.039271
0.029715
0.087447
0.119069
0.127068
0.131919
0.163237
0.200095
0.182189
0.123834
0.071701
0.013199
0.008694
0.056742
0.134327
0.206410
0.247703
0.229713
0.146438
0.056027
-0.054578
-0.120777
-0.146268
-0.135306
-0.122538
-0.107767
-0.116896
-0.131613
-0.133285
-0.128075
-0.104412
-0.092642
-0.092537
-0.124807
-0.152198
-0.170778
-0.165501
-0.135419
-0.080568
-0.002970
0.063921
0.114547
0.139321
0.144148
0.159245
0.209025
0.222658
0.155269
0.067506
-0.012214
-0.058048
-0.013953
0.099281
0.205986
0.290902
0.293313
0.206525
0.091660
-0.019529
-0.102158
-0.135360
-0.111143
-0.102170
-0.098713
-0.117258
-0.154935
-0.168206
-0.144124
-0.106546
-0.069898
-0.050283
-0.086143
-0.140704
-0.185154
-0.198707
-0.175811
-0.110995
-0.046644
0.028045
0.092370
0.128260
0.152242
0.158555
0.174736
0.210350
0.188577
0.105453
0.060574
0.003940
-0.003277
0.040434
0.108491
0.163046
0.204096
0.198239
0.141544
0.086352
0.024316
-0.028139
-0.057401
-0.077003
-0.112007
-0.143797
-0.169147
-0.182087
-0.163641
-0.127707
-0.087273
-0.068241
-0.070473
-0.098290
-0.135822
-0.153887
-0.151752
-0.138359
-0.104434
-0.055640
0.004450
0.062752
0.105686
0.134426
0.149478
0.180675
0.208275
0.157990
0.080689
0.047453
0.006479
0.028397
0.111096
0.167319
0.209289
0.225266
0.187190
0.091948
0.044437
-0.028562
-0.079492
-0.094917
-0.100563
-0.126981
-0.135265
-0.144947
-0.158767
-0.129641
-0.101604
-0.083715
-0.083056
-0.102837
-0.152905
-0.179582
-0.182127
-0.164716
-0.111957
-0.060041
-0.001390
0.063066
0.121859
0.150201
0.154721
0.157828
0.171227
0.184082
0.079435
0.006616
-0.017794
-0.024154
0.037490
0.153747
0.236499
0.273091
0.282395
0.190515
0.069476
-0.013529
-0.089723
-0.124382
-0.117894
-0.105425
-0.123414
-0.114748
-0.129779
-0.134817
-0.110010
-0.091465
-0.084541
-0.089466
-0.107944
-0.168239
-0.181767
-0.187525
-0.165403
-0.112735
-0.048245
0.012744
0.076829
0.122971
0.142658
0.154600
0.157950
0.184876
0.171113
0.091160
0.048892
0.005025
0.003555
0.071180
0.155843
0.197745
0.238001
0.223452
0.132533
0.066509
-0.002809
-0.059466
-0.091104
-0.089558
-0.132080
-0.149230
-0.161239
-0.180642
-0.162238
-0.118937
-0.090974
-0.073483
-0.071214
-0.118910
-0.159342
-0.171630
-0.177283
-0.145580
-0.088569
-0.025085
0.036676
0.103733
0.125684
0.137906
0.143455
0.175754
0.188624
0.126482
0.077432
0.041341
0.000553
0.039575
0.135789
0.203528
0.240122
0.269115
0.186889
0.078254
0.003959
-0.079944
-0.127829
-0.117940
-0.105090
-0.123421
-0.113662
-0.132640
-0.140801
-0.120420
-0.095947
-0.092140
-0.097336
-0.114930
-0.168516
-0.181341
-0.176604
-0.150561
-0.100929
-0.033697
0.019515
0.069440
0.096889
0.105973
0.110221
0.150210
0.214796
0.228556
0.164143
0.112590
0.022455
-0.023798
0.006807
0.065952
0.149162
0.232327
0.247518
0.181650
0.110884
0.016627
-0.053841
-0.087737
-0.090295
-0.110580
-0.126843
-0.148904
-0.181860
-0.177816
-0.149048
-0.103780
-0.071191
-0.049090
-0.086148
-0.131054
-0.173091
-0.188092
-0.165494
-0.106639
-0.032927
0.038760
0.099589
0.122613
0.130433
0.133790
0.159844
0.203762
0.179936
0.138190
0.070162
0.011991
-0.022074
0.020231
0.098522
0.168393
0.234487
0.227421
0.167905
0.083307
0.002620
-0.069970
-0.096181
-0.105218
-0.118011
-0.131054
-0.156284
-0.174072
-0.167841
-0.135888
-0.097625
-0.061090
-0.056230
-0.089483
-0.129083
-0.166811
-0.175631
-0.147393
-0.096424
-0.032091
0.038811
0.077260
0.102752
0.110894
0.122783
0.164914
0.240070
0.222784
0.135282
0.055495
-0.005084
-0.043842
0.021208
0.131163
0.213356
0.265238
0.253590
0.143540
0.024368
-0.060921
-0.124440
-0.125576
-0.096811
-0.084507
-0.106199
-0.131319
-0.175540
-0.184233
-0.154818
-0.112603
-0.080802
-0.068050
-0.089198
-0.141119
-0.162572
-0.171477
-0.150206
-0.087670
0.002513
0.068858
0.121509
0.144597
0.136930
0.148044
0.212713
0.230337
0.133687
0.054570
-0.018337
-0.060731
-0.004859
0.115106
0.200356
0.254984
0.275070
0.178009
0.064598
-0.015327
-0.088323
-0.114270
-0.096759
-0.089660
-0.118406
-0.130358
-0.168185
-0.173660
-0.143165
-0.098178
-0.070061
-0.055945
-0.085813
-0.148482
-0.183117
-0.197857
-0.180975
-0.124726
-0.052416
0.017690
0.084039
0.142464
0.153372
0.151343
0.162216
0.200235
0.150479
0.090974
0.026714
-0.047923
-0.023498
0.046802
0.144345
0.220928
0.273297
0.226921
0.137202
0.046050
-0.038020
-0.093006
-0.099269
-0.098256
-0.113890
-0.125998
-0.155686
-0.169481
-0.151296
-0.109783
-0.075237
-0.056136
-0.072792
-0.129824
-0.179099
-0.204804
-0.198286
-0.149692
-0.082065
-0.014213
0.056790
0.103868
0.116904
0.121391
0.103140
0.123785
0.161003
0.140381
0.094850
0.076946
0.039623
0.038316
0.097011
0.152871
0.202842
0.233472
0.198278
0.096736
0.023577
-0.051642
-0.109857
-0.124097
-0.114033
-0.122207
-0.117665
-0.120380
-0.140999
-0.134977
-0.115717
-0.107159
-0.099086
-0.103428
-0.140384
-0.174135
-0.186401
-0.174912
-0.134665
-0.068784
0.002747
0.068197
0.116103
0.135802
0.136395
0.138973
0.174998
0.176844
0.108046
0.059430
0.028550
0.008532
0.056588
0.150923
0.195675
0.241190
0.225498
0.139712
0.040009
-0.038996
-0.099129
-0.120925
-0.093723
-0.086611
-0.080130
-0.096110
-0.116744
-0.137897
-0.130945
-0.120547
-0.110637
-0.104093
-0.128219
-0.158201
-0.176319
-0.167683
-0.146009
-0.099264
-0.046271
0.017266
0.081349
0.118671
0.129886
0.127246
0.131510
0.157882
0.186705
0.135218
0.060572
0.032140
0.006116
0.029232
0.123397
0.203170
0.246914
0.257620
0.173054
0.060268
-0.027961
-0.102700
-0.131073
-0.103831
-0.088509
-0.093881
-0.106886
-0.142690
-0.171946
-0.156645
-0.129190
-0.103007
-0.080516
-0.097967
-0.135871
-0.164692
-0.165393
-0.150543
-0.097822
-0.032479
0.032464
0.082921
0.103370
0.106922
0.104080
0.139065
0.198589
0.211761
0.135270
0.086712
0.024244
-0.013165
0.024536
0.117995
0.201014
0.251613
0.258934
0.164490
0.060126
-0.036347
-0.115005
-0.143473
-0.127973
-0.111098
-0.111437
-0.107870
-0.130703
-0.134831
-0.117315
-0.098377
-0.082061
-0.082654
-0.110951
-0.163803
-0.178371
-0.184321
-0.155165
-0.092444
-0.015333
0.059130
0.118362
0.148011
0.137272
0.133999
0.146809
0.191764
0.146424
0.086245
0.048106
-0.005076
0.008256
0.077786
0.158991
0.193352
0.240495
0.202942
0.122646
0.034355
-0.022937
-0.086381
-0.099776
-0.091781
-0.113131
-0.121419
-0.139623
-0.146461
-0.146744
-0.107037
-0.088891
-0.072485
-0.081605
-0.119688
-0.162573
-0.171992
-0.162278
-0.134501
-0.070467
-0.008204
0.055030
0.100900
0.135366
0.138627
0.144444
0.185605
0.212197
0.150092
0.080940
0.028001
-0.033467
-0.009974
0.061442
0.149681
0.227910
0.272751
0.230883
0.135178
0.037945
-0.053301
-0.122456
-0.133372
-0.118764
-0.123827
-0.111077
-0.123576
-0.138639
-0.131444
-0.110791
-0.095185
-0.080585
-0.083039
-0.121277
-0.154685
-0.175570
-0.176183
-0.138325
-0.074524
0.007335
0.087967
0.142164
0.153362
0.148863
0.130388
0.172036
0.180282
0.114776
0.049322
0.012703
-0.016453
0.026300
0.134056
0.217488
0.287380
0.279849
0.192832
0.066031
-0.047328
-0.137285
-0.161140
-0.128266
-0.100697
-0.079496
-0.081393
-0.111369
-0.137737
-0.128658
-0.117003
-0.094691
-0.082442
-0.104721
-0.145238
-0.176807
-0.177941
-0.155221
-0.094528
-0.029665
0.041434
0.098700
0.130073
0.140144
0.140315
0.167754
0.199953
0.169990
0.091695
0.030950
-0.011533
-0.033726
0.068596
0.168954
0.238571
0.281802
0.253621
0.137907
0.040538
-0.038048
-0.114548
-0.122961
-0.114530
-0.114088
-0.125147
-0.122707
-0.142720
-0.133867
-0.097740
-0.075018
-0.065564
-0.074823
-0.118599
-0.172306
-0.190621
-0.189735
-0.142292
-0.080406
-0.004730
0.060548
0.115772
0.136372
0.143129
0.149813
0.159183
0.173051
0.129506
0.080091
0.042912
0.017193
0.049753
0.128486
0.183495
0.232646
0.235078
0.177027
0.077817
0.011832
-0.071735
-0.105631
-0.097327
-0.101243
-0.104282
-0.109096
-0.129917
-0.160298
-0.134591
-0.132916
-0.108825
-0.100286
-0.109833
-0.146655
-0.158737
-0.161387
-0.145671
-0.087756
-0.027192
0.038948
0.092270
0.133512
0.138728
0.138416
0.156008
0.175556
0.171991
0.100995
0.058518
0.010702
0.000401
0.050252
0.130038
0.194629
0.227190
0.225813
0.130034
0.069716
-0.018480
-0.065136
-0.103313
-0.096435
-0.108991
-0.118870
-0.133485
-0.152922
-0.139788
-0.128467
-0.092012
-0.089265
-0.090510
-0.129138
-0.159694
-0.181219
-0.167065
-0.119852
-0.057752
0.008583
0.064996
0.104451
0.109117
0.110451
0.110799
0.133814
0.173813
0.174499
0.121496
0.103793
0.061515
0.021103
0.052439
0.091327
0.117471
0.151546
0.173969
0.106616
0.074167
0.026356
-0.031055
-0.067453
-0.074626
-0.107429
-0.138189
-0.141292
-0.170942
-0.163013
-0.143615
-0.111732
-0.100181
-0.081485
-0.099980
-0.129160
-0.132976
-0.135509
-0.118883
-0.077560
-0.020237
0.025860
0.085436
0.117109
0.129844
0.146005
0.186493
0.215412
0.109489
0.053992
0.016042
0.024578
0.056441
0.141702
0.182683
0.191995
0.175644
0.106259
0.033447
-0.019051
-0.038156
-0.068745
-0.055236
-0.073351
-0.102610
-0.139218
-0.160479
-0.164997
-0.142159
-0.103975
-0.098865
-0.094790
-0.119359
-0.147799
-0.168138
-0.147968
-0.125392
-0.079620
-0.032276
0.024276
0.063253
0.100007
0.117745
0.125081
0.160096
0.184920
0.166770
0.113816
0.070711
0.022745
0.009040
0.059125
0.102208
0.157859
0.196089
0.188069
0.120999
0.064205
-0.012135
-0.068604
-0.080423
-0.090615
-0.097385
-0.108441
-0.122449
-0.162562
-0.168989
-0.163191
-0.143902
-0.117395
-0.096992
-0.104494
-0.122437
-0.129260
-0.141022
-0.116277
-0.083466
-0.031688
0.030693
0.084654
0.113459
0.130884
0.151260
0.192590
0.224147
0.161522
0.071255
0.011308
-0.035953
-0.016626
0.077078
0.159991
0.209237
0.236551
0.189831
0.091726
0.022502
-0.036906
-0.090708
-0.089454
-0.095366
-0.117087
-0.137563
-0.153218
-0.170963
-0.151726
-0.120063
-0.096880
-0.085156
-0.095226
-0.129078
-0.154706
-0.149651
-0.137095
-0.096523
-0.041161
0.014578
0.058989
0.104255
0.120120
0.129043
0.160045
0.195377
0.193595
0.117114
0.059947
-0.006781
-0.032054
0.016520
0.096411
0.168983
0.224267
0.235542
0.168616
0.083026
-0.004280
-0.077264
-0.115129
-0.109650
-0.104469
-0.111341
-0.118167
-0.142023
-0.153517
-0.146048
-0.121314
-0.099969
-0.091066
-0.105831
-0.138965
-0.164174
-0.170462
-0.146208
-0.101299
-0.028190
0.043155
0.101642
0.134140
0.133762
0.127828
0.154498
0.182921
0.131558
0.094381
0.055614
0.012974
0.027549
0.085119
0.123710
0.177802
0.226336
0.175071
0.125761
0.060717
-0.025691
-0.082992
-0.106554
-0.124927
-0.139655
-0.119324
-0.134563
-0.134389
-0.122490
-0.113771
-0.114987
-0.099795
-0.115314
-0.141950
-0.148881
-0.161338
-0.146671
-0.107126
-0.057063
0.006135
0.081320
0.119512
0.135242
0.135722
0.137498
0.181931
0.162559
0.095859
0.046465
0.021611
0.011965
0.077571
0.150463
0.190945
0.226618
0.194697
0.120260
0.040384
-0.014671
-0.066391
-0.072501
-0.076547
-0.095266
-0.110015
-0.137221
-0.159986
-0.157462
-0.131855
-0.115092
-0.091082
-0.094342
-0.121140
-0.154851
-0.163041
-0.155887
-0.124517
-0.072930
-0.016089
0.046443
0.085442
0.111443
0.121697
0.144138
0.181782
0.216662
0.162906
0.088862
0.047708
-0.009492
-0.008837
0.052638
0.137091
0.200366
0.243129
0.216987
0.139112
0.049811
-0.043100
-0.106745
-0.140265
-0.132105
-0.131585
-0.124208
-0.130601
-0.126583
-0.121415
-0.105622
-0.095593
-0.097713
-0.112006
-0.142419
-0.160110
-0.166431
-0.146902
-0.112576
-0.046132
0.021279
0.084864
0.123598
0.140904
0.140684
0.164706
0.200589
0.161338
0.086048
0.031272
-0.023857
-0.015799
0.059272
0.144091
0.219793
0.268085
0.231509
0.136120
0.038797
-0.055310
-0.116160
-0.120039
-0.102801
-0.099008
-0.090950
-0.114336
-0.143704
-0.141246
-0.124177
-0.106097
-0.087634
-0.087221
-0.127620
-0.158887
-0.179400
-0.176137
-0.145087
-0.073688
-0.002622
0.078049
0.132782
0.155361
0.141293
0.136794
0.153834
0.153551
0.109001
0.056231
0.033921
0.012795
0.063770
0.138224
0.198461
0.226622
0.218322
0.144918
0.064461
-0.009472
-0.068727
-0.091393
-0.092759
-0.099117
-0.113823
-0.121439
-0.146778
-0.145499
-0.126767
-0.102417
-0.094271
-0.090780
-0.125235
-0.156707
-0.173576
-0.169738
-0.143311
-0.090236
-0.033920
0.027599
0.095505
0.135303
0.156057
0.172772
0.191053
0.220779
0.184069
0.063256
0.003892
-0.033156
-0.029473
0.048671
0.147002
0.199165
0.243457
0.234331
0.143531
0.074327
0.002426
-0.076072
-0.115943
-0.123667
-0.152155
-0.154352
-0.142475
-0.139442
-0.111141
-0.075647
-0.067349
-0.078055
-0.094251
-0.140267
-0.173742
-0.177334
-0.163982
-0.133684
-0.073563
-0.013477
0.058682
0.116947
0.144521
0.155320
0.159714
0.188166
0.191183
0.130758
0.057363
0.018590
-0.009822
0.015967
0.094749
0.163196
0.199498
0.220419
0.178876
0.083570
0.029723
-0.033734
-0.086535
-0.094206
-0.097575
-0.121739
-0.133258
-0.134739
-0.150228
-0.124944
-0.097396
-0.084814
-0.087023
-0.103479
-0.142049
-0.172919
-0.160399
-0.144001
-0.092831
-0.028165
0.041931
0.077986
0.109615
0.118547
0.106705
0.154519
0.186761
0.157020
0.107412
0.075660
0.018170
0.031121
0.092919
0.151088
0.194556
0.226546
0.178951
0.090580
0.035183
-0.040207
-0.080230
-0.084158
-0.072886
-0.089910
-0.097974
-0.130607
-0.155144
-0.150471
-0.130081
-0.108702
-0.097691
-0.099478
-0.135526
-0.158384
-0.170843
-0.156206
-0.111683
-0.049099
0.018610
0.084783
0.115765
0.125691
0.115700
0.122821
0.143848
0.169159
0.126981
0.056076
0.038098
0.003309
0.043139
0.118416
0.205351
0.242679
0.248051
0.163221
0.057111
-0.033436
-0.105068
-0.132004
-0.110862
-0.081272
-0.075914
-0.066673
-0.097482
-0.121976
-0.131234
-0.128588
-0.127053
-0.126852
-0.139261
-0.169592
-0.176877
-0.170580
-0.134501
-0.076112
-0.004692
0.057852
0.103942
0.126269
0.120986
0.111757
0.129130
0.128255
0.117542
0.113738
0.090133
0.076011
0.070879
0.072762
0.090165
0.138100
0.156052
0.155810
0.133007
0.087468
0.016036
-0.038035
-0.082177
-0.113134
-0.113936
-0.111195
-0.112247
-0.120482
-0.116896
-0.130839
-0.135173
-0.134677
-0.138506
-0.146282
-0.144619
-0.136860
-0.120895
-0.096633
-0.064693
-0.016163
0.043966
0.089569
0.114411
0.125673
0.141671
0.176096
0.179028
0.130150
0.083907
0.032432
0.007190
0.018181
0.084780
0.138085
0.202996
0.226152
0.168758
0.103237
0.024266
-0.060263
-0.106300
-0.099374
-0.103837
-0.094613
-0.085872
-0.105658
-0.117934
-0.117948
-0.127197
-0.129860
-0.129722
-0.144897
-0.163248
-0.163231
-0.154843
-0.120008
-0.074706
-0.022281
0.035076
0.080748
0.099687
0.113953
0.129449
0.166991
0.193334
0.171827
0.097199
0.047150
0.001281
0.003343
0.072916
0.147094
0.203501
0.232000
0.198823
0.117855
0.034061
-0.036461
-0.083912
-0.101001
-0.089323
-0.100278
-0.105093
-0.118545
-0.126443
-0.129321
-0.107584
-0.098596
-0.093655
-0.111427
-0.140222
-0.161871
-0.169270
-0.155862
-0.126529
-0.069571
-0.003070
0.073326
0.118276
0.139064
0.134374
0.134093
0.153985
0.167729
0.122242
0.047614
0.011439
-0.036719
0.024453
0.116555
0.218806
0.277104
0.279218
0.190742
0.071816
-0.028748
-0.130270
-0.146339
-0.130869
-0.093989
-0.087617
-0.071523
-0.106151
-0.126036
-0.118809
-0.111247
-0.094098
-0.095220
-0.116722
-0.169885
-0.190820
-0.194107
-0.158323
-0.084925
-0.005515
0.068810
0.119407
0.134762
0.122810
0.126657
0.155704
0.163618
0.133499
0.101321
0.034885
-0.003491
0.014058
0.065651
0.142159
0.207400
0.238795
0.198287
0.125320
0.036851
-0.041250
-0.098655
-0.111480
-0.113292
-0.104036
-0.099928
-0.113651
-0.118166
-0.124507
-0.115312
-0.110284
-0.105584
-0.122338
-0.149232
-0.167586
-0.176790
-0.151192
-0.105910
-0.044399
0.021308
0.083779
0.115499
0.131554
0.131672
0.143764
0.182435
0.184308
0.086479
0.002510
-0.051770
-0.067462
0.018157
0.152799
0.263271
0.326663
0.315338
0.177654
0.043978
-0.087962
-0.158433
-0.171519
-0.117056
-0.079541
-0.065802
-0.074435
-0.114927
-0.129973
-0.124829
-0.097681
-0.087147
-0.082194
-0.127769
-0.178086
-0.214963
-0.206543
-0.158165
-0.081553
0.009645
0.079382
0.124854
0.129546
0.120452
0.113372
0.132041
0.161797
0.149601
0.099975
0.037900
0.003705
-0.015545
0.032639
0.115489
0.191098
0.228327
0.208637
0.140500
0.045023
-0.025492
-0.085427
-0.097713
-0.095745
-0.094483
-0.107595
-0.119631
-0.142645
-0.150731
-0.125772
-0.109764
-0.094946
-0.098184
-0.126605
-0.161774
-0.171541
-0.155455
-0.117307
-0.053411
0.009528
0.075913
0.101209
0.120308
0.116291
0.142241
0.170082
0.191383
0.124620
0.048760
0.014936
-0.023973
0.031519
0.125652
0.209028
0.231508
0.239533
0.168705
0.051689
-0.028164
-0.088651
-0.123815
-0.122195
-0.097069
-0.104923
-0.108861
-0.110748
-0.118053
-0.110294
-0.089331
-0.086772
-0.107958
-0.135127
-0.177929
-0.201542
-0.184703
-0.140203
-0.075150
0.008821
0.080644
0.116616
0.129732
0.129491
0.120127
0.119798
0.138883
0.134907
0.072739
0.027098
0.015959
0.028722
0.095063
0.174712
0.232952
0.223113
0.183160
0.085120
-0.003151
-0.061807
-0.098111
-0.099371
-0.082189
-0.079602
-0.093958
-0.105060
-0.124383
-0.124626
-0.112506
-0.097868
-0.104237
-0.122317
-0.147627
-0.182378
-0.178731
-0.151418
-0.108864
-0.040559
0.034493
0.081645
0.116507
0.131745
0.128475
0.144945
0.203922
0.187612
0.081793
0.031147
-0.034835
-0.051581
0.035479
0.150000
0.205770
0.281853
0.273313
0.172962
0.072629
-0.033558
-0.123644
-0.144274
-0.121336
-0.137070
-0.119468
-0.117195
-0.135840
-0.128717
-0.101465
-0.086267
-0.082432
-0.088025
-0.148323
-0.186991
-0.210543
-0.192759
-0.148404
-0.068685
0.011830
0.083439
0.142530
0.163596
0.159579
0.165952
0.173226
0.137792
0.101461
0.077873
0.050410
0.043607
0.063332
0.106878
0.160046
0.199825
0.210564
0.161988
0.106038
0.024643
-0.035383
-0.083555
-0.106340
-0.113697
-0.110689
-0.108708
-0.116641
-0.104019
-0.111525
-0.114511
-0.115886
-0.122968
-0.156453
-0.171349
-0.183233
-0.182955
-0.131903
-0.068061
-0.004258
0.066765
0.117362
0.121342
0.115770
0.116589
0.127677
0.174278
0.180050
0.106327
0.079793
0.045151
0.009079
0.065964
0.144280
0.171869
0.226846
0.232749
0.133036
0.061579
-0.013926
-0.095463
-0.119107
-0.089919
-0.101988
-0.094247
-0.084570
-0.118629
-0.130633
-0.122676
-0.128754
-0.138221
-0.127341
-0.153222
-0.165975
-0.159941
-0.150019
-0.123830
-0.060259
0.011515
0.070822
0.128851
0.140540
0.128868
0.142386
0.161355
0.143965
0.122192
0.112726
0.068677
0.061413
0.081335
0.097114
0.119629
0.163581
0.158531
0.125467
0.112187
0.045765
-0.013856
-0.061931
-0.086253
-0.122214
-0.113303
-0.114565
-0.115797
-0.109582
-0.107784
-0.120240
-0.132895
-0.139233
-0.170398
-0.175108
-0.170305
-0.146826
-0.108858
-0.056488
-0.009604
0.046151
0.094145
0.108094
0.113726
0.124662
0.157725
0.179162
0.150854
0.080377
0.036621
0.012409
0.029599
0.109627
0.164011
0.216927
0.232804
0.193642
0.113841
0.028198
-0.032104
-0.087963
-0.099740
-0.102821
-0.109875
-0.128301
-0.128367
-0.129686
-0.114546
-0.092345
-0.084037
-0.097711
-0.134146
-0.166952
-0.202067
-0.203455
-0.171974
-0.120340
-0.045484
0.034393
0.093136
0.122505
0.140806
0.133980
0.145853
0.185397
0.188407
0.101717
0.041133
0.000203
-0.010592
0.030379
0.112175
0.174156
0.230035
0.236166
0.166582
0.082124
0.007929
-0.068075
-0.110107
-0.097907
-0.109765
-0.119156
-0.107565
-0.116387
-0.128485
-0.101730
-0.100381
-0.111568
-0.111549
-0.146255
-0.188437
-0.194847
-0.176928
-0.150535
-0.081432
-0.011845
0.046511
0.103018
0.127116
0.117804
0.129292
0.157442
0.154784
0.166771
0.130484
0.058984
0.023767
0.017181
0.046502
0.117579
0.208221
0.212493
0.205690
0.136004
0.037134
-0.052737
-0.098963
-0.131959
-0.125428
-0.099595
-0.105404
-0.102467
-0.110058
-0.119551
-0.126176
-0.114606
-0.128839
-0.144491
-0.166984
-0.188760
-0.189185
-0.153330
-0.099962
-0.033307
0.040908
0.086791
0.117558
0.117102
0.118784
0.134114
0.150353
0.132366
0.093346
0.068209
0.044168
0.040666
0.088536
0.151320
0.189213
0.228670
0.203899
0.124294
0.050584
-0.039201
-0.104987
-0.120104
-0.119472
-0.113389
-0.089478
-0.081537
-0.100070
-0.092771
-0.107998
-0.124863
-0.134004
-0.150388
-0.187004
-0.188786
-0.180938
-0.162892
-0.100683
-0.037903
0.024509
0.077503
0.108162
0.103055
0.109268
0.122172
0.143370
0.179561
0.133100
0.049134
0.009161
0.008621
0.034594
0.134532
0.217980
0.237795
0.225512
0.145346
0.041327
-0.032942
-0.064539
-0.088228
-0.073976
-0.066941
-0.089943
-0.108065
-0.126149
-0.135407
-0.113899
-0.084761
-0.093544
-0.115363
-0.164843
-0.216673
-0.233649
-0.193095
-0.132697
-0.054759
0.016778
0.066179
0.089173
0.103299
0.108237
0.113637
0.143703
0.155281
0.169279
0.105160
0.025842
0.013778
0.006840
0.075059
0.160516
0.229825
0.215811
0.192794
0.112495
0.025655
-0.026293
-0.068195
-0.092602
-0.091493
-0.086772
-0.118507
-0.113634
-0.124428
-0.122735
-0.104013
-0.086094
-0.100427
-0.126888
-0.158446
-0.202854
-0.200473
-0.169209
-0.118390
-0.055676
0.026207
0.066039
0.102393
0.127331
0.127695
0.136778
0.157654
0.177038
0.148115
0.076757
0.030504
0.014001
0.027895
0.088321
0.147404
0.198519
0.213395
0.202564
0.124879
0.045757
-0.033262
-0.091124
-0.124466
-0.123283
-0.123453
-0.120303
-0.109221
-0.108696
-0.105354
-0.101925
-0.098255
-0.120984
-0.141445
-0.168994
-0.181505
-0.173391
-0.133877
-0.086422
-0.026062
0.046557
0.095375
0.120211
0.130890
0.135761
0.139346
0.148820
0.138988
0.109418
0.086826
0.064803
0.060037
0.079146
0.116974
0.147276
0.182335
0.163286
0.128355
0.092547
0.010797
-0.046203
-0.093632
-0.110774
-0.132984
-0.106385
-0.102620
-0.094301
-0.089056
-0.090992
-0.109548
-0.131968
-0.150537
-0.184732
-0.181433
-0.171892
-0.138705
-0.100703
-0.042377
0.019108
0.075443
0.113541
0.126502
0.129049
0.131175
0.138147
0.137439
0.109189
0.063925
0.051296
0.044818
0.087205
0.135063
0.190842
0.214771
0.179760
0.123217
0.047541
-0.007774
-0.064075
-0.071140
-0.084478
-0.086001
-0.082987
-0.093269
-0.104673
-0.109057
-0.100413
-0.113206
-0.111454
-0.137396
-0.167694
-0.196419
-0.195476
-0.172977
-0.117547
-0.049776
0.009318
0.068386
0.102340
0.119898
0.117073
0.126873
0.146169
0.180018
0.123592
0.074440
0.047009
0.009214
0.043564
0.111416
0.177798
0.209357
0.231731
0.163598
0.091375
0.033896
-0.035067
-0.071228
-0.081127
-0.086469
-0.106100
-0.095616
-0.118194
-0.116848
-0.112196
-0.099073
-0.098216
-0.098759
-0.130825
-0.178767
-0.192628
-0.193257
-0.157950
-0.095651
-0.027831
0.034510
0.096464
0.120884
0.116562
0.109961
0.110191
0.130697
0.147640
0.134510
0.090652
0.047847
0.029937
0.052673
0.109121
0.169533
0.197311
0.193334
0.135845
0.068615
0.009390
-0.041610
-0.068615
-0.077353
-0.083049
-0.095342
-0.110357
-0.133684
-0.137112
-0.128901
-0.106583
-0.098101
-0.102320
-0.133194
-0.168505
-0.188281
-0.182033
-0.144275
-0.084301
-0.013874
0.047215
0.090848
0.109233
0.122651
0.124613
0.149499
0.187236
0.179364
0.077319
0.027613
-0.013694
-0.014864
0.044541
0.142573
0.204418
0.241823
0.229381
0.135614
0.052854
-0.029214
-0.083772
-0.111397
-0.091915
-0.106236
-0.104580
-0.127031
-0.135787
-0.133624
-0.116445
-0.094769
-0.086207
-0.095869
-0.136361
-0.178328
-0.205663
-0.186203
-0.142842
-0.064964
0.017309
0.088033
0.122149
0.128707
0.133346
0.127322
0.131035
0.143527
0.124693
0.071489
0.049050
0.034785
0.056016
0.097372
0.151748
0.164554
0.187993
0.152513
0.081534
0.020725
-0.019322
-0.071466
-0.080431
-0.082634
-0.110774
-0.119119
-0.122905
-0.129455
-0.130016
-0.104127
-0.112598
-0.117102
-0.135382
-0.162682
-0.186296
-0.168170
-0.141728
-0.090634
-0.020314
0.037868
0.085542
0.109430
0.122161
0.112189
0.135943
0.138056
0.130468
0.105040
0.072920
0.034085
0.024279
0.062987
0.113568
0.168757
0.194053
0.198701
0.143090
0.083286
0.007350
-0.066218
-0.114768
-0.130447
-0.134454
-0.120292
-0.099252
-0.095184
-0.080434
-0.081548
-0.092445
-0.115747
-0.136791
-0.172501
-0.188496
-0.183925
-0.165850
-0.119747
-0.057446
0.001852
0.066620
0.111005
0.130967
0.130313
0.123500
0.119400
0.115199
0.108570
0.069385
0.066468
0.072707
0.087563
0.118057
0.170225
0.169712
0.161910
0.135660
0.075436
0.019476
-0.019111
-0.059496
-0.094804
-0.084375
-0.103272
-0.103334
-0.095174
-0.090055
-0.099232
-0.094671
-0.108817
-0.138631
-0.156368
-0.185316
-0.189774
-0.170997
-0.119212
-0.076637
-0.011997
0.030700
0.068258
0.085349
0.099951
0.101543
0.133286
0.167069
0.177058
0.118880
0.042749
0.008683
-0.013867
0.039069
0.122525
0.209750
0.248341
0.227817
0.139785
0.042932
-0.035053
-0.081246
-0.086908
-0.078477
-0.076130
-0.090082
-0.106823
-0.137758
-0.137521
-0.114347
-0.089771
-0.068231
-0.079695
-0.125022
-0.182368
-0.210108
-0.207908
-0.149589
-0.067790
0.011478
0.077005
0.108319
0.113236
0.106671
0.113217
0.126643
0.163909
0.150654
0.088376
0.037678
0.003406
0.006812
0.054398
0.151382
0.215525
0.243661
0.212326
0.124501
0.015208
-0.059426
-0.114554
-0.123776
-0.094997
-0.075500
-0.068583
-0.072315
-0.094373
-0.114293
-0.104700
-0.107672
-0.111158
-0.116910
-0.157586
-0.189219
-0.192952
-0.170024
-0.130888
-0.050122
0.019286
0.088900
0.129369
0.137649
0.116171
0.106049
0.107431
0.135343
0.111100
0.073669
0.055350
0.035076
0.043594
0.080470
0.144460
0.150532
0.176251
0.162689
0.106954
0.050568
0.000571
-0.048917
-0.091717
-0.097179
-0.118611
-0.125153
-0.129731
-0.115920
-0.107327
-0.081745
-0.079692
-0.092712
-0.119271
-0.158477
-0.183540
-0.188150
-0.156222
-0.107780
-0.034533
0.041485
0.093286
0.113158
0.116957
0.106394
0.100156
0.147271
0.159603
0.116229
