-0.065824
-0.127655
-0.133304
-0.127997
-0.092968
-0.045511
-0.014331
0.003390
-0.006071
-0.027010
-0.059115
-0.088747
-0.089964
-0.083919
-0.064260
-0.032070
0.002557
0.041150
0.068168
0.054573
0.047280
0.051582
0.050704
0.044973
0.060842
0.057074
0.063820
0.059381
0.065179
0.077694
0.091259
0.086175
0.041290
-0.023840
-0.086009
-0.100383
-0.066189
0.029006
0.126934
0.148970
0.089703
-0.007807
-0.107576
-0.162794
-0.152122
-0.105437
-0.052625
-0.012330
0.008724
-0.014519
-0.048346
-0.061481
-0.086600
-0.084236
-0.063436
-0.061332
-0.047328
-0.006317
0.021365
0.042762
0.055392
0.055772
0.062772
0.056993
0.046787
0.040112
0.039917
0.049682
0.065632
0.094785
0.096768
0.088628
0.085903
0.044193
-0.018539
-0.067965
-0.096402
-0.084063
-0.015130
0.087885
0.139897
0.128266
0.055619
-0.055129
-0.145752
-0.174541
-0.153651
-0.097259
-0.032060
0.012533
0.023125
-0.019589
-0.063078
-0.099883
-0.108899
-0.094049
-0.064941
-0.029482
0.014053
0.054681
0.055748
0.048067
0.033866
0.029205
0.042888
0.054422
0.062212
0.078808
0.082780
0.063519
0.034118
0.027898
0.030933
0.081287
0.105959
0.055357
-0.021776
-0.098610
-0.123298
-0.059971
0.065784
0.153689
0.153869
0.069693
-0.057708
-0.156135
-0.182129
-0.135866
-0.056689
-0.002091
0.005696
-0.018971
-0.067042
-0.082602
-0.074551
-0.061575
-0.053751
-0.069012
-0.075535
-0.049807
0.018199
0.076822
0.104628
0.066393
0.011430
-0.011596
0.009005
0.041943
0.092662
0.097173
0.068692
0.041108
0.028002
0.045486
0.090214
0.123212
0.088102
-0.003944
-0.106098
-0.145256
-0.111182
0.022129
0.149953
0.181076
0.113426
-0.007640
-0.130134
-0.179263
-0.152351
-0.097351
-0.045312
-0.012801
-0.012572
-0.026951
-0.048530
-0.054593
-0.077887
-0.089370
-0.104050
-0.096085
-0.049354
0.029341
0.085854
0.100787
0.051798
-0.003207
-0.020855
-0.002266
0.036527
0.093726
0.118233
0.096746
0.069030
0.015349
0.016075
0.065343
0.123244
0.111650
0.042823
-0.077077
-0.151149
-0.140282
-0.034908
0.110565
0.187589
0.159039
0.036148
-0.090003
-0.177996
-0.166691
-0.121259
-0.063683
-0.032832
-0.016027
-0.016361
-0.030699
-0.036278
-0.055631
-0.076546
-0.090327
-0.105633
-0.093815
-0.027023
0.049609
0.093984
0.099505
0.050449
-0.005862
-0.011519
0.003364
0.037467
0.078716
0.097591
0.091919
0.079710
0.086965
0.082765
0.069373
0.019597
-0.027023
-0.096385
-0.116508
-0.066641
0.010972
0.111954
0.173914
0.131782
0.023571
-0.082499
-0.160717
-0.175730
-0.130105
-0.077370
-0.037382
0.003062
0.013001
-0.018940
-0.040579
-0.078940
-0.118073
-0.110059
-0.091405
-0.061272
-0.003318
0.043288
0.047573
0.048731
0.043037
0.030180
0.059721
0.078410
0.058211
0.050045
0.039502
0.041586
0.048017
0.068968
0.087609
0.112056
0.070753
0.013033
-0.060768
-0.109690
-0.097541
-0.035013
0.054071
0.132190
0.129332
0.059738
-0.026388
-0.106513
-0.149407
-0.139104
-0.100246
-0.065289
-0.021863
0.005307
-0.016374
-0.031270
-0.050055
-0.093740
-0.112494
-0.106704
-0.088134
-0.021792
0.061614
0.086521
0.080932
0.044752
-0.008503
-0.002905
0.047282
0.071767
0.092549
0.091722
0.052355
0.025268
0.044183
0.072749
0.114070
0.121327
0.058655
-0.045180
-0.132254
-0.156086
-0.072980
0.063593
0.177960
0.181466
0.093227
-0.050834
-0.147648
-0.174017
-0.128933
-0.061843
-0.018288
-0.022095
-0.025299
-0.050544
-0.054430
-0.034130
-0.044914
-0.055466
-0.079256
-0.107903
-0.081552
-0.007322
0.072159
0.131787
0.122761
0.045832
-0.000821
0.000038
0.000348
0.043818
0.094496
0.110589
0.087697
0.080404
0.063939
0.076411
0.088635
0.041216
-0.033959
-0.091183
-0.122152
-0.081234
0.047379
0.163202
0.189546
0.121249
-0.016846
-0.146317
-0.186937
-0.153420
-0.080993
-0.010895
0.016894
-0.002281
-0.032025
-0.068275
-0.073491
-0.071745
-0.056574
-0.044615
-0.042629
-0.044207
-0.014107
0.021159
0.042597
0.051634
0.051724
0.055633
0.080067
0.071582
0.071185
0.065687
0.053237
0.046400
0.059773
0.074710
0.098995
0.108524
0.069359
-0.018774
-0.099867
-0.122942
-0.087695
0.019922
0.140587
0.175887
0.115622
0.010147
-0.102208
-0.155417
-0.141639
-0.089224
-0.051033
-0.012932
-0.014029
-0.037132
-0.034882
-0.028699
-0.054509
-0.060057
-0.075555
-0.101288
-0.065557
0.006510
0.056739
0.096114
0.090123
0.040956
0.027389
0.044130
0.029144
0.046209
0.071123
0.070958
0.066670
0.073407
0.084333
0.115614
0.114135
0.049194
-0.042945
-0.115077
-0.140648
-0.096579
0.034602
0.141222
0.173065
0.116346
0.015732
-0.106189
-0.146324
-0.144154
-0.106083
-0.072472
-0.027686
-0.017291
-0.025509
-0.028302
-0.037360
-0.065137
-0.068785
-0.077179
-0.088171
-0.046961
0.016232
0.053842
0.078447
0.059212
0.015352
0.017671
0.050072
0.061689
0.089479
0.089176
0.062401
0.049906
0.029200
0.037998
0.077123
0.106569
0.061771
-0.012354
-0.107784
-0.135442
-0.089515
0.023856
0.140367
0.168536
0.097480
-0.020797
-0.116259
-0.154528
-0.126600
-0.079016
-0.046388
-0.035418
-0.034470
-0.046805
-0.032144
-0.024989
-0.050696
-0.080388
-0.105607
-0.109470
-0.055935
0.026174
0.081031
0.102345
0.065894
-0.001583
-0.000568
0.037428
0.051855
0.084206
0.091682
0.069263
0.037585
0.044040
0.072907
0.117614
0.105920
0.019012
-0.096074
-0.155305
-0.153659
-0.033804
0.113666
0.199145
0.170132
0.060145
-0.083946
-0.160530
-0.156104
-0.109538
-0.050134
-0.033250
-0.036027
-0.047237
-0.046740
-0.032158
-0.030406
-0.061392
-0.082038
-0.097436
-0.082506
-0.028464
0.035510
0.066705
0.068501
0.037858
0.015173
0.039704
0.066211
0.061644
0.067736
0.053327
0.033265
0.031929
0.070931
0.107385
0.125208
0.077781
-0.026986
-0.123013
-0.152523
-0.102477
0.015682
0.124878
0.161156
0.112280
0.012452
-0.082436
-0.117356
-0.122383
-0.095171
-0.082612
-0.066887
-0.054431
-0.047597
-0.029497
-0.001055
-0.022044
-0.067632
-0.101468
-0.137437
-0.111026
-0.005692
0.091387
0.136822
0.113075
0.034423
-0.011102
0.001229
0.016215
0.047568
0.084319
0.088332
0.069206
0.060200
0.056691
0.070630
0.078007
0.059116
-0.031732
-0.112452
-0.138949
-0.103051
0.008783
0.141746
0.185210
0.121911
0.018129
-0.105545
-0.171366
-0.156040
-0.103300
-0.062001
-0.026088
-0.015622
-0.037210
-0.036211
-0.023989
-0.035434
-0.056396
-0.091999
-0.139459
-0.116727
-0.029104
0.062598
0.125402
0.127036
0.071463
0.038048
0.013789
-0.000501
0.034978
0.074047
0.074127
0.058404
0.058831
0.055951
0.083903
0.085216
0.025178
-0.059993
-0.116017
-0.126513
-0.056595
0.074311
0.156241
0.147386
0.071962
-0.040363
-0.133505
-0.145799
-0.117671
-0.069835
-0.039677
-0.034125
-0.041316
-0.046235
-0.045134
-0.041993
-0.042347
-0.048445
-0.088203
-0.119479
-0.081445
-0.003815
0.075503
0.117199
0.101091
0.045916
0.022065
0.016027
0.017452
0.053510
0.091280
0.079868
0.045877
0.034338
0.066758
0.102888
0.095702
0.029806
-0.087597
-0.160412
-0.153521
-0.050184
0.094980
0.199960
0.182880
0.075436
-0.065146
-0.154240
-0.176980
-0.129180
-0.069784
-0.032100
-0.021391
-0.017851
-0.031486
-0.029381
-0.033061
-0.053445
-0.084242
-0.117137
-0.120847
-0.054034
0.047883
0.116715
0.131464
0.086365
0.020823
0.002686
-0.003633
0.009427
0.057624
0.094968
0.097783
0.080194
0.062372
0.055887
0.072818
0.053808
-0.002276
-0.081282
-0.134861
-0.108820
-0.024970
0.108383
0.190474
0.163153
0.058687
-0.067805
-0.165452
-0.183139
-0.126993
-0.065946
-0.020425
0.007299
-0.006037
-0.026475
-0.023303
-0.044112
-0.079670
-0.094571
-0.108554
-0.086234
-0.004979
0.075179
0.110573
0.111477
0.063533
0.018197
0.018787
0.016112
0.022553
0.059935
0.084085
0.082981
0.082226
0.072881
0.074705
0.080018
0.050510
-0.041200
-0.100694
-0.112801
-0.075180
0.039390
0.149245
0.166727
0.104772
0.005656
-0.107604
-0.143734
-0.122002
-0.087623
-0.046077
-0.017118
-0.020208
-0.020848
-0.022397
-0.031585
-0.058236
-0.076503
-0.089281
-0.088378
-0.042229
0.029740
0.075553
0.090750
0.068260
0.034234
0.022486
0.039490
0.033152
0.052022
0.075624
0.084733
0.075963
0.079604
0.077688
0.085759
0.081318
0.023984
-0.072562
-0.119785
-0.116850
-0.044819
0.086578
0.184395
0.167187
0.080950
-0.041616
-0.137252
-0.157013
-0.111270
-0.065816
-0.030374
-0.004170
-0.015869
-0.021967
-0.017407
-0.013695
-0.056354
-0.091759
-0.128122
-0.131922
-0.064610
0.056089
0.148419
0.161097
0.108107
0.003552
-0.055123
-0.046914
0.017738
0.117351
0.165410
0.139760
0.070913
0.007052
0.012033
0.059633
0.087694
0.050072
-0.045548
-0.131848
-0.132822
-0.048983
0.092085
0.203375
0.188023
0.080413
-0.069381
-0.174859
-0.195574
-0.124316
-0.043118
0.009872
0.011270
-0.008513
-0.039027
-0.045369
-0.039548
-0.053966
-0.078238
-0.108009
-0.109023
-0.048520
0.053561
0.126939
0.130922
0.084386
0.018377
-0.015960
-0.009057
0.027173
0.075648
0.120978
0.103264
0.055248
0.045975
0.049344
0.054300
0.058381
0.012561
-0.092748
-0.116980
-0.089310
-0.009968
0.124946
0.205106
0.135841
0.029390
-0.090289
-0.176664
-0.163804
-0.084836
-0.041394
-0.011830
-0.001964
-0.036593
-0.058423
-0.043205
-0.046263
-0.051148
-0.051431
-0.093077
-0.103973
-0.046990
0.027522
0.099683
0.135293
0.102057
0.050263
0.024542
-0.015786
-0.004571
0.064298
0.101045
0.074214
0.060727
0.035783
0.040650
0.069540
0.076954
0.013536
-0.066617
-0.113405
-0.117449
-0.031665
0.103487
0.168810
0.137541
0.054254
-0.079255
-0.158511
-0.164427
-0.116812
-0.061552
-0.001071
-0.005695
-0.027989
-0.051823
-0.051965
-0.057213
-0.050106
-0.068963
-0.087977
-0.069233
-0.010591
0.038758
0.079493
0.081917
0.052013
0.049859
0.060371
0.029216
0.020564
0.029544
0.037974
0.053806
0.076183
0.085028
0.099510
0.083938
0.028710
-0.060295
-0.105286
-0.114964
-0.066109
0.036749
0.133790
0.156315
0.103443
0.002636
-0.104868
-0.152117
-0.143093
-0.109329
-0.062098
-0.022041
-0.012454
-0.007598
-0.015908
-0.020804
-0.045576
-0.082747
-0.120887
-0.121135
-0.079000
-0.003347
0.070302
0.117002
0.103793
0.055736
-0.000062
-0.018912
-0.006983
0.058044
0.108562
0.111614
0.067831
0.027839
0.007806
0.036884
0.084642
0.077921
0.003992
-0.079952
-0.129318
-0.103394
-0.002762
0.127995
0.175712
0.135182
0.011648
-0.114127
-0.186263
-0.164831
-0.099083
-0.034235
0.007494
-0.003718
-0.037506
-0.064079
-0.059401
-0.048653
-0.035410
-0.054156
-0.100511
-0.105735
-0.053081
0.029182
0.108938
0.141121
0.100666
0.040131
-0.003124
-0.036408
-0.001016
0.076013
0.120796
0.113617
0.081534
0.031183
0.004380
0.023931
0.025967
0.000903
-0.033413
-0.071655
-0.080705
-0.009703
0.085743
0.135676
0.121714
0.040670
-0.080283
-0.153314
-0.165792
-0.134485
-0.069025
-0.008571
0.009212
0.006669
-0.015645
-0.059046
-0.082550
-0.081474
-0.070041
-0.076715
-0.063929
-0.039650
0.012012
0.065061
0.100858
0.090196
0.067084
0.036634
0.000777
-0.001307
0.028655
0.084003
0.097533
0.096656
0.061534
0.054288
0.039142
0.029657
-0.011938
-0.074135
-0.099945
-0.092743
-0.016760
0.108365
0.184740
0.149239
0.052964
-0.090895
-0.186764
-0.193885
-0.136697
-0.062323
0.015060
0.029819
0.006565
-0.031227
-0.054323
-0.081709
-0.092330
-0.098041
-0.093029
-0.062784
-0.003327
0.057140
0.105846
0.101958
0.046493
0.004513
0.012817
0.028028
0.053190
0.084495
0.077665
0.046335
0.032180
0.036361
0.084959
0.127914
0.089972
-0.010200
-0.108283
-0.155802
-0.120748
-0.001521
0.129042
0.197798
0.147506
0.027926
-0.099882
-0.163552
-0.149435
-0.097318
-0.056194
-0.021430
-0.019877
-0.023931
-0.024532
-0.022601
-0.034730
-0.058597
-0.082408
-0.108658
-0.094098
-0.032841
0.034341
0.085607
0.090129
0.051702
0.012231
0.021147
0.046163
0.072350
0.083684
0.085297
0.072733
0.042307
0.041639
0.069521
0.079200
0.055991
0.008436
-0.071750
-0.112533
-0.089883
-0.010816
0.092994
0.172152
0.137921
0.043777
-0.065714
-0.141567
-0.162488
-0.112948
-0.065511
-0.026357
-0.002862
-0.005834
-0.014338
-0.026001
-0.055423
-0.090006
-0.099901
-0.101273
-0.084473
-0.016214
0.049470
0.089183
0.098154
0.064377
0.026363
0.023369
0.030647
0.051922
0.091919
0.099017
0.071322
0.051218
0.024978
0.030039
0.071657
0.074152
0.022463
-0.041033
-0.109591
-0.119700
-0.036212
0.088410
0.168231
0.164447
0.075428
-0.062695
-0.150681
-0.169804
-0.125129
-0.054123
-0.003955
0.001413
-0.015348
-0.037177
-0.051008
-0.050225
-0.058051
-0.075264
-0.092780
-0.088906
-0.047175
0.033347
0.102040
0.118250
0.084307
0.032347
0.009833
-0.008676
0.000159
0.050353
0.108151
0.129130
0.113589
0.085600
0.060128
0.059997
0.028219
-0.023925
-0.099061
-0.120826
-0.093230
-0.000461
0.120894
0.182716
0.154268
0.056987
-0.061034
-0.154559
-0.172379
-0.135734
-0.085039
-0.026346
0.007132
0.011421
-0.004869
-0.022013
-0.045215
-0.073289
-0.098795
-0.120696
-0.109834
-0.048470
0.028475
0.100611
0.127777
0.101993
0.053287
0.034985
0.018446
0.024869
0.045808
0.063339
0.061318
0.072394
0.086135
0.105106
0.074777
0.038017
-0.027370
-0.097289
-0.116108
-0.082923
-0.000641
0.103999
0.156815
0.117913
0.041332
-0.064314
-0.130073
-0.147246
-0.110405
-0.076587
-0.040324
-0.012718
-0.009618
-0.024679
-0.036963
-0.056292
-0.079326
-0.072357
-0.067308
-0.061413
-0.024620
0.009336
0.026391
0.044743
0.050891
0.059251
0.082759
0.077640
0.053912
0.047573
0.055301
0.048061
0.064149
0.071238
0.083530
0.079474
0.038179
-0.040606
-0.099334
-0.111932
-0.080577
0.024831
0.120939
0.149807
0.099516
0.014528
-0.092205
-0.145063
-0.144376
-0.100960
-0.057297
-0.019316
-0.009720
-0.024865
-0.049984
-0.057015
-0.059818
-0.075729
-0.078113
-0.075061
-0.053857
-0.015588
0.035792
0.063172
0.055677
0.042016
0.046350
0.050353
0.035208
0.041398
0.063731
0.081148
0.075274
0.060866
0.047262
0.064131
0.076939
0.049334
-0.038424
-0.106445
-0.130021
-0.082004
0.031729
0.138897
0.154143
0.093145
-0.004903
-0.111422
-0.152574
-0.131367
-0.088488
-0.044754
-0.017049
-0.032320
-0.048621
-0.049503
-0.054065
-0.051974
-0.059309
-0.078262
-0.092376
-0.061697
-0.014133
0.044231
0.086032
0.069174
0.037517
0.041691
0.044767
0.046652
0.076075
0.077180
0.061944
0.044557
0.032022
0.053606
0.096293
0.103789
0.036736
-0.058952
-0.141197
-0.163852
-0.069023
0.072598
0.166256
0.169176
0.084568
-0.047519
-0.143480
-0.160495
-0.127580
-0.074951
-0.027157
-0.025373
-0.045594
-0.039205
-0.031655
-0.034899
-0.038334
-0.066767
-0.107736
-0.110412
-0.059715
0.012535
0.086391
0.115150
0.089307
0.044656
0.015845
-0.004241
0.031720
0.086959
0.104163
0.085356
0.065034
0.052545
0.073377
0.088559
0.043677
-0.042528
-0.118927
-0.148186
-0.096045
0.027751
0.148397
0.185820
0.130528
0.010367
-0.110014
-0.170979
-0.154613
-0.104210
-0.047476
-0.008953
-0.009328
-0.036586
-0.043134
-0.053897
-0.054517
-0.032864
-0.045820
-0.092854
-0.084313
-0.034115
0.027971
0.093645
0.111674
0.072552
0.043912
0.026291
0.013237
0.056628
0.097749
0.101328
0.079400
0.057919
0.046802
0.063045
0.063641
0.019780
-0.073659
-0.119201
-0.122469
-0.038304
0.102688
0.183193
0.153556
0.061262
-0.067722
-0.166291
-0.166088
-0.108285
-0.051007
-0.004106
-0.001566
-0.041410
-0.051331
-0.049257
-0.056305
-0.053064
-0.046396
-0.064302
-0.065638
-0.028151
0.017764
0.066905
0.091967
0.060762
0.035804
0.042850
0.044089
0.081658
0.120040
0.101560
0.054203
0.011894
0.009214
0.054948
0.101957
0.077197
0.003451
-0.092830
-0.146695
-0.097546
0.023556
0.136030
0.175661
0.120836
-0.001587
-0.105761
-0.150570
-0.126164
-0.070558
-0.028051
-0.020340
-0.038418
-0.044749
-0.037582
-0.018964
-0.017631
-0.039125
-0.072886
-0.098567
-0.076310
-0.003933
0.057538
0.070429
0.053135
0.018551
0.011977
0.051480
0.083821
0.128021
0.132373
0.084707
0.015106
0.008389
0.037877
0.100779
0.126792
0.050220
-0.069972
-0.144754
-0.143172
-0.042319
0.100571
0.190582
0.154999
0.054983
-0.072564
-0.156075
-0.145289
-0.084460
-0.039639
-0.016819
-0.026602
-0.056561
-0.066485
-0.047245
-0.027468
-0.017239
-0.023620
-0.065051
-0.097953
-0.079030
-0.014206
0.062262
0.114391
0.111848
0.082874
0.042759
0.006766
0.009389
0.043048
0.088491
0.117895
0.113548
0.094869
0.049563
0.035108
-0.009744
-0.053486
-0.083544
-0.081656
-0.058699
0.038305
0.126387
0.141931
0.106084
0.018846
-0.095374
-0.159256
-0.156791
-0.121463
-0.050635
0.007662
0.017543
-0.009020
-0.032982
-0.069002
-0.088702
-0.079255
-0.070785
-0.060814
-0.035143
-0.001701
0.039014
0.077329
0.080131
0.060781
0.060338
0.042900
0.027810
0.058495
0.073051
0.078453
0.073896
0.062681
0.057276
0.091734
0.056715
-0.012984
-0.067485
-0.136946
-0.133456
-0.020502
0.099850
0.171830
0.169560
0.061875
-0.076610
-0.164095
-0.180792
-0.136677
-0.053766
-0.012567
-0.000835
-0.018867
-0.042255
-0.045447
-0.040365
-0.045554
-0.054644
-0.082621
-0.099362
-0.069369
0.002008
0.068341
0.105086
0.102719
0.080118
0.032919
0.014356
0.024955
0.061038
0.092397
0.095290
0.076724
0.063231
0.058972
0.046146
-0.006884
-0.072578
-0.122905
-0.111322
-0.034163
0.089153
0.166978
0.148977
0.058183
-0.062250
-0.154280
-0.165239
-0.118696
-0.065146
-0.010766
0.000329
-0.024701
-0.053098
-0.057625
-0.061473
-0.057216
-0.050725
-0.069498
-0.089521
-0.060200
-0.005868
0.064893
0.122937
0.099777
0.062733
0.023954
-0.015168
0.014668
0.088961
0.126294
0.122013
0.089344
0.040533
0.023414
0.015645
-0.014297
-0.051532
-0.098940
-0.112052
-0.044665
0.067320
0.158140
0.170361
0.092634
-0.044869
-0.159378
-0.205154
-0.160973
-0.069951
0.003133
0.039458
0.006168
-0.049338
-0.083402
-0.085831
-0.072929
-0.040638
-0.045372
-0.059106
-0.055663
-0.014771
0.049588
0.099891
0.101888
0.081291
0.031759
-0.002190
0.021775
0.068543
0.115311
0.130950
0.107393
0.058017
0.023166
0.009662
-0.041911
-0.067655
-0.077893
-0.074285
-0.017781
0.075398
0.120270
0.116128
0.065365
-0.041272
-0.123503
-0.149441
-0.131686
-0.082508
-0.012232
0.010658
-0.000022
-0.034952
-0.075767
-0.098475
-0.074858
-0.053824
-0.035857
-0.027848
-0.035907
-0.017534
0.038247
0.081203
0.082476
0.084563
0.046274
0.002227
0.033969
0.080458
0.102531
0.112299
0.097963
0.059600
0.044041
0.023613
-0.048899
-0.096237
-0.107732
-0.071775
0.002329
0.108177
0.140941
0.115962
0.045035
-0.063613
-0.132647
-0.142226
-0.118114
-0.069071
-0.020170
-0.009084
-0.033254
-0.038072
-0.054584
-0.058717
-0.038996
-0.044519
-0.066986
-0.074558
-0.046165
-0.007054
0.071584
0.121573
0.109580
0.082556
0.024573
-0.012901
0.018029
0.070112
0.103370
0.128145
0.123595
0.074826
0.033203
-0.018878
-0.099279
-0.133455
-0.109481
-0.050335
0.056718
0.158481
0.156671
0.096348
0.003092
-0.105207
-0.156524
-0.148437
-0.105850
-0.061965
-0.003472
0.005105
-0.011475
-0.024493
-0.038373
-0.064830
-0.064286
-0.068615
-0.089280
-0.069695
-0.008116
0.049985
0.096254
0.104037
0.064372
0.017818
-0.011565
-0.001636
0.057190
0.136374
0.168490
0.149799
0.090631
0.005188
-0.046646
-0.082817
-0.098231
-0.072826
-0.033614
0.019936
0.096390
0.137145
0.099919
0.040173
-0.047896
-0.126319
-0.147099
-0.119323
-0.087369
-0.034305
0.009168
0.009633
-0.011624
-0.031903
-0.072407
-0.100994
-0.095018
-0.091917
-0.069329
-0.005094
0.058726
0.096187
0.115513
0.080985
0.049181
0.007713
0.002281
0.043504
0.081951
0.107736
0.116926
0.113504
0.072847
0.042876
-0.019869
-0.093582
-0.128645
-0.108308
-0.051467
0.059082
0.156884
0.155245
0.093985
0.000070
-0.103606
-0.152753
-0.132356
-0.092468
-0.054914
-0.017752
-0.009768
-0.021069
-0.021926
-0.016572
-0.047214
-0.070694
-0.095756
-0.106911
-0.066103
0.004558
0.069443
0.110290
0.100913
0.045148
0.015465
-0.002202
0.023447
0.096422
0.140873
0.129601
0.102473
0.054839
0.009802
0.008506
-0.029643
-0.076514
-0.084656
-0.065723
-0.024215
0.079395
0.147086
0.129719
0.073864
-0.027892
-0.133491
-0.159609
-0.127153
-0.082395
-0.018847
0.014480
-0.003113
-0.034861
-0.055122
-0.069050
-0.072620
-0.063287
-0.056957
-0.055974
-0.027356
0.017739
0.054002
0.084385
0.094119
0.079775
0.044453
0.018166
0.021796
0.056313
0.106301
0.131519
0.141289
0.098360
0.034364
-0.048888
-0.117855
-0.149327
-0.110252
-0.018039
0.088026
0.167971
0.156007
0.078849
-0.019283
-0.106515
-0.146057
-0.123655
-0.089502
-0.053063
-0.017558
-0.011188
-0.017880
-0.016317
-0.028784
-0.054837
-0.086895
-0.099080
-0.099991
-0.055988
0.009290
0.074480
0.114435
0.109824
0.054009
0.012005
-0.019653
-0.002183
0.065855
0.137246
0.159172
0.137686
0.090591
0.018026
-0.021832
-0.072326
-0.113781
-0.115453
-0.070118
0.010533
0.114770
0.167500
0.141494
0.058993
-0.053488
-0.144217
-0.168919
-0.132216
-0.078170
-0.013969
0.011330
0.006823
-0.009057
-0.022823
-0.046401
-0.080589
-0.088952
-0.101416
-0.086166
-0.030205
0.035759
0.086943
0.120399
0.091228
0.034394
-0.024146
-0.039459
0.017804
0.117602
0.170070
0.176728
0.130275
0.063608
0.002571
-0.058821
-0.114148
-0.132151
-0.096332
-0.036923
0.067088
0.147888
0.157714
0.113116
0.023148
-0.089677
-0.154575
-0.160148
-0.129575
-0.069366
-0.019014
0.004841
-0.002484
-0.001271
-0.016553
-0.047861
-0.079133
-0.093735
-0.090795
-0.062626
-0.019684
0.035550
0.087103
0.110361
0.095534
0.064893
0.007015
0.006875
0.041342
0.087936
0.113717
0.131081
0.105630
0.060971
-0.006169
-0.097453
-0.146517
-0.130592
-0.060963
0.046750
0.153929
0.158661
0.101869
0.016468
-0.079820
-0.130428
-0.124375
-0.093560
-0.064836
-0.045080
-0.038037
-0.027210
-0.004554
0.002290
-0.018640
-0.058379
-0.087183
-0.096903
-0.081626
-0.034191
0.019832
0.066418
0.099165
0.086452
0.076744
0.064726
0.029107
0.027507
0.051937
0.060597
0.071342
0.105067
0.097547
0.076854
0.012729
-0.088473
-0.147600
-0.130667
-0.059633
0.051652
0.157923
0.157229
0.095082
0.001065
-0.086711
-0.133759
-0.106690
-0.085599
-0.065713
-0.044529
-0.046893
-0.036749
-0.006877
-0.000795
-0.015442
-0.041993
-0.078963
-0.093521
-0.075272
-0.028850
0.034451
0.095634
0.092713
0.065775
0.038178
0.000968
0.014126
0.087226
0.141504
0.153293
0.117743
0.058440
-0.002581
-0.028444
-0.070428
-0.095309
-0.079576
-0.043807
0.014531
0.106033
0.149494
0.118275
0.059034
-0.041785
-0.134695
-0.155587
-0.128070
-0.081222
-0.008964
0.014676
-0.000022
-0.017716
-0.034969
-0.069889
-0.069811
-0.074374
-0.077417
-0.062823
-0.038622
-0.001088
0.055453
0.098227
0.093289
0.077300
0.056248
0.021403
0.018488
0.054555
0.070953
0.090665
0.107503
0.101153
0.076794
0.024787
-0.074549
-0.131563
-0.136691
-0.085885
0.027132
0.141552
0.177416
0.127409
0.038338
-0.080309
-0.139965
-0.139641
-0.101081
-0.055044
-0.018706
-0.025136
-0.035722
-0.031910
-0.025472
-0.028623
-0.043849
-0.060611
-0.068568
-0.063380
-0.042555
-0.001449
0.037886
0.075768
0.080321
0.083404
0.056833
0.034942
0.058598
0.082670
0.093860
0.093074
0.096875
0.062876
0.013864
-0.049546
-0.112542
-0.130028
-0.072772
0.016897
0.115125
0.174468
0.130454
0.028216
-0.069953
-0.137308
-0.146036
-0.093510
-0.039183
-0.012029
-0.023310
-0.034783
-0.051820
-0.041851
-0.024575
-0.022439
-0.050254
-0.088044
-0.110285
-0.092222
-0.012921
0.079201
0.140137
0.136597
0.098699
0.033905
-0.022589
-0.025422
0.027420
0.088337
0.123127
0.122983
0.101390
0.057112
0.014955
-0.053592
-0.108245
-0.129486
-0.094181
-0.012843
0.103553
0.158456
0.140345
0.068810
-0.037119
-0.128363
-0.157096
-0.129251
-0.087597
-0.030143
-0.013660
-0.018359
-0.017092
-0.015110
-0.025586
-0.050147
-0.089454
-0.106976
-0.084731
-0.040142
0.022639
0.091597
0.115227
0.093898
0.051613
-0.006845
-0.036094
0.022324
0.087616
0.124388
0.133416
0.108685
0.079672
0.059320
-0.014593
-0.092688
-0.144393
-0.148454
-0.077046
0.051794
0.169368
0.195153
0.140479
0.015133
-0.114867
-0.187526
-0.171556
-0.115112
-0.039987
-0.000859
-0.009061
-0.030107
-0.032080
-0.026866
-0.024472
-0.049987
-0.091120
-0.112945
-0.103332
-0.035001
0.060617
0.120370
0.125409
0.091767
0.032768
-0.021735
-0.024911
0.031119
0.094918
0.142270
0.134572
0.103157
0.063028
0.001973
-0.073942
-0.116217
-0.134164
-0.108349
0.002775
0.116046
0.167649
0.154425
0.058904
-0.067440
-0.146161
-0.158821
-0.132906
-0.062136
-0.023549
-0.026898
-0.026655
-0.027664
-0.027057
-0.032105
-0.055168
-0.087521
-0.089844
-0.076328
-0.031602
0.041259
0.089260
0.102258
0.084064
0.057088
0.015751
0.014702
0.051998
0.084367
0.094205
0.087056
0.062097
0.047310
0.034289
-0.013671
-0.066808
-0.114456
-0.110452
-0.048523
0.065298
0.151520
0.158311
0.085365
-0.026314
-0.123399
-0.160456
-0.127385
-0.064115
-0.015701
-0.006087
-0.028599
-0.064649
-0.056226
-0.039946
-0.033444
-0.039410
-0.067491
-0.091790
-0.079166
-0.019742
0.053510
0.120358
0.117393
0.074767
0.028492
-0.020537
-0.003945
0.074551
0.126493
0.132355
0.104225
0.046915
0.006774
0.014384
-0.028661
-0.070711
-0.082649
-0.077315
-0.022112
0.077485
0.139534
0.118162
0.065894
-0.031150
-0.116154
-0.136212
-0.111372
-0.076439
-0.023564
-0.013585
-0.031765
-0.036272
-0.046560
-0.053575
-0.034631
-0.039362
-0.060384
-0.068884
-0.071127
-0.035378
0.046074
0.118123
0.126627
0.101735
0.053752
-0.025711
-0.036563
0.021826
0.088288
0.137912
0.171570
0.137869
0.077035
-0.013680
-0.101594
-0.145017
-0.135609
-0.063975
0.034150
0.136154
0.153016
0.127075
0.040135
-0.052847
-0.119606
-0.130762
-0.130079
-0.085124
-0.054885
-0.033747
-0.014667
0.003136
-0.001736
-0.021947
-0.060196
-0.093793
-0.095014
-0.074905
-0.024208
0.040886
0.085041
0.084338
0.081367
0.083106
0.064980
0.045764
0.049628
0.048550
0.047019
0.067871
0.082068
0.097988
0.097608
0.018662
-0.076273
-0.143281
-0.137411
-0.071819
0.066914
0.164513
0.170872
0.104775
-0.013419
-0.114054
-0.144760
-0.117474
-0.071936
-0.027902
-0.025780
-0.047016
-0.057525
-0.045147
-0.029160
-0.018232
-0.024685
-0.043847
-0.078356
-0.083455
-0.045540
0.038004
0.107453
0.128912
0.102769
0.056906
0.008253
-0.017485
0.024778
0.078611
0.115174
0.120731
0.104927
0.075457
0.038315
-0.025063
-0.105235
-0.124182
-0.102475
-0.033040
0.069877
0.160788
0.147229
0.087073
-0.000361
-0.096614
-0.143495
-0.126653
-0.097252
-0.064465
-0.033638
-0.029208
-0.035868
-0.016558
0.004554
-0.016157
-0.049407
-0.098626
-0.122280
-0.080699
0.022781
0.100695
0.149415
0.122662
0.045695
-0.035026
-0.066910
-0.020948
0.095431
0.181849
0.173657
0.118776
0.055410
0.007980
-0.019536
-0.060702
-0.078348
-0.103371
-0.074700
-0.015900
0.093401
0.157075
0.156675
0.079724
-0.044169
-0.145317
-0.187050
-0.148229
-0.078130
-0.017707
0.005401
-0.012458
-0.035804
-0.045928
-0.044113
-0.037283
-0.040340
-0.068865
-0.083417
-0.070006
-0.013976
0.068747
0.124328
0.105924
0.074074
0.033597
-0.020887
-0.001203
0.062200
0.107093
0.112891
0.105980
0.079228
0.055254
0.008368
-0.072637
-0.110343
-0.127357
-0.086250
0.017263
0.126043
0.154139
0.127007
0.043031
-0.072430
-0.139301
-0.146133
-0.121382
-0.066072
-0.026195
-0.030667
-0.036625
-0.044115
-0.041775
-0.035464
-0.032531
-0.045719
-0.073132
-0.094010
-0.075262
-0.013181
0.072036
0.107315
0.092786
0.068181
0.028663
-0.011721
0.030099
0.073014
0.110332
0.111150
0.078471
0.045984
0.024111
0.003936
-0.053105
-0.081428
-0.094034
-0.066270
-0.005662
0.101914
0.140079
0.120491
0.044407
-0.057896
-0.147480
-0.149000
-0.114269
-0.055324
-0.009007
-0.008040
-0.034452
-0.059893
-0.068306
-0.047029
-0.037953
-0.058082
-0.076728
-0.081509
-0.043958
0.020972
0.081660
0.096706
0.072090
0.042643
0.028083
0.013075
0.030789
0.067089
0.078958
0.078417
0.052819
0.050149
0.060165
0.078093
0.031712
-0.039932
-0.103393
-0.139942
-0.080081
0.034429
0.135137
0.159674
0.113091
-0.013223
-0.117899
-0.158838
-0.132807
-0.071763
-0.010360
-0.018786
-0.042927
-0.068717
-0.075910
-0.053292
-0.024051
-0.029551
-0.047084
-0.058839
-0.066632
-0.027211
0.036582
0.086194
0.097915
0.064489
0.028635
0.008606
0.004080
0.047548
0.083869
0.096867
0.090319
0.074677
0.067686
0.063697
0.035013
-0.046911
-0.112398
-0.140910
-0.101652
0.025481
0.145229
0.191348
0.145103
0.022624
-0.112492
-0.180261
-0.169351
-0.099034
-0.029390
-0.003444
-0.011352
-0.036478
-0.052099
-0.048254
-0.017944
-0.029240
-0.066941
-0.100882
-0.100779
-0.044279
0.045167
0.116684
0.123478
0.075971
0.043007
0.008809
-0.004124
0.051038
0.099425
0.117340
0.082975
0.037572
0.010672
0.037548
0.049988
0.022883
-0.024992
-0.090601
-0.108944
-0.047525
0.071912
0.156144
0.160178
0.072242
-0.061054
-0.161969
-0.180572
-0.119647
-0.026915
0.036149
0.016244
-0.035079
-0.088693
-0.095340
-0.066079
-0.018322
-0.008291
-0.030947
-0.069276
-0.074808
-0.033852
0.064560
0.125075
0.114461
0.065592
0.013352
-0.029246
0.012112
0.096550
0.168859
0.165765
0.109972
0.027861
-0.022889
-0.025039
-0.020395
-0.025734
-0.038937
-0.049758
-0.034848
0.035495
0.120559
0.152161
0.103090
0.006943
-0.114844
-0.176381
-0.160752
-0.079265
0.007963
0.047027
0.018951
-0.043952
-0.095455
-0.090244
-0.049618
-0.029852
-0.038471
-0.054562
-0.064757
-0.024848
0.052062
0.121931
0.118626
0.058909
0.003064
-0.007697
0.004639
0.081444
0.139338
0.134732
0.077300
0.011614
-0.016098
0.030251
0.085661
0.086226
0.034100
-0.065518
-0.136774
-0.107425
0.001227
0.129488
0.192714
0.133802
0.011279
-0.120115
-0.178832
-0.151535
-0.057985
0.014146
0.022835
-0.029300
-0.076971
-0.100035
-0.069241
-0.031049
-0.007702
-0.014047
-0.046386
-0.070562
-0.043845
0.028626
0.104341
0.121488
0.069223
0.026024
-0.002627
0.002848
0.068880
0.125646
0.125606
0.075465
0.018678
-0.002684
0.043254
0.083848
0.067438
0.001624
-0.089265
-0.137096
-0.080165
0.042882
0.145427
0.170751
0.108411
-0.026432
-0.141021
-0.172597
-0.127797
-0.042985
0.017455
-0.002676
-0.044329
-0.088222
-0.091093
-0.036571
0.006201
-0.017933
-0.058744
-0.105189
-0.097455
-0.019628
0.083347
0.131218
0.117275
0.054070
0.009434
-0.013710
0.001357
0.075703
0.124119
0.118971
0.074447
0.025448
0.009313
0.045467
0.062414
0.017932
-0.040202
-0.106855
-0.129781
-0.044008
0.083529
0.169362
0.163624
0.070129
-0.072490
-0.170352
-0.178618
-0.119493
-0.030147
0.025019
-0.002252
-0.057686
-0.083536
-0.087138
-0.063000
-0.037934
-0.044623
-0.059380
-0.061538
-0.041383
0.002165
0.071785
0.077169
0.048585
0.034056
0.046354
0.043150
0.053123
0.067018
0.069510
0.068502
0.043265
0.026245
0.060509
0.084478
0.074069
0.005460
-0.077559
-0.146175
-0.119705
-0.022885
0.097029
0.175978
0.149600
0.037911
-0.098781
-0.170767
-0.172399
-0.100092
-0.026223
0.004795
-0.006969
-0.053642
-0.084107
-0.086453
-0.055155
-0.037231
-0.034564
-0.062437
-0.088381
-0.062869
0.004332
0.082204
0.105967
0.074720
0.010428
-0.003697
0.002295
0.055981
0.129714
0.131571
0.079234
0.002583
-0.041938
-0.010272
0.072322
0.106462
0.069946
-0.017969
-0.117170
-0.144681
-0.069076
0.060823
0.163678
0.167861
0.071920
-0.078503
-0.178275
-0.184024
-0.115596
-0.020865
0.027860
-0.005959
-0.057372
-0.100270
-0.101970
-0.060997
-0.025674
-0.031853
-0.047418
-0.059495
-0.046278
-0.004927
0.059461
0.072495
0.052984
0.027724
0.027291
0.023758
0.065107
0.103912
0.109916
0.073054
0.024161
-0.004226
0.020260
0.060145
0.074642
0.043954
-0.032037
-0.096386
-0.102538
-0.041707
0.065965
0.144768
0.121757
0.035600
-0.073058
-0.145293
-0.141644
-0.080195
-0.018623
0.007769
-0.024104
-0.074873
-0.110902
-0.086102
-0.051369
-0.022524
-0.015522
-0.029053
-0.055190
-0.053807
-0.025276
0.036885
0.073334
0.068675
0.047403
0.051520
0.038049
0.052281
0.096097
0.107152
0.085734
0.045396
-0.007920
-0.006731
0.051349
0.082765
0.054142
-0.002511
-0.087359
-0.132636
-0.054087
0.060634
0.147212
0.162100
0.076083
-0.063760
-0.156684
-0.178200
-0.131451
-0.037600
0.027357
0.014477
-0.027428
-0.060395
-0.076739
-0.079943
-0.062382
-0.049304
-0.058122
-0.065194
-0.036832
0.001988
0.072847
0.101400
0.066062
0.018979
0.036983
0.038540
0.065558
0.124472
0.130540
0.087044
0.029417
-0.021252
-0.007372
0.083065
0.124106
0.083926
-0.010335
-0.107003
-0.152990
-0.073831
0.060747
0.170256
0.179948
0.090051
-0.063552
-0.164794
-0.179232
-0.126416
-0.031421
0.024797
-0.003174
-0.062984
-0.099896
-0.089906
-0.030187
-0.000359
-0.028738
-0.085055
-0.123931
-0.099391
-0.004144
0.121558
0.171281
0.132010
0.028836
-0.018326
-0.030555
0.021157
0.110857
0.172250
0.153132
0.085056
-0.007574
-0.029375
0.006308
0.057803
0.069843
0.018315
-0.071430
-0.116534
-0.070569
0.045569
0.163877
0.175442
0.085703
-0.061950
-0.175926
-0.204177
-0.126276
-0.021177
0.051866
0.041237
-0.033807
-0.106945
-0.127817
-0.100216
-0.049385
-0.018926
-0.014383
-0.053206
-0.060257
-0.028334
0.052971
0.111563
0.106518
0.047014
0.008000
0.002889
0.014802
0.078623
0.137442
0.144364
0.074518
0.009760
-0.019820
0.023812
0.090004
0.112425
0.036479
-0.053320
-0.139755
-0.124781
-0.012558
0.127593
0.187601
0.146516
0.026353
-0.118193
-0.185026
-0.170121
-0.099664
-0.016392
0.020783
-0.005798
-0.043908
-0.072110
-0.076078
-0.066069
-0.056866
-0.063041
-0.077116
-0.072534
-0.024807
0.043077
0.100873
0.103880
0.051568
0.006327
0.016196
0.022202
0.071333
0.140951
0.136634
0.084798
0.018856
-0.030999
0.009820
0.074376
0.089579
0.034576
-0.050714
-0.115807
-0.115227
-0.007598
0.123944
0.189749
0.136239
0.019024
-0.131628
-0.195920
-0.167998
-0.087361
-0.005581
0.038483
-0.013344
-0.061929
-0.084414
-0.080848
-0.048194
-0.032480
-0.075686
-0.107479
-0.099832
-0.048183
0.047224
0.128864
0.126940
0.060104
-0.000588
-0.005443
0.022926
0.066577
0.110239
0.117853
0.061630
-0.005755
-0.028499
0.022441
0.101448
0.125609
0.088276
-0.039910
-0.136193
-0.157214
-0.080097
0.062559
0.189114
0.174001
0.073786
-0.056699
-0.162684
-0.174124
-0.107341
-0.043795
-0.002902
-0.021428
-0.071226
-0.097390
-0.080412
-0.047124
-0.015144
-0.036426
-0.072884
-0.098920
-0.069252
-0.006023
0.086222
0.123687
0.081834
0.014894
-0.015693
0.001672
0.048356
0.114815
0.151329
0.120933
0.035351
-0.042883
-0.035722
0.041044
0.097056
0.110132
0.035621
-0.073240
-0.138229
-0.104800
-0.009125
0.129963
0.172856
0.104230
-0.017454
-0.125703
-0.183621
-0.130267
-0.063111
-0.008652
0.008525
-0.029411
-0.074833
-0.092973
-0.071344
-0.046348
-0.028148
-0.048703
-0.076810
-0.081078
-0.037699
0.019170
0.091980
0.106205
0.050286
0.009956
0.014013
-0.002523
0.032857
0.111663
0.141260
0.138724
0.092027
0.010432
-0.017952
0.019083
0.025142
-0.007264
-0.045200
-0.092042
-0.078984
0.014693
0.126850
0.170950
0.130881
0.009579
-0.130813
-0.198107
-0.179467
-0.101202
-0.000836
0.050240
0.009898
-0.035160
-0.081974
-0.103105
-0.071976
-0.059244
-0.062782
-0.053804
-0.050388
-0.056837
-0.007515
0.056719
0.097894
0.094819
0.049001
0.005542
-0.012276
-0.004966
0.066649
0.152196
0.146646
0.088019
0.053706
0.016263
0.010992
0.020622
-0.005445
-0.060253
-0.086679
-0.074483
-0.008220
0.099490
0.166619
0.132113
0.038244
-0.089594
-0.179263
-0.184578
-0.104373
-0.030095
0.036540
0.011402
-0.033544
-0.090586
-0.095497
-0.056769
-0.030873
-0.051729
-0.087306
-0.107546
-0.077026
0.023315
0.127550
0.171284
0.108233
-0.000127
-0.067973
-0.081079
-0.022178
0.117260
0.212468
0.223773
0.147395
0.035992
-0.037044
-0.042710
-0.024359
-0.015025
-0.026701
-0.058923
-0.066990
-0.004281
0.094151
0.159898
0.156059
0.058955
-0.085042
-0.188512
-0.212203
-0.142432
-0.023648
0.059211
0.052686
0.002905
-0.064036
-0.108971
-0.093458
-0.075424
-0.062097
-0.045869
-0.046826
-0.040328
0.015057
0.059222
0.091375
0.090931
0.035950
0.006100
0.006189
0.032486
0.100335
0.174331
0.171205
0.089213
0.018729
-0.020695
-0.016166
0.005388
-0.001534
-0.028540
-0.050603
-0.056475
0.003545
0.093496
0.152802
0.124154
0.038728
-0.083006
-0.169622
-0.167363
-0.105728
-0.010645
0.047176
0.028141
-0.028826
-0.076399
-0.102711
-0.093057
-0.060808
-0.045609
-0.028587
-0.034022
-0.026899
0.007084
0.054337
0.089348
0.095840
0.077075
0.059538
0.031585
0.033115
0.069733
0.093929
0.104245
0.068354
0.042501
0.053578
0.054125
0.026066
-0.004342
-0.072380
-0.116931
-0.087095
0.000325
0.107476
0.185690
0.159248
0.044425
-0.080997
-0.173272
-0.183792
-0.103566
-0.017043
0.030489
0.014425
-0.031442
-0.081518
-0.097070
-0.070864
-0.032664
-0.019769
-0.031228
-0.056594
-0.064841
-0.009867
0.059886
0.113662
0.104008
0.057923
0.025533
0.002469
0.018301
0.095785
0.135669
0.132536
0.115719
0.082344
0.041720
0.017416
-0.048707
-0.103801
-0.131633
-0.094953
-0.015563
0.113475
0.195239
0.178803
0.087013
-0.056268
-0.169422
-0.202495
-0.146585
-0.062537
0.012464
0.025861
-0.007764
-0.050334
-0.066040
-0.053000
-0.048675
-0.063787
-0.089646
-0.094663
-0.079725
-0.001845
0.091449
0.139993
0.132476
0.067149
-0.002970
-0.043527
-0.011924
0.065277
0.142828
0.169972
0.119614
0.062844
0.025933
0.000656
-0.015692
-0.060139
-0.107054
-0.126139
-0.069596
0.035896
0.161809
0.207094
0.133478
0.002177
-0.142168
-0.218698
-0.188896
-0.084542
0.003367
0.050858
0.015141
-0.043225
-0.090504
-0.094519
-0.073858
-0.061413
-0.061151
-0.078816
-0.092018
-0.057699
0.028238
0.102518
0.157734
0.130607
0.047944
-0.021200
-0.052104
-0.002649
0.084059
0.148371
0.147515
0.113968
0.064473
0.018830
-0.024604
-0.072120
-0.115856
-0.114047
-0.063823
0.008586
0.119735
0.174977
0.131421
0.029980
-0.082969
-0.180883
-0.182635
-0.118185
-0.041355
0.016095
0.011891
-0.032710
-0.077429
-0.083330
-0.085025
-0.066714
-0.060205
-0.058922
-0.065545
-0.041722
0.008084
0.050991
0.102002
0.110288
0.088744
0.030458
-0.008760
-0.002182
0.042597
0.103140
0.137223
0.131563
0.099136
0.038759
-0.052147
-0.111985
-0.139970
-0.111454
-0.024186
0.061157
0.134354
0.133255
0.079850
-0.009095
-0.093853
-0.139262
-0.131618
-0.088189
-0.054287
-0.027667
-0.035657
-0.046703
-0.048387
-0.037399
-0.049581
-0.070357
-0.093223
-0.098223
-0.080079
-0.026703
0.044378
0.097451
0.105826
0.057909
0.020372
-0.000806
0.014210
0.062179
0.109077
0.122674
0.102678
0.087000
0.067398
0.052411
-0.018404
-0.102087
-0.147282
-0.132034
-0.052580
0.077909
0.167570
0.155879
0.087579
-0.031792
-0.129538
-0.160200
-0.120119
-0.085052
-0.030106
-0.024693
-0.053943
-0.069032
-0.044381
-0.040890
-0.027316
-0.038778
-0.082340
-0.104721
-0.091807
-0.036224
0.051402
0.128771
0.131325
0.097703
0.059600
0.010875
0.017933
0.064852
0.078288
0.085559
0.098917
0.079433
0.076014
0.031852
-0.062019
-0.115535
-0.132348
-0.104031
0.005630
0.129009
0.161357
0.127647
0.044212
-0.079120
-0.146017
-0.138748
-0.095523
-0.046658
-0.011356
-0.043797
-0.069158
-0.072412
-0.051292
-0.029833
-0.022851
-0.037817
-0.070352
-0.090319
-0.066350
0.011123
0.084180
0.113171
0.089522
0.046398
0.010684
0.027491
0.082383
0.131354
0.160898
0.122189
0.068392
0.026663
-0.007542
-0.053718
-0.085014
-0.099467
-0.091734
-0.006769
0.101419
0.168077
0.158374
0.073704
-0.057472
-0.152065
-0.175658
-0.127044
-0.051806
0.007910
0.003080
-0.030188
-0.062164
-0.070253
-0.064506
-0.056670
-0.053176
-0.049528
-0.045078
-0.043944
-0.005422
0.043763
0.085844
0.089801
0.076042
0.057980
0.037716
0.064674
0.106996
0.112522
0.103039
0.069986
0.054932
0.051706
0.009058
-0.050324
-0.104159
-0.122526
-0.067913
0.033030
0.133750
0.182515
0.127491
0.024421
-0.090266
-0.152006
-0.149952
-0.091339
-0.028720
-0.002461
-0.018773
-0.057597
-0.067545
-0.056931
-0.043335
-0.031248
-0.033086
-0.064616
-0.084986
-0.048211
0.011392
0.090051
0.142509
0.136639
0.094974
0.032863
0.016784
0.045132
0.093657
0.106445
0.085634
0.069720
0.064014
0.047470
0.013522
-0.045013
