-0.305084
0.418152
0.780396
-0.054230
-0.562927
-0.409332
-0.116852
0.492279
0.545471
-0.106689
-0.226166
-0.024506
-0.250305
-0.054901
0.275238
0.094452
0.060547
-0.007477
-0.328186
-0.136688
0.222534
0.249329
0.178802
-0.073029
-0.327454
-0.115448
0.078644
-0.054749
-0.163666
-0.355438
0.176819
0.815826
0.213654
-0.498291
-0.459564
-0.201904
0.319489
0.584778
0.038361
-0.213104
-0.017242
-0.222809
-0.165466
0.221191
0.149933
0.062866
0.041199
-0.259583
-0.221313
0.163879
0.285309
0.155731
-0.048492
-0.245056
-0.161438
0.063416
-0.046051
-0.170410
-0.337280
0.071136
0.768829
0.357086
-0.422668
-0.507111
-0.250946
0.235168
0.564423
0.157593
-0.203033
-0.037079
-0.154755
-0.234344
0.153870
0.195679
0.065491
0.062561
-0.192780
-0.284882
0.133942
0.291992
0.144379
0.008698
-0.223938
-0.191681
0.059540
-0.044891
-0.130585
-0.304199
-0.097778
0.703430
0.510284
-0.330353
-0.498810
-0.299866
0.089142
0.565155
0.273560
-0.202179
-0.058441
-0.105408
-0.261963
0.098602
0.202637
0.040649
0.076080
-0.110413
-0.271973
0.061127
0.258728
0.156677
0.019409
-0.189545
-0.191010
0.067017
-0.023102
-0.184540
-0.329895
-0.136749
0.676422
0.623535
-0.255371
-0.567352
-0.358032
0.068634
0.546356
0.330261
-0.164917
-0.093567
-0.075958
-0.274902
0.045410
0.235413
0.057800
0.069519
-0.086639
-0.292236
0.039551
0.274017
0.152100
0.015106
-0.151764
-0.207947
0.037903
0.065369
-0.154175
-0.263672
-0.302582
0.352966
0.761169
0.061584
-0.496338
-0.387085
-0.136078
0.344055
0.486359
-0.020508
-0.135712
-0.004517
-0.276367
-0.107544
0.230499
0.099609
0.058990
0.004028
-0.234589
-0.078857
0.209534
0.191071
0.038300
-0.136536
-0.150360
0.023560
0.024628
-0.149780
-0.264984
-0.366241
0.307129
0.840942
0.149231
-0.487122
-0.444214
-0.226715
0.315735
0.560455
0.054443
-0.169373
-0.032410
-0.222412
-0.156586
0.203003
0.139160
0.046356
0.021301
-0.190033
-0.120453
0.179810
0.188538
0.055145
-0.091156
-0.160461
-0.030701
0.113068
-0.117249
-0.285919
-0.296570
-0.004089
0.668457
0.508911
-0.282959
-0.505127
-0.295563
0.060028
0.497772
0.287415
-0.132355
-0.046234
-0.116882
-0.278076
0.072876
0.194092
0.050201
0.081726
-0.066589
-0.215210
0.069763
0.212280
0.052582
-0.061066
-0.082153
-0.021088
0.058685
-0.129120
-0.272705
-0.295288
-0.086731
0.644440
0.602081
-0.209259
-0.505066
-0.356598
-0.038147
0.495941
0.386566
-0.093933
-0.088379
-0.105377
-0.284149
0.024567
0.223083
0.062927
0.079376
-0.029877
-0.214905
0.008789
0.216675
0.076660
-0.039001
-0.081604
-0.061066
0.072296
-0.059296
-0.275543
-0.244751
-0.191895
0.390656
0.719452
0.033875
-0.485687
-0.389282
-0.152679
0.334778
0.473633
0.011688
-0.129578
-0.014435
-0.245605
-0.134552
0.202545
0.104706
0.067291
0.045197
-0.207855
-0.066589
0.222931
0.076385
-0.039520
-0.027405
-0.071075
0.028290
-0.017609
-0.273773
-0.241028
-0.227722
0.241974
0.761566
0.213287
-0.468811
-0.443634
-0.217651
0.227936
0.552307
0.106354
-0.187897
-0.018036
-0.169464
-0.200226
0.163025
0.149017
0.037964
0.073517
-0.138733
-0.145325
0.182037
0.125854
-0.030518
-0.017822
-0.060699
-0.005890
0.048370
-0.202698
-0.239075
-0.205841
-0.098999
0.606140
0.586548
-0.233246
-0.480927
-0.309631
-0.051086
0.465515
0.351135
-0.111176
-0.026398
-0.066772
-0.316620
0.007050
0.199951
0.066772
0.094391
-0.013641
-0.167084
0.038818
0.114746
-0.011200
0.005646
0.005524
0.001770
0.012482
-0.169525
-0.261383
-0.214203
-0.197052
0.484924
0.722412
-0.047943
-0.494659
-0.395630
-0.182037
0.403473
0.483429
-0.043884
-0.065155
-0.024139
-0.307892
-0.086334
0.195923
0.072662
0.119141
0.077576
-0.185913
-0.051117
0.108490
0.009125
0.033234
0.031189
-0.028717
0.018280
-0.072906
-0.289459
-0.202179
-0.230438
0.171539
0.771027
0.281677
-0.433289
-0.446289
-0.280914
0.151794
0.555145
0.158508
-0.113922
0.044586
-0.240967
-0.276550
0.156494
0.141602
0.087097
0.180603
-0.114868
-0.214600
0.081940
0.046234
0.023438
0.099030
0.007904
-0.021576
-0.092224
-0.295135
-0.198517
-0.214722
0.062225
0.760345
0.412415
-0.376038
-0.482574
-0.340424
0.062164
0.582581
0.246887
-0.113403
0.024780
-0.204132
-0.286621
0.117981
0.151215
0.090790
0.170746
-0.093658
-0.217896
0.066010
0.082306
0.015961
0.093811
-0.023712
-0.053253
0.031342
-0.218048
-0.257538
-0.165070
-0.202820
0.505096
0.743774
-0.108551
-0.530457
-0.378082
-0.182434
0.416473
0.499695
-0.053436
-0.015839
-0.031464
-0.374695
-0.086792
0.208527
0.116547
0.207916
0.036804
-0.292786
-0.081055
0.115967
0.036957
0.102325
0.065460
-0.073395
-0.028442
-0.180328
-0.287994
-0.170685
-0.167847
0.430634
0.751526
-0.016541
-0.542084
-0.416779
-0.177734
0.365845
0.522614
-0.003418
-0.062622
-0.003906
-0.319672
-0.124298
0.193298
0.124268
0.159668
0.062958
-0.261475
-0.099701
0.143616
0.045380
0.061584
0.045288
-0.062500
-0.016235
-0.085052
-0.278992
-0.177063
-0.237549
0.183960
0.790497
0.254486
-0.466919
-0.462006
-0.284729
0.181641
0.569641
0.154327
-0.105194
0.062531
-0.235535
-0.295532
0.142334
0.190918
0.141205
0.122101
-0.199860
-0.205872
0.103485
0.098450
0.038696
0.065735
-0.011230
-0.039398
-0.076996
-0.281921
-0.211334
-0.188446
0.092438
0.727112
0.396149
-0.404327
-0.509369
-0.308746
0.101593
0.562683
0.258728
-0.127075
0.021057
-0.151001
-0.328064
0.089874
0.231537
0.108246
0.117126
-0.126526
-0.268433
0.087158
0.150299
0.023346
0.071655
-0.017059
-0.075470
-0.028473
-0.240479
-0.209534
-0.164246
-0.070404
0.622406
0.559692
-0.274750
-0.524017
-0.348267
-0.037689
0.514709
0.401764
-0.136505
-0.015106
-0.040985
-0.370026
0.004944
0.276184
0.087708
0.123108
-0.048950
-0.297333
0.023041
0.182892
0.021362
0.065521
0.018250
-0.086426
-0.016113
-0.182068
-0.251556
-0.164063
-0.158020
0.508179
0.698151
-0.135986
-0.555511
-0.397430
-0.121246
0.450317
0.497650
-0.074402
-0.077026
0.020691
-0.345856
-0.095825
0.276093
0.106506
0.110962
0.025116
-0.304932
-0.055206
0.205750
0.033264
0.053894
0.052917
-0.108337
-0.028839
-0.116394
-0.256714
-0.150330
-0.214783
0.318512
0.755676
0.060303
-0.520020
-0.431641
-0.214233
0.321594
0.569946
0.035950
-0.151123
0.054352
-0.246796
-0.195618
0.219849
0.157349
0.072693
0.065948
-0.224365
-0.140533
0.175720
0.081818
0.038971
0.072815
-0.099731
-0.075928
-0.025116
-0.222565
-0.167328
-0.221649
0.028778
0.719543
0.390686
-0.404877
-0.493256
-0.304413
0.102020
0.588379
0.255005
-0.184723
0.048553
-0.105713
-0.330414
0.118073
0.223602
0.049133
0.113159
-0.108307
-0.237274
0.085571
0.137268
0.036194
0.067383
-0.038116
-0.067993
-0.045807
-0.203888
-0.169495
-0.225922
-0.108887
0.633820
0.553406
-0.259674
-0.508514
-0.389679
-0.012512
0.527771
0.382416
-0.112640
-0.030365
-0.042328
-0.312622
0.010803
0.236572
0.062531
0.098724
-0.023193
-0.265411
0.005859
0.179169
0.035339
0.062134
0.016327
-0.106201
-0.031738
-0.097870
-0.215027
-0.135254
-0.275452
0.235321
0.784576
0.120270
-0.501007
-0.439880
-0.224640
0.278473
0.595795
0.102539
-0.159363
0.039917
-0.246918
-0.206573
0.236816
0.141815
0.048553
0.072571
-0.206360
-0.133270
0.151825
0.086578
0.070923
0.041718
-0.107788
-0.059235
-0.037445
-0.206268
-0.151459
-0.279724
0.009552
0.770233
0.390167
-0.433624
-0.499786
-0.304779
0.134369
0.585571
0.266174
-0.143372
-0.009247
-0.128113
-0.296234
0.106323
0.221252
0.062714
0.083984
-0.123871
-0.237640
0.107849
0.154877
0.025360
0.063904
-0.040009
-0.096924
-0.020966
-0.140533
-0.153900
-0.206116
-0.248291
0.500977
0.664673
-0.134155
-0.489990
-0.371796
-0.114655
0.433685
0.457855
-0.011383
-0.057373
-0.009186
-0.307648
-0.094025
0.233307
0.100281
0.079681
0.013702
-0.221741
-0.051117
0.137939
0.057220
0.065796
0.039307
-0.086121
-0.082489
-0.069122
-0.165649
-0.126099
-0.327820
0.082855
0.758484
0.274200
-0.421936
-0.429932
-0.291321
0.165771
0.568146
0.226624
-0.110016
0.006226
-0.192810
-0.292908
0.143768
0.199768
0.055145
0.088165
-0.131226
-0.200195
0.123199
0.103943
0.034119
0.083282
-0.045654
-0.098938
-0.023407
-0.152313
-0.126129
-0.234833
-0.283569
0.565216
0.672516
-0.181335
-0.467224
-0.374329
-0.150940
0.473969
0.488281
0.005615
-0.028076
-0.110138
-0.370178
-0.011169
0.233337
0.087372
0.120941
-0.009796
-0.229706
-0.007050
0.100586
0.028656
0.113220
0.047180
-0.108856
-0.056854
-0.099274
-0.165955
-0.146271
-0.387817
0.178345
0.824524
0.209564
-0.448700
-0.450317
-0.329681
0.230133
0.631134
0.209137
-0.094757
-0.017365
-0.302307
-0.251465
0.204285
0.177246
0.088593
0.087250
-0.187653
-0.130341
0.103424
0.037598
0.084290
0.117737
-0.066925
-0.098907
-0.052643
-0.152130
-0.108368
-0.338104
-0.231873
0.714966
0.633606
-0.255707
-0.507446
-0.433594
-0.065979
0.563080
0.499298
-0.037262
-0.066132
-0.144562
-0.381653
0.010681
0.259430
0.087128
0.141876
-0.017853
-0.236176
-0.009766
0.050934
0.042664
0.182098
0.052155
-0.146149
-0.084839
-0.106018
-0.139648
-0.178009
-0.412354
0.254883
0.873383
0.147095
-0.492126
-0.477692
-0.303436
0.307007
0.654541
0.185272
-0.110168
-0.050812
-0.343628
-0.227783
0.229401
0.160522
0.104492
0.117096
-0.167389
-0.154480
0.030396
0.040009
0.154572
0.141479
-0.079956
-0.151703
-0.035187
-0.146637
-0.172180
-0.333649
-0.146759
0.750671
0.610016
-0.327942
-0.553009
-0.392273
-0.008392
0.604584
0.475555
-0.062836
-0.053131
-0.194214
-0.412476
0.044312
0.254028
0.135834
0.176758
-0.035706
-0.281860
-0.068420
0.077759
0.117126
0.191284
0.022461
-0.165222
-0.103638
-0.151855
-0.132202
-0.235291
-0.342468
0.541229
0.815033
-0.126801
-0.560852
-0.434753
-0.182098
0.484375
0.618103
0.027832
-0.122742
-0.058167
-0.387512
-0.147705
0.256287
0.149200
0.145447
0.087952
-0.236603
-0.163818
0.057648
0.090149
0.167572
0.103058
-0.118317
-0.111816
-0.088348
-0.189606
-0.168854
-0.379852
0.114258
0.915192
0.318726
-0.519928
-0.505920
-0.310608
0.189484
0.685425
0.301941
-0.170563
-0.019135
-0.242035
-0.382996
0.143768
0.255920
0.130188
0.165863
-0.146851
-0.285309
0.012299
0.091339
0.139160
0.187500
-0.033508
-0.171021
-0.089050
-0.160004
-0.160614
-0.272430
-0.230225
0.665039
0.715302
-0.247253
-0.574188
-0.398102
-0.086426
0.544769
0.562256
-0.035034
-0.088287
-0.113495
-0.461700
-0.074951
0.314972
0.169556
0.169434
0.007080
-0.303894
-0.122986
0.101166
0.117462
0.191376
0.069366
-0.152405
-0.120453
-0.118896
-0.191986
-0.193024
-0.320129
0.329742
0.870361
0.078766
-0.558472
-0.439178
-0.237701
0.315033
0.649750
0.163269
-0.116638
-0.020142
-0.404846
-0.296143
0.262207
0.234528
0.146332
0.103485
-0.223907
-0.223022
0.064453
0.108795
0.149597
0.136932
-0.062378
-0.168823
-0.127808
-0.173859
-0.126892
-0.313019
-0.042053
0.797607
0.453857
-0.397247
-0.470703
-0.367767
0.039948
0.628937
0.397491
-0.082275
-0.027832
-0.249542
-0.445435
0.098328
0.297607
0.148163
0.150238
-0.091217
-0.287201
-0.019196
0.112213
0.111542
0.178772
0.021881
-0.177368
-0.113403
-0.126648
-0.166870
-0.198242
-0.324524
0.432587
0.845184
-0.031677
-0.540253
-0.427551
-0.235077
0.404083
0.659729
0.097137
-0.112915
-0.080475
-0.474060
-0.183746
0.341125
0.193817
0.141235
0.078949
-0.301544
-0.161560
0.120514
0.078491
0.178833
0.115356
-0.148529
-0.138824
-0.100800
-0.196625
-0.120911
-0.334473
0.008575
0.852081
0.391296
-0.425934
-0.473083
-0.377319
0.107025
0.683929
0.349457
-0.094086
-0.041412
-0.363342
-0.388245
0.223114
0.276093
0.135712
0.151062
-0.180847
-0.270538
0.058350
0.093506
0.136658
0.168365
-0.054993
-0.171814
-0.108063
-0.144745
-0.134369
-0.270264
-0.276184
0.626343
0.753662
-0.172516
-0.535217
-0.458679
-0.146759
0.556580
0.587372
0.009979
-0.081238
-0.187378
-0.487335
-0.015198
0.332703
0.162567
0.158600
-0.010864
-0.319550
-0.069000
0.119141
0.093231
0.199097
0.044037
-0.175568
-0.146057
-0.078674
-0.126190
-0.136139
-0.398621
0.015930
0.870636
0.423065
-0.410675
-0.534546
-0.389008
0.165588
0.697418
0.341492
-0.127930
-0.067657
-0.350128
-0.356842
0.219360
0.277832
0.121490
0.157349
-0.176270
-0.284821
0.058960
0.120331
0.130432
0.165680
-0.078339
-0.165466
-0.092438
-0.157928
-0.136566
-0.266357
-0.294403
0.619751
0.779266
-0.159668
-0.538574
-0.464600
-0.149475
0.565613
0.584717
0.002563
-0.100494
-0.202759
-0.456848
-0.011047
0.337769
0.164551
0.133698
-0.016388
-0.280334
-0.100616
0.127838
0.139679
0.148712
0.021698
-0.142029
-0.130951
-0.097168
-0.132324
-0.138306
-0.391083
0.012756
0.881897
0.408997
-0.420197
-0.510651
-0.372650
0.154541
0.693451
0.328400
-0.120667
-0.093170
-0.349884
-0.320282
0.225250
0.253662
0.127411
0.143188
-0.155914
-0.283783
0.037384
0.151672
0.147766
0.126434
-0.084320
-0.166443
-0.070251
-0.139709
-0.154144
-0.252686
-0.319611
0.579590
0.819305
-0.130646
-0.561890
-0.443054
-0.165375
0.526428
0.615265
0.017578
-0.129547
-0.196930
-0.440948
-0.016724
0.323425
0.156311
0.156677
-0.001099
-0.311188
-0.089508
0.153564
0.123199
0.137146
0.028442
-0.158173
-0.115875
-0.065063
-0.190277
-0.191040
-0.353210
0.145630
0.900024
0.300049
-0.497894
-0.508209
-0.301025
0.224915
0.675507
0.267303
-0.132172
-0.095825
-0.368744
-0.290588
0.259705
0.256866
0.115509
0.116089
-0.171173
-0.256012
0.086914
0.131500
0.107910
0.111267
-0.076752
-0.148895
-0.058472
-0.160614
-0.180084
-0.209625
-0.286163
0.545410
0.796875
-0.143890
-0.557465
-0.395569
-0.153412
0.480225
0.619232
0.021637
-0.133362
-0.191864
-0.459778
0.001923
0.349396
0.157898
0.144836
-0.017517
-0.302002
-0.076416
0.155884
0.120148
0.132324
-0.003998
-0.144165
-0.094452
-0.128204
-0.182098
-0.163452
-0.374207
0.269348
0.897552
0.140533
-0.516449
-0.446747
-0.290802
0.300476
0.678711
0.178864
-0.128204
-0.097626
-0.423004
-0.221375
0.312653
0.223633
0.133179
0.088898
-0.259369
-0.186646
0.136536
0.105347
0.109711
0.092621
-0.113403
-0.135864
-0.058594
-0.198730
-0.135040
-0.281067
-0.147217
0.746979
0.571198
-0.319427
-0.472046
-0.374695
-0.025909
0.594788
0.443542
-0.064728
-0.057861
-0.258636
-0.424194
0.133392
0.293976
0.130951
0.139832
-0.109497
-0.236816
0.023041
0.106140
0.096252
0.099945
-0.022491
-0.120544
-0.082672
-0.113556
-0.151764
-0.180969
-0.391907
0.245605
0.866425
0.182068
-0.449463
-0.448486
-0.322235
0.268341
0.683441
0.187775
-0.124359
-0.083771
-0.428741
-0.205139
0.313812
0.176239
0.131622
0.119659
-0.247253
-0.180786
0.119385
0.058197
0.120758
0.128052
-0.125031
-0.129883
-0.083893
-0.193726
-0.109222
-0.313721
-0.163208
0.768280
0.579895
-0.302521
-0.480347
-0.419800
-0.027802
0.641113
0.445251
-0.079834
-0.060852
-0.305298
-0.408539
0.176941
0.273499
0.121216
0.161835
-0.116150
-0.241943
0.028076
0.084045
0.080963
0.156708
-0.012634
-0.159058
-0.086304
-0.124084
-0.155426
-0.174988
-0.371002
0.325104
0.856262
0.115143
-0.480255
-0.473419
-0.276855
0.361115
0.665680
0.123566
-0.134064
-0.123962
-0.418823
-0.127319
0.301575
0.163788
0.146149
0.077454
-0.253326
-0.140259
0.111328
0.068481
0.133636
0.089966
-0.122192
-0.136383
-0.096252
-0.160248
-0.141968
-0.384064
0.019989
0.847656
0.428802
-0.384399
-0.505280
-0.392700
0.133148
0.677032
0.324463
-0.130737
-0.071106
-0.307526
-0.321808
0.202667
0.236633
0.124634
0.150604
-0.158722
-0.233154
0.063324
0.084503
0.099274
0.139160
-0.066498
-0.148010
-0.044434
-0.159027
-0.151825
-0.260590
-0.338684
0.558929
0.831238
-0.110565
-0.535309
-0.431946
-0.155121
0.506714
0.547699
-0.021301
-0.083130
-0.107361
-0.412506
-0.049530
0.275818
0.138336
0.166504
0.010132
-0.261963
-0.072906
0.109955
0.080017
0.113525
0.037445
-0.128967
-0.085541
-0.069122
-0.205780
-0.208832
-0.365875
0.143951
0.884338
0.316162
-0.459717
-0.477264
-0.303619
0.198608
0.643311
0.231903
-0.149170
-0.019135
-0.291199
-0.302124
0.210052
0.216156
0.130219
0.126312
-0.194275
-0.184540
0.083954
0.074554
0.098999
0.099457
-0.085144
-0.102142
-0.041504
-0.175568
-0.186981
-0.313599
-0.212402
0.681488
0.690979
-0.205078
-0.512085
-0.408936
-0.067383
0.536804
0.458893
-0.057831
-0.030884
-0.132019
-0.419037
0.000763
0.254272
0.127289
0.188477
-0.035828
-0.272552
0.000519
0.098053
0.028839
0.131012
0.045258
-0.155731
-0.074188
-0.085602
-0.203796
-0.245605
-0.351837
0.339478
0.853363
0.135498
-0.484955
-0.456238
-0.234192
0.329346
0.567291
0.098053
-0.067871
-0.003479
-0.372864
-0.224548
0.220093
0.163452
0.196106
0.089783
-0.255585
-0.108704
0.096466
0.037567
0.092957
0.097595
-0.067047
-0.101257
-0.094574
-0.208221
-0.214355
-0.352112
0.091797
0.851837
0.396179
-0.424347
-0.509735
-0.311981
0.169891
0.598480
0.253082
-0.093903
0.000397
-0.282501
-0.334412
0.162140
0.215240
0.148102
0.134735
-0.184723
-0.182434
0.086823
0.063446
0.046692
0.097473
-0.016937
-0.107117
-0.041321
-0.151123
-0.211365
-0.328979
-0.216736
0.650970
0.729218
-0.165100
-0.542084
-0.407379
-0.070740
0.502289
0.471558
-0.048492
-0.026123
-0.090240
-0.433411
-0.036072
0.267273
0.145630
0.170349
-0.059845
-0.280396
0.013763
0.140137
0.046112
0.075531
0.018829
-0.092834
-0.070343
-0.143402
-0.185364
-0.297516
-0.309692
0.547241
0.806976
-0.071289
-0.527069
-0.430115
-0.134857
0.467499
0.499237
-0.012390
-0.039398
-0.021301
-0.413025
-0.125305
0.265167
0.143829
0.150055
-0.001709
-0.282715
-0.014465
0.169586
0.015778
0.050018
0.027283
-0.084076
-0.042664
-0.048950
-0.203278
-0.231293
-0.356995
0.111237
0.802307
0.352173
-0.390839
-0.462097
-0.284668
0.172791
0.548615
0.215363
-0.083313
0.062439
-0.251190
-0.364868
0.150177
0.210175
0.117004
0.134705
-0.190430
-0.169006
0.148956
0.062317
0.009064
0.066620
-0.028290
-0.033356
-0.063019
-0.227814
-0.205780
-0.371552
-0.039246
0.834351
0.503021
-0.365631
-0.495697
-0.356171
0.069183
0.598663
0.329437
-0.122253
0.014374
-0.156586
-0.398926
0.072083
0.255402
0.103668
0.133911
-0.124756
-0.260681
0.108856
0.159454
0.015442
0.034454
-0.032501
-0.056763
-0.014282
-0.166321
-0.193604
-0.296753
-0.266968
0.589325
0.717743
-0.153351
-0.475586
-0.363739
-0.114471
0.462769
0.468079
-0.057098
-0.032837
-0.025208
-0.377716
-0.072174
0.238556
0.107269
0.132446
-0.018433
-0.241882
0.022339
0.151367
0.020203
0.034760
-0.002441
-0.056519
0.021790
-0.108093
-0.243500
-0.231750
-0.367279
0.273865
0.856750
0.148254
-0.475159
-0.410583
-0.239899
0.281952
0.551910
0.104980
-0.081573
0.048584
-0.296021
-0.270081
0.193359
0.168945
0.109772
0.084595
-0.212067
-0.131897
0.160828
0.080048
0.032837
0.008667
-0.070404
0.007599
-0.034180
-0.230804
-0.217133
-0.369263
0.018921
0.820038
0.407074
-0.392639
-0.441742
-0.301727
0.117706
0.550781
0.249481
-0.097748
0.032471
-0.145905
-0.349243
0.062073
0.213654
0.101593
0.131714
-0.115936
-0.223633
0.094391
0.124268
0.018433
0.036682
-0.023499
-0.035461
0.015381
-0.192810
-0.240387
-0.282776
-0.243805
0.600586
0.713745
-0.187531
-0.486084
-0.339508
-0.112396
0.436432
0.473297
-0.012268
-0.049622
-0.036896
-0.370880
-0.096619
0.249725
0.128754
0.113281
-0.010742
-0.242371
-0.025269
0.151367
0.067169
0.064880
-0.020355
-0.093414
0.005127
-0.092651
-0.216095
-0.197357
-0.386261
0.239624
0.866852
0.134979
-0.493317
-0.371490
-0.238525
0.249268
0.581787
0.138611
-0.121643
0.032288
-0.279236
-0.274109
0.208252
0.184845
0.099121
0.078522
-0.207458
-0.157288
0.129608
0.105255
0.093079
0.019562
-0.112732
-0.052887
0.009308
-0.168945
-0.183411
-0.316101
-0.212799
0.669189
0.633179
-0.267609
-0.463806
-0.315491
-0.062103
0.504303
0.433350
-0.064972
-0.019348
-0.103516
-0.408875
0.012085
0.258423
0.097595
0.154724
-0.061859
-0.269470
0.021088
0.117554
0.068909
0.119446
-0.045288
-0.125885
0.002045
-0.136627
-0.196930
-0.213562
-0.350708
0.423553
0.834259
-0.058716
-0.522247
-0.356567
-0.188904
0.374176
0.594788
0.064667
-0.145813
-0.026581
-0.353790
-0.176208
0.287292
0.160614
0.099823
0.048737
-0.251953
-0.123322
0.142792
0.102020
0.098846
0.034821
-0.123657
-0.066345
-0.035126
-0.193634
-0.164978
-0.345184
-0.021851
0.822845
0.410583
-0.452362
-0.433624
-0.279816
0.086670
0.612518
0.320709
-0.138275
-0.016144
-0.224976
-0.356537
0.153778
0.246033
0.111084
0.107880
-0.152863
-0.244629
0.065582
0.133301
0.121124
0.094177
-0.096802
-0.140106
0.001068
-0.150970
-0.166199
-0.237061
-0.321442
0.564026
0.767151
-0.224945
-0.515198
-0.311829
-0.127441
0.475281
0.534882
-0.038513
-0.091339
-0.056763
-0.403290
-0.074646
0.296082
0.139038
0.118683
-0.011230
-0.279999
-0.049622
0.148376
0.101166
0.105133
-0.016052
-0.138428
-0.037994
-0.065918
-0.182983
-0.190521
-0.387360
0.204895
0.881927
0.164276
-0.515686
-0.400177
-0.237549
0.242462
0.625702
0.204315
-0.147827
-0.029022
-0.315552
-0.274628
0.240173
0.223785
0.120422
0.061432
-0.221344
-0.185089
0.083923
0.139862
0.131134
0.040741
-0.105530
-0.107422
-0.035370
-0.157288
-0.147980
-0.339233
-0.155090
0.771362
0.559448
-0.392242
-0.474304
-0.303497
0.010620
0.575745
0.402832
-0.081940
-0.034912
-0.177612
-0.411621
0.076263
0.280548
0.125580
0.122620
-0.102997
-0.254700
0.010284
0.125366
0.114288
0.107605
-0.049011
-0.126099
-0.056549
-0.129364
-0.153534
-0.256348
-0.332306
0.534485
0.795807
-0.151154
-0.554688
-0.357910
-0.117767
0.454559
0.534882
0.022308
-0.099213
-0.053345
-0.390900
-0.132202
0.299133
0.163971
0.128265
0.003906
-0.278137
-0.091736
0.122620
0.106964
0.134338
0.026062
-0.132751
-0.083801
-0.079285
-0.174469
-0.143188
-0.374878
0.041077
0.870361
0.329041
-0.499908
-0.428101
-0.271545
0.151459
0.625946
0.278534
-0.116730
-0.020813
-0.287872
-0.347839
0.203064
0.249664
0.114288
0.119843
-0.176971
-0.245209
0.055817
0.128601
0.125702
0.104980
-0.079712
-0.161041
-0.031647
-0.134674
-0.167542
-0.271088
-0.216553
0.639099
0.667816
-0.290680
-0.530334
-0.293579
-0.033112
0.485260
0.472412
-0.034424
-0.074066
-0.097595
-0.414520
-0.037170
0.303162
0.147369
0.118439
-0.052795
-0.275696
-0.029724
0.127960
0.101868
0.148834
-0.037506
-0.158020
-0.038269
-0.126953
-0.170502
-0.211548
-0.364471
0.431824
0.863495
-0.060150
-0.583008
-0.371704
-0.154968
0.391846
0.587311
0.057159
-0.100922
-0.027191
-0.403809
-0.186157
0.301208
0.191559
0.115723
0.024994
-0.268341
-0.115265
0.147827
0.103851
0.117462
0.034271
-0.162292
-0.066620
-0.012115
-0.208649
-0.174225
-0.345581
0.024323
0.848480
0.382751
-0.503387
-0.462921
-0.251617
0.134399
0.604095
0.295044
-0.108551
0.012054
-0.272736
-0.406952
0.185150
0.287872
0.115265
0.105927
-0.174500
-0.245270
0.080322
0.129883
0.112885
0.099945
-0.100586
-0.123260
-0.045746
-0.166443
-0.142975
-0.332581
-0.174835
0.784180
0.610718
-0.401703
-0.544922
-0.311401
0.022339
0.596588
0.407501
-0.112122
-0.006866
-0.157806
-0.454956
0.067047
0.314880
0.133087
0.129700
-0.127533
-0.299622
0.053864
0.148987
0.092804
0.130402
-0.065186
-0.180908
-0.026001
-0.073761
-0.169830
-0.205627
-0.351563
0.373596
0.832520
-0.019409
-0.562195
-0.355255
-0.151733
0.353760
0.570587
0.055573
-0.071655
-0.024353
-0.410065
-0.173584
0.300568
0.175873
0.126312
0.009827
-0.285309
-0.073669
0.145844
0.079865
0.128021
0.013519
-0.144836
-0.082764
-0.111359
-0.151550
-0.165283
-0.380585
0.290466
0.857605
0.078827
-0.540314
-0.402100
-0.208160
0.322327
0.593231
0.091461
-0.073151
0.006439
-0.373657
-0.234589
0.260315
0.178436
0.143646
0.059753
-0.299774
-0.123474
0.170837
0.085083
0.113739
0.068298
-0.161194
-0.118439
-0.045929
-0.172211
-0.140289
-0.347198
0.088104
0.841125
0.281952
-0.521698
-0.450348
-0.220428
0.218384
0.600616
0.167938
-0.130829
0.036255
-0.237213
-0.306671
0.184479
0.206818
0.093475
0.094513
-0.201416
-0.192200
0.156708
0.105377
0.042755
0.082214
-0.094360
-0.130432
-0.019653
-0.159607
-0.172485
-0.318481
-0.048859
0.765106
0.466309
-0.427429
-0.512970
-0.256439
0.140961
0.563232
0.248657
-0.126404
0.042084
-0.143402
-0.337128
0.088959
0.223938
0.082794
0.110077
-0.127686
-0.243317
0.102631
0.174286
0.040680
0.066620
-0.074738
-0.165405
0.025970
-0.104401
-0.197906
-0.225037
-0.258636
0.531403
0.720917
-0.196411
-0.567169
-0.297485
-0.045929
0.438507
0.460876
-0.067261
-0.033661
-0.022858
-0.371063
-0.050323
0.247009
0.090942
0.124939
-0.018799
-0.261047
0.002167
0.163879
0.038483
0.088470
0.010956
-0.150665
-0.065063
-0.110901
-0.162872
-0.243103
-0.244415
0.526367
0.703583
-0.144135
-0.562469
-0.379700
-0.053955
0.474335
0.483459
-0.066071
-0.089722
-0.010132
-0.323486
-0.066040
0.258392
0.092346
0.083527
-0.025177
-0.256897
-0.003174
0.193207
0.069794
0.051147
-0.004089
-0.162689
-0.054871
-0.036591
-0.187317
-0.218414
-0.238770
0.392456
0.690674
-0.033478
-0.521027
-0.378418
-0.078003
0.384796
0.462830
-0.017151
-0.092133
0.019531
-0.264343
-0.098297
0.212830
0.083649
0.066986
-0.014984
-0.201080
-0.024078
0.174072
0.085785
0.018066
-0.016510
-0.088226
-0.057312
-0.111816
-0.167236
-0.264038
-0.203705
0.550690
0.628204
-0.168274
-0.511200
-0.374451
-0.040680
0.468292
0.417084
-0.069855
-0.100769
-0.000824
-0.240326
-0.043304
0.241302
0.066742
0.028046
-0.025940
-0.225708
0.008850
0.229706
0.083618
-0.015930
-0.040192
-0.104004
-0.022034
-0.055664
-0.159637
-0.211487
-0.301575
0.380096
0.733612
-0.035126
-0.515533
-0.370453
-0.133362
0.386871
0.495392
-0.022430
-0.137360
0.029724
-0.217529
-0.091125
0.226471
0.077484
0.038452
0.012512
-0.222412
-0.060394
0.207977
0.108093
0.010132
-0.020630
-0.112885
-0.043884
-0.039825
-0.161041
-0.212524
-0.299988
0.346466
0.740082
-0.005768
-0.507477
-0.378296
-0.156433
0.359436
0.507355
-0.007538
-0.142639
0.033752
-0.214569
-0.107910
0.240723
0.096497
0.017487
0.005554
-0.212921
-0.065643
0.198639
0.134369
0.031006
-0.053070
-0.132355
-0.006256
-0.027710
-0.167480
-0.215118
-0.324951
0.337860
0.794464
0.004395
-0.550995
-0.386200
-0.152283
0.355408
0.540985
0.007690
-0.211212
0.042542
-0.162598
-0.132294
0.243774
0.120575
-0.008850
0.015442
-0.209656
-0.109009
0.219940
0.152588
0.015778
-0.055756
-0.134735
-0.019012
0.036743
-0.189697
-0.237701
-0.300964
0.231964
0.815643
0.130188
-0.582367
-0.412628
-0.150299
0.272583
0.554993
0.085327
-0.226257
0.023071
-0.137756
-0.178131
0.252625
0.163605
-0.033142
0.011414
-0.188629
-0.144440
0.209717
0.190369
0.007874
-0.055450
-0.139496
-0.043304
0.047791
-0.149506
-0.270264
-0.346649
0.327301
0.849762
0.073456
-0.617737
-0.448303
-0.122803
0.345551
0.548798
0.032349
-0.247223
0.022827
-0.127991
-0.151031
0.255096
0.146637
-0.023621
0.014923
-0.223450
-0.130646
0.224487
0.181488
0.044983
-0.070374
-0.208588
-0.038055
0.131348
-0.133850
-0.276581
-0.336365
0.194458
0.855927
0.219360
-0.628784
-0.487488
-0.109344
0.274872
0.535034
0.116455
-0.280243
0.003387
-0.055145
-0.201050
0.211182
0.201324
-0.048492
0.012421
-0.151337
-0.177765
0.174347
0.209351
0.054230
-0.034821
-0.198730
-0.081879
0.094269
-0.083771
-0.237091
-0.391876
0.189209
0.882477
0.222473
-0.607727
-0.516022
-0.156708
0.305908
0.562744
0.097687
-0.266083
-0.005798
-0.097656
-0.166473
0.233490
0.185272
-0.031189
0.004608
-0.167145
-0.175568
0.163971
0.215240
0.076630
-0.038239
-0.196320
-0.137115
0.132996
-0.018646
-0.218018
-0.393494
-0.021698
0.804169
0.469177
-0.481476
-0.577698
-0.232727
0.168365
0.549500
0.242584
-0.223938
-0.055664
-0.065094
-0.221100
0.164307
0.244995
0.002167
0.004822
-0.134399
-0.213715
0.114471
0.219910
0.110443
-0.003815
-0.205994
-0.138275
0.079224
-0.036407
-0.174896
-0.391388
0.013641
0.826904
0.401642
-0.494263
-0.552155
-0.243835
0.199615
0.555176
0.211853
-0.222137
-0.061432
-0.076141
-0.211884
0.179565
0.253021
-0.002869
-0.004913
-0.146057
-0.194794
0.109833
0.203644
0.113831
0.013611
-0.189850
-0.184906
0.074890
0.000000
-0.169525
-0.391510
-0.028870
0.802521
0.456879
-0.464508
-0.567932
-0.256744
0.180573
0.533508
0.240875
-0.221527
-0.088745
-0.037598
-0.202454
0.137878
0.264313
0.008911
-0.039612
-0.111206
-0.165039
0.076599
0.199890
0.123169
0.001099
-0.173004
-0.156647
0.047333
-0.008667
-0.125000
-0.386871
-0.127838
0.774170
0.552094
-0.399658
-0.585815
-0.323761
0.123260
0.564301
0.266907
-0.195007
-0.072693
-0.070282
-0.234711
0.144684
0.266113
0.031372
0.000610
-0.150269
-0.190979
0.102753
0.177765
0.113159
0.055786
-0.158295
-0.202118
0.028595
0.000183
-0.090637
-0.344391
-0.224762
0.705811
0.644928
-0.325317
-0.593048
-0.349945
0.052185
0.567383
0.337067
-0.197144
-0.108032
-0.054474
-0.230591
0.119690
0.288239
0.041504
-0.011749
-0.137817
-0.209717
0.095367
0.205200
0.098633
0.042053
-0.131531
-0.209320
0.031708
0.007477
-0.112396
-0.326385
-0.252014
0.662048
0.698669
-0.274048
-0.605835
-0.368591
0.009003
0.535095
0.384857
-0.171509
-0.118439
-0.037201
-0.262939
0.070435
0.311920
0.070557
0.003174
-0.116638
-0.252594
0.052765
0.241638
0.121002
0.056702
-0.131470
-0.252716
0.034363
0.042999
-0.112579
-0.264648
-0.335907
0.520508
0.801697
-0.164917
-0.613953
-0.359100
-0.064972
0.455414
0.466400
-0.132660
-0.139587
-0.005554
-0.289001
0.024872
0.331848
0.072815
0.019165
-0.077118
-0.289032
0.024658
0.258484
0.101532
0.043243
-0.085388
-0.235413
0.012512
0.072906
-0.114288
-0.255829
-0.385895
0.394470
0.871368
0.001465
-0.600037
-0.422363
-0.147766
0.386444
0.546051
-0.052399
-0.190460
0.009277
-0.285187
-0.068207
0.339111
0.126526
0.015045
-0.038696
-0.299194
-0.068054
0.276306
0.163696
0.044708
-0.084229
-0.246368
-0.010315
0.084137
-0.117432
-0.247559
-0.375519
0.361450
0.880707
0.027191
-0.607910
-0.422668
-0.141541
0.356445
0.544250
-0.013977
-0.224670
0.014923
-0.234894
-0.119263
0.326813
0.155548
-0.001190
-0.027740
-0.266998
-0.092010
0.254791
0.179840
0.038666
-0.079498
-0.221039
-0.028534
0.124756
-0.104523
-0.238037
-0.401947
0.139954
0.876434
0.289703
-0.527893
-0.496796
-0.235138
0.229401
0.566193
0.133667
-0.202515
-0.011841
-0.214783
-0.213043
0.279694
0.219696
0.031006
0.005157
-0.258240
-0.173004
0.227875
0.213684
0.067200
-0.053741
-0.216339
-0.083954
0.120819
-0.065125
-0.207458
-0.394562
0.004120
0.832886
0.431427
-0.460571
-0.530731
-0.278473
0.138519
0.568298
0.236298
-0.188354
-0.037659
-0.189880
-0.270416
0.241638
0.277466
0.020264
0.013824
-0.191254
-0.220947
0.181641
0.250153
0.069336
-0.044769
-0.195038
-0.134460
0.137329
-0.016327
-0.231262
-0.351379
-0.085388
0.708893
0.557648
-0.340698
-0.559296
-0.293091
0.063385
0.505432
0.317047
-0.154175
-0.066376
-0.131744
-0.295349
0.158997
0.307983
0.044952
0.011047
-0.152252
-0.241150
0.125519
0.252899
0.108673
-0.032257
-0.195038
-0.125458
0.110382
-0.005127
-0.195923
-0.380096
-0.167938
0.709534
0.633636
-0.302368
-0.566437
-0.325226
0.022430
0.501129
0.353149
-0.142029
-0.066345
-0.091797
-0.330627
0.088013
0.339813
0.073242
0.001129
-0.117249
-0.274048
0.083466
0.285522
0.118011
-0.021912
-0.172577
-0.175598
0.089539
0.062134
-0.182983
-0.319000
-0.280792
0.482941
0.753265
-0.066223
-0.564423
-0.389587
-0.077850
0.393677
0.446075
-0.038635
-0.100250
-0.069641
-0.317841
-0.005707
0.321411
0.109985
0.018707
-0.071777
-0.264130
0.026978
0.266022
0.113464
0.001129
-0.144073
-0.182831
0.100525
0.067871
-0.188263
-0.331787
-0.337769
0.452209
0.836456
-0.005920
-0.581787
-0.433594
-0.130127
0.386322
0.492737
-0.004395
-0.123352
-0.058655
-0.303467
-0.064270
0.308868
0.140137
0.000702
-0.034851
-0.226898
-0.048370
0.241425
0.154022
-0.000183
-0.123840
-0.163940
0.043121
0.084320
-0.149109
-0.318390
-0.358032
0.353363
0.824219
0.124725
-0.534912
-0.485687
-0.169891
0.340271
0.500305
0.040588
-0.110718
-0.032715
-0.303284
-0.121155
0.288544
0.171753
0.029480
-0.036987
-0.230133
-0.064026
0.227325
0.164490
0.014069
-0.112732
-0.148590
0.025574
0.057129
-0.134064
-0.261292
-0.389618
0.229797
0.838104
0.222412
-0.482971
-0.493591
-0.238281
0.263153
0.551483
0.101837
-0.136261
-0.035400
-0.284607
-0.159271
0.268707
0.194366
0.044556
-0.036926
-0.232025
-0.085876
0.210632
0.192505
0.063782
-0.114197
-0.214539
0.002686
0.101715
-0.093903
-0.254730
-0.424347
0.186493
0.874664
0.271545
-0.503601
-0.522034
-0.255920
0.309906
0.572449
0.057678
-0.189178
0.017426
-0.226379
-0.199585
0.256592
0.185730
0.014282
0.009491
-0.207947
-0.120453
0.218414
0.171844
0.034973
-0.074280
-0.186157
-0.020355
0.129242
-0.107941
-0.249512
-0.385406
0.062592
0.818970
0.407043
-0.432190
-0.534546
-0.276031
0.167786
0.560364
0.197937
-0.200195
-0.020752
-0.164337
-0.244965
0.199158
0.230347
0.003326
-0.002869
-0.139679
-0.148132
0.167877
0.201111
0.039154
-0.071838
-0.164520
-0.049866
0.147888
-0.087555
-0.239655
-0.387421
-0.066772
0.791779
0.546661
-0.370178
-0.559509
-0.341644
0.069366
0.571625
0.304871
-0.184998
-0.033234
-0.150024
-0.322937
0.176483
0.278381
0.014679
0.025391
-0.131226
-0.197418
0.138123
0.225586
0.059113
-0.038971
-0.139191
-0.110809
0.081116
-0.039429
-0.222992
-0.398041
-0.003357
0.802094
0.488708
-0.384766
-0.586182
-0.345703
0.140015
0.597961
0.283417
-0.217133
-0.089874
-0.126556
-0.247223
0.171051
0.264648
0.011932
-0.011078
-0.134003
-0.168671
0.140778
0.224335
0.066315
-0.060089
-0.142365
-0.096436
0.086914
-0.039734
-0.222443
-0.402771
-0.037720
0.801147
0.536102
-0.378876
-0.592377
-0.344421
0.105927
0.573669
0.325378
-0.190125
-0.098297
-0.128143
-0.281006
0.161743
0.296265
0.022858
-0.023071
-0.138214
-0.185944
0.134735
0.238403
0.073792
-0.047913
-0.156494
-0.107666
0.095764
-0.025146
-0.209778
-0.405548
-0.098297
0.793488
0.604706
-0.349579
-0.622345
-0.371002
0.078156
0.578186
0.379089
-0.190491
-0.141968
-0.113800
-0.271698
0.136566
0.321442
0.028534
-0.033203
-0.114410
-0.206024
0.094025
0.265442
0.086334
-0.028748
-0.131744
-0.179016
0.079407
0.032471
-0.194763
-0.364380
-0.156342
0.657471
0.668274
-0.224365
-0.618042
-0.391327
0.017700
0.508942
0.428589
-0.115265
-0.154968
-0.096710
-0.288452
0.067291
0.329376
0.065796
-0.026764
-0.088654
-0.206482
0.060120
0.222809
0.107666
0.019867
-0.124054
-0.189331
0.051392
0.031006
-0.156128
-0.351074
-0.239166
0.630920
0.745239
-0.179810
-0.623260
-0.418640
-0.037354
0.493561
0.467773
-0.101715
-0.164886
-0.077667
-0.284454
0.038483
0.326172
0.076752
-0.028473
-0.083618
-0.202179
0.036957
0.219269
0.112091
0.000305
-0.107117
-0.151733
0.034271
0.019775
-0.139008
-0.319000
-0.307251
0.538818
0.810486
-0.079590
-0.609406
-0.450470
-0.105438
0.434784
0.519165
-0.028046
-0.169800
-0.074402
-0.306000
-0.027710
0.330841
0.118469
-0.008331
-0.061737
-0.216431
-0.034790
0.206573
0.154449
0.032684
-0.087036
-0.166504
-0.007446
0.059418
-0.116669
-0.266479
-0.360718
0.321045
0.846161
0.150146
-0.550140
-0.497833
-0.193512
0.290009
0.561646
0.106262
-0.183380
-0.075104
-0.272186
-0.105133
0.286591
0.152863
-0.003906
-0.013214
-0.177582
-0.081421
0.173523
0.134857
0.039032
-0.027069
-0.157898
-0.043213
0.065491
-0.103638
-0.248840
-0.379059
0.219757
0.857025
0.269836
-0.512146
-0.547821
-0.259247
0.254089
0.581604
0.179077
-0.187317
-0.072693
-0.235565
-0.188812
0.260254
0.204254
0.002258
0.003082
-0.161438
-0.134247
0.144653
0.153687
0.071350
-0.006409
-0.161957
-0.075653
0.093994
-0.087677
-0.219269
-0.379822
0.023621
0.819275
0.469299
-0.413300
-0.580963
-0.327332
0.113861
0.582642
0.310120
-0.168823
-0.096588
-0.203613
-0.251953
0.211426
0.254425
0.011139
0.011139
-0.102264
-0.185272
0.075226
0.179504
0.077759
0.013641
-0.101563
-0.130096
0.059174
-0.043243
-0.198608
-0.343933
-0.089508
0.718872
0.578949
-0.289948
-0.585449
-0.374634
0.035278
0.527557
0.399261
-0.127380
-0.143188
-0.140320
-0.242126
0.133362
0.268524
0.020691
-0.010925
-0.077087
-0.159149
0.052490
0.166016
0.086639
0.011200
-0.104431
-0.096619
0.064697
-0.064331
-0.188599
-0.332916
-0.170990
0.665741
0.673492
-0.227966
-0.581055
-0.428162
-0.017426
0.526703
0.417542
-0.108154
-0.144714
-0.101868
-0.248657
0.071533
0.259216
0.055267
0.013672
-0.043671
-0.196320
-0.002716
0.177185
0.118805
0.016235
-0.097626
-0.125702
0.059082
-0.003967
-0.180023
-0.286987
-0.302948
0.459381
0.825867
-0.000671
-0.602600
-0.468018
-0.145050
0.364685
0.575409
0.047180
-0.206573
-0.111328
-0.265808
-0.024536
0.299103
0.114166
0.001434
-0.012573
-0.207825
-0.062958
0.178833
0.145081
0.046631
-0.075653
-0.166779
0.032501
0.044037
-0.165741
-0.279144
-0.336426
0.364960
0.858215
0.103699
-0.588348
-0.500916
-0.182068
0.342407
0.581757
0.067657
-0.210876
-0.080688
-0.242249
-0.080505
0.282806
0.136658
-0.010712
-0.001434
-0.188049
-0.080841
0.186462
0.140686
0.015320
-0.057159
-0.139404
0.008392
0.059204
-0.151550
-0.295685
-0.340393
0.339050
0.846436
0.167603
-0.566620
-0.543884
-0.202209
0.326477
0.583954
0.116211
-0.221588
-0.105316
-0.217285
-0.099487
0.277405
0.167603
-0.025940
-0.011017
-0.165924
-0.103729
0.164917
0.168274
0.026825
-0.057190
-0.139862
-0.026062
0.060974
-0.107330
-0.255829
-0.372009
0.235779
0.847015
0.257965
-0.521301
-0.554993
-0.242188
0.283234
0.589508
0.152374
-0.217194
-0.101746
-0.198029
-0.123047
0.252258
0.182190
-0.024261
-0.006317
-0.151642
-0.111847
0.154724
0.164215
0.022461
-0.062805
-0.120667
-0.013702
0.062164
-0.122437
-0.299530
-0.382965
0.324219
0.875549
0.203186
-0.542145
-0.576782
-0.236481
0.327209
0.604980
0.138275
-0.244171
-0.105652
-0.208557
-0.122345
0.276245
0.207245
-0.014923
-0.030151
-0.181091
-0.118439
0.155151
0.195129
0.044678
-0.070892
-0.125061
-0.043854
0.009766
-0.084259
-0.267914
-0.371277
0.375885
0.854126
0.118652
-0.554718
-0.546326
-0.224976
0.382874
0.591797
0.065369
-0.228729
-0.090027
-0.232483
-0.103516
0.294952
0.184784
-0.007263
-0.038055
-0.205750
-0.099701
0.188751
0.165527
0.042389
-0.044617
-0.174530
-0.050323
0.071655
-0.112274
-0.279236
-0.326843
0.336365
0.834686
0.160950
-0.567749
-0.549500
-0.196533
0.361176
0.589172
0.078156
-0.238800
-0.090118
-0.229218
-0.109100
0.305237
0.202240
-0.008453
-0.053009
-0.227783
-0.096130
0.197845
0.186066
0.058960
-0.072266
-0.184204
-0.053009
0.037354
-0.078186
-0.273010
-0.344971
0.428589
0.849609
0.049927
-0.601501
-0.524994
-0.178223
0.423279
0.601654
0.017609
-0.257690
-0.083069
-0.245056
-0.082855
0.326813
0.204315
-0.015320
-0.063873
-0.232483
-0.100098
0.209381
0.190887
0.048187
-0.057587
-0.196686
-0.073181
0.044861
-0.084351
-0.274780
-0.297668
0.439392
0.798096
0.053467
-0.601959
-0.526642
-0.145111
0.432281
0.577026
0.013794
-0.240875
-0.095612
-0.263977
-0.076569
0.336945
0.201385
0.004395
-0.081238
-0.254700
-0.068665
0.211945
0.168579
0.046844
-0.045288
-0.180023
-0.096771
-0.022888
-0.069183
-0.321686
-0.199005
0.656189
0.697784
-0.165161
-0.617645
-0.493225
-0.045319
0.563232
0.504974
-0.107239
-0.217834
-0.113281
-0.276978
0.023621
0.342163
0.156921
0.025208
-0.121552
-0.301300
-0.015106
0.257538
0.142487
0.050873
-0.066956
-0.227051
-0.069641
0.012512
-0.092438
-0.332397
-0.123779
0.673553
0.641174
-0.202667
-0.629486
-0.473358
0.029510
0.582642
0.440033
-0.129150
-0.179810
-0.135437
-0.297974
0.056396
0.339935
0.150940
0.021881
-0.144043
-0.279572
0.011353
0.232758
0.129486
0.051392
-0.046539
-0.202057
-0.140533
-0.035431
-0.097473
-0.344269
0.102081
0.796600
0.416504
-0.359070
-0.613159
-0.435669
0.189850
0.667358
0.299500
-0.195251
-0.161041
-0.204773
-0.257080
0.162018
0.314606
0.123016
0.031311
-0.220886
-0.273407
0.092133
0.227081
0.112732
0.061279
