-0.170745
-0.300175
-0.246089
-0.075216
0.068337
0.108064
0.102767
0.008728
-0.110644
-0.182946
-0.249004
-0.238852
-0.144282
-0.051613
0.005315
0.015177
-0.053800
-0.135450
-0.153262
-0.137476
-0.083932
0.000732
0.055169
0.076831
0.082759
0.044988
0.016117
0.036486
0.088171
0.198554
0.329515
0.402877
0.411679
0.246293
-0.014290
-0.203638
-0.279027
-0.181990
-0.025779
0.064344
0.059344
0.032662
-0.014300
-0.077911
-0.126772
-0.203596
-0.222521
-0.167382
-0.074289
-0.014954
0.002494
-0.048481
-0.106800
-0.123584
-0.117788
-0.071910
-0.006192
0.037564
0.061915
0.074807
0.042083
0.023786
0.052175
0.108624
0.201239
0.302493
0.372240
0.411197
0.275917
0.028296
-0.183212
-0.298129
-0.232299
-0.067170
0.078038
0.115861
0.081120
-0.018729
-0.107464
-0.168785
-0.213041
-0.190693
-0.135608
-0.064220
-0.001920
0.000678
-0.048963
-0.116865
-0.143749
-0.123981
-0.064046
-0.001747
0.043505
0.070502
0.069345
0.051178
0.036407
0.055437
0.117739
0.221880
0.316892
0.389425
0.410935
0.225700
-0.008529
-0.189979
-0.277200
-0.187510
-0.050462
0.053038
0.085574
0.084064
0.020892
-0.073201
-0.167151
-0.247672
-0.237333
-0.158019
-0.058722
0.006594
0.010791
-0.038162
-0.101736
-0.126582
-0.122914
-0.084687
-0.006826
0.057410
0.094580
0.089655
0.047599
0.009329
0.027535
0.092926
0.198827
0.322180
0.398533
0.418156
0.266678
0.017579
-0.159106
-0.274726
-0.227640
-0.078467
0.015858
0.064308
0.087763
0.028852
-0.052960
-0.130126
-0.216199
-0.232239
-0.157020
-0.075765
-0.009560
0.008665
-0.050418
-0.100907
-0.116429
-0.113818
-0.081514
-0.018887
0.028910
0.069330
0.093015
0.065012
0.032936
0.041747
0.099553
0.199832
0.326709
0.394564
0.412976
0.242601
-0.014891
-0.181649
-0.268602
-0.197819
-0.036247
0.049896
0.065761
0.060620
-0.011336
-0.078938
-0.137334
-0.216420
-0.227142
-0.161307
-0.088702
-0.005732
0.017588
-0.036845
-0.103030
-0.129909
-0.127288
-0.077603
-0.005332
0.036804
0.063623
0.073896
0.047110
0.034043
0.051081
0.103463
0.206129
0.318372
0.396654
0.422045
0.242105
-0.027958
-0.211079
-0.298885
-0.207776
-0.030321
0.061251
0.089882
0.079050
-0.010075
-0.091904
-0.151059
-0.217764
-0.222862
-0.148376
-0.079331
-0.019338
0.013883
-0.043714
-0.103668
-0.122796
-0.131709
-0.087644
-0.007105
0.031373
0.063748
0.076277
0.038295
0.024522
0.053768
0.110235
0.197731
0.319468
0.400898
0.414939
0.264489
0.001174
-0.188863
-0.275815
-0.220775
-0.053680
0.067431
0.085690
0.083064
-0.002013
-0.099169
-0.172449
-0.226070
-0.217595
-0.136704
-0.059801
-0.015945
-0.003827
-0.053887
-0.111073
-0.134550
-0.125265
-0.086746
-0.008709
0.050706
0.074058
0.070021
0.034738
0.007731
0.040485
0.109223
0.206344
0.328171
0.388248
0.406430
0.258657
0.016541
-0.160603
-0.267066
-0.211571
-0.074676
0.024110
0.070236
0.092204
0.025338
-0.066067
-0.143378
-0.241666
-0.245315
-0.170326
-0.079476
-0.009663
0.015809
-0.041772
-0.107818
-0.133121
-0.138487
-0.092160
-0.020817
0.038818
0.071428
0.076378
0.040418
0.016276
0.042573
0.112283
0.218904
0.328624
0.394091
0.400376
0.260035
0.017025
-0.169695
-0.260853
-0.210466
-0.067691
0.045172
0.075621
0.065987
0.004537
-0.077287
-0.152046
-0.219375
-0.230054
-0.166830
-0.078581
-0.019997
-0.008525
-0.051993
-0.110734
-0.128918
-0.113725
-0.081558
-0.026727
0.030245
0.065667
0.077279
0.047981
0.013873
0.015568
0.071533
0.165284
0.304690
0.415602
0.451773
0.310357
0.047385
-0.179660
-0.315433
-0.252385
-0.097083
0.035092
0.093365
0.092646
0.026949
-0.073004
-0.153602
-0.225481
-0.236353
-0.175758
-0.081205
-0.010612
-0.000866
-0.049892
-0.124373
-0.151807
-0.125186
-0.068969
-0.004336
0.036821
0.054188
0.051997
0.031281
0.008458
0.023534
0.090137
0.178142
0.282692
0.374356
0.407776
0.305805
0.089605
-0.125225
-0.259944
-0.245326
-0.128870
0.012896
0.079318
0.100388
0.049268
-0.052400
-0.133961
-0.223511
-0.247535
-0.198526
-0.113649
-0.029666
0.016716
-0.014071
-0.083559
-0.132755
-0.153343
-0.113650
-0.043736
0.016644
0.059510
0.077843
0.049466
0.016500
0.007288
0.036439
0.121102
0.252533
0.359315
0.428063
0.389653
0.153697
-0.082107
-0.252865
-0.294716
-0.161472
0.002990
0.080425
0.101966
0.058401
-0.055553
-0.129497
-0.199365
-0.232421
-0.190738
-0.109881
-0.037654
-0.001782
-0.021765
-0.095310
-0.142156
-0.149950
-0.118074
-0.051668
0.018755
0.061756
0.080925
0.063169
0.022285
0.002319
0.033036
0.109274
0.236777
0.361056
0.403811
0.379073
0.171306
-0.062592
-0.185193
-0.218724
-0.129566
-0.003316
0.052256
0.031865
0.028395
-0.027697
-0.116754
-0.165865
-0.214392
-0.190772
-0.114002
-0.053605
-0.031127
-0.038587
-0.084420
-0.129022
-0.117835
-0.105564
-0.064192
0.003216
0.039803
0.048739
0.045787
0.015971
0.003643
0.053041
0.118162
0.191992
0.305940
0.383107
0.411649
0.281949
0.036249
-0.156618
-0.273298
-0.222488
-0.076663
0.046819
0.091960
0.091480
0.031561
-0.068763
-0.148996
-0.224460
-0.233577
-0.179207
-0.074866
-0.006735
0.005951
-0.037430
-0.118100
-0.149528
-0.131367
-0.080388
-0.016058
0.047037
0.069633
0.065584
0.031726
-0.006029
0.008870
0.083808
0.197518
0.325334
0.403049
0.418992
0.277661
0.037681
-0.143302
-0.235241
-0.181832
-0.060968
0.041715
0.057554
0.049104
0.014276
-0.063975
-0.141535
-0.203480
-0.222889
-0.169229
-0.072867
-0.021121
-0.014415
-0.053547
-0.120812
-0.150550
-0.122178
-0.079433
-0.015006
0.032365
0.044410
0.038903
0.029668
0.005536
0.034065
0.110423
0.184826
0.296553
0.371404
0.409705
0.332929
0.094474
-0.117895
-0.245380
-0.235453
-0.109640
0.038928
0.089875
0.074832
0.019637
-0.072976
-0.137222
-0.192598
-0.214687
-0.173820
-0.096420
-0.035872
-0.010284
-0.035911
-0.105850
-0.141127
-0.122904
-0.086971
-0.033673
0.023838
0.057439
0.060375
0.048156
0.013507
0.006210
0.067490
0.155850
0.266683
0.364067
0.420753
0.376034
0.152523
-0.082582
-0.232330
-0.249197
-0.139496
-0.000878
0.085030
0.075750
0.037896
-0.033605
-0.125606
-0.196464
-0.218038
-0.188959
-0.117999
-0.038152
-0.013946
-0.033493
-0.090426
-0.129251
-0.129574
-0.101905
-0.055598
0.006221
0.050969
0.058643
0.053007
0.018329
0.000246
0.048757
0.126906
0.230089
0.352020
0.420526
0.415614
0.229780
-0.039973
-0.227176
-0.287469
-0.191424
-0.031520
0.074443
0.098545
0.084544
0.012480
-0.083206
-0.190508
-0.258373
-0.238765
-0.142640
-0.041101
0.014121
0.000894
-0.075012
-0.127631
-0.148319
-0.130391
-0.076075
-0.001734
0.061161
0.086306
0.064350
0.005263
-0.030044
0.006543
0.103476
0.216198
0.341369
0.416898
0.434304
0.266187
0.009350
-0.197530
-0.316090
-0.227704
-0.073563
0.061519
0.115801
0.099497
0.021236
-0.082197
-0.170886
-0.240295
-0.224523
-0.160445
-0.070621
-0.007418
0.000754
-0.048618
-0.115047
-0.152720
-0.141419
-0.081691
-0.011645
0.045376
0.069862
0.055179
0.016279
-0.017061
-0.006302
0.071800
0.171142
0.302688
0.393652
0.420843
0.338807
0.085611
-0.136551
-0.256710
-0.242505
-0.111385
0.027402
0.084741
0.071833
0.041465
-0.054224
-0.145739
-0.205263
-0.226978
-0.187380
-0.098822
-0.029207
-0.007499
-0.022820
-0.090052
-0.141634
-0.147799
-0.119741
-0.058999
0.017369
0.058279
0.068433
0.051692
0.011489
-0.001005
0.047859
0.134242
0.231785
0.354254
0.420713
0.372719
0.178329
-0.060058
-0.230709
-0.272371
-0.164744
-0.027779
0.072186
0.086651
0.046672
-0.016947
-0.096676
-0.179448
-0.224796
-0.199315
-0.142256
-0.055497
-0.004810
-0.021064
-0.072341
-0.122435
-0.144857
-0.117739
-0.056094
0.001535
0.048690
0.058442
0.032912
0.000124
-0.001336
0.042036
0.120652
0.213691
0.328291
0.411151
0.423265
0.260180
-0.002146
-0.215196
-0.306437
-0.207898
-0.049656
0.064301
0.094039
0.069288
-0.005775
-0.088543
-0.157897
-0.219611
-0.201695
-0.138950
-0.072660
-0.021074
-0.032917
-0.073375
-0.111515
-0.126167
-0.112465
-0.063121
-0.008234
0.029811
0.056617
0.041624
0.011102
-0.012234
0.006377
0.082907
0.184136
0.292218
0.375331
0.401973
0.296117
0.074641
-0.131441
-0.247725
-0.217367
-0.090235
0.033908
0.071754
0.063709
0.025167
-0.061724
-0.125920
-0.196546
-0.217336
-0.171173
-0.095594
-0.030970
-0.002132
-0.028905
-0.091952
-0.122835
-0.133195
-0.106613
-0.034879
0.022908
0.056197
0.064938
0.036983
-0.002999
0.000611
0.042139
0.121423
0.228771
0.341554
0.414874
0.417668
0.217804
-0.026694
-0.205780
-0.278599
-0.186900
-0.057633
0.057684
0.088483
0.073906
-0.003119
-0.093659
-0.163896
-0.221337
-0.192329
-0.128463
-0.063143
-0.020173
-0.017440
-0.068510
-0.117828
-0.135559
-0.124924
-0.070416
0.002571
0.055363
0.066293
0.044662
-0.003022
-0.014803
0.028190
0.113322
0.212463
0.310692
0.368137
0.387251
0.289839
0.049966
-0.136297
-0.259038
-0.234981
-0.083500
0.049999
0.101128
0.087136
0.017182
-0.078898
-0.140204
-0.200593
-0.215609
-0.159826
-0.084541
-0.020583
0.007043
-0.042894
-0.113898
-0.135943
-0.123664
-0.080516
-0.015655
0.024307
0.040201
0.047040
0.018156
-0.002292
0.011653
0.071496
0.160851
0.255836
0.348208
0.400907
0.374183
0.164544
-0.076827
-0.218204
-0.258844
-0.146070
-0.002408
0.086013
0.088970
0.047636
-0.029697
-0.124890
-0.180734
-0.213863
-0.177260
-0.095521
-0.031822
-0.006553
-0.026519
-0.095766
-0.143044
-0.131088
-0.094899
-0.037878
0.025961
0.055401
0.058173
0.039763
-0.001759
-0.009391
0.033229
0.108488
0.222192
0.341299
0.390961
0.387509
0.245275
0.003779
-0.174925
-0.260634
-0.215419
-0.068798
0.056758
0.094347
0.101384
0.033569
-0.082806
-0.167715
-0.231629
-0.235474
-0.139526
-0.047004
-0.003958
0.014397
-0.038570
-0.111609
-0.135668
-0.128119
-0.096015
-0.015742
0.037651
0.060549
0.060227
0.025158
-0.011441
0.012194
0.068485
0.144239
0.286531
0.373545
0.415026
0.361191
0.114304
-0.112094
-0.257629
-0.271673
-0.126099
0.029153
0.084717
0.092327
0.045513
-0.043631
-0.109116
-0.168550
-0.222402
-0.197185
-0.121458
-0.051216
0.007266
-0.009407
-0.080468
-0.122557
-0.126613
-0.104262
-0.042523
0.018633
0.041536
0.058296
0.045851
0.002433
-0.003114
0.043121
0.114429
0.222583
0.329722
0.374101
0.384006
0.227219
-0.027492
-0.187906
-0.259720
-0.214320
-0.055600
0.068621
0.077593
0.076509
0.014140
-0.096012
-0.158123
-0.198394
-0.214509
-0.146286
-0.068152
-0.028965
0.007275
-0.024367
-0.095479
-0.126910
-0.134629
-0.105364
-0.021295
0.048714
0.067642
0.060896
0.019365
-0.025761
-0.009795
0.055232
0.144261
0.269836
0.366238
0.394866
0.345498
0.140489
-0.084831
-0.222797
-0.259236
-0.163826
-0.003939
0.076422
0.078369
0.057252
-0.031980
-0.116121
-0.163104
-0.199443
-0.192019
-0.122290
-0.060529
-0.018037
-0.010961
-0.062636
-0.117404
-0.130377
-0.113350
-0.064352
0.004482
0.036553
0.049295
0.047036
0.020570
0.018295
0.055649
0.117412
0.200792
0.297318
0.345496
0.363294
0.228219
0.005049
-0.150871
-0.242607
-0.193471
-0.047670
0.053892
0.078221
0.075209
0.004455
-0.088007
-0.148128
-0.211177
-0.215508
-0.144719
-0.069970
-0.012737
0.003175
-0.048097
-0.101441
-0.122032
-0.110996
-0.079627
-0.017182
0.022481
0.039960
0.056694
0.024732
0.007511
0.023821
0.071064
0.153435
0.269694
0.348628
0.377869
0.325476
0.103375
-0.105136
-0.226247
-0.237132
-0.114697
0.022867
0.074158
0.074752
0.034086
-0.056649
-0.116404
-0.156230
-0.201775
-0.175897
-0.106831
-0.049311
-0.006241
-0.013072
-0.073960
-0.116937
-0.124696
-0.097933
-0.039699
0.015518
0.047890
0.060581
0.049981
0.021454
0.016012
0.061508
0.136444
0.226495
0.325474
0.370779
0.346486
0.179610
-0.044470
-0.189784
-0.254336
-0.168907
-0.010571
0.079593
0.087374
0.062382
-0.019193
-0.104878
-0.155189
-0.208266
-0.206720
-0.129782
-0.051884
-0.002956
0.006540
-0.058752
-0.124206
-0.131716
-0.110482
-0.063150
0.008306
0.043961
0.050428
0.050184
0.011679
-0.016217
0.026125
0.098854
0.204794
0.315114
0.363889
0.372240
0.268427
0.029449
-0.145618
-0.213191
-0.193751
-0.070551
0.039899
0.075641
0.071965
0.037442
-0.063195
-0.148468
-0.202852
-0.219759
-0.145616
-0.059408
-0.015174
-0.004935
-0.042990
-0.104537
-0.127390
-0.109590
-0.084519
-0.032495
0.025334
0.051502
0.060518
0.033171
-0.001212
0.005579
0.075076
0.166342
0.271498
0.354634
0.380437
0.330684
0.123876
-0.083477
-0.216475
-0.246687
-0.115445
0.026946
0.080706
0.083376
0.048022
-0.037822
-0.103662
-0.161778
-0.216614
-0.184180
-0.109305
-0.049382
0.003574
-0.014030
-0.079594
-0.117204
-0.127022
-0.104867
-0.038232
0.018426
0.050640
0.061579
0.035849
-0.003876
-0.007465
0.028042
0.103898
0.220616
0.324341
0.380321
0.389658
0.246635
-0.003115
-0.152703
-0.229441
-0.206811
-0.063625
0.040515
0.078757
0.091395
0.029978
-0.086242
-0.169789
-0.217363
-0.207244
-0.118648
-0.040801
-0.019525
-0.016020
-0.058391
-0.113385
-0.123222
-0.120734
-0.087695
-0.015494
0.037665
0.057841
0.058266
0.032999
0.006485
0.023937
0.081829
0.158597
0.273948
0.347083
0.367844
0.311866
0.094034
-0.111416
-0.222968
-0.213282
-0.089167
0.043895
0.078763
0.046002
0.004022
-0.068534
-0.119707
-0.152661
-0.190828
-0.174596
-0.107120
-0.049625
-0.008680
-0.020637
-0.081489
-0.128708
-0.124630
-0.097533
-0.037832
0.019355
0.044488
0.054336
0.036253
0.006287
0.007222
0.062767
0.145058
0.247959
0.339809
0.373738
0.337705
0.148122
-0.066127
-0.202713
-0.247643
-0.155736
-0.013251
0.072251
0.086204
0.074036
-0.021070
-0.116975
-0.182400
-0.228722
-0.192893
-0.106216
-0.040731
-0.006675
-0.015903
-0.081958
-0.126527
-0.127483
-0.106719
-0.057989
0.002527
0.036055
0.057646
0.060502
0.026331
0.009437
0.032853
0.095058
0.196521
0.314201
0.375679
0.383266
0.252369
0.009393
-0.165499
-0.240225
-0.203570
-0.068434
0.050149
0.081878
0.078678
0.027764
-0.069960
-0.151998
-0.220398
-0.237355
-0.158745
-0.061671
-0.014514
-0.005824
-0.053096
-0.118331
-0.127302
-0.108604
-0.086598
-0.029990
0.021070
0.043519
0.060561
0.035355
0.000720
0.011494
0.076649
0.176213
0.294461
0.372676
0.391629
0.308292
0.072874
-0.139199
-0.262294
-0.229481
-0.085774
0.045245
0.092292
0.079467
0.024979
-0.057611
-0.133379
-0.208631
-0.222672
-0.169607
-0.091072
-0.023403
-0.003824
-0.049912
-0.106331
-0.132274
-0.124898
-0.087687
-0.027295
0.027775
0.054183
0.053672
0.023860
-0.001563
0.011130
0.084304
0.171143
0.265710
0.340550
0.367889
0.309320
0.105638
-0.091434
-0.193130
-0.188872
-0.100640
0.004107
0.058385
0.045767
0.032625
-0.026152
-0.128955
-0.180789
-0.213506
-0.189581
-0.099767
-0.029098
-0.022566
-0.033754
-0.082362
-0.133263
-0.118720
-0.088612
-0.058530
0.008445
0.044012
0.041350
0.035083
0.006052
0.005698
0.074196
0.159124
0.243654
0.332000
0.367236
0.340912
0.166353
-0.033451
-0.199306
-0.258786
-0.137244
-0.012558
0.083789
0.101015
0.053493
-0.035591
-0.117201
-0.184331
-0.224878
-0.193910
-0.129341
-0.049793
0.009268
-0.010417
-0.073795
-0.133911
-0.149322
-0.113774
-0.044062
0.012143
0.041962
0.056704
0.042714
0.017735
0.006079
0.021754
0.096148
0.199530
0.321639
0.400478
0.405172
0.254652
0.008405
-0.182667
-0.265985
-0.195969
-0.068954
0.049544
0.099183
0.081275
0.020367
-0.066908
-0.163685
-0.234917
-0.221276
-0.155279
-0.063213
-0.003160
-0.003353
-0.048677
-0.107043
-0.144108
-0.142097
-0.093121
-0.023596
0.040631
0.072050
0.059151
0.014323
-0.009786
0.010632
0.094178
0.178965
0.292590
0.380435
0.417103
0.334792
0.071156
-0.151407
-0.276050
-0.244322
-0.102494
0.046323
0.106718
0.094037
0.051238
-0.052105
-0.139097
-0.208018
-0.244406
-0.195819
-0.101429
-0.027244
0.007196
-0.018772
-0.087110
-0.133702
-0.133083
-0.107988
-0.048313
0.019071
0.060724
0.071369
0.039127
-0.004832
-0.012415
0.056044
0.153416
0.280574
0.402011
0.431561
0.349169
0.124655
-0.116180
-0.260767
-0.241733
-0.120479
0.018907
0.091849
0.089821
0.052033
-0.029369
-0.119408
-0.198466
-0.231196
-0.206723
-0.121719
-0.036973
-0.005744
-0.022708
-0.082065
-0.134518
-0.140250
-0.107667
-0.058095
0.005538
0.042492
0.056167
0.039719
0.010756
0.004573
0.051525
0.132497
0.235107
0.334357
0.386646
0.377373
0.208771
-0.028949
-0.208711
-0.269924
-0.174390
-0.033635
0.075931
0.095525
0.075325
-0.000237
-0.101386
-0.186934
-0.246192
-0.224685
-0.134883
-0.035592
0.013122
0.003281
-0.064700
-0.135083
-0.158344
-0.134831
-0.076237
0.001906
0.056595
0.077519
0.060313
0.014050
-0.021667
-0.000212
0.087076
0.199134
0.323804
0.386277
0.398460
0.278852
0.047470
-0.130332
-0.261314
-0.221319
-0.075612
0.033666
0.079222
0.081383
0.016231
-0.063089
-0.114520
-0.198417
-0.230886
-0.177207
-0.099071
-0.026510
0.010410
-0.040020
-0.112838
-0.136409
-0.126476
-0.081705
-0.019811
0.022951
0.045036
0.062158
0.038283
0.013174
0.021389
0.073021
0.160691
0.278113
0.362240
0.404181
0.332899
0.095772
-0.093913
-0.239093
-0.246957
-0.111233
0.019125
0.086471
0.097566
0.051597
-0.060377
-0.139866
-0.219674
-0.232175
-0.169612
-0.087151
-0.016801
0.005114
-0.028910
-0.096271
-0.132265
-0.146459
-0.112702
-0.044014
0.021913
0.064447
0.066053
0.031463
-0.012023
-0.016899
0.038895
0.151676
0.275187
0.367047
0.395186
0.348522
0.146817
-0.072547
-0.200298
-0.229981
-0.122907
-0.015161
0.047267
0.064436
0.053665
-0.004187
-0.087259
-0.175374
-0.236331
-0.211208
-0.128833
-0.044861
-0.005711
-0.016495
-0.077981
-0.122925
-0.131895
-0.112770
-0.060892
0.002118
0.049301
0.069272
0.057895
0.018043
0.003369
0.036906
0.112975
0.223007
0.334044
0.389751
0.380973
0.200655
-0.022737
-0.183259
-0.256110
-0.165435
-0.029560
0.052173
0.070422
0.056690
-0.025839
-0.089725
-0.147603
-0.208475
-0.195499
-0.132670
-0.061397
-0.014553
-0.021056
-0.086974
-0.129343
-0.129252
-0.104884
-0.044969
0.008562
0.038485
0.055748
0.056257
0.026649
0.009978
0.031570
0.092869
0.200685
0.312210
0.382593
0.400624
0.234761
-0.002342
-0.167729
-0.259871
-0.177007
-0.045692
0.048494
0.073587
0.074306
0.008084
-0.079649
-0.149837
-0.234324
-0.224246
-0.144154
-0.055121
0.002118
0.006085
-0.057860
-0.120994
-0.142613
-0.132400
-0.079655
-0.006981
0.049504
0.082184
0.074526
0.030520
-0.002361
0.011404
0.074604
0.187190
0.311085
0.375867
0.394652
0.256380
0.022506
-0.137513
-0.239016
-0.203167
-0.067958
0.022819
0.055725
0.078410
0.027615
-0.059415
-0.119693
-0.206762
-0.243868
-0.171171
-0.083692
-0.014869
0.016658
-0.033131
-0.106730
-0.138327
-0.131951
-0.093474
-0.022017
0.043922
0.077627
0.083305
0.041627
-0.010784
-0.000759
0.068672
0.177570
0.303514
0.371734
0.396483
0.284402
0.056130
-0.126183
-0.252371
-0.210545
-0.080142
0.035388
0.102583
0.090794
0.018297
-0.089460
-0.156865
-0.226752
-0.212454
-0.130273
-0.062004
-0.002212
-0.004681
-0.060054
-0.121497
-0.142574
-0.130504
-0.076826
-0.010790
0.036157
0.069295
0.067351
0.033774
0.002113
0.005666
0.056378
0.156715
0.294626
0.365046
0.392158
0.325428
0.089714
-0.133562
-0.249234
-0.231900
-0.093401
0.058419
0.117601
0.087000
0.022547
-0.076716
-0.144925
-0.193508
-0.220473
-0.174057
-0.091539
-0.015626
0.013687
-0.013439
-0.095414
-0.152345
-0.144306
-0.096401
-0.024656
0.037132
0.060497
0.052163
0.031253
-0.002161
0.004921
0.058468
0.148165
0.250722
0.336179
0.378372
0.336458
0.154578
-0.060408
-0.201811
-0.226116
-0.117376
0.004331
0.074198
0.067196
0.034802
-0.042148
-0.117613
-0.181828
-0.218688
-0.176529
-0.091279
-0.025494
-0.006918
-0.037221
-0.111205
-0.151119
-0.136270
-0.092559
-0.030054
0.028941
0.056273
0.066098
0.049167
0.018977
0.012014
0.054021
0.131654
0.239157
0.326754
0.366028
0.361032
0.194236
-0.032749
-0.201140
-0.255459
-0.146369
-0.010334
0.075389
0.083605
0.047462
-0.025190
-0.091057
-0.153973
-0.224322
-0.208188
-0.129499
-0.049507
0.003499
-0.011097
-0.080518
-0.127288
-0.129835
-0.105124
-0.052235
-0.000251
0.042622
0.067837
0.056899
0.016867
0.000579
0.034139
0.112469
0.224822
0.328914
0.373434
0.376251
0.223960
-0.007276
-0.146874
-0.235440
-0.166344
-0.025890
0.055438
0.067050
0.047672
-0.022354
-0.115341
-0.145645
-0.193836
-0.180657
-0.119635
-0.061895
-0.023281
-0.013282
-0.061558
-0.119691
-0.128766
-0.120973
-0.077907
-0.003753
0.041469
0.070543
0.075917
0.038293
0.009412
0.032936
0.094535
0.191596
0.303826
0.361028
0.374352
0.263077
0.039711
-0.147129
-0.253174
-0.202750
-0.051923
0.054848
0.097870
0.088839
0.011229
-0.076426
-0.154087
-0.232118
-0.232777
-0.156146
-0.065104
0.009950
0.023143
-0.041369
-0.117821
-0.154227
-0.148188
-0.084832
-0.005799
0.044791
0.077928
0.075343
0.034171
-0.002368
0.000594
0.062927
0.166536
0.294404
0.359513
0.374922
0.320826
0.118056
-0.065141
-0.199673
-0.231488
-0.144650
-0.021314
0.073837
0.078206
0.045851
-0.030909
-0.101246
-0.177807
-0.209936
-0.186578
-0.126410
-0.045097
-0.013066
-0.020238
-0.071877
-0.115849
-0.130289
-0.104110
-0.053873
0.002590
0.053315
0.075130
0.060966
0.033396
0.014706
0.039852
0.114045
0.219410
0.326573
0.401853
0.387012
0.185243
-0.033861
-0.199119
-0.251065
-0.148443
-0.021848
0.053204
0.069193
0.051223
-0.026678
-0.091763
-0.169217
-0.232347
-0.198277
-0.119941
-0.045394
0.007477
-0.012052
-0.087559
-0.131636
-0.139428
-0.111923
-0.053714
-0.002281
0.037881
0.068232
0.063357
0.037582
0.022497
0.048973
0.121588
0.223986
0.323666
0.368682
0.356311
0.174727
-0.039132
-0.169823
-0.227451
-0.139649
-0.026774
0.040645
0.070178
0.045898
-0.022656
-0.095435
-0.172278
-0.226184
-0.192597
-0.120213
-0.049898
-0.005796
-0.025922
-0.084381
-0.132473
-0.132616
-0.103934
-0.050475
0.003236
0.044589
0.064020
0.047957
0.016856
-0.010769
0.021307
0.113517
0.225310
0.342683
0.388792
0.374428
0.225631
-0.002044
-0.165436
-0.253377
-0.189590
-0.053206
0.034536
0.079599
0.070436
-0.001382
-0.091121
-0.159271
-0.224292
-0.214450
-0.147851
-0.077009
-0.022526
-0.017449
-0.059084
-0.108197
-0.133330
-0.128207
-0.083592
-0.018302
0.034931
0.065668
0.063617
0.028263
-0.004610
0.013035
0.079925
0.176224
0.304566
0.370656
0.386069
0.278284
0.038340
-0.153177
-0.251272
-0.205023
-0.073636
0.036696
0.065465
0.035153
-0.003564
-0.068468
-0.118984
-0.173223
-0.210896
-0.179454
-0.111635
-0.040014
-0.007006
-0.034566
-0.099128
-0.136017
-0.124740
-0.087224
-0.031933
0.014335
0.042874
0.058770
0.044036
0.017677
0.034932
0.090430
0.172720
0.280086
0.352390
0.387213
0.287892
0.054490
-0.149130
-0.264123
-0.220521
-0.081131
0.033549
0.073736
0.081142
0.037240
-0.064212
-0.149471
-0.242627
-0.248202
-0.174176
-0.069610
0.001368
0.009698
-0.038806
-0.112277
-0.146314
-0.145178
-0.099787
-0.034630
0.025605
0.068606
0.078500
0.045626
-0.000845
-0.003826
0.055187
0.168838
0.295107
0.385978
0.420778
0.320931
0.067725
-0.152910
-0.274122
-0.256498
-0.095188
0.043031
0.089567
0.078714
0.021002
-0.060640
-0.138769
-0.214056
-0.244311
-0.191892
-0.093879
-0.011865
0.015163
-0.033760
-0.105710
-0.145153
-0.139180
-0.095860
-0.032372
0.030340
0.073384
0.078641
0.042234
-0.000369
-0.005097
0.065960
0.180032
0.307370
0.390667
0.418437
0.283899
0.030607
-0.171266
-0.284673
-0.224613
-0.080879
0.044651
0.095317
0.082297
0.031291
-0.065439
-0.149593
-0.224988
-0.236093
-0.170900
-0.083155
-0.009113
-0.001863
-0.040478
-0.099843
-0.134672
-0.125546
-0.089008
-0.031905
0.027517
0.065074
0.075250
0.052794
0.022127
0.026777
0.085125
0.202433
0.331235
0.406743
0.406765
0.220500
-0.025195
-0.218304
-0.280827
-0.164303
-0.015346
0.085062
0.090270
0.054037
-0.033016
-0.102847
-0.169487
-0.230613
-0.209966
-0.139410
-0.048243
0.012643
-0.004852
-0.068822
-0.120887
-0.145944
-0.120392
-0.058149
-0.004410
0.039594
0.066113
0.055932
0.034703
0.014417
0.040418
0.103630
0.206884
0.325807
0.389979
0.392243
0.211569
-0.018491
-0.197564
-0.267794
-0.164681
-0.026750
0.066076
0.074169
0.044065
-0.031447
-0.082625
-0.135941
-0.196976
-0.201112
-0.149353
-0.076087
-0.013878
-0.005824
-0.053223
-0.102607
-0.126875
-0.112449
-0.060810
-0.002010
0.040396
0.069389
0.072699
0.051122
0.031741
0.048443
0.111216
0.221824
0.347823
0.422084
0.379199
0.177615
-0.065135
-0.241064
-0.264620
-0.147680
-0.017032
0.058728
0.083199
0.061475
-0.002962
-0.087504
-0.180284
-0.233354
-0.217213
-0.125417
-0.035933
0.015282
0.001854
-0.057806
-0.112480
-0.134500
-0.115723
-0.067653
0.002932
0.057229
0.090292
0.086361
0.046938
0.035935
0.064186
0.136758
0.259693
0.362972
0.407870
0.309749
0.071699
-0.134776
-0.271566
-0.214452
-0.061493
0.059327
0.108279
0.073285
0.009146
-0.068109
-0.131069
-0.193172
-0.225048
-0.179424
-0.088987
-0.006272
0.023865
-0.006912
-0.076550
-0.123753
-0.126170
-0.095738
-0.035164
0.025512
0.062738
0.083168
0.070646
0.041994
0.040999
0.087847
0.170003
0.294362
0.385993
0.407709
0.262791
0.027811
-0.191519
-0.269954
-0.172818
-0.043929
0.063678
0.091942
0.058001
-0.005601
-0.066898
-0.145885
-0.200599
-0.197075
-0.152127
-0.060411
0.001450
-0.006312
-0.052579
-0.108591
-0.133278
-0.105198
-0.051305
-0.002668
0.042823
0.065186
0.059918
0.051183
0.043885
0.061160
0.114654
0.212331
0.318800
0.396940
0.354159
0.141985
-0.079005
-0.223329
-0.228807
-0.128231
0.009097
0.079412
0.083599
0.064998
-0.024997
-0.116578
-0.197942
-0.243720
-0.198012
-0.102289
-0.018979
0.018911
-0.004299
-0.075781
-0.134107
-0.138413
-0.110739
-0.050597
0.022820
0.073709
0.088303
0.066242
0.025080
0.017780
0.070793
0.168722
0.301106
0.405887
0.446889
0.287454
0.041282
-0.172689
-0.305534
-0.211645
-0.057505
0.042359
0.086131
0.084484
0.005215
-0.056687
-0.137971
-0.233876
-0.222814
-0.161753
-0.075872
0.002843
0.008400
-0.060251
-0.106620
-0.138589
-0.133780
-0.070976
-0.004963
0.045256
0.096446
0.090772
0.051417
0.027179
0.028005
0.083343
0.199166
0.317356
0.382657
0.345453
0.157333
-0.042774
-0.187472
-0.221766
-0.142172
-0.020316
0.051980
0.068413
0.053837
-0.022053
-0.101118
-0.178357
-0.224876
-0.210191
-0.129427
-0.047331
0.002620
-0.002860
-0.062289
-0.117925
-0.136480
-0.112140
-0.065343
0.003545
0.053774
0.071233
0.072512
0.056263
0.048492
0.087952
0.166785
0.271525
0.356263
0.378928
0.230501
0.003918
-0.163881
-0.237317
-0.162694
-0.044928
0.034655
0.072729
0.059815
0.002993
-0.064386
-0.143702
-0.221412
-0.223297
-0.162713
-0.091852
-0.032226
-0.012835
-0.047843
-0.092949
-0.121519
-0.111340
-0.070424
-0.017633
0.025846
0.050562
0.052759
0.043805
0.045618
0.070355
0.117536
0.213366
0.316849
0.385254
0.345981
0.124799
-0.087661
-0.223498
-0.226698
-0.099254
0.010532
0.066464
0.070230
0.013032
-0.063239
-0.119804
-0.193538
-0.223171
-0.182272
-0.109253
-0.032353
0.006870
-0.028202
-0.095256
-0.136040
-0.144056
-0.098781
-0.034281
0.015742
0.056561
0.070207
0.047023
0.025506
0.024550
0.076715
0.166799
0.280141
0.352247
0.368846
0.245595
0.025492
-0.133465
-0.219744
-0.187980
-0.071776
0.036090
0.068200
0.072230
0.007855
-0.082016
-0.163942
-0.219333
-0.204638
-0.151227
-0.072962
-0.035894
-0.024011
-0.050834
-0.096220
-0.122616
-0.122969
-0.093890
-0.039890
0.029167
0.071822
0.074506
0.051425
0.014704
0.039237
0.095502
0.196302
0.307439
0.368543
0.348341
0.181740
-0.023808
-0.175208
-0.217690
-0.162186
-0.049999
0.041035
0.067065
0.074801
0.005266
-0.090917
-0.172143
-0.238284
-0.223371
-0.138735
-0.050514
-0.009012
-0.004113
-0.057800
-0.118069
-0.124113
-0.119384
-0.080466
-0.019505
0.039872
0.064102
0.065262
0.044311
0.021691
0.062240
0.145871
0.255916
0.337344
0.366447
0.281045
0.087375
-0.090872
-0.200568
-0.181619
-0.086283
0.009867
0.075604
0.062761
0.027086
-0.057467
-0.139536
-0.206205
-0.216025
-0.168345
-0.101381
-0.019993
-0.005835
-0.036835
-0.091534
-0.139048
-0.134722
-0.087716
-0.038296
0.015460
0.058444
0.063181
0.043446
0.036948
0.039090
0.082309
0.178708
0.290007
0.360404
0.377831
0.238249
0.032438
-0.136353
-0.218340
-0.173282
-0.083228
0.021637
0.068141
0.073648
0.030886
-0.051869
-0.145120
-0.223879
-0.219523
-0.173626
-0.088955
-0.021602
-0.002212
-0.026957
-0.075403
-0.132535
-0.133735
-0.096796
-0.033485
0.045520
0.085326
0.072934
0.046989
0.020692
0.023651
0.085574
0.188386
0.303945
0.388493
0.386901
0.192769
-0.029355
-0.201233
-0.261251
-0.150584
-0.035514
0.057633
0.102137
0.085839
-0.000256
-0.091830
-0.195889
-0.254189
-0.210698
-0.127884
-0.034933
0.019480
-0.001417
-0.069228
-0.119415
-0.146249
-0.123390
-0.067178
-0.002001
0.052225
0.091427
0.083402
0.051454
0.028300
0.043838
0.108476
0.227424
0.338478
0.395667
0.339034
0.110626
-0.081782
-0.209975
-0.223841
-0.119201
0.005077
0.060386
0.078999
0.064522
-0.027690
-0.108439
-0.184790
-0.231188
-0.189528
-0.116359
-0.047142
0.004920
-0.005178
-0.064402
-0.111562
-0.125065
-0.108252
-0.048282
0.017319
0.053675
0.070386
0.057458
0.038437
0.043511
0.088889
0.153007
0.260933
0.347313
0.391988
0.292408
0.043162
-0.147218
-0.251192
-0.196944
-0.059660
0.047795
0.070553
0.051694
0.023725
-0.054519
-0.116854
-0.189588
-0.235297
-0.187088
-0.092103
-0.011778
0.021449
-0.006290
-0.087821
-0.130654
-0.126165
-0.097924
-0.030250
0.029964
0.066255
0.082927
0.072151
0.034257
0.032630
0.086194
0.176308
0.295747
0.379288
0.390513
0.253504
0.016139
-0.181348
-0.254003
-0.182031
-0.053978
0.056627
0.095036
0.070789
0.012921
-0.071392
-0.152466
-0.212114
-0.217092
-0.157078
-0.072094
-0.010804
0.003826
-0.025007
-0.087399
-0.127594
-0.117958
-0.081849
-0.025002
0.034827
0.069543
0.074442
0.063200
0.035230
0.045053
0.096316
0.187591
0.306613
0.381528
0.373911
0.192911
-0.033556
-0.209142
-0.252245
-0.150794
-0.034739
0.074578
0.102306
0.076640
0.005850
-0.090397
-0.180704
-0.234643
-0.215151
-0.138646
-0.041341
0.017910
0.012764
-0.038638
-0.106681
-0.143792
-0.127102
-0.066160
-0.000660
0.056943
0.083021
0.063566
0.035351
0.023951
0.051297
0.122487
0.224372
0.316122
0.380775
0.352606
0.142222
-0.058612
-0.215217
-0.262291
-0.130143
0.005521
0.075763
0.105945
0.062965
-0.037880
-0.108832
-0.185103
-0.231660
-0.173466
-0.100785
-0.041883
0.007617
-0.019131
-0.077967
-0.100813
-0.117222
-0.105963
-0.046299
0.003702
0.043385
0.077470
0.057819
0.018986
0.018149
0.055419
0.131087
0.240984
0.315530
0.375853
0.347700
0.129813
-0.077193
-0.228298
-0.245089
-0.109184
0.013795
0.061031
0.057926
0.029408
-0.037258
-0.090202
-0.147896
-0.203486
-0.191260
-0.124295
-0.054999
-0.000699
-0.009801
-0.065013
-0.105693
-0.123949
-0.107164
-0.057639
0.001057
0.040606
0.063943
0.063309
0.038318
0.031923
0.071514
0.133875
0.229128
0.311398
0.356616
0.323519
0.129694
-0.067229
-0.219413
-0.240925
-0.111470
0.005652
0.068171
0.084336
0.048307
-0.029558
-0.095837
-0.176734
-0.230533
-0.191025
-0.112620
-0.038691
0.008593
-0.014982
-0.074302
-0.103382
-0.122158
-0.105417
-0.051378
0.000973
0.038604
0.066087
0.056784
0.017868
0.019959
0.063608
0.127940
0.228631
0.320776
0.376527
0.342678
0.148063
-0.077903
-0.235607
-0.246763
-0.138916
-0.002199
0.082137
0.076250
0.040041
-0.039036
-0.105996
-0.164497
-0.210423
-0.192905
-0.123572
-0.040725
0.003671
-0.007060
-0.074598
-0.132515
-0.140748
-0.098865
-0.041033
0.020191
0.054094
0.060617
0.053209
0.030559
0.015212
0.056924
0.129240
0.224169
0.323926
0.391927
0.332222
0.126001
-0.081055
-0.253075
-0.249983
-0.111734
0.004858
0.087867
0.086641
0.021942
-0.040345
-0.102085
-0.181302
-0.227398
-0.199570
-0.125002
-0.028344
0.022002
-0.005453
-0.061966
-0.113859
-0.141009
-0.111871
-0.058243
-0.000850
0.056822
0.089448
0.072898
0.041268
0.018152
0.034922
0.116847
0.228872
0.323048
0.364215
0.306132
0.122817
-0.071771
-0.201357
-0.220626
-0.120943
-0.020118
0.041876
0.059139
0.032558
-0.013346
-0.074980
-0.156909
-0.215878
-0.201409
-0.135931
-0.055589
0.002620
-0.008861
-0.060059
-0.098565
-0.125017
-0.101184
-0.057231
-0.009783
0.038281
0.074310
0.072107
0.051243
0.034175
0.045782
0.103267
0.204687
0.306452
0.381385
0.330665
0.112226
-0.095254
-0.234017
-0.229608
-0.114897
-0.001410
0.058077
0.067148
0.032991
-0.026749
-0.097052
-0.178354
-0.213909
-0.180150
-0.105891
-0.038638
-0.004787
-0.026461
-0.075693
-0.107623
-0.112852
-0.087310
-0.047993
0.002123
0.041296
0.059999
0.054036
0.032348
0.028028
0.068558
0.140680
0.231095
0.306474
0.358108
0.309167
0.111523
-0.088800
-0.226296
-0.212146
-0.106478
-0.003842
0.047711
0.044751
0.014306
-0.037094
-0.080825
-0.146043
-0.192693
-0.177521
-0.120802
-0.053740
-0.018149
-0.029055
-0.073317
-0.106742
-0.106902
-0.082232
-0.035682
0.008565
0.044904
0.058919
0.043143
0.027861
0.030428
0.066942
0.135775
0.239285
0.315332
0.369906
0.310542
0.099618
-0.095980
-0.223993
-0.214721
-0.106078
-0.002870
0.036065
0.050741
0.034958
-0.038943
-0.089937
-0.168568
-0.209677
-0.167996
-0.102418
-0.046718
-0.009368
-0.024313
-0.066379
-0.097588
-0.115069
-0.103790
-0.050102
0.008795
0.055778
0.082850
0.066455
0.047147
0.052389
0.074262
0.137027
0.244692
0.323581
0.370536
0.284916
0.059824
-0.151377
-0.260906
-0.232718
-0.074299
0.074963
0.102187
0.083449
0.012510
-0.079760
-0.137745
-0.196248
-0.224924
-0.172065
-0.082304
-0.001386
0.037829
-0.008124
-0.092541
-0.139228
-0.138013
-0.088978
-0.011648
0.048522
0.071550
0.075691
0.051564
0.023984
0.019689
0.062073
0.157576
0.269870
0.355246
0.393930
0.255365
0.031619
-0.146664
-0.247329
-0.201247
-0.088908
0.027148
0.080632
0.084404
0.040626
-0.045012
-0.128046
-0.215604
-0.224844
-0.163869
-0.078338
0.001952
0.017177
-0.023960
-0.088633
-0.131654
-0.124622
-0.083450
-0.021990
0.032155
0.069234
0.074114
0.055493
0.032657
0.026293
0.069997
0.151448
0.255469
0.339801
0.370957
0.246675
0.028540
-0.133522
-0.231224
-0.183965
-0.051760
0.029733
0.070209
0.074037
0.016210
-0.048292
-0.124312
-0.217032
-0.227719
-0.155188
-0.064936
0.011645
0.024133
-0.039630
-0.099374
-0.126850
-0.127595
-0.087559
-0.028715
0.028106
0.067201
0.079742
0.062400
0.037239
0.038881
0.079805
0.166931
0.277521
0.351690
0.373474
0.238865
0.024493
-0.154009
-0.243627
-0.184673
-0.066042
0.034913
0.074444
0.065002
0.016588
-0.047203
-0.114139
-0.196529
-0.216039
-0.174539
-0.095201
-0.008786
0.016604
-0.023922
-0.075971
-0.114883
-0.114861
-0.080601
-0.030723
0.018450
0.063491
0.077896
0.060854
0.032270
0.017172
0.057525
0.154591
0.273850
0.352040
0.386229
0.259388
0.029495
-0.130673
-0.222342
-0.198438
-0.078202
0.023060
0.051156
0.074598
0.045518
-0.039626
-0.120195
-0.201761
-0.237012
-0.171084
-0.078341
-0.012313
0.015463
-0.020139
-0.085804
-0.118410
-0.120125
-0.098136
-0.038563
0.027643
0.066360
0.084682
0.059259
0.020498
0.016604
0.058131
0.130997
0.248972
0.340882
0.381339
0.291928
0.076557
-0.119101
-0.250752
-0.222435
-0.093715
0.023923
0.084800
0.080754
0.031557
-0.053513
-0.131779
-0.202200
-0.213143
-0.168505
-0.085994
-0.007550
0.006087
-0.026188
-0.087825
-0.133915
-0.127737
-0.086379
-0.033480
0.029498
0.062493
0.067373
0.048350
0.018116
0.017552
0.068654
0.155748
0.268298
0.339797
0.357094
0.252145
0.047703
-0.129718
-0.240445
-0.175744
-0.057373
0.032073
0.078601
0.065472
0.007019
-0.063761
-0.121333
-0.200019
-0.213941
-0.154502
-0.081523
-0.009702
-0.001237
-0.047871
-0.094562
-0.130477
-0.126093
-0.084565
-0.028246
0.021909
0.066209
0.071612
0.038967
0.012237
0.019091
0.061945
0.147150
0.248294
0.333916
0.385753
0.285917
0.070374
-0.114246
-0.225744
-0.191946
-0.083552
-0.003019
0.050883
0.068887
0.034517
-0.017817
-0.098720
-0.203996
-0.249222
-0.188414
-0.096785
-0.012295
0.022240
-0.017874
-0.078590
-0.123119
-0.136686
-0.112161
-0.058615
0.003009
0.063083
0.083741
0.056590
0.025887
0.017557
0.057160
0.131620
0.238991
0.325650
0.366394
0.299722
0.088710
-0.100721
-0.221937
-0.220792
-0.102399
0.014409
0.070125
0.082890
0.041836
-0.053475
-0.113871
-0.177345
-0.215770
-0.166855
-0.107252
-0.050498
-0.007995
-0.014226
-0.069450
-0.103038
-0.111712
-0.102504
-0.047017
-0.003983
0.031167
0.065342
0.055228
0.039153
0.035448
0.058310
0.120243
0.217673
0.301061
0.355703
0.323081
0.121594
-0.075129
-0.192837
-0.216351
-0.130874
-0.019980
0.044451
0.067121
0.071174
0.004854
-0.087340
-0.178984
-0.256382
-0.218270
-0.111139
-0.021085
0.020665
0.000107
-0.072544
-0.125653
-0.124304
-0.103625
-0.057548
0.005989
0.051030
0.078223
0.062689
0.020924
-0.000507
0.034106
0.107837
0.211614
0.306980
0.355214
0.333981
0.157000
-0.051620
-0.195530
-0.247244
-0.125481
0.011950
0.060916
0.074780
0.043500
-0.032632
-0.083178
-0.140122
-0.207909
-0.192951
-0.124790
-0.054641
0.003598
-0.004103
-0.071354
-0.112794
-0.128829
-0.116822
-0.056639
0.004152
0.040607
0.074244
0.067807
0.027858
0.013286
0.031636
0.081177
0.178522
0.286332
0.349766
0.354634
0.209442
-0.004278
-0.161417
-0.222986
-0.155548
-0.040131
0.048011
0.075532
0.044300
-0.003885
-0.076096
-0.141777
-0.183953
-0.188246
-0.142243
-0.068526
-0.011379
-0.008176
-0.040465
-0.093093
-0.116946
-0.099722
-0.062058
-0.021662
0.018246
0.044747
0.049740
0.044964
0.037448
0.052274
0.112673
0.182192
0.265566
0.325494
0.344698
0.214082
0.001498
-0.151069
-0.234205
-0.163875
-0.018016
0.057805
0.071368
0.045974
-0.024271
-0.087904
-0.132946
-0.185508
-0.188502
-0.133428
-0.077031
-0.020015
-0.004979
-0.049575
-0.092218
-0.110329
-0.109975
-0.072956
-0.015410
0.021708
0.057870
0.063630
0.036804
0.014764
0.031370
0.088905
0.172805
0.271567
0.327667
0.357289
0.273594
0.065920
-0.105688
-0.232676
-0.193678
-0.081521
0.032042
0.084240
0.049831
-0.011703
-0.088934
-0.126355
-0.158005
-0.170002
-0.147772
-0.094987
-0.038667
-0.008803
-0.029963
-0.088517
-0.132640
-0.124342
-0.071412
-0.005618
0.046100
0.061860
0.055055
0.039736
0.016287
0.029004
0.078332
0.160337
0.264554
0.339276
0.361998
0.242010
0.031812
-0.149675
-0.218967
-0.171293
-0.059158
0.040247
0.065799
0.073670
0.034063
-0.039098
-0.121153
-0.208314
-0.238363
-0.176560
-0.070165
0.001346
0.022410
-0.021139
-0.092589
-0.132028
-0.126370
-0.093341
-0.039241
0.014752
0.058558
0.076460
0.058595
0.028404
0.028644
0.078078
0.165422
0.281261
0.358828
0.375933
0.236438
0.022628
-0.144460
-0.239202
-0.162977
-0.039278
0.041303
0.079770
0.056145
0.004382
-0.049727
-0.126868
-0.203579
-0.205729
-0.149432
-0.070733
-0.001381
0.000101
-0.049132
-0.092762
-0.117288
-0.117441
-0.076980
-0.016496
0.032309
0.071027
0.070434
0.042695
0.026780
0.037943
0.083425
0.167889
0.268781
0.348662
0.380691
0.236395
0.010366
-0.172902
-0.258883
-0.168616
-0.035388
0.062250
0.088867
0.052787
-0.005078
-0.075178
-0.147997
-0.206511
-0.197330
-0.134350
-0.054959
0.008862
-0.005403
-0.053745
-0.100075
-0.131410
-0.105834
-0.063552
-0.013258
0.027264
0.055977
0.058608
0.045684
0.029075
0.033329
0.092580
0.191519
0.285214
0.358492
0.378542
0.213020
-0.006897
-0.171671
-0.251264
-0.168082
-0.027755
0.044322
0.060973
0.063116
0.003111
-0.062393
-0.121524
-0.216699
-0.226888
-0.158584
-0.076359
-0.005349
0.014132
-0.039430
-0.099051
-0.112782
-0.112855
-0.078362
-0.017552
0.021401
0.056033
0.073457
0.052896
0.029965
0.052969
0.099991
0.185715
0.294551
0.347188
0.337211
0.191969
-0.006995
-0.175997
-0.254322
-0.173346
-0.047784
0.059128
0.081732
0.055693
-0.009975
-0.086560
-0.140486
-0.184385
-0.193582
-0.149710
-0.087968
-0.025548
-0.007396
-0.036969
-0.080702
-0.103931
-0.094438
-0.062541
-0.019487
0.009930
0.034820
0.051996
0.060752
0.054087
0.064806
0.108947
0.188244
0.289772
0.364222
0.352139
0.180829
-0.039054
-0.208155
