0.011307
-0.064873
-0.031568
0.062149
0.133666
0.143708
0.015995
-0.049768
0.011990
0.082697
0.172086
0.140926
0.065899
0.062604
0.138540
0.175742
0.220041
0.090408
-0.008397
0.010379
0.086363
0.068672
-0.021956
-0.210376
-0.257351
-0.109386
0.037443
0.129015
0.015883
-0.151767
-0.137932
-0.017076
0.022434
0.024096
-0.134753
-0.209970
-0.110896
0.007860
0.081259
-0.009919
-0.116568
-0.070770
0.023308
0.062563
0.017732
-0.140076
-0.112491
-0.047008
0.032832
0.102085
0.011980
-0.125471
-0.046965
0.084079
0.179237
0.114377
-0.134889
-0.171616
0.044037
0.220144
0.229082
0.036027
-0.110023
-0.042215
0.154619
0.234511
0.199919
0.063181
0.104879
0.265192
0.252173
0.215108
0.025477
-0.204874
-0.217225
-0.199694
-0.122227
0.005964
0.014677
0.013223
0.065033
0.026238
-0.000966
-0.097587
-0.232545
-0.252746
-0.130431
0.023013
0.076971
0.009307
-0.090575
-0.066188
0.034498
0.042414
-0.061543
-0.121999
-0.064752
-0.034588
-0.071693
-0.071094
0.015727
0.040757
-0.062155
-0.100593
0.028150
0.193163
0.132318
-0.086264
-0.138079
0.030105
0.105797
0.077783
-0.018303
-0.016146
0.095311
0.180446
0.160385
0.112846
0.081422
0.092035
0.081853
0.065941
0.091918
0.156311
0.252530
0.254995
0.067971
-0.150083
-0.250738
-0.221848
-0.071872
-0.015140
-0.042802
-0.055162
0.010059
0.098327
0.118387
-0.041969
-0.224540
-0.270263
-0.160621
-0.014584
0.019855
-0.032309
-0.054124
-0.043524
0.019028
0.051255
-0.026340
-0.122783
-0.103535
-0.046561
-0.014858
-0.015149
-0.055857
-0.034863
0.029653
0.079473
0.035067
-0.020997
-0.051282
0.001217
-0.000221
0.002999
-0.014679
0.002577
0.102407
0.088660
0.046054
0.017087
-0.009169
0.071110
0.120122
0.098277
0.085114
0.120074
0.180035
0.167017
0.208570
0.140136
0.142893
0.073773
-0.147636
-0.226347
-0.278227
-0.146486
0.031930
0.072594
0.063913
0.050699
0.000198
-0.046239
-0.131947
-0.140531
-0.133736
-0.147551
-0.153199
-0.082868
0.043183
0.086207
0.016699
-0.077810
-0.059755
-0.003979
-0.019975
-0.123880
-0.156455
-0.093725
0.053915
0.037212
-0.067825
-0.092732
0.037767
0.134230
0.082204
-0.042146
-0.081190
-0.050043
-0.027336
0.056486
0.077818
0.085151
0.051170
-0.013589
-0.005473
0.086084
0.123041
0.033909
-0.029359
-0.012087
0.055815
0.095811
0.034248
0.070612
0.213153
0.224400
0.132381
-0.013526
-0.032692
0.088533
0.148203
0.135929
0.046370
-0.061705
-0.038498
-0.016724
-0.011464
-0.017568
-0.090018
-0.124587
-0.088975
-0.027131
0.017946
-0.033636
-0.116494
-0.107522
-0.040780
0.005305
-0.007708
-0.072019
-0.100540
-0.071140
-0.024296
-0.007836
-0.008761
-0.050893
-0.037099
-0.020292
-0.044596
-0.035442
-0.070515
-0.066852
-0.011622
0.020374
0.033867
-0.019726
-0.095582
-0.056575
0.012833
0.070151
0.085374
0.006622
-0.027550
0.014245
0.052623
0.024656
-0.024985
-0.016213
0.024503
0.131643
0.186816
0.130481
0.044717
0.064543
0.176475
0.241160
0.229912
0.139688
-0.014389
-0.115038
-0.116896
-0.105637
-0.077158
-0.100829
-0.109661
-0.068171
-0.009342
0.030149
0.035616
-0.042755
-0.093141
-0.101381
-0.124392
-0.090018
-0.105429
-0.092138
-0.007068
0.022369
0.041200
-0.000899
-0.080425
-0.036699
-0.025958
-0.031192
-0.073121
-0.193261
-0.126975
0.057120
0.078355
0.090707
-0.005016
-0.073418
-0.031666
-0.018772
0.035433
0.053384
-0.011113
0.063226
0.022703
-0.012480
0.087038
0.077650
0.100089
0.033410
-0.092076
-0.020234
0.110640
0.090998
0.091381
0.045112
0.136593
0.209316
0.114818
0.038128
-0.010463
0.036189
0.156265
0.135373
0.067044
0.019304
-0.033673
-0.014076
-0.033225
-0.112363
-0.118175
-0.103645
-0.063766
-0.013662
-0.064378
-0.049306
-0.020225
-0.041014
-0.024711
-0.101575
-0.136988
-0.062537
-0.023979
-0.000456
-0.015062
-0.096777
-0.097998
-0.005902
0.055461
0.041923
-0.074746
-0.131595
-0.057665
0.050195
0.033786
-0.074265
-0.145355
-0.077223
0.078907
0.204887
0.134035
-0.012412
-0.093009
-0.076605
0.037356
0.128220
0.085026
0.020871
0.000087
0.155365
0.348747
0.240843
0.043421
-0.035872
0.080307
0.271753
0.169310
-0.126287
-0.325131
-0.303429
-0.054201
0.089026
0.013241
-0.075324
-0.098667
0.017507
0.113231
0.000313
-0.188870
-0.216359
-0.150523
-0.019470
0.010760
-0.060587
-0.078006
-0.040704
0.040109
0.095560
-0.004794
-0.099515
-0.114917
-0.093010
-0.017387
-0.043915
-0.062977
-0.047812
-0.022529
0.046807
0.052264
0.013794
0.045290
0.022173
-0.025608
-0.075814
-0.076488
0.027351
0.165201
0.108729
0.021472
-0.081048
0.021126
0.147218
0.101173
-0.015841
-0.091061
-0.075220
0.146035
0.245060
0.190144
0.061874
0.021485
0.094692
0.158047
0.067313
0.006774
0.092074
0.053546
-0.005433
-0.070961
-0.091248
-0.036731
-0.070836
-0.098918
-0.053445
-0.020805
-0.013602
-0.056573
-0.110158
-0.060624
-0.048809
-0.065871
-0.080918
-0.064009
0.004336
0.019178
-0.049620
-0.074320
-0.080913
-0.038228
-0.024218
-0.015239
-0.065482
-0.055043
-0.014421
-0.000626
0.047171
0.043309
-0.039789
-0.084510
-0.069096
-0.009525
0.086604
0.040020
0.021345
-0.016461
0.016889
0.033796
0.074209
0.060084
0.047608
0.057325
0.075984
0.081756
0.182338
0.248884
0.153031
0.049061
0.014723
0.112037
0.095293
-0.091941
-0.254810
-0.252461
-0.101229
0.044092
0.044271
-0.067648
-0.109362
-0.055148
0.022474
0.030507
-0.061938
-0.163125
-0.150291
-0.096501
-0.025131
0.002703
-0.026194
-0.023886
-0.064155
-0.063578
-0.051176
-0.029562
-0.022284
-0.055105
-0.068616
0.018538
0.026675
-0.047062
-0.091404
-0.092242
-0.021798
0.060388
0.051181
-0.013126
-0.014519
0.042912
0.098200
0.028583
-0.061807
-0.013615
-0.002122
0.043247
0.052223
0.042225
0.090185
0.101541
0.016856
0.031361
-0.003027
0.068160
0.076330
0.028223
0.103613
0.136845
0.090329
0.059453
-0.031103
-0.008166
0.052273
0.082209
0.143009
0.075137
-0.016511
-0.057331
-0.056782
0.014076
0.009192
-0.063567
-0.089574
-0.077007
-0.022819
0.004527
-0.018072
-0.020097
-0.046759
-0.066006
-0.038305
-0.070162
-0.098892
-0.065388
-0.068862
-0.022780
0.010661
-0.024404
-0.009033
-0.035199
-0.039735
-0.061913
-0.049744
0.037827
0.066009
0.024494
-0.042636
-0.105679
-0.091709
-0.015864
0.024684
0.032327
0.028981
0.025060
0.011186
0.025120
0.066141
0.172735
0.089846
-0.061276
-0.069822
0.009783
0.164366
0.176123
0.047957
-0.033947
-0.015551
0.056703
0.064058
-0.054853
-0.118252
-0.102035
-0.023660
0.017664
-0.039164
-0.107128
-0.117374
-0.054780
0.039046
0.018436
-0.092264
-0.160637
-0.106788
0.023076
0.065805
-0.003201
-0.103391
-0.105281
-0.020804
0.031153
-0.017528
-0.055841
-0.055861
0.007544
0.062817
0.078810
0.023227
-0.045116
-0.108842
-0.062972
0.044264
0.123830
0.066357
-0.019046
0.015227
0.054906
0.091178
0.010898
0.055605
0.066419
0.066737
0.056610
0.037391
0.097948
0.090209
-0.000789
-0.009302
0.015809
0.069273
0.111464
0.028664
0.013258
-0.013922
0.035725
0.059935
0.046704
0.023871
-0.039116
-0.083002
-0.004547
0.044972
0.021266
-0.020939
-0.125144
-0.074461
0.025845
0.078314
0.072958
-0.024830
-0.084675
-0.036418
-0.004158
0.027108
0.002045
-0.166837
-0.198118
-0.058285
0.091545
0.161410
0.004581
-0.134101
-0.089025
0.008527
0.044887
0.018330
-0.058730
-0.036298
-0.021624
0.017738
0.025580
0.016566
-0.003724
0.010860
0.081412
0.072299
0.064162
0.014459
-0.056531
-0.011083
0.009514
-0.042414
-0.013299
0.049349
0.099863
0.095376
-0.019907
-0.042959
-0.026710
0.049330
0.030306
-0.020433
-0.073954
-0.022420
0.037891
0.065040
0.074470
0.005582
-0.043910
-0.058257
-0.114570
-0.048783
0.061467
0.003942
-0.025761
-0.065195
-0.035196
0.035822
0.040337
0.032907
0.009062
-0.069905
-0.094005
-0.049073
-0.023556
0.051666
0.033533
-0.027367
-0.007678
-0.005715
0.046499
0.052285
-0.005913
0.006768
-0.047739
0.016179
0.078620
0.079957
0.023496
-0.081567
-0.058766
0.114256
0.246015
0.136196
-0.053594
-0.177169
-0.037499
0.156793
0.131074
-0.040395
-0.089223
-0.023656
0.170528
0.193300
0.020565
-0.127202
-0.158523
-0.024239
0.088694
0.068429
-0.024942
-0.068767
-0.059273
0.047655
0.129498
0.008526
-0.109815
-0.197759
-0.120157
0.021329
0.078821
-0.016634
-0.113937
-0.078843
0.056321
0.149035
0.017297
-0.094702
-0.149740
-0.046722
0.035725
0.001018
-0.046735
-0.066595
-0.019285
0.058344
0.071028
0.013152
-0.033047
-0.044010
-0.025284
0.000841
0.052555
0.101598
0.085487
0.101954
-0.008693
-0.067405
0.005902
0.028937
0.047094
0.037918
-0.016541
0.067276
0.110014
0.044393
-0.033330
-0.157063
-0.093427
0.099676
0.127638
0.044858
-0.054555
-0.145428
-0.042735
0.061215
0.068683
0.013046
-0.082345
-0.100733
-0.009774
0.045265
0.048804
0.020841
-0.070219
-0.065977
-0.023504
0.034504
0.053633
-0.059923
-0.126792
-0.089516
0.050591
0.167771
0.067462
-0.108578
-0.106283
-0.004131
0.110125
0.084076
-0.042253
-0.068408
-0.045045
0.039551
0.076686
0.058409
-0.048762
-0.064847
0.007325
0.144198
0.165309
0.005676
-0.093864
-0.086321
0.001995
0.080339
0.034080
-0.027712
-0.013687
0.009168
0.085085
0.068557
-0.036479
-0.077997
-0.065841
0.005113
0.032424
-0.031619
-0.058720
-0.015900
0.078189
0.100734
0.027632
-0.059441
-0.095200
-0.060044
-0.033089
0.032832
0.013657
-0.042541
-0.065796
-0.006938
0.079456
0.055023
-0.053844
-0.116219
-0.081644
0.030975
0.072730
0.012264
-0.036017
-0.040723
-0.009603
0.064228
0.043068
-0.011531
-0.009727
-0.020464
0.031300
0.045511
-0.024887
-0.023969
-0.028466
-0.015438
0.065265
0.056569
0.047859
0.039442
-0.042188
-0.033466
0.031302
0.024412
0.020708
-0.052460
-0.040678
0.046555
0.083049
0.054451
0.004879
-0.021017
0.029302
0.027011
-0.033443
-0.028830
-0.070267
0.008879
0.075058
0.020838
0.005237
-0.013420
-0.033305
0.059412
0.005568
-0.038835
-0.065138
-0.069743
0.041877
0.100312
0.057852
0.013463
-0.070494
-0.032151
0.043015
0.014977
-0.007474
-0.049895
-0.031551
0.073159
0.048200
-0.011813
-0.007662
-0.026192
0.017009
0.004914
-0.025218
0.026485
-0.010236
-0.023684
-0.021411
0.006486
0.083359
0.019378
-0.028825
-0.015142
-0.010096
0.016266
0.011995
-0.057842
-0.037964
-0.031716
0.034843
0.092550
0.063850
-0.023142
-0.115860
-0.125587
0.010432
0.072702
0.020995
-0.012717
-0.044280
0.007554
0.042146
0.007269
-0.012805
-0.040289
-0.007824
0.024684
0.007377
-0.027816
-0.031897
-0.036820
0.032195
0.082702
0.046983
-0.030185
-0.043077
0.017792
0.021414
-0.021364
-0.074782
-0.058087
0.045250
0.051340
0.021464
-0.009940
-0.035320
0.028020
0.027480
0.023360
0.039044
-0.026282
-0.030258
-0.041902
-0.034166
0.025992
0.036624
0.029563
0.016823
-0.021552
0.003436
0.037824
0.015025
0.006848
-0.040261
-0.044649
0.002558
0.032175
0.054880
0.039287
-0.002850
-0.021455
-0.037524
-0.023160
0.020666
0.054145
0.083303
0.004697
-0.051024
-0.019966
0.035648
0.069579
-0.013711
-0.088280
-0.059422
0.027807
0.125075
0.093405
-0.054060
-0.104258
-0.051386
0.068180
0.076816
0.011833
-0.085276
-0.076417
0.011023
0.086476
0.099488
0.001625
-0.107490
-0.079508
0.014788
0.090753
0.060078
-0.047568
-0.093878
-0.062070
0.028869
0.094886
0.055397
-0.015212
-0.044436
-0.014023
0.043357
0.031442
-0.062403
-0.126283
-0.069894
0.061827
0.135128
0.070653
-0.038563
-0.098234
-0.030851
0.045295
0.042834
-0.018418
-0.072587
-0.059888
-0.005360
0.052270
0.073405
0.033929
-0.046673
-0.051796
0.000701
0.055827
0.021909
-0.089039
-0.112205
-0.046170
0.047668
0.100068
0.021851
-0.039752
-0.005100
0.037087
0.061397
0.000176
-0.073159
-0.079931
-0.046862
0.000165
0.069951
0.028748
0.047020
0.042365
-0.008800
-0.007099
-0.056947
-0.059254
0.004777
0.020382
0.027754
0.002920
-0.028363
0.021462
0.002280
0.021186
0.051008
0.002684
0.008221
-0.017389
-0.052762
-0.020995
-0.034045
-0.000362
0.061183
0.080637
0.087461
0.012606
-0.087794
-0.068775
-0.026314
0.040924
0.079158
0.007528
-0.049214
-0.051784
-0.011813
0.063766
0.062390
-0.015286
-0.039880
-0.011414
0.047702
0.051353
-0.031240
-0.064283
-0.029916
0.020346
0.058859
0.011829
-0.030405
0.007449
0.004897
0.017054
-0.006993
-0.029161
0.025494
0.025160
0.014369
-0.024209
-0.052030
-0.012101
0.051305
0.025289
-0.037026
-0.074012
-0.038147
0.033096
0.080459
0.005281
-0.028889
-0.003651
0.016103
-0.004662
-0.053316
-0.066799
-0.030924
0.055393
0.073593
0.056437
0.005742
-0.012839
-0.029941
-0.041843
-0.042456
-0.027425
-0.013958
0.010627
0.016770
0.022052
0.018472
0.019316
-0.004240
-0.048962
-0.046788
-0.003763
-0.006212
0.010281
0.045940
0.022094
-0.007499
-0.051957
-0.036948
0.029871
0.049395
-0.007998
-0.070824
-0.034081
0.035812
0.056266
0.010938
-0.080233
-0.082951
-0.007018
0.065815
0.070479
0.005435
-0.029562
-0.039969
-0.015165
0.043284
0.040087
-0.018701
-0.069241
-0.092365
0.021031
0.069458
0.033384
-0.007566
-0.054577
-0.003193
0.042098
0.008637
-0.004131
-0.035546
-0.052392
-0.008290
0.002505
0.001785
0.009424
-0.045513
-0.010312
0.045177
0.030314
-0.001816
-0.063571
-0.073100
0.024394
0.055054
0.021781
-0.029659
-0.094746
-0.027965
0.040840
0.042392
0.000118
-0.091600
-0.048458
0.072662
0.062244
-0.005717
-0.066965
-0.057991
0.048500
0.083009
-0.002328
-0.088741
-0.124722
-0.039194
0.126122
0.118265
-0.021604
-0.127133
-0.089725
0.074615
0.107087
-0.024832
-0.120952
-0.072024
0.021178
0.071444
0.013799
-0.019428
-0.023507
-0.021230
-0.009050
-0.015104
-0.028336
-0.003409
-0.045731
-0.035255
0.023311
0.055114
0.022285
-0.047579
-0.069994
-0.029158
0.040224
0.007108
-0.037826
-0.063763
-0.018545
0.063973
0.076815
-0.006653
-0.086714
-0.050004
0.035054
0.083293
0.022611
-0.060789
-0.075847
-0.046452
0.009459
0.048762
0.011023
-0.015075
-0.002140
0.002511
0.023365
0.035887
-0.020352
-0.072969
-0.051896
0.006459
0.065613
0.016659
-0.045717
-0.026820
0.023283
0.073771
0.010774
-0.074216
-0.073705
-0.014735
0.074138
0.072120
-0.048069
-0.079027
-0.009598
0.059050
0.056613
0.005212
-0.078122
-0.063770
0.025561
0.094296
0.077613
-0.028475
-0.104041
-0.040335
0.028790
0.094918
0.043470
-0.056904
-0.054660
-0.000653
0.030536
0.053717
0.024864
-0.034270
-0.062886
-0.090119
0.013432
0.071346
0.020032
-0.034231
-0.070943
0.050039
0.134049
0.030710
-0.059645
-0.078992
-0.051653
0.024769
0.030021
-0.043528
-0.013694
0.026102
0.091279
0.090769
-0.020466
-0.053976
-0.005983
-0.015030
-0.015483
-0.038215
-0.008686
0.087098
0.044727
-0.019373
-0.052474
-0.016039
0.062517
0.039067
-0.013677
0.015781
-0.006206
-0.004392
-0.012439
-0.027861
0.030373
-0.002422
0.013541
0.026934
-0.001331
0.007966
0.024653
-0.000330
-0.034221
-0.051536
0.025044
0.050348
0.003035
-0.047640
-0.065603
-0.007179
0.061033
0.066861
0.000360
-0.033380
-0.021136
0.058444
0.067722
0.000943
-0.085697
-0.119173
-0.026030
0.111121
0.107472
0.012632
-0.075292
-0.023039
0.102650
0.085515
-0.059778
-0.132880
-0.095010
0.066542
0.153019
0.036395
-0.078791
-0.054770
0.013383
0.071140
0.050140
-0.017199
-0.033055
-0.032601
-0.006129
0.050037
0.050206
-0.014283
-0.062418
-0.041351
0.024318
0.072185
0.039013
0.001569
-0.026559
-0.001082
0.038114
0.011440
-0.044034
-0.043179
0.003027
0.038855
0.058741
0.036157
-0.025987
-0.059650
-0.046176
0.021292
0.067598
0.042676
0.012438
-0.049309
-0.013484
0.035737
0.014802
-0.002226
-0.027018
-0.027867
0.017285
0.047886
0.039154
-0.010248
-0.057446
-0.018573
0.023816
0.054776
0.022469
-0.031931
-0.032229
-0.000322
0.009422
0.025978
-0.009218
-0.025856
0.008770
0.008850
-0.001043
0.025557
0.006343
-0.010621
-0.039834
-0.014133
0.051193
0.050546
-0.000240
-0.032531
-0.020980
0.018774
0.055211
0.015325
-0.062570
-0.061449
-0.019389
0.050200
0.062461
-0.006054
-0.021082
-0.020454
-0.010657
0.041852
0.014805
-0.005969
0.006286
-0.020917
-0.007364
0.032313
0.045133
0.003571
-0.041476
-0.032420
0.057746
0.096232
0.000879
-0.085273
-0.096461
-0.004995
0.108979
0.060721
-0.040087
-0.079142
-0.051011
0.067208
0.070038
-0.004358
-0.020144
-0.026608
0.014678
0.014005
-0.015236
0.012093
0.004933
0.009372
0.021116
-0.027265
-0.022679
0.032392
0.038434
0.030408
-0.010031
-0.044676
0.039628
0.070549
0.010678
-0.046073
-0.064567
0.031600
0.109646
0.062795
-0.041983
-0.120360
-0.063881
0.056423
0.103337
0.079844
-0.043393
-0.107046
-0.028831
0.074167
0.111055
0.004857
-0.126906
-0.079460
0.052258
0.139374
0.068629
-0.072015
-0.126133
-0.016568
0.099912
0.086606
-0.023536
-0.107111
-0.053745
0.061327
0.115709
0.028399
-0.070023
-0.110415
0.000797
0.083900
0.079285
-0.024344
-0.085593
-0.045859
0.027382
0.094590
0.031355
-0.039830
-0.067639
-0.031678
0.045607
0.065376
0.026833
-0.015769
-0.055674
0.003901
0.059100
0.040818
-0.004032
-0.085352
-0.063910
0.048838
0.108489
0.048473
-0.060825
-0.106607
-0.004134
0.081880
0.044051
0.004668
-0.032345
-0.028893
0.014346
0.036880
0.006773
-0.045464
-0.066868
-0.012145
0.081252
0.096993
-0.002514
-0.080979
-0.080891
0.043054
0.123480
0.036836
-0.065386
-0.103969
-0.052448
0.046191
0.070179
0.030617
0.027750
0.004634
0.003691
-0.028135
-0.033465
-0.020848
-0.019553
-0.026499
-0.004350
0.045862
0.076451
0.041441
-0.029511
-0.065734
-0.072226
0.008240
0.073515
0.072382
0.003612
-0.073254
-0.051139
0.041175
0.065954
0.027214
-0.066468
-0.071064
0.022589
0.067064
0.050714
-0.014385
-0.057509
0.003826
0.028788
0.006666
-0.012359
-0.044558
-0.038166
-0.015866
0.022727
0.061066
0.037491
-0.049102
-0.038560
0.016708
0.050242
0.040356
-0.053122
-0.100590
0.000888
0.075891
0.079668
-0.009719
-0.095900
-0.031698
0.042627
0.081638
0.041151
-0.053554
-0.043472
0.050282
0.073185
0.016621
-0.108143
-0.121857
-0.021060
0.083455
0.071909
0.011893
-0.026725
0.000512
0.018095
0.043248
0.007033
-0.047306
-0.049350
-0.037696
0.022041
0.035101
0.020421
0.015474
0.003578
0.003492
0.017472
-0.009588
-0.003173
-0.034281
-0.047404
-0.003718
0.016644
-0.001498
0.023474
0.022058
-0.006137
0.003879
-0.031680
-0.039767
0.001813
0.043811
0.047323
-0.026835
-0.066574
-0.033622
0.027362
0.047101
0.029546
-0.029420
-0.034761
0.005895
0.032190
0.034376
0.015263
0.003548
-0.006977
-0.020206
-0.021994
0.016353
0.012410
-0.002560
-0.020767
-0.013425
-0.001540
-0.006040
-0.017295
-0.011255
0.028297
0.075133
-0.000211
-0.070860
-0.062458
0.007777
0.039027
0.025390
-0.030504
-0.038679
0.006976
0.017985
0.026756
0.012947
0.009855
-0.026848
-0.027050
-0.019538
0.042163
0.047449
0.019693
-0.064348
-0.072433
-0.037378
0.034089
0.062424
0.037760
-0.012392
-0.023926
-0.024731
-0.016186
0.002230
-0.000938
-0.015221
-0.033344
-0.017907
0.072279
0.099872
-0.002680
-0.100374
-0.123099
-0.013112
0.125055
0.085683
-0.044452
-0.081532
-0.073175
0.039561
0.074827
0.009074
-0.043784
-0.080906
-0.040543
0.056932
0.044824
0.005606
-0.034413
-0.026174
0.033342
0.021976
-0.060106
-0.085768
-0.001223
0.080425
0.049244
-0.052671
-0.112595
-0.043345
0.066906
0.065455
0.022363
-0.046439
-0.029852
-0.026714
-0.015493
0.001509
-0.000796
-0.007736
-0.018178
-0.031122
0.015375
0.101540
0.056820
-0.033892
-0.107109
-0.065004
0.034660
0.087366
0.025937
-0.057978
-0.064695
-0.027256
0.030943
0.011099
-0.047024
-0.039958
0.014099
0.042349
0.023211
-0.032863
-0.070295
-0.049725
0.001427
0.047608
0.032810
-0.009572
-0.038245
-0.051122
-0.009786
0.011235
0.037384
0.033331
-0.014654
-0.007097
-0.008386
-0.047992
-0.042377
-0.023816
-0.008696
0.034140
-0.012437
-0.025057
0.020876
0.018945
0.019276
-0.024812
-0.042660
0.001681
0.009903
-0.050244
-0.077436
-0.066557
0.055959
0.121520
0.065000
-0.028233
-0.076071
-0.077606
-0.006846
-0.001748
-0.031639
-0.037737
0.012128
0.067990
0.027671
-0.036068
-0.035665
0.006864
0.032522
0.009617
-0.047875
-0.072213
-0.024092
0.053756
0.053305
-0.008442
-0.088939
-0.052720
0.030100
0.090562
0.047213
-0.040962
-0.116674
-0.035265
0.033256
0.053562
-0.009103
-0.087083
-0.081553
0.016202
0.103268
0.062150
-0.044692
-0.108035
-0.016181
0.056762
0.044657
-0.049681
-0.082297
-0.058304
0.039509
0.067336
0.013140
-0.024626
-0.053181
-0.000702
0.051659
0.005362
-0.036822
-0.039863
-0.046765
-0.011570
0.015373
0.006347
0.008975
0.003524
0.004538
0.009346
0.006531
-0.030925
-0.040947
-0.045830
0.021198
0.045764
0.027481
0.002550
-0.069815
-0.071730
-0.032402
0.033261
0.095648
0.053389
-0.073490
-0.067941
-0.016595
0.067497
0.079857
-0.037949
-0.099357
-0.051644
0.035702
0.136632
0.089640
-0.059322
-0.117036
-0.067953
0.016238
0.032175
-0.017109
0.012457
0.071743
0.078888
0.007753
-0.052889
-0.089296
-0.042101
0.008807
0.007124
-0.010404
-0.038382
-0.016368
0.044636
0.035707
-0.006463
-0.029092
-0.026211
0.026773
0.014234
-0.055090
-0.104756
-0.070065
0.042989
0.090507
0.056250
0.032255
0.013324
0.018489
-0.006874
-0.085023
-0.097547
-0.032049
0.047564
0.092383
0.055573
0.009173
-0.045346
-0.021493
0.013791
0.001646
-0.054184
-0.019933
-0.002549
0.018798
0.014828
-0.053034
-0.048136
0.025876
0.076699
0.109223
-0.001589
-0.118789
-0.074459
-0.052708
0.049987
0.078127
-0.020449
-0.002203
0.024869
-0.029523
0.026504
-0.011547
-0.053260
0.000459
-0.001412
0.022122
0.043507
-0.036845
-0.019285
0.040778
-0.002924
0.001627
-0.066744
-0.108383
0.033190
0.074697
0.085202
0.059907
-0.085989
-0.080500
-0.022530
0.015506
0.087569
0.004989
-0.045230
0.008905
0.018361
0.030359
-0.027838
-0.073970
-0.008793
0.038136
0.060984
0.051190
-0.046842
-0.047373
0.009931
0.038284
0.054848
0.007340
-0.069379
-0.029463
0.017321
0.044806
0.023474
-0.049062
-0.002246
0.054203
0.014940
-0.023994
-0.062338
-0.038811
0.076385
0.051564
-0.020537
-0.075320
-0.031958
0.088880
0.111108
-0.001140
-0.093969
-0.082561
0.016764
0.077359
-0.004063
-0.059574
0.001067
0.091920
0.094349
-0.027098
-0.125519
-0.041042
0.064578
0.063986
-0.020065
-0.074064
-0.030606
0.050473
0.067751
0.048415
0.013941
-0.024507
-0.030932
-0.044534
-0.036677
0.012474
0.038453
0.000207
0.025081
0.031248
0.047469
0.056120
-0.045520
-0.078866
-0.078252
-0.007012
0.102050
0.089150
-0.005917
-0.069459
-0.060067
0.077232
0.139629
-0.015033
-0.129009
-0.109432
0.027908
0.092257
0.070838
-0.030183
-0.066312
-0.009358
0.058814
0.051621
-0.029009
-0.029034
0.005925
0.062293
0.028059
-0.046687
-0.069241
-0.025489
0.003113
0.021074
0.030275
0.063379
0.064629
-0.019961
-0.103716
-0.086379
0.071756
0.107874
0.025001
-0.032772
-0.062854
-0.019401
0.039426
0.049903
0.038488
-0.033761
-0.077530
-0.031984
0.088953
0.169090
0.053534
-0.121378
-0.150874
-0.025310
0.129601
0.126691
-0.022302
-0.124369
-0.050115
0.057616
0.134307
0.069076
-0.088932
-0.138421
-0.036080
0.105412
0.163954
0.009304
-0.170663
-0.108548
0.039646
0.148578
0.052963
-0.119751
-0.104346
0.055371
0.158589
0.112277
-0.100018
-0.194107
-0.079258
0.107632
0.175491
0.018967
-0.132993
-0.110202
0.046649
0.152622
0.099159
-0.058574
-0.094679
-0.045716
0.017074
0.057423
0.077938
0.042702
-0.052038
-0.049077
-0.005906
0.043962
0.045091
-0.026298
-0.064850
0.002619
0.096735
0.109872
0.020148
-0.113579
-0.052589
0.051002
0.066468
-0.004051
-0.076803
-0.007774
0.102345
0.077847
-0.003656
-0.077499
-0.056025
0.034703
0.047820
-0.010340
-0.044088
-0.052676
0.007279
0.087664
0.041655
-0.019634
-0.027482
0.015755
0.057793
0.013545
-0.062863
-0.055560
-0.025198
0.055574
0.079034
0.014333
-0.023299
-0.047175
-0.008210
0.041075
0.014645
0.015863
-0.010942
-0.050786
-0.020586
-0.016316
0.039629
0.119276
0.036391
-0.031541
-0.045019
0.002058
0.068027
0.031746
-0.104982
-0.106981
0.036656
0.168757
0.145982
-0.031326
-0.176162
-0.097970
0.070557
0.123094
0.025028
-0.116496
-0.106890
0.012791
0.179955
0.150673
-0.093934
-0.227246
-0.098383
0.101568
0.206970
0.065032
-0.154135
-0.132179
0.037159
0.172117
0.102927
-0.131185
-0.180359
-0.017732
0.192600
0.173146
-0.040040
-0.161152
-0.073389
0.104967
0.097983
-0.061275
-0.109259
0.000913
0.109030
0.079816
-0.052106
-0.091167
-0.037548
0.075561
0.087065
-0.002710
-0.061513
-0.061841
0.010876
0.085480
0.074350
0.013478
-0.040500
-0.035798
0.024757
-0.009128
-0.072654
-0.086132
0.032871
0.159649
0.127498
-0.029313
-0.147504
-0.108118
0.028916
0.044710
-0.008992
-0.000667
0.049767
0.062661
0.003264
-0.064201
-0.020300
0.050170
0.019633
-0.044454
-0.053314
-0.003203
0.096423
0.069223
-0.087310
-0.075438
-0.021060
0.082872
0.104693
-0.009828
-0.098630
-0.091344
-0.029892
0.093370
0.028974
-0.049261
0.026189
0.036038
0.029336
-0.036057
-0.099216
-0.014429
0.069028
0.020724
0.044968
-0.052958
-0.051246
0.005001
-0.008179
0.060817
0.024270
-0.117295
-0.075703
0.005834
0.079655
0.128867
-0.048823
-0.108913
-0.049814
-0.011939
0.083088
0.011052
-0.083405
-0.035546
-0.014113
0.039963
0.050971
-0.028288
-0.024264
0.023264
0.042889
0.019861
-0.068632
-0.097707
-0.023341
0.062510
0.065194
0.016829
-0.042313
0.001128
0.050075
0.034029
-0.000553
-0.057479
-0.012596
0.016907
-0.050707
-0.040588
-0.000120
0.029449
0.082263
0.038951
-0.009980
-0.040492
-0.063158
0.002635
0.008408
-0.015175
-0.040855
-0.038493
0.036034
0.107244
0.040155
-0.028247
-0.086543
-0.038463
0.011980
0.011080
0.009183
0.038987
0.049173
0.016635
-0.045020
-0.085113
-0.041966
0.018924
0.046175
0.034497
-0.011419
-0.036543
-0.016082
0.003171
0.005705
-0.014369
-0.051058
0.016247
0.040497
0.037833
0.034526
-0.004096
-0.022054
0.003491
-0.026956
-0.034301
-0.020430
-0.053456
0.022685
0.039772
0.042711
0.024894
-0.028535
-0.014404
0.042866
0.048944
-0.007682
-0.067850
-0.077699
-0.036683
0.005785
0.058604
0.069157
0.071536
0.020526
-0.031553
-0.066362
-0.003424
0.021300
-0.029705
-0.039239
-0.051674
-0.024140
0.075224
0.103867
0.037904
-0.036556
-0.097636
0.005907
0.090012
0.034542
-0.071797
-0.171800
-0.066396
0.103968
0.153124
0.127209
0.000173
-0.074287
-0.035659
-0.007270
-0.038023
-0.017857
-0.009299
0.002900
0.031411
0.033425
0.041438
0.043429
0.001013
-0.056938
-0.055300
-0.024295
0.073938
0.031551
-0.023142
-0.026010
-0.034804
0.013163
0.047623
0.036828
0.040394
0.001017
-0.051215
-0.011012
-0.006466
0.044712
0.024761
-0.019391
-0.016266
0.005138
0.048664
0.055950
-0.029824
-0.072489
-0.021417
0.053671
0.046410
-0.042618
-0.117134
-0.040853
0.145591
0.133366
-0.012281
-0.110902
-0.102762
0.033473
0.110223
0.030692
-0.064640
-0.068583
0.011485
0.129927
0.084663
-0.056504
-0.093325
-0.048025
0.026214
0.068905
-0.005513
-0.030394
0.001354
0.013944
0.034310
0.062342
-0.020119
-0.060949
-0.066354
-0.026521
0.057728
0.085494
0.026811
-0.013965
-0.039336
-0.017278
-0.007645
-0.052290
-0.062395
0.001079
0.069946
0.098105
0.071914
-0.036760
-0.100376
-0.081086
-0.011376
0.022181
0.031429
0.003477
0.012563
0.054638
0.041439
-0.000682
-0.073234
-0.075025
-0.017912
0.100523
0.067837
-0.005591
-0.062111
-0.057666
0.028137
0.044057
-0.017881
-0.042619
-0.030932
0.034031
0.125822
0.089023
-0.016957
-0.094612
-0.137325
-0.043763
0.054686
0.081924
0.052842
-0.055602
-0.073061
-0.010843
0.055186
0.063443
-0.008564
-0.100924
-0.067687
-0.011976
0.069431
0.103279
0.047778
-0.043019
-0.079638
-0.045579
-0.028390
0.002887
-0.032599
-0.018892
0.002606
0.080124
0.109260
0.054994
-0.045916
-0.101883
-0.086797
-0.013270
0.047311
0.020961
-0.014302
-0.028208
0.003155
0.017133
0.018352
0.000123
-0.025073
-0.013449
0.020480
0.007975
-0.014715
-0.034067
-0.027986
-0.019465
-0.023001
0.004329
0.031624
0.044494
0.040394
-0.001070
-0.023910
-0.029330
-0.034763
-0.054388
-0.042505
0.018111
0.054147
0.029296
-0.012594
-0.010407
-0.023084
0.012265
0.020357
-0.013074
-0.038224
-0.025920
-0.020823
0.006797
0.018538
0.029188
0.024098
-0.026836
-0.046575
-0.025836
0.006946
-0.007645
-0.015787
0.005280
0.053486
0.065254
-0.011130
-0.061623
-0.066248
0.019225
0.049150
-0.001651
-0.012665
-0.024304
-0.030069
-0.012405
0.001105
0.008874
0.006366
0.015527
0.016597
-0.002959
-0.029514
-0.050277
-0.036325
-0.008032
0.005048
0.027464
0.028987
0.001112
-0.025402
-0.030712
-0.011533
0.032194
0.023200
-0.019725
-0.028493
-0.007016
0.031723
0.024691
-0.052071
-0.077865
-0.034493
0.061253
0.113593
0.033570
-0.070806
-0.089026
-0.003295
0.085659
0.040327
-0.063735
-0.101760
-0.033960
0.050480
0.058496
0.011274
-0.040629
-0.046169
-0.002412
0.005866
0.017087
0.009274
-0.018330
-0.044332
-0.041476
0.011453
0.046588
0.027863
0.010118
-0.018577
-0.015002
0.045646
0.033718
-0.012808
-0.057789
-0.079205
0.017179
0.094770
0.037796
-0.029495
-0.095787
-0.041189
0.053177
0.033378
0.018624
-0.026626
-0.083903
0.005514
0.022422
0.005343
0.029979
-0.012149
-0.021080
0.018774
0.008177
0.005873
0.015163
-0.011202
-0.003224
-0.028650
-0.067589
-0.028055
0.018822
0.015910
0.026714
0.019165
0.039482
0.036779
-0.022557
-0.038924
-0.046185
-0.019417
0.026705
0.033988
0.028914
0.015552
-0.031292
-0.040580
0.013111
0.027518
0.020362
-0.010263
-0.051351
-0.048921
-0.014459
0.013480
0.009546
0.000581
-0.024468
-0.014210
0.017481
0.028215
-0.032805
-0.043268
-0.016725
0.036833
0.048427
-0.010659
-0.063702
-0.051591
0.031200
0.046110
0.040164
-0.001588
-0.038901
-0.012187
-0.009649
-0.017185
0.019090
0.041562
0.013920
0.005875
0.004929
0.012613
0.013284
-0.028591
-0.050823
0.007487
0.051259
0.031090
-0.011682
-0.080546
-0.053215
0.018820
0.055203
0.039167
-0.004517
-0.044963
0.011032
0.020813
-0.006081
-0.041809
-0.099663
-0.028691
0.053638
0.065048
0.035214
-0.036093
-0.032550
0.024367
0.033900
0.012608
-0.052092
-0.065757
0.025643
0.052074
0.004187
-0.004517
-0.007107
0.053911
0.092532
-0.006044
-0.049845
-0.058682
-0.042829
0.005674
0.030268
0.031585
0.034075
-0.009133
0.010494
0.041889
0.026106
-0.016213
-0.060678
-0.061202
-0.022737
-0.001377
-0.001253
0.041138
0.051354
0.034914
0.021582
0.001949
-0.028339
-0.035723
-0.036703
-0.035483
-0.024579
0.020849
0.031751
0.070860
0.078357
-0.019201
-0.093357
-0.068586
-0.013865
0.062505
0.091454
0.014512
-0.015796
-0.027252
-0.004977
0.025137
0.028923
0.030873
0.012936
0.001493
0.006317
0.001027
-0.013879
-0.004096
-0.019566
-0.016637
-0.011477
-0.007885
0.029887
0.025047
0.022410
-0.003122
-0.027763
-0.022685
0.001619
-0.000492
-0.013519
-0.042368
-0.040381
0.029788
0.056326
0.046276
-0.010683
-0.039966
-0.019505
0.024477
0.054682
0.022790
-0.034838
-0.040578
0.014101
0.073407
0.062745
0.021599
-0.032347
-0.041558
0.015601
0.086120
0.051297
-0.006328
-0.064962
-0.032048
0.053732
0.049041
0.020730
-0.040613
-0.054535
0.012653
0.042085
0.008494
-0.015799
-0.065010
-0.054568
-0.000685
0.006630
-0.007323
-0.047715
-0.033844
0.045086
0.069177
0.060277
-0.000592
-0.084062
-0.044510
0.047593
0.066280
0.030115
-0.069304
-0.050142
0.081550
0.126035
0.072239
-0.017637
-0.054354
0.013749
0.048366
0.009652
-0.019963
-0.045944
-0.008203
0.032869
0.044584
0.011374
-0.028507
-0.069821
-0.050055
-0.020510
0.011949
0.033630
0.011688
-0.019214
-0.013748
0.008534
0.021794
-0.008724
-0.063073
-0.025145
0.021222
0.060224
0.066272
-0.004445
-0.036374
-0.002453
0.035907
0.074755
0.014249
-0.046628
-0.033796
-0.020314
0.022935
0.039586
-0.003023
-0.008999
0.006067
0.008300
0.022769
-0.017471
-0.047751
-0.045300
-0.056572
-0.043525
0.004924
0.007444
-0.006240
-0.013775
-0.032998
0.000687
-0.010796
-0.032426
-0.014307
-0.039805
0.002157
0.011307
0.005696
0.039288
0.039809
-0.009933
0.013458
-0.003034
0.024992
0.071855
0.001326
-0.018940
0.006595
0.021183
0.048115
0.056766
0.030233
0.035319
-0.019361
-0.026979
-0.034877
-0.057755
-0.029585
-0.015155
0.003910
0.041516
0.017589
-0.017844
-0.009848
-0.007987
0.008129
-0.009727
-0.057941
-0.052903
-0.034384
-0.006378
0.016032
0.004283
0.015974
0.073754
0.039506
0.005217
-0.039613
-0.070548
-0.022970
-0.005196
-0.021947
-0.026657
-0.002423
0.075561
0.107584
0.048180
-0.027219
-0.052936
-0.032050
-0.029298
-0.058455
-0.039245
0.013711
0.043819
0.044713
0.002775
-0.026774
0.010991
0.032753
0.005003
-0.058107
-0.092144
-0.034663
0.043623
0.103386
0.076332
0.009378
-0.029157
-0.034801
-0.020615
-0.017876
0.009352
0.037898
0.013479
-0.008532
-0.034033
-0.043357
-0.021114
0.014976
-0.010274
-0.026994
-0.036872
-0.044531
0.009565
0.035015
-0.011024
-0.020948
-0.017013
-0.003049
0.035002
0.023057
0.004535
0.000199
0.011291
0.010576
0.033473
0.026479
0.041096
0.017875
-0.003436
-0.020467
-0.020152
-0.017892
-0.018136
-0.019181
0.001522
0.006381
0.012936
0.045329
0.014838
-0.025483
-0.053795
-0.060917
-0.037568
-0.001901
-0.018748
-0.018865
0.002968
-0.001477
0.003057
0.023230
-0.001564
-0.020063
-0.045866
-0.064427
-0.027393
0.012036
0.013973
0.027542
0.029124
0.025184
0.032016
-0.013861
-0.023948
-0.030475
-0.019012
0.027011
0.026430
0.002888
-0.029920
-0.040025
-0.014122
-0.014790
-0.015983
-0.025363
-0.037138
-0.001153
0.016570
0.019654
0.001839
-0.039798
-0.039651
-0.009462
0.019684
0.007156
-0.023155
-0.024749
0.022300
0.075806
0.051812
-0.003731
-0.038611
0.017143
0.087424
0.063458
0.023421
-0.011049
-0.028319
0.040829
0.063169
0.022929
-0.037649
-0.073979
-0.022489
0.045045
0.040142
-0.033334
-0.094187
-0.085346
-0.047967
-0.009658
-0.029876
-0.078382
-0.060246
-0.001555
0.043229
0.045549
-0.026610
-0.062403
-0.031915
-0.016752
-0.012977
0.012280
0.024630
0.041073
0.036020
0.028830
0.023729
0.042596
0.033120
0.021870
0.016096
0.009187
0.019737
0.028744
0.016128
-0.013474
-0.006716
0.020835
0.035818
0.011510
-0.017046
-0.039027
-0.051832
-0.055325
-0.031671
-0.016079
-0.019603
-0.016508
-0.019772
0.004652
0.018495
-0.008699
-0.053126
-0.041496
-0.014820
0.004492
-0.011484
-0.052854
-0.032900
-0.008251
-0.003059
0.028353
0.014168
0.014208
0.016815
-0.002287
0.001088
0.024294
-0.000971
-0.018669
-0.047543
-0.065022
0.022919
0.021121
0.014009
-0.022927
-0.037886
0.026591
0.046483
0.008450
0.034634
0.045939
0.067340
0.073013
-0.012576
-0.057267
-0.015593
0.057413
0.083755
0.090358
0.071738
0.057798
0.066459
0.024070
0.020537
0.012691
-0.006208
0.057375
0.038628
-0.016049
-0.035245
-0.068589
-0.014248
0.039655
-0.000760
-0.017593
-0.051826
-0.057581
-0.015582
-0.016190
-0.037586
-0.054238
-0.063684
-0.015530
0.020792
0.026539
0.002524
-0.048765
-0.069844
-0.038938
-0.029636
-0.023847
-0.030052
-0.029863
0.001356
0.005895
-0.013525
-0.008800
-0.018006
0.004185
0.018040
-0.029219
-0.002654
0.017148
0.040670
0.075061
-0.005256
-0.066745
0.008584
0.063444
0.117224
0.061200
-0.061038
-0.016908
0.085793
0.141131
0.150883
0.037552
-0.020182
0.070733
0.149288
0.214680
0.120843
0.032356
0.064388
0.132576
0.126251
0.017639
-0.174340
-0.265367
-0.149898
-0.017370
0.040343
-0.023158
-0.096811
-0.061650
0.007486
0.031873
-0.057444
-0.215906
-0.247106
-0.150246
0.003057
0.107726
0.049324
-0.067070
-0.097111
-0.051418
0.015225
0.020351
-0.041293
-0.054892
-0.048764
-0.003262
0.045920
0.009196
-0.017688
-0.045866
-0.051435
-0.000100
0.049825
0.040121
0.015625
-0.024354
0.004199
0.046167
0.052144
0.004320
0.007252
0.036668
0.049258
0.081055
0.028332
-0.002847
0.076845
0.127517
0.091528
0.052620
0.029278
0.049154
0.065823
0.004546
0.017409
0.104865
0.172988
0.236264
0.173974
0.178815
0.138577
0.014347
-0.059246
-0.112153
-0.108715
-0.022291
0.026001
0.056223
0.078597
0.020325
0.016376
0.033375
-0.012812
-0.051236
-0.103720
-0.114384
-0.047694
-0.040040
-0.059039
-0.049052
-0.051087
-0.002532
0.014475
-0.016694
-0.030554
-0.060015
-0.077282
-0.066773
-0.112776
-0.119222
-0.066338
0.001227
0.057984
0.005046
-0.034074
-0.033680
-0.026950
-0.022447
-0.068336
-0.124752
-0.091246
-0.017818
0.049983
0.085378
0.023831
0.000444
-0.037708
-0.022996
-0.001337
-0.001410
0.024788
0.032685
0.054580
0.081989
0.094742
0.058267
0.052919
0.050177
0.039149
-0.017032
-0.003824
0.026174
0.041388
0.144038
0.191394
0.158564
0.092799
0.022277
-0.027883
-0.006507
0.088828
0.123421
0.100391
0.053869
0.024638
-0.012383
-0.079692
-0.137641
-0.128120
-0.097339
-0.072739
-0.072834
-0.060718
-0.016545
0.030618
0.026328
-0.055477
-0.140784
-0.152644
-0.116440
-0.056558
-0.047769
-0.053929
-0.045300
-0.039105
-0.012374
0.007756
-0.014886
-0.017405
-0.076945
-0.055192
-0.025526
-0.010818
0.023771
-0.003350
-0.011836
0.020872
0.046059
0.037607
0.037159
0.038699
0.063700
0.067695
0.050506
-0.012251
-0.069242
0.001870
0.070223
0.194280
0.140911
0.120252
0.185572
0.170171
0.119022
0.056643
-0.065926
-0.007467
0.101706
0.123586
0.127524
-0.044129
-0.174909
-0.191224
-0.183801
-0.101963
-0.054976
-0.109125
-0.046321
-0.005492
0.034879
0.051482
-0.083641
-0.191261
-0.215300
-0.192012
-0.070153
-0.012546
-0.027316
-0.024534
-0.046034
-0.026637
0.040369
0.022653
-0.043035
-0.143587
-0.192468
-0.141288
-0.053550
-0.011006
-0.008723
-0.037140
-0.061038
-0.022742
-0.006659
-0.015434
-0.035664
-0.098371
-0.045324
0.008637
0.021896
0.027846
-0.005733
-0.032764
-0.004287
0.011451
0.051529
0.081436
0.060406
-0.034241
-0.043807
0.059907
0.099254
0.111471
0.025776
-0.069377
0.022470
0.068032
0.127894
0.069724
-0.002741
0.020281
-0.052459
0.053129
0.107013
0.095714
0.162090
0.124387
0.117238
0.127637
0.004007
-0.104744
-0.169317
-0.133667
-0.014572
0.031103
0.006170
0.031311
0.008533
0.037576
0.063295
0.008204
-0.035698
-0.046847
-0.034558
-0.007624
-0.060690
-0.147496
-0.178918
-0.169258
-0.066698
0.022425
0.013378
-0.013981
-0.068395
-0.083028
-0.070818
-0.126893
-0.179890
-0.224782
-0.210091
-0.064701
0.037440
0.051010
0.037836
-0.010002
0.009170
0.004467
-0.085446
-0.139589
-0.151585
-0.091103
-0.019740
-0.018397
0.007897
0.016849
-0.003219
0.002391
-0.031071
-0.056216
-0.030979
-0.009534
-0.021276
-0.054043
-0.060340
0.029796
0.116432
0.093319
0.007089
-0.085754
-0.029973
0.067011
0.088475
0.054018
-0.022126
-0.039942
0.065553
0.089232
0.069651
-0.004741
-0.027348
0.004239
0.081419
0.118586
0.081109
0.032252
0.029894
0.072551
0.071285
0.096023
0.116181
0.206582
0.161157
0.015852
-0.185741
-0.182039
-0.051662
0.055849
0.054240
-0.028785
-0.001901
0.052612
0.112379
0.075970
-0.046137
-0.119823
-0.094569
-0.051136
-0.010235
-0.068025
-0.086048
-0.051824
-0.019328
0.050893
0.030566
-0.047560
-0.104509
-0.138919
-0.090181
-0.050359
-0.076494
-0.085067
-0.083598
-0.006563
0.068195
0.037907
-0.037256
-0.099434
-0.085109
-0.013673
-0.007532
-0.035502
-0.044334
-0.025166
0.036480
0.035460
-0.003640
0.006889
-0.015170
0.017657
0.050193
0.083701
0.067595
0.025483
-0.008928
0.023857
0.072366
0.107923
0.094201
0.027685
0.045312
0.082139
0.097710
0.118008
0.068277
0.093974
0.115454
0.069794
0.083496
0.064547
0.088463
0.063059
-0.009439
-0.050952
-0.043377
-0.048229
-0.003826
-0.033470
-0.036580
-0.021693
-0.032684
-0.009993
-0.024044
-0.059660
-0.077381
-0.115061
-0.138499
-0.094158
-0.060790
-0.003415
0.026022
-0.014845
0.011804
0.017909
-0.022743
-0.053641
-0.096945
-0.053311
0.020582
-0.012679
-0.029782
0.007758
0.047905
0.093030
0.017221
-0.063345
-0.012258
0.041871
0.065942
0.052225
0.004317
0.002384
0.018796
0.067031
0.129932
0.125220
0.067103
-0.013946
-0.021899
0.023265
0.052108
0.079422
0.084135
0.107934
0.108056
0.072053
0.071663
0.096556
0.126792
0.134257
0.093264
0.009009
0.018596
0.071717
0.098413
0.063788
0.008818
0.019442
0.054384
0.050934
0.019731
-0.032698
-0.069555
-0.054791
-0.057695
-0.050568
-0.044082
