-0.083243
-0.042501
-0.012064
-0.055811
-0.098355
-0.087461
-0.062956
-0.026020
-0.015200
-0.066730
-0.084716
-0.059419
-0.003594
0.045711
0.054633
0.003815
-0.008256
0.005948
0.094864
0.207763
0.376738
0.344561
0.111944
-0.118441
-0.292979
-0.244263
-0.059530
0.112433
0.156288
0.107606
-0.053676
-0.107755
-0.103392
-0.051955
-0.012537
-0.012701
-0.088855
-0.090319
-0.086572
-0.052488
-0.023674
-0.046490
-0.084761
-0.057748
-0.017097
0.032173
0.050234
0.016458
-0.016258
0.005504
0.061160
0.173179
0.321124
0.397581
0.191160
-0.036336
-0.263899
-0.283621
-0.136666
0.069142
0.152250
0.146046
-0.002419
-0.097750
-0.112722
-0.070555
-0.028648
-0.005822
-0.072235
-0.096984
-0.085620
-0.055425
-0.019138
-0.024344
-0.080557
-0.079430
-0.045867
0.015048
0.051300
0.039815
-0.012009
-0.003883
0.031273
0.140647
0.275043
0.411421
0.261551
0.028170
-0.212893
-0.294734
-0.186072
0.021884
0.131621
0.153634
0.044223
-0.077839
-0.106092
-0.075615
-0.039742
-0.007810
-0.058435
-0.102683
-0.091225
-0.063582
-0.031679
-0.015265
-0.068561
-0.082256
-0.056175
0.000210
0.041829
0.056108
-0.001028
-0.006007
0.014174
0.108270
0.219791
0.392209
0.330780
0.092716
-0.145729
-0.303607
-0.236466
-0.038669
0.122884
0.161630
0.098249
-0.062223
-0.109229
-0.098735
-0.050184
-0.012552
-0.028723
-0.099302
-0.093644
-0.074882
-0.036067
-0.012215
-0.051285
-0.090010
-0.066156
-0.016424
0.038495
0.059267
0.018429
-0.010024
0.009039
0.078304
0.184246
0.348400
0.374786
0.144880
-0.077939
-0.285281
-0.266396
-0.094342
0.098802
0.156636
0.132195
-0.032098
-0.109102
-0.110417
-0.064026
-0.019742
-0.005395
-0.079148
-0.092049
-0.083332
-0.053544
-0.020211
-0.034042
-0.085188
-0.071002
-0.038222
0.020612
0.050780
0.035345
-0.013362
0.000925
0.041279
0.151681
0.293827
0.413054
0.231444
0.007374
-0.240457
-0.295233
-0.168766
0.049095
0.143937
0.158481
0.020277
-0.094149
-0.113028
-0.074698
-0.032702
0.001766
-0.059086
-0.097342
-0.090430
-0.065867
-0.029452
-0.017331
-0.071747
-0.076966
-0.049549
0.002792
0.042574
0.043559
-0.009700
-0.005444
0.017841
0.105524
0.216121
0.377692
0.330646
0.104181
-0.127331
-0.289063
-0.238350
-0.053600
0.107552
0.154752
0.100177
-0.049103
-0.103847
-0.098210
-0.054193
-0.011696
-0.019538
-0.084567
-0.091055
-0.082496
-0.049689
-0.021796
-0.048979
-0.086911
-0.065107
-0.023549
0.032735
0.055177
0.024488
-0.011323
-0.000978
0.055870
0.168334
0.320354
0.395535
0.192254
-0.032176
-0.252785
-0.276329
-0.130913
0.069212
0.143480
0.139487
-0.005369
-0.100463
-0.108242
-0.065503
-0.025000
-0.003454
-0.069793
-0.095648
-0.084656
-0.058933
-0.025791
-0.026175
-0.080138
-0.073976
-0.041155
0.015438
0.047432
0.037386
-0.021314
-0.005773
0.023397
0.127135
0.231112
0.380073
0.297825
0.082369
-0.146139
-0.277330
-0.217173
-0.038619
0.105792
0.146249
0.084673
-0.054155
-0.097109
-0.091199
-0.047500
-0.012222
-0.026760
-0.086697
-0.085374
-0.080944
-0.049634
-0.027723
-0.055963
-0.081266
-0.053836
-0.011909
0.034236
0.045894
0.007857
-0.015101
0.005240
0.066469
0.175216
0.319891
0.391226
0.187613
-0.038365
-0.258691
-0.275415
-0.132600
0.072062
0.148879
0.144665
-0.003707
-0.099032
-0.115758
-0.070422
-0.025619
0.000460
-0.063544
-0.093508
-0.089563
-0.061939
-0.027146
-0.024555
-0.072890
-0.071431
-0.040085
0.011901
0.046283
0.035949
-0.014906
-0.009914
0.019695
0.117556
0.238325
0.385857
0.310333
0.082528
-0.153773
-0.290040
-0.218246
-0.032102
0.114810
0.151353
0.076908
-0.062496
-0.106118
-0.092564
-0.043118
-0.008136
-0.027110
-0.086951
-0.089540
-0.079189
-0.042219
-0.022639
-0.053480
-0.084085
-0.061505
-0.015259
0.038244
0.051400
0.013283
-0.018016
0.002216
0.069280
0.176126
0.304946
0.380033
0.187068
-0.031522
-0.237784
-0.264754
-0.133648
0.061601
0.133686
0.132083
0.001331
-0.093536
-0.102121
-0.063264
-0.025618
-0.006568
-0.063648
-0.095806
-0.083773
-0.063070
-0.030493
-0.031666
-0.076273
-0.073627
-0.037632
0.013783
0.046553
0.032802
-0.013474
-0.005473
0.023216
0.120780
0.230947
0.382082
0.309923
0.082083
-0.148495
-0.290170
-0.222121
-0.033055
0.116444
0.152032
0.084467
-0.059276
-0.102128
-0.093117
-0.048064
-0.016338
-0.030276
-0.089314
-0.087641
-0.076919
-0.042152
-0.023186
-0.051937
-0.081498
-0.054748
-0.013196
0.038352
0.050901
0.015561
-0.013166
0.000708
0.062716
0.172364
0.310134
0.383115
0.178378
-0.040117
-0.252470
-0.265357
-0.126774
0.074761
0.141119
0.135109
-0.012103
-0.100280
-0.109690
-0.061741
-0.019960
0.001044
-0.068007
-0.097018
-0.089612
-0.059346
-0.025256
-0.028941
-0.079635
-0.075209
-0.042289
0.019870
0.054735
0.040445
-0.018585
-0.013083
0.019332
0.129591
0.246205
0.389119
0.286141
0.064010
-0.163057
-0.286518
-0.205361
-0.018268
0.115314
0.149228
0.068541
-0.065383
-0.099039
-0.090754
-0.042264
-0.010902
-0.038308
-0.091508
-0.086139
-0.076891
-0.043219
-0.029369
-0.063846
-0.079901
-0.051005
-0.006410
0.039304
0.049052
0.006384
-0.012394
-0.000487
0.072394
0.181962
0.340002
0.370395
0.158277
-0.066672
-0.268550
-0.257675
-0.102360
0.084239
0.146819
0.125229
-0.025153
-0.101272
-0.107922
-0.060226
-0.017179
-0.008662
-0.078765
-0.095060
-0.090507
-0.058431
-0.026426
-0.031466
-0.076231
-0.062968
-0.032924
0.022592
0.049433
0.032672
-0.017828
-0.005851
0.024098
0.128076
0.222962
0.359820
0.286283
0.069294
-0.142664
-0.275627
-0.208490
-0.029783
0.112470
0.140709
0.074562
-0.067404
-0.105812
-0.093912
-0.044257
-0.011078
-0.025326
-0.083586
-0.084831
-0.077447
-0.050745
-0.030598
-0.062509
-0.080052
-0.055193
-0.002109
0.040171
0.055216
0.008344
-0.013072
0.010516
0.088193
0.188798
0.340734
0.345425
0.131344
-0.082700
-0.266328
-0.239439
-0.079305
0.093496
0.142607
0.112282
-0.041781
-0.101207
-0.103117
-0.054922
-0.017587
-0.014772
-0.085220
-0.090904
-0.084711
-0.050758
-0.025488
-0.038528
-0.086189
-0.065951
-0.034435
0.026025
0.050043
0.028593
-0.015048
0.007295
0.035049
0.137185
0.243188
0.383507
0.258483
0.044431
-0.185629
-0.285330
-0.198936
0.003641
0.125806
0.156350
0.054888
-0.074951
-0.113934
-0.092218
-0.044573
-0.006540
-0.042457
-0.090529
-0.086748
-0.071471
-0.038877
-0.023982
-0.064851
-0.074787
-0.047799
0.002285
0.042595
0.048622
0.000387
-0.007707
0.013184
0.097062
0.200169
0.347019
0.332342
0.114851
-0.104953
-0.272313
-0.231933
-0.063178
0.100731
0.143859
0.099750
-0.048131
-0.101476
-0.098187
-0.052722
-0.016395
-0.021669
-0.085193
-0.090996
-0.080824
-0.049821
-0.023460
-0.045479
-0.079757
-0.061908
-0.023237
0.031198
0.049563
0.017226
-0.016710
-0.001475
0.052978
0.165700
0.297521
0.384032
0.202191
-0.017193
-0.230435
-0.269415
-0.146065
0.045999
0.133530
0.140205
0.014073
-0.088567
-0.110240
-0.076548
-0.033669
-0.006059
-0.056643
-0.089727
-0.086385
-0.066192
-0.035753
-0.030435
-0.074099
-0.072052
-0.043340
0.010078
0.044050
0.042893
-0.007223
-0.002742
0.019484
0.112082
0.211346
0.369290
0.308357
0.091697
-0.135760
-0.279509
-0.222899
-0.037530
0.113657
0.153091
0.086082
-0.061932
-0.108858
-0.098692
-0.047475
-0.009158
-0.024226
-0.088757
-0.088554
-0.078686
-0.043842
-0.024561
-0.058304
-0.088532
-0.059562
-0.010930
0.042352
0.056084
0.012094
-0.016005
-0.002344
0.063373
0.184804
0.330462
0.369804
0.159863
-0.059559
-0.262112
-0.252350
-0.104777
0.082282
0.144536
0.124371
-0.020302
-0.095091
-0.103791
-0.061790
-0.023223
-0.017143
-0.077422
-0.094866
-0.082277
-0.052107
-0.022826
-0.037025
-0.081994
-0.069399
-0.034124
0.022111
0.050838
0.034079
-0.011081
-0.001295
0.031112
0.132262
0.243747
0.376621
0.265702
0.051501
-0.171168
-0.276349
-0.191846
-0.003178
0.121700
0.151051
0.060280
-0.068402
-0.103723
-0.091463
-0.044427
-0.012741
-0.040425
-0.089333
-0.084092
-0.075670
-0.040344
-0.029722
-0.064316
-0.078552
-0.047478
-0.000590
0.046133
0.052583
0.010302
-0.004892
0.012348
0.093892
0.208555
0.367521
0.338244
0.102536
-0.125863
-0.288003
-0.231073
-0.044946
0.119577
0.153559
0.094159
-0.061363
-0.110674
-0.096819
-0.042052
-0.010312
-0.021556
-0.098401
-0.095213
-0.077101
-0.034112
-0.013996
-0.044967
-0.093350
-0.066292
-0.019138
0.042941
0.060403
0.022777
-0.020472
0.002104
0.056478
0.163274
0.287523
0.377685
0.200684
-0.010508
-0.225222
-0.261102
-0.140235
0.052026
0.132941
0.137012
0.009534
-0.087103
-0.103183
-0.070089
-0.028611
-0.007826
-0.059437
-0.090575
-0.081585
-0.065085
-0.032895
-0.034460
-0.076138
-0.073389
-0.039924
0.015692
0.049372
0.044149
-0.002724
0.002011
0.028026
0.123378
0.241601
0.395326
0.287305
0.061144
-0.176078
-0.294827
-0.202484
-0.000727
0.131993
0.161498
0.063277
-0.074333
-0.108937
-0.091562
-0.043082
-0.008276
-0.046233
-0.097608
-0.094834
-0.074602
-0.032788
-0.012265
-0.058492
-0.075597
-0.056789
-0.007857
0.041233
0.055642
0.011324
0.003445
0.013671
0.089101
0.193795
0.350408
0.343071
0.122981
-0.101484
-0.285586
-0.244110
-0.069468
0.107620
0.159031
0.112885
-0.044661
-0.108444
-0.108351
-0.061513
-0.017748
-0.019559
-0.081127
-0.088794
-0.080126
-0.050471
-0.022358
-0.051585
-0.080533
-0.062692
-0.018466
0.031394
0.055306
0.024317
-0.004190
0.011850
0.074191
0.174781
0.327365
0.366603
0.158613
-0.059192
-0.263323
-0.255777
-0.102810
0.084485
0.146179
0.127456
-0.026024
-0.098026
-0.106236
-0.062423
-0.023309
-0.013197
-0.080768
-0.093324
-0.084081
-0.052453
-0.025464
-0.039907
-0.082240
-0.065287
-0.026826
0.026331
0.045240
0.024769
-0.007765
0.012466
0.055545
0.153410
0.269209
0.386200
0.225343
0.008172
-0.215452
-0.281227
-0.168571
0.037468
0.140141
0.154661
0.030424
-0.089745
-0.118675
-0.085056
-0.039349
-0.004076
-0.049914
-0.091388
-0.087614
-0.069934
-0.036371
-0.029720
-0.071438
-0.074509
-0.042931
0.009027
0.041809
0.041764
-0.002866
-0.002206
0.022761
0.121046
0.235888
0.386501
0.294035
0.070160
-0.163742
-0.289403
-0.213391
-0.015773
0.121699
0.158134
0.071667
-0.067050
-0.108735
-0.093102
-0.047890
-0.011587
-0.036689
-0.091023
-0.088031
-0.076635
-0.041596
-0.028938
-0.067659
-0.085274
-0.053061
-0.000202
0.047213
0.051430
0.005401
-0.009604
0.012868
0.092923
0.206787
0.362611
0.334930
0.111545
-0.108374
-0.284119
-0.230391
-0.063035
0.102385
0.147055
0.099514
-0.054857
-0.097299
-0.099485
-0.049980
-0.014488
-0.024516
-0.091328
-0.087562
-0.083623
-0.046495
-0.024970
-0.053137
-0.090035
-0.064363
-0.027079
0.035227
0.047354
0.022082
-0.014560
0.006916
0.048934
0.160186
0.271932
0.382195
0.224175
0.015155
-0.210011
-0.268625
-0.168612
0.022878
0.122599
0.141212
0.031287
-0.074444
-0.100491
-0.076510
-0.037477
-0.013851
-0.056731
-0.093463
-0.089169
-0.073997
-0.039617
-0.032240
-0.070476
-0.074895
-0.044092
0.009184
0.043134
0.042297
-0.003697
-0.004941
0.017492
0.108435
0.220124
0.381990
0.316991
0.094221
-0.139682
-0.291115
-0.225711
-0.038013
0.113143
0.152180
0.079062
-0.062323
-0.101572
-0.088599
-0.044531
-0.014610
-0.040451
-0.103113
-0.096841
-0.078609
-0.037727
-0.019722
-0.055884
-0.082425
-0.058755
-0.009345
0.041566
0.058744
0.016635
-0.002795
0.014629
0.092106
0.199926
0.359393
0.332857
0.100700
-0.113408
-0.286422
-0.225441
-0.049783
0.113740
0.148450
0.097502
-0.062235
-0.104095
-0.099978
-0.047534
-0.014378
-0.024056
-0.093538
-0.087792
-0.077219
-0.041402
-0.021971
-0.054600
-0.094250
-0.065857
-0.022091
0.040083
0.055800
0.022772
-0.018820
0.001575
0.051675
0.166133
0.291691
0.385908
0.203662
-0.007892
-0.223685
-0.263687
-0.146912
0.041744
0.125437
0.135858
0.013958
-0.080526
-0.100121
-0.072930
-0.034240
-0.011496
-0.064544
-0.093289
-0.085356
-0.064463
-0.031537
-0.033406
-0.077251
-0.072434
-0.040340
0.015222
0.044815
0.041330
0.002015
0.010762
0.032990
0.126671
0.238656
0.390290
0.265002
0.046035
-0.189658
-0.284694
-0.189303
0.014981
0.130916
0.152981
0.043728
-0.083251
-0.111597
-0.083748
-0.035105
-0.001208
-0.044600
-0.096889
-0.096964
-0.078307
-0.039153
-0.022124
-0.065936
-0.082067
-0.056841
0.000593
0.045467
0.050713
0.004128
-0.008974
0.010297
0.101666
0.210485
0.362177
0.351212
0.114238
-0.117112
-0.290325
-0.246403
-0.063774
0.112109
0.153989
0.106670
-0.046206
-0.106411
-0.102447
-0.053831
-0.018396
-0.024435
-0.092331
-0.100225
-0.083322
-0.046242
-0.017492
-0.046670
-0.085692
-0.068756
-0.019918
0.039417
0.059020
0.026156
-0.001801
0.012484
0.071146
0.176497
0.330138
0.363922
0.149949
-0.072235
-0.273688
-0.256038
-0.090258
0.094524
0.149420
0.117948
-0.037500
-0.103824
-0.104844
-0.056516
-0.016897
-0.010229
-0.082609
-0.094120
-0.087832
-0.055224
-0.024935
-0.039149
-0.084261
-0.068316
-0.031427
0.029461
0.055067
0.030543
-0.017308
-0.004957
0.034300
0.138105
0.255319
0.394267
0.266684
0.041631
-0.189837
-0.287908
-0.192615
0.005833
0.125722
0.150531
0.046401
-0.079070
-0.107925
-0.085466
-0.038879
-0.004695
-0.044625
-0.093821
-0.089448
-0.075226
-0.037990
-0.025787
-0.067888
-0.079461
-0.051506
0.003793
0.050066
0.053859
0.004579
-0.005610
0.016917
0.099866
0.204420
0.352223
0.317568
0.105576
-0.112830
-0.264795
-0.216944
-0.051709
0.095657
0.138117
0.086081
-0.050552
-0.094746
-0.092544
-0.047992
-0.015591
-0.025589
-0.085247
-0.087126
-0.082840
-0.050086
-0.031491
-0.055475
-0.082772
-0.056249
-0.014412
0.036684
0.045898
0.012896
-0.012244
0.008680
0.057619
0.163960
0.289468
0.380466
0.200592
-0.012184
-0.231035
-0.264781
-0.142184
0.054307
0.132144
0.135323
0.004012
-0.089379
-0.105014
-0.071655
-0.028650
-0.007562
-0.060833
-0.093541
-0.088347
-0.068712
-0.031238
-0.030598
-0.073991
-0.071243
-0.041632
0.012449
0.049026
0.041975
-0.006671
-0.006308
0.015452
0.109058
0.213933
0.356966
0.326261
0.100985
-0.118715
-0.274721
-0.223088
-0.055827
0.105500
0.140103
0.089221
-0.051201
-0.097999
-0.090643
-0.044129
-0.012845
-0.026761
-0.091362
-0.095106
-0.079749
-0.045926
-0.020654
-0.053405
-0.086922
-0.068547
-0.017338
0.039814
0.062919
0.023021
-0.004424
0.003050
0.058215
0.169305
0.321859
0.378318
0.177520
-0.046004
-0.255487
-0.254021
-0.107723
0.081644
0.138897
0.117196
-0.028598
-0.097203
-0.097026
-0.050475
-0.014692
-0.011625
-0.080546
-0.098014
-0.087520
-0.053994
-0.025430
-0.035737
-0.083118
-0.070968
-0.034600
0.027197
0.054836
0.036019
-0.015193
-0.006644
0.023975
0.124432
0.222603
0.363160
0.304599
0.079539
-0.132419
-0.275088
-0.210324
-0.037591
0.108875
0.140540
0.080417
-0.057705
-0.098425
-0.092704
-0.050124
-0.014596
-0.029456
-0.086367
-0.088627
-0.078941
-0.047605
-0.026411
-0.058580
-0.079427
-0.054524
-0.005611
0.043263
0.057622
0.016917
-0.006880
0.007315
0.075726
0.179922
0.329799
0.367857
0.153192
-0.063973
-0.265692
-0.253268
-0.096425
0.088836
0.146109
0.119760
-0.032922
-0.098023
-0.103337
-0.057693
-0.021401
-0.016475
-0.085298
-0.094167
-0.085174
-0.051017
-0.022186
-0.039312
-0.082417
-0.067696
-0.030489
0.029553
0.057288
0.037267
-0.001957
0.005267
0.046810
0.151959
0.283198
0.392391
0.209667
-0.011979
-0.236344
-0.280553
-0.142715
0.058568
0.144859
0.141231
0.005035
-0.099430
-0.109001
-0.073839
-0.024921
-0.004373
-0.063299
-0.098911
-0.089452
-0.065841
-0.027096
-0.028035
-0.076242
-0.076477
-0.045710
0.018042
0.053829
0.048519
-0.004603
-0.001143
0.022355
0.122723
0.232746
0.377712
0.282816
0.054651
-0.167476
-0.282716
-0.194261
-0.006149
0.127847
0.144487
0.060639
-0.077106
-0.104601
-0.086477
-0.038841
-0.011896
-0.042005
-0.100270
-0.094378
-0.076267
-0.039062
-0.023191
-0.064482
-0.085037
-0.057373
-0.000109
0.049979
0.060670
0.009997
-0.006048
0.010991
0.089176
0.204470
0.358058
0.339948
0.112996
-0.114363
-0.285264
-0.231377
-0.057499
0.111295
0.149456
0.093273
-0.056796
-0.102519
-0.097191
-0.044584
-0.012007
-0.025107
-0.093844
-0.094230
-0.085963
-0.043548
-0.026065
-0.050373
-0.088699
-0.059918
-0.019512
0.043823
0.049887
0.022349
-0.014008
0.007844
0.053179
0.164669
0.275979
0.381808
0.207995
-0.004698
-0.222767
-0.263113
-0.151516
0.043034
0.126774
0.134115
0.016155
-0.079860
-0.101455
-0.070442
-0.037086
-0.013266
-0.066132
-0.094429
-0.088739
-0.062522
-0.034003
-0.031178
-0.076163
-0.069854
-0.038018
0.020217
0.049841
0.047054
0.001772
0.010884
0.033024
0.119000
0.215866
0.363357
0.280249
0.065475
-0.156600
-0.277681
-0.196312
-0.007873
0.126005
0.147843
0.060309
-0.081767
-0.112104
-0.093239
-0.039682
-0.005253
-0.032076
-0.091338
-0.089758
-0.081033
-0.042465
-0.028019
-0.063135
-0.077119
-0.050668
0.004213
0.048255
0.053687
0.010463
-0.000837
0.020021
0.111177
0.213151
0.374164
0.313901
0.079613
-0.139098
-0.292677
-0.215461
-0.023916
0.126686
0.151159
0.082626
-0.077636
-0.106346
-0.093382
-0.041887
-0.009285
-0.028749
-0.103404
-0.094094
-0.083606
-0.040060
-0.017949
-0.053605
-0.084187
-0.057098
-0.012032
0.044562
0.056603
0.014072
-0.006648
0.017684
0.082697
0.190185
0.335075
0.347478
0.128558
-0.082897
-0.269169
-0.236608
-0.077049
0.098267
0.141547
0.106435
-0.046555
-0.098142
-0.098736
-0.053865
-0.020400
-0.021654
-0.088265
-0.091751
-0.082593
-0.050591
-0.023472
-0.046298
-0.082331
-0.060649
-0.020713
0.035090
0.052385
0.026779
-0.008604
0.009996
0.061015
0.167450
0.293274
0.374500
0.175465
-0.027475
-0.244796
-0.258289
-0.122335
0.072455
0.138945
0.129210
-0.018113
-0.100018
-0.104570
-0.062318
-0.018457
-0.001824
-0.071568
-0.098212
-0.095230
-0.068473
-0.031043
-0.034101
-0.079653
-0.068294
-0.037674
0.022749
0.050676
0.037272
-0.010633
0.001670
0.029923
0.129926
0.231404
0.370737
0.280651
0.059653
-0.160739
-0.276410
-0.191921
-0.011056
0.120491
0.137511
0.055084
-0.077283
-0.101338
-0.084521
-0.033747
-0.007056
-0.038012
-0.095837
-0.093284
-0.082095
-0.045214
-0.028393
-0.064108
-0.076875
-0.052530
-0.000140
0.041026
0.050009
0.006717
-0.002192
0.015649
0.097254
0.205100
0.356573
0.333169
0.108611
-0.108953
-0.281278
-0.224556
-0.056061
0.108138
0.145106
0.092381
-0.062461
-0.102766
-0.097357
-0.044881
-0.006915
-0.020881
-0.089088
-0.091142
-0.088402
-0.050302
-0.026900
-0.054589
-0.084978
-0.059935
-0.019837
0.039049
0.051066
0.015871
-0.009069
0.007144
0.065080
0.178727
0.309419
0.379171
0.178946
-0.040689
-0.251474
-0.258005
-0.116263
0.076927
0.139622
0.117181
-0.026051
-0.098930
-0.099566
-0.052429
-0.011950
-0.008083
-0.077123
-0.102849
-0.095882
-0.063115
-0.026957
-0.036236
-0.076944
-0.066979
-0.035617
0.022959
0.047244
0.033698
-0.003562
0.007594
0.041616
0.137957
0.248946
0.381414
0.247737
0.028951
-0.186198
-0.271590
-0.169533
0.017247
0.121941
0.138176
0.035511
-0.085177
-0.100317
-0.081024
-0.034000
-0.004467
-0.049171
-0.097601
-0.092398
-0.077291
-0.038831
-0.026845
-0.069591
-0.076403
-0.050026
0.004061
0.045732
0.048718
0.004242
0.004122
0.022077
0.110413
0.224468
0.374550
0.302090
0.081501
-0.150673
-0.282586
-0.205563
-0.019411
0.124354
0.148652
0.062382
-0.079049
-0.108247
-0.091851
-0.033817
-0.004160
-0.029960
-0.091724
-0.095125
-0.089381
-0.047141
-0.029110
-0.057256
-0.077358
-0.051088
-0.009153
0.037278
0.038594
0.007836
-0.004653
0.017662
0.089512
0.190949
0.328875
0.354456
0.136517
-0.074965
-0.263461
-0.239792
-0.082128
0.090528
0.136403
0.105714
-0.043760
-0.098116
-0.096224
-0.052629
-0.018133
-0.019064
-0.087443
-0.095369
-0.087592
-0.056784
-0.027626
-0.047402
-0.084715
-0.064777
-0.021496
0.042607
0.062276
0.028476
-0.017938
-0.005897
0.046540
0.157326
0.276560
0.383364
0.214361
-0.002672
-0.213589
-0.263726
-0.140823
0.045796
0.125206
0.123942
0.001512
-0.094344
-0.098435
-0.065229
-0.023450
-0.004827
-0.060240
-0.095945
-0.089687
-0.072821
-0.036734
-0.036453
-0.077568
-0.074654
-0.044024
0.016365
0.050509
0.043303
-0.001676
-0.000988
0.025694
0.133063
0.241230
0.389794
0.276464
0.051140
-0.179214
-0.281624
-0.190716
0.008175
0.125540
0.144103
0.044971
-0.083275
-0.102389
-0.079920
-0.035587
-0.010135
-0.045695
-0.096916
-0.087905
-0.074469
-0.037754
-0.030347
-0.069669
-0.081272
-0.050966
0.003286
0.046284
0.045414
-0.002488
-0.009257
0.016145
0.102597
0.209574
0.354384
0.330730
0.108424
-0.102027
-0.267220
-0.222605
-0.059041
0.094622
0.137770
0.092290
-0.050641
-0.094766
-0.091642
-0.049858
-0.015428
-0.026452
-0.086060
-0.085785
-0.078275
-0.049993
-0.029926
-0.061840
-0.088000
-0.060964
-0.013802
0.039977
0.053129
0.016460
-0.007516
0.006861
0.064642
0.179310
0.319355
0.372332
0.173142
-0.044987
-0.252647
-0.254093
-0.115687
0.074724
0.142498
0.128408
-0.017005
-0.091539
-0.105404
-0.067323
-0.026857
-0.015999
-0.072920
-0.089360
-0.087196
-0.058933
-0.030678
-0.042900
-0.082892
-0.067163
-0.033074
0.032547
0.056821
0.038465
-0.006752
0.001348
0.035764
0.152145
0.278713
0.400008
0.227915
0.002896
-0.226396
-0.276076
-0.152252
0.048417
0.137993
0.138827
0.012569
-0.088880
-0.103049
-0.073903
-0.030759
-0.015046
-0.067291
-0.095354
-0.082373
-0.056368
-0.025748
-0.035190
-0.087209
-0.082432
-0.044459
0.027138
0.065893
0.052387
-0.005659
-0.009009
0.016682
0.125820
0.247860
0.391881
0.284521
0.051157
-0.176299
-0.289065
-0.189159
0.003723
0.130707
0.144195
0.050433
-0.084846
-0.101485
-0.083149
-0.033559
-0.007077
-0.045324
-0.097255
-0.087831
-0.074732
-0.037419
-0.028112
-0.071305
-0.084461
-0.053368
0.001966
0.052970
0.051887
0.008473
-0.002035
0.015074
0.098805
0.213758
0.362278
0.338230
0.095267
-0.123292
-0.284890
-0.221231
-0.042996
0.117871
0.143042
0.084822
-0.064941
-0.100853
-0.089782
-0.044815
-0.017051
-0.033978
-0.098286
-0.090867
-0.077440
-0.041263
-0.022372
-0.054488
-0.087873
-0.057282
-0.011354
0.050429
0.056270
0.019194
-0.010715
0.009262
0.063467
0.173144
0.294798
0.379927
0.180882
-0.038977
-0.244486
-0.260261
-0.119237
0.070851
0.141581
0.125096
-0.011611
-0.099817
-0.102158
-0.068102
-0.026773
-0.014065
-0.070484
-0.093345
-0.085186
-0.062205
-0.030725
-0.043221
-0.080192
-0.068601
-0.027871
0.030001
0.057466
0.038321
0.002615
0.007752
0.056363
0.166818
0.310500
0.392189
0.178610
-0.042717
-0.260042
-0.266209
-0.113995
0.086550
0.147042
0.131320
-0.024205
-0.104701
-0.105430
-0.063481
-0.021396
-0.012565
-0.078536
-0.095079
-0.083040
-0.054321
-0.025255
-0.041841
-0.089289
-0.077057
-0.037397
0.029618
0.061646
0.037299
-0.012363
-0.004176
0.035845
0.145532
0.254620
0.385096
0.252234
0.027040
-0.190890
-0.274346
-0.170093
0.022718
0.126527
0.137295
0.032263
-0.085358
-0.102326
-0.080391
-0.037569
-0.011301
-0.050102
-0.092575
-0.084107
-0.075900
-0.041813
-0.035491
-0.074230
-0.077073
-0.043389
0.011102
0.051965
0.048264
-0.001545
-0.003370
0.018866
0.112310
0.230268
0.380729
0.310456
0.078493
-0.144948
-0.291647
-0.207730
-0.025758
0.117964
0.147555
0.071263
-0.072466
-0.097022
-0.093249
-0.046197
-0.015462
-0.041801
-0.093976
-0.086203
-0.077511
-0.040909
-0.027075
-0.067428
-0.084987
-0.056978
-0.004937
0.048797
0.056244
0.009873
-0.007221
0.010862
0.079253
0.189025
0.338748
0.366142
0.145451
-0.077966
-0.276100
-0.250733
-0.088501
0.098662
0.150820
0.113504
-0.046375
-0.104192
-0.104979
-0.054158
-0.015164
-0.016631
-0.083201
-0.091739
-0.085110
-0.053978
-0.029422
-0.054693
-0.088099
-0.067717
-0.020625
0.038234
0.058383
0.026449
-0.009021
0.002327
0.057627
0.174231
0.317410
0.382255
0.176078
-0.044766
-0.256886
-0.256317
-0.110646
0.076043
0.139031
0.120150
-0.026234
-0.096118
-0.101808
-0.062103
-0.024533
-0.016037
-0.076502
-0.089731
-0.084648
-0.056694
-0.030682
-0.046079
-0.087528
-0.071552
-0.033671
0.029818
0.054364
0.030295
-0.011331
0.001701
0.040553
0.153509
0.272091
0.387051
0.236432
0.011984
-0.206123
-0.274757
-0.162671
0.030057
0.130307
0.138850
0.025206
-0.087310
-0.105669
-0.080400
-0.033926
-0.011612
-0.057341
-0.092968
-0.087187
-0.068621
-0.037350
-0.035932
-0.077810
-0.077142
-0.046731
0.014646
0.050369
0.049864
0.000201
-0.003569
0.011095
0.113620
0.231527
0.390251
0.312074
0.072977
-0.164600
-0.297458
-0.211244
-0.014986
0.128161
0.152492
0.066317
-0.079463
-0.109143
-0.092405
-0.042966
-0.010259
-0.038314
-0.096729
-0.090619
-0.076655
-0.040548
-0.027225
-0.067878
-0.087147
-0.058954
-0.004120
0.050086
0.056489
0.005036
-0.014724
0.005370
0.084221
0.206977
0.356139
0.356733
0.125750
-0.099527
-0.281660
-0.236916
-0.070449
0.104795
0.146614
0.099756
-0.053595
-0.101537
-0.097961
-0.050703
-0.015759
-0.023320
-0.084253
-0.090228
-0.081852
-0.049574
-0.027203
-0.053899
-0.087760
-0.065176
-0.020264
0.042184
0.054281
0.021993
-0.016711
0.003722
0.056698
0.169318
0.291335
0.390207
0.196660
-0.019089
-0.238263
-0.266177
-0.135598
0.059707
0.134034
0.131080
-0.004232
-0.093871
-0.100178
-0.070468
-0.027674
-0.013657
-0.066979
-0.089148
-0.079089
-0.059094
-0.032021
-0.040486
-0.086198
-0.073353
-0.036160
0.031732
0.062231
0.045124
-0.014701
-0.006324
0.023409
0.129364
0.241716
0.387890
0.278670
0.049234
-0.173844
-0.283709
-0.182922
0.003988
0.125964
0.139455
0.045824
-0.086196
-0.098107
-0.082100
-0.031641
-0.005174
-0.040304
-0.093548
-0.083378
-0.075916
-0.038413
-0.034233
-0.072690
-0.082765
-0.046512
0.008001
0.060255
0.051993
0.001662
-0.011744
0.011818
0.092115
0.206293
0.346868
0.359208
0.121435
-0.099454
-0.279691
-0.238334
-0.066844
0.110370
0.147205
0.101562
-0.056795
-0.108540
-0.102455
-0.051474
-0.013842
-0.016326
-0.083779
-0.087781
-0.081401
-0.048174
-0.024018
-0.046274
-0.084357
-0.062311
-0.020820
0.042812
0.058825
0.027218
-0.010336
0.007667
0.051268
0.168321
0.289274
0.389971
0.196120
-0.021645
-0.239541
-0.266783
-0.131792
0.068455
0.142973
0.132653
-0.006827
-0.101436
-0.105794
-0.070686
-0.025853
-0.010599
-0.065838
-0.092646
-0.083611
-0.062399
-0.029238
-0.035683
-0.077460
-0.066596
-0.031559
0.030620
0.060046
0.037609
-0.014465
-0.003982
0.033317
0.135744
0.247409
0.386600
0.272918
0.038176
-0.184654
-0.289263
-0.181524
0.011095
0.133842
0.142093
0.042892
-0.091808
-0.106172
-0.087323
-0.032015
-0.004442
-0.040353
-0.091450
-0.084366
-0.075829
-0.038558
-0.033778
-0.072814
-0.082316
-0.045606
0.014580
0.060860
0.055384
0.004648
-0.006624
0.017638
0.113985
0.242542
0.386339
0.287123
0.050051
-0.169587
-0.290448
-0.184655
-0.000990
0.129641
0.143547
0.053853
-0.085058
-0.100254
-0.088219
-0.036405
-0.012672
-0.043723
-0.094978
-0.079139
-0.072558
-0.034543
-0.034351
-0.074073
-0.094840
-0.053942
-0.004744
0.056175
0.050789
0.006153
-0.022011
0.003744
0.067547
0.185245
0.297598
0.375104
0.177607
-0.035013
-0.242706
-0.257857
-0.126490
0.065556
0.133787
0.122117
-0.012118
-0.094589
-0.103142
-0.069241
-0.027809
-0.014838
-0.069222
-0.093888
-0.086449
-0.064525
-0.031002
-0.043768
-0.077808
-0.066823
-0.028809
0.030690
0.055680
0.035800
-0.006466
0.003336
0.039239
0.151429
0.274446
0.382422
0.216175
-0.011449
-0.227911
-0.270956
-0.142173
0.051694
0.139986
0.128952
0.001683
-0.099173
-0.105950
-0.069652
-0.021790
-0.007704
-0.061731
-0.099122
-0.093748
-0.068356
-0.031959
-0.037296
-0.079925
-0.076222
-0.039208
0.024607
0.056282
0.043389
-0.003742
0.001297
0.028459
0.133085
0.251054
0.392019
0.254127
0.021535
-0.200956
-0.285528
-0.170048
0.025876
0.134433
0.140426
0.031531
-0.092728
-0.104137
-0.082548
-0.035573
-0.011312
-0.053719
-0.095171
-0.082415
-0.068884
-0.034928
-0.034373
-0.078002
-0.083859
-0.046545
0.011104
0.059076
0.045640
-0.004733
-0.015460
0.012379
0.099194
0.207695
0.340253
0.333133
0.106418
-0.104618
-0.267867
-0.219546
-0.059629
0.099825
0.131163
0.086637
-0.055477
-0.097552
-0.091585
-0.046989
-0.015652
-0.023643
-0.082930
-0.087484
-0.081188
-0.052196
-0.032106
-0.061849
-0.085937
-0.062092
-0.012364
0.046572
0.057214
0.019420
-0.007549
0.006278
0.066644
0.180513
0.321870
0.378338
0.157139
-0.064547
-0.269999
-0.256214
-0.097215
0.096427
0.151293
0.117905
-0.037962
-0.110895
-0.106660
-0.057511
-0.014995
-0.010911
-0.078830
-0.094623
-0.086633
-0.053723
-0.026248
-0.046266
-0.087101
-0.067896
-0.023164
0.045482
0.064071
0.033081
-0.013580
0.000541
0.050582
0.167094
0.297355
0.384231
0.180050
-0.038034
-0.250336
-0.258453
-0.110387
0.081241
0.142066
0.119450
-0.023062
-0.104945
-0.100768
-0.061410
-0.017588
-0.009478
-0.070745
-0.095596
-0.086444
-0.060281
-0.026670
-0.038496
-0.082781
-0.071628
-0.035021
0.032573
0.061184
0.042179
-0.006807
0.000381
0.037148
0.143805
0.266450
0.389847
0.237324
0.007602
-0.219931
-0.284648
-0.155724
0.044463
0.147370
0.144638
0.014044
-0.102961
-0.112146
-0.076537
-0.021704
0.000165
-0.056044
-0.097508
-0.091143
-0.066797
-0.027975
-0.031845
-0.080729
-0.078288
-0.045016
0.021560
0.060551
0.045975
-0.007648
-0.009064
0.020181
0.128533
0.243643
0.388665
0.290091
0.047808
-0.174234
-0.286783
-0.190147
0.002384
0.132690
0.143328
0.050383
-0.087347
-0.109677
-0.087698
-0.038660
-0.007076
-0.035662
-0.087392
-0.082564
-0.074449
-0.043573
-0.031584
-0.065924
-0.079352
-0.048145
0.003467
0.057951
0.055634
0.007136
-0.012575
0.010524
0.090815
0.200350
0.334604
0.339959
0.110201
-0.095413
-0.265875
-0.216884
-0.058545
0.102139
0.131479
0.086214
-0.059005
-0.102938
-0.091141
-0.044996
-0.010697
-0.019446
-0.080802
-0.086592
-0.078716
-0.053215
-0.030803
-0.056716
-0.079502
-0.059917
-0.011903
0.041519
0.055686
0.018369
-0.010225
0.009027
0.071925
0.183319
0.328877
0.364591
0.144984
-0.069378
-0.261958
-0.242671
-0.081677
0.092246
0.145093
0.108668
-0.043291
-0.104782
-0.097190
-0.053639
-0.009861
-0.011739
-0.077275
-0.088625
-0.083285
-0.057051
-0.030527
-0.048095
-0.088627
-0.065005
-0.031639
0.037726
0.058128
0.030125
-0.017634
-0.000393
0.034817
0.156778
0.269564
0.397493
0.243344
0.016138
-0.212697
-0.281425
-0.171555
0.028892
0.136793
0.146336
0.030629
-0.087182
-0.107934
-0.083068
-0.035683
-0.008109
-0.050635
-0.088084
-0.084508
-0.070484
-0.036522
-0.031326
-0.069667
-0.071780
-0.043826
0.014617
0.057071
0.050249
0.000764
-0.005677
0.018809
0.108972
0.213792
0.357056
0.313327
0.077563
-0.129405
-0.280371
-0.203181
-0.031694
0.117212
0.134960
0.071889
-0.076581
-0.102366
-0.091099
-0.038727
-0.005391
-0.022729
-0.084050
-0.084866
-0.080022
-0.051462
-0.034978
-0.065422
-0.077288
-0.048137
0.004759
0.049884
0.050528
0.005944
-0.010451
0.011144
0.087283
0.200211
0.345336
0.350527
0.114983
-0.100500
-0.277544
-0.225077
-0.056173
0.113463
0.142713
0.090966
-0.065337
-0.106619
-0.097362
-0.044072
-0.009320
-0.018823
-0.087845
-0.089426
-0.085639
-0.049113
-0.028365
-0.053995
-0.091110
-0.062394
-0.019227
0.052267
0.062136
0.026920
-0.020517
-0.000443
0.045456
0.164180
0.274227
0.386746
0.207089
-0.008791
-0.226245
-0.264510
-0.141158
0.053565
0.135397
0.129887
0.002448
-0.098321
-0.104384
-0.073229
-0.026957
-0.010509
-0.059045
-0.092211
-0.080756
-0.064718
-0.032665
-0.041370
-0.085759
-0.076968
-0.033735
0.035970
0.068700
0.046493
-0.018903
-0.017200
0.017611
0.136104
0.267069
0.398582
0.265596
0.019451
-0.201974
-0.290062
-0.167084
0.024803
0.142047
0.134867
0.026041
-0.100094
-0.104253
-0.076875
-0.024123
-0.005669
-0.049595
-0.093792
-0.081776
-0.066433
-0.035071
-0.036717
-0.078811
-0.082756
-0.044536
0.015176
0.058902
0.044798
-0.006808
-0.017630
0.012403
0.100068
0.212402
0.350387
0.342898
0.107388
-0.104344
-0.277148
-0.220724
-0.062766
0.102424
0.131744
0.089275
-0.057725
-0.095371
-0.096209
-0.046465
-0.015925
-0.020156
-0.081314
-0.082307
-0.082242
-0.049771
-0.031642
-0.054294
-0.086064
-0.062222
-0.020457
0.042873
0.054154
0.021260
-0.016962
0.002891
0.047400
0.161141
0.272697
0.387107
0.213825
0.002237
-0.215314
-0.263383
-0.148049
0.038917
0.120961
0.127259
0.008946
-0.088779
-0.097752
-0.074914
-0.031608
-0.009343
-0.054662
-0.084614
-0.080160
-0.069120
-0.039222
-0.039937
-0.080634
-0.073843
-0.038037
0.023692
0.063278
0.047490
-0.012301
-0.018264
0.007906
0.104996
0.214295
0.349776
0.335039
0.104306
-0.112067
-0.275009
-0.220077
-0.053921
0.104099
0.134414
0.079069
-0.064334
-0.103591
-0.090145
-0.041017
-0.006447
-0.020884
-0.081801
-0.087752
-0.082833
-0.051189
-0.030572
-0.058081
-0.086084
-0.056683
-0.009475
0.051958
0.057840
0.013839
-0.027165
-0.008828
0.053571
0.177545
0.309803
0.400379
0.195131
-0.033770
-0.249668
-0.272268
-0.124147
0.067749
0.141580
0.126247
-0.013326
-0.105178
-0.101664
-0.068432
-0.018640
-0.008318
-0.064115
-0.085908
-0.078087
-0.061270
-0.030688
-0.044383
-0.088912
-0.075843
-0.033382
0.033983
0.066954
0.036692
-0.023541
-0.019358
0.012022
0.124964
0.237401
0.373200
0.314658
0.074749
-0.142757
-0.278337
-0.204426
-0.029412
0.113500
0.133897
0.069334
-0.071027
-0.097517
-0.089895
-0.041897
-0.013711
-0.031804
-0.084551
-0.081992
-0.075484
-0.047591
-0.035357
-0.070548
-0.086950
-0.053752
0.000620
0.059725
0.060496
0.009994
-0.024063
-0.006089
0.060626
0.181854
0.314003
0.388602
0.180076
-0.044162
-0.256426
-0.261077
-0.118011
0.075607
0.137071
0.119129
-0.024953
-0.102098
-0.102389
-0.059551
-0.015220
-0.009904
-0.069621
-0.091719
-0.083802
-0.060572
-0.033138
-0.048345
-0.087644
-0.070404
-0.030008
0.036530
0.060595
0.033442
-0.022714
-0.011653
0.025380
0.143916
0.251010
0.397562
0.280783
0.045761
-0.181345
-0.292757
-0.194345
-0.002407
0.126659
0.143271
0.055259
-0.084930
-0.102062
-0.092603
-0.040926
-0.011912
-0.041605
-0.090133
-0.078863
-0.074681
-0.040828
-0.035924
-0.076434
-0.086409
-0.047177
0.011136
0.063332
0.055608
-0.004662
-0.025478
-0.000160
0.087217
0.207836
0.345639
0.368599
0.128180
-0.089254
-0.280120
-0.240342
-0.081483
0.097494
0.136990
0.101900
-0.052915
-0.103889
-0.099032
-0.053296
-0.012770
-0.017597
-0.076972
-0.083571
-0.080322
-0.055522
-0.031689
-0.055417
-0.090602
-0.065534
-0.021725
0.047158
0.060510
0.024071
-0.026812
-0.008233
0.036400
0.150419
0.262572
0.390899
0.245021
0.023344
-0.199185
-0.272094
-0.164502
0.023918
0.121583
0.130831
0.019457
-0.091578
-0.102896
-0.075467
-0.024197
-0.003422
-0.050011
-0.086736
-0.080069
-0.068027
-0.037084
-0.040970
-0.086973
-0.087473
-0.047597
0.014980
0.061531
0.044994
-0.010917
-0.025020
0.004618
0.093680
0.210119
0.341591
0.365310
0.135612
-0.082710
-0.271095
-0.242330
-0.086348
0.090750
0.138535
0.105528
-0.043430
-0.102822
-0.102680
-0.059203
-0.015127
-0.015023
-0.073407
-0.083096
-0.080075
-0.056551
-0.031538
-0.055710
-0.086372
-0.062576
-0.017379
0.043595
0.059063
0.017482
-0.024489
-0.003222
0.044529
0.161488
0.289888
0.403294
0.224351
-0.002315
-0.230168
-0.276274
-0.147956
0.043948
0.132488
0.132367
0.003469
-0.095600
-0.099082
-0.069953
-0.019295
-0.008906
-0.062999
-0.091707
-0.078137
-0.059472
-0.025063
-0.041649
-0.087780
-0.083697
-0.042140
0.020996
0.064410
0.041551
-0.013450
-0.022964
0.008792
0.103682
0.214112
0.347087
0.349456
0.121574
-0.091724
-0.263911
-0.230099
-0.072562
0.086847
0.129462
0.094053
-0.048165
-0.099247
-0.094457
-0.051984
-0.010955
-0.016969
-0.072062
-0.080900
-0.076997
-0.054987
-0.033141
-0.059883
-0.086354
-0.055806
-0.012363
0.046161
0.055531
0.014716
-0.032574
-0.011178
0.039563
0.149971
0.250769
0.374837
0.265748
0.042809
-0.161529
-0.266564
-0.180380
-0.006014
0.109190
0.132842
0.047473
-0.075969
-0.099396
-0.086948
-0.040125
-0.007012
-0.037643
-0.076978
-0.073646
-0.067549
-0.045917
-0.044342
-0.085239
-0.086725
-0.046880
0.013875
0.061792
0.048694
-0.009479
-0.028028
0.001069
0.087930
0.206062
0.343241
0.367873
0.150544
-0.073027
-0.256684
-0.243153
-0.091146
0.078378
0.134722
0.105961
-0.032877
-0.098042
-0.100119
-0.058465
-0.016879
-0.014457
-0.068061
-0.080439
-0.076465
-0.056025
-0.034934
-0.054454
-0.087519
-0.067161
-0.026037
0.035802
0.055908
0.026802
-0.025331
-0.013923
0.026819
0.134047
0.235891
0.368151
0.294542
0.073072
-0.139461
-0.263023
-0.193166
-0.028130
0.102601
0.125237
0.061070
-0.069886
-0.093172
-0.086236
-0.039268
-0.012793
-0.031968
-0.081381
-0.073168
-0.071790
-0.047183
-0.038599
-0.072775
-0.088117
-0.049164
-0.000479
0.056300
0.053001
0.000756
-0.037738
-0.013551
0.050199
0.172853
0.278868
0.386716
0.234206
0.009621
-0.200338
-0.270521
-0.161469
0.023208
0.122823
0.129902
0.023944
-0.089400
-0.100272
-0.078246
-0.027974
-0.006626
-0.046732
-0.085847
-0.078978
-0.071067
-0.040643
-0.044317
-0.084075
-0.081047
-0.042454
0.021316
0.063884
0.044174
-0.013380
-0.028656
0.001966
0.104094
0.222400
0.360368
0.345552
0.111224
-0.106006
-0.268373
-0.223370
-0.062849
0.095284
0.129663
0.086299
-0.055286
-0.098034
-0.090665
-0.047566
-0.015155
-0.024131
-0.078765
-0.079419
-0.075029
-0.054277
-0.044501
-0.068615
-0.094429
-0.055015
-0.006381
0.052529
0.053839
0.008744
-0.038784
-0.014176
0.041759
0.157674
0.260871
0.378788
0.262583
0.033892
-0.172284
-0.272590
-0.179424
-0.003252
0.113966
0.129224
0.044267
-0.080155
-0.100692
-0.087085
-0.041484
-0.010652
-0.036839
-0.076527
-0.073029
-0.072487
-0.050852
-0.044341
-0.079817
-0.079719
-0.041938
0.016625
0.062176
0.048679
-0.012283
-0.030521
-0.005128
0.084910
0.209557
0.351184
0.363959
0.136999
-0.085200
-0.269223
-0.235107
-0.082306
0.089913
0.137601
0.099501
-0.047495
-0.100223
-0.100058
-0.056027
-0.015569
-0.020855
-0.074387
-0.077613
-0.070642
-0.047017
-0.032620
-0.063357
-0.097649
-0.069378
-0.021463
0.050531
0.062235
0.019538
-0.031625
-0.016570
0.026495
0.139353
0.243845
0.381803
0.291536
0.061556
-0.154775
-0.271634
-0.198038
-0.022943
0.106782
0.133785
0.060354
-0.070073
-0.095736
-0.086311
-0.040957
-0.013889
-0.036013
-0.084305
-0.078993
-0.075453
-0.046050
-0.035782
-0.068890
-0.083219
-0.048546
0.002547
0.058798
0.056502
0.002438
-0.026298
-0.005598
0.066683
0.184750
0.327197
0.384088
0.169981
-0.052504
-0.259220
-0.253976
-0.106957
0.074076
0.138094
0.118337
-0.028071
-0.098078
-0.101619
-0.063778
-0.017432
-0.014120
-0.068561
-0.080894
-0.079005
-0.057829
-0.035553
-0.052524
-0.089508
-0.065627
-0.028293
0.040088
0.059930
0.027706
-0.029294
-0.020034
0.025892
0.133775
0.232342
0.371859
0.307545
0.075340
-0.133587
-0.274089
-0.209292
-0.035697
0.104519
0.132549
0.074221
-0.071111
-0.100643
-0.092732
-0.045187
-0.009052
-0.026219
-0.081081
-0.077910
-0.072307
-0.045567
-0.027951
-0.066404
-0.086587
-0.058057
-0.007597
0.051275
0.058554
0.008013
-0.026076
-0.007527
0.060491
0.181662
0.321389
0.389750
0.177487
-0.042160
-0.247266
-0.253735
-0.110534
0.069159
0.131547
0.116981
-0.024344
-0.100325
-0.098487
-0.063350
-0.018755
-0.009823
-0.068062
-0.082315
-0.076328
-0.059049
-0.033237
-0.048572
-0.092521
-0.073827
-0.030114
0.039940
0.070514
0.037936
-0.025017
-0.025396
0.006992
0.120359
0.242363
0.378701
0.305713
0.070761
-0.145922
-0.272985
-0.195278
-0.027381
0.109896
0.131431
0.060648
-0.070990
-0.099207
-0.088651
-0.041938
-0.014273
-0.034382
-0.081250
-0.077179
-0.074166
-0.048318
-0.041034
-0.071354
-0.088127
-0.046568
0.005009
0.062352
0.056616
0.003362
-0.034894
-0.007768
0.062297
0.175458
0.297240
0.391830
0.196073
-0.019351
-0.237336
-0.269430
-0.137470
0.053482
0.134489
0.132486
-0.006818
-0.098481
-0.104688
-0.074490
-0.026316
-0.010417
-0.061286
-0.081755
-0.078100
-0.063246
-0.033414
-0.048752
-0.085720
-0.072686
-0.028157
0.037766
0.069847
0.038513
-0.016779
-0.019687
0.018058
0.131799
0.256230
0.396330
0.271549
0.039797
-0.186567
-0.280283
-0.173582
0.015173
0.128344
0.138140
0.032142
-0.093349
-0.106207
-0.087144
-0.031176
-0.006583
-0.042621
-0.085139
-0.078606
-0.072910
-0.038017
-0.040055
-0.079170
-0.083484
-0.040046
0.021226
0.071002
0.050661
-0.009807
-0.027898
-0.000742
0.091158
0.199295
