-0.269348
-0.164154
-0.039753
0.058851
0.061488
-0.050149
-0.177127
-0.261796
-0.276642
-0.239711
-0.155298
-0.098562
-0.071114
-0.058470
-0.017468
0.017970
0.040529
0.043641
0.025131
-0.013802
-0.021901
-0.018111
-0.029614
-0.008563
0.048709
0.113518
0.132073
0.122989
0.081366
0.061011
0.038446
0.066260
0.126337
0.185861
0.207268
0.214803
0.174716
0.136438
0.145386
0.163425
0.149304
0.109055
0.024432
-0.104898
-0.233783
-0.291591
-0.259470
-0.165046
-0.071401
0.006764
0.000673
-0.074591
-0.164706
-0.202940
-0.217945
-0.189442
-0.146757
-0.111540
-0.093958
-0.069974
-0.049289
-0.022043
0.011062
0.038916
0.021786
0.001578
-0.014906
-0.018815
-0.017811
0.049672
0.092639
0.104983
0.095775
0.077515
0.046024
0.031892
0.057517
0.083615
0.137940
0.159059
0.214118
0.204883
0.193163
0.148429
0.178143
0.156778
0.152864
0.088143
0.001213
-0.098476
-0.182450
-0.240578
-0.221206
-0.132395
-0.080424
-0.026229
-0.026797
-0.080653
-0.161206
-0.175760
-0.181325
-0.181343
-0.156490
-0.121097
-0.106546
-0.099932
-0.043201
0.006207
0.033700
0.031323
0.019455
-0.023574
-0.034702
0.001445
0.018487
0.025747
0.046804
0.085087
0.077269
0.077405
0.092159
0.095815
0.070006
0.066047
0.096130
0.104708
0.154127
0.205625
0.234206
0.180278
0.165500
0.153643
0.145150
0.113522
0.054933
-0.040477
-0.150015
-0.227490
-0.261579
-0.205449
-0.133967
-0.041059
-0.009489
-0.012052
-0.075170
-0.126845
-0.174999
-0.194632
-0.195451
-0.171532
-0.123614
-0.079857
-0.037661
-0.004616
0.020723
0.020520
0.018064
0.004311
-0.014857
-0.006430
0.017790
0.033858
0.040805
0.039993
0.020617
0.062168
0.115643
0.134877
0.099337
0.085660
0.034936
0.049942
0.126915
0.226556
0.226610
0.211259
0.161242
0.135371
0.111473
0.124961
0.110571
0.056993
-0.062389
-0.197570
-0.274261
-0.278689
-0.191829
-0.077834
0.024336
0.036495
-0.007077
-0.101179
-0.172936
-0.220606
-0.214466
-0.175295
-0.120820
-0.089611
-0.064844
-0.026509
0.006145
0.041315
0.056121
0.039812
-0.009725
-0.030752
-0.031300
-0.006557
0.024354
0.056145
0.089518
0.100945
0.090643
0.084755
0.064517
0.032088
0.052379
0.101607
0.138941
0.171274
0.210137
0.200207
0.153146
0.131252
0.134445
0.140041
0.132647
0.084837
-0.006333
-0.121600
-0.192364
-0.221442
-0.192929
-0.134122
-0.062485
-0.036746
-0.036917
-0.069603
-0.105291
-0.141637
-0.169513
-0.175561
-0.155959
-0.124803
-0.099834
-0.057722
-0.024660
0.019861
0.044993
0.049993
0.015309
-0.019074
-0.048674
-0.032087
0.026823
0.080467
0.100879
0.092479
0.071637
0.055786
0.052022
0.036142
0.060011
0.105178
0.132235
0.141540
0.170865
0.175613
0.162299
0.165071
0.178315
0.147297
0.116220
0.074911
0.027950
-0.068410
-0.137056
-0.178807
-0.167601
-0.149424
-0.080515
-0.044368
-0.033930
-0.057322
-0.081173
-0.134069
-0.177265
-0.183768
-0.168894
-0.136474
-0.093168
-0.043668
-0.024165
0.004054
0.021313
0.022637
-0.002606
-0.020982
-0.022961
-0.027266
0.010868
0.038919
0.065208
0.065382
0.109042
0.107214
0.092467
0.069625
0.060668
0.022796
0.038397
0.104101
0.171628
0.196159
0.196836
0.176590
0.134095
0.135516
0.159856
0.161840
0.101094
0.018413
-0.103772
-0.215088
-0.255810
-0.198399
-0.123938
-0.048954
0.004140
0.005964
-0.050786
-0.111720
-0.158407
-0.187658
-0.190744
-0.165403
-0.127529
-0.084349
-0.045217
-0.019083
-0.003566
0.015119
0.023028
0.019834
0.009906
-0.010947
-0.021928
-0.007685
0.033590
0.084772
0.107838
0.082090
0.053812
0.028288
0.032245
0.045418
0.095251
0.112963
0.131724
0.161693
0.194663
0.193114
0.166405
0.135935
0.095627
0.085352
0.086003
0.105430
0.042153
-0.043765
-0.162697
-0.230120
-0.250398
-0.169666
-0.089918
-0.021923
-0.004803
-0.035592
-0.102988
-0.164825
-0.191919
-0.188548
-0.143486
-0.102244
-0.070872
-0.069930
-0.056137
-0.033940
0.000870
0.030430
0.050536
0.034244
-0.000411
-0.025728
-0.030063
0.003757
0.052604
0.089400
0.094188
0.081173
0.059162
0.031133
0.029105
0.073896
0.133066
0.152290
0.159032
0.158965
0.135404
0.122876
0.153260
0.176948
0.155228
0.105869
0.022486
-0.095986
-0.188916
-0.217617
-0.203195
-0.164835
-0.098838
-0.048801
-0.036331
-0.052954
-0.075284
-0.123814
-0.175738
-0.207027
-0.197367
-0.166456
-0.108093
-0.047030
-0.012646
0.000021
0.011777
0.003445
0.008016
0.001812
0.004109
-0.024125
-0.040735
-0.042605
0.012286
0.061692
0.109457
0.124431
0.096990
0.034740
0.007218
0.036107
0.068540
0.127915
0.173193
0.188189
0.143413
0.121317
0.113871
0.112222
0.115088
0.142571
0.130592
0.048365
-0.068565
-0.177005
-0.249567
-0.258164
-0.182086
-0.097852
-0.033454
-0.009607
-0.033332
-0.107769
-0.154060
-0.165259
-0.178032
-0.178430
-0.142328
-0.113207
-0.087386
-0.032690
0.022570
0.036919
0.033928
0.023487
-0.018709
-0.058588
-0.053566
-0.021325
0.006298
0.063216
0.115932
0.125693
0.094034
0.060818
0.025747
0.013083
0.052477
0.096314
0.119319
0.145141
0.175534
0.171346
0.154107
0.160121
0.171720
0.150419
0.094087
0.025663
-0.076184
-0.170229
-0.227610
-0.211153
-0.171043
-0.099465
-0.035313
0.003216
-0.021442
-0.072303
-0.134368
-0.189440
-0.207781
-0.187822
-0.151460
-0.112424
-0.064791
-0.029667
0.005277
0.025134
0.029154
0.016642
0.009152
0.000822
-0.025902
-0.021178
0.008589
0.056572
0.068344
0.091868
0.066399
0.039684
0.035648
0.075068
0.092989
0.116877
0.132495
0.156446
0.156253
0.156913
0.153660
0.144427
0.109575
0.109249
0.134631
0.113949
0.046548
-0.040504
-0.138136
-0.221748
-0.229610
-0.179428
-0.105836
-0.046177
-0.002195
-0.023684
-0.082295
-0.143542
-0.170432
-0.183841
-0.161952
-0.123697
-0.095041
-0.072022
-0.033315
0.002977
0.034180
0.048449
0.043236
0.009374
-0.006121
-0.005663
-0.006567
-0.006955
0.032327
0.090630
0.113402
0.111100
0.076810
0.047255
0.018609
0.056995
0.096960
0.141384
0.173798
0.195901
0.181772
0.152160
0.131496
0.114968
0.127198
0.128382
0.113295
0.029983
-0.078698
-0.196794
-0.236442
-0.211765
-0.136437
-0.050988
0.003651
-0.000716
-0.058826
-0.121453
-0.168029
-0.161783
-0.159076
-0.140834
-0.126773
-0.090339
-0.058910
-0.000157
0.033071
0.044503
0.029688
0.016132
-0.005489
-0.033537
-0.031930
0.006897
0.050151
0.080453
0.132383
0.122397
0.084682
0.062527
0.059222
0.028826
0.056464
0.116684
0.159583
0.176910
0.194993
0.174200
0.134094
0.143044
0.174212
0.159617
0.092141
0.020354
-0.097454
-0.193609
-0.223296
-0.174528
-0.124189
-0.054317
-0.007621
0.003610
-0.053946
-0.113348
-0.162968
-0.178788
-0.172799
-0.137344
-0.117431
-0.090931
-0.049051
-0.009003
0.007086
0.015269
0.011999
-0.007619
-0.023247
-0.025116
-0.011647
0.027094
0.063191
0.097013
0.096349
0.069536
0.047439
0.044568
0.029964
0.052582
0.095349
0.119427
0.129217
0.168330
0.176419
0.164182
0.151419
0.150645
0.160498
0.140818
0.092899
0.040199
-0.034536
-0.130116
-0.165340
-0.164499
-0.158015
-0.114492
-0.048011
-0.024302
-0.037074
-0.065199
-0.116070
-0.173025
-0.195028
-0.169657
-0.125918
-0.077670
-0.046784
-0.035575
-0.030234
-0.017748
-0.006071
0.003992
0.027507
0.037838
0.016846
-0.006952
-0.008113
-0.001741
0.021337
0.067473
0.110490
0.121902
0.108221
0.064995
0.022130
0.007111
0.067171
0.138523
0.212343
0.230030
0.197963
0.128546
0.092962
0.081183
0.126670
0.129231
0.061719
-0.067514
-0.169701
-0.242032
-0.236273
-0.147254
-0.040890
0.015022
0.006936
-0.046142
-0.134460
-0.194058
-0.196642
-0.152476
-0.136860
-0.112076
-0.079636
-0.060817
-0.064350
-0.029788
0.004414
0.022142
0.031796
0.032081
-0.014642
-0.036920
-0.013285
0.027883
0.047196
0.078230
0.070477
0.035008
0.036611
0.086745
0.082891
0.084638
0.092945
0.090263
0.080957
0.152212
0.196145
0.173141
0.125999
0.121564
0.096665
0.089286
0.100806
0.048602
-0.089452
-0.198303
-0.231040
-0.227667
-0.160845
-0.046317
0.020027
-0.014551
-0.067949
-0.125750
-0.186857
-0.201668
-0.154885
-0.117093
-0.114047
-0.090682
-0.067407
-0.045420
-0.006758
0.041009
0.036763
0.002980
-0.024241
-0.030046
-0.034868
-0.003051
0.043474
0.082192
0.078331
0.066025
0.055373
0.036368
0.011000
0.039958
0.092945
0.117031
0.139035
0.169010
0.166866
0.120324
0.100408
0.087506
0.122251
0.131680
0.106252
0.012233
-0.074611
-0.150430
-0.150359
-0.128959
-0.085818
-0.066114
-0.064348
-0.091595
-0.122194
-0.145919
-0.144637
-0.119252
-0.114444
-0.115787
-0.112662
-0.097690
-0.094994
-0.056180
-0.008299
0.018897
0.020710
0.018858
-0.001248
-0.041202
-0.041639
-0.005985
0.033553
0.044811
0.078146
0.083446
0.083043
0.058706
0.048540
0.025724
0.031960
0.072626
0.121725
0.160504
0.182500
0.184604
0.141288
0.110474
0.087856
0.112959
0.126180
0.108885
0.008394
-0.084170
-0.155138
-0.177491
-0.169453
-0.111402
-0.073826
-0.061301
-0.067910
-0.087863
-0.127332
-0.139833
-0.119559
-0.112115
-0.115857
-0.103128
-0.094544
-0.090897
-0.052102
-0.002765
0.022856
0.033834
0.038714
0.007615
-0.026867
-0.027343
0.002808
0.026498
0.050025
0.067499
0.068958
0.072738
0.073023
0.062712
0.050004
0.056090
0.084125
0.133759
0.187101
0.198427
0.163258
0.116017
0.084741
0.064040
0.106081
0.147828
0.122916
0.008174
-0.100009
-0.192220
-0.230969
-0.195836
-0.108847
-0.036227
-0.014921
-0.040327
-0.095393
-0.129991
-0.149887
-0.147703
-0.134613
-0.104782
-0.083049
-0.074051
-0.060929
-0.026809
0.012921
0.026503
0.034460
0.017867
0.000929
-0.006551
0.011410
0.022456
0.039491
0.048049
0.061907
0.076188
0.097846
0.091225
0.067573
0.055678
0.062388
0.100263
0.150552
0.197164
0.188010
0.146991
0.113865
0.102416
0.111389
0.152382
0.138294
0.021669
-0.107917
-0.205264
-0.249124
-0.211994
-0.099063
-0.019919
0.006623
-0.014383
-0.063370
-0.137255
-0.164168
-0.155322
-0.140205
-0.129649
-0.096827
-0.077523
-0.061294
-0.019947
0.018861
0.023802
0.029052
0.027876
0.007291
0.001383
-0.004879
-0.003199
-0.002845
0.051409
0.096535
0.121208
0.092401
0.077984
0.027439
0.021253
0.050211
0.128613
0.178478
0.214375
0.195608
0.142801
0.103974
0.116037
0.145229
0.149177
0.118841
0.035155
-0.088297
-0.196878
-0.224450
-0.190147
-0.119957
-0.037484
0.004681
-0.012233
-0.071340
-0.115033
-0.151861
-0.161292
-0.166817
-0.132658
-0.109049
-0.091974
-0.076179
-0.030950
0.007615
0.034103
0.043118
0.026244
-0.003502
-0.031735
-0.024961
-0.006132
0.036143
0.068956
0.102054
0.088185
0.081877
0.046286
0.034245
0.041995
0.091309
0.115575
0.145141
0.166486
0.171205
0.163432
0.157795
0.165916
0.147498
0.137582
0.107890
0.061134
-0.049534
-0.140644
-0.208335
-0.228533
-0.211483
-0.131554
-0.051530
-0.004506
-0.001901
-0.048221
-0.112949
-0.178182
-0.200922
-0.195801
-0.150638
-0.104659
-0.067972
-0.042055
-0.000482
0.035067
0.053768
0.043499
0.020860
-0.010258
-0.048754
-0.058070
-0.020224
0.051754
0.100517
0.136401
0.124747
0.082709
0.022922
0.030874
0.066019
0.109475
0.135424
0.154314
0.163809
0.145024
0.138533
0.157385
0.180119
0.170649
0.147167
0.059618
-0.065546
-0.181655
-0.230733
-0.228313
-0.181414
-0.110488
-0.046752
-0.010959
-0.016646
-0.052108
-0.104892
-0.159049
-0.203638
-0.217170
-0.182965
-0.122929
-0.060145
-0.021126
0.011369
0.018288
0.020702
0.012555
0.003236
-0.020705
-0.032555
-0.024930
0.015392
0.049554
0.082279
0.097329
0.090895
0.058615
0.057294
0.055094
0.039557
0.057407
0.118106
0.156235
0.171602
0.194605
0.177434
0.150873
0.165643
0.175679
0.124730
0.063826
-0.000360
-0.117891
-0.235303
-0.269078
-0.231962
-0.174157
-0.073184
0.016965
0.031951
-0.025758
-0.091409
-0.175124
-0.240912
-0.231098
-0.175619
-0.136982
-0.092920
-0.033350
-0.011412
-0.001069
0.023155
0.033386
0.005914
-0.011000
-0.025237
-0.045492
-0.023330
0.052771
0.115278
0.116602
0.100155
0.068960
0.009998
-0.016485
0.027171
0.095515
0.138239
0.173858
0.180434
0.154991
0.141109
0.157267
0.178279
0.178723
0.147560
0.056775
-0.029274
-0.103567
-0.164903
-0.207724
-0.190615
-0.157681
-0.117920
-0.067926
-0.023244
-0.026132
-0.068895
-0.117021
-0.183099
-0.235839
-0.235429
-0.161545
-0.100089
-0.053818
-0.010416
0.023612
0.007239
-0.006633
-0.011386
-0.008506
-0.019794
-0.014498
-0.006534
0.014202
0.041474
0.083574
0.099811
0.094538
0.069765
0.040706
0.009774
0.027056
0.077771
0.134022
0.167843
0.207817
0.202693
0.162800
0.134844
0.146829
0.155321
0.104926
0.038107
-0.045719
-0.136778
-0.213253
-0.212883
-0.185803
-0.130945
-0.070264
-0.021179
-0.033347
-0.070832
-0.119860
-0.177062
-0.204318
-0.198358
-0.163294
-0.124170
-0.069295
-0.038053
-0.010388
0.001064
0.019016
0.007826
-0.010578
-0.012294
-0.001621
-0.003203
0.001532
0.017264
0.052105
0.086977
0.113051
0.089295
0.060250
0.022535
0.027346
0.057037
0.107366
0.131296
0.182093
0.205742
0.178252
0.134110
0.131705
0.142453
0.129814
0.121553
0.070626
-0.023473
-0.159596
-0.235659
-0.269986
-0.226854
-0.148851
-0.040775
0.008964
0.004351
-0.049300
-0.126706
-0.194554
-0.214121
-0.182032
-0.156094
-0.110174
-0.065079
-0.020651
-0.011987
0.023021
0.035345
0.021052
0.003414
-0.017065
-0.038375
-0.021480
0.024252
0.044907
0.071470
0.093092
0.103913
0.091704
0.079323
0.045193
0.030953
0.061027
0.136386
0.169405
0.187301
0.178384
0.158932
0.116863
0.140896
0.166922
0.168316
0.102849
0.029683
-0.109636
-0.224697
-0.267255
-0.216534
-0.154954
-0.073123
0.001140
0.014243
-0.030856
-0.090414
-0.142943
-0.197990
-0.209684
-0.178858
-0.129195
-0.083060
-0.038821
-0.006577
0.012929
0.036892
0.031799
0.014528
-0.016502
-0.029929
-0.024524
-0.011196
0.032667
0.080062
0.104018
0.087960
0.094631
0.067768
0.058802
0.053706
0.079702
0.094970
0.132890
0.164099
0.180846
0.181212
0.161445
0.150340
0.149320
0.164281
0.125378
0.065023
-0.049784
-0.155131
-0.239189
-0.231152
-0.185211
-0.105746
-0.031686
0.008187
-0.011025
-0.063142
-0.113668
-0.165215
-0.188537
-0.183383
-0.151332
-0.120627
-0.067244
-0.021212
0.019026
0.029900
0.026980
0.009795
0.007557
0.013677
-0.001144
-0.001452
0.009554
0.024895
0.041454
0.082860
0.119135
0.118297
0.089832
0.063170
0.051247
0.046042
0.091653
0.150399
0.195051
0.193727
0.188321
0.166357
0.144520
0.117505
0.115335
0.096787
0.036168
-0.059076
-0.144079
-0.208225
-0.228078
-0.186936
-0.107308
-0.034642
0.006793
-0.011482
-0.074849
-0.144542
-0.178673
-0.183046
-0.163519
-0.129260
-0.090567
-0.066072
-0.032510
0.009241
0.047260
0.064974
0.058703
0.018765
-0.037318
-0.053173
-0.023375
0.028344
0.063415
0.094781
0.100355
0.087143
0.053883
0.052724
0.058397
0.072378
0.106602
0.149234
0.161383
0.148580
0.132299
0.135920
0.176169
0.206540
0.180961
0.096103
0.003073
-0.092953
-0.166378
-0.184607
-0.143800
-0.102707
-0.077060
-0.053564
-0.043860
-0.058939
-0.077360
-0.102880
-0.147552
-0.188329
-0.184671
-0.151800
-0.104840
-0.045549
0.001443
0.007911
0.001279
0.006303
0.007473
-0.005034
-0.008150
0.002285
0.005688
0.020829
0.051409
0.077506
0.066990
0.060986
0.085195
0.069642
0.040317
0.045970
0.071223
0.064606
0.121370
0.200807
0.230612
0.170528
0.145069
0.122718
0.117072
0.128059
0.135541
0.052570
-0.075366
-0.161410
-0.209391
-0.209317
-0.153742
-0.055996
-0.021546
-0.021524
-0.053393
-0.094513
-0.165396
-0.186583
-0.161677
-0.122161
-0.099254
-0.070474
-0.059919
-0.060315
-0.038298
0.001960
0.031518
0.041515
0.023557
-0.012472
-0.035162
-0.023796
0.025724
0.074501
0.099691
0.101767
0.070828
0.029591
0.023303
0.063067
0.081515
0.094587
0.122332
0.145485
0.137621
0.163861
0.181026
0.163805
0.126338
0.121633
0.117006
0.079351
0.017109
-0.069759
-0.152890
-0.212584
-0.197827
-0.148147
-0.066714
-0.017703
-0.001785
-0.054849
-0.115382
-0.171300
-0.187494
-0.166414
-0.122910
-0.090389
-0.083519
-0.060088
-0.034888
0.005973
0.027600
0.042995
0.022329
0.000667
-0.027273
-0.031612
-0.027959
0.004037
0.063309
0.110148
0.113636
0.094110
0.065028
0.008740
0.003755
0.047022
0.114910
0.134528
0.179047
0.181275
0.165690
0.132673
0.159345
0.169826
0.150603
0.084485
0.014861
-0.097639
-0.174010
-0.176764
-0.138763
-0.109972
-0.069102
-0.046749
-0.059922
-0.083431
-0.100060
-0.129356
-0.158115
-0.163412
-0.149545
-0.129600
-0.102866
-0.075522
-0.037865
-0.002052
0.024659
0.021065
0.007641
-0.011921
-0.006980
0.004916
0.015052
0.009918
0.031817
0.050625
0.066957
0.071634
0.061890
0.059162
0.065330
0.072505
0.067872
0.102265
0.135115
0.171885
0.170528
0.167617
0.156915
0.167944
0.140766
0.104327
0.032312
-0.044527
-0.117452
-0.146991
-0.158561
-0.139364
-0.101676
-0.068442
-0.053498
-0.058282
-0.078290
-0.113057
-0.144785
-0.165348
-0.165772
-0.151312
-0.097839
-0.054201
-0.035273
-0.033779
-0.011182
-0.007023
-0.011070
-0.003631
0.006511
-0.006289
0.010887
0.048613
0.069390
0.044390
0.030058
0.038115
0.042901
0.049663
0.071781
0.101126
0.097367
0.106541
0.136319
0.157999
0.143303
0.132734
0.122115
0.112923
0.120122
0.160817
0.139413
0.028302
-0.095104
-0.169646
-0.219028
-0.199433
-0.127610
-0.068162
-0.055031
-0.046342
-0.062837
-0.098500
-0.130096
-0.147268
-0.165458
-0.158600
-0.122506
-0.076978
-0.060529
-0.051159
-0.026735
-0.003529
0.005743
0.026096
0.033471
0.022056
0.005735
0.017372
0.014983
0.018808
0.026758
0.038985
0.055235
0.072362
0.094754
0.082142
0.075760
0.089860
0.130195
0.138764
0.160520
0.127752
0.100591
0.096898
0.146999
0.147081
0.118720
0.034593
-0.063340
-0.150809
-0.185775
-0.166253
-0.117946
-0.075369
-0.060609
-0.061518
-0.088849
-0.108830
-0.123999
-0.122791
-0.141557
-0.151725
-0.149538
-0.116926
-0.075106
-0.023214
0.008846
0.014214
-0.007324
-0.019889
-0.022794
-0.008087
0.025197
0.041332
0.032726
0.031880
0.034602
0.040360
0.067156
0.080049
0.045690
0.036953
0.087490
0.116340
0.123207
0.155223
0.169501
0.129224
0.113626
0.122263
0.111115
0.116860
0.123215
0.057166
-0.051297
-0.127550
-0.185924
-0.208244
-0.165629
-0.088877
-0.050702
-0.035961
-0.046023
-0.086100
-0.141724
-0.159968
-0.155656
-0.150144
-0.126061
-0.087135
-0.078065
-0.067724
-0.022427
0.017939
0.027717
0.037346
0.021396
-0.019319
-0.034947
0.001397
0.025634
0.066871
0.092937
0.086557
0.025568
0.002712
0.017568
0.072177
0.121330
0.157711
0.160106
0.141294
0.116732
0.092927
0.104909
0.122187
0.164261
0.163911
0.110795
-0.019505
-0.097003
-0.138224
-0.140862
-0.133846
-0.102216
-0.098311
-0.108173
-0.095023
-0.079347
-0.075958
-0.083163
-0.094038
-0.142887
-0.171329
-0.161796
-0.111601
-0.065756
-0.008878
0.019893
0.009038
-0.015867
-0.021945
-0.006009
0.035587
0.053178
0.030733
0.023289
0.035912
0.023713
0.014555
0.066039
0.095934
0.092123
0.081851
0.098964
0.084374
0.100422
0.152965
0.195000
0.148560
0.125616
0.120059
0.124747
0.103157
0.087372
0.018158
-0.081594
-0.146527
-0.162360
-0.157138
-0.132853
-0.071856
-0.043571
-0.048083
-0.076594
-0.099599
-0.141366
-0.153231
-0.139435
-0.107749
-0.087678
-0.069719
-0.069833
-0.061583
-0.026597
0.010594
0.032659
0.043288
0.041555
0.010706
-0.000684
0.011980
0.001431
0.004052
0.036060
0.069121
0.071145
0.104632
0.098562
0.078193
0.066444
0.100106
0.116645
0.157962
0.172609
0.168115
0.139055
0.141723
0.137728
0.105406
0.031093
-0.050487
-0.118822
-0.159280
-0.149411
-0.111222
-0.080100
-0.061000
-0.051713
-0.067521
-0.096615
-0.119763
-0.137696
-0.152902
-0.143592
-0.122232
-0.110370
-0.084059
-0.032644
-0.000967
0.007784
0.014121
0.002356
-0.027850
-0.023608
0.004031
0.031775
0.043329
0.049831
0.046773
0.049208
0.060339
0.067803
0.049003
0.047126
0.073330
0.110962
0.135936
0.176277
0.179417
0.139354
0.102803
0.108003
0.103301
0.117395
0.113263
0.067929
-0.036508
-0.095901
-0.138852
-0.157852
-0.155725
-0.116529
-0.102211
-0.083840
-0.065200
-0.062615
-0.094559
-0.116101
-0.127074
-0.137259
-0.133586
-0.117613
-0.100755
-0.081952
-0.035083
0.013231
0.041469
0.047947
0.033788
0.010520
-0.012231
-0.006999
0.008601
0.046527
0.059152
0.067066
0.061662
0.047502
0.028921
0.073362
0.104535
0.121720
0.137486
0.178340
0.149502
0.120136
0.122614
0.123354
0.114421
0.108640
0.083260
-0.001471
-0.054982
-0.093915
-0.115463
-0.155578
-0.128623
-0.113828
-0.092959
-0.073408
-0.042483
-0.087017
-0.112953
-0.119185
-0.137259
-0.157125
-0.106898
-0.063171
-0.071931
-0.066144
-0.030939
-0.013514
-0.005483
0.033243
0.044887
0.023669
0.025507
0.029050
0.004414
-0.010895
0.017310
0.046730
0.085596
0.131973
0.132526
0.084370
0.056399
0.063287
0.078118
0.123069
0.171722
0.177158
0.151377
0.143891
0.147747
0.121392
0.067968
-0.005613
-0.081121
-0.147019
-0.169091
-0.167542
-0.141196
-0.095625
-0.039002
-0.022344
-0.032543
-0.072025
-0.130835
-0.173201
-0.174518
-0.150445
-0.117822
-0.079057
-0.051826
-0.032777
-0.014075
0.014345
0.036068
0.046363
0.026899
0.004437
-0.021213
-0.030703
-0.021703
0.046402
0.091854
0.107624
0.085134
0.066643
0.017896
0.037115
0.097511
0.137895
0.150286
0.178779
0.159324
0.123886
0.117218
0.141312
0.148991
0.131334
0.074929
-0.030651
-0.128171
-0.174705
-0.164602
-0.138903
-0.090974
-0.056497
-0.041795
-0.055288
-0.070860
-0.114651
-0.142006
-0.143416
-0.139911
-0.143489
-0.115647
-0.079982
-0.055277
-0.016663
0.029538
0.044992
0.030845
0.005540
-0.026860
-0.042741
-0.013215
0.022445
0.046287
0.071993
0.080899
0.054497
0.049504
0.066052
0.065172
0.068273
0.088884
0.121915
0.127328
0.155698
0.156546
0.150944
0.108985
0.131078
0.146626
0.119208
0.055883
-0.001565
-0.080044
-0.152000
-0.151516
-0.139017
-0.112465
-0.077134
-0.032500
-0.052120
-0.089023
-0.124076
-0.130131
-0.145098
-0.144262
-0.120674
-0.104938
-0.088878
-0.061173
-0.020075
-0.005094
0.025789
0.028915
0.022771
-0.006228
-0.003715
-0.007633
0.008245
0.026956
0.055948
0.045726
0.064490
0.095691
0.112174
0.075127
0.063005
0.058382
0.053198
0.088089
0.161138
0.191648
0.182455
0.177584
0.152990
0.126186
0.105452
0.088141
-0.003286
-0.087413
-0.151811
-0.175178
-0.185016
-0.116983
-0.054755
-0.018883
-0.024030
-0.040810
-0.114146
-0.169308
-0.171845
-0.144366
-0.122911
-0.090570
-0.065393
-0.065061
-0.041844
-0.004246
0.016916
0.014848
0.013093
0.003699
0.000739
0.021784
0.050240
0.049901
0.034836
0.025955
0.037696
0.057288
0.081334
0.098755
0.111582
0.103247
0.104138
0.107169
0.121727
0.141801
0.155343
0.162084
0.150222
0.145792
0.124796
0.091702
0.013684
-0.057066
-0.119391
-0.148751
-0.180537
-0.172136
-0.130146
-0.069485
-0.031539
-0.015137
-0.040962
-0.102414
-0.154154
-0.175764
-0.163594
-0.123999
-0.076019
-0.049857
-0.039963
-0.016863
0.007271
0.033332
0.043283
0.023294
-0.000702
-0.006956
0.013631
0.024942
0.040626
0.053502
0.083573
0.090410
0.112006
0.108513
0.079281
0.045434
0.073934
0.120526
0.164222
0.188590
0.188182
0.167152
0.137224
0.146673
0.139154
0.112007
0.023146
-0.054088
-0.149404
-0.200155
-0.208156
-0.144640
-0.086729
-0.033975
-0.012013
-0.019781
-0.071355
-0.115590
-0.152432
-0.173729
-0.164994
-0.127331
-0.102728
-0.078443
-0.041551
0.002880
0.028472
0.043987
0.043810
0.025982
-0.009430
-0.014715
-0.003914
0.032881
0.071814
0.092934
0.067717
0.067781
0.069022
0.068682
0.068709
0.101599
0.113431
0.133845
0.164167
0.187849
0.174570
0.171947
0.179634
0.169209
0.114475
0.051742
-0.004905
-0.074719
-0.124055
-0.140884
-0.142953
-0.145044
-0.106964
-0.071162
-0.046029
-0.044122
-0.045494
-0.090537
-0.148150
-0.189096
-0.184405
-0.164044
-0.111770
-0.055316
-0.018016
0.006556
0.035964
0.035809
0.016517
0.007891
-0.015300
-0.040575
-0.021150
0.020422
0.065205
0.096121
0.108979
0.078309
0.048737
0.043207
0.043301
0.060656
0.091729
0.148302
0.175510
0.190562
0.163340
0.146276
0.126731
0.159341
0.175561
0.141848
0.067125
-0.023614
-0.137765
-0.215984
-0.197032
-0.161905
-0.133482
-0.089116
-0.043561
-0.053787
-0.062706
-0.077180
-0.119593
-0.171331
-0.192697
-0.191407
-0.175624
-0.112321
-0.029802
0.028694
0.026026
0.007772
-0.026446
-0.047997
-0.040575
0.002636
0.015945
0.037340
0.061365
0.070535
0.044764
0.051746
0.046267
0.021042
0.030402
0.082412
0.106634
0.111656
0.155049
0.171773
0.155378
0.135878
0.138330
0.120296
0.131245
0.142313
0.089507
0.006913
-0.066662
-0.132174
-0.201641
-0.205662
-0.188649
-0.154056
-0.113755
-0.054238
-0.038968
-0.054546
-0.100270
-0.148441
-0.197343
-0.217846
-0.190692
-0.132277
-0.074242
-0.032703
-0.008862
-0.013799
-0.017943
-0.010886
-0.004372
-0.006787
-0.010567
-0.013541
-0.003025
0.020209
0.046103
0.060973
0.071013
0.056564
0.051325
0.055346
0.081167
0.091474
0.105269
0.105288
0.119118
0.125870
0.151252
0.176844
0.206244
0.165322
0.072416
-0.028001
-0.098553
-0.144191
-0.153474
-0.138953
-0.138378
-0.144869
-0.136492
-0.103332
-0.072668
-0.051157
-0.069984
-0.122444
-0.198389
-0.235981
-0.226488
-0.163848
-0.091352
-0.018102
0.010628
0.002289
-0.039739
-0.056805
-0.054376
-0.017835
0.008378
0.031477
0.023567
0.009087
-0.000836
0.030522
0.061952
0.070195
0.052683
0.039435
0.028113
0.034231
0.079757
0.134878
0.177547
0.188810
0.174183
0.128072
0.103276
0.124863
0.129028
0.072622
0.017906
-0.065786
-0.162576
-0.202033
-0.161119
-0.135724
-0.105881
-0.074662
-0.060655
-0.094179
-0.110686
-0.124214
-0.141959
-0.174340
-0.175785
-0.165713
-0.137318
-0.090265
-0.037829
-0.018011
-0.015674
-0.015796
-0.016719
-0.017166
-0.001361
0.013424
0.022454
0.011835
0.013036
0.006764
0.031775
0.055513
0.086359
0.070485
0.062874
0.039535
0.038666
0.071737
0.142569
0.178430
0.181122
0.170673
0.125871
0.096899
0.115217
0.149298
0.109588
0.037539
-0.062520
-0.146556
-0.206964
-0.199911
-0.161952
-0.112797
-0.073212
-0.052611
-0.054739
-0.077638
-0.107861
-0.150820
-0.165139
-0.152542
-0.141690
-0.136186
-0.095788
-0.047000
-0.008695
0.029121
0.043929
0.013829
-0.033271
-0.037702
-0.009322
0.014998
0.034644
0.049711
0.055301
0.055627
0.068953
0.079413
0.079920
0.068452
0.059989
0.056110
0.083279
0.117955
0.162756
0.190828
0.183536
0.151734
0.120473
0.119684
0.114665
0.083809
0.015328
-0.061221
-0.149538
-0.198874
-0.196895
-0.150842
-0.095767
-0.038926
-0.019535
-0.044502
-0.082796
-0.130775
-0.161854
-0.167954
-0.141849
-0.118010
-0.095735
-0.083923
-0.045430
0.004346
0.051305
0.073942
0.056876
0.002013
-0.039158
-0.028215
0.001815
0.030996
0.057388
0.085583
0.087599
0.063345
0.033820
0.025694
0.060465
0.118779
0.165959
0.169606
0.158433
0.123138
0.095770
0.084117
0.124285
0.177349
0.202892
0.158971
0.048515
-0.069288
-0.143300
-0.155986
-0.141552
-0.112273
-0.093757
-0.084367
-0.085861
-0.067060
-0.056911
-0.068293
-0.098144
-0.122420
-0.148977
-0.154786
-0.119812
-0.075248
-0.038421
0.001149
0.035987
0.037802
0.031387
0.023711
0.004066
-0.015645
0.007047
0.041515
0.047601
0.036620
0.047818
0.056280
0.069582
0.099185
0.114418
0.099386
0.081925
0.104067
0.119018
0.139963
0.151931
0.168788
0.142714
0.138058
0.153258
0.136493
0.065605
-0.008361
-0.070728
-0.134383
-0.150904
-0.123124
-0.088757
-0.075378
-0.044220
-0.035763
-0.060707
-0.101477
-0.125382
-0.142036
-0.144795
-0.117182
-0.092927
-0.063143
-0.032647
-0.004599
-0.010920
-0.014891
0.002292
0.022983
0.028849
0.014409
0.021735
0.037878
0.046476
0.069841
0.101425
0.064203
0.022514
0.020478
0.044934
0.060732
0.137895
0.187758
0.187754
0.147337
0.137006
0.106456
0.097444
0.110867
0.144922
0.124963
0.078907
0.023194
-0.021396
-0.057364
-0.063865
-0.056839
-0.085716
-0.112843
-0.121293
-0.107041
-0.111763
-0.092814
-0.067861
-0.064574
-0.088089
-0.090628
-0.089245
-0.091660
-0.083916
-0.060419
-0.026647
0.004805
0.027585
0.034372
0.024706
0.007479
0.018198
0.036919
0.060887
0.070366
0.047559
0.013109
0.011772
0.048370
0.076804
0.100877
0.105973
0.088665
0.091866
0.135743
0.182439
0.181590
0.155814
0.115491
0.080270
0.073535
0.085751
0.058312
0.013994
-0.030293
-0.073748
-0.120473
-0.123368
-0.099265
-0.088027
-0.074767
-0.064606
-0.068109
-0.100077
-0.119367
-0.119539
-0.103882
-0.093759
-0.075622
-0.064727
-0.052254
-0.025888
0.005327
0.018830
0.021968
0.015714
-0.003710
-0.005455
0.020384
0.041996
0.054802
0.038615
0.029884
0.027417
0.039874
0.056556
0.090592
0.104579
0.099681
0.088172
0.091108
0.111887
0.128051
0.167874
0.156051
0.140857
0.104542
0.087092
0.013809
-0.019712
-0.035381
-0.041607
-0.084685
-0.093122
-0.108984
-0.128554
-0.116542
-0.065793
-0.043543
-0.074865
-0.099122
-0.118913
-0.112971
-0.107312
-0.091040
-0.091933
-0.075564
-0.045902
-0.012896
0.006079
0.018154
0.026854
0.021399
0.013099
0.002422
0.010574
0.021566
0.034695
0.016718
0.037332
0.064492
0.090798
0.076089
0.083452
0.057668
0.059834
0.101814
0.142763
0.119622
0.110427
0.123841
0.120697
0.107204
0.093743
0.053018
-0.023591
-0.068969
-0.078004
-0.080147
-0.090148
-0.089022
-0.102633
-0.120840
-0.116159
-0.103359
-0.089387
-0.083445
-0.066022
-0.071770
-0.086211
-0.119084
-0.123604
-0.110943
-0.066906
-0.009247
0.045958
0.049820
0.030573
0.006999
-0.005280
-0.005957
0.012446
0.020080
0.008768
0.008064
0.028193
0.074408
0.093485
0.082408
0.056267
0.026596
0.020427
0.086776
0.143511
0.159934
0.144442
0.134176
0.093535
0.076534
0.052183
0.027970
-0.011107
-0.039808
-0.072469
-0.084237
-0.103000
-0.096942
-0.087760
-0.080075
-0.094701
-0.102981
-0.118372
-0.112414
-0.109406
-0.099710
-0.086377
-0.077984
-0.093077
-0.083149
-0.059792
-0.035646
-0.007645
0.033927
0.045104
0.018870
-0.005234
-0.005516
0.004591
0.012466
0.022482
0.030453
0.032479
0.055324
0.073096
0.058324
0.030561
0.037554
0.067811
0.116786
0.145622
0.143674
0.112981
0.087699
0.080031
0.078492
0.050606
0.026980
0.004908
-0.024083
-0.054015
-0.067743
-0.072263
-0.090166
-0.101504
-0.107296
-0.112924
-0.121344
-0.112005
-0.101201
-0.088961
-0.066115
-0.068504
-0.099362
-0.104001
-0.070297
-0.058529
-0.032022
-0.004304
0.015153
0.013101
0.023055
0.019089
-0.000479
-0.004616
0.021630
0.037379
0.034134
0.047641
0.045851
0.035842
0.031383
0.058263
0.071937
0.109428
0.128695
0.128557
0.094291
0.084534
0.082223
0.101722
0.117174
0.096051
0.031024
-0.025561
-0.062906
-0.082036
-0.079851
-0.053696
-0.060333
-0.095215
-0.114264
-0.114580
-0.118216
-0.106200
-0.080385
-0.063024
-0.072928
-0.093279
-0.110547
-0.111222
-0.090576
-0.041645
0.003471
0.029359
0.026787
0.009345
-0.010295
-0.001858
0.004113
0.020637
0.038550
0.036391
-0.007593
0.018382
0.046922
0.056055
0.067561
0.098701
0.072265
0.054697
0.082871
0.104333
0.117315
0.149474
0.154462
0.103823
0.090574
0.060068
0.012651
-0.029412
-0.021954
-0.039342
-0.051111
-0.076690
-0.089284
-0.108075
-0.105178
-0.102784
-0.100933
-0.095681
-0.078194
-0.077536
-0.098399
-0.091768
-0.086097
-0.098448
-0.097734
-0.055150
-0.018908
0.011691
0.018053
0.013173
0.013291
0.031049
0.012801
0.002753
0.020041
0.040463
0.044382
0.058076
0.030208
-0.003390
0.034012
0.098014
0.113065
0.102343
0.116290
0.092517
0.070956
0.092434
0.131127
0.114364
0.119245
0.110119
0.053209
-0.027348
-0.045258
-0.051045
-0.071227
-0.070851
-0.067658
-0.099171
-0.127410
-0.105333
-0.097534
-0.106429
-0.083322
-0.043750
-0.068915
-0.114922
-0.129330
-0.126172
-0.103140
-0.027642
0.029083
0.017287
0.001446
-0.002014
0.001065
0.005118
0.025479
0.018664
0.017816
0.024220
0.037182
0.022872
0.023728
0.052229
0.088396
0.094220
0.089750
0.088337
0.077635
0.085811
0.094313
0.118609
0.121351
0.141214
0.144052
0.120850
0.041781
-0.015976
-0.048391
-0.062780
-0.079006
-0.091083
-0.117440
-0.131024
-0.122838
-0.100472
-0.065151
-0.043799
-0.058980
-0.093882
-0.124505
-0.140349
-0.130777
-0.088039
-0.051461
-0.036964
-0.030710
-0.006905
-0.003534
0.001996
0.013950
0.023127
0.002618
0.020309
0.048178
0.067156
0.032720
0.001194
-0.018570
0.013760
0.054945
0.110783
0.126786
0.099393
0.066968
0.064950
0.093211
0.106192
0.135938
0.125719
0.133642
0.114381
0.087738
0.021145
-0.010999
-0.064524
-0.097128
-0.129178
-0.128517
-0.135005
-0.117290
-0.084152
-0.066263
-0.070798
-0.081318
-0.084796
-0.110240
-0.119243
-0.116113
-0.101054
-0.094970
-0.066407
-0.029412
-0.002535
0.008629
0.023224
0.016643
0.012054
0.025135
0.026025
0.000898
-0.002423
0.015494
0.015447
0.038762
0.092215
0.116503
0.078836
0.056380
0.037142
0.026044
0.056016
0.152755
0.201786
0.179540
0.137295
0.094315
0.061705
0.052083
0.054829
0.017581
-0.023035
-0.085595
-0.128390
-0.156786
-0.136782
-0.095292
-0.037711
-0.043439
-0.074097
-0.103751
-0.126163
-0.135407
-0.111752
-0.080676
-0.073568
-0.064813
-0.063224
-0.047264
-0.029319
-0.008353
0.016527
0.034836
0.012577
-0.001691
0.019265
0.021093
0.017555
0.028008
0.036050
0.029358
0.067657
0.102332
0.087093
0.057658
0.057337
0.059006
0.059560
0.108516
0.148432
0.162998
0.147653
0.139344
0.123141
0.110147
0.067312
0.003471
-0.059745
-0.089097
-0.108537
-0.110265
-0.102627
-0.100234
-0.082777
-0.063305
-0.064318
-0.085167
-0.092420
-0.101158
-0.116810
-0.120068
-0.102497
-0.091123
-0.080320
-0.032193
0.016647
0.022784
0.022804
0.021584
0.010442
0.011809
0.005508
0.000463
-0.020019
0.019949
0.050159
0.097395
0.108256
0.119727
0.037413
-0.008458
-0.012346
0.062480
0.114250
0.190933
0.207919
0.172587
0.113465
0.085558
0.076380
0.095816
0.143457
0.099320
0.012277
-0.084567
-0.119697
-0.157016
-0.122757
-0.085311
-0.053095
-0.062415
-0.065380
-0.097880
-0.119609
-0.107389
-0.078329
-0.074886
-0.096779
-0.108249
-0.115899
-0.090640
-0.031577
0.037281
0.062101
0.053016
0.021449
-0.018503
-0.022142
0.001479
0.019368
0.039138
0.082609
0.058250
0.028675
0.025228
0.062386
0.058229
0.080176
0.073189
0.085103
0.081238
0.130947
0.154498
0.156037
0.121296
0.104430
0.090531
0.089376
0.086918
0.057630
0.009099
-0.053994
-0.095297
-0.135648
-0.128566
-0.122483
-0.083277
-0.068412
-0.062705
-0.094962
-0.087807
-0.085220
-0.090071
-0.106979
-0.098218
-0.095990
-0.088249
-0.058331
-0.010583
-0.001859
0.011603
0.027012
0.042346
0.011976
0.001176
-0.020009
-0.012017
0.000858
0.050014
0.079034
0.110046
0.098587
0.062200
0.038758
0.034113
0.036706
0.052756
0.124647
0.151332
0.156787
0.124430
0.132764
0.108490
0.128308
0.103117
0.045913
-0.036798
-0.058779
-0.077328
-0.084388
-0.077943
-0.077328
-0.093212
-0.094549
-0.082460
-0.100566
-0.105999
-0.089538
-0.078464
-0.095738
-0.100570
-0.093735
-0.098134
-0.083594
-0.036561
0.007265
-0.004244
-0.004490
0.003658
0.008705
0.029494
0.040020
0.019328
-0.020249
-0.010306
0.017068
0.071273
0.093375
0.090046
0.035014
0.008017
0.010206
0.071752
0.117173
0.157649
0.161709
0.137820
0.096192
0.079945
0.086173
0.117215
0.139969
0.072005
-0.015096
-0.073046
-0.099569
-0.126355
-0.095750
-0.081243
-0.091968
-0.106077
-0.085068
-0.087463
-0.104017
-0.107392
-0.085968
-0.077378
-0.085553
-0.088486
-0.090743
-0.079021
-0.054014
-0.010950
0.016603
0.019756
0.002443
-0.010975
-0.015653
-0.002900
0.019325
0.042111
0.031096
0.020906
0.045927
0.067811
0.069424
0.054492
0.034765
0.003124
0.013917
0.077899
0.150606
0.185372
0.169673
0.125050
0.067862
0.053385
0.085657
0.118150
0.076745
0.011107
-0.058412
-0.114456
-0.137985
-0.102119
-0.092575
-0.097661
-0.099887
-0.081872
-0.080357
-0.068512
-0.073862
-0.102645
-0.134812
-0.126995
-0.112457
-0.085882
-0.044518
-0.015532
-0.025227
-0.018116
0.016524
0.022087
0.005984
0.025466
0.010568
-0.018944
-0.017873
0.013189
0.025867
0.073301
0.085856
0.070332
0.047481
0.062110
0.046896
0.036214
0.053384
0.096993
0.108638
0.111459
0.135768
0.126479
0.117653
0.122447
0.093238
0.002522
-0.037163
-0.055035
-0.084936
-0.093973
-0.077781
-0.095306
-0.110197
-0.092382
-0.090227
-0.099007
-0.087222
-0.075839
-0.102285
-0.112188
-0.090955
-0.083878
-0.093621
-0.065053
-0.034362
-0.029089
-0.013231
0.031303
0.037348
0.009825
-0.005395
-0.008857
-0.005072
0.032312
0.044303
0.026534
0.007444
0.026001
0.029626
0.058121
0.090561
0.094037
0.070053
0.085466
0.105162
0.111346
0.112970
0.113877
0.101762
0.103815
0.116892
0.075663
0.019376
-0.010597
-0.018216
-0.065801
-0.090723
-0.109956
-0.125836
-0.137253
-0.102123
-0.077753
-0.078230
-0.077544
-0.068634
-0.077562
-0.092315
-0.093030
-0.098136
-0.100376
-0.074444
-0.026690
0.009942
0.035994
0.044364
0.017992
-0.031431
-0.062085
-0.024728
0.030157
0.072553
0.063012
0.057943
0.014285
0.033087
0.045226
0.093632
0.066666
0.052722
0.021135
0.030734
0.062900
0.150273
0.199840
0.192979
0.165841
0.112274
0.070112
0.017018
-0.004193
-0.043166
-0.027937
-0.061316
-0.084583
-0.120415
-0.110744
-0.101494
-0.066561
-0.063520
-0.077441
-0.106565
-0.120789
-0.111921
-0.094412
-0.080895
-0.073117
-0.064813
-0.054067
-0.035953
-0.010851
-0.002357
0.010825
0.016172
0.027177
0.018456
0.016355
0.005222
0.033310
0.054494
0.062091
0.025319
0.024486
0.017726
0.052035
0.086956
0.111482
0.099549
0.114003
0.114613
0.104848
0.105775
0.122500
0.121843
0.131360
0.126464
0.054250
-0.019909
-0.041572
-0.037019
-0.082646
-0.109221
-0.130863
-0.147739
-0.148401
-0.097154
-0.066968
-0.055779
-0.047661
-0.045536
-0.083099
-0.109295
-0.119271
-0.130600
-0.113265
-0.044880
0.019783
0.029234
0.044035
0.049614
0.023297
-0.017109
-0.026134
-0.019210
-0.008015
0.018379
0.050570
0.077079
0.087894
0.112280
0.093631
0.059529
0.020455
0.013257
0.017907
0.085253
0.170865
0.210129
0.186070
0.140494
0.120990
0.109565
0.098301
0.054108
-0.001397
-0.091171
-0.159182
-0.202095
-0.183937
-0.122885
-0.041565
0.010895
0.014173
-0.045747
-0.124067
-0.155888
-0.162332
-0.141924
-0.110309
-0.077144
-0.078662
-0.064222
-0.022295
0.008802
0.016598
0.023669
0.039540
0.021015
0.032350
0.019172
-0.010598
-0.045471
-0.023878
0.015549
0.092765
0.126976
0.121461
0.081472
0.052384
0.020188
0.022921
0.078210
0.141160
0.177424
0.164048
0.139833
0.106618
0.108892
0.135246
0.146836
0.066056
-0.038764
-0.142691
-0.224371
-0.255134
-0.184686
-0.088619
-0.015886
0.016653
-0.004942
-0.085600
-0.151056
-0.163826
-0.153529
-0.141443
-0.124227
-0.107360
-0.088674
-0.038358
0.029369
0.074057
0.055388
0.026446
-0.011827
-0.034644
-0.049710
-0.026459
-0.008889
0.027687
0.062710
0.093939
0.072322
0.065397
0.074414
0.089507
0.066171
0.045749
0.048866
0.067541
0.120941
0.165762
0.194919
0.171790
0.165804
0.135069
0.124369
0.058138
-0.018091
-0.126934
-0.197805
-0.258624
-0.223778
-0.148155
-0.041854
0.023165
0.042429
-0.018719
-0.109854
-0.182841
-0.210858
-0.191518
-0.151998
-0.100070
-0.065844
-0.024830
-0.005549
0.021819
0.030099
0.039345
0.018944
0.004441
-0.010949
-0.023066
-0.049261
-0.035862
0.028907
0.104778
0.135282
0.131377
0.089945
0.026702
-0.003402
0.025621
0.067410
0.100880
0.147656
0.177412
0.167234
0.149501
0.154155
0.148988
0.148870
0.114338
0.043348
-0.087819
-0.185966
-0.254322
-0.242415
-0.189005
-0.071045
0.019338
0.058652
0.013090
-0.063740
-0.155881
-0.213728
-0.223704
-0.178373
-0.121884
-0.077295
-0.038010
-0.005898
0.008341
0.016927
0.033316
0.025359
0.009384
-0.008951
0.000218
-0.015655
-0.022055
-0.020096
0.033024
0.076230
0.139784
0.149992
0.127992
0.057242
0.001865
-0.016210
0.023399
0.097620
0.163031
0.212049
0.189820
0.180735
0.149668
0.159432
0.134579
0.099109
-0.012491
-0.122996
-0.230063
-0.277733
-0.246053
-0.134055
-0.008650
0.067278
0.078967
-0.006687
-0.117995
-0.210654
-0.228011
-0.216234
