-0.236573
-0.181648
-0.062284
0.051584
0.085435
0.020999
-0.088267
-0.165957
-0.159252
-0.077823
0.026363
0.095069
0.131682
0.147066
0.196885
0.295002
0.365798
0.399736
0.411030
0.402092
0.456883
0.529076
0.512393
0.316428
-0.087523
-0.499322
-0.698207
-0.568643
-0.179881
0.242622
0.477360
0.443207
0.215043
-0.041038
-0.198984
-0.217277
-0.185523
-0.147585
-0.141973
-0.123429
-0.040085
0.089496
0.207632
0.234498
0.125190
-0.058448
-0.225189
-0.293236
-0.239252
-0.121236
-0.009591
0.058691
0.069061
0.046512
0.012921
-0.020233
-0.052151
-0.115880
-0.202907
-0.254490
-0.225138
-0.120154
0.008434
0.075273
0.044603
-0.045884
-0.138757
-0.171262
-0.128025
-0.051771
0.036573
0.096579
0.140081
0.184321
0.258070
0.335178
0.377957
0.404592
0.402360
0.432840
0.512183
0.534475
0.421901
0.075501
-0.365968
-0.678019
-0.680354
-0.378183
0.069013
0.411451
0.486230
0.332462
0.058454
-0.161878
-0.232899
-0.228893
-0.186945
-0.166223
-0.166855
-0.099899
0.018508
0.162111
0.241977
0.185472
0.013574
-0.177126
-0.302686
-0.297710
-0.196106
-0.063481
0.027445
0.055256
0.041102
0.011938
-0.008690
-0.037799
-0.087484
-0.181481
-0.274869
-0.289584
-0.212630
-0.072180
0.048290
0.079198
0.017674
-0.087691
-0.166505
-0.173451
-0.113742
-0.024761
0.055333
0.117883
0.171324
0.251413
0.321507
0.360699
0.376381
0.383628
0.422133
0.498726
0.530746
0.444469
0.110090
-0.342819
-0.684382
-0.720369
-0.429664
0.028139
0.379724
0.484710
0.332207
0.063640
-0.161215
-0.238876
-0.237169
-0.192117
-0.185490
-0.190914
-0.135220
-0.014045
0.138939
0.238930
0.191396
0.031966
-0.178350
-0.313125
-0.321742
-0.223350
-0.089692
0.017715
0.049972
0.038037
0.004759
-0.024055
-0.049028
-0.094309
-0.189363
-0.283123
-0.312575
-0.234343
-0.086569
0.043982
0.070036
0.002378
-0.113631
-0.193978
-0.193266
-0.121485
-0.021856
0.067969
0.119788
0.166304
0.227351
0.295920
0.346094
0.394214
0.400199
0.429378
0.504385
0.516520
0.405465
0.046660
-0.409119
-0.717560
-0.719957
-0.397521
0.076980
0.412751
0.488615
0.311391
0.027581
-0.190200
-0.263375
-0.249499
-0.206987
-0.198542
-0.197573
-0.129761
0.007930
0.164179
0.251373
0.184724
-0.005629
-0.213253
-0.345121
-0.331292
-0.216589
-0.084876
0.016410
0.044752
0.032015
0.007170
-0.024129
-0.059773
-0.116231
-0.214805
-0.286571
-0.284638
-0.196064
-0.058740
0.040038
0.036045
-0.034343
-0.132922
-0.181783
-0.158964
-0.087347
-0.008469
0.059556
0.102707
0.166723
0.246749
0.332145
0.379064
0.393597
0.395100
0.429797
0.496701
0.505593
0.328282
-0.056399
-0.475994
-0.717897
-0.634778
-0.269698
0.154894
0.425344
0.435838
0.227838
-0.027122
-0.199435
-0.251020
-0.228849
-0.202405
-0.209507
-0.183711
-0.099477
0.055978
0.199514
0.243750
0.141852
-0.055314
-0.251560
-0.332335
-0.295979
-0.174800
-0.050124
0.016468
0.029019
0.016327
-0.003191
-0.013445
-0.036189
-0.097679
-0.205002
-0.288829
-0.297660
-0.201755
-0.062438
0.036631
0.044489
-0.026038
-0.118114
-0.160482
-0.145997
-0.080616
-0.007377
0.054992
0.103074
0.176138
0.275614
0.358300
0.397011
0.399600
0.392070
0.452678
0.526281
0.495753
0.275351
-0.137548
-0.529029
-0.691356
-0.538349
-0.155583
0.233773
0.422608
0.371258
0.155492
-0.065136
-0.186192
-0.207070
-0.192773
-0.190421
-0.210233
-0.178295
-0.065003
0.099603
0.230444
0.239111
0.100344
-0.099078
-0.268565
-0.317826
-0.252275
-0.129814
-0.028040
0.023962
0.027530
0.014966
0.003940
-0.011711
-0.062541
-0.161926
-0.269037
-0.303535
-0.231000
-0.085909
0.041458
0.077184
0.012032
-0.094063
-0.163170
-0.157800
-0.089189
-0.000134
0.066835
0.114585
0.176226
0.263301
0.342707
0.398353
0.410200
0.430956
0.488435
0.553009
0.529038
0.314995
-0.089950
-0.494556
-0.695978
-0.564044
-0.184025
0.226940
0.443776
0.416732
0.193406
-0.043967
-0.180680
-0.214177
-0.193969
-0.188690
-0.210948
-0.180257
-0.077612
0.094741
0.243030
0.266843
0.140384
-0.073694
-0.261916
-0.327313
-0.268151
-0.141725
-0.021622
0.037410
0.044403
0.024353
0.002366
-0.027322
-0.098231
-0.206776
-0.279305
-0.269926
-0.159119
-0.013043
0.072006
0.055169
-0.033541
-0.135443
-0.166136
-0.125976
-0.048039
0.029158
0.082935
0.123227
0.202193
0.278924
0.352603
0.387836
0.387393
0.413610
0.499371
0.558423
0.537837
0.286837
-0.142106
-0.523485
-0.680236
-0.511366
-0.116583
0.249989
0.423665
0.351750
0.134207
-0.071402
-0.168992
-0.179753
-0.174367
-0.186238
-0.225988
-0.193348
-0.074522
0.100936
0.240571
0.249031
0.101880
-0.097953
-0.270418
-0.311230
-0.253624
-0.140268
-0.036490
0.018809
0.019225
-0.008376
-0.057166
-0.114068
-0.180409
-0.222033
-0.213840
-0.143329
-0.056367
0.009285
0.012753
-0.035813
-0.098205
-0.130159
-0.114565
-0.050024
0.018653
0.078853
0.112424
0.178268
0.238211
0.297412
0.354912
0.377253
0.411019
0.477190
0.536757
0.523167
0.345953
-0.017207
-0.401957
-0.618503
-0.561814
-0.262719
0.113340
0.339487
0.370751
0.214946
0.008287
-0.133633
-0.190601
-0.204392
-0.201534
-0.222144
-0.196915
-0.107971
0.038957
0.174161
0.219612
0.129758
-0.033188
-0.200029
-0.284505
-0.269176
-0.186370
-0.093013
-0.019153
0.003239
0.000614
-0.034115
-0.100571
-0.169475
-0.216186
-0.216523
-0.146754
-0.061284
-0.002002
0.004649
-0.039845
-0.096917
-0.123536
-0.111743
-0.063669
-0.004334
0.047876
0.097370
0.159830
0.239636
0.292430
0.324725
0.332718
0.363261
0.421574
0.517841
0.550278
0.462765
0.157176
-0.245370
-0.557422
-0.607631
-0.389509
-0.017026
0.258615
0.360481
0.252564
0.064169
-0.090877
-0.158341
-0.179016
-0.179765
-0.211583
-0.217770
-0.159525
-0.032747
0.118790
0.207405
0.167811
0.030185
-0.147003
-0.267120
-0.297105
-0.226082
-0.113494
-0.023016
0.009214
-0.014915
-0.080374
-0.141973
-0.186572
-0.192634
-0.166852
-0.111101
-0.063850
-0.025018
-0.021039
-0.035587
-0.066966
-0.084507
-0.083540
-0.048162
-0.000938
0.064103
0.125664
0.202333
0.259001
0.302665
0.329724
0.354830
0.400774
0.474636
0.548517
0.558340
0.397149
0.024341
-0.382361
-0.641271
-0.597898
-0.294617
0.083838
0.331535
0.372798
0.219044
0.019750
-0.126695
-0.181580
-0.198641
-0.199913
-0.230436
-0.208163
-0.122779
0.027646
0.169982
0.219149
0.131588
-0.031064
-0.207086
-0.303435
-0.287435
-0.180765
-0.068717
0.008305
0.008299
-0.046254
-0.112398
-0.169805
-0.197476
-0.179620
-0.140913
-0.078891
-0.026260
-0.004767
-0.015171
-0.049764
-0.090647
-0.095967
-0.070112
-0.012675
0.055799
0.117779
0.179433
0.235460
0.260198
0.293012
0.323666
0.384419
0.457689
0.541709
0.573272
0.501854
0.189574
-0.223743
-0.565060
-0.653790
-0.444850
-0.064798
0.239073
0.387482
0.298184
0.102595
-0.073357
-0.168174
-0.198512
-0.191729
-0.221436
-0.220378
-0.161811
-0.040628
0.115659
0.210436
0.173648
0.040481
-0.142188
-0.272292
-0.304199
-0.231372
-0.114184
-0.020306
0.002582
-0.033834
-0.099938
-0.148090
-0.173674
-0.165056
-0.142401
-0.103188
-0.069462
-0.034972
-0.026297
-0.035229
-0.059358
-0.081004
-0.079907
-0.037922
0.022278
0.093606
0.155870
0.207736
0.245848
0.286340
0.313143
0.372125
0.436801
0.522522
0.567388
0.522324
0.250159
-0.146419
-0.516299
-0.658991
-0.500887
-0.143164
0.193743
0.377339
0.319584
0.127952
-0.068619
-0.183289
-0.216222
-0.207925
-0.222790
-0.227261
-0.180505
-0.069812
0.087421
0.193791
0.176943
0.050686
-0.136543
-0.272054
-0.314516
-0.252469
-0.134869
-0.045460
-0.015259
-0.041694
-0.097744
-0.139827
-0.166513
-0.175518
-0.162870
-0.133427
-0.095873
-0.051012
-0.028813
-0.038390
-0.064285
-0.092646
-0.088810
-0.044465
0.018381
0.086367
0.150503
0.199959
0.239542
0.269022
0.309366
0.397845
0.486830
0.574790
0.606585
0.469185
0.106684
-0.316552
-0.653073
-0.669146
-0.397752
-0.007938
0.297407
0.393306
0.250397
0.049091
-0.139118
-0.217000
-0.225693
-0.224959
-0.242276
-0.231334
-0.171284
-0.019942
0.131804
0.211178
0.154695
-0.012852
-0.206938
-0.312216
-0.312386
-0.224083
-0.102778
-0.029727
-0.011046
-0.043176
-0.103431
-0.153095
-0.182945
-0.193201
-0.166873
-0.126802
-0.075243
-0.036552
-0.033084
-0.060723
-0.088914
-0.104898
-0.073759
-0.018121
0.052256
0.119176
0.188725
0.215407
0.252621
0.266846
0.315974
0.402720
0.506484
0.600305
0.593230
0.357097
-0.051694
-0.465761
-0.668300
-0.552298
-0.219611
0.136809
0.343472
0.330303
0.157241
-0.020758
-0.149992
-0.182576
-0.200075
-0.226118
-0.252029
-0.219665
-0.112462
0.063621
0.189194
0.215293
0.090792
-0.097990
-0.259809
-0.304626
-0.258095
-0.159782
-0.067833
-0.025273
-0.025054
-0.050507
-0.094797
-0.131618
-0.162054
-0.177639
-0.152150
-0.109978
-0.055289
-0.023002
-0.025208
-0.053884
-0.078098
-0.083396
-0.045392
0.017002
0.090487
0.157074
0.221422
0.261653
0.294452
0.311334
0.371783
0.451681
0.524055
0.569945
0.469851
0.167646
-0.215867
-0.531423
-0.575014
-0.348319
-0.010780
0.268365
0.355900
0.247418
0.066353
-0.086984
-0.159134
-0.169836
-0.178592
-0.201445
-0.203905
-0.144023
-0.012365
0.135443
0.210142
0.159258
0.006038
-0.170822
-0.278163
-0.280895
-0.194539
-0.081579
-0.006341
0.003149
-0.031801
-0.077447
-0.118462
-0.147172
-0.159957
-0.149569
-0.107236
-0.056903
-0.014961
-0.002937
-0.025421
-0.053796
-0.066030
-0.040621
0.022309
0.097838
0.184226
0.254771
0.286552
0.318817
0.339448
0.421864
0.523146
0.638139
0.655571
0.462175
0.044215
-0.391201
-0.667452
-0.591172
-0.261506
0.139573
0.390004
0.412719
0.231148
0.024880
-0.128673
-0.181916
-0.192645
-0.203888
-0.232904
-0.208389
-0.112506
0.056272
0.211949
0.259146
0.154530
-0.037630
-0.237786
-0.317682
-0.286190
-0.175359
-0.051491
0.014137
0.013497
-0.020903
-0.083360
-0.124997
-0.154539
-0.157111
-0.129181
-0.081633
-0.036290
-0.003675
-0.009819
-0.037235
-0.069736
-0.074943
-0.044993
0.025327
0.102283
0.200923
0.266881
0.319765
0.345773
0.371526
0.431612
0.513527
0.597510
0.605296
0.382795
-0.020909
-0.434502
-0.648901
-0.532521
-0.190452
0.179314
0.388608
0.370021
0.184290
-0.019631
-0.148792
-0.190476
-0.201950
-0.209403
-0.237114
-0.197079
-0.088296
0.077466
0.215945
0.234608
0.114382
-0.071881
-0.252169
-0.312898
-0.269876
-0.170347
-0.060887
-0.006877
-0.007033
-0.034200
-0.089423
-0.136558
-0.164937
-0.171804
-0.141584
-0.091710
-0.044458
-0.015231
-0.021653
-0.051534
-0.075632
-0.078257
-0.047623
0.017059
0.087996
0.170602
0.241731
0.296383
0.335224
0.377905
0.443504
0.526613
0.616059
0.589320
0.339438
-0.100793
-0.522684
-0.702987
-0.534798
-0.154144
0.238190
0.425260
0.370644
0.150111
-0.060836
-0.187537
-0.210839
-0.220538
-0.230032
-0.259588
-0.218814
-0.096044
0.089323
0.223151
0.237478
0.090464
-0.114559
-0.293943
-0.340906
-0.279840
-0.167435
-0.064180
-0.020050
-0.026411
-0.057808
-0.108095
-0.149178
-0.176649
-0.183521
-0.154835
-0.106433
-0.049494
-0.020617
-0.025796
-0.063011
-0.093669
-0.094487
-0.052417
0.019540
0.103948
0.187998
0.255974
0.285729
0.314855
0.362459
0.432730
0.521115
0.604160
0.540453
0.240684
-0.203894
-0.575901
-0.677992
-0.455603
-0.078423
0.264562
0.396939
0.294856
0.091784
-0.090468
-0.182733
-0.192213
-0.210740
-0.243646
-0.263577
-0.225923
-0.076679
0.103607
0.220441
0.209180
0.050785
-0.159343
-0.304981
-0.345531
-0.277359
-0.155210
-0.060160
-0.015860
-0.033493
-0.085232
-0.137579
-0.171168
-0.186895
-0.167613
-0.131254
-0.086705
-0.049711
-0.033179
-0.046196
-0.068997
-0.087353
-0.072899
-0.024652
0.044964
0.132285
0.224627
0.279753
0.315629
0.354401
0.415586
0.500373
0.590608
0.619234
0.435970
0.020546
-0.449583
-0.729015
-0.650274
-0.283188
0.145086
0.414134
0.419459
0.218561
-0.017475
-0.172352
-0.216965
-0.215341
-0.228356
-0.262179
-0.254282
-0.152422
0.026993
0.198746
0.254327
0.149554
-0.056798
-0.257982
-0.354596
-0.321369
-0.210873
-0.083014
-0.015867
-0.014976
-0.056884
-0.109183
-0.154589
-0.178601
-0.185208
-0.159614
-0.114773
-0.057810
-0.016420
-0.008328
-0.039934
-0.078625
-0.097057
-0.066647
0.002942
0.091491
0.187989
0.261975
0.308197
0.347985
0.391223
0.469244
0.560441
0.642654
0.584800
0.263642
-0.216474
-0.626313
-0.737693
-0.480421
-0.048553
0.326140
0.458502
0.339224
0.094763
-0.100957
-0.193848
-0.199968
-0.202144
-0.235801
-0.266169
-0.210886
-0.067727
0.131956
0.257140
0.230322
0.061353
-0.158572
-0.319251
-0.331341
-0.253480
-0.131192
-0.035488
-0.007004
-0.019584
-0.060509
-0.115218
-0.153536
-0.182463
-0.175780
-0.131751
-0.074104
-0.016949
0.001692
-0.017898
-0.057613
-0.083342
-0.075489
-0.020585
0.054537
0.145974
0.232249
0.286940
0.322503
0.374612
0.435533
0.530203
0.627767
0.651541
0.449721
0.012876
-0.467021
-0.727258
-0.622376
-0.236962
0.186300
0.441616
0.422928
0.218366
-0.011744
-0.155563
-0.191881
-0.198917
-0.220553
-0.257271
-0.245192
-0.131599
0.058931
0.227658
0.278629
0.159891
-0.052791
-0.246164
-0.329945
-0.281916
-0.169229
-0.078003
-0.023309
-0.026333
-0.041363
-0.068170
-0.105678
-0.142437
-0.162202
-0.156866
-0.108162
-0.053823
-0.007916
-0.010637
-0.040040
-0.079812
-0.083520
-0.047152
0.034182
0.115626
0.201099
0.257474
0.302433
0.331199
0.380076
0.467234
0.576018
0.662199
0.601385
0.271109
-0.201978
-0.598755
-0.699072
-0.446635
-0.033088
0.321372
0.450482
0.338913
0.116713
-0.070125
-0.162943
-0.178435
-0.194728
-0.234620
-0.258681
-0.203365
-0.051926
0.147617
0.266689
0.243386
0.075368
-0.137265
-0.287927
-0.309881
-0.240796
-0.132870
-0.048713
-0.014366
-0.018710
-0.048535
-0.086575
-0.127285
-0.159091
-0.164240
-0.128879
-0.068079
-0.010078
0.004049
-0.017007
-0.061330
-0.077419
-0.053232
0.012232
0.090053
0.158751
0.228158
0.276453
0.319251
0.374882
0.456023
0.568402
0.684460
0.666982
0.368087
-0.128733
-0.594380
-0.766026
-0.540905
-0.101416
0.315080
0.502837
0.400973
0.166529
-0.058984
-0.164394
-0.182354
-0.191602
-0.229662
-0.267212
-0.235277
-0.080236
0.125590
0.282124
0.280944
0.112680
-0.120163
-0.297395
-0.350397
-0.277052
-0.150485
-0.044337
-0.000544
-0.014776
-0.052959
-0.099857
-0.138670
-0.162734
-0.157718
-0.124303
-0.070122
-0.017440
0.010217
-0.004087
-0.035328
-0.058482
-0.038218
0.018513
0.098805
0.192281
0.269832
0.317057
0.365704
0.414668
0.505597
0.606093
0.682632
0.529619
0.111109
-0.397904
-0.732445
-0.686718
-0.310284
0.140333
0.450409
0.472722
0.269423
0.020291
-0.146601
-0.185393
-0.180335
-0.192438
-0.244861
-0.257507
-0.180939
0.006620
0.195751
0.293917
0.204102
0.007845
-0.212013
-0.324234
-0.322116
-0.225352
-0.118139
-0.032328
-0.017171
-0.027129
-0.066785
-0.107810
-0.148522
-0.166116
-0.158868
-0.109537
-0.061041
-0.017370
-0.012007
-0.031026
-0.056656
-0.051960
-0.020217
0.046405
0.102186
0.180692
0.246059
0.304542
0.362000
0.435437
0.523765
0.634675
0.677571
0.465924
0.009435
-0.495380
-0.776194
-0.655021
-0.240122
0.206175
0.476909
0.443460
0.216741
-0.031138
-0.173570
-0.200128
-0.189547
-0.215024
-0.262597
-0.268248
-0.165606
0.034600
0.221423
0.283167
0.169013
-0.050294
-0.257920
-0.348427
-0.325839
-0.217857
-0.110363
-0.046304
-0.034578
-0.050862
-0.079067
-0.115012
-0.160712
-0.188351
-0.177580
-0.120363
-0.053028
-0.012801
-0.016499
-0.052132
-0.077413
-0.067953
-0.023103
0.047117
0.107790
0.175093
0.229911
0.282110
0.345295
0.435024
0.539094
0.661822
0.662639
0.380979
-0.117248
-0.600013
-0.803835
-0.595570
-0.154748
0.272639
0.482379
0.394299
0.155453
-0.072293
-0.182819
-0.195618
-0.196813
-0.239815
-0.288209
-0.278849
-0.141553
0.066915
0.243382
0.265842
0.122579
-0.110636
-0.301352
-0.372608
-0.322022
-0.207018
-0.096192
-0.045080
-0.046729
-0.077270
-0.116986
-0.145234
-0.168169
-0.170349
-0.145970
-0.104858
-0.060954
-0.034089
-0.042302
-0.062466
-0.073422
-0.054574
-0.001492
0.068513
0.155147
0.233769
0.284429
0.327978
0.379428
0.465975
0.574126
0.649824
0.512773
0.105692
-0.393316
-0.728091
-0.704599
-0.344524
0.091764
0.400540
0.435938
0.241950
0.006661
-0.148940
-0.192673
-0.182705
-0.213636
-0.264906
-0.288863
-0.211902
-0.020843
0.174250
0.265198
0.192870
-0.013682
-0.218485
-0.334897
-0.338381
-0.254389
-0.154309
-0.083940
-0.047582
-0.046878
-0.053692
-0.086373
-0.140540
-0.190424
-0.202924
-0.157703
-0.077278
-0.016710
-0.000639
-0.035183
-0.078707
-0.088822
-0.055494
0.014900
0.088248
0.164553
0.234777
0.285146
0.343287
0.410066
0.502297
0.624850
0.685000
0.464460
0.001124
-0.514526
-0.789741
-0.654915
-0.228076
0.215199
0.480719
0.425342
0.193386
-0.049131
-0.172443
-0.181851
-0.169718
-0.209576
-0.268007
-0.285790
-0.175165
0.032189
0.227211
0.289732
0.169170
-0.053978
-0.255956
-0.340286
-0.308586
-0.216634
-0.123041
-0.072284
-0.056902
-0.052533
-0.066299
-0.093262
-0.131618
-0.166056
-0.163155
-0.125735
-0.071152
-0.028449
-0.021919
-0.044705
-0.063903
-0.057582
-0.011851
0.057798
0.126489
0.204814
0.268109
0.324590
0.383743
0.456924
0.555438
0.656314
0.593896
0.257521
-0.245140
-0.665717
-0.750888
-0.459170
0.002098
0.376434
0.489865
0.330436
0.075888
-0.119192
-0.179493
-0.169516
-0.170418
-0.226509
-0.269740
-0.235578
-0.073562
0.137561
0.280008
0.253895
0.079366
-0.147653
-0.296057
-0.319702
-0.258148
-0.166246
-0.097541
-0.070233
-0.053394
-0.051125
-0.062803
-0.090681
-0.134625
-0.155941
-0.138952
-0.094712
-0.045594
-0.024944
-0.033430
-0.052763
-0.058206
-0.033285
0.021717
0.088324
0.149380
0.216024
0.270993
0.320565
0.394657
0.490864
0.601204
0.683108
0.544002
0.135109
-0.367757
-0.725923
-0.703210
-0.344606
0.111189
0.435499
0.478764
0.281752
0.037021
-0.137743
-0.176337
-0.172943
-0.189758
-0.243275
-0.266124
-0.196465
-0.004285
0.190864
0.298004
0.223278
0.026397
-0.187972
-0.309484
-0.312721
-0.238230
-0.152180
-0.084889
-0.059192
-0.044341
-0.041851
-0.060105
-0.096525
-0.141689
-0.158931
-0.130876
-0.078075
-0.030979
-0.017076
-0.033186
-0.050875
-0.049583
-0.016562
0.040958
0.103517
0.169269
0.244093
0.302733
0.361144
0.430649
0.519870
0.628215
0.659112
0.431619
-0.025903
-0.507935
-0.757551
-0.611377
-0.193844
0.239081
0.486184
0.434416
0.204184
-0.031947
-0.163416
-0.177957
-0.172946
-0.205539
-0.254223
-0.256812
-0.139851
0.063056
0.242459
0.293088
0.166920
-0.049100
-0.241112
-0.322877
-0.292891
-0.210238
-0.125863
-0.072160
-0.053213
-0.044668
-0.057751
-0.085313
-0.120729
-0.143361
-0.130043
-0.089196
-0.048858
-0.027130
-0.039293
-0.060116
-0.068982
-0.046190
0.006918
0.079451
0.148298
0.216528
0.275388
0.318764
0.379469
0.446517
0.546253
0.639839
0.600189
0.286185
-0.190906
-0.611794
-0.720051
-0.469746
-0.034357
0.334617
0.479204
0.347993
0.113621
-0.085460
-0.164184
-0.164003
-0.172605
-0.221697
-0.260515
-0.229709
-0.076974
0.129603
0.270602
0.263115
0.098377
-0.119058
-0.275540
-0.317837
-0.276747
-0.185858
-0.110540
-0.056286
-0.031391
-0.027252
-0.057762
-0.102256
-0.156420
-0.166999
-0.136630
-0.071839
-0.023076
-0.005667
-0.031767
-0.060204
-0.071894
-0.041122
0.015236
0.088532
0.148452
0.223734
0.286689
0.346901
0.405671
0.477337
0.554858
0.627085
0.545745
0.209185
-0.256215
-0.631917
-0.693711
-0.403483
0.024232
0.364850
0.461466
0.307071
0.072066
-0.107150
-0.165573
-0.161370
-0.172636
-0.218524
-0.254926
-0.207324
-0.048671
0.142817
0.267251
0.236985
0.069100
-0.133784
-0.276470
-0.317107
-0.271221
-0.180527
-0.097122
-0.041210
-0.025254
-0.034638
-0.071269
-0.116288
-0.153430
-0.153978
-0.121156
-0.066171
-0.031004
-0.015515
-0.033537
-0.050411
-0.054019
-0.022786
0.028667
0.095444
0.161192
0.238436
0.294993
0.356300
0.414283
0.485533
0.563264
0.620942
0.510488
0.159058
-0.306722
-0.643722
-0.650780
-0.340440
0.073894
0.371460
0.428893
0.266015
0.040213
-0.111843
-0.154756
-0.155735
-0.174623
-0.234164
-0.258365
-0.189790
-0.021305
0.170018
0.269650
0.210064
0.035803
-0.166805
-0.286295
-0.312911
-0.259502
-0.168918
-0.090775
-0.043798
-0.027147
-0.048272
-0.087214
-0.130862
-0.153714
-0.140564
-0.100596
-0.057221
-0.030709
-0.026518
-0.041459
-0.050618
-0.042711
-0.009598
0.045698
0.111717
0.185088
0.256535
0.301648
0.360493
0.422553
0.502330
0.582295
0.615025
0.464024
0.086045
-0.372450
-0.660026
-0.614243
-0.272177
0.129287
0.396060
0.412036
0.230177
0.005951
-0.129160
-0.164257
-0.161974
-0.193558
-0.241334
-0.252867
-0.161115
0.011690
0.185407
0.253976
0.176303
-0.009186
-0.189930
-0.307233
-0.321358
-0.253272
-0.157967
-0.077762
-0.036447
-0.038473
-0.059282
-0.098776
-0.135207
-0.148845
-0.134636
-0.093626
-0.049856
-0.026082
-0.026712
-0.043934
-0.049982
-0.031215
0.019352
0.088993
0.164747
0.234933
0.279007
0.312537
0.365891
0.441284
0.543698
0.624743
0.595750
0.297562
-0.154881
-0.567659
-0.687211
-0.458442
-0.052600
0.282516
0.421675
0.305708
0.106762
-0.065882
-0.134234
-0.143875
-0.165990
-0.226406
-0.268502
-0.233684
-0.083978
0.109543
0.240853
0.229285
0.079294
-0.117956
-0.266161
-0.323725
-0.277068
-0.192989
-0.113138
-0.066963
-0.058488
-0.066990
-0.085116
-0.116135
-0.131194
-0.133495
-0.106493
-0.071085
-0.040007
-0.024975
-0.028343
-0.035740
-0.020689
0.020622
0.092807
0.179673
0.246276
0.277224
0.303920
0.347865
0.442567
0.558294
0.657883
0.620118
0.296697
-0.187505
-0.597374
-0.704214
-0.444531
-0.030959
0.305597
0.426279
0.296088
0.086487
-0.073507
-0.129581
-0.130115
-0.159569
-0.229093
-0.273181
-0.235059
-0.079123
0.115033
0.241036
0.220062
0.065887
-0.129722
-0.269972
-0.319694
-0.267450
-0.184017
-0.107102
-0.070497
-0.066241
-0.077844
-0.095482
-0.123379
-0.132632
-0.127286
-0.088509
-0.048485
-0.023133
-0.025105
-0.043491
-0.052962
-0.022025
0.032340
0.118064
0.199807
0.251774
0.276178
0.308990
0.372426
0.479372
0.571213
0.649212
0.562973
0.209779
-0.254205
-0.619024
-0.661859
-0.370437
0.026112
0.329179
0.411992
0.257345
0.057490
-0.094975
-0.134882
-0.141036
-0.166724
-0.232238
-0.259616
-0.206449
-0.045162
0.129140
0.235474
0.185094
0.028061
-0.158299
-0.288957
-0.310514
-0.243918
-0.162842
-0.088678
-0.075531
-0.082357
-0.095225
-0.114581
-0.126722
-0.124873
-0.117210
-0.076790
-0.048412
-0.021535
-0.021312
-0.032318
-0.038029
-0.003948
0.053551
0.153224
0.228606
0.272748
0.281235
0.321308
0.395388
0.518749
0.610434
0.661238
0.449515
0.032855
-0.432781
-0.671492
-0.564650
-0.191627
0.164923
0.389905
0.340845
0.159455
-0.028284
-0.115957
-0.128991
-0.137434
-0.200281
-0.254908
-0.261013
-0.151096
0.028122
0.181195
0.219598
0.113652
-0.067779
-0.232346
-0.313677
-0.280753
-0.202518
-0.126548
-0.090633
-0.097322
-0.108423
-0.115629
-0.125421
-0.122020
-0.128061
-0.110979
-0.082590
-0.046804
-0.024659
-0.022167
-0.038181
-0.022679
0.019936
0.109418
0.203830
0.261374
0.281419
0.303044
0.345014
0.449731
0.551103
0.634991
0.534851
0.172347
-0.291410
-0.622354
-0.629927
-0.325492
0.048708
0.319806
0.360482
0.204063
0.012189
-0.114237
-0.142513
-0.145258
-0.186206
-0.247385
-0.271561
-0.201573
-0.039501
0.120018
0.198082
0.131471
-0.031411
-0.207564
-0.317477
-0.310660
-0.235429
-0.152231
-0.102272
-0.105697
-0.125638
-0.143418
-0.162373
-0.157052
-0.147822
-0.123439
-0.090538
-0.060855
-0.041075
-0.033061
-0.041214
-0.029012
0.005840
0.083827
0.168324
0.227142
0.256862
0.293973
0.363347
0.471881
0.567289
0.636278
0.511857
0.134041
-0.331145
-0.662521
-0.651013
-0.336903
0.048938
0.322945
0.362880
0.200436
0.006469
-0.129256
-0.162803
-0.176984
-0.220829
-0.278097
-0.290723
-0.205075
-0.030278
0.129691
0.199287
0.117406
-0.054112
-0.229006
-0.330575
-0.315123
-0.236654
-0.158502
-0.116760
-0.123986
-0.139379
-0.146711
-0.158998
-0.156610
-0.154852
-0.141313
-0.108891
-0.069963
-0.040506
-0.026108
-0.035480
-0.031183
-0.000980
0.073849
0.163200
0.229148
0.257141
0.286641
0.338111
0.439153
0.531918
0.603974
0.496434
0.148991
-0.293808
-0.613047
-0.618650
-0.329918
0.026929
0.285439
0.331198
0.187095
0.011035
-0.115961
-0.152312
-0.166244
-0.206770
-0.265169
-0.273105
-0.203551
-0.039070
0.111236
0.184380
0.115525
-0.036719
-0.208217
-0.306068
-0.306143
-0.229452
-0.151786
-0.109658
-0.122165
-0.140238
-0.151502
-0.152548
-0.146541
-0.140990
-0.130592
-0.104251
-0.072029
-0.042645
-0.028835
-0.032768
-0.023889
0.009769
0.084924
0.174498
0.236391
0.265359
0.292953
0.347302
0.447774
0.550772
0.621780
0.535810
0.193198
-0.258777
-0.600926
-0.631204
-0.355150
0.015957
0.286606
0.361253
0.226892
0.046298
-0.092344
-0.141157
-0.161289
-0.202437
-0.263729
-0.271324
-0.201645
-0.039074
0.121563
0.204936
0.148021
-0.003350
-0.187248
-0.296996
-0.300654
-0.230185
-0.145264
-0.100083
-0.108388
-0.128188
-0.144196
-0.146406
-0.129391
-0.122231
-0.109924
-0.094108
-0.064413
-0.034923
-0.016424
-0.021291
-0.009638
0.023714
0.106634
0.192108
0.251928
0.274803
0.298480
0.357943
0.469262
0.575682
0.657860
0.556212
0.207114
-0.256412
-0.606228
-0.630884
-0.342476
0.036288
0.320415
0.378023
0.239125
0.048907
-0.086999
-0.125945
-0.141040
-0.187105
-0.247222
-0.273404
-0.196698
-0.031859
0.134332
0.222990
0.163613
0.000043
-0.183659
-0.298609
-0.288343
-0.204645
-0.118918
-0.080565
-0.100061
-0.129899
-0.138529
-0.138068
-0.119633
-0.111585
-0.104375
-0.086812
-0.051793
-0.020076
0.003584
-0.001339
0.006211
0.035153
0.119409
0.202007
0.264584
0.285117
0.317237
0.377047
0.496816
0.591297
0.680766
0.570939
0.207225
-0.271152
-0.616406
-0.637826
-0.331656
0.047825
0.338672
0.395384
0.247418
0.052093
-0.084862
-0.119311
-0.133009
-0.179049
-0.243243
-0.265348
-0.197167
-0.022145
0.144703
0.241482
0.178989
0.014017
-0.171711
-0.287297
-0.286121
-0.199179
-0.113129
-0.067182
-0.088589
-0.124819
-0.134050
-0.132528
-0.109939
-0.095434
-0.084663
-0.068850
-0.040537
-0.020965
-0.003732
-0.011394
0.003431
0.040356
0.125303
0.211396
0.274971
0.294099
0.326083
0.381763
0.493080
0.590128
0.675370
0.603314
0.267043
-0.202033
-0.578316
-0.636982
-0.366143
0.020592
0.318494
0.412247
0.272524
0.084308
-0.070635
-0.109346
-0.124936
-0.161451
-0.233482
-0.254800
-0.206082
-0.036366
0.129312
0.240869
0.195086
0.046082
-0.151770
-0.268855
-0.284346
-0.200666
-0.118337
-0.067026
-0.083414
-0.111925
-0.135542
-0.129054
-0.112321
-0.089518
-0.081871
-0.066436
-0.043132
-0.015921
0.003325
0.008971
0.017039
0.049381
0.120901
0.203504
0.263166
0.288565
0.318895
0.385333
0.497892
0.600948
0.678575
0.606680
0.265404
-0.202398
-0.585533
-0.643521
-0.373789
0.016167
0.312502
0.410526
0.276126
0.090390
-0.061305
-0.108379
-0.127624
-0.169468
-0.243233
-0.265164
-0.206967
-0.037836
0.134284
0.237929
0.193269
0.040050
-0.145746
-0.270319
-0.284584
-0.213026
-0.134036
-0.081927
-0.090597
-0.113934
-0.123520
-0.127466
-0.117133
-0.105256
-0.100246
-0.078057
-0.049718
-0.022439
-0.005517
-0.012040
-0.009173
0.027084
0.109227
0.207528
0.269779
0.285268
0.310403
0.360577
0.472510
0.570202
0.653849
0.612111
0.300973
-0.160327
-0.555728
-0.653683
-0.408337
-0.027784
0.276563
0.392139
0.267690
0.085919
-0.069294
-0.114330
-0.132057
-0.168179
-0.245784
-0.271886
-0.232181
-0.066644
0.099477
0.219074
0.184877
0.045484
-0.139665
-0.267067
-0.297689
-0.232655
-0.161427
-0.108070
-0.112111
-0.132263
-0.139368
-0.140825
-0.133047
-0.119233
-0.112011
-0.093897
-0.065218
-0.041677
-0.022721
-0.025261
-0.016295
0.022208
0.106773
0.195582
0.260287
0.280491
0.307159
0.366699
0.491394
0.598819
0.687778
0.576045
0.190809
-0.296580
-0.657947
-0.664883
-0.345826
0.049444
0.326929
0.381553
0.220804
0.041709
-0.092721
-0.119755
-0.149207
-0.200727
-0.287064
-0.297895
-0.220862
-0.028716
0.139309
0.231782
0.150097
-0.012401
-0.194606
-0.291616
-0.290814
-0.217216
-0.155650
-0.113548
-0.130378
-0.142284
-0.144167
-0.143092
-0.136385
-0.128619
-0.123313
-0.096207
-0.065639
-0.038771
-0.028989
-0.034834
-0.021269
0.033246
0.128023
0.220954
0.268856
0.288558
0.314093
0.391923
0.512624
0.633289
0.701858
0.489931
0.027773
-0.471368
-0.733790
-0.597449
-0.205753
0.173761
0.394347
0.346891
0.153403
-0.022533
-0.109175
-0.113907
-0.142875
-0.224785
-0.302616
-0.296974
-0.177552
0.032504
0.192922
0.238303
0.115570
-0.066299
-0.238742
-0.299514
-0.271904
-0.189478
-0.136151
-0.112480
-0.141411
-0.141049
-0.145463
-0.129114
-0.123608
-0.115812
-0.115161
-0.083038
-0.060169
-0.022362
-0.023032
-0.019137
-0.005376
0.070275
0.169804
0.266551
0.294268
0.318461
0.340490
0.445582
0.558212
0.681228
0.633140
0.295162
-0.211641
-0.624735
-0.706790
-0.417704
-0.009205
0.309819
0.404092
0.259593
0.065415
-0.077709
-0.108597
-0.111639
-0.161722
-0.255834
-0.306302
-0.259355
-0.078257
0.121795
0.241846
0.200861
0.030662
-0.150954
-0.270825
-0.281416
-0.220509
-0.156552
-0.123353
-0.124015
-0.142890
-0.128558
-0.127169
-0.117279
-0.121216
-0.122122
-0.110840
-0.075802
-0.050887
-0.027634
-0.035075
-0.023122
0.011222
0.092440
0.192106
0.274740
0.301941
0.320429
0.346570
0.438743
0.549355
0.665840
0.584429
0.219859
-0.284372
-0.664611
-0.688785
-0.366609
0.043844
0.343305
0.396237
0.228963
0.032337
-0.098928
-0.119447
-0.123082
-0.175536
-0.268221
-0.306069
-0.246952
-0.057168
0.135263
0.239956
0.178889
0.007277
-0.173499
-0.276074
-0.288364
-0.228211
-0.169444
-0.134590
-0.133270
-0.139599
-0.130161
-0.126341
-0.126363
-0.130991
-0.131462
-0.112478
-0.079092
-0.053643
-0.038041
-0.048727
-0.043675
-0.006693
0.080105
0.185794
0.266134
0.289403
0.310469
0.348927
0.449156
0.555331
0.657602
0.553134
0.178065
-0.324352
-0.683637
-0.682301
-0.349535
0.056163
0.350756
0.394769
0.225125
0.021398
-0.116300
-0.138851
-0.143854
-0.188144
-0.269426
-0.299564
-0.239299
-0.052914
0.130699
0.233862
0.164524
-0.000833
-0.180788
-0.275094
-0.287913
-0.225668
-0.175294
-0.134931
-0.140821
-0.138503
-0.132208
-0.123762
-0.131984
-0.135454
-0.141486
-0.111242
-0.077983
-0.049110
-0.044086
-0.057131
-0.061053
-0.017891
0.066744
0.178537
0.259999
0.291311
0.298985
0.332381
0.427811
0.549875
0.663650
0.588442
0.214898
-0.288892
-0.682399
-0.705834
-0.388269
0.038457
0.344055
0.412275
0.234885
0.030497
-0.104753
-0.123078
-0.128363
-0.163387
-0.245522
-0.279116
-0.232798
-0.057366
0.119161
0.230558
0.175019
0.021587
-0.150694
-0.241089
-0.261482
-0.208704
-0.170538
-0.136601
-0.135656
-0.124574
-0.108746
-0.089545
-0.096575
-0.105063
-0.124380
-0.107888
-0.081702
-0.046168
-0.037128
-0.045318
-0.058558
-0.026747
0.039497
0.151870
0.239383
0.279438
0.278369
0.288268
0.343791
0.456990
0.567683
0.599464
0.348331
-0.081401
-0.510964
-0.661136
-0.477873
-0.092782
0.229837
0.394082
0.291191
0.107861
-0.066859
-0.119116
-0.124213
-0.132812
-0.206487
-0.254669
-0.252250
-0.117922
0.062648
0.211325
0.218430
0.097534
-0.081708
-0.206327
-0.256369
-0.229205
-0.180648
-0.141499
-0.124097
-0.111949
-0.096256
-0.080610
-0.086370
-0.104209
-0.119850
-0.111482
-0.078156
-0.044071
-0.031920
-0.043083
-0.062001
-0.045636
0.012916
0.108181
0.207822
0.268404
0.278720
0.279317
0.309081
0.405239
0.522777
0.621227
0.515340
0.156436
-0.300447
-0.612752
-0.592424
-0.280808
0.086901
0.341547
0.364067
0.200894
0.016721
-0.099278
-0.113816
-0.115521
-0.156688
-0.228159
-0.255130
-0.193457
-0.021825
0.148888
0.238185
0.173264
0.016124
-0.147577
-0.232025
-0.245322
-0.202282
-0.161978
-0.130519
-0.115098
-0.093086
-0.074666
-0.070015
-0.090436
-0.116131
-0.125134
-0.099684
-0.058508
-0.029115
-0.028342
-0.050513
-0.051569
-0.016435
0.053993
0.144903
0.221609
0.252920
0.257963
0.271953
0.330792
0.426867
0.519722
0.536317
0.323569
-0.051467
-0.418165
-0.560908
-0.407615
-0.082221
0.201341
0.343605
0.266753
0.104383
-0.043874
-0.099180
-0.104406
-0.114236
-0.169945
-0.211912
-0.204860
-0.094131
0.062578
0.187213
0.198653
0.094081
-0.057286
-0.169863
-0.213816
-0.199167
-0.163252
-0.135084
-0.111885
-0.094396
-0.070239
-0.057624
-0.065585
-0.093366
-0.113729
-0.107997
-0.068765
-0.034519
-0.019872
-0.033859
-0.051363
-0.041964
0.010582
0.085688
0.175391
0.235810
0.255986
0.258211
0.273410
0.341752
0.445782
0.543891
0.525182
0.254865
-0.146587
-0.487820
-0.555420
-0.335685
0.002988
0.257582
0.342258
0.221147
0.053860
-0.072888
-0.098171
-0.096774
-0.115908
-0.184389
-0.223524
-0.196149
-0.060532
0.099305
0.211762
0.187059
0.060515
-0.094658
-0.192536
-0.214861
-0.184064
-0.151593
-0.124749
-0.112385
-0.095062
-0.069058
-0.056260
-0.064394
-0.088884
-0.108502
-0.098560
-0.064090
-0.035098
-0.023924
-0.039590
-0.054946
-0.041989
0.009622
0.088695
0.174020
0.229028
0.243312
0.247179
0.277773
0.352515
0.452845
0.532602
0.513581
0.265439
-0.110899
-0.447738
-0.537930
-0.354489
-0.038178
0.214918
0.318146
0.224009
0.073844
-0.054626
-0.092457
-0.100341
-0.123210
-0.182480
-0.220427
-0.196647
-0.072022
0.080339
0.190373
0.182530
0.068093
-0.080454
-0.184566
-0.224104
-0.200901
-0.161950
-0.128124
-0.102621
-0.085259
-0.070149
-0.066174
-0.081883
-0.102691
-0.111687
-0.099204
-0.065202
-0.039508
-0.030427
-0.043207
-0.054065
-0.039670
0.010152
0.078991
0.164053
0.218168
0.241855
0.246673
0.273643
0.348227
0.448341
0.529698
0.529428
0.286044
-0.051904
-0.384739
-0.511931
-0.369213
-0.075451
0.172282
0.291538
0.217377
0.075275
-0.049152
-0.091877
-0.090124
-0.106089
-0.162507
-0.206491
-0.196799
-0.089974
0.054726
0.166199
0.175510
0.073739
-0.066951
-0.173259
-0.213282
-0.191895
-0.150757
-0.118626
-0.095663
-0.085934
-0.071380
-0.066497
-0.075834
-0.095046
-0.104803
-0.097561
-0.066239
-0.041515
-0.027171
-0.040306
-0.053813
-0.047297
-0.005488
0.055801
0.132178
0.182763
0.207211
0.216099
0.247672
0.310551
0.398612
0.460677
0.493692
0.361488
0.060242
-0.283472
-0.489769
-0.435228
-0.181313
0.085340
0.256423
0.251647
0.127290
-0.002621
-0.079497
-0.088117
-0.101729
-0.143157
-0.196196
-0.203787
-0.134571
0.005005
0.124988
0.178180
0.108785
-0.016204
-0.140828
-0.204756
-0.208099
-0.166193
-0.129192
-0.093890
-0.088190
-0.079635
-0.078343
-0.083008
-0.096991
-0.098484
-0.092266
-0.059658
-0.039753
-0.029223
-0.042603
-0.054969
-0.053369
-0.014729
0.039279
0.117181
0.170355
0.199066
0.203488
0.234585
0.289798
0.387414
0.453333
0.509929
0.429882
0.162723
-0.196052
-0.463678
-0.491778
-0.271592
0.010114
0.225875
0.274293
0.166988
0.026768
-0.069705
-0.089955
-0.097052
-0.128081
-0.186436
-0.210129
-0.169685
-0.042858
0.090866
0.175609
0.135686
0.022074
-0.113702
-0.194241
-0.213994
-0.178205
-0.138492
-0.100047
-0.091152
-0.084245
-0.082480
-0.082450
-0.091640
-0.096672
-0.095544
-0.073542
-0.049159
-0.033716
-0.034921
-0.050993
-0.058418
-0.039777
0.005722
0.073510
0.145773
0.190560
0.208622
0.215920
0.253912
0.326826
0.423162
0.489163
0.508947
0.334390
0.005109
-0.344079
-0.513066
-0.417395
-0.136497
0.121581
0.269463
0.234280
0.103468
-0.021219
-0.077791
-0.086467
-0.104236
-0.159457
-0.212858
-0.210826
-0.122874
0.024013
0.142141
0.175709
0.091691
-0.040753
-0.162020
-0.217380
-0.207897
-0.158978
-0.119187
-0.088802
-0.086638
-0.082693
-0.084380
-0.089678
-0.097254
-0.096015
-0.087640
-0.059844
-0.040944
-0.027663
-0.037710
-0.052429
-0.053286
-0.018531
0.041932
0.124447
0.178441
0.200210
0.201032
0.229497
0.277204
0.371668
0.438660
0.478948
0.397118
0.138060
-0.198779
-0.439243
-0.450052
-0.240248
0.024388
0.207925
0.245576
0.145001
0.020551
-0.058561
-0.072450
-0.083643
-0.120257
-0.180155
-0.205100
-0.161277
-0.042548
0.084124
0.159340
0.125984
0.016595
-0.107273
-0.192498
-0.206105
-0.166240
-0.119156
-0.083382
-0.078876
-0.085287
-0.085385
-0.088876
-0.089602
-0.085618
-0.080074
-0.060918
-0.043725
-0.032943
-0.037013
-0.048425
-0.051747
-0.026166
0.022453
0.092328
0.150630
0.183966
0.191221
0.216927
0.265975
0.349573
0.419480
0.467016
0.425282
0.207712
-0.117182
-0.391047
-0.463570
-0.301856
-0.040188
0.169087
0.250209
0.175661
0.048572
-0.053241
-0.082982
-0.090888
-0.113013
-0.166662
-0.196985
-0.175831
-0.072903
0.050428
0.142606
0.134808
0.043769
-0.082736
-0.177885
-0.214032
-0.181691
-0.132253
-0.087843
-0.076337
-0.084391
-0.092419
-0.093935
-0.094870
-0.088550
-0.083024
-0.069821
-0.053613
-0.038917
-0.033099
-0.039851
-0.048325
-0.036306
0.002246
0.066677
0.135984
0.175877
0.187013
0.197073
0.239333
0.318544
0.405277
0.461868
0.463459
0.290597
-0.013904
-0.324198
-0.466230
-0.370308
-0.121549
0.107288
0.234605
0.198937
0.085639
-0.025227
-0.073053
-0.085710
-0.107012
-0.156506
-0.200374
-0.194985
-0.112916
0.010679
0.114619
0.140907
0.069351
-0.046045
-0.156770
-0.211016
-0.197612
-0.151737
-0.107833
-0.083562
-0.089468
-0.093355
-0.096581
-0.098114
-0.093887
-0.089771
-0.079676
-0.058236
-0.040872
-0.031476
-0.037699
-0.049697
-0.039550
0.000439
0.070360
0.142180
0.177320
0.183697
0.194421
0.241620
0.326043
0.409315
0.465299
0.459685
0.272226
-0.038817
-0.348634
-0.469711
-0.355805
-0.095273
0.127475
0.243571
0.189730
0.072218
-0.043422
-0.077626
-0.089852
-0.103859
-0.159264
-0.199847
-0.195393
-0.104455
0.012015
0.120576
0.131370
0.056925
-0.066956
-0.170601
-0.215382
-0.183186
-0.139251
-0.092846
-0.085917
-0.094617
-0.103915
-0.102438
-0.104430
-0.095791
-0.095254
-0.075194
-0.051939
-0.025678
-0.021808
-0.030430
-0.045117
-0.030039
0.011386
0.087146
0.146652
0.179921
0.184218
0.209167
0.263609
0.358186
0.431850
0.485289
0.418835
0.180292
-0.151333
-0.407419
-0.450152
-0.267525
-0.011503
0.181934
0.236056
0.148937
0.024659
-0.063422
-0.083739
-0.092371
-0.116403
-0.171933
-0.197322
-0.169702
-0.068094
0.044268
0.126080
0.106089
0.017759
-0.106994
-0.189741
-0.203553
-0.161631
-0.116903
-0.086194
-0.094708
-0.110411
-0.120124
-0.119496
-0.103843
-0.086951
-0.075409
-0.063065
-0.048487
-0.038448
-0.030144
-0.033219
-0.027871
-0.003355
0.051224
0.116970
0.166035
0.181484
0.196353
0.241336
0.327255
0.415162
0.478708
0.463565
0.277675
-0.029807
-0.331027
-0.448505
-0.345009
-0.105101
0.108653
0.224586
0.186800
0.081462
-0.029608
-0.075510
-0.099405
-0.118211
-0.167399
-0.195564
-0.182218
-0.099374
0.008411
0.101930
0.111508
0.046305
-0.065440
-0.164697
-0.199030
-0.174009
-0.128034
-0.093345
-0.094017
-0.111302
-0.118489
-0.119594
-0.107252
-0.093507
-0.083641
-0.071771
-0.053833
-0.037096
-0.028608
-0.030360
-0.030240
-0.008762
0.037669
0.103693
0.151445
0.177488
0.193497
0.234363
0.299287
0.385690
0.444576
0.476887
0.356259
0.084363
-0.239846
-0.431726
-0.400330
-0.181047
0.051463
0.207026
0.211025
0.115382
-0.000344
-0.065459
-0.085244
-0.103639
-0.142169
-0.186564
-0.189573
-0.129413
-0.022357
0.077255
0.120478
0.070061
-0.029619
-0.139642
-0.191809
-0.178964
-0.132693
-0.095375
-0.087732
-0.112895
-0.128745
-0.130253
-0.113731
-0.088093
-0.073984
-0.065567
-0.054798
-0.038799
-0.024909
-0.018971
-0.020717
-0.007643
0.030897
0.097145
0.153827
0.186594
0.198827
0.232188
0.297847
0.385757
0.454981
0.493226
0.373750
0.095573
-0.236527
-0.437891
-0.406695
-0.182734
0.053290
0.217237
0.221680
0.121460
0.004271
-0.059539
-0.080312
-0.094174
-0.141288
-0.187141
-0.195856
-0.134199
-0.023085
0.086330
0.129801
0.079362
-0.025600
-0.135740
-0.185003
-0.168506
-0.125038
-0.093218
-0.090976
-0.116580
-0.125381
-0.123118
-0.104505
-0.084581
-0.075089
-0.069522
-0.051766
-0.029524
-0.005475
-0.001650
-0.008391
-0.003418
0.037534
0.104958
0.160440
0.187075
0.202792
0.243517
0.324043
0.415851
0.476481
0.493666
0.334291
0.039399
-0.282813
-0.445022
-0.378583
-0.141038
0.081976
0.231892
0.216204
0.120189
0.003197
-0.051686
-0.081621
-0.102995
-0.157963
-0.194110
-0.189665
-0.109905
0.001576
0.106658
0.131156
0.068113
-0.046846
-0.149628
-0.185582
-0.160224
-0.114421
-0.084592
-0.088420
-0.115820
-0.129380
-0.127843
-0.104110
-0.080467
-0.065600
-0.061090
-0.047112
-0.034035
