0.244634
0.286312
0.167495
-0.019187
-0.203656
-0.296045
-0.249705
-0.094595
0.054208
0.175277
0.196358
0.116748
0.002277
-0.069748
-0.147591
-0.186294
-0.180739
-0.164055
-0.081999
0.040728
0.063021
0.024003
-0.070525
-0.173723
-0.216767
-0.173277
-0.084535
0.046464
0.215533
0.272435
0.192441
0.084454
-0.033300
-0.082076
-0.025824
0.069452
0.156941
0.229972
0.203840
0.113176
-0.037158
-0.135609
-0.098211
0.026636
0.189403
0.293385
0.212110
0.006274
-0.229392
-0.364923
-0.310805
-0.086612
0.142774
0.263381
0.227504
0.059002
-0.103759
-0.180572
-0.156089
-0.107418
-0.076193
-0.075400
-0.057049
-0.023513
0.002611
-0.009307
-0.072802
-0.163432
-0.201381
-0.164598
-0.071509
0.061555
0.205417
0.245067
0.170886
0.034161
-0.033476
-0.046792
0.049866
0.162831
0.175437
0.134553
0.076258
-0.026805
-0.090281
-0.032680
0.049681
0.137625
0.241903
0.221747
0.091932
-0.031102
-0.204455
-0.278355
-0.198174
-0.070620
0.065968
0.191624
0.175350
0.081471
0.001997
-0.077975
-0.129425
-0.144995
-0.154532
-0.155086
-0.082055
0.019184
0.058181
0.042727
-0.062516
-0.168784
-0.210459
-0.203737
-0.121879
0.031549
0.203010
0.279654
0.262833
0.106192
-0.068950
-0.138219
-0.056253
0.100118
0.205515
0.242087
0.224600
0.094273
-0.081030
-0.153546
-0.135684
0.002608
0.191607
0.276908
0.227741
0.121003
-0.052687
-0.243067
-0.277071
-0.202723
-0.092991
0.067884
0.180282
0.186488
0.124762
0.041157
-0.074884
-0.161512
-0.210380
-0.207765
-0.137619
-0.019577
0.043783
0.032724
-0.040713
-0.147539
-0.191815
-0.154611
-0.077615
0.013045
0.101428
0.185311
0.207113
0.116379
0.032186
-0.029122
-0.024301
0.066394
0.182431
0.233140
0.192150
0.085665
-0.060980
-0.137727
-0.094433
0.045514
0.197351
0.271618
0.208173
0.057135
-0.146796
-0.290943
-0.292874
-0.152868
0.027683
0.174192
0.209622
0.129435
0.004404
-0.082771
-0.118688
-0.130527
-0.143902
-0.148411
-0.130640
-0.034157
0.044044
0.046125
-0.029808
-0.156550
-0.247205
-0.244497
-0.143438
0.027655
0.204422
0.270679
0.225405
0.111478
-0.052033
-0.129036
-0.090384
0.029992
0.171331
0.301943
0.244811
0.103526
-0.023982
-0.129099
-0.140202
0.007633
0.122912
0.215430
0.240814
0.101720
-0.116434
-0.226773
-0.254356
-0.197465
-0.024287
0.114584
0.164492
0.145718
0.064291
-0.057865
-0.122655
-0.155448
-0.174662
-0.172838
-0.123851
-0.041023
0.015302
0.023736
-0.041449
-0.151561
-0.208233
-0.180242
-0.110439
0.023389
0.126744
0.173460
0.188628
0.128538
0.044045
0.013475
0.030685
0.082920
0.173787
0.208199
0.119553
0.007987
-0.082024
-0.146503
-0.063325
0.079036
0.207384
0.249651
0.182154
-0.031110
-0.245159
-0.341203
-0.254898
-0.053273
0.137420
0.211403
0.168900
0.026467
-0.083184
-0.129669
-0.106931
-0.084751
-0.088033
-0.143903
-0.132317
-0.073210
-0.042787
-0.019298
-0.065970
-0.180384
-0.226645
-0.205342
-0.121732
0.053231
0.196736
0.232624
0.185267
0.030997
-0.073788
-0.046844
0.025650
0.157140
0.207430
0.165701
0.131848
0.069359
-0.058942
-0.124100
-0.058759
0.040840
0.159766
0.222787
0.183974
-0.015574
-0.207100
-0.302189
-0.257423
-0.100290
0.105690
0.197174
0.165099
0.043785
-0.080688
-0.139260
-0.130057
-0.135937
-0.149298
-0.157703
-0.124929
-0.072542
-0.024517
-0.013592
-0.074013
-0.163660
-0.212850
-0.189575
-0.076369
0.096966
0.218064
0.254751
0.139578
-0.021210
-0.094394
-0.032488
0.119956
0.294089
0.339662
0.211441
-0.003756
-0.209393
-0.251363
-0.091569
0.141572
0.290642
0.242336
0.068878
-0.155622
-0.267402
-0.233057
-0.104966
0.027299
0.094268
0.080314
0.017648
-0.017890
-0.034751
-0.009596
-0.020527
-0.103296
-0.184705
-0.182555
-0.108501
-0.040748
-0.028975
-0.076225
-0.167361
-0.219499
-0.184381
-0.106017
-0.000891
0.106625
0.151278
0.137526
0.074435
-0.018148
-0.010869
0.073804
0.148134
0.204558
0.212686
0.122111
0.006525
-0.077472
-0.119600
-0.062458
0.082641
0.228649
0.254889
0.191676
-0.006626
-0.239238
-0.326240
-0.269465
-0.105009
0.093892
0.212290
0.189541
0.087083
-0.042651
-0.123631
-0.149649
-0.149542
-0.157306
-0.156103
-0.123159
-0.066505
-0.021319
-0.001690
-0.065590
-0.125403
-0.159349
-0.173673
-0.100022
0.054903
0.149359
0.181435
0.194820
0.092961
0.000259
-0.000535
0.067346
0.170133
0.272015
0.255230
0.106556
-0.047800
-0.152204
-0.104629
0.072809
0.214234
0.212807
0.110506
-0.104901
-0.276836
-0.273559
-0.115074
0.055399
0.181906
0.169989
0.043318
-0.067987
-0.070959
-0.032392
-0.010914
-0.033171
-0.118590
-0.197709
-0.176693
-0.087736
-0.032336
-0.004322
-0.059091
-0.145011
-0.198687
-0.163242
-0.050688
0.110108
0.193096
0.160250
0.083355
0.021291
-0.016520
0.039509
0.159958
0.270927
0.284090
0.213524
0.033533
-0.121333
-0.150748
-0.052531
0.096701
0.249640
0.258997
0.128044
-0.065975
-0.252142
-0.306872
-0.176336
0.030370
0.164959
0.207798
0.127167
0.002094
-0.088897
-0.091847
-0.105919
-0.093798
-0.124083
-0.152983
-0.124062
-0.056171
-0.018327
-0.013345
-0.067301
-0.161898
-0.188313
-0.105493
0.013055
0.123468
0.217595
0.211015
0.116102
0.043744
0.034071
0.103740
0.223330
0.276265
0.210186
0.118065
-0.040080
-0.097871
-0.054678
0.048036
0.159538
0.202753
0.070702
-0.110505
-0.196931
-0.184539
-0.072591
0.068409
0.113350
0.069039
0.019115
-0.038854
-0.046662
-0.003107
0.016354
-0.006776
-0.074923
-0.143924
-0.143951
-0.104550
-0.073853
-0.062526
-0.107308
-0.150395
-0.133543
-0.050765
0.043908
0.098668
0.103765
0.060762
0.015907
0.009677
0.073495
0.137887
0.234599
0.286932
0.216935
0.093090
-0.017056
-0.081786
-0.082272
0.028155
0.138354
0.202981
0.203331
0.095265
-0.101058
-0.228564
-0.238390
-0.150329
0.027680
0.165196
0.170972
0.102051
0.021799
-0.076184
-0.115860
-0.113232
-0.113909
-0.117828
-0.104379
-0.090581
-0.079105
-0.063113
-0.056286
-0.085445
-0.111743
-0.124093
-0.084555
-0.017004
0.066941
0.156105
0.194711
0.164750
0.120328
0.073624
0.063175
0.143674
0.203865
0.177640
0.167058
0.068541
-0.041622
-0.038219
0.045376
0.093561
0.127559
0.061440
-0.121612
-0.238363
-0.210425
-0.080001
0.078928
0.188858
0.137629
0.003623
-0.111974
-0.133102
-0.077038
0.010803
0.037990
-0.017088
-0.085216
-0.135705
-0.150593
-0.124136
-0.103875
-0.130846
-0.137993
-0.126490
-0.076582
0.021939
0.089845
0.080482
0.068443
0.063553
0.048529
0.082708
0.105563
0.160557
0.265990
0.250152
0.093170
-0.036410
-0.089956
-0.088004
0.011787
0.152041
0.194008
0.154406
0.022417
-0.164410
-0.264473
-0.171946
-0.041803
0.084341
0.144289
0.090273
-0.017711
-0.067859
-0.080386
-0.072091
-0.059872
-0.092756
-0.159995
-0.174572
-0.133122
-0.087008
-0.025841
-0.022018
-0.081453
-0.172425
-0.175122
-0.123389
0.000153
0.125154
0.193074
0.174960
0.136913
0.072920
0.040220
0.127337
0.209685
0.156742
0.096299
0.022240
-0.051840
-0.019478
0.111711
0.155015
0.137137
0.042536
-0.162865
-0.290511
-0.239349
-0.097050
0.045621
0.170943
0.147201
0.016614
-0.084710
-0.104051
-0.103799
-0.030072
-0.005342
-0.078905
-0.154249
-0.148213
-0.153010
-0.108190
-0.047567
-0.071858
-0.127957
-0.159153
-0.187415
-0.117430
0.018635
0.103978
0.129869
0.121967
0.052856
0.009648
0.035470
0.130594
0.223665
0.252036
0.197824
0.037396
-0.118117
-0.135451
-0.044384
0.110030
0.229027
0.195643
0.021545
-0.161784
-0.290300
-0.275942
-0.107381
0.059052
0.155116
0.137610
0.034835
-0.084875
-0.116449
-0.090954
-0.078134
-0.070423
-0.112739
-0.163597
-0.151321
-0.096153
-0.068203
-0.044959
-0.082975
-0.158561
-0.192479
-0.124389
-0.016838
0.117352
0.191108
0.152285
0.063900
-0.002391
0.043288
0.131259
0.216089
0.262574
0.205624
0.066339
-0.059624
-0.067926
0.003387
0.068503
0.123812
0.082217
-0.058159
-0.166972
-0.190489
-0.129441
-0.007314
0.080256
0.054228
-0.008764
-0.053119
-0.061647
-0.038918
-0.002186
-0.018585
-0.076306
-0.134719
-0.154914
-0.108140
-0.049346
-0.034290
-0.063799
-0.123963
-0.173784
-0.172731
-0.101564
-0.013124
0.052906
0.090452
0.120805
0.098236
0.082829
0.072522
0.085927
0.138067
0.205428
0.166661
0.100561
0.030380
-0.017024
0.014953
0.077908
0.105939
0.121809
0.102674
-0.044997
-0.179066
-0.210579
-0.133933
-0.018712
0.128249
0.147593
0.074944
-0.007353
-0.064289
-0.080598
-0.039874
-0.025834
-0.072666
-0.120925
-0.157299
-0.146956
-0.092095
-0.050570
-0.061465
-0.095325
-0.136207
-0.117885
-0.053074
0.024972
0.085475
0.129984
0.116048
0.071367
0.066852
0.106832
0.161558
0.251085
0.243920
0.138251
0.001283
-0.076816
-0.057404
0.047628
0.153185
0.191470
0.142694
-0.003369
-0.187011
-0.259053
-0.171756
-0.010198
0.129115
0.165122
0.093022
-0.021316
-0.071022
-0.068732
-0.032681
-0.028111
-0.065731
-0.135715
-0.159575
-0.113378
-0.038820
0.015089
0.015784
-0.060659
-0.168814
-0.210476
-0.142843
-0.030818
0.092255
0.180998
0.191996
0.150076
0.094905
0.070832
0.119561
0.198303
0.221692
0.169028
0.061052
-0.029039
-0.069019
0.011713
0.117476
0.176015
0.180305
0.046728
-0.148974
-0.220252
-0.179463
-0.068892
0.091463
0.151298
0.097152
0.024256
-0.026931
-0.045159
-0.017268
-0.012452
-0.059470
-0.129478
-0.170833
-0.153769
-0.079830
-0.015997
-0.010468
-0.077235
-0.164358
-0.198029
-0.139099
0.007152
0.143353
0.184505
0.140157
0.053620
-0.005956
0.036572
0.178786
0.277640
0.290754
0.196437
0.003965
-0.132174
-0.100494
0.002238
0.154995
0.234277
0.191674
0.068612
-0.084049
-0.218683
-0.202629
-0.090205
0.007982
0.079934
0.082452
0.034413
0.015748
0.014549
-0.018920
-0.050865
-0.075596
-0.127997
-0.158167
-0.130764
-0.082154
-0.042146
-0.026357
-0.062062
-0.132201
-0.167207
-0.139933
-0.046222
0.084948
0.160835
0.167749
0.133198
0.075290
0.048190
0.104470
0.167375
0.201548
0.219880
0.134736
-0.014942
-0.028248
0.018749
0.089086
0.172693
0.134623
-0.020294
-0.159255
-0.239268
-0.196405
-0.029653
0.110059
0.150885
0.102050
-0.013520
-0.099160
-0.088558
-0.037042
0.018487
0.020585
-0.048195
-0.114103
-0.134608
-0.129179
-0.112907
-0.092586
-0.108277
-0.136293
-0.126774
-0.075719
-0.022812
0.037170
0.064018
0.038649
0.010381
0.067720
0.138210
0.208607
0.235233
0.180254
0.077982
0.033958
-0.010546
-0.027166
0.021810
0.090872
0.151260
0.157942
0.099547
-0.011750
-0.132573
-0.222016
-0.196607
-0.119757
0.018558
0.132155
0.159379
0.097650
-0.002761
-0.112322
-0.138430
-0.119479
-0.089657
-0.075357
-0.087098
-0.124136
-0.130203
-0.101810
-0.072230
-0.070385
-0.083611
-0.108239
-0.101315
-0.031675
0.039246
0.111049
0.162021
0.137762
0.103406
0.089054
0.120725
0.170185
0.184429
0.146081
0.072212
0.009535
0.009513
0.033095
0.071733
0.100972
0.037090
-0.105762
-0.206899
-0.193733
-0.114658
0.026530
0.124605
0.115927
0.034819
-0.040449
-0.102456
-0.115486
-0.057584
-0.011571
-0.029198
-0.040415
-0.069620
-0.113804
-0.128737
-0.138543
-0.176641
-0.190421
-0.153591
-0.115606
-0.030973
0.077668
0.127244
0.094714
0.038960
-0.019181
-0.024285
0.074279
0.202991
0.274435
0.269848
0.135690
-0.036971
-0.126020
-0.082345
0.055801
0.184154
0.204060
0.104439
-0.043496
-0.194042
-0.241898
-0.160423
-0.021596
0.073271
0.095804
0.038510
-0.030038
-0.050742
-0.022888
-0.030156
-0.055975
-0.113126
-0.180722
-0.178748
-0.103097
-0.057520
-0.044927
-0.055483
-0.119039
-0.144356
-0.108750
-0.052684
-0.021495
0.036354
0.070467
0.084343
0.109441
0.133663
0.105088
0.143320
0.215329
0.174769
0.117528
0.048666
-0.046887
-0.071721
0.023785
0.101351
0.159220
0.155745
0.004640
-0.182728
-0.258265
-0.215159
-0.085938
0.093303
0.175259
0.116730
0.026606
-0.054766
-0.102667
-0.076455
-0.033530
-0.066084
-0.112605
-0.169257
-0.186711
-0.119505
-0.034421
-0.048929
-0.087557
-0.129128
-0.153553
-0.106106
-0.008130
0.054828
0.090513
0.111186
0.083580
0.065974
0.108336
0.158247
0.196812
0.229227
0.127585
0.001691
-0.054440
-0.050900
0.018288
0.144851
0.183622
0.120380
0.028336
-0.133191
-0.250812
-0.193837
-0.061448
0.052410
0.137704
0.126466
0.019843
-0.056484
-0.070835
-0.087356
-0.067950
-0.061500
-0.109181
-0.115454
-0.086349
-0.084051
-0.066098
-0.034869
-0.079607
-0.114935
-0.114550
-0.099714
-0.040352
0.064556
0.110109
0.154405
0.158040
0.069339
0.028105
0.094018
0.203514
0.243032
0.219934
0.097584
-0.032069
-0.107440
-0.052173
0.069435
0.177334
0.222929
0.112370
-0.095907
-0.235370
-0.239612
-0.142264
0.052257
0.171999
0.148086
0.059788
-0.021546
-0.086763
-0.069470
-0.023506
-0.042188
-0.089847
-0.108429
-0.132247
-0.102065
-0.046317
-0.037561
-0.083401
-0.137982
-0.188372
-0.160562
-0.041533
0.095304
0.168448
0.167242
0.101562
0.036520
0.025733
0.098848
0.196344
0.243275
0.187120
0.067357
-0.038045
-0.065709
0.000857
0.107434
0.199399
0.195900
0.070204
-0.111689
-0.219837
-0.208007
-0.119864
0.031830
0.129370
0.121196
0.050457
-0.014427
-0.057981
-0.042200
-0.020982
-0.050124
-0.102308
-0.156489
-0.155968
-0.084934
-0.025088
0.013460
-0.002518
-0.077307
-0.165185
-0.183739
-0.145028
-0.032095
0.084813
0.165492
0.170678
0.146512
0.093012
0.068218
0.106179
0.190377
0.206638
0.167947
0.064567
-0.057922
-0.086213
0.018073
0.166965
0.224807
0.161182
-0.009239
-0.203103
-0.293770
-0.214884
-0.064716
0.102040
0.177532
0.116095
0.001844
-0.047728
-0.062679
-0.033698
0.005641
-0.010230
-0.076193
-0.127160
-0.153464
-0.124950
-0.084425
-0.073182
-0.110618
-0.162364
-0.162937
-0.104291
-0.014932
0.055752
0.095273
0.085058
0.071393
0.094574
0.093142
0.085858
0.130997
0.146340
0.092995
0.078155
0.077582
0.032882
0.023299
0.040069
0.017980
0.063284
0.103045
0.039794
-0.043449
-0.123015
-0.191955
-0.124139
-0.005058
0.056599
0.105036
0.105180
0.018189
-0.051759
-0.080301
-0.105139
-0.102030
-0.117627
-0.143842
-0.121510
-0.064072
-0.030597
-0.033813
-0.074410
-0.136253
-0.166841
-0.136423
-0.051882
0.035516
0.136339
0.200009
0.184735
0.108984
0.025241
0.002683
0.096383
0.205175
0.220742
0.150895
0.002644
-0.127215
-0.105334
0.042196
0.171740
0.232211
0.134969
-0.084498
-0.258490
-0.263762
-0.140867
0.035020
0.159004
0.136546
0.034363
-0.045218
-0.074258
-0.050742
0.011802
0.000450
-0.079848
-0.149463
-0.147653
-0.105382
-0.035058
-0.023722
-0.091238
-0.184706
-0.229282
-0.195474
-0.074118
0.053192
0.113591
0.098624
0.083316
0.049994
0.061693
0.114279
0.149151
0.130062
0.106847
0.066922
0.043275
0.040431
0.063854
0.048398
0.018606
0.046398
0.061288
0.061161
0.036078
-0.032043
-0.136846
-0.156134
-0.120592
-0.036524
0.071913
0.122636
0.067907
0.002684
-0.049905
-0.073693
-0.078237
-0.073096
-0.125343
-0.148628
-0.124710
-0.092023
-0.048851
-0.010059
-0.030780
-0.095455
-0.150403
-0.157748
-0.094054
0.022929
0.148564
0.201005
0.166838
0.084814
0.027549
0.010919
0.095365
0.185465
0.197538
0.130431
0.027883
-0.071250
-0.090187
-0.039328
0.074887
0.159469
0.164845
0.045660
-0.091867
-0.177329
-0.175489
-0.089474
0.012690
0.066175
0.063402
0.035961
0.008943
0.004228
-0.003322
-0.026615
-0.088108
-0.148006
-0.177965
-0.151033
-0.078888
-0.009361
-0.009544
-0.064735
-0.149517
-0.203459
-0.164808
-0.055574
0.056498
0.143936
0.169624
0.122838
0.052103
0.005724
0.006841
0.072388
0.141267
0.184630
0.151393
0.074832
-0.006189
-0.030632
-0.026389
0.038151
0.123313
0.127284
0.042354
-0.054647
-0.142341
-0.181353
-0.111473
-0.012661
0.059855
0.100169
0.089099
0.016285
-0.037171
-0.055591
-0.075732
-0.093396
-0.112053
-0.136255
-0.104549
-0.052907
-0.042969
-0.066307
-0.086816
-0.123103
-0.141920
-0.114790
-0.052997
0.008120
0.066465
0.128478
0.153969
0.133381
0.097396
0.039191
0.048215
0.155246
0.217637
0.194345
0.114455
-0.023311
-0.121431
-0.067822
0.039767
0.171857
0.197538
0.054227
-0.147116
-0.247670
-0.214811
-0.063364
0.107023
0.179407
0.107572
-0.018430
-0.102496
-0.087876
-0.010903
0.045777
0.030083
-0.066058
-0.133542
-0.139601
-0.099978
-0.061400
-0.070456
-0.132882
-0.178105
-0.159445
-0.085192
0.017030
0.098894
0.099616
0.047134
0.005588
0.007387
0.045719
0.139506
0.180723
0.187374
0.188670
0.133581
0.012930
-0.060340
-0.072287
-0.048042
0.058401
0.164517
0.199487
0.138758
-0.001743
-0.152126
-0.213465
-0.172878
-0.065013
0.068667
0.134940
0.098850
0.036342
-0.020206
-0.052142
-0.052600
-0.042306
-0.081356
-0.123667
-0.135190
-0.110932
-0.060218
0.000950
0.004286
-0.065188
-0.118429
-0.134192
-0.109049
-0.021638
0.073388
0.123979
0.143593
0.159575
0.131498
0.070319
0.046207
0.084742
0.143334
0.194235
0.175300
0.079997
-0.012387
-0.039576
-0.017325
0.041499
0.091566
0.052932
-0.039447
-0.127653
-0.128205
-0.053207
0.052661
0.104741
0.075406
-0.008471
-0.080901
-0.082259
-0.031182
0.027257
0.055794
0.012759
-0.093201
-0.121800
-0.116744
-0.071516
-0.035391
-0.028735
-0.105609
-0.174332
-0.178561
-0.118150
0.000526
0.116034
0.147339
0.113778
0.074207
0.046184
0.038745
0.047635
0.062542
0.129983
0.218419
0.191704
0.129279
-0.003985
-0.104422
-0.092320
0.015207
0.080939
0.203784
0.207813
0.058671
-0.115745
-0.214691
-0.231651
-0.100455
0.077574
0.146294
0.125759
0.062882
-0.032059
-0.071916
-0.030640
-0.034280
-0.086610
-0.128087
-0.140018
-0.124881
-0.053522
-0.023175
-0.032805
-0.044603
-0.099340
-0.147355
-0.094497
-0.028609
0.016592
0.113299
0.140903
0.117008
0.096513
0.071370
0.075546
0.148247
0.193813
0.173789
0.132193
0.030865
-0.071914
-0.019776
0.039922
0.101118
0.169738
0.084113
-0.106075
-0.204595
-0.197177
-0.115846
0.041512
0.131411
0.103221
0.036760
-0.035765
-0.090077
-0.066174
-0.006758
0.006141
-0.028116
-0.074968
-0.096016
-0.071676
-0.038305
-0.042920
-0.118781
-0.196100
-0.232017
-0.167551
-0.036231
0.078852
0.103827
0.076078
0.028004
0.019786
0.056295
0.101138
0.096541
0.104432
0.122033
0.089864
0.086338
0.087698
0.052363
0.018251
0.020551
-0.020706
-0.015829
0.094417
0.134813
0.041751
-0.034368
-0.105551
-0.178949
-0.109428
0.001870
0.065858
0.100646
0.088104
-0.019147
-0.065292
-0.052289
-0.056720
-0.062843
-0.082734
-0.156908
-0.167538
-0.095122
-0.048521
-0.026359
-0.029472
-0.090274
-0.137321
-0.122086
-0.078093
-0.010613
0.093617
0.158559
0.158384
0.116726
0.054615
0.010831
0.056033
0.134351
0.195108
0.199033
0.113067
-0.029949
-0.115664
-0.111846
-0.009608
0.164038
0.225794
0.149495
-0.020593
-0.203796
-0.278912
-0.167289
0.002114
0.124012
0.164502
0.087480
-0.029500
-0.078354
-0.054409
-0.023724
-0.020079
-0.068633
-0.133884
-0.162658
-0.118315
-0.052550
-0.025389
-0.069899
-0.145810
-0.201359
-0.174928
-0.078656
0.026252
0.101226
0.103462
0.081560
0.057332
0.083095
0.096542
0.088709
0.103406
0.135666
0.101010
0.068974
0.028246
0.007239
0.026940
0.091515
0.119352
0.140001
0.068559
-0.080156
-0.179403
-0.210701
-0.147759
-0.028697
0.105617
0.146728
0.112303
0.008430
-0.078332
-0.109941
-0.076645
-0.069667
-0.061579
-0.087013
-0.125634
-0.109147
-0.053210
-0.024743
-0.046702
-0.087456
-0.147743
-0.146884
-0.095422
-0.018386
0.011021
0.045910
0.076406
0.116370
0.133965
0.151119
0.098611
0.060688
0.105540
0.125096
0.123208
0.119085
0.064172
-0.046538
-0.053178
0.004391
0.082924
0.140608
0.120847
-0.026124
-0.163152
-0.210380
-0.152310
-0.000136
0.126669
0.130180
0.044881
-0.057271
-0.109650
-0.060900
0.016971
0.053254
0.016250
-0.073992
-0.147614
-0.162029
-0.103178
-0.070411
-0.091083
-0.152483
-0.205861
-0.168309
-0.043224
0.054238
0.098273
0.094367
0.044683
0.008762
0.038364
0.102028
0.130848
0.109042
0.133329
0.104358
0.065996
0.067554
0.052175
0.017575
0.043093
0.033008
0.025465
0.059831
0.056530
-0.046599
-0.075541
-0.095895
-0.099656
-0.030766
0.039444
0.053513
0.074320
0.038345
-0.033308
-0.051490
-0.041149
-0.077239
-0.103175
-0.119829
-0.139156
-0.102747
-0.051357
-0.044849
-0.062265
-0.088437
-0.128899
-0.121385
-0.067059
-0.005482
0.052129
0.096283
0.083820
0.088795
0.121462
0.120365
0.108361
0.153619
0.158230
0.125961
0.082838
0.005809
-0.061764
-0.046189
0.015213
0.108478
0.161665
0.147422
0.014747
-0.108762
-0.196435
-0.186949
-0.090364
0.031836
0.102904
0.096888
0.043692
-0.006142
-0.024898
-0.022911
-0.007111
-0.050118
-0.096689
-0.124663
-0.120832
-0.095516
-0.036490
-0.064500
-0.144261
-0.197135
-0.199195
-0.123823
0.005507
0.089208
0.094575
0.062488
0.013459
0.033660
0.105723
0.138513
0.136408
0.143834
0.098794
0.052099
0.051113
0.029720
0.055223
0.075423
0.051520
0.052768
0.058958
0.037871
-0.012729
-0.074414
-0.137561
-0.141272
-0.076166
0.017289
0.095305
0.112722
0.049025
-0.021535
-0.069964
-0.082563
-0.067481
-0.044479
-0.101147
-0.138538
-0.126122
-0.114982
-0.073701
-0.023923
-0.025643
-0.074175
-0.106200
-0.129965
-0.086760
-0.010788
0.051347
0.124239
0.168447
0.164339
0.141080
0.077408
0.053523
0.104732
0.144779
0.128813
0.091835
0.003155
-0.055836
-0.027044
0.034959
0.143593
0.166233
0.067763
-0.058357
-0.167834
-0.213452
-0.126643
0.001533
0.085545
0.123276
0.065914
0.009560
-0.024844
-0.013863
-0.026778
-0.068812
-0.136276
-0.170693
-0.147421
-0.073516
0.003465
0.002113
-0.086224
-0.174349
-0.223313
-0.174803
-0.069205
0.044826
0.122866
0.134911
0.101266
0.063528
0.048946
0.051940
0.088471
0.137316
0.169878
0.127991
0.055846
0.032871
0.036531
0.005272
0.014626
0.035134
0.059776
0.069316
0.025483
-0.060069
-0.106436
-0.119584
-0.078096
0.017226
0.086297
0.071979
0.052476
0.009372
-0.045170
-0.082435
-0.095211
-0.106918
-0.121432
-0.097573
-0.090250
-0.100528
-0.076414
-0.058544
-0.064275
-0.074505
-0.094321
-0.108965
-0.060295
0.011265
0.073944
0.150771
0.183956
0.129720
0.076590
0.050428
0.101126
0.174637
0.208456
0.158167
0.035860
-0.041280
-0.061031
-0.011020
0.070503
0.146533
0.097454
-0.031590
-0.158893
-0.170930
-0.115063
0.000683
0.101753
0.099567
0.036011
-0.021467
-0.040856
-0.023438
0.025283
0.010849
-0.060386
-0.125187
-0.150981
-0.131337
-0.048290
-0.019890
-0.067906
-0.145293
-0.208949
-0.196646
-0.100747
0.017661
0.098479
0.138978
0.122497
0.067516
0.042640
0.051105
0.057677
0.099225
0.179697
0.180376
0.122845
0.086624
0.003761
-0.045218
-0.018059
0.009779
0.062150
0.119758
0.045658
-0.046299
-0.091170
-0.100248
-0.082129
-0.014742
0.033549
0.047472
0.034143
0.022779
-0.001218
-0.018169
-0.031114
-0.081254
-0.149666
-0.165031
-0.146391
-0.092803
-0.011838
0.011223
-0.032715
-0.101615
-0.157681
-0.159762
-0.077891
0.036736
0.117388
0.149758
0.139845
0.094985
0.084692
0.082386
0.108809
0.145876
0.150976
0.122283
0.053214
0.021913
0.007968
0.005575
0.007051
0.060003
0.052319
0.019084
-0.050793
-0.107850
-0.119331
-0.070553
0.001110
0.072170
0.085508
0.034035
-0.023475
-0.063015
-0.070158
-0.048003
-0.016111
-0.030933
-0.053040
-0.056988
-0.055999
-0.070346
-0.104800
-0.149226
-0.196461
-0.180074
-0.113835
-0.043287
0.027433
0.100799
0.112580
0.108288
0.079822
0.023626
0.014535
0.040456
0.092055
0.165914
0.224782
0.182268
0.077937
-0.018577
-0.100576
-0.103524
-0.003012
0.149814
0.206420
0.135397
-0.030549
-0.181274
-0.230733
-0.148384
-0.022543
0.091972
0.134704
0.075991
0.016384
-0.036887
-0.074964
-0.071759
-0.085099
-0.139112
-0.117742
-0.097154
-0.056735
-0.014445
-0.017468
-0.074062
-0.118511
-0.141211
-0.112923
-0.036880
0.012973
0.044521
0.096366
0.121704
0.111937
0.076672
0.068908
0.083044
0.101867
0.149249
0.193394
0.111421
0.044824
-0.007895
-0.059562
-0.033070
0.060285
0.120735
0.091485
0.019097
-0.118391
-0.162092
-0.120911
-0.036571
0.039825
0.102001
0.055213
0.003066
-0.023918
-0.029148
-0.033179
-0.028655
-0.068690
-0.087693
-0.055887
-0.039793
-0.040783
-0.076469
-0.151509
-0.223603
-0.202947
-0.125271
-0.032619
0.049677
0.074006
0.059350
0.077905
0.094211
0.096139
0.093335
0.039687
0.032596
0.109479
0.158601
0.172046
0.161086
0.068238
-0.024032
-0.075438
-0.059515
0.022505
0.116676
0.125064
0.040831
-0.088185
-0.167533
-0.154565
-0.041451
0.077614
0.135441
0.095403
0.012135
-0.068839
-0.088028
-0.072937
-0.059966
-0.070542
-0.092715
-0.096951
-0.078549
-0.053654
-0.034467
-0.032841
-0.067302
-0.097918
-0.120463
-0.110462
-0.058489
0.022219
0.078966
0.132528
0.157773
0.121857
0.095969
0.054587
0.055914
0.095730
0.143669
0.153180
0.124329
0.061228
0.020457
0.000539
-0.015514
0.009909
0.005950
-0.013672
-0.050197
-0.063782
-0.068074
-0.007385
0.033240
0.041260
0.043246
0.007258
-0.013036
-0.003979
-0.016573
-0.056599
-0.076243
-0.103694
-0.103986
-0.077307
-0.049635
-0.044087
-0.051754
-0.104137
-0.150530
-0.148673
-0.116505
-0.070464
0.012166
0.080438
0.116427
0.130277
0.129618
0.103159
0.087359
0.071254
0.073280
0.118026
0.121018
0.107789
0.087181
0.016181
-0.032278
-0.034149
0.023659
0.132728
0.162824
0.059652
-0.077226
-0.190778
-0.203607
-0.077099
0.065830
0.130217
0.129093
0.058228
-0.055543
-0.114665
-0.097077
-0.073059
-0.061459
-0.064586
-0.081801
-0.094513
-0.061373
-0.042431
-0.046178
-0.085879
-0.119159
-0.135174
-0.087176
-0.005959
0.085344
0.124884
0.138229
0.110498
0.067723
0.055893
0.084952
0.120470
0.180167
0.213399
0.139403
0.029628
-0.034091
-0.044892
-0.017894
0.091840
0.113275
0.037339
-0.052752
-0.121444
-0.131168
-0.045634
0.043464
0.065025
0.046464
0.005555
-0.050448
-0.054593
0.004040
0.035041
0.028355
-0.025669
-0.095686
-0.126976
-0.116071
-0.094139
-0.079266
-0.083207
-0.109045
-0.123566
-0.099247
-0.062887
-0.012502
0.034037
0.048049
0.054162
0.069819
0.089794
0.111220
0.122171
0.120912
0.109922
0.126477
0.089582
0.067671
0.024719
0.000278
0.001180
0.041230
0.093933
0.117830
0.036370
-0.068512
-0.134027
-0.155385
-0.095588
0.023080
0.095414
0.103781
0.067960
-0.016619
-0.075425
-0.084784
-0.094580
-0.085478
-0.072674
-0.061997
-0.036297
-0.046721
-0.060410
-0.080031
-0.096367
-0.106995
-0.086448
-0.069087
-0.040775
-0.004911
0.035217
0.052985
0.107499
0.116110
0.085179
0.086081
0.082730
0.099911
0.152720
0.189643
0.102776
0.040386
-0.020929
-0.061153
-0.003722
0.102720
0.120161
0.057835
-0.036846
-0.148737
-0.156563
-0.070679
0.040917
0.086628
0.095045
0.026963
-0.028278
-0.041817
-0.027282
-0.035369
-0.052463
-0.076903
-0.112798
-0.113570
-0.077718
-0.045858
-0.055875
-0.088816
-0.132152
-0.156627
-0.131609
-0.078538
-0.009707
0.054585
0.071440
0.068267
0.100396
0.104665
0.133400
0.145046
0.086357
0.070481
0.103501
0.078716
0.078182
0.069954
0.033318
0.004147
0.028913
0.004196
-0.016820
0.006961
-0.032532
-0.073516
-0.057390
-0.039502
-0.016520
0.047022
0.038265
-0.005775
-0.029721
-0.050389
-0.069001
-0.049346
-0.049136
-0.070957
-0.054215
-0.061852
-0.072548
-0.064184
-0.065892
-0.118295
-0.131712
-0.121897
-0.087283
-0.034119
0.047984
0.060428
0.065088
0.073861
0.060832
0.085887
0.117663
0.105302
0.114966
0.158776
0.137980
0.083637
0.027842
-0.043065
-0.035678
0.039258
0.077179
0.077741
0.053097
-0.050051
-0.135796
-0.127615
-0.070771
0.027019
0.095373
0.078446
-0.007395
-0.050786
-0.072162
-0.038168
0.010693
0.004453
-0.052672
-0.114602
-0.159245
-0.145121
-0.075395
-0.041006
-0.037089
-0.067745
-0.106001
-0.119537
-0.099482
-0.053004
0.031416
0.076369
0.083346
0.083329
0.100624
0.121602
0.123591
0.122302
0.119403
0.121001
0.082124
0.009753
-0.010478
0.004119
0.040921
0.067475
0.095916
0.045741
-0.048315
-0.092386
-0.103604
-0.088935
-0.018640
0.042132
0.037297
0.022939
-0.000825
-0.025456
-0.037434
-0.031261
-0.058245
-0.095340
-0.112445
-0.109394
-0.088207
-0.032145
-0.020781
-0.059272
-0.091227
-0.102749
-0.098394
-0.051668
-0.015996
0.013506
0.031388
0.048896
0.080996
0.104749
0.131786
0.136493
0.104465
0.099032
0.100967
0.070662
0.076943
0.056904
0.005419
-0.003885
0.039936
0.050710
0.049143
0.023833
-0.045982
-0.101562
-0.098291
-0.061074
-0.002190
0.054883
0.064789
0.037961
-0.007551
-0.048907
-0.080257
-0.068148
-0.061230
-0.065497
-0.077533
-0.077935
-0.100017
-0.100484
-0.095603
-0.088286
-0.066647
-0.041742
-0.054885
-0.048265
-0.029100
0.010345
0.062016
0.121968
0.141738
0.119092
0.083402
0.076140
0.095077
0.123019
0.117068
0.072275
0.046402
0.039675
0.014925
0.042195
0.052736
0.021250
-0.034073
-0.087068
-0.117050
-0.076582
-0.000311
0.054794
0.062424
0.031389
-0.003809
-0.030439
-0.037978
-0.039687
-0.050583
-0.066914
-0.085951
-0.092935
-0.087238
-0.069423
-0.056743
-0.080647
-0.096762
-0.097708
-0.077230
-0.056125
-0.045407
-0.026383
-0.001126
0.048875
0.100384
0.124313
0.086657
0.085472
0.114505
0.130630
0.130926
0.105291
0.052929
0.023079
0.030105
0.037378
0.030442
0.025621
0.022638
-0.015510
-0.026303
-0.053637
-0.058677
-0.032333
0.005880
0.008695
0.030947
0.020544
-0.004154
-0.020545
-0.036352
-0.073841
-0.083795
-0.093878
-0.105348
-0.093933
-0.062362
-0.071048
-0.097540
-0.119637
-0.130288
-0.087064
-0.026714
-0.026799
-0.024646
-0.001138
0.032222
0.065480
0.114692
0.127292
0.107101
0.082041
0.129611
0.133389
0.080792
0.065047
0.052211
0.005324
0.042662
0.061729
0.021757
0.019337
-0.011022
-0.096250
-0.110736
-0.063788
-0.032684
0.021620
0.062980
0.025050
-0.015867
-0.024126
-0.033869
-0.046070
-0.038771
-0.060321
-0.092386
-0.092460
-0.079050
-0.078551
-0.071968
-0.086133
-0.119133
-0.116813
-0.073003
-0.051697
-0.043741
-0.032468
-0.019415
0.008922
0.099597
0.130307
0.122761
0.101382
0.053856
0.078366
0.157663
0.155551
0.121746
0.059200
-0.033889
-0.041887
0.021100
0.069927
0.076397
0.044456
-0.066413
-0.153049
-0.159925
-0.068012
0.047600
0.129112
0.114831
0.015641
-0.077356
-0.115795
-0.102532
-0.066225
-0.019994
-0.027324
-0.059961
-0.077409
-0.097589
-0.108806
-0.100609
-0.099311
-0.112402
-0.081836
-0.055867
-0.030375
-0.002522
0.023472
0.021796
0.057996
0.110328
0.142176
0.152851
0.136427
0.083194
0.058896
0.080623
0.073899
0.067739
0.082012
0.029388
-0.002475
0.036739
0.024641
0.006576
-0.010359
-0.075138
-0.104108
-0.049461
-0.005168
0.035985
0.091724
0.061394
-0.009706
-0.061474
-0.102833
-0.092328
-0.043834
-0.030303
-0.052766
-0.071483
-0.102828
-0.114752
-0.104257
-0.092093
-0.071343
-0.042725
-0.055040
-0.048131
-0.012969
0.022826
0.044078
0.090302
0.065809
0.072481
0.130997
0.173997
0.172791
0.163499
0.088136
0.007813
-0.008302
0.020413
0.058203
0.100295
0.073971
0.034729
0.013692
-0.055468
-0.089527
-0.080665
-0.035285
0.007176
0.058721
0.059157
0.037287
0.007623
-0.031328
-0.080441
-0.085489
-0.077525
-0.069644
-0.054551
-0.051570
-0.073002
-0.094201
-0.103102
-0.108568
-0.094172
-0.071387
-0.060273
-0.042597
0.001038
0.035354
0.075642
0.114243
0.110939
0.094493
0.114130
0.141980
0.146977
0.139665
0.104424
0.034729
0.001619
0.034123
0.063602
0.100140
0.091111
-0.004457
-0.071060
-0.095418
-0.109583
-0.039517
0.049985
0.065317
0.058653
0.027708
-0.045509
-0.056378
-0.030324
-0.044001
-0.030946
-0.012410
-0.062914
-0.084184
-0.077597
-0.103869
-0.101737
-0.075175
-0.086404
-0.077784
-0.047050
-0.065395
-0.063367
-0.002331
0.042134
0.082878
0.112086
0.092384
0.078516
0.143043
0.199643
0.202891
0.144676
0.012300
-0.053837
-0.039656
0.050618
0.139284
0.156448
0.097380
-0.019087
-0.121930
-0.153673
-0.088395
0.003783
0.076457
0.066174
0.021497
-0.018844
-0.039273
-0.032187
-0.011248
-0.008062
-0.018385
-0.058358
-0.097729
-0.101283
-0.110174
-0.089123
-0.074248
-0.083457
-0.105219
-0.082702
-0.083564
-0.058954
-0.005575
0.029099
0.027732
0.064357
0.092484
0.130309
0.152783
0.127508
0.115097
0.151436
0.148135
0.095535
0.052880
-0.015792
-0.021278
0.020016
0.094508
0.120252
0.059519
-0.051558
-0.133678
-0.159083
-0.109336
-0.009604
0.070685
0.120352
0.084861
0.006855
-0.068045
-0.096472
-0.096634
-0.061271
-0.051799
-0.073991
-0.090446
-0.075929
-0.067880
-0.063605
-0.070282
-0.106812
-0.115204
-0.096898
-0.066475
-0.006474
0.057209
0.054121
0.092273
0.127090
0.124736
0.124050
0.155358
0.167316
0.115579
0.050005
0.010007
0.008822
0.040454
0.078700
0.096258
0.082443
0.016016
-0.050663
-0.096414
-0.101410
-0.060514
-0.001953
0.030446
0.044882
0.041584
0.017047
-0.009829
-0.044967
-0.070992
-0.092380
-0.075596
-0.079317
-0.060130
-0.048103
-0.052036
-0.089850
-0.113649
-0.158219
-0.157110
-0.099882
-0.034747
0.030369
0.056710
0.045978
0.043340
0.074745
0.102460
0.142793
0.150207
0.124325
0.090859
0.118737
0.089257
0.056315
0.057588
0.023268
-0.006512
0.034627
0.067697
0.024441
-0.015417
-0.087122
-0.141511
-0.097538
-0.000049
0.052144
0.108059
0.091032
-0.008685
-0.094569
-0.120193
-0.112587
-0.047286
0.006312
-0.017647
-0.061299
-0.098074
-0.124880
-0.118440
-0.083008
-0.084692
-0.086594
-0.091442
-0.067658
-0.013450
0.052891
0.077308
0.096031
0.080561
0.043370
0.085161
0.157375
0.210836
0.215451
0.140979
0.023360
-0.065460
-0.070014
0.011430
0.123195
0.160546
0.088915
-0.038668
-0.157259
-0.188104
-0.110328
0.019046
0.096734
0.099505
0.043083
-0.027308
-0.054598
-0.044427
-0.019396
-0.024460
-0.070788
-0.130806
-0.154414
-0.112077
-0.060972
-0.028751
-0.045947
-0.106074
-0.148216
-0.137057
-0.098026
-0.023315
0.055969
0.084243
0.080338
0.073664
0.077039
0.122615
0.168518
0.184476
0.172940
0.119770
0.013385
-0.009600
-0.009901
0.017092
0.081430
0.096303
-0.006081
-0.061844
-0.064813
-0.067909
0.000569
0.048996
0.009863
-0.025457
-0.023488
-0.059375
-0.025879
0.011449
0.001761
-0.042150
-0.059348
-0.103649
-0.106968
-0.084167
-0.080540
-0.082760
-0.086552
-0.091543
-0.089864
-0.078082
-0.086599
-0.056316
-0.019787
0.023899
0.049771
0.110834
0.141898
0.138325
0.097971
0.067819
0.082492
0.114132
0.140159
0.101563
0.046540
0.014617
0.009986
0.043383
0.070296
0.049172
-0.028630
-0.118370
-0.158301
-0.113017
-0.012117
0.078392
0.119383
0.076574
-0.013394
-0.085880
-0.093734
-0.073850
-0.030001
-0.012319
-0.046655
-0.101596
-0.132502
-0.138010
-0.104643
-0.054293
-0.050850
-0.075599
-0.123359
-0.134432
-0.085951
0.000498
0.079241
0.143012
0.129984
0.080472
0.080602
0.099582
0.117442
0.166464
0.165700
0.075071
-0.035242
-0.075637
-0.035504
0.093959
0.183903
0.143970
0.023881
-0.089337
-0.194373
-0.180832
-0.072327
0.044184
0.095450
0.125733
0.048648
-0.031541
-0.068986
-0.074113
-0.068599
-0.048222
-0.083095
-0.115169
-0.111163
-0.082925
-0.057335
-0.032742
-0.055422
-0.107495
-0.142338
-0.151285
-0.098159
-0.003142
0.065239
0.105741
0.113539
0.103652
0.085299
0.081272
0.081436
0.138835
0.183363
0.144679
0.074799
-0.003308
-0.045540
0.007478
0.088784
0.139638
0.093650
-0.027155
-0.151758
-0.191083
-0.136186
-0.015040
0.102211
0.142509
0.098223
-0.006384
-0.086770
-0.098897
-0.070064
-0.038727
-0.009571
-0.043918
-0.096238
-0.108394
-0.094488
-0.091959
-0.071579
-0.093741
-0.135700
-0.139366
-0.103890
-0.045676
0.036212
0.061761
0.052864
0.057238
0.075275
0.105974
0.165845
0.178792
0.167808
0.152447
0.070813
-0.026573
-0.019642
0.002552
0.055451
0.128049
0.114867
0.034433
-0.010758
-0.097817
-0.162214
-0.105946
-0.040477
0.005678
0.073258
0.081758
0.050238
0.018021
-0.029245
-0.077013
-0.077579
-0.087169
-0.102516
-0.087284
-0.087502
-0.073564
-0.043659
-0.044633
-0.088755
-0.120468
-0.139287
-0.126272
-0.038413
0.029909
0.078974
0.122303
0.116512
0.106852
0.120398
0.083893
0.101767
0.145470
0.144497
0.132602
0.075414
0.023906
0.011133
0.020571
0.068380
0.071848
-0.011038
-0.048871
-0.094095
-0.118491
-0.058898
0.029382
0.052492
0.079116
0.041811
-0.033914
-0.053881
-0.031284
-0.050209
-0.020899
-0.032316
-0.089718
-0.116606
-0.111017
-0.104876
-0.081617
-0.056559
-0.102198
-0.119232
-0.109078
-0.090589
-0.044848
0.045456
0.080058
0.128636
0.172672
0.161539
0.118236
0.094989
0.033782
0.032029
0.106068
0.176204
0.153362
0.089303
0.044327
-0.003557
-0.024597
-0.008971
-0.027226
-0.057078
-0.043522
-0.045247
-0.031831
0.018299
0.045075
0.039046
0.029583
-0.016211
-0.065974
-0.060666
-0.058276
-0.048250
-0.035566
-0.051523
-0.085213
-0.093116
-0.105125
-0.108903
-0.095743
-0.108990
-0.107435
-0.081818
-0.050076
-0.009150
0.035063
0.056218
0.081441
0.133129
0.141884
0.150883
0.139272
0.101394
0.108731
0.126597
0.068840
0.056075
0.035585
0.020300
0.073582
0.110923
0.053572
-0.020562
-0.100378
-0.159133
-0.119673
-0.033398
0.053192
0.108387
0.101341
0.029757
-0.039580
-0.072807
-0.065484
-0.068326
-0.056593
-0.077939
-0.098447
-0.096490
-0.075792
-0.080251
-0.077968
-0.108503
-0.151813
-0.142695
-0.110401
-0.065506
0.018171
0.107809
0.136855
0.153321
0.112572
0.054030
0.050727
0.119849
0.150163
0.192440
0.185796
0.080947
-0.037278
-0.083955
-0.043855
0.057000
0.183181
0.142943
-0.011561
-0.168402
-0.228786
-0.179097
0.002395
0.138712
0.155364
0.080387
-0.025628
-0.126563
-0.112535
-0.050587
-0.017944
-0.036787
-0.086065
-0.135843
-0.129223
-0.075417
-0.031696
-0.040278
-0.104177
-0.183261
-0.181128
-0.084617
0.050767
0.125109
0.140328
0.095419
0.039083
0.065208
0.114667
0.158080
0.219170
0.201462
0.107936
0.042923
-0.005422
0.005261
0.075631
0.089701
0.042983
-0.008868
-0.093258
-0.140136
-0.071308
-0.009873
0.028458
0.071605
0.033212
-0.042304
-0.034447
-0.018261
-0.019227
-0.003934
-0.026668
-0.104546
-0.126833
-0.122451
-0.102049
-0.055609
-0.037998
-0.079412
-0.123947
-0.147602
-0.140291
-0.096319
-0.012456
0.048888
0.078663
0.108086
0.120752
0.140451
0.188738
0.161521
0.085371
0.072724
0.069083
0.051815
0.085079
0.081145
0.048800
0.047333
0.062869
0.031380
-0.003703
-0.029735
-0.095497
-0.127282
-0.093403
-0.016343
0.050076
0.101911
0.091635
0.030320
-0.033844
-0.080449
-0.088134
-0.084747
-0.084104
-0.079022
-0.077041
-0.068996
-0.026994
-0.028425
-0.060044
-0.105583
-0.154261
-0.203306
-0.154335
-0.052708
0.041436
0.127426
0.163117
0.141647
0.123106
0.103921
0.064575
0.069214
0.098748
0.104128
0.130919
0.134427
0.079363
0.022048
0.005343
0.016523
0.032956
0.014704
-0.014158
-0.082641
-0.106720
-0.082924
-0.037579
0.033497
0.089376
0.078216
0.031464
-0.019031
-0.077130
-0.100547
-0.093696
-0.097710
-0.066182
-0.027161
-0.045440
-0.056867
-0.085866
-0.123907
-0.142303
-0.119286
-0.109549
-0.101151
-0.047364
0.016200
0.079291
0.165983
0.213958
0.194299
0.112196
0.009889
0.000916
0.047614
0.121502
0.175801
0.184458
0.102944
0.038486
-0.028671
-0.032413
0.019047
0.027343
-0.020087
-0.086601
-0.131177
-0.100470
-0.001420
0.082666
0.105040
0.070285
0.003966
-0.066732
-0.105391
-0.102184
-0.072384
-0.060847
-0.039250
-0.030515
-0.045816
-0.074406
-0.103406
-0.125844
-0.143280
-0.165815
-0.135203
-0.092777
-0.022437
0.067774
0.134108
0.151108
0.134647
0.097626
0.060544
0.050271
0.068502
0.109139
0.145228
0.128677
0.079637
0.040133
0.036363
0.044264
0.082896
0.097138
0.005914
-0.099138
-0.171568
-0.180966
-0.094641
0.058097
0.122323
0.118172
0.047225
-0.062241
-0.103645
-0.062380
-0.038613
-0.028874
-0.064973
-0.120638
-0.111425
-0.071056
-0.043143
-0.035218
-0.062627
-0.123578
-0.154681
-0.145653
-0.114119
-0.060994
0.001979
0.056494
0.109885
0.158839
0.173019
0.166987
0.097841
0.047287
0.030608
0.054500
0.116480
0.156737
0.161175
0.090960
-0.043581
-0.090746
-0.020331
0.034872
0.038489
-0.002766
-0.085578
-0.131733
-0.087617
0.003495
0.075101
0.104298
0.037029
-0.048644
-0.084686
-0.086382
-0.055706
-0.020336
-0.052233
-0.088274
-0.097309
-0.102739
-0.097368
-0.071040
-0.089452
-0.128011
-0.127178
-0.123737
-0.093544
-0.017643
0.054280
0.098208
0.153537
0.162403
0.149641
0.107883
0.043989
0.018301
0.066621
0.103619
0.139489
0.144827
0.105604
0.077391
0.048015
0.008680
