0.081924
-0.087207
-0.139555
-0.064439
0.071131
0.166300
0.125029
-0.039663
-0.143288
-0.127457
-0.099343
-0.074419
-0.084920
-0.132311
-0.143805
-0.104534
-0.078988
-0.169085
-0.210739
-0.169879
-0.174277
-0.157930
-0.069202
-0.016056
0.016705
0.126365
0.183710
0.127446
0.083262
0.128411
0.203717
0.319294
0.408737
0.400130
0.230529
0.002307
-0.220034
-0.343099
-0.278047
-0.017575
0.201265
0.271200
0.138544
-0.098581
-0.292814
-0.318235
-0.289374
-0.221451
-0.152356
-0.090731
-0.061566
-0.067197
-0.182463
-0.211593
-0.171707
-0.109231
-0.040594
0.026175
0.076527
0.138004
0.179055
0.202724
0.229765
0.220107
0.255200
0.311616
0.266388
0.170235
0.022642
-0.185409
-0.225223
-0.103350
0.056014
0.122270
0.136187
0.017020
-0.100901
-0.188996
-0.181405
-0.154971
-0.127013
-0.138100
-0.112786
-0.062822
-0.000672
0.005733
-0.126859
-0.353535
-0.284102
-0.083626
0.115837
0.199334
0.087385
-0.107127
-0.156486
0.006721
0.188920
0.346656
0.375651
0.266846
0.137889
0.074998
0.060299
0.014824
-0.082411
-0.089881
-0.002750
0.125790
0.212255
0.124349
-0.086906
-0.220249
-0.222900
-0.139169
-0.015782
0.019553
-0.042062
-0.088782
-0.117398
-0.106250
-0.144123
-0.247518
-0.239841
-0.148950
0.000683
0.118286
0.094931
-0.016000
-0.074060
-0.069947
-0.010747
0.095481
0.189743
0.260590
0.348148
0.380231
0.330313
0.206951
0.005824
-0.220780
-0.277304
-0.178153
0.019450
0.200202
0.265630
0.151490
-0.051938
-0.225937
-0.298404
-0.269273
-0.189788
-0.090656
-0.022960
-0.018099
-0.016469
-0.047455
-0.187313
-0.335202
-0.292080
-0.177010
0.017209
0.180570
0.162066
0.038118
-0.003009
0.013695
0.099879
0.233145
0.268098
0.309096
0.289395
0.230203
0.147203
0.044322
-0.129853
-0.166750
-0.094174
0.033145
0.110399
0.123904
0.019167
-0.082235
-0.157974
-0.164503
-0.133870
-0.123209
-0.089964
-0.050079
-0.062889
-0.070624
-0.091307
-0.234742
-0.303710
-0.136523
0.009174
0.077758
0.078439
0.008072
-0.055608
0.016090
0.089246
0.155983
0.170281
0.221807
0.288698
0.324601
0.288800
0.210132
0.066090
-0.123079
-0.213383
-0.140178
0.007806
0.167368
0.195952
0.087706
-0.057545
-0.159748
-0.197264
-0.190494
-0.188776
-0.155321
-0.077325
0.012017
0.062589
-0.003136
-0.233149
-0.330592
-0.236020
-0.044975
0.121015
0.110788
-0.005240
-0.117066
-0.074330
0.072453
0.230711
0.218248
0.153065
0.166733
0.237652
0.255206
0.228372
0.114600
-0.073891
-0.162624
-0.115905
0.032322
0.129933
0.130838
0.000586
-0.104401
-0.130894
-0.081504
-0.054087
-0.057751
-0.090134
-0.114288
-0.092652
-0.038426
-0.017636
-0.145878
-0.289683
-0.234417
-0.067228
0.055792
0.104538
0.014207
-0.115944
-0.123106
0.008191
0.148074
0.234663
0.299342
0.322595
0.302152
0.243074
0.140711
0.021507
-0.043549
-0.067950
-0.047747
0.076023
0.165393
0.132143
0.021579
-0.084562
-0.164511
-0.163101
-0.119704
-0.082448
-0.070028
-0.044126
-0.056113
-0.071778
-0.081800
-0.132458
-0.274324
-0.277703
-0.122305
0.040006
0.140363
0.114185
-0.022856
-0.074926
0.015737
0.127407
0.169141
0.130826
0.109105
0.180278
0.315601
0.360198
0.271379
0.110405
-0.072963
-0.215643
-0.193126
-0.034206
0.124464
0.148394
0.115481
-0.002231
-0.112205
-0.177285
-0.168444
-0.172546
-0.095293
-0.007049
0.031637
0.009865
0.003310
-0.146030
-0.278833
-0.204494
-0.018442
0.073874
0.074111
0.040586
-0.058686
-0.086539
-0.004427
0.031804
0.058641
0.182161
0.208888
0.236794
0.311749
0.292415
0.152813
0.085535
-0.005779
-0.098212
-0.070247
0.033518
0.088198
0.089354
0.056269
-0.001626
-0.060852
-0.109029
-0.109735
-0.121918
-0.114913
-0.046329
-0.018827
-0.057657
-0.082583
-0.212238
-0.258757
-0.151582
-0.054098
-0.015519
0.023977
-0.009816
-0.069100
-0.031921
0.036095
0.074524
0.134201
0.212232
0.261148
0.305763
0.363329
0.355394
0.237901
0.066891
-0.149348
-0.213668
-0.139110
0.017235
0.161165
0.204220
0.103863
-0.039888
-0.156824
-0.208375
-0.193628
-0.147860
-0.122931
-0.126804
-0.075295
-0.007155
0.015433
-0.107230
-0.260453
-0.287683
-0.209149
-0.055778
0.091106
0.143158
0.101580
0.050653
0.023958
0.073253
0.172532
0.219054
0.259468
0.290286
0.295968
0.227940
0.146033
0.007174
-0.127336
-0.145765
-0.092031
0.033882
0.124756
0.106270
0.001354
-0.086304
-0.154203
-0.139658
-0.119915
-0.114921
-0.098619
-0.048901
-0.015328
0.017003
-0.057671
-0.258854
-0.292383
-0.130689
0.016479
0.097694
0.062881
-0.046058
-0.037350
0.065389
0.134264
0.152327
0.147284
0.099196
0.187503
0.313013
0.343298
0.252383
0.113534
-0.071405
-0.193522
-0.130506
0.021653
0.100634
0.098650
0.049379
-0.023443
-0.078497
-0.077258
-0.079917
-0.152161
-0.170006
-0.117693
-0.062470
-0.014328
0.012005
-0.134321
-0.262590
-0.192874
-0.083819
0.036238
0.077559
0.039044
-0.046635
-0.025664
0.021843
0.075443
0.120527
0.210513
0.286541
0.323062
0.313717
0.220515
0.063930
-0.071071
-0.126085
-0.104473
-0.001292
0.112365
0.131392
0.057925
-0.025006
-0.111698
-0.163849
-0.153941
-0.129264
-0.111040
-0.071171
-0.039836
-0.052368
-0.060038
-0.106557
-0.253478
-0.273545
-0.138966
0.005947
0.078200
0.091655
0.010942
-0.052289
-0.005946
0.051439
0.119415
0.174000
0.174924
0.195610
0.316919
0.376534
0.260925
0.093539
-0.086365
-0.239359
-0.215260
-0.046919
0.121499
0.175680
0.120586
0.005402
-0.139813
-0.206058
-0.193634
-0.189170
-0.153839
-0.077620
-0.046174
-0.020200
0.042376
-0.058344
-0.268475
-0.296309
-0.181844
-0.019566
0.120363
0.132882
0.035648
-0.024124
-0.012046
0.050822
0.119824
0.206948
0.228962
0.216758
0.235608
0.200544
0.122279
0.022338
-0.062793
-0.151385
-0.091169
0.042117
0.089551
0.060452
0.005998
-0.079801
-0.160233
-0.159121
-0.137329
-0.114511
-0.091510
-0.040602
-0.058287
-0.074944
-0.152765
-0.205468
-0.211656
-0.133028
-0.011112
0.046160
0.022066
-0.034328
-0.059966
-0.002368
0.138933
0.236170
0.220843
0.208936
0.215219
0.233691
0.246250
0.146508
0.028337
-0.117320
-0.148949
-0.027238
0.075354
0.060102
0.004115
-0.074974
-0.149431
-0.123018
-0.068315
-0.080935
-0.132467
-0.233771
-0.240142
-0.105707
0.042991
0.040325
-0.123285
-0.272317
-0.252954
-0.094449
0.092390
0.146737
0.048339
-0.049627
-0.019267
0.087144
0.189946
0.235109
0.172583
0.137217
0.181983
0.224120
0.230555
0.093185
-0.131714
-0.235419
-0.163442
0.022577
0.163455
0.149805
-0.002914
-0.149478
-0.198946
-0.154301
-0.089546
-0.087922
-0.109543
-0.116002
-0.056252
-0.018854
-0.036439
-0.182720
-0.216348
-0.121987
0.043707
0.121792
0.055530
-0.126497
-0.159106
-0.063960
0.078455
0.183577
0.251579
0.179733
0.155477
0.175144
0.186553
0.179132
0.075743
-0.103517
-0.168794
-0.070791
0.079317
0.178752
0.120640
-0.025932
-0.135236
-0.145936
-0.120433
-0.087732
-0.121530
-0.122323
-0.107290
-0.074190
-0.016785
-0.092536
-0.244074
-0.252764
-0.185011
-0.094346
0.029988
0.049444
-0.037272
-0.046905
0.005280
0.066673
0.147211
0.256289
0.304899
0.320603
0.312004
0.267717
0.147382
0.034686
-0.102874
-0.222403
-0.207600
-0.025832
0.128646
0.171591
0.109977
-0.063640
-0.227064
-0.269560
-0.203289
-0.157078
-0.102131
-0.076417
-0.088320
-0.111219
-0.098036
-0.147428
-0.236277
-0.199238
-0.083916
0.028037
0.083012
0.080753
0.029162
0.025010
0.089101
0.185670
0.259008
0.306581
0.307739
0.246162
0.090401
-0.025885
-0.139044
-0.154501
-0.076227
0.029962
0.099773
0.117841
0.049531
-0.062836
-0.140029
-0.202304
-0.173631
-0.112635
-0.049409
-0.045256
-0.073111
-0.089676
-0.045295
-0.083270
-0.205261
-0.265454
-0.189795
-0.023476
0.147889
0.133512
0.032066
-0.037038
-0.081505
-0.020786
0.135857
0.231227
0.293078
0.311693
0.218421
0.098320
0.070050
-0.002124
-0.110265
-0.117299
-0.041442
0.051718
0.133365
0.148431
0.045930
-0.115464
-0.215438
-0.190366
-0.130490
-0.052501
0.014454
0.000412
-0.063110
-0.071995
-0.127430
-0.260643
-0.295576
-0.123319
0.023803
0.087688
0.033370
-0.055539
-0.090282
-0.036809
0.076897
0.132947
0.136304
0.110527
0.164022
0.249610
0.332883
0.318365
0.143807
-0.149095
-0.276622
-0.191307
-0.004932
0.162121
0.167091
0.023908
-0.091991
-0.124063
-0.103651
-0.052421
-0.081023
-0.166194
-0.174976
-0.111576
-0.016701
0.084302
0.016659
-0.228893
-0.302418
-0.235389
-0.084590
0.087753
0.155408
0.071333
-0.005992
-0.027091
-0.019021
0.061828
0.177141
0.286873
0.298458
0.322884
0.272838
0.148673
-0.005494
-0.145104
-0.192251
-0.114454
0.037911
0.144038
0.153431
0.087965
-0.038151
-0.157435
-0.219095
-0.208712
-0.161901
-0.127111
-0.090655
-0.059607
-0.053411
-0.056004
-0.146502
-0.211513
-0.164743
-0.094719
-0.026589
0.047733
0.046875
0.014080
0.058433
0.119119
0.176092
0.196622
0.231615
0.282639
0.284898
0.186192
0.121627
-0.016671
-0.136204
-0.104931
-0.036104
0.022997
0.110123
0.098000
-0.018890
-0.083412
-0.156465
-0.186928
-0.147044
-0.079360
-0.041690
-0.017012
-0.025366
-0.040774
-0.083571
-0.196540
-0.302485
-0.252148
-0.047848
0.132587
0.155513
0.049913
-0.036348
-0.032803
0.021164
0.081536
0.104214
0.147038
0.261778
0.372381
0.356919
0.174794
-0.017332
-0.171909
-0.219565
-0.079209
0.059674
0.142756
0.141446
0.052270
-0.064399
-0.098063
-0.113222
-0.120110
-0.146135
-0.127695
-0.100595
-0.029093
0.024684
0.024160
-0.107032
-0.285922
-0.345615
-0.178679
0.074111
0.223003
0.174836
-0.042631
-0.183215
-0.134133
0.027820
0.165315
0.228284
0.238008
0.238756
0.284778
0.296907
0.253135
0.061633
-0.225647
-0.257708
-0.087519
0.058144
0.202014
0.219302
0.038987
-0.124602
-0.195578
-0.212530
-0.147712
-0.088115
-0.090415
-0.084012
-0.010862
0.042829
0.010966
-0.165932
-0.289962
-0.244512
-0.106860
0.058021
0.134614
0.049163
-0.046810
-0.051379
-0.007468
0.079053
0.154733
0.181575
0.203234
0.253652
0.289885
0.275685
0.212725
0.024023
-0.177060
-0.170892
-0.099675
0.011571
0.123283
0.162316
0.016881
-0.069410
-0.112683
-0.154777
-0.182198
-0.154593
-0.138185
-0.087329
0.043127
0.072413
-0.009039
-0.161512
-0.230731
-0.193408
-0.098819
0.001426
-0.004754
-0.033307
-0.019266
0.034311
0.016307
0.054356
0.123613
0.168819
0.240055
0.296588
0.245917
0.182097
0.163795
0.032201
-0.116983
-0.127810
-0.062996
0.015362
0.112210
0.104947
0.005757
-0.057495
-0.093581
-0.124142
-0.089357
-0.048085
-0.055067
-0.049243
-0.023960
-0.038469
-0.154376
-0.299469
-0.261493
-0.139304
-0.035351
0.018170
-0.016362
-0.072061
-0.044182
-0.004926
-0.011643
0.078550
0.228986
0.343150
0.442472
0.441094
0.317064
0.181940
0.075463
-0.108619
-0.238340
-0.178372
-0.050074
0.100972
0.214613
0.172352
-0.015096
-0.156796
-0.239128
-0.245035
-0.191660
-0.097831
-0.068348
-0.070714
-0.079311
-0.072593
-0.144389
-0.207944
-0.196424
-0.148519
-0.061667
0.067378
0.126938
0.086981
0.071763
0.062619
0.082210
0.168050
0.269850
0.363983
0.397603
0.291611
0.110815
-0.088197
-0.249821
-0.192434
-0.048106
0.094055
0.163309
0.145035
0.021215
-0.071662
-0.146528
-0.190365
-0.177805
-0.113700
-0.051675
-0.013409
-0.001736
-0.000937
-0.049908
-0.162914
-0.287467
-0.293643
-0.119170
0.081039
0.194647
0.175110
0.068595
-0.096023
-0.155458
-0.064737
0.077416
0.201058
0.313224
0.352402
0.331937
0.262589
0.130571
-0.040354
-0.203176
-0.209227
-0.072467
0.120248
0.237378
0.189450
0.033549
-0.094195
-0.186248
-0.197242
-0.132694
-0.063675
-0.034273
-0.005986
-0.038437
-0.061955
-0.131432
-0.210857
-0.213588
-0.144038
-0.037934
0.044019
0.026335
-0.025892
-0.027793
-0.049257
-0.038021
0.071076
0.235374
0.349875
0.382720
0.328407
0.237169
0.185572
0.140280
-0.001398
-0.154859
-0.186912
-0.088972
0.063288
0.190973
0.182222
0.013326
-0.173763
-0.267532
-0.229448
-0.142808
-0.100065
-0.119205
-0.136326
-0.126151
-0.035892
-0.083266
-0.175580
-0.212457
-0.138478
-0.037500
0.075164
0.079063
0.040994
0.020011
0.067417
0.178734
0.253715
0.238899
0.276753
0.303830
0.202131
0.167016
0.048712
-0.177647
-0.200900
-0.065033
0.013241
0.113877
0.154864
0.012690
-0.125450
-0.159091
-0.168042
-0.133963
-0.108199
-0.094383
-0.059759
-0.018325
0.013953
0.003128
-0.189763
-0.329974
-0.248274
-0.075016
0.095329
0.175151
0.042528
-0.085305
-0.095333
-0.006126
0.140553
0.247035
0.252785
0.207284
0.183228
0.170490
0.153313
0.116208
-0.023425
-0.122996
-0.129019
-0.058066
0.112878
0.128703
0.036383
-0.040976
-0.116438
-0.145958
-0.066626
-0.061305
-0.110558
-0.114676
-0.099290
-0.096637
-0.061419
-0.122857
-0.248631
-0.234951
-0.120607
0.029121
0.092580
0.028862
-0.046015
-0.076682
-0.024702
0.115941
0.205032
0.239031
0.269993
0.291504
0.262726
0.247434
0.136135
-0.061913
-0.211513
-0.169650
-0.049581
0.113929
0.186754
0.125154
-0.052091
-0.145433
-0.188317
-0.170330
-0.146525
-0.121590
-0.136781
-0.108468
-0.059075
0.003656
-0.074168
-0.257373
-0.292356
-0.196744
-0.053671
0.081135
0.110775
0.047039
-0.006805
-0.006384
0.073380
0.202550
0.239494
0.218667
0.208778
0.212156
0.202640
0.213438
0.105016
-0.109548
-0.192574
-0.141719
-0.038498
0.083937
0.146426
0.063665
-0.079860
-0.158644
-0.173895
-0.171445
-0.144658
-0.141041
-0.138752
-0.084454
0.007434
0.010919
-0.156469
-0.241932
-0.200795
-0.084282
0.077307
0.123503
-0.007345
-0.069157
-0.038883
0.057360
0.203574
0.247809
0.191996
0.181670
0.201985
0.177163
0.189714
0.093063
-0.080128
-0.179270
-0.129333
0.009099
0.120563
0.092262
0.005556
-0.123706
-0.177868
-0.102508
-0.038856
-0.068742
-0.089848
-0.103085
-0.107610
-0.043504
-0.041857
-0.204728
-0.283238
-0.220765
-0.052367
0.092791
0.105238
-0.008116
-0.130938
-0.125285
0.037404
0.225479
0.332932
0.367643
0.345775
0.238891
0.168266
0.134845
0.036898
-0.117552
-0.135849
-0.083429
0.035886
0.155091
0.151427
-0.003493
-0.154202
-0.238252
-0.215453
-0.131161
-0.065020
-0.080323
-0.122006
-0.149852
-0.158814
-0.211637
-0.213934
-0.126978
-0.074172
-0.017889
0.025044
-0.005305
-0.056558
0.032531
0.135121
0.227340
0.271741
0.293324
0.313302
0.326450
0.214709
0.055421
-0.106167
-0.215555
-0.133188
0.027373
0.154586
0.153475
0.069642
-0.086761
-0.149482
-0.150428
-0.120369
-0.101162
-0.102636
-0.099939
-0.057763
-0.016249
-0.030849
-0.114628
-0.301535
-0.381220
-0.255254
-0.009451
0.180245
0.222786
0.069046
-0.089697
-0.107462
0.031746
0.173926
0.234126
0.171540
0.129738
0.205188
0.348027
0.311461
0.159943
-0.130460
-0.309850
-0.241290
-0.005817
0.160045
0.224548
0.132793
-0.044336
-0.119663
-0.108930
-0.114920
-0.133037
-0.155693
-0.136075
-0.065030
0.026647
0.073267
-0.026231
-0.268616
-0.355156
-0.247740
-0.067784
0.164138
0.238705
0.082930
-0.054080
-0.067596
-0.073564
-0.003133
0.107102
0.154893
0.195957
0.294679
0.309722
0.215999
0.122569
0.000649
-0.156428
-0.174975
-0.046465
0.070882
0.118275
0.131393
0.038614
-0.062021
-0.124189
-0.120256
-0.144222
-0.132417
-0.114668
-0.097850
-0.069428
-0.027544
-0.100001
-0.140366
-0.132775
-0.134686
-0.101466
-0.093272
-0.087412
0.024375
0.159543
0.155902
0.137950
0.135302
0.130879
0.154735
0.219600
0.289104
0.337068
0.326494
0.168963
-0.110834
-0.276992
-0.244416
-0.089814
0.068351
0.155407
0.095425
-0.036163
-0.121346
-0.168014
-0.208164
-0.211050
-0.184815
-0.160871
-0.120850
-0.097444
-0.109399
-0.081880
-0.062136
-0.106497
-0.146842
-0.075488
0.025560
0.113977
0.135168
0.130473
0.150092
0.233322
0.352790
0.472220
0.422004
0.199410
-0.017939
-0.146998
-0.203955
-0.096295
0.049278
0.114122
0.116991
0.069876
-0.024991
-0.104428
-0.169882
-0.224704
-0.216311
-0.131234
-0.023726
0.014235
-0.039295
-0.122473
-0.227144
-0.249841
-0.215388
-0.098582
0.022804
0.091482
0.068970
-0.004295
-0.027620
0.009384
0.110448
0.212660
0.302938
0.336124
0.332819
0.241866
0.102832
-0.030036
-0.130241
-0.139029
-0.031933
0.061699
0.136148
0.132032
0.013535
-0.095700
-0.122720
-0.142082
-0.128365
-0.098690
-0.083066
-0.052835
-0.011716
-0.011358
-0.073858
-0.202127
-0.362498
-0.298118
-0.064478
0.134767
0.194297
0.100647
-0.078500
-0.165174
-0.116409
0.036610
0.190062
0.293781
0.356356
0.356784
0.326043
0.190138
0.041544
-0.111148
-0.223037
-0.154255
0.025913
0.181175
0.225453
0.153127
-0.026023
-0.153211
-0.219248
-0.214658
-0.162437
-0.084467
-0.058007
-0.029299
-0.010623
-0.015299
-0.088320
-0.232864
-0.277143
-0.156266
0.037894
0.146821
0.105415
-0.080060
-0.239539
-0.171682
0.081758
0.315839
0.344781
0.271618
0.206765
0.214729
0.233641
0.238303
0.009504
-0.216029
-0.251735
-0.088735
0.148401
0.297462
0.172717
-0.091543
-0.230378
-0.239801
-0.137992
-0.023174
0.000948
-0.077067
-0.119300
-0.116590
-0.081355
-0.125279
-0.127685
-0.147029
-0.172486
-0.094317
0.021535
0.005618
0.011493
0.016596
-0.033062
0.054606
0.267350
0.391668
0.430845
0.441921
0.333785
0.170918
0.015706
-0.203005
-0.281528
-0.214810
-0.060925
0.127947
0.261433
0.197764
0.010431
-0.211591
-0.334816
-0.313762
-0.206485
-0.095135
-0.005832
0.004502
-0.034799
-0.106228
-0.225770
-0.243131
-0.232458
-0.165155
-0.030917
0.110211
0.094056
0.060211
0.046582
0.099856
0.220256
0.330132
0.393058
0.359703
0.235781
0.091378
-0.013572
-0.132405
-0.175149
-0.079509
-0.015993
0.083846
0.144745
0.077250
-0.060071
-0.126054
-0.185090
-0.152690
-0.073401
-0.002952
-0.003260
-0.035484
-0.123790
-0.173234
-0.237208
-0.272016
-0.166712
-0.048431
0.032698
0.063287
0.015536
-0.100130
-0.068676
-0.004553
0.092266
0.203922
0.275991
0.314350
0.350626
0.286931
0.171135
0.065638
-0.075760
-0.181881
-0.116876
-0.039868
0.061542
0.145691
0.122927
0.002426
-0.071075
-0.125765
-0.157246
-0.153401
-0.146529
-0.147182
-0.118116
-0.061002
-0.019663
-0.064751
-0.207709
-0.278228
-0.196463
-0.080639
0.048454
0.072868
0.006594
-0.064660
-0.041531
0.051175
0.235897
0.331250
0.269434
0.234612
0.211202
0.208736
0.192788
0.063165
-0.176015
-0.299404
-0.209343
0.038957
0.250543
0.253545
0.054555
-0.187934
-0.326950
-0.248377
-0.085112
-0.013934
-0.057322
-0.105950
-0.126084
-0.094092
-0.163750
-0.229505
-0.185694
-0.069244
0.059510
0.062899
-0.047950
-0.110845
-0.064350
0.085409
0.254809
0.329570
0.244742
0.204410
0.266659
0.280300
0.253796
0.077694
-0.185329
-0.303405
-0.188387
-0.012237
0.197066
0.229007
0.068898
-0.116739
-0.189242
-0.186703
-0.120858
-0.090871
-0.113934
-0.139281
-0.123070
-0.028864
0.009052
-0.142604
-0.299340
-0.333617
-0.220081
0.040765
0.200243
0.123427
-0.027063
-0.058155
0.004010
0.206665
0.366536
0.399277
0.353580
0.278924
0.151502
0.054906
-0.067717
-0.186254
-0.182943
-0.109177
0.043849
0.185912
0.193273
0.050463
-0.109859
-0.247498
-0.244045
-0.155223
-0.101951
-0.081848
-0.053912
-0.067450
-0.071645
-0.098765
-0.245356
-0.271222
-0.161770
-0.013019
0.104638
0.126411
0.012735
-0.041100
-0.029545
0.075223
0.234731
0.338132
0.304170
0.255377
0.211034
0.119744
0.047340
-0.081753
-0.182768
-0.167176
-0.065252
0.119114
0.235007
0.162952
-0.012628
-0.173170
-0.282551
-0.232511
-0.097136
-0.011628
0.012360
0.019567
-0.033116
-0.084136
-0.168563
-0.272454
-0.232531
-0.058847
0.092417
0.144123
0.079200
-0.067419
-0.156412
-0.109748
0.010022
0.161690
0.290003
0.320311
0.318323
0.253382
0.139758
0.069038
-0.045267
-0.163413
-0.145131
-0.005152
0.109436
0.186895
0.113244
-0.047222
-0.142306
-0.175306
-0.135927
-0.076966
-0.055705
-0.068713
-0.047717
-0.053806
-0.093316
-0.206522
-0.267043
-0.225777
-0.049117
0.058826
0.044937
-0.042681
-0.066658
-0.022612
0.122083
0.240339
0.288348
0.246293
0.208803
0.285502
0.380286
0.376426
0.112969
-0.236239
-0.394122
-0.312844
-0.061109
0.207379
0.292711
0.123925
-0.079661
-0.204270
-0.239388
-0.213303
-0.185523
-0.208240
-0.175966
-0.065099
0.029208
-0.025946
-0.140948
-0.247490
-0.227016
-0.116977
0.039374
0.148144
0.123420
0.065281
0.075940
0.215179
0.339273
0.419179
0.373299
0.245009
0.081975
-0.025344
-0.143231
-0.139839
-0.101264
-0.042338
0.050000
0.149362
0.117310
0.010257
-0.112467
-0.224468
-0.242695
-0.169468
-0.045996
0.053956
0.028438
-0.088074
-0.177762
-0.262629
-0.252937
-0.106258
-0.020315
0.030207
0.039716
0.005636
-0.011424
0.039676
0.064323
0.140631
0.191028
0.236936
0.293489
0.308969
0.238163
0.100635
-0.025668
-0.166286
-0.158220
-0.064787
0.075527
0.137673
0.096239
0.004314
-0.046074
-0.087608
-0.101771
-0.119533
-0.127512
-0.110414
-0.070074
-0.050893
-0.073612
-0.087326
-0.164579
-0.224247
-0.176025
-0.029615
0.044151
0.011376
-0.045508
-0.068112
-0.015785
0.058052
0.128466
0.204379
0.278128
0.338431
0.348532
0.258866
0.091219
-0.058599
-0.176369
-0.152263
-0.049921
0.100428
0.155717
0.128752
0.017495
-0.086793
-0.161737
-0.180599
-0.184804
-0.157912
-0.105929
-0.060891
-0.036445
-0.035077
-0.154364
-0.253767
-0.196140
-0.068382
0.046989
0.040146
-0.032631
-0.073019
-0.023676
0.076183
0.199983
0.284205
0.349900
0.373829
0.345538
0.229501
0.098869
-0.102082
-0.222466
-0.189305
-0.067711
0.085544
0.208400
0.179054
0.008271
-0.134406
-0.219288
-0.213398
-0.188803
-0.131368
-0.102759
-0.101511
-0.065652
-0.005846
-0.068588
-0.210711
-0.242174
-0.214668
-0.071201
0.087302
0.143619
0.075247
0.039427
0.045360
0.146398
0.234539
0.277188
0.276644
0.270115
0.165795
0.121232
0.061003
-0.095596
-0.177129
-0.161748
-0.064210
0.081928
0.187960
0.105360
-0.003867
-0.149978
-0.202329
-0.164768
-0.096989
-0.077596
-0.040369
-0.068382
-0.073097
-0.060123
-0.156605
-0.202731
-0.133578
-0.054286
0.012709
0.045351
-0.006428
0.005590
0.051282
0.077440
0.095519
0.117433
0.193368
0.264770
0.293501
0.245846
0.147230
-0.009857
-0.144077
-0.109539
-0.049998
0.028713
0.105029
0.064515
-0.018692
-0.045485
-0.075688
-0.111834
-0.091311
-0.080912
-0.085184
-0.088778
-0.053589
-0.043386
-0.097233
-0.250429
-0.289354
-0.192030
-0.037040
0.097824
0.109600
-0.047424
-0.136431
-0.038565
0.121635
0.255736
0.371709
0.415648
0.344374
0.276887
0.198332
0.099850
-0.108470
-0.198128
-0.168282
-0.041992
0.097275
0.214837
0.116167
-0.069908
-0.192180
-0.249679
-0.222888
-0.129989
-0.071807
-0.083560
-0.060042
-0.094445
-0.182720
-0.245740
-0.189619
-0.118647
0.001692
0.066499
0.074431
0.008084
0.018469
0.052425
0.137033
0.248190
0.384344
0.405592
0.353542
0.217201
0.054107
-0.130415
-0.257960
-0.171367
-0.025539
0.092675
0.152672
0.143706
-0.008289
-0.100557
-0.172767
-0.205394
-0.199138
-0.101147
-0.056291
-0.001495
0.009216
-0.025606
-0.155139
-0.317453
-0.305716
-0.144553
0.042311
0.169515
0.173572
0.031888
-0.027480
0.009994
0.073776
0.160167
0.234208
0.202565
0.210071
0.288798
0.294341
0.184753
-0.062796
-0.243204
-0.264033
-0.140281
0.060579
0.249262
0.181913
0.000604
-0.106246
-0.151691
-0.157609
-0.087774
-0.097993
-0.106644
-0.071222
-0.039467
-0.033761
-0.062315
-0.190273
-0.235028
-0.136914
-0.025231
0.062361
0.052069
-0.021387
-0.054515
-0.007667
0.054473
0.199115
0.293849
0.255241
0.216502
0.238443
0.206097
0.153711
0.056413
-0.118295
-0.201676
-0.101911
0.053836
0.163226
0.143118
0.004252
-0.112384
-0.191551
-0.186030
-0.116008
-0.060968
-0.058683
-0.077914
-0.100466
-0.124278
-0.161646
-0.191817
-0.169933
-0.074863
-0.030622
-0.022540
-0.003036
0.023130
0.050748
0.108190
0.153934
0.229836
0.306195
0.375741
0.345945
0.236273
0.129467
-0.039597
-0.186853
-0.178333
-0.060733
0.060607
0.138730
0.118950
0.001358
-0.108154
-0.172100
-0.212988
-0.208618
-0.145529
-0.101423
-0.099747
-0.106262
-0.153679
-0.227379
-0.168638
-0.060170
0.000360
-0.016373
-0.034244
-0.045471
0.047649
0.146520
0.224596
0.231407
0.256901
0.333242
0.399055
0.280637
0.104506
-0.108193
-0.280648
-0.221952
-0.044460
0.115339
0.176785
0.124779
-0.031657
-0.125100
-0.166715
-0.151077
-0.148280
-0.140378
-0.097552
-0.033781
-0.019574
-0.060869
-0.167489
-0.328453
-0.314606
-0.153465
0.041137
0.125390
0.104252
0.008392
-0.029904
0.024940
0.132757
0.242608
0.275640
0.248490
0.226107
0.227485
0.194939
0.132368
-0.057489
-0.189528
-0.197846
-0.118006
0.048056
0.176018
0.114981
-0.018687
-0.080245
-0.151344
-0.153703
-0.133025
-0.119922
-0.109453
-0.071959
-0.068268
-0.073634
-0.139803
-0.204953
-0.154686
-0.073443
-0.005647
0.030685
0.001009
-0.010122
0.039093
0.074215
0.113973
0.169771
0.184755
0.201797
0.252981
0.270437
0.220668
0.084186
-0.129011
-0.220831
-0.120627
0.015449
0.116484
0.146303
0.025469
-0.105698
-0.148246
-0.134634
-0.115424
-0.088495
-0.092388
-0.080133
-0.066522
-0.056776
-0.135282
-0.263129
-0.304680
-0.197852
-0.044095
0.087372
0.118480
0.022451
-0.089134
-0.037464
0.051349
0.165576
0.336437
0.426462
0.387237
0.309878
0.221684
0.054742
-0.115281
-0.203062
-0.184011
-0.088973
0.090154
0.192340
0.137495
-0.029360
-0.157493
-0.262460
-0.248545
-0.184107
-0.098214
-0.087000
-0.120199
-0.156193
-0.202610
-0.201573
-0.132399
-0.055187
-0.038094
-0.064100
-0.065618
-0.005538
0.113769
0.190221
0.218968
0.252908
0.303975
0.364934
0.340960
0.167226
-0.004393
-0.130025
-0.215145
-0.102336
0.031793
0.105634
0.097191
0.037838
-0.106695
-0.156633
-0.138700
-0.104640
-0.077128
-0.100854
-0.092180
-0.065112
-0.059932
-0.083937
-0.210376
-0.404520
-0.331848
-0.091517
0.102247
0.173296
0.110417
-0.072819
-0.081730
0.046758
0.178456
0.275795
0.313964
0.295477
0.285506
0.237566
0.160828
0.041079
-0.171245
-0.260240
-0.159977
-0.002107
0.151319
0.198077
0.069530
-0.088088
-0.164220
-0.162136
-0.117709
-0.105786
-0.136748
-0.134405
-0.104066
-0.064393
-0.052948
-0.142067
-0.264798
-0.216373
-0.106158
0.018030
0.133365
0.074356
-0.089336
-0.084782
0.058211
0.219451
0.339664
0.360784
0.263554
0.144385
0.100634
0.112444
0.026713
-0.129324
-0.148225
-0.100940
0.024914
0.166163
0.161490
-0.020968
-0.173088
-0.247922
-0.204101
-0.055801
0.013573
-0.030864
-0.126343
-0.185118
-0.183286
-0.195862
-0.209290
-0.134962
-0.054465
-0.017924
-0.007146
-0.015401
-0.018587
-0.005301
0.026331
0.167450
0.339068
0.439122
0.453070
0.332052
0.161736
-0.005505
-0.120011
-0.188632
-0.115438
-0.036564
0.059813
0.126289
0.121069
0.010197
-0.103261
-0.196353
-0.234007
-0.203112
-0.132211
-0.059560
-0.066216
-0.112704
-0.139885
-0.195083
-0.196213
-0.128730
-0.094623
-0.094964
-0.043513
-0.002579
0.059523
0.154425
0.196921
0.213186
0.241185
0.347322
0.390954
0.298637
0.138449
-0.016867
-0.162082
-0.196722
-0.106337
-0.005340
0.121968
0.163215
0.062389
-0.069551
-0.151014
-0.203870
-0.168831
-0.107983
-0.077598
-0.044649
-0.028663
-0.047857
-0.111630
-0.231078
-0.342523
-0.252030
-0.043351
0.057638
0.057471
0.027577
-0.021265
0.009206
0.155589
0.304224
0.315764
0.276426
0.283298
0.262023
0.173643
0.100423
-0.032852
-0.185601
-0.195093
-0.069339
0.060849
0.155898
0.131986
-0.031772
-0.172897
-0.199249
-0.141916
-0.083022
-0.040044
-0.064391
-0.114640
-0.120527
-0.101342
-0.176414
-0.237449
-0.201551
-0.098530
-0.030386
0.042265
0.080949
0.062156
0.045055
0.050308
0.125777
0.272614
0.412531
0.432659
0.386148
0.252715
0.029277
-0.171137
-0.273688
-0.218084
-0.072318
0.112266
0.227026
0.192318
0.004167
-0.137546
-0.240550
-0.267645
-0.204910
-0.099230
-0.057193
-0.032975
-0.004136
-0.013540
-0.150100
-0.277991
-0.282627
-0.155372
-0.010370
0.095985
0.116910
0.069310
0.047524
0.077857
0.158055
0.252688
0.341798
0.375776
0.293826
0.101734
-0.029860
-0.092223
-0.118375
-0.039781
0.045581
0.045306
0.044083
0.047205
-0.054706
-0.109833
-0.120335
-0.126173
-0.110198
-0.036732
-0.011889
-0.022489
-0.061968
-0.160798
-0.307889
-0.304138
-0.138656
0.040539
0.112068
0.074855
-0.042678
-0.090646
0.006428
0.141358
0.246358
0.287863
0.293616
0.355258
0.399994
0.325952
0.138518
-0.137493
-0.332034
-0.261216
-0.059137
0.167514
0.271690
0.179420
-0.043313
-0.163298
-0.205211
-0.206031
-0.189044
-0.145345
-0.105626
-0.070184
-0.061420
-0.043374
-0.138907
-0.222822
-0.191177
-0.110493
-0.020737
0.061724
0.080375
0.059362
0.073640
0.134760
0.231615
0.334648
0.455369
0.390520
0.191886
-0.001866
-0.104609
-0.203221
-0.127526
0.006932
0.091853
0.093793
0.086940
0.010582
-0.082370
-0.151486
-0.179399
-0.165932
-0.094040
0.021598
0.042609
-0.007104
-0.096248
-0.230451
-0.361860
-0.236720
-0.038772
0.067139
0.069021
0.032142
-0.038979
-0.002324
0.092569
0.203810
0.257063
0.324340
0.348976
0.346511
0.278518
0.176018
-0.029524
-0.236639
-0.260548
-0.136414
0.032797
0.197452
0.208400
0.067869
-0.096876
-0.186762
-0.203846
-0.152670
-0.106834
-0.060027
-0.047046
-0.043562
-0.083478
-0.168708
-0.260625
-0.213653
-0.077148
0.026321
0.021812
-0.035766
-0.033609
0.069143
0.181895
0.260402
0.302491
0.286223
0.312449
0.327315
0.220857
0.034033
-0.163708
-0.265580
-0.163454
0.039056
0.168350
0.197099
0.076199
-0.114016
-0.184492
-0.178330
-0.143643
-0.091718
-0.059686
-0.080238
-0.079796
-0.079091
-0.107175
-0.168232
-0.207761
-0.178463
-0.082146
0.011631
0.071004
0.083727
0.100479
0.104796
0.123314
0.167341
0.260063
0.390066
0.410576
0.341864
0.182113
-0.110576
-0.321368
-0.260530
-0.132200
0.037928
0.203513
0.226258
0.067148
-0.066997
-0.183719
-0.248621
-0.209093
-0.124563
-0.063354
-0.042574
-0.026864
-0.039311
-0.113115
-0.235680
-0.263199
-0.208030
-0.078840
0.070814
0.127701
0.089225
0.040557
0.041655
0.142150
0.329380
0.450363
0.443459
0.346420
0.113004
-0.072661
-0.147767
-0.191228
-0.149051
-0.019561
0.060707
0.132715
0.135311
-0.000753
-0.141134
-0.226852
-0.236331
-0.154412
-0.040383
0.003694
-0.028052
-0.099494
-0.135014
-0.192621
-0.281643
-0.217505
-0.060793
0.028062
0.077576
0.090549
0.039086
0.035782
0.137365
0.250815
0.308387
0.349902
0.414914
0.257861
-0.001379
-0.100809
-0.180507
-0.164169
-0.032498
0.061661
0.040215
0.071736
0.038495
-0.057681
-0.142764
-0.186452
-0.202117
-0.160215
-0.072090
-0.026414
-0.048306
-0.101109
-0.193214
-0.287836
-0.195133
-0.027190
0.045346
0.017976
0.034068
0.018664
0.043026
0.159596
0.260046
0.261620
0.300288
0.339326
0.260666
0.151749
0.013470
-0.208631
-0.246316
-0.139369
-0.017341
0.087450
0.183973
0.097332
-0.071354
-0.170417
-0.209756
-0.216056
-0.185698
-0.101059
-0.090838
-0.111785
-0.081057
-0.045009
-0.189588
-0.227312
-0.113393
-0.048573
-0.029428
0.078790
0.099725
0.058573
0.142879
0.217938
0.243307
0.330230
0.374229
0.246360
0.090244
-0.089069
-0.248009
-0.246571
-0.082021
0.054307
0.111325
0.107379
0.026273
-0.079764
-0.150873
-0.188522
-0.192459
-0.135939
-0.046096
-0.009509
-0.017071
-0.047332
-0.161396
-0.298157
-0.271718
-0.166455
-0.031732
0.090520
0.102477
0.012068
0.004845
0.064172
0.150596
0.232876
0.292353
0.313562
0.313137
0.248020
0.149234
-0.063768
-0.252228
-0.289716
-0.170693
-0.019450
0.151671
0.189128
0.057885
-0.078121
-0.188881
-0.230483
-0.194524
-0.114739
-0.100283
-0.092230
-0.083592
-0.052563
-0.082385
-0.201857
-0.271524
-0.193719
-0.095057
0.036577
0.104338
0.094913
0.081155
0.104865
0.159280
0.243036
0.319615
0.351118
0.282966
0.133761
-0.030315
-0.170346
-0.200448
-0.152704
-0.018953
0.074688
0.102703
0.071390
-0.023765
-0.149841
-0.220897
-0.209467
-0.164770
-0.090782
-0.031048
-0.044717
-0.093962
-0.139848
-0.277348
-0.286944
-0.156816
0.018738
0.089390
0.107868
0.065140
0.063488
0.084616
0.179753
0.289348
0.346857
0.364570
0.288652
0.106033
-0.033738
-0.166103
-0.211450
-0.177749
-0.066568
0.026346
0.136764
0.129902
0.004734
-0.147638
-0.242352
-0.259099
-0.185745
-0.068543
-0.044995
-0.072059
-0.111291
-0.105545
-0.155301
-0.198802
-0.155252
-0.080386
0.016939
0.130709
0.179343
0.084442
0.040480
0.078823
0.193790
0.330945
0.411595
0.281119
0.091702
-0.096363
-0.231036
-0.206106
-0.091952
-0.005863
0.025605
0.063835
0.067900
0.048995
-0.071025
-0.200006
-0.263201
-0.186389
-0.071189
0.032383
0.015434
-0.029601
-0.117549
-0.250197
-0.291869
-0.207452
-0.060608
0.064653
0.112257
0.109638
0.083900
0.067113
0.142066
0.233789
0.276634
0.348981
0.353062
0.260179
0.117025
-0.142626
-0.288920
-0.264675
-0.157290
-0.004341
0.189550
0.202830
0.058341
-0.105492
-0.235149
-0.276665
-0.203850
-0.102473
-0.055821
-0.043826
-0.051333
-0.064235
-0.172986
-0.252506
-0.205662
-0.094536
0.001691
0.096217
0.118857
0.089912
0.149735
0.214231
0.255741
0.322490
0.363723
0.299994
0.203222
-0.016579
-0.248158
-0.286957
-0.162700
-0.022700
0.095368
0.152799
0.095190
-0.019684
-0.137910
-0.192793
-0.228839
-0.194365
-0.064311
0.028294
-0.008532
-0.039547
-0.122979
-0.288659
-0.283838
-0.094780
0.017539
0.070437
0.104008
0.099512
0.087595
0.157769
0.213969
0.218777
0.283349
0.395785
0.297953
0.122605
-0.028011
-0.226582
-0.294683
-0.133289
0.022464
0.068982
0.128084
0.094380
-0.018414
-0.115044
-0.145260
-0.200674
-0.178781
-0.067730
-0.019967
-0.067605
-0.087553
-0.079318
-0.179166
-0.213037
-0.083026
-0.017193
-0.003516
0.046062
0.114628
0.115308
0.203136
0.257281
0.271582
0.290294
0.331793
0.209992
0.078962
-0.112201
-0.247972
-0.214923
-0.053879
0.085143
0.128840
0.100195
-0.014617
-0.129359
-0.206741
-0.167916
-0.140388
-0.092556
-0.031754
-0.036933
-0.088563
-0.087780
-0.151626
-0.226859
-0.165077
-0.042988
0.012997
0.069402
0.120501
0.144578
0.169056
0.245969
0.307609
0.324397
0.349506
0.280516
0.142900
-0.056264
-0.200898
-0.222806
-0.144713
-0.035428
0.061508
0.112829
0.083709
-0.014524
-0.154727
-0.216380
-0.199797
-0.140148
-0.060556
0.004041
-0.015805
-0.077696
-0.130038
-0.226057
-0.301488
-0.168087
0.029143
0.133961
0.154988
0.155661
0.103761
0.129019
0.234792
0.348581
0.370595
0.364717
0.251352
0.036247
-0.241259
-0.304424
-0.229051
-0.103577
0.049718
0.184458
0.137094
0.005952
-0.096149
-0.199727
-0.258598
-0.209792
-0.100995
-0.011168
0.029210
0.015138
-0.053201
-0.211209
-0.299015
-0.194030
-0.037142
0.100289
0.168098
0.163083
0.151075
0.200897
0.247920
0.276169
0.273385
0.234981
0.143999
0.102921
0.013585
-0.160083
-0.178308
-0.104084
-0.036786
0.015024
0.088973
0.028726
-0.043931
-0.100951
-0.117149
-0.154238
-0.121828
-0.101488
-0.104622
-0.073539
-0.032942
-0.084099
-0.199307
-0.185674
-0.065774
0.058068
0.185549
0.187748
0.108415
0.096530
0.199567
0.285564
0.331004
0.331902
0.210505
0.063917
-0.110477
-0.213899
-0.212272
-0.105649
-0.004986
0.079544
0.104160
0.058404
-0.037126
-0.139840
-0.193663
-0.189119
-0.135261
-0.061481
-0.017618
-0.047735
-0.126971
-0.192422
-0.135882
-0.061790
-0.012933
0.008568
0.057276
0.065999
0.157884
0.253075
0.283310
0.307212
0.383860
0.417334
0.306208
0.082198
-0.219238
-0.377190
-0.322082
-0.112726
0.094095
0.233324
0.176414
0.006325
-0.178800
-0.253474
-0.242128
-0.166082
-0.107490
-0.036813
-0.003828
-0.007032
-0.068387
-0.217791
-0.315478
-0.216445
-0.037198
0.090724
0.165455
0.175902
0.126119
0.137492
0.250345
0.369862
0.422114
0.403753
0.274590
0.021849
-0.244340
-0.318362
-0.245878
-0.107477
0.027271
0.133574
0.147646
0.058131
-0.094456
-0.215574
-0.285850
-0.240283
-0.111710
0.020638
0.059243
0.042000
-0.067002
-0.215154
-0.343512
-0.312521
-0.129492
0.076366
0.226735
0.289199
0.231616
0.149355
0.181637
0.283852
0.343006
0.347868
0.243270
0.032968
-0.179655
-0.242737
-0.158603
-0.063952
-0.022184
0.017824
0.035552
0.000394
-0.042681
-0.105253
-0.174021
-0.192948
-0.139214
-0.051810
0.007824
-0.035126
-0.134624
-0.263826
-0.277465
-0.122124
0.062130
0.144634
0.136094
0.106385
0.056035
0.089597
0.237094
0.384041
0.390003
0.371478
0.282576
0.094421
-0.145595
-0.311811
-0.345052
-0.242299
-0.017023
0.166602
0.220394
0.116430
-0.061151
-0.219381
-0.289143
-0.238099
-0.151531
-0.077541
-0.030843
-0.010093
-0.038970
-0.118642
-0.234827
-0.206240
-0.109743
0.030750
0.144542
0.205232
0.160521
0.114051
0.161916
0.280792
0.320135
0.381626
0.311805
0.073332
-0.200370
-0.308493
-0.260882
-0.109534
0.040064
0.096668
0.084370
0.035445
-0.058144
-0.168025
-0.227485
-0.209845
-0.131077
-0.034861
0.014040
-0.034448
-0.126481
-0.205684
-0.227371
-0.139150
-0.039079
0.028114
0.031437
0.083877
0.146333
0.230918
0.284572
0.297670
0.250795
0.299231
0.304234
0.214849
0.006717
-0.293717
-0.382728
-0.230685
-0.004416
0.150741
0.206102
0.056831
-0.118112
-0.214206
-0.208401
-0.166144
-0.113439
-0.093170
-0.066115
-0.055398
-0.052811
-0.086304
-0.205721
-0.277078
-0.192491
-0.064307
0.077443
0.190319
0.192023
0.175918
0.215501
0.289747
0.336851
0.374244
0.327220
0.124334
-0.122161
-0.267712
-0.256445
-0.151412
-0.013768
0.080127
0.118985
0.050207
-0.074064
-0.180915
-0.234223
-0.225059
-0.148919
-0.043747
0.009595
-0.022844
-0.097362
-0.184734
-0.235288
-0.156392
-0.052658
0.008331
0.074121
0.106473
0.095704
0.128855
0.255434
0.338519
0.383198
0.392382
0.270307
0.086258
-0.091976
-0.270019
-0.289664
-0.171084
-0.026412
0.098798
0.165192
0.091848
-0.061656
-0.208203
-0.252596
-0.202268
-0.113830
-0.011390
0.025160
-0.041122
-0.111334
-0.181761
-0.244020
-0.211411
-0.116141
-0.013834
0.086175
0.118614
0.122970
0.160319
0.177377
0.253718
0.334123
0.389522
0.341309
0.182488
-0.004350
-0.213472
-0.330222
-0.282092
-0.074709
0.097978
0.190986
0.135558
-0.039898
-0.214709
-0.254882
-0.218521
-0.127612
-0.037826
0.007506
-0.021726
-0.084173
-0.145928
-0.249461
-0.269935
-0.189544
-0.033732
0.068654
0.122096
0.133580
0.184350
0.236472
0.324766
0.408882
0.446173
0.397399
0.234237
-0.034866
-0.290885
-0.363093
-0.303614
-0.113741
0.120114
0.234216
0.161913
-0.037393
-0.232245
-0.322718
-0.285875
-0.176889
-0.058408
0.000316
0.021287
-0.033254
-0.139332
-0.275114
-0.319144
-0.211351
-0.003902
0.140738
0.192227
0.171041
0.131306
0.174368
0.281020
0.389651
0.433973
0.358874
0.167031
-0.075866
-0.289835
-0.306975
-0.205357
-0.088771
0.057952
0.187051
0.153256
-0.015278
-0.174926
-0.265329
-0.276992
-0.171142
-0.020346
0.049162
0.024033
-0.040996
-0.187198
-0.328765
-0.298306
-0.112474
0.038014
0.183016
0.216957
0.147081
0.057658
0.051798
0.146464
0.313697
0.460564
0.407610
0.222093
0.035348
-0.203626
-0.369359
-0.335585
-0.149586
0.068920
0.229174
0.229851
0.053814
-0.162319
-0.280297
-0.287367
-0.202038
-0.061081
0.028053
0.011685
-0.042243
-0.128261
-0.257847
-0.270660
-0.179376
-0.066874
-0.007008
0.097490
0.153656
0.185371
0.228074
0.315378
0.352214
0.407700
0.428683
0.320402
0.060673
-0.269392
-0.417151
-0.394083
-0.153574
0.129281
0.323924
0.225672
0.012103
-0.252427
-0.367789
-0.341509
-0.196408
-0.091378
-0.000610
0.028891
0.005165
-0.104340
-0.285363
-0.332159
-0.240188
-0.067923
0.087819
0.185123
0.175443
0.155116
0.219706
0.360248
0.440567
0.417691
0.294532
0.139995
-0.097104
-0.298585
-0.289068
-0.184978
-0.047073
0.114740
0.197315
0.112203
-0.098922
-0.249427
-0.289936
-0.234734
-0.119356
0.019621
0.058212
0.026917
-0.050650
-0.175895
-0.340882
-0.346792
-0.166789
0.017683
0.132167
0.184908
0.161361
0.185008
0.229331
0.277611
0.263837
0.257605
0.224529
0.187014
0.105286
-0.105220
-0.252302
-0.262741
-0.171027
-0.023403
0.125331
0.125080
0.013338
-0.144770
-0.188824
-0.147383
-0.079937
-0.051165
-0.061800
-0.130484
-0.129639
-0.134546
-0.231685
-0.184447
-0.056657
-0.031342
-0.011388
0.018381
0.030769
0.139763
0.296240
0.414184
0.421959
0.421369
0.354393
0.190144
-0.067781
-0.308533
-0.393711
-0.304924
-0.051876
0.187758
0.290469
0.195740
-0.056647
-0.308733
-0.374334
-0.295775
-0.150578
-0.022090
0.063219
0.036947
-0.038187
-0.147179
-0.320029
-0.370593
-0.205026
0.027806
0.182621
0.225427
0.170485
0.154683
0.200885
0.288674
0.365595
0.407787
0.314851
0.111461
-0.156196
-0.294103
-0.254055
-0.147075
-0.035216
0.077644
0.119844
