-0.063535
-0.058377
-0.061791
-0.049153
-0.043193
-0.029165
-0.018283
-0.012196
0.000039
0.008059
0.010100
0.005137
-0.002416
-0.014287
-0.009486
-0.001979
0.006863
0.010674
0.003773
-0.010616
-0.022689
-0.036646
-0.029917
-0.015967
0.002857
0.012572
0.019529
0.016410
0.030551
0.039841
0.050076
0.043844
0.044863
0.052054
0.083530
0.106779
0.127485
0.129207
0.136782
0.130357
0.155774
0.149232
0.162594
0.152769
0.135792
0.109561
0.084464
0.053013
0.013884
-0.032188
-0.079239
-0.088938
-0.087018
-0.060963
-0.050052
-0.064619
-0.102344
-0.136729
-0.171734
-0.167573
-0.162685
-0.143165
-0.138171
-0.128091
-0.129604
-0.105864
-0.099584
-0.076266
-0.071000
-0.061809
-0.062601
-0.053716
-0.051346
-0.033252
-0.027244
-0.008478
-0.000001
0.007101
-0.001467
0.000295
-0.010672
-0.003375
-0.004218
-0.001848
-0.007945
-0.008681
-0.015202
-0.011852
-0.017215
-0.018009
-0.014199
-0.014301
-0.005555
0.012064
0.027587
0.043918
0.046130
0.033120
0.025414
0.033493
0.057310
0.096037
0.112545
0.127853
0.125282
0.125929
0.152640
0.170008
0.166998
0.173729
0.152309
0.126371
0.113778
0.079844
0.032167
-0.026622
-0.077859
-0.090755
-0.080574
-0.061219
-0.037827
-0.056754
-0.098444
-0.138148
-0.171807
-0.181884
-0.167560
-0.161071
-0.149587
-0.138951
-0.129044
-0.112360
-0.088624
-0.074390
-0.061898
-0.065036
-0.066907
-0.063070
-0.049281
-0.026256
0.001803
0.008870
0.008506
-0.000173
-0.008539
-0.006565
-0.000030
0.004984
0.013581
0.013374
0.004903
-0.001130
-0.016849
-0.025524
-0.026529
-0.026051
-0.017329
-0.002219
0.008085
0.023679
0.032708
0.033463
0.033065
0.031525
0.028045
0.041037
0.057301
0.087891
0.110749
0.123542
0.128979
0.140011
0.145979
0.159871
0.158411
0.160722
0.155060
0.139089
0.122553
0.109134
0.080898
0.042331
-0.007498
-0.057129
-0.079320
-0.081157
-0.062258
-0.050284
-0.063611
-0.092659
-0.121029
-0.145901
-0.141948
-0.136668
-0.127593
-0.126132
-0.125120
-0.123924
-0.104150
-0.090404
-0.063660
-0.051232
-0.042070
-0.038674
-0.037288
-0.038657
-0.020136
-0.011856
-0.001296
0.005108
0.004065
0.008159
0.016631
0.015285
0.021646
0.021755
0.012293
0.006842
-0.003059
-0.006559
0.004762
0.004632
0.006432
0.005909
-0.003940
0.001351
0.020583
0.038162
0.059573
0.061753
0.049092
0.043067
0.041847
0.062449
0.093863
0.111096
0.121979
0.136952
0.135192
0.150866
0.177975
0.174015
0.164207
0.149506
0.120286
0.113698
0.104701
0.081780
0.047716
-0.021849
-0.076697
-0.089012
-0.081185
-0.047199
-0.024230
-0.052283
-0.093033
-0.133864
-0.165034
-0.152003
-0.134157
-0.121218
-0.113975
-0.121430
-0.121409
-0.097922
-0.081116
-0.053399
-0.038006
-0.042498
-0.044202
-0.043833
-0.043637
-0.017300
0.000148
0.012465
0.019995
0.011532
0.003419
0.004814
0.004103
0.013893
0.016278
0.009178
0.011464
0.009812
0.003513
-0.001311
-0.009122
-0.012497
-0.002864
0.003174
0.004320
0.012688
0.020353
0.034899
0.052506
0.054539
0.048236
0.046336
0.056806
0.084086
0.105817
0.116258
0.123143
0.127965
0.138732
0.162763
0.173531
0.166830
0.154611
0.127364
0.104272
0.088149
0.057802
0.013884
-0.037279
-0.071546
-0.073224
-0.056330
-0.038306
-0.038514
-0.066806
-0.109270
-0.136430
-0.152711
-0.147897
-0.137880
-0.126824
-0.124977
-0.113473
-0.107770
-0.088680
-0.071585
-0.058764
-0.050503
-0.044773
-0.047356
-0.036802
-0.028470
-0.011207
0.004769
0.010704
0.007411
0.010704
0.008661
0.015269
0.019217
0.018797
0.010824
0.006822
-0.002263
0.002772
0.001930
-0.000058
-0.006806
-0.010994
-0.010593
0.000724
0.010493
0.026584
0.040210
0.047456
0.051090
0.052866
0.048362
0.057435
0.075643
0.098277
0.114102
0.123032
0.133207
0.143114
0.159327
0.176750
0.181149
0.164244
0.144084
0.118026
0.097300
0.079241
0.050661
0.007813
-0.040922
-0.071464
-0.071001
-0.051876
-0.034710
-0.037495
-0.071766
-0.114967
-0.141862
-0.150003
-0.137403
-0.120517
-0.114152
-0.109252
-0.109034
-0.095045
-0.074021
-0.057065
-0.044187
-0.039224
-0.042048
-0.038622
-0.035703
-0.024783
-0.006239
0.007345
0.018061
0.022033
0.019212
0.012907
0.011485
0.012858
0.017427
0.012634
0.010667
0.005521
0.002221
0.001265
0.005226
0.006868
0.004257
0.000259
0.001121
0.011251
0.028769
0.042904
0.050669
0.048834
0.044929
0.054502
0.074028
0.090351
0.108025
0.117015
0.137945
0.142372
0.158122
0.163144
0.171561
0.165523
0.154436
0.138166
0.116577
0.095952
0.050802
0.005557
-0.047809
-0.079070
-0.087704
-0.070237
-0.055891
-0.054600
-0.086703
-0.117810
-0.145909
-0.155158
-0.150293
-0.140708
-0.147079
-0.138548
-0.133865
-0.111090
-0.086482
-0.065047
-0.054995
-0.046677
-0.051549
-0.043921
-0.041749
-0.026777
-0.006419
0.009190
0.014630
0.015185
0.007954
0.005381
0.010548
0.011161
0.018667
0.013071
0.002009
-0.006236
-0.007077
-0.008544
-0.006618
-0.015080
-0.019797
-0.018357
-0.011677
0.007743
0.025923
0.028224
0.028547
0.025793
0.025008
0.041472
0.062500
0.088164
0.100391
0.109030
0.124534
0.136978
0.152440
0.162061
0.162203
0.148527
0.137083
0.114945
0.104216
0.082510
0.051238
0.003335
-0.051491
-0.093708
-0.099613
-0.090088
-0.062363
-0.056635
-0.073308
-0.111406
-0.142598
-0.168463
-0.162574
-0.156449
-0.143003
-0.137358
-0.123703
-0.115256
-0.089740
-0.075328
-0.054521
-0.048165
-0.047789
-0.048463
-0.041595
-0.037678
-0.017085
-0.008415
0.003009
0.005362
0.005688
0.005611
0.005983
0.001279
0.012424
0.014276
0.005860
-0.004492
-0.020701
-0.029850
-0.023031
-0.014669
-0.007580
-0.008200
-0.018067
-0.011727
-0.002953
0.012806
0.027831
0.035351
0.031496
0.038425
0.045911
0.061610
0.076778
0.094982
0.112883
0.123168
0.128094
0.137906
0.137818
0.141346
0.134919
0.126715
0.105874
0.085809
0.040043
-0.007204
-0.063822
-0.094814
-0.102419
-0.083190
-0.062640
-0.052587
-0.074420
-0.108364
-0.143122
-0.163493
-0.168456
-0.156787
-0.147501
-0.133164
-0.123649
-0.112026
-0.097545
-0.079390
-0.067281
-0.056571
-0.052112
-0.051660
-0.044761
-0.039511
-0.028570
-0.016076
-0.004262
0.004464
0.013154
0.006905
0.003525
-0.005318
-0.012722
-0.014132
-0.007962
-0.003622
0.002499
-0.006816
-0.026133
-0.041492
-0.045930
-0.033638
-0.011099
0.006743
0.017313
0.015299
0.010454
0.011538
0.013495
0.021732
0.043992
0.060811
0.074608
0.081392
0.093742
0.100333
0.113473
0.129217
0.138242
0.137409
0.126079
0.108895
0.094185
0.077066
0.065399
0.037629
-0.006052
-0.058467
-0.089027
-0.097863
-0.080688
-0.055314
-0.057517
-0.079510
-0.117971
-0.152369
-0.165992
-0.157341
-0.142930
-0.127901
-0.129755
-0.126580
-0.115484
-0.095013
-0.075412
-0.055970
-0.055259
-0.052597
-0.052560
-0.040847
-0.026413
-0.009576
-0.003149
0.005698
0.004551
0.009919
0.004853
0.001691
-0.002432
0.000231
-0.001083
0.004801
0.000785
0.003137
-0.006672
-0.011926
-0.018470
-0.023239
-0.024738
-0.018188
-0.008817
0.008857
0.021641
0.029293
0.036108
0.032967
0.038971
0.049880
0.059287
0.072248
0.090934
0.106522
0.126052
0.130212
0.137275
0.135189
0.134033
0.124622
0.118320
0.095747
0.085717
0.062859
0.032375
-0.006258
-0.048287
-0.076624
-0.080809
-0.070463
-0.052258
-0.053915
-0.077465
-0.108579
-0.135204
-0.147729
-0.136671
-0.125038
-0.118458
-0.108897
-0.100706
-0.089932
-0.074877
-0.059695
-0.045339
-0.038867
-0.039688
-0.033393
-0.027619
-0.013643
0.003469
0.014981
0.018920
0.022126
0.018327
0.018961
0.020851
0.019943
0.020826
0.018665
0.011392
0.014496
0.005433
0.002861
-0.003609
-0.008753
-0.006882
0.000230
0.004210
0.017897
0.023868
0.037290
0.054330
0.062317
0.053670
0.050497
0.049422
0.066190
0.085789
0.110012
0.132494
0.144159
0.140196
0.150537
0.144112
0.134090
0.127912
0.114058
0.101354
0.093369
0.072123
0.051909
0.015829
-0.026947
-0.047738
-0.059415
-0.056440
-0.043939
-0.048223
-0.063498
-0.083349
-0.112370
-0.117045
-0.114939
-0.108052
-0.098422
-0.089813
-0.091171
-0.078710
-0.071661
-0.049684
-0.033220
-0.022727
-0.020127
-0.017660
-0.020475
-0.010110
0.001825
0.012262
0.023753
0.026218
0.020990
0.021637
0.019459
0.025251
0.034484
0.036849
0.033500
0.026374
0.014333
0.009317
0.004435
0.002029
0.005641
0.006658
0.007969
0.022588
0.038277
0.055506
0.061263
0.053373
0.038793
0.040383
0.054601
0.082311
0.098571
0.109841
0.114479
0.123822
0.139252
0.153119
0.153757
0.148428
0.133998
0.120918
0.112538
0.100897
0.091619
0.067165
0.034397
-0.012089
-0.043541
-0.058317
-0.050370
-0.038534
-0.037426
-0.055930
-0.084389
-0.111252
-0.121395
-0.116444
-0.101777
-0.093726
-0.095529
-0.102853
-0.101451
-0.085264
-0.063723
-0.039334
-0.026132
-0.025984
-0.034063
-0.033800
-0.022503
-0.000689
0.014353
0.018714
0.011380
0.007986
0.007773
0.021387
0.029343
0.035887
0.022384
0.009709
-0.006739
-0.006767
-0.002897
0.011797
0.011978
0.012979
-0.000905
-0.001781
0.005148
0.029756
0.049636
0.061824
0.053359
0.039284
0.033253
0.049054
0.078058
0.107777
0.117457
0.130171
0.127214
0.132570
0.140070
0.149190
0.140838
0.134948
0.119109
0.105813
0.092232
0.065803
0.026747
-0.020266
-0.066273
-0.082359
-0.075551
-0.062819
-0.047040
-0.056693
-0.087301
-0.117002
-0.141597
-0.150017
-0.140828
-0.135968
-0.125490
-0.118988
-0.111005
-0.095273
-0.073464
-0.064188
-0.051592
-0.053766
-0.051918
-0.046660
-0.035656
-0.019785
-0.000994
0.005562
0.012800
0.008220
-0.001285
-0.002760
0.003731
0.004309
0.012942
0.009107
0.007920
0.007179
0.004329
-0.004548
-0.014333
-0.031135
-0.024289
-0.011389
0.005697
0.019945
0.025725
0.023207
0.031384
0.026512
0.032852
0.045199
0.057429
0.066732
0.078369
0.084900
0.102809
0.118380
0.141263
0.142428
0.139756
0.126824
0.121697
0.104246
0.096804
0.079396
0.056508
0.012617
-0.020713
-0.062750
-0.071960
-0.073383
-0.055109
-0.057354
-0.069708
-0.106041
-0.126771
-0.146862
-0.137228
-0.131965
-0.125250
-0.128102
-0.121367
-0.118030
-0.095385
-0.079878
-0.061673
-0.058692
-0.053596
-0.049256
-0.036379
-0.027793
-0.016443
-0.016791
-0.009187
-0.002132
0.007478
0.011167
0.010923
0.000721
-0.002935
-0.002844
0.000808
0.011917
0.009813
0.001090
-0.013222
-0.028567
-0.030434
-0.017998
-0.011051
0.002344
0.011950
0.022964
0.033340
0.037201
0.032617
0.033834
0.038762
0.055983
0.076144
0.084062
0.086159
0.096091
0.114139
0.131558
0.141247
0.141716
0.127060
0.115786
0.098857
0.085358
0.065693
0.041611
0.011970
-0.017580
-0.052955
-0.064091
-0.063274
-0.058681
-0.061099
-0.077617
-0.109668
-0.127330
-0.142102
-0.138583
-0.130793
-0.127047
-0.122607
-0.117353
-0.114880
-0.099316
-0.086191
-0.072668
-0.057533
-0.056405
-0.055831
-0.051310
-0.042317
-0.026825
-0.008828
-0.000628
0.005901
-0.001023
-0.005182
-0.002741
0.001855
0.008882
0.015768
0.006454
-0.000889
-0.006982
-0.008414
-0.011683
-0.008437
-0.013946
-0.010674
-0.009952
-0.001310
0.017800
0.036513
0.049139
0.054584
0.040024
0.027086
0.031116
0.050187
0.078186
0.100468
0.108471
0.117605
0.117888
0.126748
0.137828
0.150865
0.140983
0.128452
0.103904
0.085130
0.068483
0.047157
0.012876
-0.027102
-0.066537
-0.075914
-0.070265
-0.048490
-0.043570
-0.058930
-0.098025
-0.129940
-0.150575
-0.144886
-0.134608
-0.117375
-0.114423
-0.110845
-0.109603
-0.095912
-0.077711
-0.057126
-0.051362
-0.050363
-0.055125
-0.048056
-0.031295
-0.007223
0.008781
0.012365
0.000772
-0.009744
-0.009800
0.001798
0.018372
0.026882
0.021837
0.009930
0.001122
-0.007730
-0.008829
-0.011888
-0.005001
0.000951
0.010869
0.014260
0.014622
0.008013
0.011893
0.022727
0.038148
0.051224
0.058263
0.063785
0.078849
0.091465
0.101382
0.104440
0.104456
0.115749
0.134122
0.148690
0.156787
0.143225
0.121682
0.100461
0.089631
0.082401
0.061405
0.023102
-0.029938
-0.068006
-0.077125
-0.058810
-0.037951
-0.032051
-0.054515
-0.092664
-0.126318
-0.141875
-0.138643
-0.127256
-0.117207
-0.110478
-0.103746
-0.096777
-0.082031
-0.070089
-0.061235
-0.057584
-0.055299
-0.052003
-0.040056
-0.026596
-0.011735
0.000224
0.009253
0.008611
0.010157
0.006046
0.008760
0.007987
0.009516
0.004228
0.006999
0.008092
0.016752
0.014577
0.001755
-0.012961
-0.020439
-0.014561
0.008317
0.031539
0.041932
0.044003
0.042705
0.043132
0.049664
0.053110
0.064303
0.075872
0.086922
0.101966
0.121251
0.135182
0.146924
0.156522
0.146623
0.142581
0.134044
0.126903
0.123629
0.106778
0.082510
0.041291
-0.008763
-0.054454
-0.073221
-0.077627
-0.057564
-0.045131
-0.050589
-0.075540
-0.104930
-0.135407
-0.142098
-0.143175
-0.133822
-0.125839
-0.116295
-0.106268
-0.089634
-0.078511
-0.063215
-0.055676
-0.051534
-0.045733
-0.037975
-0.029219
-0.014646
-0.003743
-0.001145
0.000892
-0.002411
0.002240
0.009271
0.011742
0.012442
0.011267
-0.000145
-0.000906
0.003762
0.006117
0.008579
-0.005059
-0.014422
-0.018596
-0.014267
-0.002441
0.017667
0.027402
0.038694
0.037986
0.042079
0.046041
0.052621
0.058042
0.076090
0.083870
0.098852
0.113013
0.130217
0.137001
0.152080
0.149021
0.149321
0.136366
0.121150
0.106921
0.093262
0.077665
0.053320
0.007335
-0.044308
-0.071730
-0.086006
-0.070001
-0.053321
-0.055526
-0.076620
-0.108143
-0.132306
-0.137965
-0.139597
-0.134454
-0.129436
-0.125758
-0.121447
-0.103049
-0.090533
-0.072097
-0.062407
-0.053255
-0.047628
-0.038791
-0.035880
-0.026211
-0.019141
-0.004429
0.002654
0.008635
0.005384
0.004593
-0.000325
0.003149
0.000507
0.000749
0.000442
0.005771
0.001241
-0.002637
-0.014774
-0.016981
-0.015620
-0.006546
0.002545
0.013387
0.022856
0.037047
0.038595
0.036099
0.031502
0.039386
0.061099
0.085519
0.102537
0.108851
0.112241
0.123311
0.137598
0.139232
0.150445
0.147450
0.140882
0.127102
0.099747
0.077979
0.048054
0.014929
-0.027628
-0.066868
-0.087439
-0.078131
-0.058240
-0.046324
-0.059547
-0.094381
-0.133776
-0.158414
-0.162677
-0.150224
-0.134945
-0.124624
-0.115661
-0.106011
-0.098022
-0.084182
-0.073447
-0.064394
-0.054583
-0.046428
-0.036872
-0.033981
-0.028399
-0.016546
-0.005615
0.000356
0.000483
-0.002818
-0.003019
0.002851
0.006957
0.011594
0.005839
-0.005164
-0.016424
-0.018238
-0.017835
-0.009974
-0.002812
0.002111
0.000581
0.007453
0.014127
0.028358
0.034125
0.040189
0.040631
0.047594
0.053872
0.069626
0.079827
0.090982
0.101938
0.124590
0.138023
0.142372
0.133162
0.134474
0.129791
0.127673
0.113020
0.096689
0.069461
0.036213
0.004149
-0.033752
-0.065770
-0.075719
-0.072457
-0.061472
-0.060520
-0.075880
-0.103203
-0.131752
-0.149873
-0.148843
-0.140135
-0.130918
-0.122102
-0.114832
-0.110625
-0.095671
-0.082205
-0.066997
-0.055114
-0.050295
-0.049031
-0.040432
-0.035071
-0.023605
-0.012724
-0.004545
0.007176
0.011722
0.008334
0.005974
-0.001124
-0.000705
0.002164
0.004453
0.005254
0.002295
-0.003692
-0.005790
-0.003693
-0.004837
-0.004283
-0.007301
0.003886
0.022188
0.043589
0.047598
0.044135
0.035589
0.041232
0.061168
0.082771
0.098594
0.108664
0.112383
0.119513
0.128356
0.136887
0.147202
0.145905
0.143532
0.132550
0.110629
0.093180
0.067118
0.021413
-0.033752
-0.077181
-0.095963
-0.077109
-0.053314
-0.040579
-0.054625
-0.094240
-0.130360
-0.146438
-0.150785
-0.143761
-0.138520
-0.135300
-0.129074
-0.112721
-0.094863
-0.068175
-0.055986
-0.049117
-0.053219
-0.055366
-0.055661
-0.039006
-0.022535
-0.003013
0.007112
0.010204
0.004955
0.004262
0.003829
0.012096
0.017371
0.020477
0.013188
0.004493
-0.004672
0.001397
-0.000004
0.002007
0.000243
0.001672
-0.001028
0.010717
0.022543
0.041367
0.048607
0.050102
0.053144
0.054475
0.063560
0.084944
0.094246
0.103890
0.115763
0.125282
0.135638
0.150497
0.149913
0.152887
0.145840
0.131620
0.115541
0.091689
0.070792
0.044162
0.001056
-0.041782
-0.066821
-0.080960
-0.070431
-0.052852
-0.052916
-0.069535
-0.096049
-0.126434
-0.133797
-0.134912
-0.127281
-0.118157
-0.112943
-0.107433
-0.088685
-0.076108
-0.053401
-0.039656
-0.036270
-0.033262
-0.031345
-0.031071
-0.020185
-0.011647
0.002415
0.014455
0.016096
0.013645
0.011865
0.008837
0.018514
0.025419
0.021404
0.013813
0.000642
-0.010299
-0.012933
-0.004881
0.008587
0.022137
0.025087
0.027725
0.025577
0.028992
0.039398
0.056375
0.062354
0.069716
0.073926
0.087622
0.096932
0.115364
0.128283
0.141091
0.143437
0.147125
0.144203
0.152009
0.150732
0.144940
0.124495
0.102590
0.077105
0.048547
0.010510
-0.034633
-0.071271
-0.085173
-0.073429
-0.055152
-0.052067
-0.067610
-0.100765
-0.132133
-0.142499
-0.141100
-0.130844
-0.122971
-0.118129
-0.111969
-0.099468
-0.082660
-0.062826
-0.050297
-0.044058
-0.037157
-0.033761
-0.025550
-0.015597
-0.011491
-0.002154
0.005414
0.010148
0.015972
0.019065
0.019064
0.018077
0.013168
0.010732
0.006623
0.001458
0.000034
-0.002328
-0.007047
-0.004043
-0.001575
-0.000568
0.007843
0.022249
0.036910
0.052770
0.046508
0.042423
0.038694
0.042857
0.060522
0.080361
0.091485
0.106866
0.117298
0.125562
0.131962
0.139459
0.144184
0.143802
0.130811
0.111518
0.094224
0.070922
0.059258
0.030681
-0.010199
-0.055021
-0.080778
-0.084892
-0.065324
-0.051336
-0.053500
-0.081977
-0.115303
-0.140149
-0.144336
-0.132851
-0.119704
-0.117208
-0.121034
-0.116637
-0.100155
-0.080218
-0.054500
-0.046419
-0.045333
-0.050566
-0.050165
-0.038058
-0.024058
-0.012379
0.001511
0.005120
0.005610
0.005088
0.002336
0.006221
0.010838
0.009212
0.007933
0.004253
-0.000246
-0.002864
-0.009646
-0.017747
-0.018078
-0.012549
0.002255
0.015371
0.024124
0.037824
0.044368
0.038095
0.033869
0.027251
0.038813
0.062346
0.087656
0.096582
0.106929
0.106838
0.116287
0.120357
0.138417
0.139762
0.135074
0.115220
0.102431
0.085219
0.072886
0.044238
0.002659
-0.050474
-0.086308
-0.094042
-0.075426
-0.057429
-0.052808
-0.078427
-0.111234
-0.133892
-0.145391
-0.138665
-0.131001
-0.126847
-0.125198
-0.119284
-0.108308
-0.090009
-0.078730
-0.061964
-0.060134
-0.053850
-0.052639
-0.040721
-0.030209
-0.013213
-0.005111
0.003990
0.005772
0.009459
-0.000698
-0.002385
-0.004887
0.002257
0.005417
0.015370
0.005631
0.002069
-0.012330
-0.013276
-0.008954
0.000192
0.002222
0.008262
0.006822
0.011886
0.016203
0.025579
0.038520
0.046763
0.048713
0.061699
0.069908
0.080520
0.088315
0.109745
0.122729
0.133714
0.135867
0.134742
0.123416
0.121545
0.112916
0.105761
0.090366
0.064867
0.024368
-0.022216
-0.066248
-0.071651
-0.068344
-0.050877
-0.048999
-0.065006
-0.099051
-0.119708
-0.138315
-0.135161
-0.130441
-0.125028
-0.122128
-0.116506
-0.108205
-0.086499
-0.072596
-0.060173
-0.055483
-0.053065
-0.051422
-0.041853
-0.034410
-0.019227
-0.006649
0.004841
0.009938
0.012484
0.005649
0.002424
-0.000924
-0.001450
0.007262
0.012661
0.014637
0.010551
0.004107
0.000444
-0.003996
-0.002617
0.001322
0.002042
0.004034
0.010618
0.024738
0.037418
0.048982
0.049947
0.047666
0.042080
0.051070
0.063364
0.079653
0.084475
0.095911
0.108732
0.125472
0.125516
0.126976
0.121801
0.104724
0.095583
0.081601
0.071009
0.062916
0.049245
0.029691
-0.005796
-0.045180
-0.060150
-0.063405
-0.053993
-0.054689
-0.064934
-0.095546
-0.108692
-0.120822
-0.113572
-0.111554
-0.104550
-0.106760
-0.101211
-0.100922
-0.082607
-0.073176
-0.059700
-0.054042
-0.053118
-0.052829
-0.040656
-0.029083
-0.010423
-0.001534
-0.000211
-0.000240
-0.001123
0.000860
0.003550
0.006925
0.011346
0.016279
0.012647
0.008507
0.009273
0.003277
-0.001813
-0.002989
-0.003613
0.005697
0.018700
0.029246
0.035249
0.032990
0.032102
0.038549
0.045718
0.053714
0.066242
0.074631
0.084139
0.095371
0.110103
0.124692
0.132909
0.129958
0.129507
0.116792
0.115049
0.106919
0.098170
0.082367
0.062617
0.025722
-0.014571
-0.060241
-0.077413
-0.075458
-0.056299
-0.051256
-0.058779
-0.093538
-0.115974
-0.132157
-0.129719
-0.122349
-0.115755
-0.117773
-0.114778
-0.111550
-0.093331
-0.077317
-0.063679
-0.052993
-0.043613
-0.043354
-0.035628
-0.031386
-0.023095
-0.013522
-0.008585
0.000746
0.009154
0.012505
0.015354
0.016424
0.013166
0.012057
0.005502
0.002372
0.006389
0.011160
0.014933
0.014967
0.002187
-0.006967
-0.002397
0.013506
0.031428
0.040723
0.039610
0.043618
0.044189
0.052779
0.065199
0.073657
0.076518
0.080267
0.090391
0.117945
0.134855
0.137839
0.131069
0.117785
0.103041
0.099185
0.097807
0.098677
0.088192
0.068023
0.025170
-0.026012
-0.061472
-0.070688
-0.061701
-0.051401
-0.052521
-0.069577
-0.103201
-0.120745
-0.121059
-0.119204
-0.116383
-0.114506
-0.120627
-0.112950
-0.098172
-0.078895
-0.061690
-0.053333
-0.052800
-0.050870
-0.052866
-0.042787
-0.029290
-0.015792
0.002007
0.014058
0.010779
0.013451
0.005653
0.001668
0.002878
0.005633
0.011695
0.019542
0.013922
0.010335
-0.000627
-0.006426
-0.005165
0.001420
0.006467
0.016742
0.021263
0.030387
0.034979
0.038993
0.042179
0.048772
0.052589
0.067645
0.085081
0.090884
0.100908
0.109980
0.120084
0.138761
0.140927
0.140984
0.136661
0.112036
0.105351
0.092427
0.079566
0.059214
0.026667
-0.022507
-0.060107
-0.077672
-0.070482
-0.053547
-0.051622
-0.070059
-0.099621
-0.133700
-0.144227
-0.135987
-0.125819
-0.116561
-0.115150
-0.120043
-0.116266
-0.101375
-0.083058
-0.062313
-0.054800
-0.050532
-0.047888
-0.044731
-0.035885
-0.021978
-0.010800
0.000438
0.001590
0.000217
-0.001739
-0.000648
0.006781
0.016819
0.017226
0.009209
0.004548
-0.002096
-0.012999
-0.019632
-0.020590
-0.010858
0.002788
0.019405
0.023255
0.023950
0.018293
0.027130
0.036031
0.049270
0.050096
0.060627
0.063241
0.076892
0.088217
0.108773
0.125778
0.141852
0.133872
0.128988
0.121793
0.106406
0.096736
0.091725
0.079812
0.065499
0.035548
-0.012433
-0.055905
-0.086837
-0.088627
-0.067212
-0.057946
-0.059992
-0.086132
-0.121054
-0.141117
-0.141073
-0.135737
-0.121991
-0.119018
-0.119120
-0.113841
-0.098946
-0.085231
-0.063429
-0.061629
-0.059683
-0.053341
-0.049437
-0.037063
-0.027711
-0.018452
-0.009403
-0.004700
-0.004212
0.003159
0.000819
0.001370
0.002159
0.002381
-0.003052
0.003338
-0.000291
0.002464
-0.004505
-0.010676
-0.016496
-0.010866
0.000996
0.024274
0.031289
0.036677
0.031719
0.031386
0.036664
0.052694
0.062116
0.074503
0.076267
0.082121
0.096655
0.115454
0.131510
0.139370
0.134450
0.115918
0.117103
0.100767
0.102475
0.090436
0.078107
0.047856
0.011017
-0.045985
-0.068297
-0.082407
-0.072210
-0.061240
-0.063409
-0.088255
-0.110772
-0.136441
-0.133894
-0.128119
-0.127248
-0.125914
-0.126748
-0.125862
-0.104261
-0.086064
-0.069595
-0.057325
-0.060743
-0.056586
-0.050679
-0.040928
-0.022022
-0.007146
-0.005149
-0.004204
-0.012491
-0.012374
-0.000031
0.014132
0.022098
0.025339
0.006738
-0.002508
-0.006007
-0.004708
-0.001563
-0.002870
-0.008871
-0.003336
-0.000150
0.014514
0.024699
0.027638
0.027835
0.035713
0.035594
0.047472
0.053004
0.072672
0.080848
0.090360
0.092053
0.113019
0.129311
0.147677
0.156177
0.144187
0.124897
0.111608
0.094947
0.093888
0.089753
0.058864
0.016054
-0.040577
-0.077428
-0.078094
-0.062375
-0.045244
-0.043538
-0.076240
-0.110936
-0.129957
-0.137366
-0.126445
-0.113867
-0.118359
-0.119055
-0.119813
-0.110551
-0.082971
-0.060917
-0.048566
-0.041470
-0.047633
-0.048475
-0.037626
-0.028528
-0.010679
0.001044
0.001543
0.006532
0.004485
-0.001338
0.004478
0.005601
0.015506
0.022620
0.016544
0.008522
0.000689
-0.008864
-0.009117
-0.006805
-0.000433
0.012994
0.021981
0.024745
0.024236
0.019315
0.026631
0.041310
0.053251
0.064523
0.070624
0.070841
0.075743
0.084908
0.097617
0.118784
0.139529
0.137932
0.127110
0.118553
0.115374
0.114769
0.110683
0.101346
0.079301
0.048254
0.009892
-0.024284
-0.058471
-0.065919
-0.055803
-0.044082
-0.049043
-0.065592
-0.098627
-0.119047
-0.125226
-0.116690
-0.108417
-0.101329
-0.106993
-0.106145
-0.100362
-0.081150
-0.064773
-0.053249
-0.053200
-0.049468
-0.046963
-0.033941
-0.019491
-0.007322
0.002149
0.005890
0.003611
0.001959
0.002038
0.003766
0.013950
0.019002
0.021020
0.023734
0.017805
0.013673
0.007222
-0.004262
0.000887
0.007339
0.016933
0.034227
0.040967
0.041110
0.039986
0.037433
0.045071
0.053502
0.060177
0.073856
0.083311
0.091620
0.108012
0.118589
0.127071
0.128076
0.126696
0.125288
0.117889
0.120153
0.116972
0.109707
0.098102
0.076350
0.040128
-0.002809
-0.051094
-0.071414
-0.070751
-0.057569
-0.052031
-0.054640
-0.082383
-0.099749
-0.115537
-0.115851
-0.115794
-0.113997
-0.122151
-0.117755
-0.116309
-0.092359
-0.068437
-0.046770
-0.041533
-0.036288
-0.043651
-0.039040
-0.033357
-0.022023
-0.009524
0.004878
0.008426
0.014221
0.009012
0.008816
0.014764
0.026672
0.022005
0.017844
0.000666
-0.003846
-0.003360
0.003631
0.013041
0.017680
0.009619
0.007842
0.009828
0.017742
0.035835
0.045079
0.047028
0.048827
0.048867
0.059380
0.079253
0.092080
0.103843
0.110275
0.120720
0.130577
0.134017
0.135325
0.140851
0.139205
0.131471
0.116306
0.091905
0.062163
0.036085
-0.002668
-0.041038
-0.064060
-0.069751
-0.059450
-0.047230
-0.054111
-0.073595
-0.106619
-0.129417
-0.139134
-0.136577
-0.127704
-0.118588
-0.115505
-0.105119
-0.094912
-0.078883
-0.064248
-0.054400
-0.050966
-0.047677
-0.042363
-0.026197
-0.013852
-0.001252
0.005060
0.002691
0.001029
0.003723
0.009785
0.015389
0.019546
0.021601
0.021117
0.021557
0.015159
0.006202
-0.005472
-0.013102
-0.014330
-0.005450
0.008974
0.028204
0.038185
0.044954
0.041313
0.036997
0.036564
0.043862
0.054897
0.072952
0.085461
0.096868
0.104867
0.112939
0.128748
0.141390
0.137116
0.134847
0.121102
0.117812
0.111922
0.103642
0.093205
0.073629
0.039781
-0.000922
-0.042188
-0.061943
-0.064375
-0.055419
-0.049533
-0.058838
-0.084849
-0.111057
-0.127784
-0.132578
-0.121387
-0.113092
-0.109693
-0.110129
-0.105624
-0.099176
-0.079885
-0.068800
-0.055676
-0.056673
-0.054401
-0.046374
-0.030076
-0.023297
-0.006433
-0.004853
-0.002785
-0.006467
-0.005607
-0.005004
0.001690
0.000794
0.009310
0.009931
0.009164
0.003477
-0.002728
-0.016799
-0.016799
-0.011026
0.002791
0.015533
0.019353
0.024654
0.030238
0.028162
0.033221
0.039870
0.045541
0.058556
0.068835
0.076275
0.085149
0.091657
0.104464
0.124104
0.132172
0.142741
0.130672
0.111784
0.096807
0.082195
0.076972
0.075175
0.050067
0.001136
-0.057561
-0.093682
-0.092987
-0.068362
-0.052809
-0.060878
-0.099081
-0.138753
-0.154160
-0.148666
-0.137523
-0.126617
-0.132045
-0.134901
-0.129548
-0.112598
-0.089880
-0.072456
-0.065899
-0.062458
-0.062034
-0.062117
-0.056120
-0.041927
-0.023808
-0.006546
0.001724
0.001037
-0.004633
-0.009410
-0.011863
-0.009383
-0.000352
0.001570
-0.000930
-0.003144
-0.010005
-0.012557
-0.017720
-0.014592
-0.005648
0.003454
0.006369
0.012812
0.012333
0.018422
0.024836
0.033196
0.036078
0.042353
0.049303
0.066908
0.080181
0.095454
0.103099
0.117451
0.117533
0.119670
0.109772
0.097248
0.095572
0.095279
0.098801
0.089041
0.066041
0.040360
0.003010
-0.042362
-0.069135
-0.084416
-0.081815
-0.073629
-0.072554
-0.086605
-0.104473
-0.121745
-0.127056
-0.124328
-0.123198
-0.119669
-0.120544
-0.120263
-0.107481
-0.092578
-0.079905
-0.065727
-0.056677
-0.052764
-0.043859
-0.042107
-0.038319
-0.029166
-0.018726
-0.006642
0.004197
0.006745
0.005380
0.000583
-0.001605
-0.004522
-0.002969
-0.003834
0.002294
0.003265
0.004401
0.002580
0.003591
0.001623
0.002636
0.001230
0.006695
0.018464
0.032229
0.047401
0.052907
0.053177
0.058036
0.066846
0.080048
0.097726
0.106794
0.121684
0.135353
0.142232
0.148115
0.144954
0.129124
0.101939
0.088964
0.083055
0.086798
0.070310
0.036394
-0.018598
-0.063023
-0.085443
-0.074986
-0.069808
-0.071556
-0.091203
-0.114272
-0.129240
-0.127725
-0.123257
-0.119438
-0.118250
-0.123036
-0.119657
-0.109607
-0.091418
-0.070012
-0.051594
-0.045683
-0.037302
-0.035740
-0.024392
-0.015394
-0.005810
-0.001114
0.003085
0.002713
0.011359
0.011842
0.016984
0.018060
0.015029
0.000446
-0.002092
-0.003424
0.007280
0.012726
0.013561
0.006596
0.001167
0.000532
0.010553
0.013527
0.025273
0.036232
0.046641
0.058226
0.064899
0.063222
0.068170
0.080946
0.092444
0.111182
0.123245
0.134641
0.137895
0.141467
0.141146
0.141193
0.128429
0.115011
0.096429
0.085727
0.066430
0.042746
-0.008635
-0.053020
-0.078883
-0.079557
-0.061917
-0.052507
-0.065736
-0.094765
-0.122750
-0.138885
-0.131762
-0.123235
-0.115705
-0.114725
-0.115101
-0.114251
-0.095289
-0.083487
-0.060822
-0.048113
-0.039138
-0.041042
-0.037324
-0.036469
-0.018663
-0.011890
-0.000610
0.002580
0.007207
0.008558
0.018542
0.017521
0.018278
0.010611
0.004270
-0.002492
-0.002136
-0.000829
-0.000997
-0.005036
0.002214
0.012429
0.020369
0.017254
0.013924
0.012328
0.020403
0.035951
0.055129
0.063485
0.068815
0.071978
0.081109
0.089457
0.098374
0.107494
0.118233
0.126126
0.123556
0.129897
0.121830
0.114230
0.098429
0.085071
0.061860
0.042735
0.002835
-0.034059
-0.066349
-0.074960
-0.065148
-0.054827
-0.067679
-0.084303
-0.114607
-0.130173
-0.133519
-0.124323
-0.121786
-0.118547
-0.127273
-0.121533
-0.112578
-0.090967
-0.070816
-0.052685
-0.051601
-0.048790
-0.057163
-0.047851
-0.038289
-0.014432
0.002196
0.006640
-0.000955
-0.004739
-0.003924
0.009148
0.016209
0.014974
0.005129
-0.001573
-0.001546
0.008334
0.008368
-0.000221
-0.012178
-0.015386
-0.004371
0.010695
0.018415
0.024921
0.029017
0.033988
0.047647
0.050788
0.049320
0.058938
0.072082
0.082452
0.099955
0.107368
0.118649
0.125141
0.124093
0.131141
0.124659
0.112500
0.101165
0.087276
0.069819
0.063347
0.037862
-0.001226
-0.043010
-0.072083
-0.081035
-0.066955
-0.061947
-0.063044
-0.081189
-0.107430
-0.118329
-0.124575
-0.121756
-0.119343
-0.118572
-0.121268
-0.106073
-0.095779
-0.072652
-0.055302
-0.042988
-0.039738
-0.035688
-0.041387
-0.034337
-0.034215
-0.020667
-0.005913
0.009499
0.013965
0.020845
0.014140
0.018159
0.016674
0.014076
0.009321
0.006230
-0.002110
0.002446
-0.002934
0.005633
0.015153
0.022093
0.021039
0.020978
0.015454
0.027191
0.041196
0.058843
0.070434
0.075461
0.073527
0.076042
0.076046
0.094071
0.114182
0.135218
0.154082
0.151815
0.141350
0.138725
0.128926
0.127647
0.122902
0.105037
0.082721
0.043358
-0.006614
-0.047702
-0.064929
-0.061929
-0.045240
-0.049104
-0.063074
-0.091309
-0.113711
-0.122283
-0.114328
-0.116952
-0.115155
-0.121422
-0.117885
-0.109533
-0.086050
-0.069388
-0.052134
-0.047721
-0.044315
-0.041113
-0.029648
-0.016092
-0.003667
0.003445
0.004868
0.001492
0.004351
0.010939
0.021573
0.023955
0.028085
0.023844
0.016308
0.008690
0.013075
0.012821
0.005941
-0.005737
-0.009086
-0.006109
0.007413
0.019351
0.032563
0.036690
0.036652
0.040771
0.054462
0.061499
0.068875
0.072629
0.076239
0.083146
0.094204
0.110840
0.131869
0.144291
0.141491
0.136871
0.128432
0.111414
0.099992
0.085773
0.075842
0.064141
0.035935
-0.007668
-0.051540
-0.080490
-0.079732
-0.065138
-0.053810
-0.060678
-0.083455
-0.110900
-0.125264
-0.127131
-0.122675
-0.116311
-0.114982
-0.111799
-0.103107
-0.089071
-0.075266
-0.058615
-0.049540
-0.045251
-0.048061
-0.046691
-0.039250
-0.027962
-0.017783
-0.004770
-0.001514
-0.002866
-0.005049
-0.002466
0.002377
0.012273
0.012055
0.006731
-0.005359
-0.008050
-0.001502
0.004933
0.005598
-0.000369
-0.014121
-0.015636
-0.000434
0.020922
0.041837
0.049338
0.047528
0.048967
0.048957
0.055017
0.064377
0.069578
0.075573
0.086806
0.101875
0.122279
0.127711
0.130052
0.113544
0.105639
0.093065
0.089183
0.078069
0.071315
0.050014
0.018978
-0.037617
-0.076079
-0.092220
-0.077998
-0.059782
-0.048927
-0.072827
-0.101788
-0.127795
-0.135479
-0.131314
-0.126383
-0.124679
-0.125676
-0.124712
-0.110612
-0.089247
-0.072965
-0.059048
-0.056251
-0.054237
-0.053431
-0.046093
-0.040001
-0.023509
-0.013294
-0.002467
-0.001801
-0.002347
-0.005104
-0.000300
-0.001518
0.007834
0.003077
0.001610
-0.002457
-0.002284
-0.011513
-0.010831
-0.010223
0.004702
0.010703
0.018523
0.017321
0.017337
0.012770
0.028003
0.040139
0.056416
0.059639
0.070103
0.066350
0.074433
0.080231
0.102970
0.122763
0.143692
0.132943
0.137127
0.113008
0.101676
0.089586
0.086231
0.081297
0.073721
0.044354
0.005442
-0.045895
-0.074060
-0.077272
-0.068439
-0.066667
-0.074543
-0.093450
-0.114329
-0.116113
-0.115800
-0.111370
-0.115875
-0.118787
-0.122529
-0.113457
-0.101277
-0.075312
-0.059467
-0.045528
-0.043391
-0.039705
-0.043319
-0.028869
-0.024107
-0.009085
-0.003163
0.004197
0.006824
0.014819
0.013682
0.018492
0.011750
0.008551
0.001077
0.007786
0.011043
0.016352
0.010668
0.006736
-0.000830
0.004845
0.006013
0.016597
0.022815
0.031318
0.040048
0.051694
0.058257
0.068988
0.064227
0.068991
0.072240
0.080627
0.087574
0.112658
0.128464
0.141244
0.138019
0.125202
0.123235
0.111628
0.097790
0.090926
0.073343
0.058221
0.038848
-0.003884
-0.045628
-0.065693
-0.071043
-0.059906
-0.055579
-0.071529
-0.090479
-0.112400
-0.116128
-0.108094
-0.102053
-0.109966
-0.110573
-0.118483
-0.113291
-0.092231
-0.076864
-0.065438
-0.049518
-0.047802
-0.041477
-0.036354
-0.031060
-0.019000
-0.005236
-0.002396
0.004704
0.001988
-0.004665
-0.001265
0.006961
0.017220
0.026894
0.020804
0.013372
0.007481
0.000494
0.000178
0.005541
0.010404
0.018728
0.019504
0.017119
0.020320
0.027141
0.035176
0.046194
0.055086
0.060011
0.065991
0.071273
0.078922
0.083704
0.090303
0.108451
0.124677
0.130902
0.132441
0.124292
0.114529
0.097415
0.093856
0.083211
0.080395
0.056342
0.027441
-0.025489
-0.061184
-0.074738
-0.062697
-0.054690
-0.053016
-0.077915
-0.100918
-0.117659
-0.117526
-0.113784
-0.107722
-0.114316
-0.117976
-0.120459
-0.110591
-0.090305
-0.069806
-0.056374
-0.050007
-0.052496
-0.044908
-0.032296
-0.024023
-0.013015
-0.002917
-0.001969
-0.001702
0.001828
0.000937
0.006780
0.010450
0.012557
0.014792
0.015018
0.016440
0.016952
0.008150
-0.004802
-0.014915
-0.015229
-0.001738
0.013657
0.025269
0.031423
0.034154
0.032469
0.044048
0.052979
0.060074
0.061939
0.068727
0.071094
0.080037
0.098424
0.116958
0.134041
0.139116
0.121286
0.119824
0.096366
0.082735
0.079272
0.070133
0.068095
0.062032
0.027212
-0.017916
-0.060091
-0.090135
-0.081610
-0.071934
-0.077234
-0.083181
-0.104585
-0.118804
-0.112912
-0.114772
-0.111054
-0.114302
-0.127593
-0.125167
-0.110999
-0.097384
-0.066504
-0.051726
-0.049598
-0.046734
-0.047912
-0.043589
-0.031084
-0.019140
-0.003248
0.005591
-0.002452
-0.001575
-0.000209
0.000971
0.009832
0.012157
0.006223
0.006771
0.000247
0.004562
0.007481
0.003427
0.004738
0.004285
0.001475
0.006431
0.012271
0.015951
0.025110
0.032103
0.042828
0.050936
0.058111
0.068631
0.077509
0.076142
0.084780
0.101976
0.111042
0.120763
0.131245
0.125231
0.123262
0.116937
0.102027
0.084134
0.069940
0.054954
0.034269
-0.020909
-0.066946
-0.088291
-0.089791
-0.072717
-0.055646
-0.074587
-0.100399
-0.130419
-0.142221
-0.141564
-0.131600
-0.130963
-0.125340
-0.130412
-0.120239
-0.105092
-0.087129
-0.075323
-0.061689
-0.062018
-0.053031
-0.048788
-0.036560
-0.027600
-0.018124
-0.019819
-0.013888
-0.014080
-0.007875
0.000130
0.010984
0.009793
0.004995
-0.012423
-0.016091
-0.014124
-0.003583
-0.001402
-0.005490
-0.016395
-0.008637
0.001213
0.015707
0.026021
0.021708
0.011090
0.017042
0.030973
0.048682
0.058511
0.061441
0.066283
0.069827
0.070101
0.089516
0.106670
0.117634
0.112423
0.098772
0.093860
0.087955
0.090394
0.083194
0.074544
0.051785
0.039675
0.008721
-0.025605
-0.058923
-0.069209
-0.073786
-0.071579
-0.081650
-0.090729
-0.109191
-0.112171
-0.109814
-0.104351
-0.112656
-0.119889
-0.123263
-0.117914
-0.104945
-0.087216
-0.076774
-0.067906
-0.060890
-0.058123
-0.046262
-0.038956
-0.028187
-0.019946
-0.018655
-0.014626
-0.001747
0.002522
0.006339
0.008725
0.003525
0.001728
0.003749
0.002785
0.007719
0.005811
0.007080
0.014414
0.017810
0.018424
0.017121
0.015320
0.026496
0.041463
0.053695
0.060462
0.057002
0.048904
0.054762
0.074443
0.096334
0.118334
0.122871
0.132979
0.131456
0.131433
0.131809
0.139628
0.128877
0.130080
0.114756
0.109557
0.093611
0.070256
0.020779
-0.026633
-0.070977
-0.076526
-0.072164
-0.059799
-0.062323
-0.072190
-0.095065
-0.107296
-0.113403
-0.117042
-0.121883
-0.122647
-0.119988
-0.112183
-0.097600
-0.078645
-0.059081
-0.047737
-0.036036
-0.029548
-0.021428
-0.015883
-0.012623
-0.006200
0.004454
0.015409
0.027311
0.029944
0.028266
0.022314
0.020601
0.019979
0.023063
0.027275
0.025973
0.022483
0.017678
0.009417
0.012610
0.017320
0.025521
0.029521
0.035566
0.040780
0.049690
0.057443
0.071548
0.079628
0.087456
0.096630
0.099971
0.105418
0.120432
0.134555
0.155620
0.156053
0.144583
0.128944
0.130172
0.121741
0.130984
0.120692
0.107631
0.069361
0.026761
-0.028468
-0.056367
-0.074330
-0.061867
-0.055244
-0.056824
-0.078986
-0.091616
-0.109651
-0.108376
-0.110085
-0.113700
-0.120646
-0.122348
-0.119858
-0.099005
-0.080377
-0.064596
-0.052418
-0.043624
-0.041794
-0.029583
-0.025665
-0.019104
-0.014012
-0.012815
-0.007280
0.002841
0.005277
0.014858
0.016466
0.012032
0.007369
0.000535
-0.000468
0.008583
0.017404
0.013436
0.003812
-0.011973
-0.014592
-0.006158
0.007944
0.020864
0.031330
0.028798
0.037831
0.043890
0.051689
0.061041
0.075419
0.077899
0.089079
0.099113
0.107906
0.128211
0.139711
0.142036
0.140946
0.124491
0.109691
0.098454
0.088180
0.079531
0.068860
0.024156
-0.031008
-0.082486
-0.104420
-0.091590
-0.072335
-0.072496
-0.085263
-0.116600
-0.144247
-0.145242
-0.137902
-0.133554
-0.135592
-0.145133
-0.141015
-0.121843
-0.102132
-0.078844
-0.067072
-0.066525
-0.064612
-0.062149
-0.054635
-0.042681
-0.030930
-0.019296
-0.008125
-0.007525
-0.009566
-0.012173
-0.012686
-0.005222
-0.002433
-0.005024
-0.012275
-0.018315
-0.018648
-0.010270
-0.004819
-0.002039
-0.004076
-0.003444
0.000953
0.009185
0.015364
0.026258
0.032060
0.041201
0.046082
0.055844
0.066598
0.081397
0.086889
0.092640
0.091824
0.108450
0.125477
0.143574
0.139103
0.123140
0.101297
0.092995
0.083143
0.086830
0.079268
0.059336
0.007495
-0.049261
-0.088916
-0.098116
-0.081949
-0.064947
-0.068115
-0.092967
-0.123293
-0.135709
-0.132222
-0.122757
-0.117040
-0.123379
-0.131212
-0.130776
-0.114914
-0.092722
-0.068292
-0.057571
-0.057471
-0.059273
-0.053281
-0.041468
-0.021006
-0.008226
-0.003227
-0.003793
-0.002645
-0.002650
0.001938
-0.001182
0.001752
0.000667
0.004517
0.008922
0.015526
0.007215
-0.005185
-0.016442
-0.018472
-0.004211
0.018738
0.030473
0.041098
0.038866
0.038867
0.050848
0.057670
0.067609
0.074454
0.078670
0.084437
0.101156
0.115312
0.137067
0.153812
0.166304
0.160304
0.150766
0.129853
0.114201
0.102860
0.099276
0.089026
0.062582
0.009716
-0.043766
-0.077613
-0.088628
-0.066646
-0.053005
-0.057895
-0.082268
-0.110281
-0.132845
-0.132817
-0.138216
-0.133058
-0.133453
-0.129949
-0.118819
-0.094502
-0.074619
-0.055095
-0.049452
-0.043442
-0.040118
-0.036468
-0.033274
-0.022544
-0.015238
-0.006449
0.005208
0.010492
0.013348
0.016705
0.012693
0.010554
0.008339
0.006165
0.010816
0.005964
0.002784
0.001959
-0.002877
-0.002935
0.002796
0.006899
0.015107
0.028892
0.036861
0.050849
0.058275
0.070073
0.078382
0.083279
0.084902
0.092593
0.094601
0.108271
0.120232
0.145798
0.164774
0.169100
0.152848
0.134925
0.118377
0.114190
0.105689
0.099120
0.066972
0.019073
-0.043271
-0.082222
-0.090355
-0.069439
-0.049504
-0.045848
-0.070921
-0.102037
-0.129525
-0.135803
-0.133703
-0.127132
-0.124982
-0.126087
-0.119174
-0.104319
-0.082388
-0.062716
-0.052133
-0.049882
-0.047430
-0.048840
-0.040795
