0.182337
0.242951
0.238655
0.282631
0.188527
0.053740
-0.028405
0.001723
0.017860
-0.004849
0.042382
0.047516
-0.008176
-0.104338
-0.115849
-0.147707
-0.201095
-0.198909
-0.154114
-0.120416
-0.108295
-0.093002
-0.096950
-0.126192
-0.164459
-0.168224
-0.153717
-0.169381
-0.164949
-0.116059
-0.070672
-0.056046
-0.051482
-0.053450
-0.086833
-0.120908
-0.095014
-0.061693
-0.055688
-0.026444
0.043210
0.038068
-0.034313
-0.039828
-0.009620
-0.000222
0.028561
0.080507
0.064065
0.036414
0.071022
0.102717
0.091436
0.157135
0.233647
0.199456
0.199934
0.217354
0.179326
0.170484
0.164411
0.159547
0.172303
0.219041
0.206545
0.169946
0.098852
-0.001580
-0.006933
0.015731
0.023240
0.007519
0.029614
-0.042982
-0.150889
-0.197153
-0.219615
-0.223685
-0.180455
-0.104203
-0.064864
-0.069304
-0.114665
-0.126207
-0.154092
-0.188978
-0.202662
-0.181759
-0.172617
-0.155909
-0.078810
-0.034557
-0.029245
-0.063510
-0.107066
-0.128740
-0.119873
-0.082010
-0.052110
-0.004539
-0.006703
-0.014199
-0.005555
-0.033054
-0.010015
0.013639
0.049522
0.056529
0.043638
0.084894
0.113336
0.093739
0.038257
0.070010
0.112650
0.162871
0.250637
0.268754
0.212794
0.130304
0.127802
0.134090
0.175325
0.251945
0.273468
0.239355
0.118160
0.043972
-0.028351
-0.007733
0.021506
0.058051
0.089352
0.037497
-0.036525
-0.121412
-0.159929
-0.216429
-0.225486
-0.164088
-0.122152
-0.088696
-0.063682
-0.065753
-0.115458
-0.152289
-0.163304
-0.166465
-0.163534
-0.152297
-0.128783
-0.093281
-0.050524
-0.037968
-0.048426
-0.064912
-0.073086
-0.088545
-0.086743
-0.041680
0.004614
0.022778
0.033791
0.006306
-0.021517
-0.018623
-0.003712
0.031578
0.042229
0.089874
0.117298
0.121817
0.115573
0.089198
0.106011
0.132503
0.201059
0.241633
0.251463
0.187631
0.149861
0.153983
0.134000
0.238210
0.283559
0.289981
0.217957
0.126790
0.032046
-0.081965
-0.033566
-0.010599
0.011694
0.016547
0.019309
-0.076774
-0.159797
-0.180036
-0.231904
-0.206162
-0.176543
-0.134909
-0.117786
-0.107312
-0.155244
-0.186416
-0.175697
-0.187878
-0.187724
-0.181765
-0.170322
-0.163196
-0.104479
-0.060262
-0.069067
-0.091820
-0.130327
-0.151334
-0.138399
-0.085016
-0.038568
-0.021538
-0.030927
-0.052236
-0.049584
-0.055682
-0.027265
0.016362
0.061499
0.046300
0.032721
0.048857
0.037188
0.081646
0.100987
0.148084
0.159832
0.162958
0.165489
0.145605
0.202386
0.144216
0.151639
0.169926
0.209592
0.196535
0.229793
0.204695
0.063409
-0.034311
-0.080960
-0.076350
-0.057519
0.035139
0.052613
-0.029397
-0.122341
-0.200388
-0.246688
-0.242484
-0.168426
-0.123399
-0.094054
-0.112224
-0.140283
-0.159055
-0.169463
-0.165448
-0.196567
-0.201320
-0.198498
-0.150509
-0.082669
-0.033566
-0.033096
-0.078816
-0.134273
-0.154533
-0.147074
-0.115554
-0.042637
0.018518
0.000984
-0.029853
-0.021671
-0.006739
-0.011458
-0.016757
0.024527
0.048296
0.067948
0.065897
0.107137
0.132814
0.124214
0.134412
0.127058
0.171819
0.157691
0.187116
0.254676
0.235896
0.162724
0.108428
0.199256
0.194335
0.229291
0.215697
0.151254
0.039871
-0.063434
-0.038604
-0.053017
0.009208
0.048302
0.020989
-0.091421
-0.191564
-0.231505
-0.243038
-0.155786
-0.101116
-0.072801
-0.094936
-0.127067
-0.154349
-0.168566
-0.150727
-0.183570
-0.179042
-0.171241
-0.136941
-0.093032
-0.028834
-0.008652
-0.052533
-0.103151
-0.129938
-0.117283
-0.087247
0.001357
0.041992
0.044082
0.010073
-0.021456
-0.029976
-0.008538
0.024208
0.064885
0.103106
0.097292
0.103801
0.089729
0.088922
0.111597
0.114657
0.178247
0.192723
0.206281
0.226710
0.258403
0.255924
0.215490
0.266618
0.225308
0.164027
0.157576
0.165803
0.086344
0.025553
0.045316
0.044721
0.029089
0.047853
0.058780
-0.015547
-0.113241
-0.179114
-0.228461
-0.237057
-0.183065
-0.095180
-0.021202
-0.028425
-0.072810
-0.115629
-0.160382
-0.202228
-0.209150
-0.159386
-0.118975
-0.084640
-0.042131
-0.008154
-0.032185
-0.065471
-0.078370
-0.099094
-0.107441
-0.066189
0.001835
0.048691
0.065989
0.037040
0.004195
-0.005959
-0.023030
0.018217
0.101462
0.134902
0.100949
0.112604
0.105789
0.066574
0.098444
0.196597
0.244385
0.262737
0.281153
0.234045
0.183640
0.143828
0.174772
0.254142
0.257191
0.265022
0.194307
0.148935
0.033957
-0.003240
0.010995
0.010689
0.042228
0.044549
0.012384
-0.090738
-0.154192
-0.199448
-0.220408
-0.186235
-0.133859
-0.071555
-0.055260
-0.067368
-0.103126
-0.135655
-0.165715
-0.202116
-0.197623
-0.169726
-0.123929
-0.067708
-0.004877
-0.005395
-0.049907
-0.086106
-0.119156
-0.127396
-0.096294
-0.020117
0.034052
0.046564
0.026087
0.020169
0.001845
0.011547
0.011350
0.060557
0.059089
0.071616
0.108011
0.123426
0.108314
0.121708
0.176944
0.158058
0.208137
0.251524
0.260281
0.261121
0.184768
0.153013
0.171128
0.216369
0.245507
0.208615
0.138137
0.036062
-0.017044
-0.012626
0.026271
0.000397
0.026160
-0.025508
-0.113427
-0.196324
-0.237513
-0.241750
-0.202463
-0.108049
-0.070242
-0.061241
-0.110222
-0.132668
-0.169574
-0.183511
-0.193482
-0.202292
-0.204699
-0.173504
-0.102181
-0.040138
-0.010690
-0.033139
-0.083450
-0.120107
-0.133090
-0.113554
-0.064363
-0.018530
0.001752
0.009422
0.011765
-0.001060
-0.017690
-0.035395
0.011244
0.063209
0.091420
0.051325
0.066443
0.089874
0.124278
0.204232
0.212347
0.220866
0.165500
0.152641
0.185966
0.197932
0.216978
0.195779
0.194496
0.160925
0.103149
0.082016
0.047947
0.012125
-0.017796
-0.015026
-0.047622
-0.076506
-0.095457
-0.122997
-0.176516
-0.245241
-0.229572
-0.180765
-0.139144
-0.118283
-0.099464
-0.137096
-0.188733
-0.200496
-0.199273
-0.200646
-0.202920
-0.161275
-0.132547
-0.087993
-0.069976
-0.077053
-0.094434
-0.132201
-0.147065
-0.137569
-0.089054
-0.038463
-0.002497
0.009165
-0.018907
-0.033199
-0.042711
-0.044325
-0.015688
0.041158
0.068213
0.048514
0.039127
0.080132
0.104819
0.096030
0.162943
0.247780
0.281427
0.190147
0.131269
0.135212
0.094017
0.126802
0.237859
0.282007
0.194089
0.132915
0.110317
0.011152
-0.042217
-0.040049
-0.005452
-0.015636
-0.004846
-0.011248
-0.083496
-0.164434
-0.242085
-0.233754
-0.200793
-0.148264
-0.101803
-0.072474
-0.091337
-0.155398
-0.165493
-0.184830
-0.210694
-0.205386
-0.148553
-0.117237
-0.094172
-0.050212
-0.048019
-0.073257
-0.084502
-0.081429
-0.103008
-0.091368
-0.031084
0.008768
0.022459
0.009402
-0.005525
-0.009205
-0.023973
0.016457
0.058669
0.073456
0.115389
0.139407
0.143568
0.069562
0.098733
0.163738
0.186406
0.216992
0.222156
0.195457
0.181344
0.257909
0.242326
0.175456
0.146784
0.189980
0.148087
0.098267
0.075919
0.058105
0.043062
0.025365
0.050447
0.011726
-0.033482
-0.123954
-0.199685
-0.266694
-0.272132
-0.161942
-0.074358
0.005780
-0.014357
-0.056200
-0.142933
-0.210053
-0.229401
-0.209219
-0.157779
-0.137080
-0.075105
-0.050830
-0.038624
-0.051545
-0.069298
-0.091705
-0.096060
-0.064908
-0.038401
0.000458
-0.024745
0.004991
0.015232
0.000777
-0.039299
-0.000622
0.057980
0.063618
0.108295
0.115206
0.125639
0.100852
0.110493
0.129659
0.167376
0.240039
0.216785
0.222033
0.170020
0.160653
0.123514
0.219222
0.286608
0.242610
0.221602
0.114243
0.070966
-0.026030
0.028264
0.015522
0.038003
0.044601
0.007062
-0.067944
-0.154546
-0.154357
-0.215479
-0.176465
-0.128149
-0.073703
-0.085346
-0.102376
-0.119516
-0.165669
-0.167052
-0.178962
-0.157358
-0.151835
-0.124773
-0.102207
-0.068145
-0.043852
-0.056700
-0.057000
-0.066111
-0.096368
-0.106478
-0.039927
0.002921
0.013570
0.030332
0.031207
0.017408
-0.004006
0.015666
0.041744
0.061902
0.111967
0.162715
0.154051
0.118665
0.110546
0.138583
0.143431
0.177336
0.270231
0.263353
0.232596
0.189327
0.181375
0.179384
0.170335
0.192683
0.168697
0.148620
0.077425
0.064631
0.035503
-0.015087
0.013818
0.047742
0.039658
-0.067436
-0.141168
-0.203842
-0.252153
-0.201922
-0.107624
-0.036163
-0.054106
-0.072424
-0.119995
-0.151664
-0.172757
-0.182518
-0.162976
-0.135703
-0.092117
-0.055094
-0.031273
-0.050711
-0.086343
-0.087572
-0.079223
-0.067651
-0.035007
0.020994
0.031393
0.004310
0.008876
0.012739
0.020320
-0.002705
0.034459
0.112406
0.104533
0.114444
0.116870
0.105588
0.076877
0.086276
0.173063
0.194902
0.238801
0.250671
0.247555
0.178596
0.109923
0.166396
0.193127
0.230740
0.204650
0.147107
0.046132
0.003324
-0.002111
-0.008288
0.012191
-0.004656
0.019958
-0.042194
-0.117440
-0.176693
-0.224299
-0.223412
-0.200469
-0.120878
-0.079194
-0.069557
-0.115677
-0.135178
-0.166153
-0.200746
-0.204691
-0.164738
-0.116846
-0.091122
-0.040312
-0.041690
-0.085268
-0.106214
-0.088709
-0.076114
-0.049846
-0.006998
0.002645
0.007187
0.007359
0.016464
0.009938
0.039979
0.048319
0.069728
0.096998
0.089522
0.066673
0.035201
0.063527
0.118051
0.169316
0.211246
0.244350
0.272907
0.194735
0.130222
0.077507
0.171187
0.221804
0.206098
0.201412
0.115346
0.025548
-0.024140
0.006975
-0.014311
0.016853
0.013057
-0.005028
-0.100546
-0.152997
-0.200499
-0.235616
-0.195968
-0.156374
-0.111205
-0.107106
-0.097517
-0.132112
-0.148003
-0.164243
-0.188814
-0.193949
-0.168840
-0.117747
-0.092659
-0.064861
-0.065634
-0.080338
-0.102882
-0.111885
-0.086683
-0.064193
-0.037047
-0.027081
0.011339
0.015595
0.014995
0.020011
0.033863
0.075225
0.077355
0.046007
0.032461
0.057394
0.034274
0.084523
0.191395
0.265368
0.217638
0.202526
0.157334
0.115516
0.101528
0.111995
0.192343
0.216568
0.248180
0.160993
0.090852
-0.015728
-0.056534
-0.050438
-0.045100
-0.009949
-0.009097
0.015348
-0.067322
-0.140975
-0.217754
-0.262378
-0.251066
-0.206740
-0.128238
-0.098106
-0.065861
-0.125186
-0.168740
-0.223166
-0.235986
-0.217667
-0.170766
-0.110643
-0.094362
-0.087211
-0.107434
-0.109160
-0.125503
-0.127869
-0.102625
-0.083521
-0.069936
-0.034732
0.004990
0.000220
-0.019816
-0.009707
0.011178
0.022570
0.043990
0.069646
0.056491
0.024589
0.024604
0.092658
0.137081
0.144132
0.184822
0.210326
0.202766
0.161440
0.203381
0.168658
0.136630
0.131559
0.180763
0.169311
0.070836
0.025455
-0.001581
-0.005061
-0.043856
-0.003217
-0.011621
-0.048480
-0.103687
-0.143200
-0.189968
-0.253816
-0.237795
-0.200325
-0.140529
-0.109706
-0.081891
-0.096248
-0.155177
-0.200499
-0.226150
-0.218011
-0.212744
-0.174571
-0.115739
-0.078012
-0.078843
-0.079818
-0.096840
-0.140174
-0.140148
-0.097409
-0.058928
-0.039763
-0.020524
-0.008008
-0.005122
-0.021847
-0.030037
-0.017962
0.017788
0.051464
0.060691
0.067490
0.084316
0.077558
0.111561
0.166383
0.181163
0.157743
0.179490
0.222305
0.185978
0.168886
0.136051
0.207106
0.223664
0.241895
0.218911
0.133515
0.003787
-0.073437
-0.023328
-0.005478
0.047042
0.036527
0.040663
-0.100754
-0.185576
-0.237200
-0.245992
-0.196311
-0.154475
-0.077233
-0.077039
-0.082987
-0.131016
-0.146461
-0.171884
-0.203713
-0.200903
-0.175718
-0.133864
-0.120516
-0.055148
-0.043501
-0.067799
-0.116560
-0.129198
-0.101783
-0.068417
-0.030674
-0.008367
0.023675
0.012950
-0.007086
-0.008215
0.030212
-0.000596
-0.008735
0.069545
0.149313
0.137439
0.085776
0.117017
0.081543
0.113395
0.169007
0.215556
0.209599
0.216437
0.239478
0.186366
0.156301
0.182414
0.264223
0.280126
0.274227
0.201710
0.090555
-0.020848
-0.056660
-0.006498
0.048104
0.076960
0.056236
0.002829
-0.094132
-0.173588
-0.217161
-0.215030
-0.156478
-0.089856
-0.042932
-0.057564
-0.090752
-0.142124
-0.160827
-0.163059
-0.180564
-0.167562
-0.142958
-0.105979
-0.066220
-0.029611
-0.046447
-0.081972
-0.113006
-0.124796
-0.101006
-0.055544
-0.007001
0.023952
0.044794
0.017265
-0.000651
-0.006135
0.002857
0.016201
0.038707
0.092001
0.119679
0.121663
0.104151
0.099907
0.118611
0.145237
0.180234
0.225317
0.267638
0.256143
0.228181
0.173002
0.128772
0.174332
0.261651
0.282645
0.263902
0.172081
0.055575
-0.010036
-0.015075
0.007768
0.016245
0.063471
0.017055
-0.055523
-0.127956
-0.130873
-0.160954
-0.184330
-0.146310
-0.129772
-0.102353
-0.101280
-0.080571
-0.106513
-0.128003
-0.167437
-0.192248
-0.179651
-0.169983
-0.114270
-0.053612
-0.025173
-0.065868
-0.089853
-0.107345
-0.102547
-0.067204
-0.030596
-0.012774
-0.016052
-0.001233
0.007596
0.035122
0.026749
0.022653
0.004097
0.002046
0.050517
0.149132
0.174169
0.161266
0.117153
0.076343
0.117318
0.154350
0.204110
0.234241
0.263287
0.250384
0.205170
0.162612
0.199938
0.221582
0.270187
0.278162
0.167553
0.041922
-0.005476
0.001251
0.005990
0.037294
0.066313
0.026903
-0.073431
-0.130875
-0.151140
-0.188692
-0.177902
-0.139784
-0.096921
-0.080852
-0.083774
-0.096175
-0.129697
-0.154301
-0.187518
-0.183371
-0.172479
-0.152110
-0.095787
-0.028551
-0.016771
-0.064890
-0.102719
-0.124755
-0.135177
-0.120264
-0.046826
0.014682
0.053859
0.040292
-0.003941
-0.022859
-0.031434
-0.009421
0.020935
0.067876
0.086381
0.129238
0.141142
0.076524
0.081508
0.092002
0.143284
0.204834
0.279290
0.249259
0.210770
0.194061
0.144050
0.201245
0.230741
0.280299
0.205406
0.143411
0.067276
-0.022669
0.025506
0.024399
0.058501
0.041979
0.030512
-0.072229
-0.143293
-0.171457
-0.225244
-0.226722
-0.176749
-0.111226
-0.109082
-0.096551
-0.106052
-0.134165
-0.152272
-0.175592
-0.190160
-0.205947
-0.176113
-0.126091
-0.058373
-0.039994
-0.062567
-0.083492
-0.104438
-0.120873
-0.120506
-0.055113
-0.020002
0.007011
0.009955
-0.015393
-0.025152
-0.016306
0.018442
0.046830
0.096956
0.103608
0.099254
0.039254
0.016819
0.061067
0.129990
0.212804
0.227724
0.240631
0.227199
0.201638
0.183850
0.116506
0.142969
0.198608
0.246240
0.276223
0.186364
0.079875
-0.006270
-0.026899
-0.027718
0.007030
0.033763
0.044571
0.002280
-0.097251
-0.165844
-0.229501
-0.234809
-0.181334
-0.107532
-0.064950
-0.073797
-0.093939
-0.149672
-0.179084
-0.186825
-0.191384
-0.185742
-0.152733
-0.095749
-0.067179
-0.056879
-0.083212
-0.102218
-0.126475
-0.111982
-0.085838
-0.045536
-0.009283
0.012345
0.012984
-0.003073
-0.006945
-0.002749
0.007154
0.052048
0.096705
0.102443
0.118459
0.119842
0.074579
0.054699
0.089811
0.142442
0.186598
0.230624
0.242313
0.299055
0.237056
0.181758
0.113909
0.136703
0.174288
0.191710
0.227489
0.134029
0.034916
-0.042268
-0.020976
-0.003189
0.021143
0.023989
-0.042399
-0.139453
-0.200591
-0.224109
-0.194816
-0.134742
-0.087824
-0.072463
-0.094365
-0.133904
-0.167241
-0.169280
-0.158046
-0.179563
-0.181431
-0.162047
-0.136349
-0.097312
-0.044289
-0.033218
-0.087877
-0.144930
-0.152341
-0.115026
-0.067568
-0.001048
0.053825
0.035100
-0.032807
-0.036236
-0.009320
0.005164
0.030126
0.106003
0.140957
0.106911
0.041807
0.014455
0.045956
0.100531
0.180314
0.244638
0.281445
0.247059
0.156244
0.074425
0.119324
0.212891
0.272501
0.275944
0.261555
0.143293
-0.013572
-0.118542
-0.086643
-0.061174
0.033713
0.109005
0.080892
-0.031281
-0.149538
-0.182677
-0.240170
-0.226908
-0.199202
-0.138717
-0.124902
-0.102724
-0.082941
-0.110993
-0.163453
-0.212208
-0.219250
-0.224443
-0.174830
-0.107389
-0.056642
-0.054879
-0.095561
-0.117768
-0.139079
-0.141441
-0.110356
-0.033512
0.008526
-0.004830
-0.013681
-0.020247
-0.028662
-0.029768
0.013847
0.039609
0.077938
0.137740
0.144019
0.075511
0.018737
0.067075
0.109831
0.175169
0.200645
0.240951
0.261195
0.239291
0.179905
0.107662
0.163482
0.200241
0.203861
0.211855
0.160517
0.048799
-0.034993
-0.018652
-0.042618
-0.003628
0.027180
0.034134
-0.045832
-0.152823
-0.182550
-0.236701
-0.224796
-0.204839
-0.117259
-0.090674
-0.099418
-0.116194
-0.144739
-0.168059
-0.213789
-0.204810
-0.184454
-0.149429
-0.123148
-0.073268
-0.051565
-0.096479
-0.136570
-0.139789
-0.120771
-0.106029
-0.043518
0.005263
0.010552
-0.025833
-0.037717
-0.011307
-0.007404
-0.003302
0.033796
0.101028
0.081446
0.040851
0.078726
0.110219
0.121839
0.165679
0.223573
0.178063
0.161492
0.205867
0.223358
0.181196
0.116570
0.207943
0.229967
0.206348
0.177786
0.155658
0.045314
-0.052356
-0.009433
-0.006374
0.012816
-0.007094
0.022758
-0.053010
-0.136816
-0.172991
-0.204944
-0.164809
-0.157182
-0.106382
-0.106425
-0.110385
-0.149702
-0.156914
-0.138620
-0.158984
-0.179079
-0.177393
-0.122573
-0.113825
-0.076325
-0.074648
-0.094397
-0.125650
-0.113140
-0.075927
-0.055320
-0.030331
-0.018911
-0.003532
-0.027941
-0.029081
-0.001368
0.012818
0.025725
0.053671
0.091069
0.104332
0.094243
0.073472
0.067016
0.102082
0.140222
0.195256
0.219483
0.220552
0.222721
0.211134
0.147468
0.148654
0.195720
0.204705
0.195877
0.159228
0.069876
-0.032498
-0.030252
0.002717
0.030049
0.034310
0.031246
-0.040779
-0.150633
-0.185298
-0.215978
-0.204910
-0.174408
-0.114015
-0.107411
-0.106976
-0.129528
-0.162638
-0.163762
-0.180436
-0.195473
-0.198261
-0.155463
-0.124407
-0.085232
-0.059509
-0.073995
-0.108876
-0.130478
-0.116471
-0.091674
-0.030833
0.006135
0.002851
-0.000612
-0.008713
-0.048779
-0.046475
0.013179
0.085615
0.114454
0.117789
0.078171
0.072093
0.095949
0.096006
0.130041
0.149973
0.184982
0.195277
0.248444
0.235032
0.140240
0.144218
0.180206
0.211444
0.181783
0.184825
0.110377
0.009413
-0.016151
-0.022029
-0.024666
0.014454
0.039557
-0.001568
-0.078243
-0.142246
-0.185125
-0.206892
-0.161291
-0.126747
-0.102904
-0.102221
-0.090920
-0.115423
-0.138820
-0.169124
-0.191443
-0.178789
-0.150581
-0.107520
-0.068575
-0.042385
-0.059426
-0.082751
-0.103182
-0.097006
-0.090306
-0.049897
-0.007910
0.021077
0.028186
0.002433
-0.011619
0.019444
0.057102
0.078435
0.095775
0.114393
0.079358
0.064578
0.076267
0.116448
0.121181
0.158555
0.241265
0.291282
0.300751
0.206081
0.103640
0.033419
0.132003
0.228006
0.298294
0.257072
0.121008
0.003004
-0.049088
-0.029355
-0.015686
0.054625
0.040572
-0.009438
-0.087603
-0.134658
-0.171421
-0.191179
-0.153137
-0.149288
-0.128675
-0.115951
-0.102538
-0.132077
-0.144232
-0.145817
-0.160962
-0.154210
-0.136007
-0.092118
-0.055322
-0.049475
-0.076146
-0.098562
-0.096606
-0.087376
-0.043884
0.007935
0.020592
0.000400
-0.008294
-0.006766
-0.005729
0.037809
0.092191
0.101021
0.073897
0.080166
0.086272
0.082747
0.094343
0.161998
0.193752
0.182644
0.177012
0.191093
0.222152
0.208029
0.200565
0.191755
0.203091
0.196424
0.177647
0.153442
0.098863
0.015611
-0.051429
-0.038243
-0.003533
0.040583
0.058123
0.060086
-0.034761
-0.130414
-0.194061
-0.225532
-0.202349
-0.164462
-0.103354
-0.082142
-0.065228
-0.087552
-0.108883
-0.128419
-0.160190
-0.162899
-0.139754
-0.100405
-0.077546
-0.048423
-0.041862
-0.053646
-0.063719
-0.073510
-0.065256
-0.032759
0.001438
0.017717
0.018356
0.010103
0.016572
0.049573
0.077012
0.097617
0.090607
0.091474
0.078596
0.092953
0.109694
0.120305
0.150669
0.180141
0.214761
0.213568
0.220117
0.193456
0.168414
0.168593
0.198978
0.200722
0.202201
0.147884
0.070704
-0.002426
-0.027815
-0.055711
-0.029759
0.047577
0.055746
0.018521
-0.055932
-0.135525
-0.221758
-0.246219
-0.209170
-0.161671
-0.110097
-0.088178
-0.083390
-0.115136
-0.135700
-0.163932
-0.175601
-0.171484
-0.154158
-0.114921
-0.086450
-0.057189
-0.048365
-0.053136
-0.094604
-0.097491
-0.079578
-0.064308
-0.026806
0.021705
0.014776
-0.005388
0.032326
0.019038
0.005121
0.075607
0.129741
0.081558
0.048856
0.067378
0.090062
0.070266
0.140204
0.188727
0.210931
0.219506
0.194411
0.175253
0.114989
0.106969
0.171248
0.244397
0.217379
0.121039
0.028263
-0.028864
-0.028218
-0.032513
0.014871
0.037930
0.024914
-0.015809
-0.081617
-0.143876
-0.226791
-0.247116
-0.209275
-0.143639
-0.111651
-0.087910
-0.078274
-0.099034
-0.132053
-0.165232
-0.173314
-0.178988
-0.152644
-0.106678
-0.068010
-0.056885
-0.068795
-0.085220
-0.079689
-0.071233
-0.067960
-0.048175
-0.024477
-0.003283
0.002626
0.030181
0.022005
0.026627
0.052444
0.069437
0.080991
0.074002
0.088669
0.082459
0.068071
0.071301
0.115977
0.197812
0.249256
0.279373
0.246672
0.172759
0.104282
0.144255
0.195608
0.225661
0.196424
0.080129
-0.002809
-0.041928
-0.014269
0.034238
0.086230
0.065836
0.002558
-0.086999
-0.172632
-0.204928
-0.199648
-0.177815
-0.164135
-0.131683
-0.104369
-0.086838
-0.085889
-0.110284
-0.148565
-0.195398
-0.194529
-0.170717
-0.120253
-0.082955
-0.055774
-0.059959
-0.086062
-0.100020
-0.102372
-0.071291
-0.047993
-0.012054
-0.005189
-0.001328
-0.014018
-0.012739
0.011013
0.029831
0.066952
0.085025
0.099398
0.084808
0.094613
0.102685
0.088899
0.109518
0.124868
0.169768
0.212235
0.231037
0.161816
0.098660
0.115918
0.213696
0.273977
0.268669
0.215964
0.112938
-0.034237
-0.116157
-0.093482
-0.033233
0.031419
0.077169
0.063235
-0.032585
-0.128496
-0.176093
-0.208247
-0.208003
-0.170200
-0.139097
-0.112138
-0.086085
-0.082438
-0.107724
-0.141569
-0.181833
-0.192020
-0.170308
-0.111817
-0.079448
-0.063465
-0.055671
-0.087144
-0.113048
-0.106636
-0.066604
-0.046375
-0.032653
-0.001072
0.005650
-0.011542
-0.019362
-0.001951
0.012663
0.045993
0.106712
0.134784
0.123652
0.102679
0.095290
0.060496
0.016092
0.044725
0.151138
0.254168
0.289466
0.270638
0.183995
0.106386
0.078965
0.129191
0.200790
0.166351
0.089216
-0.007135
-0.045789
-0.034995
-0.011473
0.013983
0.002678
0.007974
-0.067195
-0.125018
-0.162833
-0.201738
-0.205404
-0.184582
-0.142385
-0.139484
-0.111909
-0.114542
-0.122337
-0.156142
-0.164559
-0.171732
-0.164722
-0.117899
-0.096259
-0.067124
-0.070949
-0.090163
-0.123960
-0.097778
-0.053719
-0.033203
-0.003007
0.004240
-0.017541
-0.040626
0.007275
0.034462
0.067802
0.080315
0.092070
0.098792
0.024387
0.011169
0.049519
0.102683
0.159540
0.178598
0.193925
0.220161
0.208745
0.149685
0.095060
0.131232
0.150578
0.153801
0.157974
0.122831
0.018061
-0.017819
-0.020593
-0.025833
-0.016341
0.031591
0.031543
-0.027125
-0.107908
-0.184928
-0.216602
-0.240912
-0.201866
-0.173510
-0.118898
-0.099886
-0.110676
-0.125581
-0.140599
-0.147077
-0.173425
-0.164668
-0.153410
-0.127276
-0.094138
-0.050902
-0.035403
-0.044531
-0.041668
-0.059220
-0.048338
-0.027738
0.002007
-0.009932
-0.012839
0.011771
0.029981
0.082200
0.128936
0.111069
0.062162
0.008647
0.010463
0.039659
0.127913
0.182474
0.218584
0.197466
0.148689
0.127232
0.111955
0.163810
0.204191
0.170766
0.132133
0.117065
0.065918
0.029823
0.032505
0.073755
0.007063
-0.007607
-0.017375
-0.051322
-0.064151
-0.080427
-0.082255
-0.168619
-0.219577
-0.197486
-0.172017
-0.159401
-0.153848
-0.112693
-0.126937
-0.136044
-0.136141
-0.123216
-0.138348
-0.154089
-0.130847
-0.106348
-0.076772
-0.061503
-0.026304
-0.008143
-0.026762
-0.068178
-0.053750
-0.018492
-0.005047
0.029564
0.053696
0.074115
0.061502
0.063556
0.074743
0.079140
0.071341
0.052129
0.072432
0.102905
0.151555
0.209830
0.190821
0.178079
0.142418
0.161835
0.160910
0.215270
0.173602
0.137590
0.119845
0.048661
0.023099
0.013085
0.079432
0.047196
0.045165
0.013272
-0.033103
-0.079704
-0.118580
-0.131687
-0.182707
-0.193284
-0.179822
-0.160007
-0.146178
-0.123028
-0.107183
-0.118531
-0.114456
-0.122826
-0.142345
-0.164660
-0.147227
-0.120078
-0.093308
-0.050469
-0.031447
-0.028632
-0.042638
-0.037465
-0.038304
-0.025461
-0.010935
0.014835
0.027634
0.037524
0.050868
0.061051
0.078568
0.065099
0.065706
0.040923
0.067327
0.116810
0.155922
0.174765
0.147459
0.144149
0.151738
0.172434
0.136134
0.168517
0.231022
0.255310
0.209507
0.153764
0.107832
-0.002306
-0.045763
-0.045553
0.018291
0.054490
0.081640
0.058290
-0.032756
-0.137356
-0.187581
-0.198408
-0.196013
-0.156965
-0.133633
-0.124901
-0.132075
-0.121229
-0.118912
-0.123549
-0.130386
-0.144143
-0.148445
-0.132062
-0.086868
-0.072227
-0.069758
-0.057699
-0.047673
-0.041845
-0.036593
-0.030940
-0.030142
0.001034
0.012642
0.028568
0.036177
0.043466
0.044277
0.077004
0.111013
0.085710
0.079311
0.064484
0.085306
0.101420
0.121174
0.153350
0.178897
0.211494
0.216511
0.225831
0.211755
0.171057
0.138674
0.183820
0.182469
0.095096
0.034145
0.026194
0.009101
-0.000335
0.046210
0.054180
0.001886
-0.051096
-0.091129
-0.134337
-0.179434
-0.191399
-0.166001
-0.148653
-0.127943
-0.122657
-0.118420
-0.111966
-0.102305
-0.111093
-0.129387
-0.149529
-0.160602
-0.140374
-0.098615
-0.049733
-0.018033
-0.006687
-0.018310
-0.045155
-0.057746
-0.041399
-0.012085
0.002765
0.015580
0.046710
0.048361
0.040137
0.072617
0.108843
0.112427
0.091602
0.092744
0.067599
0.050429
0.080667
0.117330
0.176802
0.231739
0.277186
0.211879
0.179054
0.123838
0.130590
0.177425
0.209697
0.180231
0.075787
0.025396
-0.009464
0.009169
0.022694
0.059460
0.055993
0.009420
-0.055546
-0.119805
-0.159619
-0.193194
-0.158569
-0.155811
-0.150309
-0.145909
-0.119330
-0.101380
-0.094516
-0.080568
-0.119600
-0.155158
-0.165797
-0.127642
-0.088425
-0.039528
-0.002298
-0.015262
-0.033034
-0.056329
-0.032397
-0.020197
-0.005071
0.004074
0.006989
0.040411
0.047127
0.076347
0.090037
0.116989
0.108700
0.104456
0.075145
0.049036
0.071815
0.090660
0.152665
0.185938
0.257206
0.189291
0.165829
0.153226
0.198377
0.194016
0.156799
0.208019
0.167282
0.099711
-0.033161
0.021166
0.021318
0.041813
0.070508
0.084137
0.030251
-0.083471
-0.108637
-0.162280
-0.195178
-0.216499
-0.143998
-0.122623
-0.130624
-0.133631
-0.113093
-0.100593
-0.114180
-0.126309
-0.169199
-0.170643
-0.141647
-0.089234
-0.045403
-0.015014
-0.022550
-0.055362
-0.067446
-0.073314
-0.040143
-0.014588
0.015464
0.015487
0.027571
0.039208
0.047679
0.087371
0.081745
0.059745
0.037663
0.045165
0.076697
0.095851
0.121536
0.149976
0.176494
0.184687
0.145232
0.128061
0.126417
0.164055
0.210711
0.207610
0.195885
0.157124
0.082408
0.027748
0.035319
0.007109
-0.023397
0.012128
0.052251
0.043306
-0.004191
-0.048090
-0.130774
-0.183238
-0.239291
-0.208735
-0.177835
-0.154250
-0.136439
-0.112262
-0.099058
-0.129822
-0.137253
-0.163993
-0.181719
-0.167464
-0.118834
-0.084925
-0.063495
-0.042515
-0.052299
-0.047859
-0.065864
-0.079029
-0.081375
-0.040319
0.022725
0.035094
0.050071
0.032179
0.055488
0.054894
0.057730
0.031160
0.027741
0.043131
0.039006
0.124605
0.142383
0.165671
0.126290
0.139774
0.143157
0.154088
0.175855
0.157489
0.161592
0.107501
0.129372
0.097525
0.097526
0.038826
0.012114
-0.040307
-0.040148
-0.024661
-0.028228
-0.012398
-0.046387
-0.091897
-0.172805
-0.212661
-0.216089
-0.182501
-0.170995
-0.171504
-0.154042
-0.144750
-0.137793
-0.137007
-0.132973
-0.158495
-0.183413
-0.162416
-0.130229
-0.094658
-0.065486
-0.041409
-0.064788
-0.084874
-0.082351
-0.058171
-0.034077
-0.017081
0.005012
-0.004230
0.013552
0.033051
0.039225
0.042952
0.037893
0.009815
-0.001323
0.055965
0.122639
0.162267
0.129911
0.103323
0.082323
0.058038
0.113333
0.194299
0.244465
0.197062
0.168426
0.137923
0.057292
0.018306
0.016296
0.035536
0.004111
-0.001308
-0.013033
-0.005851
-0.005588
-0.018990
-0.070877
-0.137622
-0.193255
-0.235156
-0.210315
-0.177155
-0.152107
-0.157250
-0.138354
-0.125354
-0.113812
-0.117933
-0.138996
-0.151628
-0.156832
-0.127561
-0.098856
-0.056204
-0.037792
-0.027819
-0.041674
-0.072398
-0.068794
-0.045971
0.004093
0.023222
0.076211
0.069994
0.052083
0.038185
0.010978
0.012466
0.005927
0.038779
0.068402
0.123693
0.172231
0.206926
0.208017
0.135582
0.054280
0.049684
0.159902
0.214207
0.259433
0.221662
0.184713
0.106222
0.034665
0.010013
0.023391
0.025941
0.005488
0.041385
0.018768
0.024605
-0.022025
-0.065292
-0.123821
-0.180433
-0.215769
-0.221617
-0.177448
-0.137742
-0.100336
-0.081578
-0.072084
-0.098406
-0.139532
-0.165374
-0.176289
-0.141707
-0.107904
-0.067696
-0.041107
-0.018401
-0.020652
-0.039166
-0.057124
-0.060221
-0.031584
0.009997
0.031978
0.026428
0.028574
0.049137
0.068429
0.088421
0.105452
0.094191
0.059680
0.060414
0.090401
0.118541
0.118426
0.161188
0.187625
0.170120
0.144250
0.159096
0.175060
0.230156
0.235327
0.182441
0.125385
0.059401
0.011193
-0.011273
0.039306
0.064607
0.065607
0.040577
0.044307
-0.016268
-0.086021
-0.130001
-0.143162
-0.169224
-0.168956
-0.147451
-0.149334
-0.134941
-0.109055
-0.087844
-0.116010
-0.124104
-0.138502
-0.145883
-0.136902
-0.100177
-0.073109
-0.048821
-0.028040
-0.041013
-0.040648
-0.051119
-0.048577
-0.017964
0.018823
0.030403
0.022394
0.035166
0.042437
0.072264
0.087118
0.085031
0.052606
0.014349
0.035945
0.072463
0.124122
0.166711
0.209955
0.200616
0.157378
0.089971
0.073833
0.147358
0.235399
0.287550
0.207719
0.148779
0.054210
0.014608
0.006753
0.053651
0.073272
0.033882
0.014382
0.000606
0.007196
-0.022904
-0.053585
-0.115540
-0.179002
-0.234469
-0.223151
-0.182335
-0.131554
-0.095034
-0.072264
-0.083327
-0.116815
-0.134494
-0.140661
-0.149462
-0.142218
-0.112124
-0.072507
-0.044446
-0.027811
-0.031299
-0.041764
-0.061010
-0.065480
-0.054148
-0.003082
0.039695
0.048007
0.042367
0.023393
0.003042
0.029628
0.095483
0.100394
0.093270
0.101745
0.082070
0.029865
0.050608
0.113262
0.183414
0.231004
0.207213
0.183662
0.141453
0.154698
0.148768
0.155136
0.141995
0.100209
0.036703
-0.012298
0.014649
0.019930
0.033753
0.019354
0.034215
0.030400
-0.017427
-0.084569
-0.142821
-0.178087
-0.217483
-0.207007
-0.187003
-0.146392
-0.115601
-0.084264
-0.076177
-0.096400
-0.129062
-0.168036
-0.185027
-0.171643
-0.121497
-0.078128
-0.047620
-0.031697
-0.051479
-0.068726
-0.067565
-0.058192
-0.049226
-0.018408
0.023927
0.051684
0.058910
0.064951
0.048033
0.014066
0.012002
0.024789
0.055467
0.110322
0.163396
0.155819
0.136566
0.134025
0.120692
0.122528
0.129146
0.170697
0.190156
0.200788
0.178974
0.154098
0.125965
0.068659
0.024409
-0.002648
0.021854
0.006311
0.025769
0.025160
0.041510
0.000948
-0.033712
-0.093337
-0.140604
-0.179995
-0.210462
-0.184934
-0.161942
-0.131606
-0.112544
-0.079559
-0.082208
-0.104431
-0.132300
-0.154763
-0.165110
-0.150029
-0.089906
-0.043949
-0.021976
-0.032807
-0.044869
-0.049836
-0.060446
-0.052925
-0.035607
0.005309
0.014880
0.052068
0.082789
0.062266
0.019737
0.022314
0.075623
0.093107
0.105234
0.079418
0.086870
0.052748
0.079811
0.122108
0.206341
0.214990
0.163802
0.121510
0.130434
0.175612
0.160047
0.175935
0.107648
0.060927
-0.012557
-0.013312
0.020391
0.024159
0.044435
0.045147
0.031362
-0.016475
-0.039117
-0.100476
-0.161219
-0.204498
-0.200703
-0.182304
-0.154384
-0.126614
-0.126370
-0.106702
-0.108719
-0.113090
-0.133808
-0.140471
-0.156168
-0.147361
-0.120083
-0.085451
-0.055921
-0.032951
-0.019246
-0.041349
-0.049602
-0.055482
-0.039182
-0.037162
-0.011635
0.026873
0.078704
0.080979
0.064712
0.048827
0.030637
0.015528
0.014097
0.070786
0.116869
0.156634
0.170226
0.163102
0.102455
0.069566
0.082110
0.137154
0.177620
0.231176
0.186829
0.151379
0.108664
0.047338
0.000978
-0.016432
0.015556
0.010618
0.042950
0.035096
0.017341
-0.045290
-0.055616
-0.092355
-0.136553
-0.161995
-0.196124
-0.189086
-0.195571
-0.145939
-0.114472
-0.089708
-0.101916
-0.129937
-0.146378
-0.163620
-0.152411
-0.141096
-0.096677
-0.056324
-0.029464
-0.036694
-0.047922
-0.052171
-0.068140
-0.059923
-0.060486
-0.035225
0.001588
0.036263
0.056949
0.078145
0.077572
0.043901
0.011412
0.016689
0.030175
0.084467
0.138305
0.164494
0.148758
0.128290
0.115594
0.080753
0.101710
0.173238
0.207978
0.223245
0.166313
0.102423
0.100486
0.102837
0.071977
0.021633
0.048110
0.019087
0.012229
0.016342
0.036446
0.023676
-0.007178
-0.043585
-0.109625
-0.131930
-0.181241
-0.193959
-0.177176
-0.141938
-0.124311
-0.112445
-0.091937
-0.102479
-0.102673
-0.125138
-0.148396
-0.163112
-0.137553
-0.102313
-0.051963
-0.008694
-0.003975
-0.032629
-0.073165
-0.076966
-0.045948
-0.008497
0.027433
0.034371
0.023636
0.020353
0.034134
0.064151
0.088593
0.096615
0.069416
0.046977
0.073410
0.091455
0.104294
0.106948
0.147094
0.159349
0.142901
0.141496
0.158919
0.183137
0.213448
0.184951
0.134748
0.089023
0.059568
0.034531
0.049062
0.068333
0.039293
0.031690
0.005470
0.012849
0.002756
0.022583
-0.020218
-0.090061
-0.154604
-0.220059
-0.219932
-0.190270
-0.127101
-0.099741
-0.073459
-0.077388
-0.107386
-0.138747
-0.159444
-0.151894
-0.139587
-0.098619
-0.064327
-0.041024
-0.042474
-0.045567
-0.046630
-0.048242
-0.054760
-0.044213
-0.016006
0.019054
0.034726
0.050932
0.060686
0.063330
0.055775
0.036392
0.021006
0.037983
0.080088
0.114265
0.128784
0.127353
0.143102
0.139900
0.159748
0.157011
0.143917
0.121569
0.164350
0.210071
0.177665
0.128554
0.114640
0.081462
0.019513
0.037420
0.045959
0.004516
-0.002027
0.002202
0.018739
0.013794
-0.000117
-0.057330
-0.128220
-0.180699
-0.221851
-0.206770
-0.182854
-0.131267
-0.101423
-0.080773
-0.097519
-0.124780
-0.152281
-0.167838
-0.152967
-0.131230
-0.090928
-0.061823
-0.042831
-0.039295
-0.038198
-0.054121
-0.063549
-0.072161
-0.052999
-0.026369
0.025724
0.060673
0.052442
0.041648
0.029948
0.025711
0.043540
0.065256
0.077807
0.079728
0.082852
0.083589
0.071529
0.098521
0.130538
0.201370
0.181241
0.145132
0.126083
0.108194
0.126634
0.162530
0.199920
0.136745
0.050906
0.006598
-0.002782
0.006194
0.030357
0.073094
0.059589
0.020584
-0.019213
-0.062003
-0.118699
-0.161446
-0.188130
-0.193658
-0.166146
-0.157326
-0.133316
-0.114744
-0.081761
-0.093608
-0.120310
-0.149090
-0.173917
-0.176004
-0.145086
-0.097759
-0.066630
-0.039443
-0.039823
-0.046693
-0.047437
-0.042078
-0.042800
-0.026337
0.001291
0.024817
0.034887
0.031346
0.018619
0.031404
0.058264
0.088843
0.089077
0.093981
0.067175
0.060839
0.076808
0.127319
0.161615
0.164011
0.196989
0.149925
0.145605
0.118868
0.171404
0.172065
0.201371
0.157620
0.099830
0.041727
0.000684
0.007064
-0.004257
0.057450
0.043578
0.046799
0.006994
-0.029629
-0.099458
-0.145147
-0.168262
-0.194412
-0.158759
-0.137948
-0.110962
-0.109408
-0.092995
-0.109413
-0.127901
-0.125240
-0.139439
-0.132723
-0.124762
-0.085510
-0.067265
-0.030866
-0.020468
-0.025645
-0.037333
-0.036799
-0.028324
-0.022857
0.005904
0.022363
0.035840
0.042389
0.050629
0.065842
0.094156
0.108501
0.084643
0.053157
0.036833
0.053065
0.072199
0.146533
0.188326
0.200323
0.192552
0.162705
0.150224
0.178375
0.190299
0.179445
0.183119
0.162044
0.113926
0.018691
-0.003510
0.005708
0.003069
0.044560
0.077182
0.081077
0.028664
-0.026498
-0.105484
-0.153373
-0.190886
-0.197211
-0.185249
-0.171894
-0.126691
-0.090354
-0.068652
-0.088228
-0.095740
-0.119606
-0.151705
-0.159844
-0.123538
-0.079623
-0.056171
-0.037441
-0.033451
-0.046688
-0.064681
-0.064257
-0.048200
-0.009344
0.033693
0.057204
0.045239
0.027554
0.026877
0.022598
0.042983
0.066582
0.090856
0.098844
0.087106
0.076675
0.097771
0.141962
0.153624
0.166549
0.176432
0.160599
0.107895
0.099514
0.188558
0.226866
0.206735
0.109678
0.056998
-0.003211
-0.021666
0.012709
0.057612
0.087559
0.030788
0.005100
-0.026612
-0.033106
-0.101663
-0.138201
-0.182128
-0.212551
-0.204280
-0.175355
-0.126365
-0.102132
-0.083487
-0.108144
-0.135564
-0.157554
-0.162853
-0.157585
-0.149351
-0.119573
-0.090152
-0.065250
-0.054801
-0.038836
-0.037125
-0.044801
-0.053955
-0.053679
-0.044145
-0.024258
-0.003078
0.013338
0.051918
0.065141
0.060874
0.027908
0.027586
0.052808
0.082081
0.057287
0.074696
0.124883
0.157543
0.129707
0.110440
0.107603
0.095834
0.135733
0.174574
0.173392
0.151542
0.110964
0.057270
0.014248
0.008487
0.009158
-0.003501
0.003678
-0.001534
-0.011561
-0.021725
-0.034961
-0.080986
-0.110456
-0.160398
-0.209170
-0.221245
-0.185846
-0.154290
-0.127336
-0.105993
-0.116464
-0.138847
-0.149040
-0.146541
-0.151500
-0.132926
-0.115254
-0.110066
-0.088260
-0.057308
-0.042895
-0.056150
-0.067793
-0.059583
-0.042030
-0.013557
0.013220
0.019064
0.017136
0.030820
0.040883
0.037922
0.023992
0.029245
0.033295
0.047333
0.099095
0.165002
0.195075
0.146033
0.071311
0.044860
0.077120
0.136088
0.216668
0.200441
0.169077
0.119884
0.078292
0.039102
0.045393
0.081158
0.031421
-0.020494
-0.040815
-0.024288
-0.017767
0.015377
0.003021
-0.073852
-0.164244
-0.233913
-0.222991
-0.181046
-0.132833
-0.128946
-0.117839
-0.113753
-0.116174
-0.117626
-0.130405
-0.154678
-0.171484
-0.158511
-0.126844
-0.071677
-0.015662
-0.005263
-0.018900
-0.054836
-0.082639
-0.088675
-0.054770
0.013737
0.048825
0.053536
0.037899
0.027441
0.043590
0.049156
0.063095
0.040512
0.035200
0.050598
0.093843
0.143951
0.188252
0.184795
0.121362
0.080121
0.074997
0.121938
0.176719
0.232176
0.213157
0.148849
0.074226
0.029289
0.012825
0.040448
0.065224
0.051212
0.031448
0.017510
0.000006
-0.005497
-0.026761
-0.088134
-0.157236
-0.208343
-0.199725
-0.166911
-0.112303
-0.081256
-0.075487
-0.094608
-0.136549
-0.153020
-0.152697
-0.131677
-0.121781
-0.092966
-0.073910
-0.057495
-0.046607
-0.037576
-0.025573
-0.036777
-0.046083
-0.045207
-0.009279
0.026300
0.036470
0.039457
0.061134
0.067473
0.064772
0.068666
0.094511
0.086283
0.067862
0.045549
0.074121
0.121697
0.159525
0.187103
0.153988
0.152332
0.139204
0.131920
0.155730
0.190194
0.196695
0.163314
0.087551
0.033886
0.016830
0.053794
0.054618
0.030699
0.007819
0.014277
0.024696
0.014230
-0.004438
-0.061962
-0.107604
-0.174605
-0.199742
-0.196671
-0.152476
-0.105675
-0.083787
-0.081971
-0.084086
-0.085360
-0.108900
-0.134018
-0.139921
-0.120868
-0.089809
-0.057277
-0.029330
-0.023325
-0.036439
-0.056521
-0.056358
-0.042399
-0.004670
0.030827
0.049056
0.045044
0.062839
0.064901
0.053294
0.043036
0.066160
0.089229
0.058689
0.079960
0.093920
0.118285
0.148144
0.163752
0.183031
0.142978
0.130038
0.121550
0.143718
0.163291
0.175653
0.145018
0.106324
0.095878
0.073120
0.063293
0.049865
0.029656
0.021363
0.018551
0.027923
0.016697
-0.007000
-0.062278
-0.111864
-0.161829
-0.192651
-0.174613
-0.144121
-0.106353
-0.085491
-0.074112
-0.092934
-0.112243
-0.126954
-0.140391
-0.153668
-0.133668
-0.100675
-0.067428
-0.025382
-0.004066
-0.019293
-0.052346
-0.065867
-0.056635
-0.033612
-0.004416
0.025357
0.045882
0.050770
0.067785
0.076355
0.062734
0.045896
0.030698
0.014898
0.005864
0.069078
0.120545
0.191135
0.202910
0.170062
0.133054
0.089632
0.100248
0.132107
0.233027
0.190759
0.156898
0.118649
0.084111
0.038313
0.016431
0.062816
0.030276
0.040859
0.013965
0.039971
0.024966
0.018116
-0.023547
-0.115305
-0.177527
-0.220971
-0.189714
-0.163144
-0.125120
-0.107818
-0.088953
-0.089994
-0.122016
-0.131099
-0.131695
-0.123946
-0.140515
-0.132875
-0.121495
-0.084816
-0.056794
-0.033614
-0.027319
-0.033777
-0.046657
-0.061614
-0.015831
0.019744
0.047398
0.037885
0.014250
0.011342
0.023043
0.049898
0.056902
0.071873
0.087996
0.105995
0.113998
0.099922
0.120604
0.109334
0.103419
0.125725
0.152542
0.191261
0.165894
0.163203
0.138897
0.125471
0.086468
0.071817
0.048549
0.033092
0.013549
0.001596
0.023802
0.019367
0.003371
-0.016211
-0.022576
-0.077719
-0.118877
-0.159483
-0.188334
-0.187392
-0.164064
-0.136367
-0.126451
-0.105383
-0.102101
-0.108411
-0.127585
-0.140529
-0.146547
-0.139200
-0.108922
-0.085089
-0.059640
-0.054651
-0.057889
-0.068732
-0.053765
-0.038154
-0.016643
-0.010984
-0.004968
0.023907
0.047867
0.051261
0.040683
0.024223
0.026037
0.014993
0.019572
0.062433
0.098082
0.120002
0.141008
0.154527
0.139780
0.117903
0.109432
0.122095
0.116810
0.134060
0.147800
0.146136
0.148855
0.105425
0.074443
0.014753
-0.001564
-0.024588
0.018459
0.046968
0.052526
0.031790
-0.018599
-0.070830
-0.130523
-0.124664
-0.143614
-0.153284
-0.167113
-0.149178
-0.135113
-0.127155
-0.098386
-0.088469
-0.095102
-0.128762
-0.137551
-0.151453
