-0.024601
-0.054001
-0.073287
-0.064969
-0.028889
0.009475
0.047372
0.081538
0.088001
0.075233
0.061486
0.049891
0.051178
0.074294
0.105676
0.128565
0.142023
0.145956
0.134664
0.127560
0.116210
0.099178
0.003021
-0.164456
-0.270031
-0.294322
-0.198250
0.004094
0.206912
0.288677
0.253225
0.103447
-0.079890
-0.212314
-0.225415
-0.167431
-0.080868
0.010200
0.044311
0.049663
0.056241
0.068869
0.063581
0.047311
-0.008302
-0.090493
-0.155915
-0.164728
-0.120066
-0.030038
0.067210
0.099326
0.074407
0.000095
-0.100251
-0.164416
-0.202328
-0.185291
-0.106666
-0.002395
0.061854
0.092514
0.051723
-0.019000
-0.090450
-0.111019
-0.093451
-0.028026
0.055991
0.112899
0.127334
0.110810
0.070066
0.034924
0.036344
0.062003
0.097169
0.129356
0.149373
0.146291
0.137952
0.131778
0.116669
0.104590
0.023128
-0.148469
-0.263621
-0.295951
-0.211223
-0.018336
0.197589
0.291017
0.262973
0.124891
-0.061063
-0.205445
-0.226674
-0.172581
-0.090723
0.002755
0.041931
0.048245
0.052718
0.068964
0.064935
0.047985
-0.000618
-0.084017
-0.154262
-0.166392
-0.126521
-0.041788
0.053675
0.083021
0.052201
-0.019519
-0.113972
-0.174980
-0.160146
-0.100789
-0.034330
0.024823
0.039273
0.008727
-0.029112
-0.057533
-0.074439
-0.060252
-0.019707
0.018348
0.055616
0.084524
0.086912
0.072121
0.060382
0.049153
0.051815
0.078442
0.109857
0.131362
0.143501
0.144545
0.130850
0.125495
0.119085
0.106861
0.026085
-0.136332
-0.253778
-0.292550
-0.211007
-0.022660
0.185512
0.282364
0.258001
0.118999
-0.061210
-0.200189
-0.225255
-0.170538
-0.088181
0.001402
0.036424
0.042645
0.044678
0.060465
0.062268
0.049400
0.002036
-0.078244
-0.149385
-0.167618
-0.129628
-0.049774
0.034995
0.062871
0.027193
-0.049818
-0.116449
-0.142302
-0.116865
-0.061999
-0.018434
0.000508
-0.006218
-0.028209
-0.045898
-0.047529
-0.037256
-0.020968
0.002151
0.025085
0.046814
0.065973
0.075253
0.070803
0.065299
0.060855
0.067760
0.086697
0.110995
0.129177
0.135581
0.135040
0.124965
0.118419
0.108129
0.092665
-0.016698
-0.173463
-0.267986
-0.278059
-0.172619
0.028657
0.213634
0.272293
0.223575
0.073107
-0.100235
-0.212579
-0.206370
-0.151769
-0.064959
0.012095
0.034850
0.037811
0.045879
0.061130
0.056133
0.039510
-0.017452
-0.098972
-0.157622
-0.158847
-0.114888
-0.027541
0.048043
0.057345
0.018824
-0.054474
-0.131559
-0.162634
-0.129212
-0.070488
-0.014969
0.022382
0.016034
-0.015772
-0.042357
-0.055356
-0.056425
-0.030970
0.004859
0.035302
0.064706
0.082516
0.080278
0.068331
0.060285
0.055155
0.067936
0.094024
0.119449
0.132871
0.141588
0.137129
0.126706
0.123747
0.114074
0.074488
-0.068828
-0.212655
-0.286707
-0.259264
-0.113400
0.101825
0.252191
0.276568
0.189107
0.018299
-0.144392
-0.221823
-0.190918
-0.128257
-0.033839
0.023533
0.038909
0.043120
0.057622
0.068030
0.060723
0.031508
-0.039536
-0.119325
-0.162442
-0.146183
-0.086479
0.007878
0.060191
0.052482
-0.005465
-0.091209
-0.142751
-0.135691
-0.085396
-0.029963
0.009903
0.011682
-0.011878
-0.040642
-0.050863
-0.051291
-0.030812
-0.001265
0.025674
0.048762
0.069334
0.076620
0.073480
0.067218
0.062290
0.063557
0.084599
0.111235
0.134421
0.143981
0.145761
0.132594
0.124977
0.114181
0.106156
0.042232
-0.113586
-0.236443
-0.285292
-0.224800
-0.051302
0.157918
0.268204
0.259343
0.139290
-0.036785
-0.179924
-0.217727
-0.168672
-0.095403
-0.003900
0.033919
0.040729
0.041795
0.059539
0.064158
0.057245
0.017087
-0.059548
-0.134460
-0.159390
-0.132035
-0.059805
0.035614
0.085680
0.076647
0.025894
-0.077007
-0.196942
-0.233244
-0.179485
-0.081840
0.035645
0.108202
0.085536
0.018595
-0.054190
-0.109111
-0.115659
-0.052518
0.020549
0.084575
0.128825
0.127383
0.090990
0.064338
0.048354
0.050565
0.080916
0.117495
0.141459
0.148856
0.151706
0.135598
0.127934
0.121379
0.105606
-0.005180
-0.167340
-0.270650
-0.288682
-0.182513
0.024542
0.221194
0.290234
0.246082
0.090201
-0.090105
-0.211600
-0.209625
-0.155287
-0.064886
0.015470
0.040266
0.044784
0.053572
0.069488
0.066556
0.050367
-0.007879
-0.092174
-0.153531
-0.157319
-0.113215
-0.023821
0.057235
0.067563
0.032213
-0.041642
-0.125777
-0.163349
-0.131073
-0.072163
-0.011225
0.033438
0.028757
-0.005575
-0.036803
-0.053776
-0.060056
-0.030781
0.008704
0.043610
0.074049
0.094050
0.086670
0.073281
0.063314
0.059459
0.074029
0.106125
0.132957
0.144321
0.148864
0.140989
0.125149
0.122000
0.117120
0.089644
-0.037340
-0.188722
-0.275255
-0.267623
-0.136066
0.074763
0.240987
0.280998
0.208293
0.041004
-0.123727
-0.215301
-0.193245
-0.130776
-0.038567
0.022441
0.039491
0.041796
0.053140
0.067450
0.065722
0.042401
-0.022305
-0.103515
-0.153697
-0.148318
-0.095068
-0.005543
0.056015
0.051078
0.005620
-0.075305
-0.142120
-0.148037
-0.098513
-0.042329
0.007730
0.024280
-0.000505
-0.033100
-0.050539
-0.053928
-0.041439
-0.003786
0.027830
0.055613
0.076292
0.083458
0.074606
0.071579
0.068301
0.073511
0.089518
0.116023
0.131197
0.138231
0.138470
0.128765
0.123803
0.121332
0.113628
0.049954
-0.108604
-0.237470
-0.289306
-0.231511
-0.059766
0.150913
0.264096
0.259666
0.143723
-0.029918
-0.172215
-0.212312
-0.167257
-0.096424
-0.009995
0.027764
0.035572
0.039874
0.060678
0.067945
0.061632
0.021992
-0.056721
-0.132543
-0.160208
-0.134570
-0.065227
0.019763
0.050665
0.029171
-0.027483
-0.101759
-0.142884
-0.125280
-0.074522
-0.027722
0.009603
0.007502
-0.017401
-0.040245
-0.045869
-0.044622
-0.020335
0.013267
0.040277
0.063015
0.079267
0.079497
0.071452
0.071848
0.072720
0.082906
0.101900
0.121872
0.130434
0.133675
0.134075
0.127841
0.127285
0.120232
0.092230
-0.041562
-0.198169
-0.282746
-0.273939
-0.143722
0.070098
0.236803
0.275531
0.207346
0.043881
-0.120190
-0.211808
-0.190613
-0.135000
-0.048705
0.012235
0.027551
0.032652
0.050054
0.068961
0.065940
0.044551
-0.025001
-0.108854
-0.162507
-0.155705
-0.104511
-0.010737
0.064310
0.080303
0.049706
-0.026080
-0.162729
-0.242627
-0.212692
-0.122199
-0.005806
0.101712
0.103270
0.039658
-0.037494
-0.099826
-0.128837
-0.078172
0.005508
0.070561
0.121756
0.133300
0.100704
0.067362
0.055087
0.048609
0.071518
0.105966
0.134771
0.144268
0.151730
0.140064
0.127590
0.120117
0.109184
0.013654
-0.151878
-0.261920
-0.300999
-0.213479
-0.017586
0.186742
0.277180
0.255424
0.116635
-0.064341
-0.196275
-0.216417
-0.169767
-0.091307
-0.003013
0.024147
0.036209
0.046567
0.066664
0.069432
0.057525
0.004702
-0.080489
-0.149049
-0.166140
-0.130863
-0.052322
0.033989
0.055628
0.024912
-0.039463
-0.112688
-0.150980
-0.130354
-0.077071
-0.030967
0.007246
0.006294
-0.017053
-0.041548
-0.046765
-0.047180
-0.023702
0.011560
0.041103
0.064140
0.083456
0.084630
0.074613
0.070648
0.070722
0.081979
0.105799
0.128219
0.135529
0.138798
0.136597
0.124756
0.121786
0.115780
0.078568
-0.066279
-0.211276
-0.287826
-0.264914
-0.120873
0.094515
0.246392
0.272143
0.190036
0.020215
-0.136659
-0.212895
-0.182102
-0.124722
-0.034977
0.014928
0.028822
0.034350
0.055120
0.072321
0.069334
0.042438
-0.032426
-0.117370
-0.165652
-0.153930
-0.097795
-0.008250
0.047651
0.039576
-0.013053
-0.091138
-0.135899
-0.131031
-0.080472
-0.033221
0.001079
0.000280
-0.021108
-0.044938
-0.049449
-0.042162
-0.020247
0.010652
0.035959
0.056636
0.072564
0.079495
0.078223
0.076290
0.075471
0.079306
0.097960
0.121663
0.138580
0.142840
0.144895
0.136738
0.129299
0.119552
0.094575
-0.045365
-0.203732
-0.285392
-0.279656
-0.147965
0.073174
0.245034
0.284271
0.217990
0.052627
-0.118762
-0.213627
-0.191409
-0.139567
-0.052597
0.011547
0.026472
0.032999
0.055038
0.076341
0.074121
0.052925
-0.018855
-0.109330
-0.164732
-0.158571
-0.106751
-0.010887
0.058642
0.057474
0.015696
-0.059193
-0.133159
-0.159630
-0.122583
-0.072167
-0.016409
0.019145
0.013038
-0.017753
-0.037771
-0.052402
-0.052827
-0.025330
0.011480
0.043270
0.077487
0.096113
0.091927
0.082002
0.073420
0.067464
0.084291
0.115083
0.138212
0.147592
0.152939
0.142754
0.132934
0.125786
0.119309
0.036867
-0.133594
-0.254618
-0.303018
-0.228704
-0.037727
0.179975
0.282797
0.272454
0.141603
-0.039991
-0.183409
-0.212504
-0.169752
-0.095845
-0.008823
0.024161
0.034370
0.046032
0.073969
0.081596
0.074637
0.024588
-0.065302
-0.145175
-0.170599
-0.140870
-0.061059
0.032661
0.063690
0.040941
-0.020672
-0.104650
-0.153621
-0.137151
-0.087809
-0.038181
0.009181
0.012996
-0.009652
-0.032644
-0.041996
-0.048957
-0.029049
0.004525
0.033800
0.064142
0.089282
0.094096
0.087179
0.083663
0.076254
0.081568
0.103302
0.128018
0.143206
0.155724
0.153632
0.141031
0.132531
0.122177
0.065832
-0.101427
-0.238415
-0.305879
-0.261263
-0.092905
0.136323
0.272767
0.289181
0.187433
0.006079
-0.154635
-0.218021
-0.184361
-0.124623
-0.031669
0.013721
0.029339
0.040786
0.070029
0.085793
0.080769
0.043264
-0.045214
-0.134403
-0.177777
-0.156633
-0.085748
0.019948
0.071926
0.061739
0.005317
-0.074177
-0.143546
-0.160612
-0.119795
-0.065674
-0.007402
0.025770
0.017066
-0.013450
-0.035650
-0.054681
-0.053668
-0.024482
0.014689
0.052989
0.087575
0.102139
0.091639
0.077936
0.068586
0.070150
0.091840
0.119446
0.139902
0.144513
0.148275
0.138133
0.133365
0.128614
0.107560
-0.042079
-0.207001
-0.301958
-0.301764
-0.164727
0.067648
0.250225
0.298618
0.233503
0.061857
-0.118435
-0.219142
-0.200484
-0.151107
-0.060869
0.002168
0.017552
0.027752
0.055287
0.082970
0.085721
0.064456
-0.013902
-0.113442
-0.177484
-0.174924
-0.119213
-0.013288
0.062080
0.064428
0.025071
-0.056046
-0.139208
-0.164168
-0.124983
-0.071394
-0.014452
0.019677
0.006554
-0.023629
-0.042214
-0.053996
-0.053978
-0.021664
0.011796
0.042028
0.074998
0.092610
0.086616
0.079110
0.072595
0.066650
0.082023
0.110857
0.135571
0.146132
0.153825
0.143176
0.133973
0.121701
0.108123
-0.000553
-0.173184
-0.279904
-0.308425
-0.208983
-0.001965
0.206484
0.285853
0.256140
0.108417
-0.072069
-0.204169
-0.213700
-0.171053
-0.093003
-0.012731
0.013648
0.026255
0.046649
0.076547
0.081713
0.068666
0.005995
-0.090850
-0.168048
-0.184131
-0.144844
-0.052783
0.050002
0.082529
0.068301
0.007740
-0.078108
-0.195312
-0.241302
-0.206331
-0.114250
-0.000745
0.093336
0.091677
0.036354
-0.036581
-0.103577
-0.123612
-0.074841
0.007054
0.078642
0.134672
0.139036
0.104781
0.069246
0.055538
0.056386
0.086539
0.122304
0.142767
0.148947
0.147307
0.136307
0.120593
0.115972
0.024924
-0.158109
-0.279868
-0.322640
-0.246602
-0.044763
0.184737
0.285884
0.272575
0.142782
-0.046980
-0.197247
-0.222827
-0.183747
-0.113265
-0.024141
0.009337
0.020016
0.039377
0.076304
0.082899
0.073927
0.019304
-0.082060
-0.167982
-0.191110
-0.158157
-0.072538
0.027847
0.057207
0.035367
-0.021597
-0.098341
-0.151779
-0.139227
-0.098094
-0.055939
-0.012114
-0.000191
-0.018648
-0.033446
-0.038234
-0.046762
-0.033489
-0.003369
0.022552
0.051566
0.079595
0.086315
0.078452
0.077880
0.072295
0.074829
0.095114
0.119844
0.130535
0.141895
0.144066
0.134641
0.124978
0.117836
0.052416
-0.120012
-0.249472
-0.309519
-0.259099
-0.085356
0.140135
0.263798
0.273326
0.168691
-0.008389
-0.162878
-0.215517
-0.183597
-0.128105
-0.040123
-0.000573
0.015160
0.032980
0.068626
0.083562
0.079118
0.036420
-0.056784
-0.145459
-0.184606
-0.162221
-0.093672
0.005744
0.045590
0.031912
-0.016290
-0.084089
-0.130797
-0.123477
-0.085944
-0.053409
-0.020017
-0.013360
-0.026225
-0.036997
-0.031465
-0.029660
-0.014897
0.012512
0.032742
0.053467
0.077248
0.089211
0.083898
0.083133
0.081192
0.088095
0.104728
0.132628
0.145451
0.153098
0.149651
0.139622
0.121103
0.108922
0.003598
-0.170513
-0.276310
-0.304595
-0.212221
-0.010638
0.200155
0.281706
0.255950
0.117443
-0.060239
-0.194164
-0.207071
-0.166577
-0.095639
-0.015571
0.013770
0.026425
0.047505
0.082741
0.087943
0.074941
0.014503
-0.083948
-0.164252
-0.180190
-0.143745
-0.061347
0.023020
0.043897
0.013147
-0.049675
-0.096267
-0.112731
-0.088355
-0.052740
-0.032831
-0.028127
-0.032685
-0.044114
-0.039715
-0.022686
-0.005417
0.012211
0.030885
0.045205
0.058816
0.075325
0.085426
0.084328
0.084440
0.086581
0.098278
0.117769
0.139303
0.147819
0.148669
0.143868
0.139520
0.121810
0.106193
-0.021441
-0.192253
-0.288214
-0.293951
-0.180094
0.036945
0.231542
0.289213
0.238500
0.084576
-0.089845
-0.205400
-0.195164
-0.149879
-0.072860
-0.005480
0.016517
0.023903
0.050776
0.085623
0.088361
0.070650
0.000908
-0.099095
-0.171329
-0.175380
-0.130962
-0.041943
0.035705
0.047040
0.017052
-0.048753
-0.107581
-0.127217
-0.097195
-0.060785
-0.027278
-0.011031
-0.017506
-0.031575
-0.031503
-0.024945
-0.017590
0.003935
0.024859
0.044357
0.065413
0.084763
0.088775
0.088184
0.086042
0.085163
0.095954
0.119967
0.138659
0.149783
0.155886
0.149418
0.136523
0.122877
0.092158
-0.056543
-0.210917
-0.292604
-0.282806
-0.147829
0.076266
0.243876
0.284305
0.218225
0.054740
-0.115215
-0.209018
-0.189254
-0.144805
-0.060818
-0.001041
0.015738
0.027394
0.059840
0.085953
0.086426
0.061527
-0.018504
-0.115518
-0.176056
-0.169370
-0.119745
-0.025534
0.037258
0.038396
0.002639
-0.063302
-0.114300
-0.120612
-0.086772
-0.054881
-0.024317
-0.015853
-0.025447
-0.038868
-0.032609
-0.025858
-0.012632
0.012113
0.032898
0.051389
0.072151
0.085963
0.086948
0.088407
0.089600
0.094240
0.107039
0.125797
0.137235
0.142500
0.146416
0.144441
0.137324
0.128200
0.080231
-0.086473
-0.236415
-0.306619
-0.273238
-0.116029
0.113686
0.260839
0.279259
0.193326
0.020649
-0.139702
-0.208685
-0.177435
-0.128604
-0.044547
-0.000533
0.014865
0.027075
0.067422
0.091138
0.090625
0.056332
-0.030697
-0.128985
-0.176946
-0.164955
-0.101763
0.000383
0.072160
0.078404
0.049816
-0.058368
-0.188158
-0.233667
-0.182748
-0.097854
0.020660
0.092687
0.070731
0.012509
-0.046872
-0.095113
-0.100669
-0.032440
0.032614
0.091648
0.128923
0.132340
0.098108
0.080896
0.070569
0.071640
0.093365
0.128510
0.148772
0.159931
0.162534
0.149167
0.132599
0.125968
0.075058
-0.091557
-0.236939
-0.307491
-0.276920
-0.115782
0.117213
0.265130
0.288572
0.201770
0.023297
-0.142066
-0.213590
-0.186360
-0.135117
-0.043989
0.003597
0.019382
0.033090
0.068740
0.087763
0.085988
0.051989
-0.035184
-0.129015
-0.176384
-0.163457
-0.104879
-0.007297
0.045012
0.033054
-0.008900
-0.075556
-0.121474
-0.119571
-0.078815
-0.049476
-0.019911
-0.014315
-0.026254
-0.040942
-0.032754
-0.027716
-0.012049
0.016244
0.039463
0.057612
0.079020
0.088084
0.084821
0.084649
0.087514
0.094648
0.113915
0.136387
0.146231
0.147131
0.148979
0.141979
0.132943
0.130660
0.083712
-0.083956
-0.234083
-0.310497
-0.279090
-0.118970
0.114302
0.265660
0.287084
0.197031
0.022884
-0.143626
-0.212142
-0.181108
-0.129426
-0.043366
0.001610
0.013725
0.027142
0.063442
0.090090
0.090592
0.058557
-0.028956
-0.126364
-0.178514
-0.165081
-0.110141
-0.015442
0.033305
0.028153
-0.012137
-0.073505
-0.113437
-0.111144
-0.078267
-0.050778
-0.026832
-0.022393
-0.030073
-0.038080
-0.025354
-0.016606
0.000582
0.027127
0.046822
0.064433
0.082808
0.093092
0.092352
0.095066
0.097418
0.101370
0.119261
0.142948
0.153602
0.158191
0.158096
0.145980
0.132001
0.122403
0.024316
-0.159524
-0.273980
-0.312533
-0.229048
-0.027580
0.193679
0.286010
0.268260
0.137616
-0.043793
-0.184380
-0.203912
-0.165604
-0.099118
-0.018595
0.010009
0.019652
0.042246
0.080654
0.092569
0.085218
0.031522
-0.067992
-0.152874
-0.179445
-0.150111
-0.070298
0.033676
0.076100
0.073921
0.001243
-0.129963
-0.218822
-0.211390
-0.139473
-0.036050
0.061372
0.075965
0.033751
-0.027737
-0.073103
-0.100174
-0.057614
0.010105
0.070886
0.117975
0.139899
0.119190
0.093084
0.078881
0.072035
0.086681
0.119642
0.149159
0.157734
0.168205
0.155938
0.142408
0.132885
0.117603
-0.013723
-0.189881
-0.296845
-0.319959
-0.205677
0.015490
0.227834
0.297944
0.263057
0.106359
-0.077574
-0.203934
-0.204147
-0.164255
-0.084423
-0.012981
0.007469
0.020113
0.045994
0.085099
0.092900
0.080927
0.012543
-0.090959
-0.168341
-0.182996
-0.143660
-0.056942
0.028691
0.039753
0.010044
-0.056805
-0.113738
-0.134018
-0.102749
-0.064338
-0.036855
-0.021035
-0.029275
-0.044508
-0.045851
-0.033575
-0.025511
0.000403
0.023750
0.044394
0.063989
0.083607
0.086850
0.084512
0.084209
0.086829
0.100801
0.122319
0.142688
0.150736
0.153245
0.139323
0.131256
0.122352
0.113470
-0.001933
-0.176320
-0.287740
-0.317170
-0.215865
-0.005440
0.204597
0.280252
0.251542
0.103300
-0.073015
-0.199827
-0.203652
-0.164012
-0.090983
-0.021754
-0.003296
0.006496
0.030010
0.071691
0.083651
0.077743
0.015137
-0.084441
-0.166677
-0.185975
-0.152706
-0.073486
0.010726
0.031232
0.011604
-0.048247
-0.105539
-0.131183
-0.108979
-0.075752
-0.047121
-0.028963
-0.032021
-0.042463
-0.043128
-0.032552
-0.024410
-0.001612
0.021188
0.041871
0.064299
0.083724
0.091366
0.086471
0.085883
0.083782
0.096698
0.120156
0.144675
0.152025
0.154246
0.141525
0.129007
0.115308
0.098316
-0.034082
-0.202505
-0.299575
-0.311027
-0.192211
0.026981
0.222410
0.280286
0.234955
0.078309
-0.093356
-0.207038
-0.196275
-0.156107
-0.079284
-0.017386
-0.001391
0.008279
0.037425
0.076622
0.086212
0.074197
0.004173
-0.096277
-0.174180
-0.183646
-0.146506
-0.065725
0.008014
0.021324
-0.001117
-0.055136
-0.095070
-0.110062
-0.088922
-0.066806
-0.048528
-0.043185
-0.042873
-0.045758
-0.032689
-0.016303
-0.002934
0.014709
0.030580
0.044749
0.062569
0.081648
0.088006
0.088847
0.088437
0.095707
0.109554
0.131412
0.145626
0.150726
0.146675
0.142185
0.134518
0.127936
0.078000
-0.097558
-0.246558
-0.323837
-0.284168
-0.120335
0.117311
0.263808
0.284935
0.191155
0.018600
-0.142503
-0.209779
-0.176382
-0.128502
-0.048594
-0.009534
0.000539
0.014981
0.057606
0.090800
0.096273
0.064171
-0.027748
-0.128757
-0.185790
-0.172600
-0.112825
-0.018128
0.034846
0.032716
-0.005984
-0.067322
-0.111454
-0.114935
-0.085625
-0.056450
-0.030856
-0.021467
-0.028958
-0.035254
-0.028358
-0.020279
-0.009365
0.013425
0.032012
0.053105
0.075261
0.088998
0.088555
0.090727
0.092603
0.100152
0.114454
0.133368
0.146588
0.154213
0.154807
0.149887
0.136222
0.126936
0.051081
-0.132731
-0.259184
-0.314606
-0.249420
-0.067318
0.161091
0.271610
0.272569
0.160343
-0.011180
-0.157055
-0.197146
-0.162909
-0.114800
-0.037060
-0.008301
0.004941
0.026402
0.074795
0.096191
0.095693
0.049128
-0.047677
-0.141314
-0.179991
-0.155252
-0.088514
0.002357
0.041954
0.033524
-0.008438
-0.067354
-0.112482
-0.117274
-0.091201
-0.064020
-0.032849
-0.017214
-0.019431
-0.025780
-0.024762
-0.027074
-0.020820
0.001192
0.024997
0.051506
0.076070
0.088998
0.085103
0.082624
0.080707
0.087841
0.107075
0.132912
0.144390
0.148984
0.147871
0.141282
0.127899
0.123506
0.059542
-0.113579
-0.243644
-0.305286
-0.254886
-0.087536
0.135613
0.257044
0.267199
0.170300
0.006290
-0.141443
-0.190928
-0.162748
-0.118379
-0.043162
-0.009376
0.004168
0.025346
0.071215
0.094785
0.094384
0.054018
-0.038300
-0.131066
-0.173868
-0.153615
-0.087050
0.013689
0.060049
0.049963
0.003283
-0.062493
-0.119326
-0.129620
-0.099519
-0.063256
-0.024002
0.000759
-0.002322
-0.016448
-0.021612
-0.032861
-0.034049
-0.015616
0.008770
0.036535
0.070975
0.089917
0.089194
0.081004
0.072900
0.067125
0.084491
0.111351
0.134796
0.148611
0.158523
0.148577
0.137943
0.122320
0.104688
0.001332
-0.154849
-0.253062
-0.278478
-0.189100
-0.002058
0.185720
0.262941
0.244510
0.120198
-0.038400
-0.157706
-0.179007
-0.150294
-0.092608
-0.025277
0.002939
0.021520
0.050139
0.086211
0.094401
0.082053
0.022178
-0.067769
-0.141901
-0.160635
-0.127447
-0.046780
0.040253
0.064585
0.041111
-0.012473
-0.081502
-0.128258
-0.116525
-0.078753
-0.039037
-0.000198
0.011440
-0.006861
-0.022634
-0.029928
-0.039078
-0.029909
-0.005028
0.017062
0.043619
0.073000
0.081584
0.076813
0.071685
0.065890
0.067055
0.088878
0.115077
0.134687
0.149140
0.153483
0.144443
0.132343
0.118856
0.090618
-0.016959
-0.162321
-0.246802
-0.256989
-0.156714
0.024198
0.195726
0.258327
0.225933
0.098162
-0.054090
-0.161498
-0.175054
-0.142223
-0.080754
-0.017583
0.010740
0.030093
0.056754
0.085687
0.089209
0.069811
0.007664
-0.077493
-0.143186
-0.154583
-0.117526
-0.039232
0.035088
0.053775
0.032536
-0.021243
-0.087189
-0.118408
-0.105519
-0.073279
-0.036663
-0.006262
-0.001767
-0.013112
-0.020645
-0.024807
-0.028145
-0.016716
0.001895
0.019038
0.046154
0.069899
0.078547
0.077443
0.073705
0.067634
0.072205
0.091893
0.114077
0.130438
0.142784
0.141809
0.132663
0.118428
0.102205
0.043557
-0.094578
-0.210943
-0.259569
-0.217085
-0.073927
0.115940
0.232728
0.243805
0.161825
0.014076
-0.121058
-0.179314
-0.159682
-0.113384
-0.042976
-0.000143
0.019718
0.036090
0.066156
0.080783
0.073639
0.036253
-0.040111
-0.119621
-0.159222
-0.144923
-0.086648
0.001542
0.049858
0.041219
-0.002857
-0.068333
-0.114837
-0.114135
-0.078307
-0.043550
-0.011460
-0.002359
-0.012164
-0.027160
-0.026549
-0.027390
-0.017805
-0.000355
0.015671
0.032068
0.055775
0.071048
0.073856
0.072231
0.068099
0.065981
0.078098
0.102366
0.121618
0.137368
0.145689
0.135875
0.121977
0.102922
0.068433
-0.042469
-0.173627
-0.248069
-0.242282
-0.137836
0.041573
0.195539
0.244274
0.199006
0.068669
-0.077869
-0.171882
-0.176608
-0.139554
-0.075452
-0.016484
0.009692
0.026621
0.050363
0.075616
0.074628
0.053662
-0.010381
-0.091584
-0.150722
-0.155050
-0.113841
-0.034250
0.030940
0.044235
0.017402
-0.037616
-0.090673
-0.109930
-0.092016
-0.061266
-0.031596
-0.012854
-0.013080
-0.022443
-0.024129
-0.021844
-0.018539
-0.004998
0.009020
0.023716
0.044320
0.063944
0.073313
0.075363
0.073648
0.069885
0.076377
0.094691
0.116243
0.130983
0.140955
0.136259
0.126295
0.106896
0.082131
-0.011003
-0.149408
-0.234594
-0.249638
-0.163682
0.000621
0.170441
0.235288
0.211206
0.094191
-0.048615
-0.157558
-0.173493
-0.142011
-0.084352
-0.022656
0.006905
0.023205
0.045281
0.074260
0.078875
0.062609
0.008991
-0.072776
-0.138775
-0.156879
-0.122015
-0.051500
0.035454
0.070247
0.064244
0.012093
-0.039641
-0.121514
-0.191949
-0.187841
-0.123271
-0.034200
0.059708
0.103901
0.065123
0.006547
-0.059513
-0.092743
-0.081993
-0.010407
0.054889
0.107070
0.126800
0.110484
0.074662
0.061181
0.064360
0.079681
0.104392
0.127746
0.136537
0.135252
0.130394
0.112062
0.091058
0.027622
-0.115135
-0.220950
-0.255417
-0.197142
-0.049691
0.134286
0.230443
0.225105
0.132539
-0.008612
-0.133097
-0.174299
-0.146061
-0.101175
-0.037222
0.000119
0.016266
0.034167
0.069280
0.082897
0.070964
0.027589
-0.052034
-0.128416
-0.158356
-0.132224
-0.071870
0.006279
0.042888
0.028701
-0.016649
-0.069314
-0.103779
-0.099026
-0.068043
-0.041525
-0.021561
-0.015389
-0.020031
-0.024156
-0.016598
-0.010253
-0.002800
0.010232
0.022920
0.038353
0.059588
0.075650
0.079844
0.078664
0.076547
0.076623
0.090874
0.112839
0.132980
0.147352
0.150611
0.138871
0.118867
0.094715
0.019478
-0.124942
-0.223513
-0.255283
-0.190704
-0.034780
0.148335
0.241183
0.233889
0.137214
-0.012188
-0.135903
-0.175415
-0.149367
-0.101527
-0.032964
0.003589
0.021770
0.042532
0.076041
0.087796
0.075830
0.030279
-0.052259
-0.127293
-0.157417
-0.134200
-0.070981
0.014938
0.052870
0.035541
-0.013403
-0.072106
-0.109399
-0.099504
-0.065989
-0.036048
-0.012924
-0.007080
-0.018191
-0.025554
-0.020995
-0.014983
-0.004711
0.014829
0.029743
0.046495
0.066877
0.079716
0.080412
0.079333
0.079066
0.085064
0.099197
0.122191
0.135586
0.145996
0.144565
0.135091
0.114693
0.093341
0.004823
-0.141426
-0.232105
-0.254573
-0.174026
-0.010922
0.169897
0.242255
0.223506
0.111799
-0.035415
-0.150733
-0.172089
-0.140365
-0.088096
-0.022955
0.005787
0.021702
0.042815
0.077705
0.084895
0.072095
0.019663
-0.064784
-0.137425
-0.159688
-0.129284
-0.061085
0.017194
0.039526
0.018549
-0.028608
-0.078617
-0.104022
-0.090709
-0.061973
-0.038870
-0.021280
-0.017216
-0.023856
-0.023144
-0.012301
-0.005545
0.006205
0.023411
0.034793
0.050701
0.068755
0.080070
0.079750
0.078864
0.078844
0.085369
0.103756
0.125014
0.138746
0.143353
0.139502
0.126394
0.106823
0.060581
-0.075689
-0.204294
-0.266355
-0.236988
-0.107108
0.085256
0.223376
0.246895
0.179250
0.034652
-0.106175
-0.180297
-0.163675
-0.124183
-0.056447
-0.010542
0.009367
0.024352
0.056456
0.080767
0.077835
0.046549
-0.028945
-0.115392
-0.167459
-0.160916
-0.110081
-0.028935
0.026153
0.029641
-0.001389
-0.051261
-0.092747
-0.104056
-0.085860
-0.060844
-0.039646
-0.023738
-0.022427
-0.022068
-0.015845
-0.006238
-0.001586
0.011536
0.023516
0.037040
0.055703
0.072655
0.079488
0.079698
0.082951
0.086110
0.094029
0.110966
0.127698
0.138640
0.145893
0.138013
0.117373
0.084635
-0.029745
-0.182318
-0.262761
-0.264946
-0.159641
0.021376
0.193141
0.246299
0.206522
0.078507
-0.069078
-0.172152
-0.177561
-0.144232
-0.087523
-0.029717
-0.004271
0.011661
0.041781
0.076089
0.081725
0.060334
-0.002143
-0.093212
-0.157342
-0.169138
-0.127162
-0.048707
0.039398
0.067432
0.055944
0.001491
-0.051426
-0.147167
-0.211186
-0.196823
-0.123074
-0.028416
0.071404
0.098389
0.053463
-0.008753
-0.071342
-0.100429
-0.073152
0.004420
0.067134
0.115171
0.127447
0.104320
0.070407
0.065752
0.071025
0.091188
0.119343
0.137192
0.137957
0.132520
0.123190
0.100567
0.070753
-0.048333
-0.188296
-0.263363
-0.251923
-0.141151
0.044794
0.201701
0.238612
0.186859
0.050222
-0.092054
-0.184393
-0.173676
-0.134893
-0.070690
-0.018529
0.004609
0.015108
0.042987
0.073573
0.071798
0.049676
-0.019441
-0.102820
-0.163077
-0.158978
-0.118207
-0.051143
0.009204
0.020067
-0.004072
-0.046097
-0.079092
-0.098598
-0.084197
-0.067647
-0.051568
-0.040410
-0.030658
-0.027229
-0.017812
-0.005102
0.000074
0.010483
0.023807
0.039089
0.054726
0.069680
0.074459
0.074489
0.078195
0.087134
0.098464
0.116173
0.128654
0.132897
0.134506
0.129312
0.111112
0.087679
-0.019238
-0.172113
-0.261786
-0.270402
-0.174912
0.005987
0.183016
0.244051
0.209990
0.085683
-0.063197
-0.170186
-0.176656
-0.141621
-0.083735
-0.025148
-0.001588
0.010486
0.035005
0.071273
0.077945
0.062924
0.002800
-0.085506
-0.155508
-0.168716
-0.132549
-0.062972
0.006133
0.024357
0.004370
-0.040271
-0.078563
-0.094209
-0.080917
-0.059909
-0.044814
-0.035754
-0.032243
-0.029295
-0.019721
-0.003662
0.005621
0.016836
0.028288
0.039289
0.053300
0.070041
0.078777
0.084369
0.085779
0.090194
0.094447
0.112655
0.130502
0.144204
0.144677
0.139818
0.118015
0.092221
-0.005057
-0.155808
-0.245716
-0.265498
-0.175666
-0.006956
0.173489
0.244581
0.221639
0.102635
-0.044102
-0.159124
-0.178257
-0.144574
-0.089622
-0.024301
0.003283
0.019575
0.040012
0.071958
0.078854
0.063772
0.008883
-0.074678
-0.144129
-0.164127
-0.130815
-0.066810
0.003385
0.024869
0.009589
-0.028015
-0.068123
-0.086080
-0.078602
-0.060564
-0.047329
-0.035675
-0.031861
-0.027150
-0.018172
-0.001835
0.008090
0.019403
0.032859
0.042070
0.056482
0.072632
0.083461
0.087505
0.090922
0.096304
0.104472
0.119779
0.135095
0.145573
0.147753
0.145149
0.123810
0.098813
0.000238
-0.156814
-0.248601
-0.266513
-0.176331
-0.003480
0.179849
0.248008
0.223487
0.103333
-0.044321
-0.158461
-0.173561
-0.139498
-0.085901
-0.021621
0.005173
0.019370
0.043141
0.077415
0.084612
0.069652
0.013769
-0.073678
-0.142915
-0.162131
-0.127601
-0.065374
0.005643
0.024622
0.007429
-0.029136
-0.065377
-0.083272
-0.073879
-0.056922
-0.046637
-0.036466
-0.033622
-0.029041
-0.018422
0.001456
0.012461
0.023298
0.036686
0.046078
0.058393
0.073851
0.081545
0.085791
0.089043
0.096339
0.105739
0.120618
0.135213
0.144361
0.145479
0.142113
0.125180
0.101572
0.007022
-0.149717
-0.243917
-0.267256
-0.177585
-0.007844
0.178378
0.250238
0.227795
0.108841
-0.039330
-0.153669
-0.170865
-0.135941
-0.081496
-0.018143
0.007256
0.020496
0.042089
0.075537
0.086027
0.071012
0.018458
-0.069502
-0.139205
-0.163046
-0.127363
-0.057473
0.034611
0.066736
0.059983
0.011424
-0.041379
-0.138762
-0.196222
-0.178013
-0.104603
-0.014642
0.077870
0.096050
0.049503
-0.006455
-0.059272
-0.081100
-0.045988
0.027834
0.082653
0.124300
0.132039
0.109857
0.080220
0.076949
0.080384
0.099213
0.126556
0.146387
0.148785
0.147832
0.135513
0.112076
0.059021
-0.082538
-0.209574
-0.267555
-0.224823
-0.087757
0.105588
0.232898
0.246187
0.167531
0.022178
-0.111951
-0.177260
-0.153728
-0.111207
-0.045262
-0.005057
0.014111
0.028273
0.062483
0.085806
0.079207
0.044140
-0.034611
-0.114354
-0.160409
-0.142071
-0.091470
-0.020213
0.027990
0.027736
-0.005459
-0.048273
-0.073753
-0.082567
-0.065253
-0.050956
-0.036916
-0.031153
-0.022457
-0.017412
-0.004776
0.007647
0.016153
0.026993
0.037971
0.051440
0.066090
0.079658
0.085328
0.088623
0.093325
0.101606
0.113000
0.126720
0.138947
0.144463
0.144139
0.136592
0.116568
0.069689
-0.073268
-0.203571
-0.264970
-0.231327
-0.099159
0.093650
0.225090
0.242046
0.170807
0.027914
-0.107102
-0.174655
-0.153367
-0.115119
-0.050970
-0.009239
0.007351
0.023396
0.057496
0.084977
0.082196
0.051732
-0.025569
-0.110068
-0.159697
-0.150267
-0.097882
-0.018596
0.035188
0.033994
-0.002317
-0.057852
-0.098927
-0.105952
-0.080606
-0.051737
-0.030784
-0.021512
-0.023941
-0.027332
-0.021233
-0.010519
-0.001155
0.014845
0.030998
0.044558
0.060830
0.072539
0.077160
0.079846
0.082555
0.089054
0.099199
0.118784
0.132404
0.144538
0.141814
0.133436
0.109994
0.071518
-0.059751
-0.199054
-0.267648
-0.252228
-0.130068
0.056886
0.209253
0.241687
0.188022
0.049026
-0.092523
-0.176489
-0.168391
-0.129991
-0.069139
-0.016985
0.001063
0.018766
0.048268
0.077878
0.076917
0.051212
-0.020178
-0.106729
-0.161150
-0.161402
-0.112747
-0.039063
0.017868
0.024152
-0.004946
-0.055544
-0.094037
-0.101755
-0.085851
-0.061359
-0.042236
-0.031743
-0.032837
-0.029974
-0.023866
-0.012200
-0.004151
0.007908
0.018640
0.031537
0.048732
0.063372
0.069333
0.072758
0.074321
0.080538
0.088829
0.106755
0.119217
0.131872
0.134562
0.132072
0.110417
0.077871
-0.039778
-0.187229
-0.265857
-0.262319
-0.152805
0.027670
0.193202
0.239424
0.195818
0.065874
-0.077284
-0.172542
-0.174177
-0.138349
-0.083842
-0.028750
-0.007657
0.010422
0.038749
0.075376
0.078161
0.056316
-0.011193
-0.099410
-0.162636
-0.168425
-0.123203
-0.044411
0.024492
0.033916
0.005786
-0.046600
-0.096645
-0.115068
-0.096325
-0.068486
-0.042867
-0.024687
-0.022079
-0.028030
-0.026301
-0.020613
-0.016095
-0.004814
0.012957
0.026772
0.047290
0.064055
0.069475
0.068722
0.070465
0.075726
0.084916
0.104895
0.122064
0.133517
0.135339
0.131502
0.110099
0.084624
-0.007901
-0.155911
-0.246757
-0.262995
-0.176453
-0.011992
0.164812
0.234502
0.209265
0.095547
-0.047393
-0.157968
-0.177035
-0.144064
-0.093218
-0.033471
-0.005636
0.011222
0.034333
0.070794
0.078651
0.063020
0.007157
-0.076705
-0.146981
-0.164664
-0.129944
-0.058497
0.014189
0.037403
0.017057
-0.029903
-0.079989
-0.105647
-0.097367
-0.072704
-0.048528
-0.029728
-0.022123
-0.024569
-0.021566
-0.015868
-0.011123
-0.004349
0.010119
0.022482
0.043294
0.063353
0.075214
0.075860
0.073706
0.073140
0.078545
0.096232
0.116168
0.134019
0.142165
0.140358
0.122222
0.096162
0.042747
-0.094593
-0.209220
-0.257478
-0.213813
-0.082942
0.100833
0.218197
0.230495
0.156226
0.020309
-0.108556
-0.170361
-0.151410
-0.115431
-0.052969
-0.010125
0.010779
0.030788
0.064765
0.085882
0.076084
0.039124
-0.039461
-0.118645
-0.160730
-0.143487
-0.087876
-0.002703
0.046081
0.033706
-0.008575
-0.064375
-0.104646
-0.102862
-0.071689
-0.043023
-0.021024
-0.011066
-0.017652
-0.023879
-0.017016
-0.007905
-0.001339
0.015068
0.027337
0.039289
0.057973
0.072895
0.075898
0.075308
0.075454
0.080756
0.095528
0.117568
0.130980
0.138408
0.136862
0.125528
0.103376
0.076901
-0.021474
-0.153749
-0.228738
-0.232272
-0.140648
0.022818
0.180193
0.233272
0.198757
0.083239
-0.053038
-0.149279
-0.157816
-0.125148
-0.073717
-0.017498
0.006202
0.022585
0.046012
0.076068
0.079364
0.060289
0.001990
-0.078745
-0.139418
-0.149322
-0.108828
-0.043048
0.020624
0.039304
0.018539
-0.030313
-0.073200
-0.088060
-0.075220
-0.047698
-0.026736
-0.014933
-0.018109
-0.018815
-0.017218
-0.005600
0.004681
0.016651
0.027208
0.038095
0.053207
0.067175
0.075742
0.079367
0.082928
0.086252
0.094795
0.108472
0.124591
0.138472
0.142475
0.141019
0.121676
0.095172
0.012181
-0.127673
-0.220423
-0.240172
-0.164979
-0.012248
0.156285
0.232338
0.215147
0.114271
-0.021356
-0.129738
-0.158824
-0.130620
-0.087545
-0.030281
-0.001300
0.017514
0.041071
0.076732
0.088153
0.073167
0.021217
-0.060210
-0.129046
-0.151536
-0.120437
-0.053945
0.021790
0.047380
0.029929
-0.018468
-0.075223
-0.103268
-0.089677
-0.059013
-0.030349
-0.009383
-0.007773
-0.015989
-0.017948
-0.011223
-0.005758
0.006203
0.021992
0.033875
0.049063
0.067018
0.075619
0.078269
0.080745
0.082760
0.088229
0.101297
0.117607
0.130030
0.140137
0.138973
0.126830
0.102109
0.056462
-0.067140
-0.185466
-0.239235
-0.210899
-0.091963
0.078058
0.203763
0.224463
0.164721
0.038386
-0.085860
-0.155413
-0.144786
-0.111366
-0.056408
-0.012004
0.008422
0.028709
0.058661
0.082803
0.076317
0.043869
-0.027425
-0.105112
-0.150042
-0.141311
-0.090825
-0.021980
0.021421
0.017784
-0.009424
-0.051348
-0.078367
-0.077675
-0.061151
-0.043658
-0.032185
-0.026967
-0.028047
-0.020783
-0.008718
0.005462
0.012571
0.022664
0.028776
0.040304
0.055705
0.069262
0.074041
0.076981
0.077214
0.083320
0.094980
0.114750
0.126514
0.135397
0.131710
0.121714
0.096757
0.060904
-0.050367
-0.176978
-0.238735
-0.226496
-0.119193
0.046511
0.187710
0.220942
0.173791
0.051579
-0.077475
-0.159308
-0.156721
-0.123355
-0.069573
-0.018998
0.001353
0.019237
0.045014
0.072819
0.069719
0.044913
-0.020763
-0.099453
-0.151475
-0.148190
-0.102657
-0.025727
0.041344
0.059657
0.035095
-0.012937
-0.066478
-0.089858
-0.119112
-0.159930
-0.144426
-0.081517
-0.005244
0.064670
0.099584
0.053220
-0.007890
-0.061059
-0.072223
-0.051121
0.029367
0.088492
0.120915
0.119300
0.096129
0.062966
0.062406
0.083181
0.108242
0.130049
0.141224
0.129174
0.104338
0.077344
0.033480
-0.082390
-0.176042
-0.224081
-0.198351
-0.088908
0.069666
0.180324
0.202690
0.147710
0.024152
-0.094128
-0.160621
-0.152074
-0.121237
-0.058952
-0.014573
0.006268
0.025612
0.049972
0.065039
0.056387
0.027179
-0.040380
-0.107918
-0.146156
-0.135608
-0.092672
-0.029411
0.011632
0.008787
-0.016437
-0.056058
-0.082092
-0.084083
-0.068215
-0.052347
-0.040033
-0.032932
-0.031512
-0.025538
-0.015423
-0.002359
0.002664
0.015513
0.023472
0.036447
0.051202
0.064863
0.067737
0.072234
0.073961
0.080674
0.090230
0.108212
0.121943
0.131220
0.129056
0.119015
0.092624
0.056873
-0.049749
-0.176368
-0.238880
-0.227094
-0.122586
0.038963
0.178855
0.213677
0.166668
0.048472
-0.077173
-0.156949
-0.154649
-0.119998
-0.070348
-0.020238
-0.000549
0.017586
0.042606
0.071007
0.068586
0.043507
-0.020191
-0.096625
-0.148706
-0.147137
-0.107482
-0.044620
0.010558
0.016011
-0.011341
-0.051669
-0.085953
-0.093069
-0.075470
-0.051905
-0.037219
-0.028059
-0.027697
-0.027208
-0.021009
-0.006436
0.001822
0.015597
0.028696
0.040898
0.054188
0.067700
0.071761
0.074705
0.075335
0.080418
0.089342
0.109387
0.124707
0.134432
0.132164
0.123411
0.094858
0.060924
-0.045478
-0.176549
-0.241406
-0.230881
-0.127436
0.036967
0.184198
0.220862
0.176296
0.056871
-0.072255
-0.157970
-0.156368
-0.122305
-0.070542
-0.018675
0.002084
0.019253
0.044469
0.072490
0.070319
0.045516
-0.016735
-0.094944
-0.147784
-0.147837
-0.107295
-0.045836
0.010406
0.019856
-0.004221
-0.045633
-0.081948
-0.092240
-0.076845
-0.049477
-0.031450
-0.020718
-0.021303
-0.022899
-0.018873
-0.005558
0.004986
0.019060
0.034608
0.047528
0.061170
0.072615
0.077786
0.078535
0.080515
0.086827
0.096269
0.116103
0.132780
0.142598
0.140732
0.131160
0.102954
0.060250
-0.063850
-0.189496
-0.248444
-0.222909
-0.104085
0.070664
0.205540
0.230164
0.171980
0.041340
-0.087602
-0.162207
-0.152826
-0.117781
-0.061634
-0.015231
0.005543
0.024757
0.053671
0.080179
0.075188
0.045553
-0.024389
-0.102956
-0.150708
-0.142546
-0.094362
-0.019344
0.028980
0.027645
-0.005046
-0.050711
-0.092483
-0.097977
-0.078493
-0.051204
-0.031235
-0.014160
-0.015949
-0.018241
-0.014015
-0.007144
-0.001460
0.013056
0.029950
0.044186
0.064229
0.078929
0.082152
0.082643
0.086217
0.090105
0.099156
0.116820
0.130344
0.142874
0.144286
0.137921
0.111922
0.075159
-0.044653
-0.180014
-0.249556
-0.236055
-0.126226
0.048521
0.197514
0.232756
0.184693
0.058641
-0.074539
-0.159786
-0.155790
-0.123599
-0.070254
-0.020124
0.001269
0.021187
0.051108
0.082744
0.080174
0.055797
-0.013960
-0.096083
-0.152026
-0.149639
-0.107006
-0.028121
0.042660
0.064062
0.041890
0.001072
-0.069586
-0.168136
-0.196682
-0.159001
-0.080376
0.016301
0.093944
0.079294
0.033474
-0.025871
-0.069554
-0.080788
-0.023406
0.038128
0.091067
0.124306
0.124060
0.095655
0.079292
0.078096
0.081678
0.105021
0.128954
0.141263
0.139602
0.135674
0.107283
0.074052
-0.030887
-0.164460
-0.242338
-0.237899
-0.140638
0.025192
0.179984
0.229345
0.190918
0.073059
-0.057862
-0.151407
-0.157928
-0.127429
-0.076428
-0.027036
-0.001449
0.016958
0.043966
0.077436
0.079189
0.056436
-0.008127
-0.090528
-0.150076
-0.155020
-0.112128
-0.048695
0.008215
0.020253
-0.000442
-0.043657
-0.073956
-0.084529
-0.072128
-0.053758
-0.039874
-0.032319
-0.028584
-0.022510
-0.013215
0.000810
0.011663
0.022673
0.034413
0.047090
0.061147
0.072256
0.079136
0.081031
0.083876
0.088547
0.099215
0.113710
0.129320
0.141564
0.144444
0.134328
0.111533
0.048663
-0.104294
-0.224032
-0.272294
-0.220054
-0.074135
0.117668
0.229957
0.234972
0.152681
0.009012
-0.115870
-0.169239
-0.146243
-0.110063
-0.050517
-0.016752
0.001549
0.022863
0.064207
0.087972
0.082280
0.041960
-0.043060
-0.126332
-0.166690
-0.147405
-0.092888
-0.017180
0.030311
0.024247
-0.007412
-0.054032
-0.089131
-0.095016
-0.072306
-0.051972
-0.031599
-0.019379
-0.016149
-0.015799
-0.005317
0.003505
0.011188
0.027648
0.044840
0.058370
0.074220
0.083151
0.085977
0.089559
0.094896
0.098992
0.111464
0.127735
0.143823
0.148751
0.147723
0.124923
0.085682
-0.043650
-0.188189
-0.264127
-0.252218
-0.134412
0.049361
0.205127
0.243697
0.196346
0.062616
-0.072898
-0.162623
-0.158597
-0.128867
-0.072554
-0.024404
-0.002440
0.018538
0.052777
0.088185
0.089544
0.064759
-0.009964
-0.098180
-0.159768
-0.160000
-0.117543
-0.047381
0.018040
0.029437
0.009732
-0.034501
-0.077681
-0.099521
-0.083198
-0.062111
-0.038312
-0.021152
-0.014528
-0.015018
-0.008899
0.002498
0.010184
0.026672
0.045658
0.060883
0.076036
0.090451
0.093145
0.093152
0.095855
0.099345
0.108687
0.126151
0.144269
0.151593
0.153553
0.135092
0.102830
-0.014887
-0.173368
-0.265365
-0.273426
-0.169012
0.014889
0.193465
0.250876
0.219247
0.091480
-0.053128
-0.157871
-0.165890
-0.136561
-0.085094
-0.029967
-0.006680
0.013999
0.046690
0.089001
0.095186
0.077355
0.008585
-0.085636
-0.157625
