0.049128
-0.050243
-0.123436
-0.146323
-0.061278
0.074394
0.254517
0.415192
0.431649
0.349613
0.211525
0.128049
-0.179842
-0.468496
-0.457179
-0.191227
0.265158
0.466941
0.336984
0.056915
-0.197833
-0.247514
-0.225119
-0.195722
-0.103434
-0.005699
0.130638
0.166042
0.031395
-0.159718
-0.305709
-0.243037
-0.075565
0.050794
0.085159
-0.001162
-0.092285
-0.143254
-0.116323
0.006352
0.156410
0.338140
0.427138
0.400870
0.293578
0.205222
-0.004059
-0.369922
-0.514345
-0.368605
0.058285
0.427327
0.444072
0.201475
-0.099044
-0.240255
-0.224957
-0.210478
-0.141111
-0.084568
0.061008
0.173513
0.127812
-0.042459
-0.253481
-0.301870
-0.165049
-0.007525
0.093330
0.044039
-0.048558
-0.118721
-0.125916
-0.055532
0.060439
0.228507
0.391524
0.435319
0.363916
0.218960
0.137283
-0.200768
-0.459623
-0.446991
-0.184404
0.269884
0.444129
0.333415
0.069864
-0.182400
-0.221635
-0.236782
-0.205002
-0.119710
-0.016579
0.151656
0.176656
0.054453
-0.147449
-0.303694
-0.240455
-0.096953
0.045105
0.085888
0.019917
-0.060731
-0.129523
-0.124586
-0.030655
0.116747
0.325035
0.435043
0.422242
0.275993
0.179924
-0.023154
-0.350259
-0.464097
-0.336845
0.045076
0.384168
0.399801
0.200680
-0.084146
-0.220188
-0.219946
-0.216510
-0.140214
-0.070818
0.064188
0.166099
0.110152
-0.047604
-0.240024
-0.281419
-0.161844
-0.012554
0.090750
0.064154
-0.032426
-0.117023
-0.153112
-0.085373
0.039813
0.221615
0.393486
0.427736
0.368981
0.228545
0.121541
-0.213405
-0.480069
-0.447823
-0.161061
0.283838
0.453346
0.309628
0.034692
-0.199198
-0.223016
-0.222013
-0.175962
-0.114672
-0.010484
0.136800
0.156620
0.041177
-0.160010
-0.300151
-0.235652
-0.088216
0.063469
0.102136
0.024145
-0.069629
-0.144787
-0.128861
-0.024168
0.130149
0.324639
0.419437
0.418741
0.290918
0.173806
-0.093924
-0.426427
-0.474355
-0.280571
0.130834
0.415536
0.373550
0.152279
-0.116099
-0.231752
-0.225416
-0.217930
-0.130833
-0.044217
0.085960
0.166731
0.077695
-0.094037
-0.257846
-0.262015
-0.111334
0.024002
0.092298
0.034431
-0.059007
-0.115889
-0.130088
-0.058748
0.064404
0.245013
0.406964
0.435588
0.315764
0.203762
0.017583
-0.307699
-0.446091
-0.372920
-0.027071
0.317114
0.391526
0.250065
-0.023044
-0.183015
-0.215512
-0.236011
-0.164790
-0.098401
0.045559
0.150655
0.124350
-0.015835
-0.201971
-0.270420
-0.188288
-0.054214
0.068049
0.079663
0.012035
-0.085849
-0.141369
-0.106886
0.011376
0.186098
0.367042
0.422780
0.374991
0.253042
0.127231
-0.208493
-0.466768
-0.457570
-0.161925
0.258483
0.433694
0.322805
0.062098
-0.164522
-0.216220
-0.240598
-0.202980
-0.119308
0.003066
0.150498
0.155685
0.027527
-0.162709
-0.281855
-0.210025
-0.078039
0.051368
0.085718
0.020217
-0.065329
-0.131687
-0.115832
-0.003686
0.154803
0.337423
0.402697
0.360986
0.253529
0.181485
-0.064204
-0.378900
-0.475712
-0.280816
0.132301
0.418266
0.368920
0.134447
-0.125549
-0.214279
-0.203205
-0.190646
-0.139234
-0.053475
0.077475
0.172365
0.090152
-0.081416
-0.252980
-0.258680
-0.126850
0.026769
0.098609
0.062261
-0.051723
-0.127457
-0.140635
-0.044160
0.103750
0.295032
0.406760
0.412114
0.283193
0.196371
-0.020745
-0.338713
-0.466201
-0.333806
0.056259
0.386174
0.398753
0.197643
-0.094574
-0.209070
-0.226228
-0.200518
-0.135824
-0.065201
0.068194
0.162022
0.110759
-0.051958
-0.244000
-0.272275
-0.153483
0.014848
0.110311
0.065708
-0.038447
-0.125688
-0.140175
-0.048791
0.080637
0.253352
0.383936
0.411145
0.322906
0.230686
0.049270
-0.305878
-0.478741
-0.390854
-0.024337
0.348748
0.420389
0.251514
-0.023219
-0.203318
-0.226537
-0.224116
-0.170389
-0.088204
0.036608
0.165889
0.144467
-0.007312
-0.208467
-0.295378
-0.199745
-0.037803
0.086984
0.096120
0.004594
-0.089025
-0.143240
-0.083903
0.046199
0.211496
0.366683
0.414122
0.342689
0.234121
0.081021
-0.262466
-0.461787
-0.412869
-0.089046
0.302344
0.417061
0.281541
0.013250
-0.188766
-0.212917
-0.233414
-0.178586
-0.106203
0.015836
0.157219
0.138883
0.005085
-0.189042
-0.281316
-0.193764
-0.055203
0.067995
0.079636
-0.002697
-0.083455
-0.136137
-0.082613
0.036537
0.203345
0.358190
0.393564
0.346358
0.251036
0.112943
-0.229694
-0.477801
-0.442006
-0.124719
0.287439
0.443462
0.298619
0.031506
-0.185358
-0.226428
-0.237190
-0.195842
-0.116688
0.003549
0.152808
0.163937
0.026969
-0.186039
-0.297936
-0.217072
-0.056914
0.070113
0.087575
-0.000663
-0.078693
-0.133648
-0.091937
0.024432
0.179296
0.345927
0.416746
0.365257
0.255950
0.103155
-0.224371
-0.446626
-0.423191
-0.142475
0.247867
0.397670
0.299449
0.062037
-0.154193
-0.212028
-0.232949
-0.200669
-0.111712
-0.007769
0.133959
0.149118
0.027162
-0.154301
-0.277274
-0.219340
-0.074744
0.051142
0.091359
0.014798
-0.069432
-0.130416
-0.105355
0.020270
0.171326
0.338336
0.415280
0.365189
0.259964
0.126172
-0.192415
-0.448038
-0.446179
-0.165985
0.244878
0.426799
0.323239
0.062364
-0.167645
-0.215869
-0.227773
-0.193641
-0.122109
-0.010832
0.131749
0.154922
0.038517
-0.147324
-0.271457
-0.220971
-0.095864
0.034950
0.079463
0.025714
-0.051017
-0.113018
-0.093413
0.008045
0.151842
0.331510
0.403647
0.368933
0.264223
0.159305
-0.148092
-0.429310
-0.460456
-0.210566
0.208523
0.424612
0.333510
0.088104
-0.146640
-0.203393
-0.217474
-0.198759
-0.147006
-0.035524
0.116209
0.176668
0.072469
-0.134550
-0.284688
-0.249735
-0.100280
0.042174
0.083509
0.031056
-0.051057
-0.102560
-0.107758
-0.022373
0.121534
0.329784
0.441485
0.402884
0.267598
0.142858
-0.145676
-0.401107
-0.452088
-0.235342
0.162545
0.403547
0.360789
0.127611
-0.135865
-0.222882
-0.235540
-0.201248
-0.115326
-0.036417
0.102927
0.145632
0.061882
-0.108888
-0.262309
-0.243611
-0.121547
0.018165
0.092024
0.040789
-0.046125
-0.125775
-0.129770
-0.023588
0.124662
0.312133
0.402333
0.387849
0.281517
0.191908
-0.047202
-0.395089
-0.479989
-0.312544
0.109785
0.413775
0.380576
0.161730
-0.116739
-0.221339
-0.215615
-0.222224
-0.143757
-0.066174
0.083259
0.170556
0.089318
-0.083006
-0.262984
-0.270202
-0.133936
0.006829
0.084579
0.038149
-0.045834
-0.105918
-0.124456
-0.046020
0.076733
0.262346
0.400033
0.422793
0.310229
0.200679
0.002664
-0.326377
-0.463876
-0.362355
0.008752
0.346769
0.409832
0.222020
-0.055596
-0.226517
-0.230909
-0.227041
-0.156117
-0.067887
0.052593
0.150341
0.101408
-0.051773
-0.226722
-0.273784
-0.169510
-0.033175
0.060453
0.058828
-0.017888
-0.088301
-0.121676
-0.062226
0.058067
0.228431
0.376617
0.406884
0.328732
0.226964
0.086822
-0.237849
-0.466966
-0.440906
-0.110691
0.297161
0.446718
0.297992
0.010515
-0.208862
-0.238251
-0.224906
-0.166086
-0.110940
0.002448
0.124030
0.148562
0.016903
-0.180824
-0.291920
-0.222328
-0.064783
0.064031
0.070016
-0.011261
-0.096263
-0.115338
-0.061370
0.049261
0.189958
0.356833
0.431302
0.363492
0.242634
0.110219
-0.214206
-0.434577
-0.444444
-0.154752
0.246996
0.416677
0.325423
0.067316
-0.168899
-0.237434
-0.246885
-0.193344
-0.105518
0.007599
0.127690
0.140479
0.026592
-0.157949
-0.275429
-0.230740
-0.093796
0.037353
0.072846
0.020248
-0.056267
-0.106482
-0.084990
0.013571
0.163527
0.341697
0.421042
0.387970
0.258910
0.140357
-0.169228
-0.436323
-0.450427
-0.194242
0.214309
0.414941
0.324617
0.085169
-0.156978
-0.219390
-0.217365
-0.202157
-0.118364
-0.030669
0.111241
0.155039
0.043625
-0.133938
-0.263854
-0.231200
-0.086581
0.020356
0.059628
-0.001938
-0.063443
-0.087242
-0.060505
0.029523
0.164820
0.326129
0.398384
0.371596
0.258441
0.144083
-0.140366
-0.421031
-0.434101
-0.211715
0.192028
0.398229
0.322281
0.098183
-0.139224
-0.212397
-0.215839
-0.208514
-0.121336
-0.032561
0.110938
0.146469
0.043942
-0.132608
-0.260984
-0.222693
-0.090123
0.019985
0.058004
0.003188
-0.053807
-0.092087
-0.068354
0.021639
0.159454
0.325809
0.415643
0.368931
0.265227
0.120945
-0.193963
-0.421469
-0.433360
-0.155762
0.228999
0.403108
0.306110
0.053058
-0.169348
-0.224648
-0.220378
-0.175240
-0.103258
-0.001767
0.108258
0.124006
0.013975
-0.154607
-0.255062
-0.206254
-0.070922
0.038387
0.054448
-0.007683
-0.070902
-0.096718
-0.057986
0.041333
0.186755
0.344836
0.419506
0.349334
0.243865
0.095153
-0.228417
-0.433619
-0.426791
-0.119852
0.268154
0.408803
0.298091
0.026933
-0.178228
-0.224808
-0.224705
-0.176387
-0.104680
0.003681
0.128136
0.127460
0.010685
-0.171854
-0.259437
-0.198164
-0.063604
0.035685
0.052556
-0.009286
-0.063925
-0.089215
-0.040898
0.069146
0.227721
0.368679
0.399961
0.313523
0.222693
0.027275
-0.280949
-0.437463
-0.365857
-0.012089
0.315100
0.393565
0.232678
-0.037861
-0.192232
-0.215773
-0.211133
-0.151392
-0.088933
0.031429
0.125209
0.110031
-0.023717
-0.193496
-0.253864
-0.174898
-0.037542
0.062650
0.048748
-0.022438
-0.082345
-0.083197
-0.000382
0.120751
0.270417
0.372115
0.380662
0.295196
0.209420
-0.074107
-0.365210
-0.451468
-0.266198
0.128202
0.370844
0.350852
0.139424
-0.106342
-0.197962
-0.211716
-0.199775
-0.134246
-0.057237
0.082951
0.137504
0.067408
-0.091420
-0.236832
-0.227577
-0.115063
0.007587
0.061437
0.018582
-0.038547
-0.084752
-0.067344
0.017477
0.147038
0.310997
0.400051
0.355506
0.274053
0.161632
-0.146753
-0.397722
-0.437985
-0.198062
0.193762
0.385775
0.326178
0.092358
-0.133604
-0.206219
-0.216749
-0.185894
-0.123356
-0.029745
0.095316
0.129394
0.047504
-0.122023
-0.237702
-0.211063
-0.095111
0.025230
0.054385
0.010678
-0.051343
-0.087236
-0.035161
0.056953
0.201852
0.333812
0.385475
0.334521
0.263377
0.088201
-0.261783
-0.449736
-0.389759
-0.046502
0.304589
0.386506
0.245474
-0.012478
-0.176481
-0.198843
-0.209747
-0.176073
-0.098309
0.024405
0.137205
0.114878
-0.026925
-0.193089
-0.250906
-0.164958
-0.038002
0.045274
0.041320
-0.021023
-0.071538
-0.080422
-0.015195
0.094657
0.254173
0.368443
0.386716
0.303477
0.210716
-0.024439
-0.327330
-0.450195
-0.307329
0.054397
0.340878
0.366260
0.185542
-0.060178
-0.187632
-0.217731
-0.205901
-0.167576
-0.069136
0.061542
0.136937
0.092928
-0.073715
-0.216585
-0.238374
-0.142163
-0.013848
0.039045
0.020961
-0.036540
-0.080993
-0.056321
0.020655
0.136716
0.284419
0.372935
0.377151
0.282845
0.162013
-0.150885
-0.395192
-0.418231
-0.188774
0.173440
0.355393
0.296635
0.093105
-0.120077
-0.191483
-0.209229
-0.197957
-0.123228
-0.032746
0.098728
0.125462
0.024193
-0.135361
-0.243722
-0.197564
-0.080566
0.016348
0.041294
-0.009602
-0.062521
-0.094721
-0.066766
0.032983
0.170129
0.322250
0.390117
0.350923
0.260165
0.128466
-0.189789
-0.426034
-0.425406
-0.150950
0.238240
0.385485
0.292962
0.041596
-0.161638
-0.211947
-0.220334
-0.183507
-0.107205
0.001453
0.120340
0.111644
0.002947
-0.168897
-0.251007
-0.188553
-0.064530
0.038009
0.042998
-0.015461
-0.074227
-0.105289
-0.050773
0.050182
0.195802
0.339215
0.390172
0.342483
0.257340
0.088676
-0.240946
-0.460912
-0.417627
-0.091910
0.283967
0.406770
0.270789
0.009902
-0.184135
-0.222457
-0.216650
-0.181473
-0.096941
0.012555
0.133940
0.124046
-0.005561
-0.181626
-0.264058
-0.192316
-0.052889
0.040073
0.052554
-0.015266
-0.068573
-0.095456
-0.051114
0.048197
0.202395
0.341392
0.412215
0.330834
0.259663
0.051137
-0.287836
-0.447529
-0.395182
-0.037976
0.298180
0.384620
0.250633
-0.009039
-0.174474
-0.210377
-0.225574
-0.173005
-0.100330
0.035283
0.140772
0.112741
-0.019767
-0.202178
-0.251894
-0.168222
-0.041348
0.049786
0.034918
-0.023352
-0.074258
-0.103595
-0.043213
0.052268
0.222188
0.364997
0.391819
0.328580
0.242133
0.055659
-0.294724
-0.470905
-0.390694
-0.021582
0.325320
0.404103
0.222452
-0.032579
-0.194097
-0.193794
-0.203867
-0.171777
-0.102425
0.028262
0.151944
0.125706
-0.036639
-0.215566
-0.264634
-0.148149
-0.015336
0.056643
0.035883
-0.030340
-0.078717
-0.096970
-0.046280
0.060710
0.207021
0.355131
0.391385
0.341853
0.259635
0.046401
-0.323204
-0.481084
-0.389871
0.000838
0.336978
0.395825
0.230748
-0.030530
-0.185257
-0.217201
-0.235040
-0.168630
-0.073765
0.059130
0.161540
0.100999
-0.045661
-0.216414
-0.255478
-0.150394
-0.033742
0.050980
0.039589
-0.013798
-0.063100
-0.102812
-0.056076
0.047617
0.208655
0.377135
0.395859
0.324237
0.218121
0.035740
-0.284409
-0.446448
-0.364076
-0.025418
0.313317
0.381289
0.229680
-0.023489
-0.186234
-0.210815
-0.219995
-0.167634
-0.072289
0.048128
0.153138
0.104306
-0.040896
-0.205114
-0.258303
-0.159332
-0.035547
0.049212
0.048374
-0.011258
-0.067960
-0.107060
-0.069497
0.042611
0.209149
0.366525
0.399191
0.319313
0.224510
0.051080
-0.280278
-0.449634
-0.385872
-0.036995
0.314734
0.395724
0.240156
-0.026346
-0.200568
-0.222303
-0.200296
-0.150626
-0.076496
0.034955
0.137449
0.113549
-0.024389
-0.200828
-0.259402
-0.164763
-0.028382
0.060213
0.043032
-0.013471
-0.073681
-0.101544
-0.070625
0.025505
0.181750
0.343564
0.389079
0.319394
0.202984
0.076413
-0.208210
-0.394334
-0.362018
-0.102339
0.243094
0.358001
0.255551
0.026954
-0.169072
-0.203538
-0.201099
-0.149559
-0.081365
0.004168
0.110297
0.111795
0.006770
-0.153674
-0.253722
-0.180857
-0.060050
0.046112
0.058845
-0.000962
-0.060195
-0.100080
-0.073187
0.013719
0.148589
0.318913
0.380403
0.337836
0.240024
0.109921
-0.195072
-0.400816
-0.396005
-0.126018
0.225635
0.371477
0.267289
0.036935
-0.154385
-0.202234
-0.199079
-0.158598
-0.094952
-0.000114
0.112536
0.121428
0.013967
-0.153759
-0.253417
-0.188604
-0.058902
0.049844
0.056762
-0.002327
-0.061981
-0.095059
-0.083281
-0.006886
0.115117
0.288481
0.381726
0.347565
0.259665
0.140084
-0.148696
-0.380570
-0.426372
-0.183510
0.177189
0.372860
0.303451
0.089982
-0.128645
-0.199255
-0.217636
-0.190860
-0.117432
-0.008938
0.113324
0.141148
0.034933
-0.135762
-0.254413
-0.205223
-0.077506
0.042605
0.063853
0.017501
-0.052045
-0.101181
-0.102720
-0.032840
0.110153
0.296970
0.381949
0.352292
0.216590
0.143433
-0.093696
-0.322969
-0.407982
-0.241572
0.120979
0.354974
0.337449
0.119861
-0.129472
-0.211170
-0.205612
-0.162101
-0.089344
-0.040390
0.065903
0.111749
0.056162
-0.080701
-0.226527
-0.216535
-0.114354
0.014521
0.069273
0.030787
-0.035121
-0.092254
-0.100284
-0.040402
0.069067
0.238247
0.343611
0.351607
0.272792
0.211918
0.033549
-0.289462
-0.433561
-0.344719
0.020573
0.338276
0.374981
0.190996
-0.069037
-0.199838
-0.187523
-0.188747
-0.132413
-0.078635
0.041731
0.148274
0.104551
-0.039107
-0.220170
-0.255129
-0.133671
-0.005147
0.072833
0.037572
-0.028660
-0.070817
-0.094389
-0.046616
0.034950
0.188098
0.325489
0.372676
0.308519
0.208666
0.040334
-0.244182
-0.401377
-0.321050
-0.027658
0.276334
0.351256
0.200403
-0.013150
-0.170663
-0.188424
-0.180269
-0.141517
-0.065524
0.024612
0.112791
0.098583
-0.025266
-0.166783
-0.232534
-0.159300
-0.038796
0.052700
0.063800
0.004766
-0.065432
-0.108843
-0.081033
0.024342
0.170457
0.321138
0.368684
0.319133
0.228955
0.098432
-0.192992
-0.385760
-0.377892
-0.097003
0.242442
0.368785
0.257105
0.023214
-0.161832
-0.192258
-0.183018
-0.142631
-0.089729
0.002103
0.116946
0.121108
0.011802
-0.155950
-0.245874
-0.167446
-0.045500
0.053535
0.053952
-0.000199
-0.049291
-0.088850
-0.077464
-0.006634
0.117922
0.290575
0.362880
0.356164
0.249244
0.150946
-0.128730
-0.374094
-0.399533
-0.179864
0.182356
0.364885
0.290097
0.080882
-0.128716
-0.178138
-0.184913
-0.159607
-0.113899
-0.026210
0.101863
0.133445
0.049916
-0.119877
-0.239466
-0.192488
-0.071587
0.042870
0.058681
0.006005
-0.040252
-0.079580
-0.077456
-0.031658
0.076642
0.240217
0.349500
0.365316
0.257334
0.166831
-0.028030
-0.303422
-0.376344
-0.265104
0.066579
0.318479
0.319932
0.150854
-0.071607
-0.181267
-0.174924
-0.173968
-0.108862
-0.053088
0.049879
0.125439
0.067194
-0.058370
-0.204373
-0.216688
-0.104988
0.010490
0.074884
0.034259
-0.032673
-0.079133
-0.092640
-0.031502
0.068418
0.218259
0.333679
0.342971
0.273730
0.204222
0.014915
-0.274230
-0.408844
-0.300981
0.031565
0.319943
0.345098
0.175547
-0.055738
-0.181262
-0.177829
-0.173561
-0.122544
-0.053581
0.040442
0.131998
0.077596
-0.052505
-0.199563
-0.226217
-0.115348
0.001001
0.070016
0.045766
-0.021567
-0.065981
-0.100499
-0.057157
0.034600
0.191538
0.327026
0.352863
0.270363
0.171561
0.065037
-0.160854
-0.335807
-0.329955
-0.083862
0.212631
0.344464
0.230875
0.014443
-0.157886
-0.194520
-0.161279
-0.121136
-0.070517
0.010624
0.084016
0.099569
-0.006289
-0.146719
-0.220490
-0.150541
-0.029311
0.056751
0.046988
-0.013070
-0.067528
-0.086802
-0.060143
0.012171
0.129687
0.279017
0.344934
0.315550
0.215938
0.118007
-0.109972
-0.324118
-0.352304
-0.152436
0.163526
0.334738
0.263234
0.065293
-0.130522
-0.185269
-0.171710
-0.136603
-0.074768
-0.012073
0.074636
0.100852
0.016223
-0.115095
-0.221599
-0.177753
-0.057724
0.050777
0.073368
0.007135
-0.064960
-0.108419
-0.093590
-0.012525
0.091967
0.241147
0.323872
0.335454
0.248951
0.164630
-0.002353
-0.274199
-0.377454
-0.258599
0.061131
0.319628
0.307866
0.125808
-0.088871
-0.179943
-0.156808
-0.146531
-0.104051
-0.054479
0.043654
0.115653
0.062306
-0.069993
-0.210015
-0.215662
-0.103882
0.015322
0.069979
0.031859
-0.031150
-0.082775
-0.102944
-0.057962
0.029154
0.178757
0.309745
0.343167
0.275975
0.189817
0.088307
-0.138613
-0.348239
-0.340693
-0.120515
0.203956
0.335739
0.233678
0.019168
-0.148685
-0.180558
-0.154997
-0.136583
-0.079159
-0.009935
0.085552
0.099624
-0.000695
-0.143635
-0.226655
-0.164770
-0.039728
0.041261
0.047068
-0.011963
-0.058987
-0.087071
-0.076711
-0.013825
0.087142
0.227961
0.330272
0.317174
0.229763
0.156640
0.012804
-0.245751
-0.370687
-0.283352
0.004395
0.280075
0.312844
0.156043
-0.051088
-0.174476
-0.162921
-0.166534
-0.120525
-0.065385
0.022372
0.107298
0.065806
-0.050645
-0.187717
-0.219601
-0.115331
-0.006114
0.059046
0.030073
-0.034054
-0.083729
-0.097147
-0.049082
0.042694
0.173491
0.296477
0.331042
0.282359
0.197709
0.090729
-0.185901
-0.368074
-0.349797
-0.088377
0.225808
0.334285
0.215758
0.004270
-0.163905
-0.173471
-0.167644
-0.135902
-0.086981
-0.006477
0.099061
0.096937
-0.012307
-0.160534
-0.239675
-0.153463
-0.039484
0.048986
0.043855
-0.012261
-0.061211
-0.100322
-0.082996
-0.004893
0.111697
0.265880
0.335966
0.315744
0.231222
0.132884
-0.038251
-0.305050
-0.379406
-0.235756
0.071007
0.313296
0.294860
0.112842
-0.089658
-0.189223
-0.166484
-0.161021
-0.105574
-0.051205
0.038113
0.107662
0.046470
-0.076667
-0.205023
-0.205583
-0.098473
-0.001430
0.045285
0.014662
-0.041857
-0.070764
-0.088566
-0.045390
0.045711
0.183280
0.314393
0.332185
0.263758
0.188061
0.092383
-0.176418
-0.367397
-0.359699
-0.109870
0.223186
0.341720
0.232423
0.008468
-0.158781
-0.184931
-0.170914
-0.145854
-0.099476
-0.008629
0.097468
0.106266
-0.003799
-0.164924
-0.236964
-0.163111
-0.040879
0.042115
0.034005
-0.008504
-0.059161
-0.090435
-0.070053
-0.002757
0.123349
0.270767
0.340000
0.315269
0.224815
0.144511
-0.067809
-0.319361
-0.386859
-0.226012
0.116957
0.326999
0.295684
0.088860
-0.119154
-0.191490
-0.174212
-0.149321
-0.104666
-0.048536
0.057774
0.103987
0.044285
-0.097099
-0.221902
-0.201818
-0.088830
0.021607
0.055468
0.003888
-0.051424
-0.098425
-0.087324
-0.017220
0.092831
0.237862
0.325267
0.341880
0.246429
0.150718
0.012846
-0.253723
-0.343083
-0.285593
-0.004109
0.260265
0.309636
0.178536
-0.037866
-0.181201
-0.180390
-0.175459
-0.120889
-0.067607
0.023247
0.103562
0.073582
-0.045721
-0.184273
-0.226193
-0.130013
-0.018211
0.053197
0.026476
-0.028988
-0.081176
-0.092988
-0.050375
0.042802
0.170697
0.303365
0.341858
0.298205
0.190099
0.106749
-0.124614
-0.345995
-0.363104
-0.158500
0.175964
0.342247
0.256911
0.052856
-0.145774
-0.188266
-0.176023
-0.145865
-0.099443
-0.017805
0.082422
0.100028
0.012019
-0.135626
-0.231798
-0.175536
-0.058953
0.038608
0.040946
-0.009409
-0.062749
-0.084712
-0.057547
0.013461
0.116071
0.251884
0.341154
0.338377
0.249234
0.163296
-0.068918
-0.324715
-0.398113
-0.236158
0.104208
0.329617
0.309521
0.117893
-0.096832
-0.182467
-0.188567
-0.162521
-0.121768
-0.045797
0.061189
0.110767
0.053759
-0.089995
-0.209421
-0.197039
-0.096264
0.014119
0.040261
0.005691
-0.046836
-0.077517
-0.058766
0.001061
0.103619
0.235915
0.335027
0.345396
0.267150
0.207640
-0.004324
-0.297165
-0.426139
-0.310898
0.055256
0.336361
0.353746
0.162382
-0.080994
-0.179749
-0.174431
-0.164629
-0.133951
-0.085095
0.037386
0.123025
0.088270
-0.047159
-0.202683
-0.215111
-0.118885
0.000897
0.045363
0.019775
-0.028930
-0.059817
-0.057255
-0.007523
0.084740
0.227162
0.326627
0.355503
0.283058
0.199914
0.012032
-0.285411
-0.395435
-0.297201
0.029236
0.309237
0.332575
0.181851
-0.048755
-0.167121
-0.182429
-0.174149
-0.126267
-0.071767
0.038202
0.112749
0.078204
-0.042105
-0.184445
-0.212616
-0.115511
-0.002284
0.055893
0.025800
-0.035050
-0.068982
-0.054617
0.012486
0.118096
0.240764
0.325693
0.343309
0.274054
0.201633
-0.024495
-0.294958
-0.400934
-0.262688
0.075075
0.317567
0.323395
0.143018
-0.067504
-0.161514
-0.175196
-0.156419
-0.123251
-0.064366
0.040790
0.104592
0.078602
-0.053965
-0.185112
-0.198201
-0.111389
0.008256
0.049008
0.018156
-0.035398
-0.068499
-0.045634
0.010103
0.111061
0.250620
0.338457
0.353333
0.279456
0.196752
-0.063445
-0.333961
-0.408284
-0.239666
0.115829
0.336058
0.315220
0.131544
-0.076906
-0.161586
-0.170771
-0.169180
-0.141962
-0.061463
0.061503
0.128821
0.077834
-0.076461
-0.201201
-0.198672
-0.096137
0.011365
0.038440
0.013343
-0.031010
-0.055865
-0.038021
0.013062
0.114363
0.250508
0.344980
0.348348
0.281839
0.187775
-0.100700
-0.367656
-0.405730
-0.211672
0.161599
0.348130
0.295510
0.100899
-0.100519
-0.167346
-0.177530
-0.174321
-0.129305
-0.041160
0.079238
0.121078
0.046436
-0.106987
-0.210842
-0.184336
-0.073812
0.018560
0.039893
0.000862
-0.042904
-0.059384
-0.030455
0.037996
0.143557
0.268800
0.348082
0.333798
0.275479
0.117632
-0.200253
-0.411402
-0.375541
-0.095305
0.239618
0.344060
0.237031
0.023181
-0.125608
-0.170054
-0.175235
-0.173746
-0.119873
-0.011899
0.102749
0.111623
0.006281
-0.149126
-0.212471
-0.160698
-0.049942
0.017957
0.024815
-0.001421
-0.036308
-0.062083
-0.035698
0.034728
0.173707
0.297742
0.352306
0.299187
0.229866
0.077497
-0.212766
-0.405640
-0.357927
-0.075751
0.250265
0.345494
0.223071
0.003948
-0.152193
-0.181815
-0.181043
-0.164691
-0.090196
-0.012832
0.097957
0.091303
-0.014468
-0.153593
-0.220559
-0.155204
-0.041080
0.024912
0.034080
-0.022201
-0.060611
-0.071073
-0.034809
0.057918
0.186173
0.296980
0.331826
0.287465
0.250634
0.074429
-0.258435
-0.446441
-0.384222
-0.037235
0.286592
0.357465
0.201946
-0.027796
-0.151203
-0.168268
-0.189968
-0.172457
-0.133806
-0.006424
0.120172
0.113496
-0.006503
-0.189896
-0.243194
-0.157066
-0.037249
0.038917
0.015123
-0.029299
-0.061491
-0.070864
-0.024837
0.039673
0.182358
0.306764
0.349593
0.289619
0.212917
0.040921
-0.277936
-0.417553
-0.348028
-0.036186
0.279322
0.330017
0.203247
-0.022747
-0.162543
-0.190058
-0.200555
-0.169849
-0.100815
0.002395
0.106519
0.087979
-0.025944
-0.181340
-0.234666
-0.161769
-0.046477
0.025936
0.026454
-0.020254
-0.063093
-0.079344
-0.043221
0.039923
0.181908
0.302323
0.338460
0.292068
0.232067
0.054582
-0.265687
-0.434400
-0.374425
-0.049335
0.275038
0.351444
0.213694
-0.023637
-0.168103
-0.189843
-0.199809
-0.171718
-0.109229
-0.002546
0.116063
0.103848
-0.016870
-0.179596
-0.245729
-0.166861
-0.055684
0.027704
0.036143
-0.013698
-0.060214
-0.086667
-0.053850
0.030989
0.162842
0.305294
0.361519
0.304117
0.227826
0.073654
-0.256223
-0.425523
-0.375537
-0.074718
0.264578
0.345685
0.223107
-0.008704
-0.157145
-0.174937
-0.189735
-0.173959
-0.121466
-0.008868
0.112509
0.108645
-0.012010
-0.173938
-0.237254
-0.159081
-0.055316
0.022405
0.022723
-0.011804
-0.053138
-0.079343
-0.059631
0.020402
0.151621
0.303114
0.367814
0.338242
0.245304
0.091248
-0.241470
-0.430252
-0.385270
-0.101545
0.248365
0.354871
0.246768
0.028346
-0.148161
-0.188805
-0.206177
-0.184401
-0.104561
-0.002750
0.118790
0.113610
-0.007355
-0.161045
-0.243732
-0.171558
-0.060241
0.026405
0.038413
-0.002161
-0.046474
-0.074829
-0.074923
-0.002527
0.118402
0.286704
0.371994
0.349521
0.248023
0.132627
-0.149954
-0.380665
-0.403616
-0.180258
0.169940
0.355704
0.287521
0.080165
-0.130363
-0.190570
-0.191916
-0.156066
-0.112514
-0.035506
0.071262
0.119098
0.047284
-0.106544
-0.227008
-0.206753
-0.093166
0.019319
0.047011
0.018679
-0.032962
-0.072465
-0.078563
-0.031389
0.081038
0.244195
0.354250
0.370712
0.277992
0.193208
-0.025521
-0.324255
-0.421473
-0.290008
0.066657
0.340913
0.338844
0.158078
-0.079692
-0.182542
-0.183132
-0.178270
-0.120935
-0.066558
0.049482
0.125109
0.077675
-0.052457
-0.204096
-0.221685
-0.122550
-0.011677
0.055487
0.030883
-0.017438
-0.067647
-0.088702
-0.045140
0.044191
0.197180
0.326727
0.379973
0.327669
0.211484
0.089674
-0.237581
-0.399974
-0.359233
-0.077898
0.270832
0.355939
0.233276
0.014792
-0.161034
-0.167452
-0.185971
-0.157839
-0.093482
0.003544
0.129369
0.112300
-0.004539
-0.164158
-0.238349
-0.151877
-0.041755
0.045570
0.044745
-0.005299
-0.052914
-0.085729
-0.069389
0.010155
0.134283
0.288582
0.367819
0.353887
0.259976
0.163660
-0.092284
-0.373040
-0.403386
-0.207095
0.152640
0.366970
0.293217
0.098554
-0.111158
-0.166557
-0.163790
-0.169191
-0.119698
-0.054326
0.076878
0.133922
0.054197
-0.095594
-0.225493
-0.195280
-0.078168
0.023943
0.058166
0.008289
-0.036768
-0.078662
-0.088506
-0.032939
0.079017
0.235733
0.355379
0.378303
0.297961
0.197181
0.033287
-0.292963
-0.414656
-0.316226
0.015916
0.327295
0.361510
0.187041
-0.044885
-0.194076
-0.174815
-0.171690
-0.124558
-0.067491
0.023101
0.130104
0.096486
-0.028578
-0.181852
-0.235031
-0.135553
-0.016542
0.060877
0.045067
-0.019603
-0.074718
-0.101520
-0.068736
0.024372
0.147770
0.305526
0.376297
0.349270
0.257910
0.156170
-0.118748
-0.376889
-0.411224
-0.197945
0.183614
0.371538
0.309328
0.081264
-0.125125
-0.189975
-0.162940
-0.163805
-0.105222
-0.038451
0.078038
0.140092
0.047292
-0.099812
-0.232195
-0.202448
-0.069103
0.033499
0.061717
0.003640
-0.059887
-0.089984
-0.086399
-0.023405
0.081894
0.227788
0.342107
0.357895
0.284413
0.202931
0.057835
-0.249595
-0.385235
-0.325147
-0.011467
0.292103
0.338305
0.190087
-0.036621
-0.168128
-0.163656
-0.154151
-0.116006
-0.082458
0.004963
0.098495
0.086113
-0.023242
-0.169598
-0.220343
-0.127792
-0.019479
0.052186
0.018138
-0.037222
-0.076792
-0.085486
-0.045831
0.029930
0.143047
0.282121
0.355874
0.338699
0.239993
0.172841
-0.099899
-0.354036
-0.402858
-0.212138
0.161665
0.355926
0.297619
0.084917
-0.124280
-0.179319
-0.164330
-0.152894
-0.116145
-0.056606
0.067263
0.126613
0.056343
-0.097034
-0.233042
-0.199722
-0.079207
0.031094
0.050215
-0.004535
-0.057050
-0.086533
-0.079262
-0.016493
0.072122
0.219850
0.333341
0.372943
0.293072
0.201868
0.037104
-0.266317
-0.404129
-0.322865
-0.011969
0.297738
0.346407
0.192873
-0.037647
-0.172527
-0.182710
-0.165192
-0.136674
-0.080701
0.012746
0.105488
0.097238
-0.024454
-0.176918
-0.233046
-0.146076
-0.018229
0.055621
0.032758
-0.029431
-0.082209
-0.088150
-0.054343
0.022003
0.141451
0.278071
0.358497
0.343209
0.237701
0.148087
-0.105641
-0.354614
-0.386324
-0.206719
0.147586
0.340301
0.287055
0.095770
-0.112515
-0.177569
-0.181212
-0.155077
-0.123231
-0.039368
0.067459
0.120712
0.047884
-0.099870
-0.224355
-0.196150
-0.086879
0.025330
0.042635
-0.000121
-0.052130
-0.080525
-0.071682
-0.016791
0.065909
0.201259
0.323668
0.354562
0.288373
0.202514
0.046467
-0.238696
-0.384797
-0.322183
-0.037871
0.256088
0.328006
0.197661
-0.014955
-0.148669
-0.162223
-0.174480
-0.152555
-0.086012
0.002885
0.107756
0.085221
-0.020570
-0.162557
-0.217931
-0.137293
-0.033168
0.036285
0.023134
-0.028211
-0.066940
-0.076530
-0.039632
0.028953
0.128742
0.260127
0.336887
0.325998
0.256494
0.165081
-0.132660
-0.369037
-0.401590
-0.186825
0.176746
0.337953
0.278368
0.072139
-0.119549
-0.150791
-0.181810
-0.164401
-0.138681
-0.054583
0.093304
0.124115
0.054620
-0.116736
-0.231966
-0.183182
-0.081746
0.027657
0.035408
-0.011718
-0.040998
-0.082413
-0.069149
-0.032145
0.064799
0.219785
0.343572
0.365417
0.289913
0.182181
0.007839
-0.305061
-0.417091
-0.297205
0.015672
0.320095
0.334515
0.167677
-0.051472
-0.186567
-0.171693
-0.165511
-0.145252
-0.079184
0.012197
0.123026
0.095913
-0.036021
-0.188539
-0.233047
-0.134236
-0.014108
0.054352
0.030552
-0.033129
-0.078124
-0.092847
-0.052850
0.027536
0.145232
0.292132
0.357092
0.318433
0.210626
0.104064
-0.156416
-0.361445
-0.351515
-0.142719
0.187502
0.330253
0.244182
0.045872
-0.134415
-0.171929
-0.171766
-0.154311
-0.082400
-0.025644
0.080367
0.084547
0.000909
-0.120232
-0.211026
-0.158170
-0.057031
0.024099
0.040407
-0.013284
-0.056052
-0.092318
-0.076552
-0.004639
0.094319
0.235401
0.320049
0.312757
0.260285
0.188167
0.009194
-0.288457
-0.403065
-0.276759
0.047234
0.312625
0.311413
0.137130
-0.063379
-0.176795
-0.165178
-0.159484
-0.125354
-0.067999
0.020745
0.107101
0.074106
-0.046078
-0.181522
-0.217736
-0.117140
-0.004104
0.050973
0.015369
-0.039524
-0.072450
-0.075877
-0.035564
0.044699
0.159294
0.286793
0.329461
0.304327
0.212174
0.115380
-0.148399
-0.368061
-0.359660
-0.138608
0.200304
0.347810
0.241801
0.040795
-0.140457
-0.173959
-0.166654
-0.149600
-0.095487
-0.027019
0.084155
0.096307
0.015240
-0.126882
-0.217740
-0.161231
-0.054917
0.033405
0.041133
-0.011061
-0.056136
-0.083167
-0.065370
-0.009455
0.088575
0.228821
0.324281
0.345040
0.276798
0.198261
-0.004355
-0.320322
-0.418257
-0.291024
0.056148
0.328561
0.322833
0.143099
-0.062801
-0.161644
-0.169290
-0.165939
-0.148531
-0.084882
0.034827
0.128090
0.093513
-0.053750
-0.198921
-0.220074
-0.116286
0.004105
0.045521
0.009629
-0.033378
-0.063792
-0.059448
-0.039298
0.025427
0.145521
0.289147
0.352065
0.318022
0.228618
0.104256
-0.175065
-0.374449
-0.355325
-0.125522
0.201494
0.328675
0.237462
0.042544
-0.119077
-0.165683
-0.176999
-0.155670
-0.118076
-0.026281
0.081264
0.110624
0.019004
-0.121950
-0.211806
-0.161874
-0.060599
0.023680
0.024514
-0.010583
-0.049659
-0.069798
-0.064674
-0.005871
0.100605
0.240666
0.330526
0.329441
0.242939
0.166265
-0.012677
-0.293646
-0.362328
-0.253924
0.057725
0.289814
0.276131
0.124565
-0.067350
-0.150751
-0.149178
-0.146864
-0.126089
-0.072023
0.018790
0.096255
0.060683
-0.056056
-0.179808
-0.191330
-0.104596
-0.009716
0.027624
0.001318
-0.032721
-0.057809
-0.067719
-0.045732
0.018775
0.134997
0.269900
0.331218
0.309797
0.237259
0.149499
-0.090589
-0.367944
-0.394830
-0.207675
0.165205
0.360477
0.294307
0.073507
-0.132548
-0.197527
-0.170934
-0.159024
-0.094807
-0.030822
0.065781
0.112212
0.032093
-0.100591
-0.216338
-0.188599
-0.071010
0.021221
0.047046
0.000458
-0.050199
-0.076844
-0.068023
-0.014028
0.074303
0.206838
0.318502
0.339253
0.282657
0.198628
0.025525
-0.272134
-0.386928
-0.290754
0.011469
0.283074
0.309267
0.162675
-0.040749
-0.152267
-0.165838
-0.153816
-0.127804
-0.074787
0.014837
0.097347
0.081076
-0.033222
-0.166031
-0.204808
-0.121699
-0.015258
0.039540
0.014622
-0.029366
-0.066398
-0.066454
-0.036561
0.034405
0.141611
0.266823
0.326589
0.310437
0.226808
0.145003
-0.096046
-0.340151
-0.372968
-0.182958
0.142868
0.325755
0.263670
0.084063
-0.098932
-0.160147
-0.158039
-0.143334
-0.120103
-0.051457
0.053732
0.111989
0.050678
-0.088871
-0.206010
-0.180738
-0.076634
0.027430
0.039180
-0.005372
-0.053200
-0.076723
-0.063142
-0.009135
0.079755
0.218680
0.320764
0.354921
0.272444
0.185437
-0.004756
-0.290945
-0.380886
-0.273323
0.031501
0.291560
0.294871
0.154007
-0.046321
-0.140084
-0.148778
-0.153298
-0.139496
-0.086580
0.018654
0.104348
0.077579
-0.037647
-0.169258
-0.192184
-0.106057
-0.005904
0.038045
0.004190
-0.039599
-0.065682
-0.068972
-0.030827
0.038018
0.154715
0.285428
0.327704
0.291761
0.198783
0.117553
-0.120001
-0.325556
-0.341235
-0.154880
0.162102
0.310347
0.244756
0.051550
-0.113783
-0.153947
-0.156598
-0.127689
-0.102851
-0.043048
0.058660
0.085723
0.031336
-0.100184
-0.194610
-0.156304
-0.063852
0.027162
0.031565
-0.016610
-0.053571
-0.078874
-0.051792
0.001051
0.087925
0.205498
0.301555
0.314877
0.264732
0.185851
0.022399
-0.259705
-0.377009
-0.267702
0.009413
0.271205
0.285727
0.143444
-0.036843
-0.133171
-0.147476
-0.151114
-0.133021
-0.089290
0.013149
0.094215
0.074793
-0.034963
-0.169319
-0.194074
-0.110435
-0.013243
0.037411
0.003547
-0.032707
-0.064215
-0.061252
-0.032494
0.038088
0.140117
0.265911
0.323483
0.310520
0.226442
0.116621
-0.158356
-0.367092
-0.346312
-0.130084
0.193109
0.314040
0.225883
0.038102
-0.118503
-0.154367
-0.152773
-0.159416
-0.106323
-0.034479
0.073931
0.100428
0.010485
-0.118027
-0.207015
-0.154850
-0.051395
0.022214
0.028615
-0.017824
-0.051565
-0.071055
-0.051115
0.008074
0.107823
0.241091
0.314741
0.317416
0.247244
0.160217
-0.084199
-0.319979
-0.383305
-0.212589
0.111158
0.309639
0.277423
0.095598
-0.091428
-0.158716
-0.161643
-0.152833
-0.134922
-0.049561
0.050228
0.113146
0.048978
-0.092936
-0.202159
-0.187263
-0.083821
0.018649
0.029438
-0.001656
-0.047778
-0.067154
-0.059098
-0.021109
0.063850
0.191889
0.301708
0.335025
0.269975
0.190642
0.016258
-0.263119
-0.381944
-0.288812
0.005695
0.270650
0.300183
0.159877
-0.037298
-0.146269
-0.166490
-0.149800
-0.133989
-0.090389
0.006530
0.090114
0.079343
-0.028886
-0.164621
-0.199438
-0.124555
-0.012137
0.035438
0.007687
-0.037569
-0.060864
-0.058430
-0.019280
0.039346
0.156622
0.277672
0.322039
0.287266
0.208456
0.076458
-0.191829
-0.356442
-0.327454
-0.076841
0.210831
0.309003
0.206604
0.017929
-0.125724
-0.171177
-0.177292
-0.135495
-0.085653
-0.004646
0.080067
0.082988
-0.005425
-0.137197
-0.204473
-0.151390
-0.047234
0.034511
0.036207
-0.010007
-0.055873
-0.074451
-0.052549
0.012644
0.121186
0.248037
0.325202
0.316816
0.253174
0.137355
-0.132881
-0.371806
-0.367516
-0.153978
0.174379
0.325779
0.244037
0.052482
-0.110164
-0.169229
-0.163813
-0.151270
-0.106189
-0.027612
0.067956
0.096140
0.019653
-0.116071
-0.199928
-0.166915
-0.060874
0.023281
0.034497
-0.002027
-0.047891
-0.068582
-0.056305
-0.005967
0.095555
0.230873
0.316025
0.310941
0.255613
0.173258
-0.040240
-0.305958
-0.393399
-0.231831
0.086447
0.309201
0.289855
0.104436
-0.076811
-0.157459
-0.169427
-0.138566
-0.120547
-0.057771
0.031655
0.095290
0.063902
-0.066527
-0.182178
-0.188926
-0.099164
0.011887
0.045382
0.009503
-0.037287
-0.072977
-0.056842
-0.011041
0.072854
0.192825
0.291657
0.321452
0.272499
0.181084
0.028156
-0.249979
-0.370044
-0.275225
-0.010083
0.264930
0.294496
0.158474
-0.028114
-0.146483
-0.145874
-0.153511
-0.121883
-0.082042
-0.002346
0.085003
0.074415
-0.022957
-0.148294
-0.197378
-0.117646
-0.024586
0.038563
0.017976
-0.027204
-0.053894
-0.056782
-0.016917
0.054588
0.158990
0.265647
0.299813
0.287302
0.232294
0.089239
-0.195912
-0.377129
-0.331096
-0.065689
0.225780
0.309984
0.189667
0.006093
-0.120762
-0.145341
-0.149992
-0.133307
-0.099797
-0.031671
0.063483
0.086743
0.013827
-0.113937
-0.188850
-0.147155
-0.052017
0.022805
0.031322
-0.003051
-0.042740
-0.065371
-0.036598
0.035498
0.149862
0.267512
0.308209
0.279934
0.219914
0.110644
-0.146300
-0.354153
-0.341497
-0.117466
0.197764
0.319468
0.224885
0.025025
-0.125828
-0.164642
-0.148672
-0.125039
-0.100208
-0.023081
0.049166
0.090319
0.011583
-0.113859
-0.190540
-0.151382
-0.046580
0.028513
0.027806
-0.006654
-0.054476
-0.059451
-0.034940
0.043072
0.134299
0.250737
0.298555
0.290242
0.242908
0.143304
-0.120527
-0.357817
-0.370602
-0.144121
0.185723
0.327919
0.245703
0.035741
-0.124767
-0.162120
-0.143446
-0.130412
-0.107156
-0.047767
0.055194
0.099353
0.035591
-0.105310
-0.200669
-0.162724
-0.052738
0.035644
0.033147
-0.011185
-0.054095
-0.064100
-0.036512
0.026221
0.117574
0.241063
0.306348
0.301907
0.221778
0.155845
-0.076593
-0.309525
-0.356157
-0.200705
0.121733
0.307675
0.269038
0.100282
-0.105873
-0.163899
-0.167142
-0.137511
-0.096731
-0.053058
0.042270
0.080393
0.041856
-0.076732
-0.185656
-0.170923
-0.083639
0.016726
0.041626
0.005175
-0.037643
-0.065146
-0.045521
0.009174
0.111331
0.228637
0.302134
0.293608
0.218186
0.151669
-0.012716
-0.237057
-0.346990
-0.240101
0.042268
0.269718
0.292138
0.125690
-0.067934
-0.170957
-0.166756
-0.127782
-0.089100
-0.051507
0.008790
0.049663
0.046594
-0.041957
-0.148918
-0.173148
-0.107165
-0.006537
0.033990
0.010715
-0.041116
-0.075432
-0.056520
0.004784
0.088190
0.197903
0.277810
0.305383
0.262718
0.215140
0.059999
-0.241579
-0.398623
-0.312992
-0.002236
0.293618
0.323020
0.160859
-0.057865
-0.155809
-0.160740
-0.139465
-0.121228
-0.086149
0.002551
0.087407
0.078780
-0.030298
-0.168779
-0.201706
-0.123147
-0.008098
0.036635
0.016077
-0.028744
-0.054818
-0.056432
-0.019794
0.045620
0.171206
0.290624
0.335642
0.279183
0.199599
0.052902
-0.196285
-0.355036
-0.307567
-0.060408
0.223567
0.307858
0.198335
-0.003481
-0.134087
-0.172528
-0.160470
-0.121490
-0.093805
-0.006141
0.063577
0.075270
-0.004804
-0.143652
-0.192531
-0.148441
-0.038468
0.034030
0.020884
-0.013878
-0.061724
-0.077096
-0.037255
0.042001
0.174794
0.270894
0.305689
0.258300
0.199218
0.144311
-0.105973
-0.328927
-0.362757
-0.162599
0.171558
0.323568
0.242723
0.033432
-0.137890
-0.170001
-0.151687
-0.114737
-0.093966
-0.050523
0.030219
0.072859
0.022277
-0.104200
-0.194248
-0.163223
-0.059674
0.026572
0.020517
-0.031512
-0.078083
-0.074894
-0.026865
0.045571
0.130906
0.235352
0.291218
0.292648
0.252401
0.184771
-0.058674
-0.339025
-0.420310
-0.223839
0.125961
0.343505
0.281576
0.063421
-0.125463
-0.171505
-0.158320
-0.131657
-0.117130
-0.066191
0.028157
0.086410
0.041658
-0.091054
-0.199218
-0.182484
-0.083351
0.017834
0.029986
-0.014116
-0.059374
-0.079202
-0.054211
0.003170
0.090123
0.214407
0.294376
0.320229
0.248131
0.196307
0.015948
-0.253005
-0.373865
-0.299342
0.001558
0.260355
0.300893
0.156286
-0.048966
-0.153160
-0.173669
-0.157002
-0.125615
-0.084605
0.006879
0.076265
0.058165
-0.043923
-0.171914
-0.190594
-0.118597
-0.016494
0.026501
-0.002444
-0.043949
-0.073919
-0.059988
-0.010023
0.057223
0.172292
0.275581
0.324419
0.282090
0.223549
0.095770
-0.189165
-0.371658
-0.351561
-0.090283
0.215446
0.315915
0.207702
-0.001852
-0.127081
-0.164358
-0.162625
-0.135781
-0.095666
-0.008979
0.056955
0.065912
-0.015102
-0.135447
-0.185029
-0.138612
-0.044648
0.019683
0.012160
-0.020322
-0.070465
-0.079430
-0.048768
0.035505
0.157810
0.273897
0.321134
0.282212
0.218900
0.158278
-0.076060
-0.310124
-0.384002
-0.191929
0.137452
0.326457
0.267136
0.056361
-0.127083
-0.166820
-0.156732
-0.109656
-0.087415
-0.049802
0.029543
0.065277
0.031971
-0.090781
-0.188656
-0.169488
-0.079241
0.026174
0.039823
-0.000609
-0.059380
-0.090826
-0.069486
0.012764
0.128839
0.255317
0.309034
0.300641
0.241218
0.200357
0.034079
-0.248689
-0.386089
-0.292408
0.031624
0.304082
0.321167
0.143630
-0.076705
-0.168524
-0.152327
-0.112730
-0.102291
-0.080479
-0.007611
0.070553
0.070832
-0.035838
-0.163326
