0.056901
0.021126
-0.047714
-0.118359
-0.164019
-0.152440
-0.093571
-0.049336
-0.021169
0.012662
0.033925
0.079571
0.106260
0.146041
0.176264
0.228697
0.290666
0.412154
0.477111
0.445424
0.136761
-0.318346
-0.572351
-0.603648
-0.337461
0.050183
0.358607
0.394448
0.300387
0.109792
-0.028108
-0.114500
-0.187144
-0.273931
-0.322274
-0.276413
-0.080864
0.206247
0.403798
0.439227
0.269280
0.006607
-0.211706
-0.272421
-0.248586
-0.168766
-0.109379
-0.078435
-0.031523
0.079224
0.184776
0.220104
0.164084
0.000011
-0.164471
-0.236816
-0.184286
-0.071494
0.062433
0.125946
0.128752
0.098337
0.066426
0.033803
-0.006632
-0.070075
-0.143048
-0.175362
-0.142759
-0.042404
0.073615
0.149294
0.142977
0.079979
0.001767
-0.051260
-0.062962
-0.048556
-0.059973
-0.074656
-0.077970
-0.061734
-0.011193
0.009031
-0.024868
-0.086177
-0.146355
-0.168913
-0.119388
-0.050802
-0.004432
0.020097
0.021051
0.009237
0.028346
0.065189
0.116539
0.185573
0.263900
0.355630
0.474894
0.529230
0.441246
0.015539
-0.424269
-0.665606
-0.626588
-0.295728
0.132023
0.407110
0.424286
0.301953
0.097196
-0.035576
-0.136280
-0.220285
-0.318234
-0.357275
-0.294380
-0.040522
0.248684
0.446557
0.456432
0.255552
-0.025985
-0.225644
-0.284958
-0.263881
-0.178285
-0.130003
-0.094245
-0.020597
0.106133
0.203547
0.245009
0.161158
-0.018721
-0.185325
-0.251027
-0.209770
-0.082188
0.056909
0.123914
0.141381
0.116472
0.084696
0.044143
-0.005106
-0.090784
-0.165827
-0.196807
-0.159867
-0.042847
0.078243
0.154449
0.154906
0.088798
0.006390
-0.045682
-0.061506
-0.067083
-0.085620
-0.099428
-0.110187
-0.072413
-0.007063
0.024108
-0.017763
-0.093293
-0.164410
-0.171801
-0.111652
-0.033075
0.014114
0.026053
0.018021
0.013562
0.032502
0.070578
0.124364
0.193783
0.265531
0.372294
0.491723
0.543700
0.377717
-0.082111
-0.489947
-0.698068
-0.588547
-0.224879
0.197062
0.413070
0.412026
0.255930
0.066639
-0.057650
-0.153371
-0.240222
-0.335297
-0.360267
-0.260620
0.011975
0.285475
0.457931
0.419680
0.203336
-0.074877
-0.240801
-0.295558
-0.253234
-0.179341
-0.131273
-0.092151
-0.011694
0.121132
0.212296
0.239082
0.128131
-0.051791
-0.211303
-0.254179
-0.193763
-0.057506
0.068288
0.125633
0.128236
0.102797
0.067656
0.025044
-0.027534
-0.111898
-0.175812
-0.197055
-0.141299
-0.028632
0.088477
0.146334
0.136114
0.071932
-0.008708
-0.057329
-0.099162
-0.105538
-0.109490
-0.109353
-0.088933
-0.042224
-0.023950
-0.058822
-0.090968
-0.128274
-0.121439
-0.080719
-0.029752
-0.014984
-0.004386
-0.008187
0.004445
0.039902
0.083169
0.138927
0.211389
0.291314
0.397846
0.521876
0.530029
0.283118
-0.188712
-0.564118
-0.703010
-0.522698
-0.131426
0.251397
0.418611
0.368373
0.205057
0.029987
-0.080162
-0.180342
-0.268514
-0.350986
-0.353281
-0.206225
0.076445
0.330072
0.455479
0.371921
0.124242
-0.133513
-0.268214
-0.291440
-0.233655
-0.159133
-0.120471
-0.074952
0.018829
0.130981
0.200436
0.203332
0.074685
-0.096342
-0.224912
-0.236386
-0.153976
-0.012434
0.088142
0.129730
0.113344
0.074291
0.039854
-0.001308
-0.052761
-0.122251
-0.169861
-0.181605
-0.107652
-0.000970
0.102747
0.140719
0.114671
0.034799
-0.034246
-0.094734
-0.107224
-0.104976
-0.095880
-0.080300
-0.057231
-0.047801
-0.082350
-0.098618
-0.118700
-0.102712
-0.065729
-0.013593
-0.001561
0.000780
-0.017529
-0.012156
0.016316
0.067954
0.134202
0.200940
0.287363
0.400644
0.535518
0.570065
0.326834
-0.167277
-0.561293
-0.727508
-0.551094
-0.147722
0.259529
0.432086
0.388775
0.207766
0.023704
-0.088028
-0.178256
-0.254057
-0.332800
-0.342121
-0.211668
0.066074
0.322609
0.459932
0.386944
0.141923
-0.123520
-0.271152
-0.298864
-0.238948
-0.146877
-0.095901
-0.057213
0.022148
0.122871
0.190562
0.193606
0.091139
-0.080396
-0.206324
-0.236223
-0.160364
-0.016804
0.101192
0.150390
0.135907
0.086539
0.030474
-0.009906
-0.062288
-0.114933
-0.153753
-0.155636
-0.096108
0.007792
0.098715
0.144402
0.124309
0.046843
-0.037203
-0.107562
-0.112923
-0.113694
-0.092473
-0.074335
-0.050498
-0.027619
-0.021035
-0.042994
-0.075425
-0.099956
-0.102469
-0.062483
-0.020545
0.012505
0.030159
0.051505
0.064511
0.096846
0.121284
0.149528
0.200326
0.269178
0.391656
0.532388
0.483578
0.142484
-0.293249
-0.594988
-0.629803
-0.361371
0.037026
0.325100
0.394969
0.292304
0.117029
-0.013441
-0.097392
-0.162154
-0.239488
-0.303093
-0.273895
-0.101344
0.156109
0.357498
0.416562
0.276037
0.034298
-0.171114
-0.256461
-0.242644
-0.164395
-0.106206
-0.074983
-0.022730
0.054878
0.139815
0.195418
0.164372
0.037224
-0.106099
-0.192104
-0.178195
-0.086332
0.033278
0.114606
0.133630
0.100809
0.063682
0.023828
-0.019374
-0.055793
-0.095839
-0.126352
-0.108236
-0.043745
0.038671
0.110875
0.127460
0.056827
-0.037458
-0.100797
-0.132770
-0.103697
-0.041260
0.009009
-0.001049
-0.053308
-0.100845
-0.104723
-0.082782
-0.036320
-0.001222
0.003135
0.000946
0.020149
0.044808
0.075931
0.112774
0.143822
0.179956
0.225257
0.312597
0.446383
0.571572
0.449659
0.049056
-0.388893
-0.632118
-0.583570
-0.246735
0.154292
0.390513
0.397257
0.245975
0.060446
-0.059935
-0.128257
-0.188634
-0.250383
-0.298311
-0.221999
-0.007689
0.248106
0.413917
0.413839
0.218128
-0.040444
-0.215459
-0.271704
-0.223989
-0.131591
-0.072649
-0.044836
0.011136
0.088457
0.164299
0.191413
0.129013
-0.014917
-0.146276
-0.204108
-0.154871
-0.034387
0.094052
0.159756
0.154159
0.101485
0.040370
0.000244
-0.036657
-0.079163
-0.113799
-0.124951
-0.092623
-0.005515
0.089030
0.131847
0.095115
0.026718
-0.082305
-0.147352
-0.144992
-0.094653
-0.059042
-0.050537
-0.045667
-0.042704
-0.014114
0.010810
0.020164
-0.016263
-0.059155
-0.078891
-0.033930
0.040902
0.131473
0.215411
0.266011
0.293126
0.335322
0.395341
0.500445
0.474648
0.131455
-0.298284
-0.586264
-0.612890
-0.330963
0.103669
0.396663
0.445394
0.294230
0.064444
-0.098944
-0.167161
-0.202127
-0.231516
-0.263436
-0.235645
-0.054835
0.191478
0.393396
0.443898
0.297042
0.019969
-0.203194
-0.298066
-0.274197
-0.164384
-0.071705
-0.032927
0.004439
0.068106
0.125152
0.173126
0.145891
0.025894
-0.112897
-0.197537
-0.190764
-0.090053
0.055638
0.151803
0.180096
0.139149
0.066531
-0.000508
-0.047357
-0.087964
-0.118667
-0.136047
-0.112086
-0.041229
0.056131
0.109278
0.091873
0.036561
-0.065357
-0.123454
-0.119792
-0.109974
-0.110998
-0.092470
-0.081611
-0.042332
0.004152
0.025560
0.016644
-0.017229
-0.055677
-0.066704
-0.015631
0.042943
0.125332
0.188759
0.245145
0.295536
0.356237
0.414063
0.500790
0.458162
0.141313
-0.265858
-0.563379
-0.608320
-0.369314
0.041275
0.338625
0.429003
0.310399
0.098742
-0.075167
-0.174111
-0.217493
-0.254383
-0.268004
-0.230039
-0.065204
0.161475
0.356680
0.414191
0.290441
0.046766
-0.174924
-0.280272
-0.276239
-0.184295
-0.099608
-0.051257
-0.014191
0.043458
0.104593
0.153951
0.141727
0.038712
-0.086423
-0.175626
-0.181888
-0.103569
0.021325
0.118467
0.158315
0.136816
0.071410
0.005280
-0.047917
-0.090373
-0.121772
-0.136072
-0.115140
-0.052211
0.035240
0.083661
0.088068
0.032444
-0.059317
-0.114134
-0.157244
-0.169038
-0.144754
-0.089557
-0.050716
-0.012277
-0.004142
-0.013363
-0.027199
-0.046513
-0.058341
-0.036966
0.006398
0.068172
0.173456
0.255414
0.308944
0.360167
0.430635
0.513643
0.526013
0.233055
-0.216484
-0.564589
-0.673782
-0.467523
-0.045303
0.325659
0.458953
0.382781
0.149644
-0.067588
-0.190228
-0.254415
-0.282711
-0.292348
-0.256929
-0.104097
0.142938
0.353559
0.441503
0.345059
0.089968
-0.160346
-0.297963
-0.313030
-0.227520
-0.118053
-0.059795
-0.020056
0.034171
0.091700
0.138999
0.141717
0.057615
-0.071198
-0.170796
-0.196839
-0.132782
-0.006035
0.104033
0.158444
0.144769
0.088428
0.019644
-0.038763
-0.086867
-0.124664
-0.143149
-0.139733
-0.084125
0.004363
0.088154
0.119953
0.079217
-0.013543
-0.102199
-0.177274
-0.201703
-0.175439
-0.118333
-0.058995
-0.012053
0.002610
-0.015798
-0.043136
-0.073880
-0.088415
-0.083572
-0.050186
0.005940
0.091174
0.195807
0.298336
0.364754
0.411209
0.448117
0.555292
0.489978
0.115949
-0.340218
-0.654078
-0.692653
-0.394880
0.071921
0.400032
0.488386
0.335134
0.084132
-0.124741
-0.236978
-0.288883
-0.295385
-0.301276
-0.232608
-0.037523
0.212860
0.405742
0.453552
0.297059
0.009683
-0.216446
-0.334253
-0.313617
-0.206366
-0.097621
-0.050765
-0.004488
0.045796
0.088667
0.129635
0.114080
0.018403
-0.100308
-0.174081
-0.184030
-0.101374
0.021030
0.119011
0.162072
0.133436
0.062659
-0.009116
-0.063581
-0.114678
-0.131597
-0.142559
-0.117718
-0.054182
0.027892
0.079896
0.075081
0.016794
-0.068432
-0.125080
-0.171836
-0.179263
-0.151341
-0.095934
-0.046742
-0.004440
-0.002403
-0.036269
-0.068282
-0.087239
-0.078778
-0.033106
0.052397
0.152681
0.254696
0.327758
0.382842
0.392198
0.389016
0.367071
0.224044
-0.048425
-0.334816
-0.483645
-0.428912
-0.173240
0.127422
0.323170
0.331148
0.183157
-0.017520
-0.170189
-0.246593
-0.260361
-0.233293
-0.191228
-0.090040
0.053989
0.220992
0.317965
0.307454
0.156832
-0.042234
-0.207845
-0.277062
-0.244724
-0.160157
-0.068635
-0.020862
0.019696
0.040262
0.067130
0.069691
0.045190
-0.025069
-0.097545
-0.132676
-0.117386
-0.044712
0.044592
0.106803
0.122325
0.097423
0.032134
-0.028690
-0.078914
-0.112084
-0.139430
-0.141918
-0.112605
-0.048508
0.027235
0.078898
0.084536
-0.012164
-0.168829
-0.262372
-0.268284
-0.179280
-0.034893
0.081096
0.098517
0.057864
-0.023830
-0.095741
-0.123603
-0.082450
0.003384
0.122652
0.187889
0.188104
0.207842
0.262460
0.376749
0.559757
0.580569
0.232224
-0.207857
-0.559760
-0.650466
-0.411836
-0.000358
0.297599
0.395884
0.289140
0.089837
-0.044971
-0.133520
-0.187894
-0.239564
-0.314398
-0.322480
-0.150935
0.090556
0.325720
0.439608
0.333617
0.074951
-0.149954
-0.281568
-0.284810
-0.187256
-0.101106
-0.062627
-0.033107
0.008845
0.056673
0.119455
0.126045
0.049390
-0.064520
-0.155284
-0.183860
-0.120096
-0.004579
0.083850
0.131711
0.112902
0.063785
0.020340
-0.012571
-0.051025
-0.082606
-0.120494
-0.141507
-0.105780
-0.033276
0.048920
0.106917
0.083492
-0.005816
-0.090796
-0.139225
-0.115280
-0.042793
-0.014444
-0.046219
-0.086626
-0.120768
-0.104963
-0.041456
0.016468
0.029188
0.000788
-0.048512
-0.073844
-0.049667
0.003560
0.059381
0.102227
0.138469
0.180301
0.262540
0.343597
0.471332
0.538726
0.343976
-0.045633
-0.400840
-0.581071
-0.494251
-0.171764
0.147702
0.327727
0.324922
0.192638
0.032275
-0.073457
-0.150170
-0.202726
-0.251305
-0.273459
-0.189318
-0.006506
0.201715
0.340571
0.343418
0.180964
-0.027867
-0.189245
-0.255955
-0.223032
-0.146802
-0.091187
-0.055482
-0.002987
0.044189
0.104461
0.139548
0.103027
0.005408
-0.094348
-0.160208
-0.147576
-0.060060
0.037391
0.106682
0.117576
0.082012
0.028938
-0.012289
-0.045738
-0.067323
-0.083899
-0.097212
-0.083334
-0.037721
0.019354
0.066286
0.079162
0.043814
-0.019631
-0.089834
-0.115221
-0.112264
-0.078020
-0.029033
0.001913
-0.007344
-0.038655
-0.067754
-0.082867
-0.073007
-0.060054
-0.043997
-0.027788
-0.011901
0.014155
0.057931
0.088194
0.127738
0.171510
0.231222
0.324682
0.465833
0.553373
0.371480
-0.004195
-0.380937
-0.583497
-0.514940
-0.201798
0.134052
0.341402
0.357415
0.218289
0.056322
-0.070085
-0.149331
-0.207313
-0.249754
-0.277440
-0.190834
-0.010103
0.197529
0.353167
0.358001
0.205612
-0.012144
-0.180214
-0.265135
-0.230143
-0.150593
-0.084304
-0.036384
0.008068
0.053542
0.105393
0.138517
0.101656
0.013964
-0.093951
-0.163009
-0.157782
-0.073045
0.033772
0.116471
0.139527
0.103644
0.044642
-0.006724
-0.048598
-0.076161
-0.089207
-0.098745
-0.089153
-0.055359
-0.011408
0.032889
0.059598
0.055630
0.013082
-0.043764
-0.075716
-0.069495
-0.044463
-0.028210
-0.008141
0.004551
0.016438
0.005856
-0.019084
-0.053727
-0.075382
-0.074908
-0.054300
-0.013756
0.024571
0.061234
0.078052
0.072696
0.056890
0.064156
0.104818
0.194324
0.315966
0.461129
0.481418
0.252852
-0.097489
-0.386607
-0.502798
-0.387554
-0.101139
0.158193
0.293239
0.279430
0.161597
0.035272
-0.057877
-0.131052
-0.189876
-0.240019
-0.246206
-0.144955
0.032680
0.213010
0.316557
0.282110
0.123277
-0.053640
-0.176594
-0.214260
-0.169185
-0.104467
-0.063134
-0.031430
0.004855
0.046990
0.099639
0.121687
0.081634
-0.001639
-0.088026
-0.138628
-0.120454
-0.049329
0.031946
0.089665
0.093278
0.064533
0.027613
-0.009700
-0.039576
-0.069954
-0.106813
-0.128056
-0.110500
-0.051558
0.037809
0.094917
0.090922
0.042231
-0.026073
-0.068954
-0.065793
-0.050614
-0.030522
-0.005019
0.017645
0.034337
0.027415
-0.012459
-0.056057
-0.081685
-0.078894
-0.046612
0.009917
0.069083
0.116931
0.111890
0.064651
0.001344
-0.033312
-0.001519
0.101783
0.248554
0.409592
0.489276
0.363068
0.067685
-0.253104
-0.444210
-0.440585
-0.241242
0.009707
0.201594
0.261979
0.214128
0.116174
0.018601
-0.061912
-0.135752
-0.199900
-0.242910
-0.201086
-0.079482
0.089240
0.225222
0.272033
0.193498
0.054009
-0.080068
-0.157444
-0.164755
-0.133279
-0.097880
-0.071872
-0.033698
0.014481
0.076832
0.122968
0.118671
0.057531
-0.033479
-0.110510
-0.135683
-0.098056
-0.026692
0.045188
0.083524
0.084259
0.043454
0.002758
-0.023605
-0.043046
-0.056913
-0.087915
-0.124071
-0.117001
-0.071302
-0.004909
0.053931
0.053669
0.011743
-0.022439
-0.030073
-0.000350
0.025559
-0.011016
-0.070360
-0.101308
-0.088911
-0.014822
0.084732
0.143607
0.150626
0.121588
0.051450
-0.014292
-0.055453
-0.062908
-0.015791
0.098324
0.230713
0.379069
0.436498
0.322196
0.081906
-0.205699
-0.388153
-0.399265
-0.234473
-0.018296
0.170055
0.242335
0.210645
0.126827
0.033026
-0.052888
-0.128452
-0.190438
-0.232706
-0.196907
-0.093831
0.058227
0.189444
0.248083
0.196934
0.082051
-0.045305
-0.137781
-0.166706
-0.153107
-0.115047
-0.074133
-0.024614
0.027942
0.087791
0.122692
0.114904
0.055718
-0.035446
-0.114454
-0.147542
-0.118440
-0.048585
0.037067
0.091051
0.106255
0.079539
0.036589
-0.022410
-0.067247
-0.090440
-0.111800
-0.126432
-0.110808
-0.060452
0.002048
0.047803
0.050917
0.018168
-0.029603
-0.064028
-0.096168
-0.100016
-0.076775
-0.030301
0.026827
0.062191
0.086405
0.099009
0.108393
0.085030
0.038315
-0.029824
-0.071122
-0.041471
0.076208
0.238186
0.403647
0.492835
0.367564
0.088044
-0.232694
-0.431452
-0.440929
-0.254059
-0.009341
0.190282
0.268762
0.228031
0.138834
0.038672
-0.047394
-0.130580
-0.201164
-0.259350
-0.232272
-0.120436
0.047285
0.201220
0.270970
0.219083
0.089178
-0.045381
-0.141386
-0.166416
-0.148197
-0.119012
-0.092867
-0.054545
-0.001193
0.070674
0.132476
0.141420
0.085437
-0.015779
-0.114468
-0.167286
-0.144962
-0.071996
0.018568
0.086774
0.110575
0.093025
0.056406
0.012065
-0.029669
-0.076753
-0.124851
-0.146388
-0.145042
-0.101459
-0.018921
0.047231
0.067646
0.048369
-0.006854
-0.074120
-0.120925
-0.131613
-0.106120
-0.060792
-0.018501
0.028866
0.076618
0.115044
0.134458
0.112465
0.029741
-0.054335
-0.088926
-0.033461
0.116295
0.302322
0.472588
0.550396
0.400047
0.057148
-0.287091
-0.495503
-0.498540
-0.277599
0.004350
0.220003
0.308721
0.268756
0.158127
0.039661
-0.071118
-0.175865
-0.254876
-0.307002
-0.258449
-0.108691
0.092407
0.262327
0.332118
0.252928
0.083373
-0.081437
-0.195956
-0.219548
-0.181287
-0.128840
-0.084835
-0.027690
0.026729
0.089433
0.141073
0.136283
0.066184
-0.038028
-0.138024
-0.182926
-0.147827
-0.061481
0.037547
0.107480
0.122721
0.095250
0.048441
-0.003591
-0.048903
-0.082840
-0.117126
-0.143019
-0.145114
-0.110808
-0.039560
0.032928
0.068005
0.058484
0.009362
-0.072700
-0.126838
-0.139714
-0.117569
-0.075794
-0.017708
0.032568
0.077020
0.110582
0.103751
0.063097
-0.003824
-0.058664
-0.059374
0.020300
0.154730
0.331999
0.476173
0.563206
0.455009
0.110106
-0.269859
-0.526234
-0.567712
-0.362717
-0.027917
0.238115
0.372172
0.332694
0.187953
0.026496
-0.105654
-0.206782
-0.268800
-0.299532
-0.266182
-0.121780
0.066872
0.251851
0.347668
0.299084
0.130145
-0.053617
-0.201211
-0.260020
-0.225799
-0.159548
-0.089692
-0.018637
0.047315
0.098961
0.145161
0.141872
0.074004
-0.031691
-0.136959
-0.195081
-0.172738
-0.082388
0.027197
0.115723
0.147132
0.122341
0.062771
-0.002712
-0.059940
-0.098961
-0.121463
-0.129507
-0.127743
-0.106504
-0.056615
0.000735
0.045215
0.064632
0.023262
-0.051977
-0.116125
-0.138588
-0.124482
-0.082039
-0.027915
0.022877
0.061937
0.078124
0.070153
0.035379
-0.001499
-0.018656
0.013036
0.091657
0.218115
0.362506
0.469432
0.555454
0.425771
0.058904
-0.309102
-0.557031
-0.574288
-0.329241
0.033047
0.298462
0.418317
0.334949
0.145624
-0.038506
-0.172040
-0.247312
-0.264763
-0.267077
-0.215495
-0.073186
0.090974
0.259366
0.343585
0.286795
0.111309
-0.077268
-0.233983
-0.285899
-0.228008
-0.138882
-0.048208
0.026870
0.071592
0.090545
0.116806
0.103294
0.046671
-0.036176
-0.127088
-0.178675
-0.156101
-0.069273
0.037902
0.129949
0.155781
0.121111
0.050342
-0.025395
-0.079021
-0.103086
-0.111497
-0.101410
-0.083951
-0.080720
-0.060339
-0.027488
0.000374
0.022611
0.022834
-0.020514
-0.070417
-0.100431
-0.117195
-0.095687
-0.050246
-0.008236
0.031839
0.049956
0.039665
0.023977
0.007685
-0.004671
0.022988
0.083754
0.178301
0.312153
0.426396
0.521149
0.542130
0.263581
-0.140879
-0.466791
-0.623417
-0.501613
-0.147265
0.200726
0.405585
0.424337
0.248482
0.038326
-0.127899
-0.232436
-0.267842
-0.264826
-0.252372
-0.152656
0.007194
0.180155
0.330152
0.357933
0.225385
0.020280
-0.171396
-0.295480
-0.284245
-0.189008
-0.090250
-0.001773
0.058101
0.078982
0.099554
0.116387
0.084063
0.016618
-0.071331
-0.161018
-0.184563
-0.127906
-0.021214
0.093646
0.166634
0.157559
0.093710
0.006967
-0.068038
-0.106296
-0.113455
-0.110255
-0.093888
-0.061857
-0.030818
0.007388
0.020450
0.006307
-0.020791
-0.059445
-0.095537
-0.100851
-0.083787
-0.066027
-0.041903
-0.024040
-0.011873
0.002913
0.008226
-0.000582
-0.012079
-0.014343
0.001447
0.052241
0.124381
0.225132
0.339845
0.440098
0.503374
0.520151
0.256971
-0.143738
-0.466612
-0.624683
-0.507379
-0.157549
0.207219
0.419460
0.443601
0.255178
0.034124
-0.148458
-0.253458
-0.288395
-0.269620
-0.247726
-0.140571
0.024350
0.193796
0.340582
0.360028
0.229507
0.017895
-0.174323
-0.305836
-0.296745
-0.205301
-0.098499
-0.002964
0.064748
0.088863
0.104261
0.115079
0.078484
0.012226
-0.074923
-0.154467
-0.178673
-0.122259
-0.018934
0.095468
0.167812
0.161408
0.098781
0.008302
-0.072815
-0.115207
-0.125996
-0.118298
-0.092930
-0.060115
-0.031613
0.009096
0.020813
0.009494
-0.014824
-0.059719
-0.101565
-0.103555
-0.090655
-0.067615
-0.027187
-0.002468
0.009277
0.010299
-0.012212
-0.041726
-0.048626
-0.037577
0.008617
0.081085
0.161048
0.263743
0.360700
0.434721
0.500842
0.508191
0.228209
-0.168427
-0.487113
-0.638901
-0.494505
-0.122306
0.243191
0.447888
0.451266
0.239501
0.013018
-0.170735
-0.269534
-0.293562
-0.271657
-0.245441
-0.131196
0.038106
0.209346
0.360582
0.368497
0.224723
0.003265
-0.194959
-0.323118
-0.298535
-0.197336
-0.087152
0.012005
0.068808
0.088570
0.103192
0.115938
0.079376
0.016427
-0.075433
-0.160371
-0.182636
-0.125317
-0.015321
0.102843
0.178251
0.168580
0.103222
0.007036
-0.075370
-0.117342
-0.124891
-0.115059
-0.083606
-0.057768
-0.031615
0.010207
0.022317
0.011570
-0.009059
-0.057391
-0.113728
-0.123149
-0.116132
-0.083068
-0.025093
0.019868
0.036781
0.028480
-0.015282
-0.057300
-0.074548
-0.063681
-0.007227
0.078129
0.174270
0.291577
0.396925
0.467729
0.530703
0.533004
0.235603
-0.186288
-0.523558
-0.681708
-0.529767
-0.129020
0.262491
0.486857
0.489053
0.264448
0.015851
-0.179988
-0.287201
-0.307122
-0.280869
-0.258135
-0.142490
0.030469
0.217491
0.381286
0.400907
0.249313
0.015309
-0.202857
-0.342859
-0.318953
-0.210135
-0.090485
0.015634
0.077259
0.090976
0.107480
0.121428
0.086575
0.023969
-0.071303
-0.163807
-0.193861
-0.136464
-0.024472
0.106359
0.189149
0.182385
0.112307
0.008099
-0.080640
-0.123584
-0.128391
-0.116779
-0.084746
-0.055164
-0.032480
0.006402
0.027752
0.023247
0.005012
-0.046180
-0.115321
-0.143144
-0.137076
-0.099046
-0.032539
0.018291
0.041657
0.044699
0.021802
-0.019673
-0.051872
-0.072236
-0.058902
-0.000745
0.087221
0.201488
0.327949
0.426418
0.489114
0.527481
0.454648
0.100109
-0.283779
-0.568609
-0.639223
-0.418457
-0.019221
0.315227
0.478588
0.421827
0.186136
-0.032911
-0.211350
-0.290074
-0.296150
-0.267192
-0.224224
-0.082778
0.080498
0.248708
0.371084
0.338372
0.176057
-0.037805
-0.224025
-0.324524
-0.281190
-0.187726
-0.077618
0.021271
0.076345
0.097668
0.115630
0.113666
0.066845
0.002078
-0.091475
-0.163069
-0.172032
-0.108020
0.003073
0.117372
0.175493
0.154674
0.083027
-0.017351
-0.090269
-0.123609
-0.126810
-0.105590
-0.077891
-0.055728
-0.030292
0.002766
0.006070
0.004613
-0.018652
-0.067926
-0.112785
-0.119971
-0.111080
-0.067400
-0.012130
0.029001
0.051041
0.041637
-0.002312
-0.058075
-0.086241
-0.082341
-0.019692
0.067699
0.170040
0.283073
0.382169
0.458312
0.494865
0.510843
0.281026
-0.122194
-0.462439
-0.648148
-0.554322
-0.200444
0.201981
0.444870
0.492310
0.295882
0.049015
-0.159363
-0.277543
-0.307498
-0.273367
-0.247181
-0.156485
0.003133
0.164758
0.331333
0.378225
0.270980
0.058645
-0.149744
-0.310786
-0.325616
-0.235146
-0.123167
-0.009530
0.062804
0.089603
0.098272
0.115092
0.087849
0.037050
-0.045983
-0.138342
-0.184355
-0.155142
-0.059823
0.064479
0.164637
0.180374
0.129783
0.032172
-0.064930
-0.118647
-0.132973
-0.121617
-0.097407
-0.074454
-0.053702
-0.013793
0.009425
0.019231
0.006119
-0.044671
-0.107246
-0.133839
-0.129711
-0.089375
-0.021126
0.029090
0.055130
0.053465
0.020002
-0.036438
-0.075698
-0.087843
-0.056821
0.025453
0.119414
0.230816
0.339146
0.421118
0.472958
0.524445
0.422646
0.052665
-0.324857
-0.601332
-0.640781
-0.379670
0.033161
0.358721
0.506682
0.404628
0.153318
-0.070516
-0.239190
-0.303763
-0.290880
-0.265261
-0.215597
-0.071512
0.087050
0.262530
0.377567
0.332577
0.157020
-0.060282
-0.251886
-0.336852
-0.277443
-0.176706
-0.058772
0.035476
0.078081
0.092506
0.114421
0.108148
0.065153
-0.004318
-0.105639
-0.178829
-0.183138
-0.112005
0.009694
0.132536
0.185987
0.161519
0.078409
-0.027941
-0.100030
-0.128929
-0.128472
-0.106480
-0.082252
-0.063828
-0.033151
0.005883
0.012255
0.009024
-0.020788
-0.074843
-0.117336
-0.119083
-0.102472
-0.057119
-0.010272
0.019266
0.040759
0.042321
0.018941
-0.022269
-0.059498
-0.085179
-0.056817
0.018373
0.116836
0.238563
0.343176
0.415592
0.468149
0.501885
0.399112
0.051283
-0.313713
-0.584133
-0.618704
-0.376123
0.024093
0.347279
0.493506
0.400503
0.163227
-0.067053
-0.235943
-0.295605
-0.292440
-0.260056
-0.208249
-0.068404
0.083776
0.259824
0.364817
0.324989
0.158827
-0.055796
-0.240738
-0.326975
-0.276900
-0.181037
-0.060946
0.029426
0.081009
0.099398
0.116689
0.109010
0.064666
-0.007104
-0.102697
-0.170386
-0.177852
-0.106318
0.011588
0.127637
0.181593
0.157510
0.074286
-0.028426
-0.096939
-0.128377
-0.123337
-0.098966
-0.073769
-0.054436
-0.019956
0.008878
0.009217
-0.001402
-0.037752
-0.088090
-0.118056
-0.110915
-0.086677
-0.041685
-0.003507
0.017213
0.032169
0.029340
0.011467
-0.024615
-0.063392
-0.084378
-0.062609
-0.000126
0.103090
0.207979
0.305618
0.368969
0.420323
0.459926
0.462897
0.226850
-0.151133
-0.465015
-0.625684
-0.501861
-0.151317
0.226421
0.442545
0.456891
0.253513
0.014363
-0.177361
-0.271291
-0.282145
-0.253743
-0.227348
-0.136090
0.010677
0.169543
0.323530
0.356766
0.243946
0.038772
-0.165785
-0.309927
-0.312324
-0.220770
-0.106196
0.004533
0.070893
0.092817
0.103961
0.111179
0.081437
0.028847
-0.056557
-0.144504
-0.180839
-0.143159
-0.040467
0.085203
0.170289
0.174173
0.110562
0.008474
-0.076614
-0.117422
-0.122749
-0.100045
-0.075301
-0.057551
-0.040184
-0.008499
0.008789
0.007522
-0.011840
-0.058871
-0.105859
-0.120315
-0.099084
-0.061784
-0.015718
0.006822
0.020096
0.025565
0.019963
0.005649
-0.017989
-0.055755
-0.074317
-0.047849
0.022713
0.126490
0.244658
0.336328
0.393628
0.426078
0.447488
0.392640
0.086617
-0.251108
-0.515069
-0.583899
-0.392845
-0.018599
0.293682
0.452532
0.397378
0.172247
-0.044221
-0.213345
-0.275400
-0.273594
-0.232319
-0.197232
-0.075638
0.055247
0.210716
0.327166
0.313057
0.177224
-0.022453
-0.205023
-0.314827
-0.279497
-0.190895
-0.070022
0.030797
0.085584
0.100926
0.106752
0.099950
0.057897
0.000990
-0.085320
-0.152709
-0.167405
-0.109449
-0.002119
0.109866
0.171446
0.153339
0.081077
-0.021873
-0.091717
-0.123681
-0.116082
-0.088776
-0.063147
-0.048741
-0.030492
-0.008342
-0.003297
-0.000986
-0.025136
-0.065822
-0.103521
-0.110532
-0.094212
-0.055793
-0.010589
0.017355
0.031610
0.036102
0.026579
0.004587
-0.017676
-0.055214
-0.065422
-0.046807
0.024380
0.124747
0.236750
0.333267
0.401316
0.431597
0.451458
0.351895
0.021311
-0.301460
-0.533336
-0.556857
-0.328962
0.038559
0.314824
0.439364
0.353512
0.134771
-0.060938
-0.210004
-0.261224
-0.259421
-0.234413
-0.191995
-0.067835
0.067159
0.227140
0.331044
0.296161
0.148205
-0.047598
-0.221944
-0.306348
-0.259538
-0.169013
-0.056417
0.034723
0.083814
0.100346
0.111681
0.099891
0.054457
-0.010933
-0.099932
-0.159648
-0.160834
-0.094039
0.014653
0.120035
0.163729
0.138430
0.064098
-0.027226
-0.087423
-0.112732
-0.107377
-0.087467
-0.072075
-0.060212
-0.035436
-0.008423
-0.002146
-0.001917
-0.024414
-0.063167
-0.095925
-0.100196
-0.089115
-0.055312
-0.017450
0.011640
0.032545
0.045169
0.039186
0.021551
-0.004934
-0.042975
-0.056330
-0.038766
0.019944
0.111865
0.220475
0.307649
0.387140
0.433483
0.456472
0.342848
0.012991
-0.309413
-0.531589
-0.540887
-0.310706
0.049118
0.311319
0.426536
0.337427
0.129471
-0.060337
-0.195847
-0.247641
-0.251102
-0.229670
-0.189595
-0.069462
0.066349
0.224798
0.319758
0.287216
0.140839
-0.049964
-0.216348
-0.292823
-0.246456
-0.158844
-0.049125
0.035294
0.081266
0.094670
0.107363
0.095675
0.055092
-0.005736
-0.091286
-0.151704
-0.155495
-0.091317
0.010618
0.114107
0.156508
0.134428
0.060873
-0.025377
-0.083059
-0.105162
-0.099367
-0.092111
-0.083710
-0.075369
-0.054200
-0.025477
0.007066
0.013451
-0.005100
-0.058191
-0.098356
-0.107926
-0.083653
-0.037237
0.008380
0.033812
0.045694
0.050382
0.035873
0.022391
-0.008213
-0.039872
-0.051052
-0.026708
0.043581
0.150275
0.265058
0.363606
0.428115
0.446155
0.401962
0.156340
-0.179851
-0.432792
-0.537817
-0.414896
-0.104880
0.202567
0.379005
0.390865
0.222691
0.027262
-0.139413
-0.236882
-0.263005
-0.244503
-0.216150
-0.117585
0.020929
0.157473
0.282582
0.297737
0.196149
0.029443
-0.136107
-0.255775
-0.258895
-0.195248
-0.105069
-0.009195
0.055007
0.086241
0.103765
0.105892
0.071629
0.021168
-0.057172
-0.128559
-0.154607
-0.121960
-0.037278
0.067086
0.137306
0.144878
0.099940
0.018559
-0.053643
-0.094124
-0.108596
-0.110867
-0.102528
-0.089187
-0.070114
-0.036723
-0.004168
0.012029
0.004535
-0.033505
-0.078852
-0.100842
-0.098847
-0.065835
-0.013010
0.028414
0.058436
0.070207
0.053993
0.021464
-0.014937
-0.051026
-0.057009
-0.033505
0.030440
0.125597
0.224095
0.311953
0.369662
0.389749
0.380823
0.270448
-0.000299
-0.271951
-0.450708
-0.458364
-0.257164
0.039294
0.279017
0.377209
0.300543
0.113631
-0.065959
-0.198331
-0.252790
-0.244289
-0.214094
-0.156159
-0.044242
0.082372
0.205031
0.277479
0.239843
0.111301
-0.050357
-0.193848
-0.256177
-0.223390
-0.143315
-0.049139
0.030711
0.073332
0.086257
0.089763
0.070952
0.035182
-0.019775
-0.084180
-0.129175
-0.125928
-0.074049
0.013155
0.096116
0.132531
0.115488
0.053885
-0.019911
-0.073851
-0.096299
-0.108727
-0.099318
-0.089667
-0.075924
-0.061320
-0.041626
-0.021119
-0.010153
-0.019762
-0.045709
-0.069034
-0.084364
-0.066153
-0.028243
0.021440
0.055300
0.061827
0.027069
-0.023225
-0.061407
-0.064442
-0.019338
0.049346
0.122318
0.178689
0.237428
0.270125
0.308174
0.354796
0.378937
0.259090
-0.011895
-0.282741
-0.457426
-0.422443
-0.197488
0.105397
0.310354
0.358722
0.232321
0.046464
-0.113698
-0.201795
-0.215864
-0.206657
-0.186030
-0.144207
-0.039607
0.084290
0.221419
0.278519
0.227108
0.082494
-0.088117
-0.215068
-0.247123
-0.190257
-0.103196
-0.014480
0.034680
0.053637
0.060203
0.070006
0.065123
0.040030
-0.014358
-0.083885
-0.128698
-0.125896
-0.064587
0.029123
0.109612
0.136279
0.106211
0.036039
-0.035891
-0.078341
-0.093818
-0.099934
-0.094501
-0.088726
-0.079109
-0.059888
-0.038974
-0.019444
-0.013254
-0.030968
-0.055566
-0.077892
-0.084177
-0.056548
-0.012510
0.030629
0.048379
0.028624
-0.021274
-0.059532
-0.060809
-0.014557
0.050405
0.111882
0.141277
0.163182
0.187258
0.235457
0.290084
0.378087
0.381193
0.251365
-0.011562
-0.288674
-0.433631
-0.388647
-0.159054
0.107276
0.305838
0.312919
0.206330
0.024924
-0.105346
-0.184687
-0.197671
-0.203843
-0.189552
-0.140337
-0.045535
0.098624
0.216454
0.268819
0.198784
0.062573
-0.103360
-0.202443
-0.221828
-0.167446
-0.084554
-0.017976
0.022742
0.035775
0.052261
0.059282
0.063568
0.036725
-0.014403
-0.078134
-0.120407
-0.113728
-0.056292
0.029832
0.096985
0.121811
0.089344
0.028168
-0.034151
-0.069374
-0.085734
-0.095441
-0.092730
-0.090598
-0.078636
-0.062243
-0.040267
-0.024558
-0.019810
-0.036682
-0.054502
-0.071241
-0.073621
-0.050207
-0.014260
0.017136
0.047527
0.053195
0.037258
0.016933
-0.016524
-0.048020
-0.038554
-0.005409
0.054861
0.122790
0.174840
0.215128
0.252915
0.275435
0.289101
0.272610
0.168571
-0.001016
-0.195258
-0.303793
-0.295961
-0.144691
0.053318
0.217495
0.253589
0.179216
0.043209
-0.087418
-0.166406
-0.192735
-0.177867
-0.153192
-0.099749
-0.027883
0.068788
0.147513
0.192142
0.156540
0.061432
-0.059192
-0.152763
-0.187411
-0.160045
-0.093077
-0.027022
0.023543
0.045267
0.049558
0.044539
0.036837
0.014698
-0.021049
-0.058633
-0.086719
-0.084294
-0.044845
0.015015
0.066469
0.088428
0.070345
0.025218
-0.023509
-0.064210
-0.091803
-0.095733
-0.093536
-0.088979
-0.083324
-0.078029
-0.059201
-0.035017
-0.020586
-0.020054
-0.034888
-0.059801
-0.061218
-0.040521
-0.000678
0.042056
0.061768
0.040834
0.013617
-0.019254
-0.038935
-0.020570
0.015416
0.065486
0.114229
0.160298
0.197484
0.246068
0.287320
0.344345
0.299300
0.151302
-0.082242
-0.303537
-0.390880
-0.303320
-0.083490
0.154581
0.301672
0.277974
0.157982
-0.014861
-0.133264
-0.192818
-0.193950
-0.183975
-0.153646
-0.102143
-0.014638
0.106260
0.193904
0.221609
0.152837
0.023291
-0.114965
-0.191142
-0.196676
-0.141454
-0.062088
-0.002316
0.033121
0.043590
0.051258
0.049675
0.045573
0.014977
-0.033426
-0.084437
-0.111485
-0.095077
-0.037387
0.036168
0.091349
0.105471
0.072227
0.017370
-0.036330
-0.066742
-0.084721
-0.089024
-0.085502
-0.088405
-0.088330
-0.075270
-0.053330
-0.027956
-0.014331
-0.021433
-0.043841
-0.067305
-0.068852
-0.046793
-0.007663
0.030243
0.054470
0.048106
0.026353
0.011695
-0.008706
-0.014337
-0.001016
0.026897
0.066364
0.118606
0.160947
0.226385
0.278039
0.335567
0.359883
0.262077
0.040326
-0.215315
-0.385854
-0.396961
-0.211920
0.040027
0.253931
0.316402
0.238128
0.072754
-0.070684
-0.167066
-0.192904
-0.189052
-0.181813
-0.145203
-0.071882
0.042793
0.158616
0.233062
0.205246
0.099148
-0.046687
-0.163914
-0.208457
-0.176893
-0.103033
-0.031797
0.018926
0.036103
0.046406
0.052194
0.055218
0.039728
0.000850
-0.056470
-0.103848
-0.111651
-0.074329
-0.000339
0.069202
0.106433
0.093439
0.043835
-0.016495
-0.058234
-0.072871
-0.082199
-0.079430
-0.077648
-0.082502
-0.082848
-0.068155
-0.050854
-0.030053
-0.022320
-0.033427
-0.049525
-0.064291
-0.056168
-0.030695
0.008253
0.035290
0.050964
0.035167
0.013166
-0.001301
-0.008627
-0.004314
0.014363
0.038450
0.067535
0.115412
0.162849
0.222493
0.259658
0.301951
0.321366
0.255716
0.077965
-0.151318
-0.326684
-0.367366
-0.230241
-0.004994
0.208048
0.291643
0.243265
0.094956
-0.055512
-0.158230
-0.192610
-0.186015
-0.165871
-0.127064
-0.066652
0.031772
0.128925
0.202267
0.192913
0.107391
-0.023273
-0.139156
-0.194703
-0.179092
-0.111439
-0.040985
0.017257
0.040011
0.046710
0.046570
0.045089
0.031384
0.000398
-0.043549
-0.087520
-0.097941
-0.070717
-0.009805
0.055864
0.095320
0.090713
0.047711
-0.007887
-0.053434
-0.081229
-0.092895
-0.087829
-0.090753
-0.092551
-0.081937
-0.067586
-0.039506
-0.015672
-0.010535
-0.028376
-0.056594
-0.071225
-0.056671
-0.014310
0.031141
0.063010
0.052191
0.018885
-0.006741
-0.016729
-0.012616
0.020064
0.044550
0.070749
0.092902
0.129048
0.179891
0.236199
0.281646
0.336979
0.322137
0.176771
-0.042019
-0.257873
-0.366968
-0.306430
-0.109282
0.105392
0.256988
0.255380
0.162450
0.020368
-0.091800
-0.160342
-0.174968
-0.183358
-0.171767
-0.117159
-0.031971
0.088379
0.183556
0.216314
0.154461
0.042784
-0.088908
-0.169084
-0.180582
-0.141485
-0.076166
-0.021071
0.018863
0.034777
0.052975
0.055162
0.052776
0.023919
-0.023940
-0.073665
-0.102742
-0.091950
-0.041598
0.028167
0.077750
0.096396
0.071423
0.022107
-0.024749
-0.057042
-0.083468
-0.089033
-0.090151
-0.101687
-0.092157
-0.075561
-0.053115
-0.023003
-0.009467
-0.019381
-0.043673
-0.064297
-0.064367
-0.032936
0.006699
0.041105
0.053226
0.032861
0.008771
-0.001743
-0.008409
0.001566
0.027814
0.042309
0.068434
0.098935
0.141910
0.202050
0.252482
0.302059
0.345876
0.278525
0.125016
-0.102200
-0.287606
-0.353743
-0.252517
-0.061525
0.147923
0.257124
0.234750
0.131780
-0.006750
-0.112562
-0.167845
-0.181043
-0.187910
-0.151019
-0.097177
0.004676
0.114258
0.195919
0.200487
0.133696
0.010990
-0.107709
-0.170822
-0.178071
-0.128579
-0.065901
-0.008251
0.022617
0.045014
0.052825
0.056101
0.046050
0.012419
-0.033493
-0.078366
-0.097939
-0.080554
-0.024319
0.037541
0.083993
0.092047
0.062520
0.012422
-0.031273
-0.069278
-0.091969
-0.094221
-0.102860
-0.102300
-0.090554
-0.072783
-0.047610
-0.017128
-0.009696
-0.018064
-0.041800
-0.059501
-0.055236
-0.024805
0.012062
0.043014
0.045619
0.021867
0.003018
-0.011137
-0.009911
0.017236
0.042282
0.064113
0.089352
0.112263
0.157358
0.209413
0.251816
0.319185
0.323376
0.240066
0.088655
-0.141101
-0.303214
-0.333433
-0.220122
-0.030524
0.174935
0.244969
0.215807
0.101203
-0.036486
-0.130395
-0.172634
-0.189790
-0.175697
-0.133824
-0.077713
0.033043
0.129351
0.193639
0.185373
0.108109
-0.022671
-0.123690
-0.179739
-0.174107
-0.115737
-0.053162
-0.003441
0.025163
0.042468
0.045145
0.050813
0.035305
0.002852
-0.042828
-0.082534
-0.096263
-0.068212
-0.011209
0.047833
0.084945
0.080100
0.044212
-0.002593
-0.043419
-0.078688
-0.093231
-0.095011
-0.103565
-0.107661
-0.091659
-0.075893
-0.043387
-0.018367
-0.012637
-0.027891
-0.046922
-0.057088
-0.042651
-0.009342
0.021108
0.044828
0.033932
0.009591
-0.005240
-0.010977
-0.005789
0.027489
0.047395
0.069495
0.090235
0.115044
0.160580
0.203060
0.251058
0.307904
0.305943
0.235924
0.089734
-0.132185
-0.296281
-0.325238
-0.221823
-0.027298
0.167203
0.241052
0.209460
0.095532
-0.043091
-0.134431
-0.174308
-0.189955
-0.164525
-0.127813
-0.065607
0.033559
0.129257
0.183010
0.177990
0.095917
-0.027387
-0.121613
-0.173893
-0.165084
-0.108758
-0.046642
-0.004890
0.025583
0.037302
0.040436
0.045980
0.032398
0.002468
-0.038870
-0.077101
-0.090767
-0.061523
-0.010859
0.047755
0.082106
0.077792
0.041321
-0.002359
-0.053288
-0.087495
-0.096778
-0.102822
-0.110245
-0.103444
-0.095785
-0.072889
-0.032838
-0.009033
-0.003741
-0.019938
-0.043765
-0.052354
-0.030449
-0.001453
0.030732
0.035860
0.016037
-0.002942
-0.009921
-0.009970
0.015810
0.045784
0.066354
0.087512
0.099563
0.122656
0.168637
0.216768
0.258295
0.321789
0.313321
0.216862
0.001100
-0.217035
-0.350250
-0.317148
-0.157742
0.063544
0.223615
0.250089
0.175941
0.034690
-0.082574
-0.161988
-0.176390
-0.186658
-0.158415
-0.121465
-0.033748
0.070155
0.166235
0.205368
0.161097
0.056826
-0.072177
-0.155303
-0.184977
-0.149577
-0.091651
-0.032663
0.004718
0.026413
0.040840
0.049330
0.053056
0.030655
-0.007971
-0.060868
-0.096075
-0.096104
-0.053439
0.011594
0.068229
0.091288
0.070935
0.026084
-0.023477
-0.074080
-0.100491
-0.114166
-0.119251
-0.116972
-0.095120
-0.075267
-0.044974
-0.015720
-0.008049
-0.016765
-0.033854
-0.046853
-0.040032
-0.010120
0.017425
0.036770
0.028096
0.005635
-0.007272
-0.008046
0.004657
0.031375
0.050733
0.058171
0.070544
0.078665
0.112320
0.170480
0.229370
0.274148
0.298976
0.271793
0.181076
0.006917
-0.182977
-0.284731
-0.282251
-0.154882
0.029481
0.175438
0.217922
0.171581
0.049688
-0.066323
-0.151116
-0.187066
-0.184818
-0.150367
-0.100218
-0.020034
0.071714
0.138645
0.172244
0.137938
0.052056
-0.048588
-0.127609
-0.164518
-0.147654
-0.100021
-0.049237
-0.000860
0.027924
0.043117
0.049187
0.044968
0.022395
-0.012571
-0.053512
-0.083009
-0.079281
-0.046557
0.008076
0.056929
0.079019
0.065613
0.030484
-0.022983
-0.078417
-0.106670
-0.122312
-0.125086
-0.116821
-0.091800
-0.071258
-0.034783
-0.009213
-0.000670
-0.014085
-0.033295
-0.049273
-0.040603
-0.013512
0.020494
0.048377
0.043314
0.027960
0.007809
0.005092
0.009335
0.031790
0.046273
0.050897
0.053021
0.060256
0.081825
0.145521
0.221651
0.279725
0.345648
0.300788
0.182826
-0.006764
-0.198543
-0.309553
-0.271234
-0.137902
0.045671
0.184389
0.203887
0.151574
0.041476
-0.061831
-0.133512
-0.159501
-0.184887
-0.161313
-0.115438
-0.035726
0.070555
0.153521
0.181215
0.141058
0.052741
-0.059536
-0.126945
-0.154496
-0.132912
-0.089073
-0.043031
-0.012065
0.017691
0.038601
0.050590
0.052962
0.028515
-0.014076
-0.059501
-0.086993
-0.081286
-0.039051
0.016476
0.061877
0.081027
0.062342
0.024174
-0.023804
-0.075238
-0.098597
-0.113896
-0.118398
-0.110994
-0.095405
-0.074934
-0.040505
-0.010295
0.000710
-0.007761
-0.030526
-0.045745
-0.038568
-0.008998
0.024273
0.047873
0.039089
0.022054
0.009397
0.009388
0.022913
0.033110
0.040167
0.037445
0.038175
0.050997
0.080419
0.142543
0.214530
0.283963
0.348449
0.340548
0.226472
0.021504
-0.195508
-0.329044
-0.314744
-0.162160
0.039020
0.188502
0.227387
0.167306
0.055185
-0.052916
-0.124913
-0.163195
-0.182795
-0.177887
-0.138080
-0.051819
0.060754
0.159873
0.202724
0.163437
0.064747
-0.049094
-0.132610
-0.160995
-0.139276
-0.095467
-0.049739
-0.013492
0.014177
0.038989
0.057233
0.060543
0.036849
-0.008932
-0.060113
-0.091254
-0.086752
-0.044301
0.014194
0.063708
0.081885
0.064633
0.025835
-0.015183
-0.048316
-0.080628
-0.093703
-0.099941
-0.104062
-0.092215
-0.073903
-0.059576
-0.041218
-0.031103
-0.032179
-0.029052
-0.027763
-0.018688
0.001801
0.013938
0.017017
0.011358
-0.010300
-0.018982
-0.006157
0.012908
0.029364
0.044713
0.043005
0.044832
0.054291
0.069266
0.105336
0.147226
0.186103
0.250329
0.329182
0.347745
0.271700
0.073337
-0.159893
-0.323626
-0.334184
-0.201702
0.015571
0.180632
0.232591
0.176448
0.050959
-0.063922
-0.134964
-0.161681
-0.172920
-0.156354
-0.131070
-0.054595
0.044186
0.144529
0.195356
0.173013
0.074735
-0.045845
-0.135631
-0.174046
-0.147250
-0.094237
-0.040790
-0.007600
0.013543
0.022964
0.037641
0.045967
0.034923
0.003391
-0.044746
-0.081712
-0.085688
-0.049387
0.006338
0.059653
0.080241
0.062033
0.021039
-0.024470
-0.051123
-0.072827
-0.080729
-0.083780
-0.090728
