0.318427
0.285803
0.247149
0.175565
0.074530
-0.044460
-0.151672
-0.236976
-0.267420
-0.238167
-0.198765
-0.147725
-0.135799
-0.160428
-0.208006
-0.249963
-0.281284
-0.286130
-0.271802
-0.244547
-0.214018
-0.172495
-0.132938
-0.100007
-0.083321
-0.085611
-0.097406
-0.105895
-0.092899
-0.054966
0.003733
0.068170
0.122101
0.160801
0.199100
0.240642
0.286339
0.334163
0.360116
0.392837
0.390686
0.388572
0.372781
0.351271
0.318069
0.262981
0.174922
0.062510
-0.066432
-0.187957
-0.273440
-0.300385
-0.256404
-0.193411
-0.133434
-0.121643
-0.163807
-0.238760
-0.296626
-0.323603
-0.303633
-0.261924
-0.212519
-0.175510
-0.143676
-0.122924
-0.103944
-0.096035
-0.095127
-0.102376
-0.099169
-0.072249
-0.022680
0.044404
0.112877
0.166301
0.208406
0.247599
0.282739
0.324355
0.350162
0.365162
0.384230
0.391658
0.384856
0.370738
0.329359
0.261696
0.183966
0.090429
-0.014948
-0.122785
-0.217400
-0.289807
-0.309027
-0.286048
-0.235140
-0.181868
-0.154371
-0.168289
-0.214207
-0.269959
-0.305734
-0.304470
-0.269421
-0.220018
-0.173823
-0.135346
-0.110649
-0.093146
-0.081812
-0.077401
-0.073564
-0.060164
-0.036217
0.011393
0.077927
0.156694
0.235869
0.302538
0.347453
0.369478
0.386040
0.381047
0.386422
0.388953
0.392356
0.371240
0.325555
0.242876
0.138594
0.021788
-0.106055
-0.214207
-0.294879
-0.305362
-0.266290
-0.192566
-0.132019
-0.107590
-0.156673
-0.236688
-0.311196
-0.351918
-0.342081
-0.293161
-0.235673
-0.183825
-0.144381
-0.120851
-0.105486
-0.093814
-0.090099
-0.099266
-0.097898
-0.080510
-0.027998
0.044517
0.118177
0.175702
0.224716
0.261322
0.297844
0.329042
0.360802
0.392132
0.390547
0.372030
0.346088
0.334282
0.310689
0.273184
0.203440
0.092909
-0.041368
-0.173734
-0.287137
-0.338117
-0.324789
-0.271593
-0.207752
-0.162613
-0.158958
-0.186904
-0.228467
-0.273378
-0.302547
-0.303447
-0.278281
-0.233042
-0.173948
-0.120454
-0.082942
-0.066844
-0.070424
-0.081979
-0.086538
-0.067586
-0.023166
0.045192
0.117878
0.186220
0.244516
0.297935
0.338641
0.371745
0.389595
0.388893
0.393981
0.386142
0.374828
0.351382
0.299549
0.212921
0.108219
-0.019092
-0.153962
-0.260471
-0.311506
-0.302634
-0.246488
-0.188360
-0.156567
-0.159271
-0.194931
-0.243153
-0.283620
-0.308097
-0.306474
-0.281561
-0.241342
-0.191878
-0.142329
-0.102840
-0.077331
-0.077447
-0.092692
-0.108518
-0.103200
-0.064245
0.005958
0.084795
0.159224
0.223417
0.279345
0.329467
0.361940
0.375356
0.391908
0.397726
0.392855
0.383198
0.356648
0.310788
0.246173
0.152299
0.035434
-0.087709
-0.205736
-0.289924
-0.322568
-0.305483
-0.255354
-0.193253
-0.154623
-0.153292
-0.190197
-0.243272
-0.294279
-0.315529
-0.305012
-0.263883
-0.209342
-0.152367
-0.111692
-0.084343
-0.074988
-0.081837
-0.091308
-0.090681
-0.064559
-0.013618
0.056742
0.131570
0.202768
0.259787
0.305730
0.325335
0.359687
0.368471
0.358764
0.385546
0.373064
0.365362
0.348961
0.300735
0.218192
0.123770
0.001177
-0.126038
-0.234419
-0.306233
-0.332564
-0.298898
-0.241669
-0.185882
-0.147182
-0.151494
-0.191892
-0.247149
-0.296020
-0.320086
-0.304445
-0.261093
-0.198203
-0.141325
-0.091829
-0.067990
-0.062901
-0.069003
-0.083860
-0.082475
-0.052601
0.005149
0.084400
0.171545
0.250478
0.302808
0.333440
0.344543
0.358115
0.373560
0.398034
0.422293
0.411115
0.369456
0.293907
0.197043
0.091970
-0.006471
-0.110277
-0.213724
-0.294045
-0.318165
-0.292465
-0.225776
-0.162535
-0.133720
-0.147479
-0.199757
-0.266054
-0.312032
-0.317508
-0.287698
-0.234400
-0.179772
-0.134810
-0.098149
-0.075743
-0.066018
-0.075022
-0.090385
-0.096411
-0.071736
-0.014500
0.067978
0.153137
0.218730
0.259458
0.292396
0.321189
0.355705
0.380162
0.399436
0.409071
0.389639
0.359544
0.318714
0.268329
0.188014
0.100649
-0.032892
-0.172698
-0.283614
-0.327505
-0.301501
-0.217827
-0.147872
-0.130605
-0.159532
-0.224040
-0.281932
-0.306152
-0.297399
-0.277505
-0.246312
-0.215257
-0.183339
-0.140162
-0.100136
-0.074859
-0.073343
-0.089363
-0.107803
-0.095311
-0.048278
0.026936
0.108243
0.183629
0.240908
0.284055
0.319874
0.348866
0.377521
0.389455
0.393220
0.396472
0.387918
0.360103
0.313185
0.228853
0.126365
0.011506
-0.120955
-0.231851
-0.306131
-0.329199
-0.299424
-0.231815
-0.167122
-0.133620
-0.139006
-0.188061
-0.255689
-0.306496
-0.327294
-0.303059
-0.247352
-0.186540
-0.132418
-0.091996
-0.073891
-0.066597
-0.072432
-0.083315
-0.084229
-0.064877
-0.021695
0.052218
0.136582
0.209635
0.265674
0.301651
0.327478
0.350159
0.363477
0.382760
0.395301
0.391118
0.374542
0.327694
0.264023
0.176614
0.083165
-0.037451
-0.157830
-0.261085
-0.312118
-0.304236
-0.240439
-0.175482
-0.133751
-0.136328
-0.180114
-0.238796
-0.289550
-0.313023
-0.303844
-0.266706
-0.212929
-0.156372
-0.110505
-0.076643
-0.063781
-0.072923
-0.094331
-0.107639
-0.094631
-0.045748
0.034920
0.120319
0.203213
0.270020
0.321341
0.349355
0.363573
0.370981
0.381346
0.394444
0.401739
0.386737
0.337824
0.275003
0.179520
0.073011
-0.055350
-0.178470
-0.272529
-0.313541
-0.295471
-0.229696
-0.165512
-0.142228
-0.154171
-0.204583
-0.260495
-0.295466
-0.304460
-0.285668
-0.246420
-0.211485
-0.174605
-0.136271
-0.098936
-0.074674
-0.068962
-0.085772
-0.093093
-0.082494
-0.041187
0.024651
0.095524
0.167837
0.226885
0.278610
0.323721
0.356231
0.366495
0.366545
0.373467
0.371790
0.357049
0.335710
0.289096
0.217969
0.125970
0.026580
-0.086600
-0.185703
-0.258800
-0.285581
-0.257985
-0.200005
-0.158549
-0.151942
-0.178124
-0.225217
-0.271211
-0.294051
-0.286911
-0.261315
-0.223308
-0.193224
-0.164025
-0.138067
-0.111667
-0.090427
-0.083407
-0.087533
-0.088414
-0.066873
-0.019290
0.049244
0.118561
0.184522
0.242456
0.290478
0.335505
0.366572
0.389227
0.399695
0.407995
0.393061
0.369202
0.331922
0.254004
0.163425
0.050828
-0.066838
-0.176638
-0.256258
-0.283721
-0.255220
-0.208279
-0.172365
-0.156668
-0.174105
-0.204798
-0.235120
-0.262956
-0.280495
-0.275698
-0.253917
-0.213951
-0.165161
-0.118058
-0.087233
-0.075398
-0.087514
-0.103062
-0.105245
-0.079825
-0.023081
0.048687
0.119215
0.179950
0.237385
0.288811
0.335463
0.380527
0.409272
0.408729
0.408944
0.393798
0.356339
0.313583
0.247607
0.155042
0.053164
-0.074484
-0.199168
-0.273957
-0.282241
-0.235487
-0.157129
-0.104252
-0.104148
-0.151695
-0.232539
-0.295784
-0.317337
-0.304352
-0.265634
-0.222666
-0.186053
-0.153847
-0.127010
-0.107627
-0.098960
-0.107704
-0.122751
-0.126821
-0.100922
-0.042045
0.034820
0.106137
0.165687
0.209388
0.252989
0.295794
0.339148
0.375957
0.397041
0.402362
0.380627
0.366411
0.340436
0.304529
0.242462
0.143005
0.001124
-0.147494
-0.261522
-0.304805
-0.271887
-0.189541
-0.114727
-0.084700
-0.105489
-0.172130
-0.248375
-0.302790
-0.314224
-0.301490
-0.258286
-0.212571
-0.166759
-0.127678
-0.096021
-0.087837
-0.097475
-0.113628
-0.128695
-0.118675
-0.076007
-0.011461
0.056292
0.117417
0.168810
0.212432
0.258583
0.305018
0.353156
0.383905
0.394044
0.384783
0.366246
0.348092
0.330319
0.286072
0.214829
0.113046
-0.022180
-0.153781
-0.245496
-0.278737
-0.251274
-0.185307
-0.127075
-0.094329
-0.102127
-0.149518
-0.208624
-0.273390
-0.322280
-0.320707
-0.287890
-0.227328
-0.160240
-0.108402
-0.083804
-0.081583
-0.105765
-0.130916
-0.140830
-0.125108
-0.087009
-0.029422
0.029124
0.090964
0.153877
0.211841
0.271281
0.319310
0.342661
0.366164
0.382684
0.388730
0.383849
0.361676
0.323095
0.282522
0.214792
0.115505
-0.011247
-0.141571
-0.243919
-0.285805
-0.256887
-0.188115
-0.113069
-0.075463
-0.086430
-0.138697
-0.205103
-0.267920
-0.311072
-0.322422
-0.288899
-0.237093
-0.168921
-0.108751
-0.072760
-0.068866
-0.088911
-0.130178
-0.157664
-0.149913
-0.104614
-0.034982
0.037102
0.100087
0.149778
0.189113
0.222502
0.257477
0.294849
0.339784
0.374100
0.389249
0.389954
0.386723
0.354565
0.324064
0.271742
0.182633
0.053583
-0.098824
-0.228133
-0.300013
-0.287698
-0.218175
-0.133744
-0.074124
-0.069604
-0.116267
-0.173885
-0.228848
-0.263342
-0.278164
-0.286123
-0.279304
-0.234035
-0.173347
-0.100939
-0.051750
-0.047466
-0.083335
-0.132385
-0.160871
-0.145695
-0.084572
-0.008408
0.056158
0.100518
0.133933
0.174926
0.233717
0.300401
0.353312
0.388899
0.396989
0.376956
0.371095
0.354596
0.335932
0.302750
0.222860
0.097688
-0.043734
-0.175590
-0.262704
-0.271989
-0.224757
-0.147935
-0.082275
-0.055018
-0.076604
-0.123485
-0.181692
-0.241632
-0.282148
-0.285227
-0.270243
-0.228092
-0.182235
-0.136276
-0.097126
-0.081011
-0.087251
-0.110103
-0.134912
-0.142004
-0.121530
-0.079332
-0.022336
0.031488
0.076624
0.112370
0.137876
0.158114
0.186985
0.234260
0.292437
0.344094
0.367442
0.366033
0.364348
0.340645
0.322488
0.300964
0.244007
0.139942
0.008144
-0.142752
-0.240562
-0.264366
-0.228537
-0.156382
-0.093668
-0.078718
-0.106443
-0.147724
-0.191003
-0.220168
-0.234382
-0.245598
-0.252199
-0.248265
-0.215994
-0.155156
-0.092854
-0.057701
-0.064128
-0.101987
-0.139037
-0.143738
-0.113754
-0.061986
-0.002411
0.044379
0.081118
0.112638
0.148820
0.192765
0.243347
0.290153
0.328467
0.353150
0.370473
0.370189
0.370830
0.358318
0.323952
0.267193
0.175372
0.051789
-0.077497
-0.183855
-0.244995
-0.235585
-0.195259
-0.129805
-0.088706
-0.086594
-0.124982
-0.175313
-0.220387
-0.241806
-0.243579
-0.235972
-0.221586
-0.207046
-0.185762
-0.148395
-0.109455
-0.077906
-0.072873
-0.085389
-0.107101
-0.114351
-0.093763
-0.049183
0.008308
0.060780
0.100128
0.129521
0.152969
0.178579
0.210080
0.255873
0.306335
0.350496
0.372534
0.371236
0.347921
0.316971
0.281729
0.245913
0.183549
0.085451
-0.037388
-0.152266
-0.230780
-0.253345
-0.211137
-0.146142
-0.098149
-0.084571
-0.115008
-0.165142
-0.207107
-0.226860
-0.234776
-0.232791
-0.225680
-0.218201
-0.197906
-0.150926
-0.104637
-0.070196
-0.066730
-0.089910
-0.117075
-0.121719
-0.099239
-0.051986
-0.000872
0.046103
0.081610
0.110435
0.136069
0.164446
0.202597
0.249781
0.297701
0.336415
0.347255
0.350044
0.338892
0.323482
0.309122
0.278551
0.225724
0.130382
0.003247
-0.125970
-0.213140
-0.248504
-0.224191
-0.162091
-0.112832
-0.097593
-0.116678
-0.160500
-0.201072
-0.220451
-0.228267
-0.231406
-0.225651
-0.213765
-0.199422
-0.166176
-0.122624
-0.090113
-0.077612
-0.085672
-0.111774
-0.126383
-0.114081
-0.077093
-0.021973
0.032148
0.072685
0.099034
0.121618
0.146169
0.182509
0.225589
0.267074
0.307435
0.325320
0.343545
0.341624
0.319303
0.308016
0.275997
0.232972
0.171268
0.082096
-0.037504
-0.141530
-0.223881
-0.250835
-0.224835
-0.167535
-0.123280
-0.104551
-0.118799
-0.158534
-0.198780
-0.225517
-0.248542
-0.255468
-0.252363
-0.228419
-0.178250
-0.124217
-0.077551
-0.062833
-0.078014
-0.113050
-0.137995
-0.137480
-0.101371
-0.040509
0.022058
0.073017
0.108663
0.138805
0.163971
0.200662
0.239196
0.274832
0.310988
0.344581
0.368948
0.380787
0.374171
0.338190
0.291707
0.231686
0.151814
0.053715
-0.056552
-0.167737
-0.234972
-0.248513
-0.211970
-0.150176
-0.101156
-0.098944
-0.132810
-0.185463
-0.229152
-0.250443
-0.249202
-0.240863
-0.236377
-0.224275
-0.192747
-0.141899
-0.088739
-0.057409
-0.069350
-0.100613
-0.132437
-0.132023
-0.096411
-0.035515
0.027978
0.079373
0.111744
0.123753
0.137676
0.167089
0.210548
0.261881
0.307302
0.330252
0.317575
0.297679
0.303196
0.295882
0.301856
0.282603
0.229630
0.144393
0.033960
-0.085332
-0.190190
-0.248134
-0.256064
-0.218045
-0.163446
-0.120605
-0.112697
-0.127552
-0.165996
-0.212313
-0.258660
-0.283379
-0.281316
-0.241427
-0.183444
-0.123653
-0.083312
-0.068322
-0.078992
-0.102599
-0.122918
-0.128968
-0.103123
-0.053937
0.008435
0.066649
0.112914
0.139641
0.162194
0.192795
0.227513
0.268305
0.318001
0.352715
0.362384
0.346711
0.319825
0.300418
0.274319
0.249173
0.198040
0.103578
-0.023563
-0.145281
-0.235302
-0.257543
-0.218826
-0.164684
-0.122270
-0.111783
-0.138287
-0.175958
-0.207638
-0.228151
-0.246084
-0.264261
-0.273300
-0.253021
-0.199099
-0.128053
-0.070038
-0.050839
-0.072652
-0.114518
-0.143104
-0.135276
-0.090748
-0.028667
0.026796
0.067243
0.094080
0.123812
0.164463
0.213590
0.256654
0.286900
0.304673
0.328929
0.336104
0.327306
0.312248
0.299041
0.277405
0.244765
0.193833
0.112063
-0.000480
-0.114681
-0.208642
-0.253751
-0.235439
-0.181265
-0.130412
-0.109004
-0.126982
-0.173055
-0.216563
-0.248602
-0.273366
-0.274520
-0.254838
-0.220281
-0.169501
-0.118884
-0.084886
-0.077339
-0.090198
-0.112929
-0.124207
-0.113447
-0.075803
-0.024538
0.030597
0.079909
0.118263
0.148609
0.180869
0.213952
0.254682
0.299472
0.343044
0.356089
0.351369
0.320752
0.295575
0.279275
0.262365
0.232307
0.178721
0.090289
-0.029525
-0.139980
-0.220437
-0.246560
-0.222014
-0.175171
-0.143814
-0.131019
-0.144206
-0.171792
-0.201051
-0.232529
-0.270078
-0.284319
-0.269683
-0.222848
-0.156824
-0.097145
-0.068885
-0.074654
-0.098648
-0.126116
-0.129632
-0.104678
-0.060299
-0.009335
0.038722
0.075167
0.113890
0.160767
0.206304
0.251427
0.273701
0.287687
0.302697
0.318053
0.324008
0.311315
0.317548
0.305662
0.289128
0.249311
0.176793
0.063689
-0.062011
-0.182573
-0.257665
-0.267157
-0.217211
-0.152106
-0.107624
-0.101430
-0.136757
-0.183264
-0.219497
-0.247407
-0.272004
-0.280577
-0.264548
-0.220110
-0.158294
-0.097612
-0.070396
-0.072306
-0.097388
-0.122023
-0.123563
-0.098231
-0.052267
-0.000380
0.046114
0.079922
0.110047
0.146039
0.192657
0.238587
0.279359
0.311964
0.339304
0.342244
0.333922
0.327885
0.318979
0.300967
0.276290
0.226349
0.144169
0.027515
-0.101832
-0.199833
-0.249455
-0.242613
-0.197879
-0.148417
-0.119040
-0.118932
-0.146671
-0.184290
-0.220845
-0.243783
-0.263569
-0.270144
-0.248863
-0.205972
-0.148449
-0.095285
-0.068769
-0.073849
-0.093655
-0.117815
-0.122139
-0.101945
-0.061109
-0.009171
0.037219
0.078094
0.119408
0.160198
0.199716
0.231804
0.261431
0.288262
0.297131
0.305328
0.296348
0.278874
0.270701
0.260487
0.251979
0.239514
0.208113
0.141293
0.027532
-0.102651
-0.216109
-0.273489
-0.261952
-0.211305
-0.148785
-0.108281
-0.106416
-0.135833
-0.178957
-0.225045
-0.258916
-0.272669
-0.257854
-0.221246
-0.169023
-0.115781
-0.077083
-0.060458
-0.069691
-0.094404
-0.108622
-0.098668
-0.063988
-0.018386
0.029423
0.073402
0.113212
0.149877
0.183712
0.218944
0.253436
0.288744
0.325214
0.338496
0.333322
0.306727
0.280313
0.272657
0.258051
0.235704
0.191571
0.099495
-0.025041
-0.148166
-0.236862
-0.258565
-0.216667
-0.155148
-0.116015
-0.113105
-0.142377
-0.176325
-0.194598
-0.204141
-0.222915
-0.252629
-0.271958
-0.257990
-0.203813
-0.127512
-0.062075
-0.038602
-0.057031
-0.099232
-0.128336
-0.117665
-0.074854
-0.021386
0.026351
0.065524
0.098681
0.132493
0.170199
0.207244
0.229916
0.259716
0.285650
0.311669
0.322880
0.313791
0.318639
0.289307
0.273915
0.237555
0.192130
0.131465
0.037882
-0.081547
-0.182655
-0.244392
-0.249720
-0.196745
-0.139102
-0.103743
-0.104316
-0.136207
-0.178713
-0.211076
-0.240855
-0.263867
-0.264459
-0.235960
-0.193378
-0.131262
-0.080917
-0.052087
-0.055262
-0.083730
-0.117886
-0.130083
-0.103976
-0.053447
0.005525
0.059149
0.099632
0.128771
0.159266
0.194011
0.222827
0.250882
0.281224
0.309477
0.323019
0.308349
0.280658
0.253630
0.254131
0.247188
0.225476
0.174420
0.085115
-0.044310
-0.163752
-0.240665
-0.255363
-0.214369
-0.155396
-0.113616
-0.110362
-0.133665
-0.173529
-0.203496
-0.227622
-0.250612
-0.260916
-0.247401
-0.209667
-0.150575
-0.094040
-0.063245
-0.068913
-0.093988
-0.121628
-0.127666
-0.098255
-0.048157
0.008442
0.058269
0.092286
0.115257
0.138511
0.166624
0.205531
0.248309
0.289211
0.325077
0.338296
0.334709
0.310375
0.279141
0.262866
0.247992
0.217853
0.163452
0.074164
-0.046042
-0.162478
-0.239232
-0.259188
-0.220206
-0.159384
-0.114931
-0.106134
-0.128256
-0.167949
-0.200877
-0.222747
-0.245625
-0.258459
-0.249102
-0.217970
-0.164579
-0.105834
-0.068676
-0.060068
-0.075944
-0.104423
-0.116583
-0.101340
-0.063554
-0.012546
0.033820
0.071954
0.103100
0.139502
0.179169
0.218510
0.245563
0.275775
0.300606
0.317789
0.328194
0.292818
0.251480
0.246275
0.240497
0.236246
0.213251
0.137790
0.016743
-0.112745
-0.219572
-0.268241
-0.240624
-0.185651
-0.137875
-0.117687
-0.127863
-0.157638
-0.178363
-0.198127
-0.226014
-0.252449
-0.260900
-0.244479
-0.192217
-0.125160
-0.072969
-0.058188
-0.073193
-0.105290
-0.120239
-0.106133
-0.065923
-0.016595
0.027793
0.061879
0.093674
0.130221
0.172753
0.224038
0.267146
0.289405
0.314012
0.337764
0.335177
0.321974
0.301753
0.284502
0.273897
0.251283
0.191461
0.078690
-0.061950
-0.193074
-0.277011
-0.279098
-0.216091
-0.139678
-0.086767
-0.081094
-0.117254
-0.165323
-0.201272
-0.223991
-0.233790
-0.236056
-0.240499
-0.231997
-0.195262
-0.138684
-0.085738
-0.059834
-0.071905
-0.102593
-0.124626
-0.119319
-0.084520
-0.036318
0.007194
0.039731
0.067897
0.096555
0.133960
0.172596
0.206433
0.230684
0.244676
0.261959
0.291388
0.306759
0.304785
0.292415
0.277360
0.263300
0.238591
0.189363
0.098912
-0.034457
-0.158380
-0.252010
-0.274421
-0.226890
-0.158071
-0.105253
-0.094215
-0.117302
-0.157704
-0.187475
-0.207467
-0.229160
-0.254674
-0.263428
-0.244982
-0.189228
-0.113995
-0.057211
-0.045074
-0.068843
-0.110268
-0.134403
-0.119534
-0.072903
-0.019509
0.028403
0.062096
0.085277
0.116222
0.159195
0.205990
0.241084
0.261005
0.280373
0.314717
0.332100
0.322813
0.304948
0.277135
0.251588
0.226906
0.181124
0.092181
-0.026814
-0.156877
-0.248644
-0.275893
-0.226484
-0.152696
-0.093249
-0.081185
-0.113385
-0.160446
-0.195080
-0.213537
-0.219183
-0.221916
-0.231589
-0.234763
-0.209152
-0.152122
-0.092771
-0.057862
-0.066505
-0.102241
-0.134379
-0.135840
-0.106178
-0.052846
-0.002054
0.036362
0.068813
0.101763
0.139104
0.174547
0.206047
0.228460
0.250205
0.275166
0.311267
0.312818
0.302866
0.303909
0.293742
0.285152
0.246243
0.172519
0.046107
-0.094068
-0.206443
-0.265775
-0.249176
-0.179703
-0.115418
-0.088838
-0.101842
-0.143759
-0.182102
-0.199133
-0.208804
-0.215975
-0.230146
-0.237100
-0.220714
-0.172605
-0.113033
-0.070139
-0.057625
-0.084256
-0.114514
-0.132209
-0.116848
-0.074896
-0.026414
0.016054
0.049947
0.079640
0.110053
0.151454
0.197947
0.233873
0.257999
0.271120
0.295151
0.311656
0.312196
0.291846
0.259966
0.238875
0.220697
0.198632
0.132417
0.025537
-0.108374
-0.218784
-0.271853
-0.246371
-0.178391
-0.109763
-0.082500
-0.102241
-0.149264
-0.189398
-0.210721
-0.213718
-0.210783
-0.210478
-0.215388
-0.207043
-0.172176
-0.118396
-0.072166
-0.056635
-0.074753
-0.104798
-0.119563
-0.102521
-0.060309
-0.008312
0.032747
0.065417
0.089970
0.122309
0.162516
0.204300
0.232783
0.250722
0.263716
0.300563
0.318349
0.299062
0.305118
0.296187
0.289963
0.263979
0.181025
0.050849
-0.096802
-0.215589
-0.277124
-0.263499
-0.194608
-0.123681
-0.075882
-0.070772
-0.107918
-0.151429
-0.183080
-0.207168
-0.218850
-0.219864
-0.218634
-0.202472
-0.167286
-0.117059
-0.078339
-0.059609
-0.073224
-0.097150
-0.108615
-0.099949
-0.068327
-0.031051
0.008748
0.036888
0.066356
0.101722
0.136047
0.171179
0.205180
0.230327
0.246421
0.264308
0.294142
0.302310
0.274622
0.277038
0.264954
0.246022
0.229642
0.162162
0.057921
-0.062761
-0.167932
-0.225186
-0.226939
-0.181983
-0.135714
-0.104472
-0.100405
-0.126482
-0.157370
-0.176164
-0.187991
-0.195553
-0.196501
-0.198071
-0.191224
-0.166671
-0.124039
-0.085203
-0.061720
-0.061627
-0.080995
-0.092667
-0.092354
-0.067929
-0.029542
0.013744
0.054146
0.083046
0.103649
0.128623
0.161014
0.198200
0.229111
0.256773
0.283061
0.323327
0.321280
0.301030
0.281093
0.249989
0.241719
0.218547
0.154947
0.046861
-0.075656
-0.182335
-0.239717
-0.227264
-0.169615
-0.112888
-0.078658
-0.088733
-0.125958
-0.166608
-0.186433
-0.193135
-0.187799
-0.189272
-0.198956
-0.197044
-0.164206
-0.112993
-0.067445
-0.046173
-0.062752
-0.091133
-0.108475
-0.097357
-0.060754
-0.015248
0.031385
0.069760
0.099340
0.123876
0.148530
0.177015
0.207126
0.230909
0.250535
0.279791
0.314077
0.315900
0.293165
0.266796
0.252242
0.235146
0.214500
0.147792
0.032215
-0.101268
-0.209364
-0.253082
-0.228261
-0.160784
-0.100003
-0.076995
-0.092677
-0.130229
-0.165428
-0.183455
-0.190882
-0.196525
-0.208229
-0.212126
-0.194360
-0.146487
-0.087080
-0.045340
-0.041724
-0.067595
-0.097354
-0.102869
-0.077786
-0.036615
0.006049
0.039117
0.067043
0.093183
0.129912
0.177322
0.221616
0.244235
0.248035
0.245509
0.271335
0.276169
0.278517
0.293763
0.266791
0.249448
0.222729
0.176225
0.107989
0.012082
-0.105593
-0.202071
-0.241780
-0.225489
-0.169187
-0.106828
-0.083037
-0.098714
-0.137195
-0.169699
-0.187191
-0.189901
-0.195395
-0.209531
-0.215757
-0.200363
-0.150407
-0.087671
-0.040707
-0.033998
-0.058449
-0.092388
-0.106766
-0.081619
-0.037478
0.015345
0.052356
0.079523
0.103160
0.136786
0.183456
0.223142
0.236402
0.230300
0.249114
0.288027
0.316920
0.346729
0.322405
0.282585
0.234917
0.190579
0.134674
0.046958
-0.064090
-0.183563
-0.256799
-0.256639
-0.193567
-0.109948
-0.051511
-0.055456
-0.107243
-0.171867
-0.216217
-0.228830
-0.212673
-0.194854
-0.189630
-0.189912
-0.170310
-0.130431
-0.080619
-0.054067
-0.056026
-0.086957
-0.117597
-0.113032
-0.079427
-0.018817
0.039351
0.077748
0.094297
0.104037
0.125488
0.160812
0.206302
0.242532
0.254824
0.268390
0.299888
0.287991
0.271115
0.250542
0.227812
0.215556
0.197591
0.150445
0.065801
-0.041224
-0.148270
-0.223295
-0.232165
-0.192281
-0.138924
-0.103265
-0.103890
-0.132296
-0.164524
-0.178549
-0.182766
-0.190824
-0.209836
-0.228255
-0.225385
-0.183210
-0.119526
-0.063901
-0.039155
-0.056623
-0.086399
-0.105518
-0.094416
-0.056065
-0.003948
0.038387
0.070867
0.098335
0.127872
0.165053
0.201928
0.226277
0.236045
0.242334
0.266327
0.291233
0.296303
0.284352
0.261019
0.234194
0.206638
0.181411
0.127151
0.024327
-0.099768
-0.212665
-0.267703
-0.241095
-0.169851
-0.100931
-0.073131
-0.096259
-0.148151
-0.195806
-0.212744
-0.212035
-0.215784
-0.224140
-0.231127
-0.212855
-0.156940
-0.090183
-0.042451
-0.033050
-0.061226
-0.099185
-0.115026
-0.093877
-0.046134
0.009588
0.058127
0.092143
0.125298
0.165241
0.210428
0.240864
0.252486
0.254315
0.269848
0.288692
0.312966
0.299027
0.260060
0.229389
0.186944
0.169373
0.126856
0.043977
-0.071117
-0.181868
-0.255168
-0.252143
-0.194786
-0.124716
-0.086232
-0.093564
-0.142262
-0.187302
-0.210534
-0.209908
-0.211781
-0.220929
-0.230475
-0.216837
-0.166041
-0.096788
-0.044857
-0.036559
-0.065314
-0.107079
-0.119732
-0.092105
-0.038908
0.020630
0.065777
0.090296
0.108281
0.139765
0.186110
0.234365
0.266077
0.284094
0.304766
0.326665
0.334853
0.302412
0.262398
0.234928
0.201790
0.183243
0.126455
0.020055
-0.105564
-0.208457
-0.261416
-0.245407
-0.173822
-0.112168
-0.087287
-0.101637
-0.148765
-0.188524
-0.204641
-0.205363
-0.210977
-0.225978
-0.235197
-0.218156
-0.163320
-0.090481
-0.042850
-0.040194
-0.066782
-0.100142
-0.107705
-0.077808
-0.030588
0.019088
0.057796
0.082737
0.106837
0.148726
0.197885
0.242734
0.275751
0.281369
0.303251
0.325910
0.319127
0.299938
0.268360
0.251196
0.235233
0.208804
0.134690
0.013626
-0.121401
-0.232472
-0.277781
-0.245820
-0.172775
-0.102816
-0.072472
-0.091632
-0.136836
-0.181414
-0.204985
-0.214186
-0.224024
-0.236427
-0.234885
-0.203434
-0.143917
-0.076811
-0.035746
-0.038383
-0.072691
-0.107572
-0.113702
-0.082548
-0.032638
0.019308
0.059998
0.091715
0.127036
0.169026
0.209856
0.237539
0.251000
0.263462
0.294215
0.342801
0.362963
0.341052
0.290523
0.249346
0.211681
0.173595
0.103669
-0.015182
-0.146244
-0.239403
-0.273354
-0.220091
-0.133887
-0.067864
-0.054876
-0.097138
-0.162968
-0.210553
-0.229881
-0.221237
-0.207314
-0.204688
-0.209441
-0.197294
-0.153418
-0.095031
-0.053036
-0.048342
-0.078044
-0.109021
-0.116351
-0.087495
-0.038039
0.014715
0.056465
0.082983
0.107861
0.137624
0.179217
0.223128
0.252587
0.272188
0.283505
0.303471
0.294494
0.277157
0.257839
0.239390
0.225685
0.212456
0.172902
0.086816
-0.033062
-0.149582
-0.234648
-0.246294
-0.199767
-0.141501
-0.097555
-0.099063
-0.130065
-0.167763
-0.189373
-0.195391
-0.201179
-0.220646
-0.232874
-0.225389
-0.180782
-0.117667
-0.059853
-0.039879
-0.055835
-0.089359
-0.113777
-0.106168
-0.066183
-0.014830
0.037664
0.077230
0.109815
0.144300
0.181378
0.222559
0.243843
0.253414
0.265481
0.285645
0.307854
0.318121
0.283405
0.251918
0.210684
0.178130
0.147507
0.081976
-0.012906
-0.123237
-0.214459
-0.250295
-0.220822
-0.158342
-0.103489
-0.089992
-0.118838
-0.164177
-0.200284
-0.214487
-0.219805
-0.235744
-0.245803
-0.236618
-0.194944
-0.131417
-0.066639
-0.040828
-0.052820
-0.089724
-0.118805
-0.110894
-0.066900
-0.005306
0.049242
0.088410
0.114902
0.142309
0.178534
0.212163
0.232633
0.243775
0.274316
0.302756
0.300082
0.291754
0.269030
0.248604
0.233353
0.213426
0.151433
0.050095
-0.080329
-0.201665
-0.266089
-0.249222
-0.193742
-0.125127
-0.089412
-0.104544
-0.143665
-0.183535
-0.206550
-0.215294
-0.227664
-0.244619
-0.250718
-0.227085
-0.171158
-0.101480
-0.054320
-0.051574
-0.078303
-0.111793
-0.121515
-0.097413
-0.050513
0.000236
0.034948
0.064318
0.102856
0.149426
0.200940
0.238904
0.256722
0.270039
0.295624
0.319254
0.312376
0.287818
0.267033
0.239507
0.210358
0.184070
0.121015
0.018085
-0.100534
-0.209263
-0.269598
-0.248636
-0.185654
-0.124226
-0.093631
-0.116141
-0.162647
-0.200854
-0.218188
-0.226718
-0.236493
-0.246815
-0.244196
-0.210653
-0.149873
-0.089970
-0.056291
-0.062352
-0.095778
-0.123412
-0.120755
-0.079916
-0.020704
0.034452
0.068606
0.085544
0.103894
0.139758
0.191129
0.242577
0.279003
0.316586
0.341078
0.354240
0.331486
0.280416
0.251991
0.216531
0.206299
0.163622
0.068834
-0.054771
-0.175880
-0.257365
-0.262204
-0.212916
-0.149484
-0.104859
-0.111420
-0.153173
-0.194731
-0.220236
-0.222769
-0.220469
-0.238197
-0.256151
-0.249693
-0.203359
-0.128967
-0.059351
-0.038232
-0.059205
-0.105701
-0.130322
-0.114343
-0.066073
-0.006439
0.036284
0.068072
0.095371
0.137817
0.190119
0.241631
0.267822
0.271874
0.281951
0.294325
0.296896
0.306245
0.285976
0.258916
0.228229
0.188590
0.129988
0.046291
-0.060656
-0.167239
-0.238885
-0.255383
-0.215354
-0.151816
-0.103965
-0.100504
-0.134341
-0.184236
-0.221530
-0.241716
-0.251505
-0.249197
-0.238149
-0.209466
-0.159847
-0.108057
-0.070278
-0.064300
-0.084104
-0.106177
-0.114558
-0.092477
-0.048869
0.005372
0.054440
0.086043
0.110685
0.144835
0.192834
0.239815
0.279099
0.308480
0.336450
0.347769
0.334523
0.297783
0.263745
0.227961
0.203083
0.163943
0.085117
-0.028413
-0.144531
-0.235648
-0.260109
-0.215727
-0.154286
-0.107557
-0.099720
-0.132856
-0.177729
-0.203618
-0.224880
-0.237775
-0.246172
-0.246177
-0.228316
-0.179680
-0.120270
-0.067582
-0.045340
-0.061898
-0.099017
-0.122764
-0.113641
-0.068191
-0.007139
0.046491
0.085302
0.118210
0.157989
0.204085
0.244240
0.263749
0.273498
0.286460
0.300581
0.308941
0.313492
0.309680
0.295353
0.261614
0.210082
0.118490
0.010164
-0.105614
-0.206186
-0.261248
-0.250722
-0.203954
-0.141612
-0.095056
-0.090750
-0.122984
-0.166729
-0.219798
-0.260635
-0.275620
-0.269012
-0.237787
-0.183830
-0.125783
-0.079034
-0.052355
-0.056531
-0.077050
-0.095524
-0.096739
-0.075044
-0.033205
0.020127
0.069686
0.118509
0.159874
0.197503
0.227941
0.249223
0.260627
0.284274
0.307108
0.316618
0.306623
0.294926
0.274878
0.253251
0.226131
0.169721
0.075425
-0.036673
-0.150154
-0.234972
-0.241279
-0.201367
-0.139476
-0.099322
-0.097436
-0.136395
-0.175329
-0.210875
-0.234968
-0.244753
-0.240296
-0.229686
-0.197879
-0.153998
-0.106417
-0.068004
-0.054999
-0.065456
-0.086517
-0.097752
-0.082201
-0.042235
0.011590
0.067715
0.109878
0.146496
0.185199
0.223700
0.252207
0.271052
0.295413
0.319420
0.333891
0.320378
0.303797
0.287346
0.260227
0.230601
0.168988
0.081943
-0.027717
-0.137793
-0.217835
-0.239840
-0.206254
-0.148595
-0.102456
-0.092914
-0.123744
-0.176332
-0.223919
-0.247820
-0.248989
-0.235752
-0.213235
-0.184800
-0.147786
-0.106475
-0.073936
-0.062448
-0.067776
-0.081863
-0.084897
-0.065136
-0.019223
0.034593
0.077632
0.109243
0.135940
0.172509
0.221895
0.279438
0.330542
0.364061
0.372427
0.349399
0.301219
0.302111
0.286490
0.271159
0.230511
0.137964
0.004180
-0.109204
-0.193826
-0.222875
-0.192930
-0.145632
-0.117919
-0.109230
-0.126336
-0.162893
-0.192919
-0.223913
-0.243178
-0.252223
-0.237910
-0.210049
-0.162654
-0.118046
-0.084516
-0.078244
-0.082826
-0.097107
-0.095028
-0.073793
-0.041286
0.000161
0.037780
0.081172
0.121327
0.166752
0.215169
0.260973
0.297458
0.325982
0.343656
0.352304
0.343652
0.341033
0.323918
0.294652
0.244220
0.165753
0.066841
-0.042308
-0.141496
-0.208330
-0.221274
-0.194708
-0.145419
-0.106299
-0.103132
-0.135870
-0.184158
-0.230755
-0.249681
-0.250405
-0.231212
-0.206066
-0.176741
-0.144876
-0.108268
-0.083051
-0.070106
-0.075652
-0.086837
-0.090001
-0.069563
-0.029959
0.022102
0.073153
0.112933
0.153125
0.200563
0.246515
0.293478
0.330700
0.360170
0.362385
0.344814
0.328396
0.320615
0.305173
0.264940
0.199437
0.088808
-0.031137
-0.139454
-0.205329
-0.220519
-0.185092
-0.145865
-0.114941
-0.113272
-0.136887
-0.185359
-0.222796
-0.248231
-0.251758
-0.237656
-0.210932
-0.178841
-0.144832
-0.114535
-0.098487
-0.094439
-0.101133
-0.103899
-0.097868
-0.067407
-0.026770
0.020472
0.066348
0.106873
0.147634
0.191745
0.237517
0.274396
0.300075
0.322404
0.344678
0.346109
0.347340
0.335785
0.306822
0.256893
0.187099
0.090034
-0.006810
-0.103848
-0.179386
-0.223358
-0.221449
-0.185938
-0.149334
-0.130534
-0.137629
-0.167773
-0.205928
-0.231761
-0.243948
-0.237229
-0.218273
-0.195640
-0.169774
-0.138263
-0.106953
-0.083404
-0.072063
-0.072269
-0.076206
-0.066922
-0.042992
-0.000213
0.052066
0.098525
0.147938
0.205165
0.252585
0.293856
0.334667
0.354076
0.353031
0.339781
0.332112
0.324474
0.295017
0.240954
0.153085
0.040678
-0.073647
-0.168281
-0.223983
-0.236915
-0.211555
-0.179601
-0.150453
-0.139200
-0.150500
-0.174049
-0.204958
-0.236369
-0.253010
-0.253093
-0.232747
-0.194623
-0.152241
-0.114850
-0.091378
-0.084156
-0.087207
-0.088957
-0.080588
-0.057639
-0.020529
0.024399
0.073191
0.129444
0.185099
0.241732
0.283071
0.312416
0.340947
0.353414
0.343064
0.332716
0.334493
0.298825
0.248399
0.158906
0.046056
-0.074678
-0.166966
-0.228434
-0.241705
-0.221088
-0.185464
-0.161136
-0.144324
-0.150115
-0.169589
-0.191496
-0.221433
-0.251418
-0.270116
-0.263731
-0.230303
-0.174478
-0.119847
-0.082775
-0.072126
-0.076631
-0.090907
-0.091008
-0.079772
-0.049740
-0.008223
0.040886
0.096282
0.158048
0.219089
0.265557
0.310668
0.343823
0.358675
0.341470
0.335933
0.329993
0.304113
0.262736
0.177614
0.061849
-0.048024
-0.147820
-0.217902
-0.239322
-0.228822
-0.203365
-0.172809
-0.148029
-0.146913
-0.155326
-0.183108
-0.218451
-0.255466
-0.273520
-0.272059
-0.235632
-0.182702
-0.127402
-0.090732
-0.074618
-0.078777
-0.093198
-0.098245
-0.091414
-0.063345
-0.020187
0.036949
0.097226
0.156384
0.213345
0.255634
0.296641
0.328026
0.341588
0.334067
0.323863
0.315023
0.281035
0.229762
0.157163
0.060887
-0.034246
-0.116284
-0.190433
-0.228561
-0.234614
-0.208120
-0.174120
-0.141340
-0.138249
-0.158994
-0.195131
-0.233352
-0.260933
-0.266917
-0.250766
-0.213795
-0.170968
-0.132145
-0.104824
-0.090172
-0.085490
-0.087307
-0.090348
-0.088906
-0.068741
-0.032345
0.016327
0.072599
0.131815
0.184506
0.233340
0.272225
0.306466
0.320614
0.323192
0.309826
0.295984
0.278965
0.237844
0.180419
0.102645
0.015888
-0.073523
-0.145218
-0.200023
-0.217606
-0.209164
-0.181063
-0.160908
-0.149796
-0.164037
-0.186153
-0.215085
-0.236212
-0.245609
-0.237303
-0.218369
-0.189353
-0.158199
-0.129520
-0.109552
-0.097362
-0.092317
-0.088825
-0.081951
-0.066135
-0.036755
-0.000637
0.043931
0.094153
0.149615
0.212119
0.256918
0.290368
0.320989
0.331488
0.316688
0.307944
0.292269
0.258106
0.212821
0.139738
0.047284
-0.039932
-0.121054
-0.185104
-0.209588
-0.209081
-0.189034
-0.160065
-0.137133
-0.142234
-0.161656
-0.193194
-0.225571
-0.243085
-0.244142
-0.231486
-0.198740
-0.157873
-0.121436
-0.094750
-0.085495
-0.087532
-0.093718
-0.091852
-0.077958
-0.046193
-0.003386
0.041464
0.085162
0.127536
0.172964
0.217581
0.258355
0.294629
0.321752
0.334423
0.335065
0.325025
0.297419
0.250973
0.177488
0.082485
-0.011610
-0.099009
-0.162938
-0.193777
-0.198139
-0.178079
-0.152764
-0.131822
-0.131840
-0.145032
-0.175361
-0.203857
-0.226136
-0.232337
-0.225839
-0.200971
-0.171181
-0.138466
-0.110299
-0.091626
-0.083922
-0.083767
-0.083387
-0.077399
-0.059039
-0.026474
0.016724
0.062535
0.110464
0.160869
0.215620
0.261254
0.294582
0.324768
0.328552
0.318875
0.309041
0.287081
0.251064
0.203647
0.129880
0.047412
-0.027463
-0.098417
-0.154777
-0.180868
-0.185929
-0.173900
-0.148002
-0.134271
-0.136340
-0.155494
-0.183298
-0.211785
-0.225669
-0.225795
-0.206660
-0.178567
-0.147845
-0.121781
-0.102054
-0.087412
-0.077191
-0.071041
-0.067290
-0.057292
-0.038639
-0.004803
0.037272
0.083091
0.130348
0.182324
0.233852
0.274555
0.305597
0.321023
0.321076
0.312392
0.291829
0.272768
0.240102
0.182885
0.115492
0.030688
-0.049030
-0.115239
-0.153638
-0.171681
-0.168141
-0.154624
-0.141437
-0.137590
-0.144615
-0.162285
-0.185006
-0.204197
-0.208837
-0.202350
-0.183563
-0.159662
-0.138765
-0.120273
-0.105238
-0.092100
-0.080593
-0.069152
-0.054724
-0.036358
-0.010128
0.021300
0.058382
0.096673
0.143633
0.199943
0.251110
0.289543
0.316526
0.326895
0.319310
0.296443
0.280609
0.250789
0.212180
0.161769
0.097982
0.020362
-0.052369
-0.115989
-0.160647
-0.178879
-0.172934
-0.158496
-0.143537
-0.134477
-0.141348
-0.155048
-0.176615
-0.192632
-0.203674
-0.195681
-0.181545
-0.156606
-0.132659
-0.110124
-0.093654
-0.076874
-0.067833
-0.057805
-0.046119
-0.027406
-0.002358
0.029270
0.065461
0.107954
0.160053
0.219368
0.262152
0.284247
0.296569
0.302993
0.309221
0.306096
0.283549
0.248712
0.201809
0.138480
0.077834
0.009654
-0.053974
-0.114290
-0.156170
-0.184138
-0.178436
-0.156658
-0.132305
-0.121701
-0.132155
-0.165378
-0.194884
-0.210235
-0.209018
-0.191176
-0.167990
-0.149027
-0.128879
-0.110138
-0.094493
-0.077945
-0.067130
-0.062506
-0.052676
-0.034645
-0.004005
0.039618
0.083075
0.125449
0.170978
0.217742
0.256341
0.282593
0.288569
0.286096
0.277336
0.268501
0.264179
0.251183
0.216293
0.169916
0.100192
0.025058
-0.058349
-0.123094
-0.173267
-0.191646
-0.188148
-0.164805
-0.142236
-0.123938
-0.123432
-0.141840
-0.168653
-0.192758
-0.206019
-0.200508
-0.180949
-0.155799
-0.130438
-0.109227
-0.089706
-0.071984
-0.058842
-0.051943
-0.042291
-0.027264
-0.000934
0.036262
0.077598
0.114369
0.158232
0.206772
0.250404
0.281436
0.295141
0.294634
0.301317
0.294662
0.282318
0.259748
0.221160
0.161886
0.100783
0.027053
-0.047405
-0.115746
-0.163746
-0.196882
-0.191511
-0.168113
-0.143404
-0.125951
-0.128545
-0.147827
-0.177308
-0.198270
-0.207508
-0.198052
-0.176887
-0.152940
-0.133736
-0.109872
-0.091233
-0.073229
-0.061541
-0.054720
-0.047591
-0.029828
-0.001530
0.037036
0.081910
0.122335
0.162848
0.208322
0.252099
0.279652
0.290607
0.295169
0.299367
0.294848
0.287564
0.266917
0.226642
0.173598
0.105990
0.026590
-0.055214
-0.120188
-0.168703
-0.188510
-0.184242
-0.163671
-0.139385
-0.119789
-0.121870
-0.141697
-0.172720
-0.197692
-0.210038
-0.202049
-0.179005
-0.152657
-0.127541
-0.107179
-0.089654
-0.076381
-0.063606
-0.054581
-0.044731
-0.030054
-0.002526
0.028068
0.066462
0.106065
0.151194
0.203069
0.257313
0.298185
0.319994
0.328999
0.324928
0.306117
0.293958
0.267247
0.225893
0.170633
0.100355
0.020888
-0.054119
-0.119196
-0.163646
-0.183051
-0.176348
-0.159591
-0.138903
-0.128078
-0.134071
-0.153735
-0.177932
-0.197749
-0.206855
-0.200955
-0.184539
-0.159848
-0.135068
-0.112202
-0.093892
-0.077266
-0.066117
-0.054726
-0.041553
-0.025217
0.001438
0.036449
0.075151
0.114661
0.160987
0.207848
0.252357
0.285347
0.304608
0.302888
0.303182
0.300331
0.289518
0.265224
0.231758
0.182858
0.117349
0.039922
-0.038608
-0.111747
-0.162846
-0.186091
-0.185538
-0.161701
-0.137545
-0.121485
-0.129443
-0.150849
-0.184597
-0.203472
-0.209462
-0.195687
-0.175919
-0.154847
-0.135112
-0.113487
-0.095425
-0.078594
-0.066459
-0.058638
-0.051124
-0.037104
-0.012173
0.021864
0.064621
0.107093
0.152289
0.201333
0.252632
0.290279
0.316230
0.320495
0.318875
0.318958
0.304699
0.283272
0.248578
0.193453
0.123664
0.046288
-0.043150
-0.120363
-0.175080
-0.205816
-0.204730
-0.180497
-0.154094
-0.136268
-0.132784
-0.150572
-0.177958
-0.202038
-0.218789
-0.219960
-0.204006
-0.181038
-0.154645
-0.123296
-0.095470
-0.076569
-0.063418
-0.059045
-0.053801
-0.041243
-0.016502
0.014046
0.055637
0.096698
0.142428
0.191544
0.237854
0.276100
0.303659
0.321630
0.328861
0.321133
0.304395
0.280881
0.243385
0.193181
0.132033
0.053589
-0.031257
-0.109778
-0.172627
-0.209647
-0.207208
-0.177956
-0.145111
-0.120985
-0.126190
-0.156386
-0.192218
-0.217559
-0.232536
-0.220166
-0.197693
-0.170244
-0.143239
-0.116822
-0.101755
-0.087580
-0.079698
-0.076477
-0.071981
-0.060799
-0.034720
0.004819
0.054041
0.101891
0.146761
0.188925
0.229941
0.268984
0.301253
0.321651
0.326698
0.319921
0.306064
0.274335
0.237740
0.189730
0.126670
0.055710
-0.023574
-0.103168
-0.162537
-0.196744
-0.199771
-0.181514
-0.158614
-0.145546
-0.151240
-0.169817
-0.194858
-0.211518
-0.219098
-0.214560
-0.202331
-0.182733
-0.161587
-0.136543
-0.113158
-0.095440
-0.084277
-0.078814
-0.073375
-0.058985
-0.032194
0.004124
0.044472
0.081625
0.118547
0.160370
0.211735
0.255990
0.289554
0.307487
0.311487
0.308392
0.307507
0.289542
0.260224
0.213958
0.149953
0.071908
-0.006220
-0.082757
-0.149628
-0.192831
-0.210174
-0.202672
-0.179788
-0.150711
-0.137092
-0.142706
-0.173823
-0.209517
-0.240503
-0.241519
-0.222989
-0.187559
-0.157106
-0.134634
-0.120968
-0.110128
-0.101053
-0.089222
-0.080077
-0.068531
-0.053098
-0.026382
0.013193
0.057998
0.107139
0.156643
0.201007
0.241680
0.269760
0.290357
0.310372
0.323598
0.328702
0.320094
0.289896
0.237542
0.167307
0.089596
0.004953
-0.076968
-0.150404
-0.199914
-0.224582
-0.215363
-0.186454
-0.154925
-0.137593
-0.142946
-0.173967
-0.211149
-0.238225
-0.245991
-0.231836
-0.204494
-0.175863
-0.151095
-0.125953
-0.109706
-0.096819
-0.091162
-0.087024
-0.081126
-0.060358
-0.028695
0.011598
0.060797
0.108494
0.155116
0.198669
0.237021
0.269318
0.296385
0.319326
0.329529
0.323334
0.309902
0.279113
0.236146
0.174639
0.094366
0.010419
-0.074839
-0.148963
-0.200308
-0.225549
-0.220946
-0.190127
-0.153644
-0.134020
-0.137501
-0.166390
-0.208458
-0.238624
-0.252652
-0.243601
-0.218575
-0.183083
-0.150845
-0.121083
-0.097759
-0.086622
-0.080489
-0.079972
-0.078930
-0.064003
-0.035508
0.003042
0.050291
0.098471
0.147820
0.198674
0.244179
0.276182
0.303547
0.324279
0.336641
0.334635
0.317438
0.285697
0.236649
0.173444
0.090628
0.001881
-0.087564
-0.166042
-0.209050
-0.217529
-0.200762
-0.167194
-0.143729
-0.138454
-0.154564
-0.180873
-0.213724
-0.232511
-0.237362
-0.230239
-0.211928
-0.183643
-0.155071
-0.123554
-0.096077
-0.082686
-0.080313
-0.082391
-0.082009
-0.067739
-0.036049
0.002394
0.046272
0.092663
0.142431
0.194764
0.245059
0.285188
0.313768
0.331901
0.340210
0.337014
0.327447
0.306101
0.254456
0.182278
0.092215
-0.006770
-0.096770
