-0.375824
-0.409668
-0.484161
-0.443390
-0.438354
-0.288940
0.149353
0.344116
0.700592
0.781830
0.807281
0.720123
0.513885
0.370453
0.108887
-0.082153
-0.390594
-0.441223
-0.495148
-0.367706
-0.207520
-0.012024
0.176880
0.306732
0.460236
0.484497
0.550323
0.464386
0.275696
0.013794
-0.169220
-0.207184
-0.215698
-0.251495
-0.283905
-0.260620
-0.193420
-0.115295
0.005066
0.027283
-0.043976
-0.137634
-0.248749
-0.318268
-0.350525
-0.384552
-0.405853
-0.482880
-0.465668
-0.486420
-0.265839
0.192444
0.367188
0.750092
0.760742
0.794708
0.643646
0.511688
0.379547
0.083801
-0.102661
-0.440002
-0.440002
-0.519531
-0.327454
-0.186584
0.025208
0.192932
0.324860
0.472321
0.494446
0.558502
0.421753
0.267731
0.010834
-0.193939
-0.266754
-0.241089
-0.224152
-0.239319
-0.243256
-0.183014
-0.116547
0.009460
0.039490
-0.017639
-0.125732
-0.259888
-0.341217
-0.377686
-0.362823
-0.378662
-0.429230
-0.413605
-0.415619
-0.357697
0.084930
0.304443
0.651428
0.761688
0.723572
0.667603
0.508453
0.428131
0.168427
-0.002075
-0.336334
-0.434296
-0.503296
-0.376251
-0.160645
-0.002777
0.150299
0.244873
0.394470
0.432739
0.534821
0.481354
0.295685
0.041321
-0.159454
-0.186707
-0.171204
-0.213898
-0.264038
-0.260315
-0.197540
-0.122559
0.012451
0.043213
-0.052277
-0.149689
-0.257416
-0.307953
-0.319611
-0.345612
-0.367310
-0.455109
-0.484802
-0.457062
-0.392090
0.036407
0.298553
0.660492
0.736359
0.789551
0.782501
0.559418
0.454163
0.167938
-0.027893
-0.389252
-0.467407
-0.531464
-0.418274
-0.265289
-0.088226
0.159302
0.284393
0.465607
0.509064
0.578308
0.500122
0.350952
0.122131
-0.129761
-0.230042
-0.249268
-0.287689
-0.306854
-0.293274
-0.216034
-0.142761
-0.016083
0.046265
-0.008636
-0.090149
-0.212646
-0.264648
-0.332184
-0.359314
-0.363007
-0.442871
-0.467987
-0.435883
-0.358612
0.082825
0.295319
0.585938
0.789551
0.671387
0.663788
0.513519
0.426605
0.156860
-0.032898
-0.312134
-0.444977
-0.467072
-0.401184
-0.161682
-0.062683
0.139313
0.255432
0.451904
0.483887
0.505554
0.495758
0.284882
0.074188
-0.131317
-0.201355
-0.222015
-0.231750
-0.246063
-0.251617
-0.197266
-0.128784
-0.006256
0.055450
-0.023956
-0.110931
-0.228180
-0.309265
-0.338379
-0.359039
-0.372528
-0.450043
-0.474243
-0.470734
-0.411041
0.060333
0.307404
0.680176
0.846375
0.748871
0.689148
0.473175
0.415863
0.153656
-0.013153
-0.366333
-0.490112
-0.532440
-0.454071
-0.175446
0.013702
0.203827
0.255432
0.420349
0.467865
0.561401
0.545288
0.331268
0.055542
-0.186951
-0.237518
-0.211273
-0.252563
-0.275452
-0.286346
-0.232635
-0.142822
0.000427
0.082306
-0.002869
-0.097931
-0.212372
-0.275330
-0.324371
-0.333313
-0.356720
-0.470276
-0.461914
-0.508301
-0.341888
-0.005402
0.287201
0.676666
0.833771
0.888947
0.676025
0.524902
0.325073
0.117706
-0.070709
-0.356750
-0.480652
-0.586700
-0.460175
-0.238342
0.048157
0.220032
0.342590
0.436279
0.494171
0.548706
0.532318
0.351563
0.057281
-0.193848
-0.276062
-0.264709
-0.280212
-0.269775
-0.284729
-0.220612
-0.141998
0.015076
0.078217
0.042542
-0.061829
-0.182373
-0.284637
-0.344543
-0.338074
-0.380707
-0.457275
-0.469238
-0.500153
-0.348511
0.107697
0.294403
0.699402
0.759949
0.772095
0.660278
0.457764
0.368225
0.071991
-0.054779
-0.389801
-0.420929
-0.506439
-0.386475
-0.175262
0.026581
0.227905
0.303741
0.453217
0.473328
0.546570
0.469147
0.274292
0.013916
-0.192688
-0.245300
-0.230347
-0.256104
-0.272583
-0.276031
-0.190033
-0.110840
0.016388
0.062134
0.009247
-0.062073
-0.174042
-0.263214
-0.347046
-0.347382
-0.385315
-0.440033
-0.408966
-0.445892
-0.366211
0.001099
0.238464
0.633148
0.731842
0.812500
0.688232
0.471832
0.340057
0.105225
-0.015015
-0.332214
-0.395874
-0.509796
-0.422974
-0.245209
0.027710
0.221924
0.305603
0.418610
0.443237
0.506134
0.464447
0.347687
0.095062
-0.155579
-0.273773
-0.236511
-0.230530
-0.232025
-0.250214
-0.197449
-0.161530
-0.040314
0.047150
0.027405
-0.037323
-0.177277
-0.286713
-0.366180
-0.354401
-0.357025
-0.392578
-0.437195
-0.495728
-0.449432
0.004608
0.287109
0.713043
0.821320
0.749146
0.661682
0.426178
0.387726
0.143616
-0.012512
-0.378174
-0.501251
-0.564178
-0.435913
-0.158173
0.053436
0.231140
0.288147
0.431122
0.496826
0.572449
0.517120
0.335022
0.045471
-0.216949
-0.301849
-0.240051
-0.238739
-0.241058
-0.272675
-0.207764
-0.133301
0.001923
0.095795
0.038055
-0.035645
-0.179962
-0.264069
-0.330627
-0.334808
-0.380890
-0.422363
-0.466522
-0.490540
-0.450745
-0.015594
0.269165
0.630951
0.808685
0.714813
0.688995
0.464203
0.410309
0.160400
-0.005402
-0.339142
-0.484741
-0.511292
-0.435089
-0.168427
0.008942
0.197906
0.266815
0.410065
0.457611
0.532776
0.500824
0.330414
0.105560
-0.156738
-0.304016
-0.260681
-0.214600
-0.184174
-0.216644
-0.194214
-0.160767
-0.056641
0.067230
0.026062
-0.016632
-0.184601
-0.294922
-0.371826
-0.359253
-0.352875
-0.400421
-0.455597
-0.515656
-0.475494
-0.006409
0.327606
0.660828
0.851257
0.678741
0.646576
0.473389
0.426178
0.199097
-0.021149
-0.351318
-0.533936
-0.513306
-0.422638
-0.143158
-0.000885
0.147034
0.234100
0.404083
0.493622
0.560394
0.529297
0.316406
0.117432
-0.093597
-0.221954
-0.227295
-0.256561
-0.263794
-0.274841
-0.213409
-0.154541
-0.045715
0.035950
-0.011749
-0.027832
-0.157349
-0.262421
-0.331726
-0.392456
-0.410706
-0.434265
-0.424072
-0.515411
-0.382233
0.053833
0.309845
0.752136
0.801727
0.766357
0.635956
0.445435
0.328949
0.089783
-0.065491
-0.418701
-0.478394
-0.563080
-0.384369
-0.159363
0.057983
0.245575
0.340393
0.466949
0.488831
0.570343
0.479431
0.310425
0.038116
-0.191223
-0.297150
-0.277893
-0.280243
-0.279419
-0.275055
-0.189178
-0.106201
0.022034
0.091675
0.044983
-0.016479
-0.145050
-0.250366
-0.348755
-0.352905
-0.387390
-0.405334
-0.447205
-0.475006
-0.472992
-0.068085
0.223785
0.614624
0.838440
0.753357
0.729187
0.481598
0.407349
0.171051
0.019531
-0.319336
-0.488281
-0.542419
-0.482697
-0.221527
-0.047974
0.179352
0.267487
0.422424
0.489990
0.578705
0.548401
0.366394
0.120544
-0.136230
-0.253815
-0.248779
-0.272064
-0.294586
-0.305634
-0.231323
-0.149689
-0.022858
0.085144
0.036865
-0.007416
-0.145691
-0.247528
-0.316986
-0.326385
-0.359436
-0.412781
-0.482056
-0.531891
-0.510193
-0.015350
0.261108
0.591644
0.820251
0.728149
0.752136
0.514587
0.471985
0.175049
-0.015503
-0.360901
-0.494415
-0.520599
-0.488037
-0.227875
-0.108765
0.160980
0.281433
0.480896
0.518616
0.562927
0.524994
0.363129
0.173218
-0.082947
-0.244995
-0.310883
-0.323303
-0.302307
-0.284210
-0.208008
-0.135162
-0.043518
0.068054
0.046417
0.038208
-0.100342
-0.214874
-0.314545
-0.329163
-0.355988
-0.383636
-0.432129
-0.462860
-0.497742
-0.214569
0.118073
0.423828
0.785614
0.744843
0.800232
0.573242
0.469238
0.248871
0.049072
-0.198303
-0.444214
-0.497925
-0.564972
-0.342041
-0.201843
0.085175
0.273193
0.416107
0.510864
0.554474
0.561340
0.436066
0.246368
-0.026398
-0.216583
-0.262573
-0.310028
-0.312012
-0.314880
-0.258698
-0.171631
-0.073700
0.056641
0.042572
0.032013
-0.089264
-0.189331
-0.294739
-0.335205
-0.352783
-0.385712
-0.426971
-0.438538
-0.529022
-0.236694
0.127136
0.411285
0.798737
0.753113
0.785645
0.562469
0.473022
0.273651
0.069275
-0.180115
-0.461517
-0.502655
-0.571808
-0.332825
-0.179413
0.114563
0.256866
0.401215
0.491486
0.534271
0.590851
0.451019
0.273468
-0.028900
-0.248352
-0.305756
-0.292145
-0.262787
-0.276367
-0.253906
-0.190765
-0.105316
0.050079
0.049927
0.037872
-0.084137
-0.216339
-0.303925
-0.340027
-0.321198
-0.360992
-0.424072
-0.480255
-0.539856
-0.286987
0.159882
0.430634
0.773956
0.747955
0.676147
0.570129
0.491241
0.344757
0.095917
-0.155273
-0.461761
-0.513763
-0.528381
-0.321655
-0.165161
0.017731
0.194397
0.332306
0.486328
0.540344
0.613129
0.475739
0.274567
0.038208
-0.188812
-0.259064
-0.276550
-0.254578
-0.285431
-0.277069
-0.214783
-0.138947
0.002594
0.031128
0.015717
-0.070190
-0.213959
-0.300507
-0.356232
-0.328094
-0.353027
-0.431030
-0.469299
-0.541656
-0.227203
0.096222
0.531464
0.790466
0.789307
0.783936
0.539490
0.496552
0.248413
0.112518
-0.227539
-0.457062
-0.563446
-0.562073
-0.330078
-0.148193
0.150269
0.226440
0.399567
0.466858
0.555237
0.580933
0.461670
0.260345
-0.051086
-0.250854
-0.295807
-0.287781
-0.283051
-0.297882
-0.255890
-0.195190
-0.090485
0.064697
0.076630
0.040710
-0.093140
-0.195007
-0.304230
-0.328583
-0.384216
-0.431030
-0.459778
-0.489105
-0.552917
-0.229034
0.201935
0.487976
0.838165
0.759613
0.784271
0.559631
0.457123
0.289185
0.053619
-0.215637
-0.507751
-0.508911
-0.559723
-0.307922
-0.136597
0.074951
0.221008
0.355743
0.497009
0.550720
0.589111
0.460297
0.254303
-0.008759
-0.202393
-0.228027
-0.282562
-0.306000
-0.318970
-0.283051
-0.190277
-0.110596
0.043732
0.031311
0.009827
-0.093018
-0.203125
-0.278961
-0.327118
-0.365082
-0.406647
-0.452301
-0.465942
-0.503845
-0.158844
0.222809
0.489105
0.818634
0.730011
0.761780
0.543030
0.446808
0.232971
0.001282
-0.236572
-0.501160
-0.484528
-0.532867
-0.295502
-0.095947
0.122894
0.244965
0.389679
0.506927
0.527740
0.546600
0.425171
0.202820
-0.043884
-0.227234
-0.254181
-0.291290
-0.305328
-0.286560
-0.243927
-0.153564
-0.083374
0.057190
0.036713
0.000763
-0.081390
-0.181824
-0.246338
-0.330505
-0.385071
-0.410980
-0.459839
-0.439880
-0.524536
-0.263458
0.099701
0.450348
0.820587
0.772186
0.830811
0.581360
0.472168
0.269714
0.084991
-0.177612
-0.481506
-0.526703
-0.591888
-0.351990
-0.186035
0.099701
0.235626
0.359955
0.489807
0.566589
0.614319
0.473663
0.279297
0.016571
-0.197632
-0.259430
-0.313385
-0.326965
-0.313049
-0.273376
-0.180817
-0.110779
0.024139
0.022644
0.023804
-0.063782
-0.165222
-0.261780
-0.341888
-0.342896
-0.436829
-0.473785
-0.468933
-0.533081
-0.184662
0.175171
0.537537
0.832703
0.749847
0.771667
0.541229
0.459412
0.232269
0.044281
-0.249054
-0.526703
-0.546722
-0.552948
-0.303284
-0.139648
0.126282
0.243561
0.386993
0.524078
0.586578
0.602173
0.429504
0.218994
-0.042877
-0.227692
-0.280090
-0.333191
-0.315216
-0.305115
-0.249054
-0.150757
-0.074341
0.043121
0.027344
0.010712
-0.078339
-0.174225
-0.274536
-0.354004
-0.379547
-0.460052
-0.462280
-0.498596
-0.532013
-0.112671
0.204803
0.616425
0.840820
0.768372
0.772888
0.538940
0.472076
0.216339
0.032379
-0.330048
-0.542572
-0.568451
-0.528107
-0.271912
-0.127930
0.110779
0.219452
0.414307
0.548309
0.638000
0.607086
0.410614
0.208466
-0.044708
-0.213806
-0.267334
-0.324005
-0.306885
-0.313599
-0.256989
-0.163849
-0.082977
0.023926
0.008148
-0.011627
-0.126160
-0.219879
-0.314667
-0.380219
-0.386017
-0.477600
-0.435852
-0.537109
-0.326263
0.104675
0.337769
0.741028
0.732300
0.833527
0.643127
0.500427
0.349182
0.060089
-0.144257
-0.492798
-0.477051
-0.575745
-0.387970
-0.230408
0.004089
0.203918
0.343506
0.537750
0.592987
0.623962
0.464752
0.304474
0.069244
-0.172516
-0.299713
-0.352142
-0.346283
-0.292236
-0.255066
-0.174286
-0.108521
-0.003540
0.032623
0.048492
-0.012268
-0.134949
-0.236237
-0.344513
-0.365295
-0.417633
-0.470337
-0.455994
-0.504883
-0.247375
0.038971
0.424255
0.756104
0.803284
0.848511
0.590332
0.500244
0.244904
0.076141
-0.196289
-0.428314
-0.525299
-0.594604
-0.384277
-0.201477
0.089172
0.222107
0.401794
0.498047
0.572205
0.608704
0.472931
0.283569
-0.009064
-0.199158
-0.293579
-0.357513
-0.335754
-0.304077
-0.246643
-0.200073
-0.098389
0.014984
0.044312
0.045135
-0.021851
-0.122131
-0.257019
-0.331085
-0.381989
-0.457001
-0.492462
-0.481750
-0.521606
-0.169861
0.151154
0.553467
0.794922
0.782867
0.817322
0.553619
0.466278
0.216095
0.047974
-0.305634
-0.511536
-0.562592
-0.546387
-0.315643
-0.153748
0.117859
0.224976
0.395386
0.522980
0.642883
0.603516
0.426025
0.232178
-0.055145
-0.245667
-0.316528
-0.324249
-0.273712
-0.266998
-0.233215
-0.179626
-0.086090
0.010986
0.056488
0.040131
-0.086395
-0.190887
-0.284424
-0.341553
-0.393768
-0.504181
-0.512146
-0.582520
-0.427368
0.052551
0.313873
0.762207
0.802307
0.843048
0.686096
0.502991
0.395996
0.097870
-0.087128
-0.508087
-0.545593
-0.639526
-0.448700
-0.228516
-0.003204
0.207886
0.294250
0.505219
0.572601
0.681122
0.540131
0.332123
0.088409
-0.180206
-0.304047
-0.337311
-0.335846
-0.311890
-0.283997
-0.200287
-0.123718
0.014221
0.054443
0.058594
0.013885
-0.115295
-0.193359
-0.296112
-0.348969
-0.412567
-0.484436
-0.501862
-0.537537
-0.303040
0.110779
0.401672
0.749664
0.697601
0.730255
0.615845
0.481964
0.350952
0.074615
-0.163544
-0.516235
-0.514526
-0.519043
-0.315094
-0.162567
0.015350
0.196960
0.313507
0.515625
0.610138
0.632355
0.451965
0.247589
0.007568
-0.215179
-0.288483
-0.308685
-0.285645
-0.251862
-0.250214
-0.169098
-0.101837
0.006897
0.051636
0.016846
-0.046143
-0.164063
-0.231415
-0.343140
-0.366730
-0.488220
-0.575226
-0.566925
-0.535095
-0.065552
0.225037
0.648193
0.844269
0.891357
0.822601
0.578949
0.497528
0.137665
-0.079803
-0.460022
-0.591125
-0.606720
-0.512543
-0.262115
-0.098846
0.130371
0.257355
0.467529
0.596802
0.664948
0.568481
0.362305
0.169312
-0.067352
-0.219177
-0.297058
-0.369690
-0.359222
-0.331909
-0.244904
-0.141113
-0.036530
0.019653
0.035095
0.034424
-0.045624
-0.143768
-0.251373
-0.342804
-0.421722
-0.499176
-0.459381
-0.508057
-0.413605
-0.004517
0.273376
0.695129
0.744385
0.818512
0.703888
0.501099
0.380676
0.114532
-0.067566
-0.450439
-0.514587
-0.590302
-0.438660
-0.225830
-0.029236
0.177612
0.284760
0.476563
0.580597
0.662018
0.544891
0.342499
0.108765
-0.158386
-0.276367
-0.332489
-0.350006
-0.315063
-0.292511
-0.223663
-0.159119
-0.037048
0.030792
0.061005
0.016876
-0.074921
-0.156219
-0.256073
-0.316101
-0.395599
-0.474792
-0.472290
-0.559448
-0.335236
0.014709
0.342163
0.707672
0.784363
0.851959
0.655853
0.542786
0.322418
0.107056
-0.174225
-0.459869
-0.544922
-0.615326
-0.433105
-0.243408
0.016083
0.172516
0.362579
0.512390
0.621521
0.648254
0.510925
0.317993
0.028870
-0.217377
-0.319794
-0.341370
-0.337067
-0.308990
-0.278412
-0.220551
-0.123871
0.006592
0.070923
0.069763
-0.012360
-0.096436
-0.185822
-0.263580
-0.318268
-0.402344
-0.508179
-0.479309
-0.580200
-0.304657
0.101807
0.388458
0.748718
0.770142
0.878204
0.652496
0.552979
0.327301
0.069580
-0.209137
-0.530640
-0.556702
-0.627716
-0.415009
-0.248657
-0.009491
0.178741
0.371490
0.571564
0.655670
0.665161
0.506317
0.309021
0.054108
-0.197479
-0.300476
-0.366119
-0.356689
-0.328094
-0.293701
-0.211060
-0.150208
-0.022186
0.024689
0.069641
0.000000
-0.076996
-0.188507
-0.271759
-0.316772
-0.418488
-0.452911
-0.480286
-0.532654
-0.239868
0.125763
0.425507
0.728088
0.780457
0.826996
0.609619
0.489502
0.253998
0.023224
-0.264923
-0.513031
-0.560547
-0.595428
-0.376282
-0.183014
0.091187
0.259308
0.428314
0.561768
0.643372
0.606995
0.427979
0.224609
-0.023499
-0.246674
-0.331909
-0.359650
-0.328094
-0.286041
-0.259430
-0.167572
-0.092621
0.019867
0.059265
0.073883
-0.023834
-0.111389
-0.209778
-0.292358
-0.329742
-0.434235
-0.468994
-0.462189
-0.535492
-0.281799
0.080750
0.413025
0.722015
0.848053
0.839417
0.612030
0.503967
0.274231
0.083557
-0.219482
-0.470825
-0.574524
-0.611450
-0.423096
-0.212463
0.081757
0.235657
0.381073
0.551849
0.620392
0.621033
0.483826
0.256195
-0.028687
-0.235535
-0.275757
-0.323669
-0.300201
-0.322327
-0.299530
-0.215881
-0.137054
0.008911
0.050140
0.054474
-0.037994
-0.109985
-0.217712
-0.300537
-0.310852
-0.399292
-0.466492
-0.529572
-0.533081
-0.175354
0.189087
0.483337
0.742706
0.705627
0.761505
0.624603
0.523621
0.304535
0.033386
-0.265533
-0.534241
-0.534882
-0.531555
-0.330078
-0.200348
0.021057
0.187927
0.364105
0.560211
0.646210
0.623138
0.439270
0.245178
-0.005707
-0.187042
-0.258728
-0.319427
-0.304138
-0.326965
-0.303986
-0.209351
-0.135956
-0.018524
0.009735
0.041718
-0.038513
-0.114899
-0.215088
-0.299988
-0.326630
-0.477814
-0.497620
-0.536865
-0.501801
-0.140778
0.195740
0.571533
0.784637
0.869629
0.810913
0.629608
0.461731
0.198761
-0.002197
-0.349701
-0.540863
-0.619720
-0.575653
-0.370544
-0.122498
0.141327
0.284088
0.447449
0.575714
0.661041
0.597809
0.420135
0.190887
-0.091064
-0.266571
-0.325287
-0.363068
-0.345703
-0.327454
-0.253082
-0.167267
-0.054443
0.050995
0.066986
0.046997
-0.026672
-0.113861
-0.228760
-0.329437
-0.372681
-0.475647
-0.511932
-0.484650
-0.470642
-0.159088
0.143677
0.524292
0.766663
0.874237
0.835114
0.617920
0.453491
0.172699
-0.012360
-0.318451
-0.491302
-0.596436
-0.575653
-0.385498
-0.147919
0.138702
0.296204
0.460083
0.563019
0.626434
0.575226
0.427307
0.224121
-0.046753
-0.237701
-0.321167
-0.363251
-0.328156
-0.308350
-0.241699
-0.193298
-0.100464
0.023071
0.067932
0.074432
-0.038483
-0.154846
-0.286469
-0.348145
-0.385376
-0.449066
-0.462524
-0.516846
-0.477112
-0.069000
0.238220
0.600983
0.782471
0.821533
0.803741
0.555237
0.446808
0.167389
-0.048737
-0.394073
-0.531433
-0.581970
-0.542236
-0.308746
-0.118652
0.154724
0.289886
0.481171
0.600403
0.643738
0.560852
0.365570
0.134613
-0.125244
-0.258148
-0.309814
-0.355255
-0.325256
-0.313110
-0.241913
-0.157745
-0.037079
0.059692
0.053741
0.042603
-0.060303
-0.129669
-0.277100
-0.330902
-0.354614
-0.439087
-0.480927
-0.502533
-0.437775
-0.093170
0.213409
0.540741
0.745270
0.789886
0.764130
0.548218
0.469849
0.201447
-0.020630
-0.343811
-0.503693
-0.552979
-0.511963
-0.290558
-0.109955
0.124786
0.258209
0.450775
0.559174
0.609131
0.537628
0.375427
0.152496
-0.097992
-0.220001
-0.282104
-0.340668
-0.315460
-0.294067
-0.226135
-0.151703
-0.056366
0.029175
0.021881
0.026154
-0.060150
-0.156769
-0.273285
-0.353119
-0.392120
-0.482086
-0.508789
-0.513275
-0.432800
-0.065643
0.268341
0.620758
0.806458
0.886139
0.791046
0.597656
0.441498
0.156311
-0.089172
-0.408051
-0.532898
-0.612915
-0.539032
-0.355927
-0.116577
0.146179
0.322784
0.511841
0.615112
0.640320
0.533783
0.379089
0.145691
-0.100616
-0.256836
-0.337494
-0.384979
-0.339813
-0.280914
-0.203583
-0.137634
-0.053680
0.033325
0.049561
0.038147
-0.048187
-0.171021
-0.299988
-0.396271
-0.415405
-0.490906
-0.426483
-0.486084
-0.415405
0.001770
0.258209
0.675934
0.797119
0.892822
0.739502
0.522125
0.371460
0.100464
-0.084473
-0.429474
-0.499023
-0.608673
-0.499176
-0.280792
-0.034088
0.214325
0.333130
0.507660
0.574554
0.588135
0.483643
0.318939
0.087341
-0.166443
-0.273407
-0.330994
-0.352539
-0.286896
-0.244415
-0.173035
-0.131561
-0.020599
0.037933
0.045197
0.018341
-0.082489
-0.210144
-0.347107
-0.370972
-0.401642
-0.456573
-0.425018
-0.446594
-0.385864
-0.017639
0.298401
0.654572
0.800629
0.868469
0.719940
0.504211
0.361298
0.110809
-0.091370
-0.415283
-0.508392
-0.587006
-0.488220
-0.273712
-0.037537
0.201172
0.314056
0.505310
0.566467
0.572815
0.493591
0.327789
0.095917
-0.145905
-0.256958
-0.314819
-0.326263
-0.268677
-0.242401
-0.184692
-0.146912
-0.052582
0.029785
0.030945
0.005920
-0.105957
-0.225800
-0.349274
-0.357910
-0.377502
-0.435181
-0.394531
-0.453552
-0.324280
-0.054413
0.255707
0.712372
0.875153
0.850891
0.650177
0.474976
0.283234
0.106720
-0.074127
-0.358398
-0.520355
-0.631226
-0.485718
-0.248535
0.045013
0.246765
0.351501
0.456116
0.510284
0.563019
0.482788
0.293365
0.040405
-0.180573
-0.284332
-0.315979
-0.288818
-0.239929
-0.229126
-0.179047
-0.122925
-0.016327
0.049500
0.051788
-0.000000
-0.133820
-0.268066
-0.349426
-0.374329
-0.394226
-0.434479
-0.409821
-0.473358
-0.311340
0.052002
0.317505
0.706909
0.770905
0.831024
0.651825
0.492401
0.350677
0.087128
-0.129181
-0.452423
-0.500000
-0.589478
-0.423187
-0.216492
-0.004181
0.203827
0.338531
0.505310
0.575104
0.591492
0.446320
0.259308
0.038910
-0.168152
-0.252625
-0.306519
-0.320313
-0.258759
-0.241730
-0.147400
-0.103973
-0.006348
0.017181
0.016357
-0.015442
-0.136169
-0.224396
-0.350769
-0.386871
-0.429138
-0.422028
-0.417419
-0.429657
-0.284760
-0.002197
0.318329
0.671173
0.799988
0.850891
0.664459
0.480469
0.305969
0.096802
-0.106903
-0.379395
-0.474762
-0.577606
-0.445068
-0.245239
0.015015
0.210449
0.333679
0.454102
0.532745
0.567719
0.450928
0.283875
0.044556
-0.180756
-0.279327
-0.306030
-0.296387
-0.240021
-0.212952
-0.157684
-0.112244
-0.010468
0.029480
0.029480
-0.028290
-0.142090
-0.244507
-0.367126
-0.399628
-0.415894
-0.437134
-0.426819
-0.458069
-0.307343
0.126831
0.355194
0.694031
0.733215
0.747131
0.692535
0.480804
0.382904
0.067474
-0.148712
-0.452576
-0.482727
-0.507782
-0.396118
-0.188232
-0.028290
0.196228
0.323181
0.504120
0.575378
0.579193
0.435150
0.224609
0.026306
-0.154907
-0.238007
-0.296875
-0.291107
-0.244843
-0.243317
-0.157684
-0.110718
-0.015137
0.014526
0.005768
-0.031067
-0.161682
-0.271210
-0.386475
-0.384827
-0.444092
-0.477570
-0.463531
-0.508942
-0.189697
0.119934
0.485291
0.819000
0.885040
0.838409
0.597626
0.482452
0.227264
0.023834
-0.261414
-0.483429
-0.581818
-0.612366
-0.388519
-0.142395
0.124573
0.272583
0.424377
0.504425
0.567902
0.568939
0.430206
0.206848
-0.057953
-0.250824
-0.314667
-0.333740
-0.299713
-0.245331
-0.207336
-0.138000
-0.062653
0.049438
0.067841
0.051086
-0.046204
-0.169922
-0.285126
-0.392456
-0.394989
-0.417053
-0.468811
-0.450500
-0.464813
-0.182007
0.109039
0.496307
0.789795
0.764618
0.812866
0.575989
0.483612
0.232483
0.041046
-0.231689
-0.471161
-0.526611
-0.544189
-0.303223
-0.183624
0.083374
0.252777
0.389526
0.503845
0.574249
0.541840
0.360870
0.190826
-0.051392
-0.230103
-0.284851
-0.321777
-0.278351
-0.247345
-0.204407
-0.121704
-0.068909
0.021179
0.037903
0.038574
-0.058411
-0.162628
-0.276093
-0.383911
-0.416748
-0.492126
-0.462952
-0.464783
-0.509827
-0.158234
0.159973
0.592621
0.800690
0.860443
0.857941
0.583710
0.478729
0.202637
0.038055
-0.320587
-0.506317
-0.593140
-0.564697
-0.364227
-0.165375
0.125946
0.251007
0.433472
0.519562
0.612305
0.561096
0.402710
0.203979
-0.079315
-0.252563
-0.305573
-0.338135
-0.293579
-0.251709
-0.191284
-0.142303
-0.062866
0.038727
0.057220
0.040588
-0.085632
-0.179871
-0.317261
-0.395966
-0.403168
-0.454071
-0.475189
-0.451294
-0.442780
-0.123047
0.236267
0.631256
0.819611
0.776459
0.769531
0.534698
0.425140
0.175507
-0.013245
-0.324402
-0.525574
-0.541443
-0.495758
-0.281464
-0.111786
0.163788
0.306488
0.439667
0.542999
0.569092
0.499542
0.323212
0.126617
-0.107605
-0.261871
-0.310913
-0.330261
-0.248108
-0.202759
-0.155884
-0.099884
-0.049469
0.032623
0.032959
0.001282
-0.115875
-0.217346
-0.319641
-0.407593
-0.408630
-0.470184
-0.488373
-0.487091
-0.434448
-0.019562
0.274353
0.639008
0.760101
0.789093
0.800903
0.561462
0.477051
0.157196
-0.041656
-0.381958
-0.508270
-0.538696
-0.488342
-0.292511
-0.145874
0.141693
0.280487
0.468933
0.550995
0.589294
0.499786
0.315948
0.142029
-0.093842
-0.244385
-0.306519
-0.324371
-0.260773
-0.223267
-0.146820
-0.100769
-0.062561
0.009277
0.026245
0.014526
-0.101746
-0.202515
-0.321869
-0.413727
-0.409943
-0.429779
-0.449921
-0.477081
-0.433533
-0.061523
0.221130
0.610168
0.773956
0.820770
0.768738
0.547333
0.469269
0.185028
-0.003967
-0.338654
-0.477936
-0.555756
-0.501892
-0.301514
-0.125702
0.119476
0.253723
0.424957
0.502106
0.579193
0.517670
0.353577
0.154694
-0.078613
-0.225891
-0.289551
-0.303955
-0.246277
-0.223328
-0.179504
-0.134583
-0.065338
0.001282
0.025452
0.021698
-0.107544
-0.224274
-0.342316
-0.404388
-0.393097
-0.430878
-0.475281
-0.484924
-0.468079
-0.059082
0.283813
0.691833
0.780884
0.742798
0.770538
0.526794
0.486389
0.195007
0.000000
-0.378784
-0.546265
-0.556702
-0.479706
-0.252014
-0.133820
0.136597
0.247284
0.422119
0.542633
0.615692
0.534943
0.329376
0.140686
-0.096100
-0.226440
-0.267548
-0.313080
-0.279083
-0.267151
-0.194946
-0.133087
-0.057831
0.026947
0.017426
0.022034
-0.104370
-0.203186
-0.310303
-0.355835
-0.369904
-0.442383
-0.460052
-0.503632
-0.441986
-0.077637
0.234009
0.573334
0.749176
0.830170
0.777069
0.580322
0.470154
0.207916
-0.013458
-0.336548
-0.471161
-0.530334
-0.526611
-0.337830
-0.132355
0.115295
0.269440
0.414154
0.537903
0.550812
0.501648
0.374390
0.177673
-0.078552
-0.258118
-0.296265
-0.314545
-0.223480
-0.206421
-0.163513
-0.149719
-0.098694
0.011139
0.037415
0.027740
-0.108704
-0.229645
-0.362518
-0.378754
-0.377747
-0.411957
-0.419952
-0.409546
-0.418030
-0.083771
0.203247
0.509155
0.748505
0.776276
0.758087
0.526855
0.448212
0.205811
0.013641
-0.273926
-0.425293
-0.510254
-0.533203
-0.299072
-0.116852
0.134125
0.236176
0.367523
0.509674
0.530579
0.517731
0.373077
0.175903
-0.067078
-0.218933
-0.242462
-0.303558
-0.240387
-0.246979
-0.202637
-0.167969
-0.102875
0.009399
-0.002563
0.007202
-0.098785
-0.169464
-0.293884
-0.331207
-0.330505
-0.382599
-0.400970
-0.433594
-0.475830
-0.257843
0.117401
0.431610
0.722809
0.777863
0.792633
0.607330
0.495667
0.306183
0.092346
-0.168488
-0.433258
-0.501343
-0.563629
-0.411072
-0.186127
0.052582
0.211639
0.335175
0.449615
0.543793
0.555237
0.452393
0.284637
0.032196
-0.190918
-0.262787
-0.304810
-0.254333
-0.244049
-0.230865
-0.198151
-0.162567
-0.030426
0.007538
0.027283
-0.073273
-0.184448
-0.303009
-0.365082
-0.354614
-0.394409
-0.422974
-0.477783
-0.488159
-0.154053
0.146851
0.514160
0.779083
0.773315
0.784821
0.574097
0.507019
0.259949
0.049652
-0.250671
-0.456696
-0.524780
-0.556763
-0.307922
-0.166473
0.100800
0.220703
0.393433
0.508667
0.535095
0.546021
0.397797
0.214203
-0.054321
-0.211273
-0.272461
-0.295563
-0.232819
-0.230804
-0.202820
-0.183929
-0.109253
0.005157
0.004486
0.018494
-0.085510
-0.183899
-0.328033
-0.365570
-0.352417
-0.409332
-0.440338
-0.445740
-0.446014
-0.213654
0.103882
0.457367
0.769379
0.836975
0.815552
0.633453
0.501556
0.254852
0.058929
-0.219025
-0.450012
-0.559845
-0.530304
-0.399078
-0.213165
0.054169
0.223419
0.420532
0.464447
0.566864
0.550690
0.409546
0.211823
0.010193
-0.156097
-0.262909
-0.324219
-0.295929
-0.258514
-0.228546
-0.167053
-0.097748
-0.004425
0.002777
0.027069
-0.056122
-0.160034
-0.299164
-0.340088
-0.373901
-0.377472
-0.417053
-0.435333
-0.483154
-0.233612
0.112518
0.391846
0.783295
0.778961
0.826904
0.611786
0.502472
0.305939
0.068207
-0.180664
-0.469055
-0.488892
-0.582306
-0.349274
-0.165009
0.016235
0.204865
0.312622
0.498932
0.563324
0.562073
0.433441
0.220123
-0.007904
-0.219666
-0.228729
-0.287201
-0.270996
-0.263611
-0.251434
-0.182373
-0.134888
0.011475
0.014008
0.018677
-0.083130
-0.173309
-0.249359
-0.346283
-0.332275
-0.388336
-0.396851
-0.405731
-0.505646
-0.268646
0.083954
0.332001
0.710236
0.793365
0.822113
0.645111
0.528015
0.345337
0.090698
-0.143341
-0.418915
-0.453156
-0.587585
-0.430908
-0.225067
-0.007568
0.186371
0.297363
0.484497
0.538849
0.558838
0.470917
0.288025
0.064148
-0.179749
-0.228607
-0.281738
-0.256989
-0.258850
-0.255157
-0.205353
-0.178558
-0.029480
-0.014435
0.003418
-0.068939
-0.173553
-0.294098
-0.338593
-0.323669
-0.374329
-0.418610
-0.410583
-0.476288
-0.231567
0.142517
0.403961
0.771210
0.741028
0.790680
0.627716
0.502716
0.311798
0.070496
-0.177887
-0.494720
-0.481506
-0.562897
-0.360870
-0.185486
0.040924
0.238770
0.321655
0.498291
0.547424
0.565613
0.409729
0.221985
0.010284
-0.208435
-0.250885
-0.279602
-0.229645
-0.257874
-0.250214
-0.172791
-0.133575
-0.004364
-0.004211
0.005951
-0.089447
-0.215759
-0.282776
-0.317535
-0.338776
-0.418671
-0.430145
-0.433655
-0.486420
-0.242310
0.072327
0.447205
0.808228
0.863373
0.835815
0.607391
0.478943
0.273102
0.085480
-0.183502
-0.435242
-0.558319
-0.626312
-0.400665
-0.218109
0.089752
0.254730
0.359131
0.500916
0.542297
0.590393
0.464203
0.260376
-0.012238
-0.197815
-0.265564
-0.327454
-0.275146
-0.267944
-0.242950
-0.203247
-0.133789
-0.002197
0.019958
0.016602
-0.072235
-0.158905
-0.265961
-0.332306
-0.318115
-0.376465
-0.415131
-0.401123
-0.437408
-0.260284
0.104156
0.327454
0.643860
0.724915
0.760376
0.642212
0.508972
0.348450
0.094269
-0.095184
-0.377869
-0.455719
-0.522888
-0.404663
-0.218445
0.016571
0.140076
0.269562
0.479156
0.514404
0.562378
0.459564
0.250702
0.017212
-0.142395
-0.200531
-0.267609
-0.262482
-0.281097
-0.271301
-0.218964
-0.164642
-0.020325
0.000763
-0.025635
-0.051178
-0.126526
-0.244446
-0.322021
-0.315521
-0.377991
-0.444214
-0.425934
-0.499146
-0.296875
-0.024963
0.379303
0.847870
0.889374
0.849518
0.647003
0.507660
0.282349
0.130585
-0.110809
-0.430908
-0.593689
-0.680695
-0.443817
-0.208923
0.073334
0.235382
0.316711
0.456543
0.575165
0.636414
0.518646
0.294464
0.005585
-0.229462
-0.276459
-0.301178
-0.276947
-0.306000
-0.311523
-0.249451
-0.168549
-0.003357
0.050568
0.052704
-0.053680
-0.164734
-0.251556
-0.297180
-0.307648
-0.348633
-0.427277
-0.463043
-0.493713
-0.188293
0.156342
0.369965
0.723480
0.665619
0.737091
0.602173
0.506714
0.342194
0.054382
-0.169983
-0.469269
-0.428223
-0.525513
-0.298798
-0.123047
-0.016174
0.173218
0.274628
0.480927
0.551117
0.565552
0.390961
0.179504
-0.021301
-0.216980
-0.197418
-0.229767
-0.220734
-0.244995
-0.260895
-0.181519
-0.123444
0.019562
-0.002869
-0.011993
-0.093933
-0.194458
-0.244507
-0.307281
-0.295807
-0.387390
-0.450134
-0.430389
-0.488983
-0.292328
0.008270
0.330963
0.771362
0.914612
0.884827
0.696808
0.523773
0.277008
0.089874
-0.134399
-0.413788
-0.555450
-0.673523
-0.511017
-0.226471
0.032532
0.233704
0.360443
0.454987
0.566437
0.614380
0.553894
0.348938
0.046997
-0.209625
-0.294525
-0.327148
-0.304230
-0.273865
-0.291901
-0.249695
-0.190338
-0.028015
0.045013
0.062653
-0.002197
-0.141266
-0.273956
-0.347839
-0.320129
-0.347321
-0.400574
-0.416931
-0.539124
-0.302704
0.029053
0.397217
0.751984
0.766388
0.802917
0.595215
0.513031
0.307098
0.152466
-0.130920
-0.451263
-0.533264
-0.584076
-0.386261
-0.166534
0.060791
0.142761
0.300781
0.441528
0.598785
0.641846
0.477509
0.234344
-0.013702
-0.196655
-0.231384
-0.254211
-0.281982
-0.302979
-0.291199
-0.214996
-0.129547
0.019653
0.041199
0.024170
-0.062683
-0.152161
-0.243866
-0.311371
-0.336731
-0.380371
-0.458344
-0.456512
-0.532745
-0.282806
0.053253
0.370026
0.783478
0.786774
0.834656
0.648224
0.538269
0.318756
0.110352
-0.123199
-0.451630
-0.528320
-0.607635
-0.431549
-0.201996
0.024414
0.187714
0.343658
0.449066
0.581421
0.635895
0.521729
0.299652
0.011658
-0.225281
-0.265991
-0.285797
-0.292450
-0.280518
-0.289459
-0.226105
-0.177124
0.001404
0.053619
0.047546
-0.047180
-0.168304
-0.253204
-0.351593
-0.349640
-0.377716
-0.424927
-0.442200
-0.484253
-0.239166
0.061890
0.390747
0.692810
0.739197
0.804749
0.627716
0.523529
0.307983
0.107361
-0.140198
-0.403534
-0.483093
-0.523895
-0.384796
-0.216095
0.018097
0.162842
0.329926
0.433899
0.559906
0.588257
0.469727
0.284607
0.028870
-0.176117
-0.248352
-0.296692
-0.283386
-0.259918
-0.266876
-0.214996
-0.152252
-0.022095
0.018616
0.021667
-0.049072
-0.148346
-0.264801
-0.335205
-0.331390
-0.364014
-0.450500
-0.466797
-0.514832
-0.254822
0.102966
0.373169
0.775757
0.769745
0.800415
0.649933
0.527222
0.334045
0.078796
-0.133514
-0.448364
-0.513519
-0.567993
-0.410492
-0.215118
0.019928
0.183319
0.348450
0.473175
0.557404
0.615387
0.490692
0.286316
0.019806
-0.211731
-0.292023
-0.299286
-0.297058
-0.279022
-0.275238
-0.209503
-0.153809
-0.002747
0.048676
0.033569
-0.034882
-0.158783
-0.257935
-0.325470
-0.348602
-0.397858
-0.452667
-0.470825
-0.501495
-0.247986
0.035767
0.376526
0.746246
0.809601
0.836304
0.626617
0.537964
0.315063
0.126770
-0.131104
-0.392822
-0.511566
-0.584442
-0.425354
-0.221832
0.063049
0.169708
0.342133
0.414124
0.527985
0.592804
0.500854
0.317627
0.017578
-0.214417
-0.291107
-0.276276
-0.273193
-0.241333
-0.252045
-0.228912
-0.170288
-0.007507
0.061981
0.056396
-0.036499
-0.145660
-0.270538
-0.347778
-0.362030
-0.363159
-0.441772
-0.494965
-0.514221
-0.300232
0.104980
0.310974
0.768311
0.758423
0.773132
0.688354
0.537140
0.405670
0.090179
-0.096771
-0.458221
-0.473785
-0.591278
-0.437164
-0.201874
-0.041718
0.181396
0.283997
0.450317
0.537598
0.605988
0.500732
0.324707
0.089600
-0.186005
-0.248779
-0.279236
-0.300354
-0.270386
-0.273743
-0.218903
-0.186554
-0.031342
0.034454
0.046265
-0.009857
-0.134674
-0.233093
-0.341309
-0.323212
-0.361725
-0.440369
-0.466278
-0.526031
-0.347504
0.031555
0.289276
0.707855
0.768738
0.802063
0.717499
0.550079
0.409149
0.128967
-0.078552
-0.437439
-0.485535
-0.573975
-0.461609
-0.235443
-0.046265
0.173279
0.293793
0.454590
0.550507
0.631012
0.512207
0.320282
0.120392
-0.144226
-0.262512
-0.302551
-0.291626
-0.263428
-0.276703
-0.222626
-0.183563
-0.048309
0.006836
0.030731
0.008850
-0.119354
-0.212799
-0.335510
-0.366272
-0.379883
-0.412903
-0.437622
-0.449890
-0.374969
-0.051392
0.243469
0.666718
0.776611
0.726654
0.716705
0.525818
0.413208
0.168854
0.005463
-0.323120
-0.488739
-0.550751
-0.457062
-0.234283
-0.058228
0.127991
0.224731
0.382141
0.474731
0.601410
0.558167
0.373871
0.128937
-0.134216
-0.240631
-0.258026
-0.247833
-0.237244
-0.276276
-0.246063
-0.194275
-0.061157
0.026245
0.017517
-0.023193
-0.136963
-0.238129
-0.302185
-0.327179
-0.353271
-0.433411
-0.483612
-0.508850
-0.385498
-0.034546
0.216492
0.656342
0.804596
0.854645
0.735626
0.573486
0.420624
0.146393
-0.028687
-0.360474
-0.480194
-0.617767
-0.515320
-0.296356
-0.052460
0.137146
0.299591
0.434082
0.510010
0.619812
0.558380
0.410797
0.147339
-0.130859
-0.291962
-0.319519
-0.296234
-0.246277
-0.267975
-0.238251
-0.193909
-0.065613
0.030884
0.061157
0.014343
-0.120972
-0.240875
-0.335693
-0.341003
-0.357086
-0.419617
-0.453217
-0.505737
-0.439148
-0.071625
0.229034
0.644287
0.868378
0.859863
0.726074
0.558624
0.406677
0.166138
-0.022797
-0.346771
-0.521912
-0.613831
-0.545349
-0.288910
-0.031982
0.145233
0.299469
0.426178
0.527161
0.613220
0.583313
0.401703
0.132202
-0.137817
-0.307678
-0.310333
-0.286621
-0.247498
-0.269196
-0.236786
-0.186432
-0.056213
0.047089
0.053619
0.011993
-0.116791
-0.254211
-0.336517
-0.331512
-0.342163
-0.403198
-0.417236
-0.439087
-0.461853
-0.045197
0.221893
0.567383
0.739288
0.734619
0.749359
0.526215
0.454498
0.206573
0.046265
-0.327820
-0.462158
-0.490906
-0.509949
-0.264343
-0.126190
0.100525
0.203796
0.366241
0.537964
0.599579
0.557434
0.364197
0.179962
-0.081085
-0.208557
-0.238434
-0.305664
-0.279602
-0.306854
-0.242615
-0.208466
-0.096100
0.024567
0.023376
0.003082
-0.124908
-0.207916
-0.295288
-0.319702
-0.338776
-0.428894
-0.474762
-0.525513
-0.420898
-0.113556
0.212677
0.623108
0.845062
0.856934
0.738464
0.588531
0.416931
0.200134
-0.010742
-0.308716
-0.490295
-0.612091
-0.527771
-0.303711
-0.084869
0.148010
0.267120
0.408966
0.516876
0.583313
0.579285
0.423889
0.178284
-0.117340
-0.264008
-0.303955
-0.303131
-0.261505
-0.259155
-0.226685
-0.195587
-0.079865
0.027893
0.044098
-0.001892
-0.107300
-0.225525
-0.342255
-0.352844
-0.373108
-0.416931
-0.452698
-0.453003
-0.430389
-0.030701
0.236450
0.551086
0.777191
0.720856
0.782043
0.560425
0.453674
0.172180
-0.005402
-0.309052
-0.482849
-0.466675
-0.516663
-0.291687
-0.100586
0.115906
0.255035
0.406433
0.510437
0.578735
0.539764
0.347046
0.179504
-0.051575
-0.250366
-0.287292
-0.305695
-0.265869
-0.264252
-0.207428
-0.176941
-0.103394
0.015503
0.006622
0.007935
-0.101379
-0.219116
-0.318726
-0.356201
-0.347992
-0.414886
-0.436920
-0.474884
-0.442963
-0.087830
0.163635
0.608002
0.771545
0.811188
0.763580
0.564636
0.465027
0.184113
0.050903
-0.310394
-0.445404
-0.564026
-0.534973
-0.271515
-0.122009
0.107330
0.248444
0.383698
0.491730
0.592590
0.569885
0.416809
0.195496
-0.096832
-0.245850
-0.277283
-0.294006
-0.234283
-0.259155
-0.235992
-0.211395
-0.102722
0.008911
0.026764
0.012421
-0.117706
-0.220886
-0.325348
-0.349121
-0.343475
-0.392975
-0.442230
-0.455750
-0.432434
-0.103424
0.174011
0.542633
0.768799
0.761993
0.773315
0.571045
0.480194
0.202515
0.024567
-0.270813
-0.453735
-0.524719
-0.513031
-0.306915
-0.131012
0.101990
0.203766
0.392181
0.474792
0.573730
0.578827
0.418488
0.186859
-0.066376
-0.217712
-0.291168
-0.284210
-0.213715
-0.252808
-0.247986
-0.216370
-0.126495
-0.000214
0.012543
0.009583
-0.107178
-0.199402
-0.319946
-0.339508
-0.350861
-0.432709
-0.495758
-0.529297
-0.422119
-0.026123
0.276978
0.660492
0.810944
0.706360
0.722839
0.554779
0.468567
0.191254
-0.027283
-0.355133
-0.532013
-0.532837
-0.453278
-0.201691
-0.080597
0.116699
0.223633
0.392181
0.517059
0.591309
0.540680
0.330963
0.144592
-0.080444
-0.199005
-0.237488
-0.287689
-0.278717
-0.283020
-0.219086
-0.148682
-0.057983
0.012207
-0.017822
-0.037415
-0.130035
-0.203644
-0.302917
-0.356415
-0.389465
-0.489899
-0.478943
-0.502045
-0.376343
-0.023621
0.259460
0.660706
0.784393
0.886353
0.761353
0.566803
0.390961
0.111511
-0.053345
-0.384277
-0.469666
-0.588623
-0.485138
-0.296265
-0.060699
0.179749
0.297302
0.439117
0.506805
0.559784
0.506653
0.405731
0.184082
-0.100189
-0.260040
-0.306061
-0.318329
-0.251251
-0.242645
-0.192352
-0.171692
-0.089050
0.005768
0.036804
0.003082
-0.102844
-0.192902
-0.316467
-0.325470
-0.367462
-0.454834
-0.502808
-0.536377
-0.455170
-0.090729
0.231140
0.588928
0.813263
0.883423
0.790894
0.623474
0.464172
0.197784
-0.021149
-0.338684
-0.487366
-0.595306
-0.537903
-0.378601
-0.115662
0.117035
0.265839
0.436890
0.489685
0.588684
0.579376
0.473389
0.232605
-0.061523
-0.246704
-0.318756
-0.332886
-0.288208
-0.265625
-0.253296
-0.225769
-0.123779
0.002075
0.050598
0.026184
-0.077942
-0.189026
-0.307281
-0.350800
-0.342987
-0.409241
-0.473999
-0.505951
-0.474182
-0.046387
0.219635
0.567902
0.801117
0.747772
0.772186
0.543671
0.479858
0.200592
0.000946
-0.316223
-0.483765
-0.510315
-0.517822
-0.248291
-0.141174
0.114197
0.204865
0.389160
0.511688
0.565186
0.594421
0.422363
0.204041
-0.094025
-0.220398
-0.268555
-0.299072
-0.247650
-0.262085
-0.236023
-0.213776
-0.115295
0.019684
0.021210
-0.004852
-0.123993
-0.195923
-0.309723
-0.343445
-0.335999
-0.449402
-0.472473
-0.523956
-0.415344
-0.063660
0.209686
0.654877
0.801971
0.845947
0.737213
0.580658
0.453278
0.165344
-0.007355
-0.358734
-0.480103
-0.608459
-0.510651
-0.285675
-0.112335
0.108398
0.254333
0.411621
0.511688
0.604553
0.570007
0.436523
0.199219
-0.098846
-0.244690
-0.285522
-0.320221
-0.273376
-0.269257
-0.232849
-0.218597
-0.100159
0.013062
0.034637
0.012726
-0.104492
-0.190369
-0.311066
-0.323029
-0.348083
-0.415039
-0.451050
-0.486755
-0.457886
-0.089569
0.187164
0.542358
0.781982
0.782990
0.805725
0.591827
0.487671
0.210815
0.014832
-0.308838
-0.468811
-0.551727
-0.548431
-0.313568
-0.179596
0.091827
0.203796
0.423370
0.518219
0.585571
0.610840
0.451660
0.238495
-0.064575
-0.214691
-0.304047
-0.320282
-0.270874
-0.268372
-0.241730
-0.224884
-0.113739
-0.008087
0.011444
0.014038
-0.081665
-0.164673
-0.291809
-0.333282
-0.355682
-0.406982
-0.444458
-0.480988
-0.472961
-0.089508
0.207245
0.508301
0.788605
0.730560
0.774933
0.564941
0.488495
0.251740
0.020203
-0.264557
-0.483032
-0.501617
-0.538147
-0.297302
-0.152161
0.057861
0.189423
0.357849
0.511444
0.572113
0.592957
0.454407
0.253387
-0.037170
-0.206024
-0.268982
-0.326599
-0.287933
-0.300140
-0.262177
-0.214020
-0.133667
0.005585
0.028961
0.016296
-0.085754
