0.087906
0.026645
-0.027845
-0.024228
0.004707
0.038208
0.032361
-0.026086
-0.084399
-0.137268
-0.143690
-0.122090
-0.071993
-0.035828
-0.029243
-0.032202
-0.049660
-0.069085
-0.094735
-0.095239
-0.095494
-0.095043
-0.080323
-0.044041
0.000902
0.036274
0.059402
0.055659
0.035082
0.009442
0.005952
0.014171
0.025609
0.016167
-0.003516
-0.006602
0.006946
0.026958
0.036809
0.039171
0.022654
0.001165
-0.010266
-0.009804
0.002948
0.017764
0.038682
0.045482
0.052169
0.059214
0.081435
0.103879
0.115589
0.120978
0.136661
0.184356
0.235224
0.262309
0.208210
0.006102
-0.293887
-0.462231
-0.422935
-0.236889
-0.016958
0.171398
0.279506
0.244522
0.150039
0.052690
-0.046137
-0.166605
-0.288780
-0.342923
-0.324836
-0.220054
-0.050254
0.143091
0.253260
0.231016
0.107616
-0.043959
-0.163776
-0.224897
-0.209896
-0.153583
-0.079986
-0.013053
0.051458
0.096445
0.107917
0.082995
0.026591
-0.044844
-0.117028
-0.125508
-0.076557
-0.012974
0.024469
0.041221
0.052282
0.043890
0.032361
0.025276
0.008742
-0.035900
-0.070002
-0.048153
0.016497
0.070940
0.108310
0.125709
0.117060
0.085524
0.071199
0.097319
0.132544
0.147274
0.166807
0.214088
0.283496
0.268850
0.080702
-0.126317
-0.306622
-0.388193
-0.308785
-0.133262
0.084048
0.167746
0.176227
0.149240
0.073358
-0.005379
-0.083856
-0.135575
-0.215365
-0.273341
-0.244419
-0.128882
0.020725
0.129585
0.171562
0.125470
0.013650
-0.099396
-0.158138
-0.155894
-0.122226
-0.079683
-0.026521
0.013851
0.053411
0.088550
0.100395
0.061070
-0.011712
-0.071872
-0.103959
-0.115701
-0.113216
-0.076109
-0.012101
0.045517
0.066210
0.056719
0.029753
-0.004199
-0.018280
-0.013398
0.002924
0.011213
0.011224
0.015394
0.028367
0.046459
0.059167
0.064315
0.069443
0.085150
0.108483
0.148943
0.171004
0.172685
0.166021
0.185454
0.235441
0.264764
0.138774
-0.086209
-0.277494
-0.406658
-0.361662
-0.187231
0.052393
0.204679
0.199509
0.151412
0.062179
-0.022171
-0.095116
-0.151749
-0.207461
-0.263229
-0.237588
-0.131249
0.012136
0.128046
0.176820
0.137754
0.029063
-0.083237
-0.142370
-0.145898
-0.108112
-0.062176
-0.018907
0.005776
0.019252
0.046957
0.066612
0.056899
0.009758
-0.041995
-0.094822
-0.134521
-0.115356
-0.058313
0.006007
0.027696
0.041337
0.043786
0.038840
0.014372
-0.006191
-0.011068
-0.013035
0.000357
0.022694
0.058369
0.074794
0.080968
0.077523
0.072100
0.070934
0.078363
0.114727
0.147036
0.173278
0.180195
0.201091
0.245611
0.265909
0.118466
-0.134181
-0.351814
-0.483640
-0.374298
-0.110162
0.169417
0.286697
0.238197
0.147614
0.023407
-0.066819
-0.108519
-0.137655
-0.202879
-0.275374
-0.261329
-0.138734
0.041451
0.191699
0.250674
0.173447
0.007997
-0.152605
-0.217854
-0.198449
-0.131886
-0.065090
-0.015461
0.004530
0.016347
0.057141
0.084602
0.073323
0.017598
-0.050774
-0.102948
-0.140004
-0.123559
-0.061366
0.025361
0.068229
0.073280
0.063715
0.056537
0.036878
0.004815
-0.006105
-0.011845
-0.010139
-0.007158
0.009744
0.013579
0.027855
0.061690
0.085029
0.077918
0.060399
0.063421
0.085878
0.116087
0.151368
0.188368
0.217080
0.247453
0.274829
0.156551
-0.050284
-0.285360
-0.427160
-0.376571
-0.202727
0.042339
0.207922
0.246405
0.200183
0.093739
0.007820
-0.076477
-0.154347
-0.243330
-0.310134
-0.309139
-0.214071
-0.045806
0.121514
0.213723
0.203443
0.096938
-0.048961
-0.172703
-0.208749
-0.174093
-0.108632
-0.051439
-0.005280
0.035471
0.066513
0.090540
0.095456
0.072720
0.026936
-0.018507
-0.036650
-0.036491
-0.019485
0.003604
0.025283
0.034777
0.039290
0.041493
0.033181
0.006817
-0.023566
-0.038008
-0.022675
0.014968
0.058725
0.088524
0.092122
0.082467
0.071116
0.083107
0.114296
0.143958
0.153292
0.169783
0.218095
0.258181
0.138673
-0.104548
-0.342872
-0.467289
-0.410432
-0.221348
0.037870
0.210014
0.243365
0.182559
0.082123
-0.010401
-0.099554
-0.149108
-0.188302
-0.210169
-0.206834
-0.133664
-0.006391
0.110628
0.173613
0.157042
0.078866
-0.033911
-0.112195
-0.126898
-0.096311
-0.059446
-0.022335
0.024470
0.063869
0.094463
0.107644
0.095958
0.046915
-0.014623
-0.051703
-0.046182
-0.006484
0.037608
0.052751
0.032446
0.011229
0.004759
0.008191
-0.000590
-0.005274
-0.018648
-0.042111
-0.042023
-0.017017
0.012515
0.009249
-0.000220
-0.007008
-0.009382
-0.005630
0.011711
0.042185
0.062496
0.075763
0.079846
0.078072
0.066372
0.064189
0.091770
0.116224
0.112320
0.075145
0.018803
-0.028890
-0.073262
-0.102969
-0.081243
-0.048524
-0.028508
-0.021430
0.001693
0.018354
0.005167
-0.018982
-0.046705
-0.080200
-0.119485
-0.134035
-0.119674
-0.088936
-0.046674
-0.011303
0.012975
0.011459
0.008934
0.008755
0.009058
-0.001298
-0.011389
-0.010760
-0.010441
-0.003068
0.015669
0.047092
0.066643
0.065801
0.048190
0.025669
-0.001412
-0.017830
-0.027594
-0.034993
-0.029919
-0.015929
0.006781
0.018355
0.023595
0.025027
0.031788
0.034362
0.041553
0.061398
0.097528
0.134007
0.143650
0.157769
0.191662
0.200864
0.095524
-0.023937
-0.083516
-0.112857
-0.137803
-0.124121
-0.038396
0.013377
0.012062
0.015748
0.021120
-0.008802
-0.068894
-0.096137
-0.112806
-0.138798
-0.148849
-0.104744
-0.057624
-0.043907
-0.038242
-0.024070
-0.029671
-0.063465
-0.072519
-0.047707
-0.027787
-0.023006
0.001567
0.024837
0.022573
0.023740
0.040792
0.053971
0.041346
0.035773
0.033037
0.022336
0.006040
0.003510
0.009042
-0.003946
-0.011089
-0.006243
0.009749
0.010936
-0.000590
-0.021541
-0.051827
-0.056082
-0.035061
0.012698
0.060937
0.089421
0.092060
0.076520
0.066692
0.083130
0.124581
0.148305
0.170013
0.194754
0.233850
0.214777
0.068384
-0.164917
-0.371554
-0.440924
-0.350221
-0.131851
0.128604
0.281880
0.259129
0.116678
-0.025882
-0.125454
-0.172766
-0.180597
-0.167125
-0.160339
-0.142737
-0.074367
0.032511
0.114429
0.132100
0.086125
-0.000682
-0.096601
-0.147710
-0.127725
-0.069976
-0.020637
0.016616
0.044983
0.072767
0.085628
0.092327
0.075892
0.050590
0.017930
-0.000088
-0.017306
-0.029210
-0.018605
0.009604
0.041162
0.052256
0.050779
0.040058
0.015843
-0.005420
-0.022219
-0.048855
-0.130723
-0.156744
-0.082526
0.046979
0.097942
0.085684
0.056365
0.012139
-0.032149
-0.036008
0.006030
0.035018
0.052547
0.100936
0.135809
0.126884
0.079188
0.044444
0.019180
-0.009405
-0.038025
-0.008119
0.039661
0.063145
0.056511
0.048149
0.030446
-0.015886
-0.058237
-0.072677
-0.080877
-0.111771
-0.142181
-0.144995
-0.119458
-0.075240
-0.038064
-0.010239
-0.009854
-0.022100
-0.042588
-0.062639
-0.073788
-0.065280
-0.041181
-0.013439
0.016317
0.041318
0.062466
0.053854
0.031589
0.010611
-0.000110
-0.002880
-0.001188
0.021654
0.038803
0.043904
0.032777
0.024699
0.025924
0.027258
0.033387
0.036711
0.036927
0.037980
0.057386
0.087155
0.104151
0.117137
0.143451
0.179875
0.205140
0.226540
0.176719
0.011759
-0.226876
-0.359659
-0.321852
-0.185718
-0.014104
0.124749
0.182348
0.138430
0.056588
0.014763
-0.030437
-0.104379
-0.201866
-0.266093
-0.276144
-0.197057
-0.040865
0.111547
0.171548
0.132608
0.039038
-0.065263
-0.137864
-0.144043
-0.106347
-0.071647
-0.053702
-0.024716
0.018102
0.061123
0.082703
0.076908
0.023271
-0.055109
-0.113617
-0.124430
-0.096993
-0.065825
-0.044357
-0.032848
-0.009062
0.026829
0.048764
0.045168
0.016063
-0.008197
-0.027583
-0.032522
-0.014628
0.020109
0.049631
0.060676
0.052270
0.021808
-0.002015
-0.000979
0.032150
0.064593
0.076119
0.080027
0.092689
0.123004
0.145474
0.160239
0.152916
0.149477
0.158695
0.180763
0.077928
-0.112325
-0.292197
-0.347891
-0.237222
-0.097009
0.076444
0.158663
0.146922
0.090286
0.012516
-0.020464
-0.084655
-0.130300
-0.174232
-0.208836
-0.206134
-0.144209
-0.027202
0.069302
0.109340
0.071834
-0.009747
-0.101283
-0.151255
-0.144274
-0.108646
-0.074469
-0.061854
-0.045278
-0.008568
0.057682
0.118994
0.143503
0.111749
0.040405
-0.023683
-0.051451
-0.040018
-0.019292
0.010435
0.045738
0.065405
0.064295
0.044237
0.012535
-0.021293
-0.032148
-0.001680
0.031100
0.046094
0.053718
0.066824
0.081866
0.089300
0.103789
0.107795
0.101630
0.096221
0.109272
0.129144
0.083839
0.001044
-0.115413
-0.215207
-0.254019
-0.198325
-0.055958
0.063562
0.126431
0.123287
0.086422
0.024777
-0.038470
-0.070392
-0.099198
-0.124907
-0.146479
-0.120812
-0.064609
0.003288
0.056276
0.069070
0.033788
-0.029988
-0.077730
-0.098509
-0.089477
-0.066404
-0.031720
0.001456
0.024911
0.054113
0.076908
0.074272
0.049173
0.030924
0.013672
-0.006208
-0.014250
0.010574
0.036015
0.032587
0.023585
0.016827
0.010635
-0.005053
-0.012003
-0.021166
-0.050021
-0.064848
-0.045175
-0.010122
0.008727
0.037691
0.055465
0.047481
0.024734
0.023046
0.051044
0.069857
0.093085
0.110127
0.127361
0.121294
0.121041
0.133800
0.160640
0.118424
0.030637
-0.042988
-0.105523
-0.149470
-0.147929
-0.084976
-0.029332
-0.017798
-0.013048
-0.002402
-0.001659
-0.025154
-0.034500
-0.050208
-0.081003
-0.127991
-0.141707
-0.135109
-0.116611
-0.077868
-0.026153
0.008110
0.008316
0.005428
0.005219
-0.011638
-0.033724
-0.026934
-0.003738
0.011652
0.041555
0.070562
0.081271
0.050287
0.030441
0.023201
0.014088
-0.001013
-0.008050
-0.007846
-0.015894
-0.009426
-0.000458
-0.004387
-0.024308
-0.014154
0.014717
0.032370
0.038005
0.061184
0.069177
0.065492
0.088487
0.124711
0.153851
0.167388
0.196272
0.242470
0.264378
0.169905
0.003450
-0.176967
-0.345788
-0.408960
-0.327907
-0.110387
0.090434
0.215443
0.258243
0.193700
0.047530
-0.098804
-0.171682
-0.214104
-0.248671
-0.240838
-0.171282
-0.068855
0.036216
0.131704
0.160897
0.103632
-0.004528
-0.090847
-0.134855
-0.137171
-0.101007
-0.036429
0.011979
0.035696
0.062060
0.093397
0.103531
0.069877
0.031912
-0.002644
-0.036906
-0.048061
-0.019417
0.026134
0.044519
0.042478
0.030080
0.020413
0.000804
-0.015171
-0.015989
-0.017799
-0.025578
-0.024695
0.003231
0.042117
0.062772
0.057078
0.036745
0.017772
0.023838
0.059065
0.098501
0.118311
0.112982
0.106163
0.104834
0.115530
0.112146
0.081182
-0.016339
-0.125028
-0.168689
-0.164064
-0.115793
-0.055446
0.021017
0.051945
0.036002
0.012879
-0.006724
-0.024722
-0.056223
-0.063061
-0.072134
-0.077774
-0.072362
-0.040920
-0.001161
0.010500
0.010662
-0.003013
-0.011292
-0.027465
-0.029187
-0.028279
-0.028394
-0.034182
-0.025738
0.006963
0.036614
0.060006
0.080615
0.094753
0.072980
0.024631
-0.007316
-0.021870
-0.023497
-0.015931
0.019419
0.039021
0.033795
0.020304
0.020419
0.017117
-0.003344
-0.036646
-0.064359
-0.086447
-0.087406
-0.068835
-0.016902
0.034707
0.061987
0.062726
0.039073
0.011231
-0.005666
-0.007738
0.001947
0.044199
0.105507
0.130221
0.123456
0.129086
0.150656
0.138551
0.103191
0.069164
0.026388
-0.018786
-0.009869
0.020358
-0.022025
-0.088784
-0.135222
-0.131809
-0.117916
-0.074382
-0.016583
-0.006507
-0.052456
-0.116211
-0.140653
-0.131573
-0.100757
-0.065866
-0.048420
-0.050178
-0.065261
-0.046965
-0.012824
0.029826
0.046116
0.054048
0.046946
0.039434
0.035949
0.036720
0.048758
0.046698
0.030919
0.014091
0.013034
0.017616
0.012501
0.005985
0.004383
0.002933
-0.008751
-0.008413
-0.006867
-0.000227
0.006790
0.032192
0.064089
0.068358
0.051435
0.052901
0.081974
0.103391
0.140906
0.211198
0.277141
0.284899
0.205655
0.042782
-0.220303
-0.420364
-0.405784
-0.239607
-0.038060
0.116235
0.216424
0.206441
0.106205
0.017915
-0.038781
-0.102225
-0.190377
-0.264909
-0.286083
-0.244311
-0.141399
0.008258
0.131578
0.156940
0.088506
-0.015977
-0.102635
-0.155113
-0.154853
-0.116594
-0.068630
-0.034707
0.008354
0.056905
0.083943
0.084190
0.059751
0.024342
-0.015795
-0.025644
-0.011026
0.009945
0.017545
0.018164
0.024412
0.035327
0.053235
0.034420
-0.006297
-0.041764
-0.049653
-0.038871
-0.009547
0.045468
0.093085
0.114161
0.106618
0.087962
0.071196
0.077308
0.112764
0.142540
0.164052
0.187890
0.205497
0.101416
-0.106066
-0.307819
-0.407895
-0.367257
-0.206423
0.036411
0.217389
0.249351
0.157522
0.031913
-0.068318
-0.135870
-0.154571
-0.156889
-0.152720
-0.141448
-0.080396
0.014605
0.101815
0.142626
0.115547
0.038477
-0.053382
-0.109808
-0.120857
-0.089797
-0.043960
-0.005226
0.023319
0.051637
0.078208
0.077354
0.059518
0.036390
0.005261
-0.033015
-0.028603
0.006699
0.040239
0.049642
0.046878
0.033798
0.010948
0.004007
0.003198
0.006596
0.000464
0.003593
0.009362
0.008371
0.003380
-0.013435
-0.038251
-0.078819
-0.091380
-0.085536
-0.054465
-0.015287
0.029066
0.046791
0.030583
0.020869
0.014405
0.017267
0.010646
0.023394
0.034322
0.047962
0.063780
0.075985
0.082773
0.077993
0.088457
0.088598
0.070127
0.038741
0.030570
0.040427
0.015122
-0.008798
-0.028830
-0.040552
-0.070539
-0.088221
-0.078754
-0.077011
-0.078156
-0.063305
-0.036503
-0.032408
-0.045744
-0.058485
-0.080505
-0.109127
-0.115942
-0.076628
-0.030829
0.006093
0.025906
0.040084
0.044272
0.049361
0.045392
0.031196
0.015196
0.007402
0.015917
0.025047
0.033223
0.040411
0.049768
0.055138
0.045939
0.033477
0.024525
0.023062
0.022684
0.032336
0.045455
0.061156
0.082821
0.109811
0.129366
0.111720
0.071627
0.024313
-0.031124
-0.095823
-0.136769
-0.126141
-0.035553
0.066973
0.138434
0.150222
0.119028
0.049849
-0.029876
-0.082476
-0.107619
-0.121140
-0.133698
-0.123718
-0.076380
-0.013433
0.033849
0.059422
0.056979
0.015478
-0.026925
-0.070615
-0.100543
-0.117656
-0.106441
-0.077108
-0.054583
-0.039611
-0.022252
-0.005400
-0.014593
-0.044870
-0.073298
-0.084413
-0.084137
-0.078348
-0.058394
-0.036866
-0.032051
-0.029430
-0.008781
0.020447
0.035984
0.047401
0.058382
0.049730
0.024246
0.013234
0.024190
0.028390
0.026506
0.036740
0.053933
0.060976
0.078271
0.111212
0.147816
0.162224
0.171391
0.199150
0.240278
0.261468
0.185974
0.019000
-0.149656
-0.297069
-0.385170
-0.319052
-0.138995
0.040483
0.129958
0.156263
0.146724
0.067006
-0.013469
-0.058631
-0.080022
-0.139337
-0.225929
-0.243693
-0.176712
-0.056322
0.067003
0.154171
0.161863
0.076869
-0.030151
-0.095581
-0.113974
-0.104096
-0.077435
-0.039482
-0.018049
-0.007840
0.022251
0.052300
0.051891
0.010273
-0.043885
-0.089785
-0.127571
-0.132472
-0.110495
-0.052666
0.011269
0.055202
0.067565
0.052027
0.030225
0.004535
-0.008511
-0.012616
-0.000723
0.018073
0.042318
0.057508
0.044192
0.021663
0.005129
0.014015
0.032109
0.059759
0.080111
0.089306
0.099982
0.121533
0.142848
0.148633
0.142894
0.147979
0.163940
0.134967
0.013382
-0.106730
-0.189625
-0.239693
-0.208117
-0.093954
0.045106
0.104344
0.108266
0.106609
0.068516
-0.002037
-0.075279
-0.113407
-0.162729
-0.199974
-0.183442
-0.120859
-0.054137
-0.015072
0.020079
0.009008
-0.048204
-0.097050
-0.099070
-0.091044
-0.101682
-0.089286
-0.041774
0.014944
0.055303
0.100411
0.128559
0.119698
0.082541
0.045970
0.012841
-0.017760
-0.016019
0.011528
0.040227
0.046052
0.049025
0.045886
0.021841
-0.005246
-0.019522
-0.021707
-0.019062
0.002839
0.030733
0.045892
0.046014
0.052421
0.070314
0.087564
0.097351
0.099151
0.107478
0.133973
0.166366
0.091223
-0.057205
-0.195325
-0.248042
-0.212567
-0.116940
0.025410
0.126583
0.145416
0.104625
0.056087
0.007025
-0.055594
-0.104035
-0.139423
-0.152305
-0.149070
-0.095091
-0.020037
0.042565
0.063856
0.047089
-0.002630
-0.055844
-0.076440
-0.061911
-0.034663
-0.027519
-0.024568
-0.016220
0.014288
0.050083
0.069427
0.075814
0.068068
0.052620
0.014164
-0.016093
-0.022915
-0.004069
0.024045
0.033302
0.022162
0.000737
-0.010230
-0.013357
-0.027314
-0.063359
-0.091525
-0.089940
-0.054279
0.003018
0.057854
0.076529
0.057613
0.040004
0.019048
0.010107
0.026123
0.061690
0.095792
0.121930
0.149998
0.166126
0.168847
0.165936
0.173119
0.132140
0.030199
-0.044712
-0.099695
-0.144349
-0.184343
-0.174678
-0.107588
-0.041631
0.021735
0.085088
0.114187
0.089380
-0.007278
-0.111498
-0.187829
-0.236162
-0.239699
-0.189936
-0.109444
-0.039292
0.014422
0.054131
0.055544
0.023126
-0.015630
-0.031122
-0.053504
-0.065144
-0.056392
-0.023102
0.001948
0.028636
0.070020
0.102088
0.094507
0.057126
0.026802
0.003425
-0.024751
-0.048654
-0.049546
-0.016112
0.029141
0.048455
0.023853
-0.005048
-0.011304
-0.006796
-0.007878
0.003221
0.031243
0.063364
0.092627
0.126912
0.143507
0.141082
0.143364
0.152819
0.184677
0.244432
0.264400
0.131892
-0.152512
-0.438040
-0.511646
-0.388887
-0.143776
0.129796
0.310739
0.311236
0.143691
-0.017208
-0.110334
-0.158268
-0.190910
-0.211089
-0.215826
-0.210459
-0.127411
0.016542
0.149567
0.179042
0.119352
0.013801
-0.098767
-0.162648
-0.154087
-0.099496
-0.055298
-0.018401
0.032374
0.084997
0.117330
0.122829
0.102624
0.043411
-0.020331
-0.059319
-0.051337
-0.009019
0.039280
0.061684
0.052287
0.033421
0.024951
0.017669
0.000377
-0.022455
-0.040314
-0.051761
-0.049468
-0.023401
0.039933
0.088036
0.082496
0.052785
0.038712
0.026519
0.033335
0.070294
0.099585
0.099075
0.089330
0.106163
0.101478
0.011719
-0.106508
-0.170945
-0.139996
-0.062709
0.003484
0.061557
0.075863
0.045559
-0.001757
-0.023098
-0.030430
-0.049188
-0.057890
-0.056987
-0.049793
-0.047922
-0.032340
-0.005080
-0.002203
-0.022045
-0.050821
-0.065622
-0.072899
-0.063746
-0.045441
-0.031049
-0.019983
-0.007430
0.011916
0.023929
0.028479
0.029265
0.022438
0.010404
-0.003186
-0.002473
0.011692
0.028451
0.025549
0.015801
0.011980
0.010252
0.009331
0.006523
-0.000905
-0.009863
-0.011185
0.014588
0.028113
0.034288
0.024359
0.035173
0.046559
0.061668
0.073879
0.076103
0.069252
0.074911
0.108499
0.127564
0.138488
0.159929
0.134179
0.089893
0.016325
-0.086142
-0.180179
-0.246326
-0.190094
-0.085222
0.010851
0.085085
0.099094
0.079516
0.010433
-0.037869
-0.074846
-0.117542
-0.159169
-0.182183
-0.170506
-0.145762
-0.083774
-0.009805
0.043993
0.045437
0.004229
-0.035859
-0.074235
-0.083819
-0.076696
-0.036506
-0.004046
0.021898
0.075199
0.126259
0.126531
0.072325
0.037051
0.024763
0.004595
-0.020330
-0.018191
0.001628
0.009097
0.013587
0.020290
0.018484
0.001227
0.004355
0.016405
0.024115
0.027082
0.046231
0.063164
0.084673
0.112382
0.144302
0.158352
0.153016
0.165825
0.182581
0.124256
0.009927
-0.130575
-0.255466
-0.278947
-0.202921
-0.054591
0.065068
0.122653
0.125098
0.068367
0.004532
-0.052728
-0.077263
-0.107352
-0.143353
-0.165476
-0.152454
-0.098856
-0.033990
0.025309
0.042473
0.023044
-0.022568
-0.064680
-0.088445
-0.092580
-0.079639
-0.062350
-0.028894
0.016413
0.077052
0.122695
0.132407
0.106415
0.050985
-0.005617
-0.047415
-0.038424
-0.002843
0.033287
0.045892
0.048456
0.035351
0.002778
-0.020963
-0.038722
-0.051600
-0.071517
-0.048114
0.009570
0.059201
0.083006
0.082814
0.063627
0.033233
0.025580
0.059999
0.102035
0.102407
0.098279
0.136376
0.183723
0.181158
0.097926
-0.026581
-0.163960
-0.264048
-0.255955
-0.153463
-0.014928
0.079318
0.119767
0.097260
0.025354
-0.045186
-0.085570
-0.104109
-0.130777
-0.154316
-0.148811
-0.112157
-0.049224
0.015439
0.057085
0.041820
-0.003923
-0.050522
-0.069933
-0.067028
-0.038176
-0.006203
0.007251
0.015194
0.030825
0.048836
0.066906
0.071415
0.058919
0.026545
0.004878
0.001813
0.008186
0.008910
0.015183
0.016629
0.006711
-0.021090
-0.043599
-0.085509
-0.114532
-0.084798
0.008344
0.081676
0.081543
0.058216
0.032862
0.015173
0.003463
0.016022
0.057580
0.083814
0.110722
0.138972
0.163389
0.178590
0.162125
0.110808
0.038714
-0.054708
-0.135797
-0.171445
-0.150939
-0.088544
-0.032566
0.011993
0.023984
0.006780
-0.023507
-0.058278
-0.094398
-0.131453
-0.151393
-0.150702
-0.125932
-0.082922
-0.031485
0.005421
0.005142
-0.012068
-0.037200
-0.051547
-0.055407
-0.041385
-0.019190
0.004283
0.028605
0.049528
0.058636
0.055087
0.048358
0.038588
0.027924
0.018517
0.016776
0.005094
0.001385
0.005082
-0.001671
-0.029866
-0.067857
-0.084442
-0.070075
-0.014942
0.038523
0.073493
0.073302
0.062903
0.048426
0.023096
0.040364
0.052502
0.089438
0.140682
0.187729
0.211893
0.239271
0.229603
0.095521
-0.082715
-0.228906
-0.277309
-0.272761
-0.179783
-0.022971
0.082479
0.108201
0.071588
0.035011
-0.031674
-0.100172
-0.138006
-0.144438
-0.150264
-0.161949
-0.123220
-0.056774
0.006157
0.025101
0.028210
0.005600
-0.038927
-0.070539
-0.072516
-0.061766
-0.056816
-0.022249
0.021458
0.059971
0.085971
0.102009
0.093149
0.034838
-0.020421
-0.046087
-0.042037
-0.027259
-0.003498
0.009471
0.000567
-0.005967
0.002145
0.003290
-0.003236
0.003003
0.010867
0.004817
0.002636
0.029833
0.064955
0.087896
0.106846
0.126033
0.148998
0.167521
0.165300
0.166117
0.203845
0.214442
0.103688
-0.074184
-0.241260
-0.341312
-0.350501
-0.229417
-0.027833
0.122728
0.173140
0.156917
0.100428
-0.001708
-0.110902
-0.172636
-0.200805
-0.218248
-0.199889
-0.117137
-0.010117
0.073854
0.116907
0.114144
0.056700
-0.029335
-0.095889
-0.120397
-0.116152
-0.083265
-0.030673
0.029856
0.078263
0.112165
0.114375
0.079030
0.023208
-0.018658
-0.054902
-0.066875
-0.048454
-0.010790
0.034963
0.060445
0.062614
0.036755
-0.000891
-0.034505
-0.052147
-0.046796
-0.025905
0.016478
0.052166
0.080963
0.088420
0.079318
0.067525
0.064512
0.073890
0.103848
0.116602
0.114743
0.122025
0.152666
0.188495
0.180928
0.070188
-0.141415
-0.332578
-0.410944
-0.290199
-0.053783
0.156255
0.228188
0.155349
0.040612
-0.068249
-0.117646
-0.116662
-0.101287
-0.111561
-0.133073
-0.109506
-0.047336
0.036432
0.087125
0.091240
0.037873
-0.032776
-0.084354
-0.096553
-0.068476
-0.028092
0.002139
0.011015
0.020859
0.041304
0.060726
0.062162
0.040979
0.018310
-0.017046
-0.032345
-0.006318
0.041187
0.052446
0.042303
0.026000
0.011930
-0.004825
-0.020900
-0.027408
-0.037302
-0.031793
0.016349
0.070406
0.088590
0.078396
0.065493
0.044197
0.034305
0.037115
0.077967
0.122079
0.132259
0.123051
0.128520
0.100031
0.007718
-0.096977
-0.160302
-0.142793
-0.080388
0.026150
0.097819
0.087910
0.033983
-0.028860
-0.059861
-0.081412
-0.078204
-0.074164
-0.082660
-0.092205
-0.082282
-0.040928
-0.015341
-0.009179
-0.022186
-0.040815
-0.067570
-0.087882
-0.075332
-0.044177
-0.012281
0.009899
0.034355
0.036662
0.030562
0.034232
0.029216
-0.003401
-0.023862
-0.013854
0.011233
0.038200
0.068021
0.072202
0.040357
-0.009733
-0.032010
-0.042092
-0.043443
-0.017598
0.024361
0.052003
0.061868
0.075846
0.084890
0.078256
0.073764
0.076641
0.091131
0.118439
0.158258
0.195884
0.254498
0.234291
0.089592
-0.085259
-0.242072
-0.347797
-0.354206
-0.170389
0.087556
0.221214
0.206261
0.129618
0.028019
-0.089715
-0.156944
-0.163431
-0.173424
-0.203530
-0.189065
-0.098049
0.003227
0.079485
0.112968
0.085227
-0.008155
-0.106066
-0.144728
-0.125949
-0.086258
-0.043942
-0.003379
0.023397
0.041586
0.070260
0.086949
0.077274
0.041126
0.008510
-0.029845
-0.053081
-0.027699
0.030965
0.058943
0.027052
-0.005659
-0.012595
-0.008990
-0.009117
0.000168
0.005869
-0.007566
-0.016462
0.008616
0.044295
0.062614
0.075981
0.094186
0.093182
0.075668
0.088605
0.126111
0.150715
0.171245
0.207154
0.248101
0.138821
-0.100486
-0.340508
-0.453797
-0.355930
-0.106425
0.146758
0.236859
0.175258
0.057897
-0.044829
-0.107006
-0.122887
-0.109409
-0.133258
-0.162810
-0.151367
-0.071267
0.026428
0.092704
0.108434
0.057741
-0.037797
-0.121976
-0.138178
-0.099213
-0.044529
-0.008734
0.009704
0.014098
0.023711
0.048040
0.062182
0.040504
0.004320
-0.013680
-0.011160
0.005908
0.029549
0.036143
0.027180
0.016459
0.020020
0.018309
0.005293
-0.014968
-0.039977
-0.066808
-0.042157
0.028294
0.089885
0.103071
0.080391
0.052153
0.028519
0.013157
0.022763
0.082160
0.139762
0.137646
0.130242
0.132408
0.065672
-0.070271
-0.179202
-0.204215
-0.155336
-0.055976
0.068368
0.119221
0.082429
0.019526
-0.021996
-0.050799
-0.078726
-0.087351
-0.092754
-0.101792
-0.097311
-0.056313
-0.001361
0.023992
0.012973
-0.026527
-0.063867
-0.095866
-0.094651
-0.066312
-0.034506
-0.021976
-0.012533
0.003850
0.021143
0.036492
0.043023
0.026907
-0.015946
-0.047448
-0.034719
0.003724
0.036512
0.058346
0.068298
0.045550
-0.007411
-0.048434
-0.054759
-0.068436
-0.055910
-0.005722
0.063413
0.086213
0.084987
0.087954
0.063847
0.030173
0.042392
0.075020
0.096838
0.119107
0.153241
0.189685
0.225234
0.206203
0.084181
-0.068385
-0.213302
-0.306003
-0.310075
-0.161357
0.053335
0.153773
0.153560
0.093982
0.014519
-0.076556
-0.137674
-0.143453
-0.164936
-0.186933
-0.175988
-0.096572
-0.011242
0.049582
0.073760
0.048628
-0.027526
-0.109070
-0.128530
-0.100252
-0.064171
-0.026661
0.001542
0.009141
0.019828
0.052112
0.074128
0.066490
0.040732
0.006872
-0.035243
-0.045946
-0.002162
0.045624
0.041295
0.006457
-0.012872
-0.016473
-0.023118
-0.021365
0.005364
0.028851
0.023836
0.001720
0.001980
0.016829
0.037094
0.064512
0.083518
0.093173
0.102932
0.131566
0.154930
0.169297
0.192648
0.222306
0.237607
0.099982
-0.166217
-0.439349
-0.520594
-0.350881
-0.039911
0.223858
0.303180
0.220964
0.055011
-0.080340
-0.145733
-0.143767
-0.137625
-0.168802
-0.186454
-0.151752
-0.050762
0.052027
0.130960
0.128804
0.049493
-0.064324
-0.140765
-0.152775
-0.108994
-0.033031
0.015081
0.025792
0.025628
0.045494
0.065075
0.066044
0.058092
0.026841
-0.022871
-0.053996
-0.025444
0.028741
0.063738
0.052834
0.036732
0.009519
-0.012948
-0.019711
-0.025228
-0.037119
-0.047986
-0.009746
0.051497
0.099274
0.090581
0.065241
0.045558
0.032982
0.042832
0.069637
0.111829
0.122728
0.123279
0.119607
0.130836
0.064855
-0.063100
-0.172592
-0.220488
-0.196277
-0.108111
0.063561
0.172047
0.148461
0.052615
-0.026621
-0.069862
-0.114446
-0.106327
-0.089873
-0.081893
-0.095416
-0.063605
-0.002180
0.036961
0.037619
0.012169
-0.028948
-0.090265
-0.116564
-0.091485
-0.042845
-0.005100
0.021102
0.043029
0.042276
0.040652
0.034461
0.028014
-0.017159
-0.042362
-0.029602
-0.000154
0.016296
0.036476
0.068322
0.064379
0.028591
-0.012680
-0.034518
-0.053587
-0.054613
-0.012943
0.037181
0.063662
0.073803
0.093416
0.083561
0.057674
0.054807
0.077077
0.093903
0.113812
0.158716
0.190994
0.231666
0.232389
0.127410
-0.026326
-0.209376
-0.355826
-0.406232
-0.276453
-0.012618
0.207259
0.265594
0.191828
0.063346
-0.064490
-0.144720
-0.165319
-0.163886
-0.175282
-0.184743
-0.140498
-0.051195
0.046818
0.106704
0.106110
0.037275
-0.058570
-0.128971
-0.138942
-0.103530
-0.059041
-0.017924
0.015094
0.046040
0.077994
0.105218
0.104642
0.057604
-0.001082
-0.046841
-0.055334
-0.047368
-0.020625
0.012898
0.046120
0.043669
0.026962
0.013780
0.006285
-0.006584
-0.022339
-0.009881
0.021148
0.062007
0.098277
0.125970
0.136790
0.135843
0.153171
0.146490
0.149570
0.176815
0.234563
0.177012
0.015021
-0.170641
-0.329400
-0.392494
-0.325093
-0.105033
0.106209
0.216132
0.232926
0.160179
0.028884
-0.121592
-0.187706
-0.207099
-0.211412
-0.204652
-0.142718
-0.044520
0.044199
0.108504
0.129574
0.085459
-0.012450
-0.098758
-0.136079
-0.140190
-0.109772
-0.051299
0.014709
0.056792
0.096626
0.123823
0.116423
0.061039
-0.000968
-0.047138
-0.070978
-0.062975
-0.031300
0.013367
0.039041
0.055567
0.046061
0.016278
-0.014306
-0.030763
-0.032745
-0.025936
-0.004289
0.019226
0.041790
0.059127
0.077976
0.100529
0.099179
0.079551
0.091201
0.129646
0.136756
0.141647
0.168943
0.217198
0.190497
0.029777
-0.177627
-0.356044
-0.410089
-0.321432
-0.108287
0.125720
0.254051
0.239109
0.113315
-0.025005
-0.134313
-0.175808
-0.174366
-0.164528
-0.153339
-0.123032
-0.052391
0.026812
0.097343
0.113679
0.070342
-0.021542
-0.097469
-0.120821
-0.099388
-0.045864
-0.001709
0.031745
0.044973
0.062135
0.077857
0.076824
0.051255
0.009542
-0.026801
-0.048339
-0.038090
-0.017231
0.017782
0.054827
0.073018
0.046197
-0.008283
-0.062714
-0.099208
-0.093979
-0.038948
0.043480
0.084000
0.098856
0.097538
0.077156
0.043414
0.038102
0.064419
0.093914
0.104725
0.118841
0.142659
0.160574
0.165992
0.093114
-0.037242
-0.171879
-0.261256
-0.264354
-0.185455
-0.035834
0.089631
0.162359
0.142800
0.064111
-0.036480
-0.116815
-0.150406
-0.166344
-0.158200
-0.138931
-0.091567
-0.036321
0.015480
0.050244
0.044199
0.008929
-0.045103
-0.074620
-0.093737
-0.083306
-0.042009
0.010740
0.038783
0.055171
0.075436
0.065965
0.027826
-0.003179
-0.009133
-0.019966
-0.023148
-0.007091
0.009998
0.008486
0.007456
0.016721
0.004251
-0.043774
-0.078190
-0.046022
0.013962
0.055353
0.063777
0.073297
0.073457
0.061121
0.067533
0.091592
0.149655
0.169392
0.168683
0.182824
0.207710
0.173013
0.035796
-0.090064
-0.197093
-0.284173
-0.315282
-0.214675
-0.042034
0.082336
0.160393
0.179361
0.118593
-0.014375
-0.124708
-0.176944
-0.210439
-0.224446
-0.194743
-0.115708
-0.038021
0.031225
0.078410
0.082913
0.030596
-0.042753
-0.093176
-0.118700
-0.119673
-0.091933
-0.026738
0.042889
0.089955
0.107642
0.100183
0.072117
0.023182
-0.020758
-0.041894
-0.044516
-0.037725
-0.025641
-0.016083
-0.008669
0.009715
0.045409
0.051133
0.007472
-0.032816
-0.028719
-0.008731
0.000436
0.024836
0.062440
0.095847
0.118992
0.145398
0.170629
0.157802
0.135780
0.140816
0.180930
0.215422
0.135663
-0.009820
-0.194843
-0.360783
-0.398891
-0.284486
-0.064142
0.100561
0.179647
0.179384
0.110414
0.002625
-0.096807
-0.138049
-0.170682
-0.198583
-0.202011
-0.146999
-0.061453
0.024292
0.095236
0.110378
0.062010
-0.021830
-0.082554
-0.108812
-0.102569
-0.072325
-0.025042
0.022178
0.061397
0.091968
0.098919
0.085997
0.046078
0.004377
-0.027349
-0.040825
-0.035334
-0.025753
-0.006204
0.011083
0.029754
0.025552
0.002664
-0.023968
-0.027665
-0.012450
-0.002409
0.017249
0.040666
0.057742
0.070816
0.076768
0.092112
0.087372
0.085048
0.117470
0.136100
0.149253
0.166225
0.201522
0.157994
-0.009434
-0.191050
-0.317746
-0.333157
-0.264622
-0.103925
0.066737
0.154405
0.164359
0.118827
0.041705
-0.066244
-0.139859
-0.159366
-0.162983
-0.159781
-0.126977
-0.050175
0.017028
0.062928
0.079040
0.062173
0.007008
-0.043765
-0.064017
-0.064706
-0.055570
-0.033143
0.004576
0.038774
0.058154
0.074184
0.079086
0.066289
0.025957
-0.013298
-0.029716
-0.023258
-0.007337
-0.000217
0.000323
-0.007761
-0.010812
-0.008674
-0.005682
-0.002121
0.014404
0.039332
0.044171
0.043166
0.048242
0.061474
0.064486
0.083013
0.102494
0.123466
0.147816
0.156019
0.180239
0.198770
0.128473
-0.019088
-0.162211
-0.236656
-0.244984
-0.193878
-0.076064
0.035357
0.086012
0.088634
0.076472
0.047441
-0.017975
-0.087496
-0.142253
-0.172899
-0.179518
-0.138398
-0.064686
-0.003861
0.035200
0.044035
0.033677
-0.002388
-0.039890
-0.054054
-0.050980
-0.036310
-0.015975
0.018223
0.039734
0.053118
0.064013
0.062240
0.047021
0.023102
0.005202
-0.005364
-0.005807
-0.010509
-0.020509
-0.029439
-0.023466
-0.006923
0.008878
0.016413
0.017487
0.016053
0.018271
0.033785
0.053954
0.072004
0.082485
0.101452
0.119381
0.144779
0.161666
0.176711
0.191038
0.219577
0.206907
0.084060
-0.079878
-0.242189
-0.345248
-0.345004
-0.210779
-0.012384
0.121357
0.162634
0.135064
0.071050
-0.016067
-0.084881
-0.130777
-0.170222
-0.201317
-0.197088
-0.143083
-0.056072
0.035492
0.094113
0.097301
0.043978
-0.027540
-0.082354
-0.105785
-0.093769
-0.056207
-0.002080
0.043241
0.076301
0.100478
0.111976
0.073221
0.013015
-0.020379
-0.025156
-0.024736
-0.027940
-0.019268
-0.023247
-0.026851
-0.016339
0.014566
0.031636
0.017964
-0.003260
-0.013787
-0.001411
0.018993
0.044350
0.076567
0.095604
0.109721
0.136077
0.174708
0.167566
0.157923
0.171214
0.216673
0.193309
0.066144
-0.094399
-0.271225
-0.381691
-0.352483
-0.181302
0.016434
0.130366
0.163979
0.125025
0.048466
-0.037861
-0.086618
-0.128597
-0.173002
-0.206348
-0.190537
-0.125107
-0.039240
0.046167
0.094287
0.087213
0.024377
-0.046665
-0.095817
-0.109669
-0.087395
-0.046791
-0.004205
0.025960
0.059076
0.091947
0.093353
0.047328
-0.002973
-0.022022
-0.015787
-0.013993
-0.009596
-0.006906
-0.028328
-0.046802
-0.035652
0.002847
0.014405
0.006768
0.012961
0.025604
0.024496
0.026950
0.051251
0.062994
0.070647
0.088019
0.121036
0.160985
0.173059
0.173856
0.180864
0.211181
0.172229
0.035474
-0.133246
-0.289214
-0.372404
-0.340497
-0.170222
0.022315
0.138885
0.159006
0.116217
0.044338
-0.033618
-0.091128
-0.140411
-0.180914
-0.207624
-0.183724
-0.108664
-0.018817
0.055877
0.093160
0.082368
0.018080
-0.055737
-0.105397
-0.111425
-0.090435
-0.047594
-0.000505
0.033074
0.064492
0.093004
0.097286
0.048765
-0.010033
-0.043778
-0.050225
-0.042844
-0.023947
-0.000616
-0.001886
-0.009566
-0.006146
0.023131
0.032327
0.014061
-0.013842
-0.021261
-0.007437
0.018597
0.049918
0.079529
0.105705
0.123632
0.113982
0.134808
0.156127
0.161477
0.154329
0.174611
0.196644
0.108858
-0.053229
-0.223311
-0.341310
-0.355843
-0.249244
-0.057847
0.096822
0.160905
0.144904
0.096120
0.009241
-0.078502
-0.140678
-0.172177
-0.188514
-0.184928
-0.126116
-0.043222
0.032896
0.078317
0.091795
0.052092
-0.028367
-0.091975
-0.110945
-0.099565
-0.078740
-0.026298
0.034074
0.065606
0.075922
0.090241
0.080627
0.021104
-0.035635
-0.047303
-0.029773
-0.030217
-0.016347
0.002617
0.007511
-0.002814
0.006587
0.020555
0.012112
0.007642
0.017704
0.032533
0.030781
0.042905
0.067823
0.083127
0.095856
0.118062
0.167958
0.173182
0.158813
0.165980
0.210510
0.216322
0.106253
-0.052629
-0.238529
-0.378330
-0.394055
-0.245964
-0.025769
0.127934
0.193054
0.174531
0.099036
-0.007903
-0.090335
-0.135481
-0.173108
-0.194607
-0.181100
-0.119666
-0.040901
0.037842
0.093444
0.101493
0.049939
-0.028267
-0.087179
-0.109263
-0.108595
-0.076101
-0.023406
0.026242
0.055976
0.093743
0.114759
0.079189
0.017337
-0.014928
-0.023930
-0.035448
-0.038360
-0.012049
-0.008749
-0.018899
-0.008515
0.014158
0.014275
0.013483
0.033204
0.039830
0.018716
0.016308
0.039880
0.060536
0.068820
0.095776
0.119139
0.149403
0.181242
0.186579
0.181035
0.184978
0.212399
0.144055
0.008420
-0.149412
-0.311842
-0.393082
-0.340411
-0.136270
0.065197
0.179540
0.198836
0.147241
0.053244
-0.057554
-0.124994
-0.164804
-0.187687
-0.198862
-0.166778
-0.088153
0.005176
0.082893
0.115334
0.088324
0.012938
-0.064236
-0.105495
-0.110583
-0.095892
-0.056930
-0.009239
0.037455
0.075373
0.104964
0.109940
0.066494
0.002878
-0.038012
-0.049294
-0.047970
-0.028237
0.005357
0.012917
-0.009820
-0.014239
0.010439
0.023837
0.013034
0.007171
0.009417
0.009349
0.022603
0.049591
0.079790
0.087143
0.101134
0.120035
0.164840
0.163393
0.137720
0.146564
0.177757
0.218598
0.187987
0.063725
-0.147092
-0.375706
-0.448877
-0.338258
-0.122691
0.078941
0.201702
0.224275
0.146962
0.027640
-0.068559
-0.131223
-0.174571
-0.200920
-0.188916
-0.150089
-0.081170
0.007739
0.090914
0.123560
0.081004
0.000952
-0.076129
-0.120836
-0.122674
-0.088400
-0.034395
0.014104
0.051949
0.083897
0.110736
0.101043
0.052026
-0.010262
-0.036451
-0.045045
-0.038312
-0.021119
0.006046
0.018695
0.015712
0.010039
0.003683
-0.002489
-0.016584
-0.015700
0.004050
0.030958
0.045875
0.056404
0.082096
0.084899
0.092546
0.095451
0.133056
0.152988
0.142551
0.155951
0.168644
0.200248
0.153390
0.020908
-0.166124
-0.337063
-0.389705
-0.305562
-0.110400
0.091149
0.200948
0.200306
0.125390
0.013849
-0.092324
-0.146839
-0.163799
-0.170705
-0.169274
-0.129709
-0.063987
0.012939
0.078449
0.109776
0.069544
-0.013259
-0.086322
-0.118664
-0.112939
-0.074576
-0.017543
0.027492
0.051290
0.078288
0.087555
0.070799
0.021546
-0.026107
-0.043436
-0.037187
-0.019372
-0.009383
0.003792
0.001412
-0.004767
-0.003227
0.004339
0.002358
0.007399
0.015906
0.016181
0.018662
0.037116
0.059290
0.080839
0.093891
0.103577
0.114785
0.149358
0.156244
0.159040
0.176821
0.222267
0.188829
0.026586
-0.165824
-0.331722
-0.402364
-0.338343
-0.140898
0.067802
0.171701
0.177333
0.127310
0.048933
-0.050748
-0.117300
-0.158803
-0.193424
-0.209571
-0.173273
-0.090229
-0.002819
0.070949
0.106753
0.080949
0.004565
-0.069213
-0.110983
-0.119536
-0.101868
-0.070993
-0.029327
0.018097
0.072989
0.109538
0.106076
0.051222
-0.013861
-0.046171
-0.052114
-0.041660
-0.025536
-0.003132
-0.009489
-0.017665
-0.003825
0.019745
0.023953
0.009356
0.012756
0.014948
0.015698
0.014334
0.046130
0.078189
0.085715
0.099266
0.120536
0.168450
0.172244
0.161135
0.155947
0.192222
0.185535
0.067809
-0.087679
-0.278030
-0.400147
-0.393403
-0.220905
0.004044
0.150864
0.204653
0.160554
0.074448
-0.041062
-0.121288
-0.161468
-0.185594
-0.191299
-0.176215
-0.111355
-0.036387
0.046103
0.099080
0.100832
0.036859
-0.049473
-0.110137
-0.134161
-0.120258
-0.080077
-0.022249
0.018078
0.045350
0.075615
0.095694
0.080923
0.021261
-0.023194
-0.050218
-0.054926
-0.052140
-0.023116
0.002968
-0.001743
-0.005141
-0.000765
0.012334
-0.000058
-0.005120
-0.001121
0.002028
0.014243
0.037894
0.075109
0.078892
0.087616
0.090742
0.108577
0.139777
0.150486
0.148653
0.144153
0.173408
0.202588
0.140989
-0.007236
-0.207566
-0.372535
-0.412476
-0.300292
-0.088544
0.105590
0.201116
0.192678
0.117499
0.005016
-0.102058
-0.158243
-0.178689
-0.188847
-0.188663
-0.144128
-0.057851
0.030632
0.094108
0.106648
0.059477
-0.025245
-0.099161
-0.126330
-0.117689
-0.081454
-0.027346
0.028531
0.062116
0.078171
0.089935
0.087781
0.046016
-0.011374
-0.046385
-0.055841
-0.043913
-0.019736
0.009142
0.013934
0.011181
0.006282
0.008974
-0.007710
-0.026591
-0.016207
0.012005
0.037125
0.046623
0.061915
0.072166
0.078413
0.085958
0.096669
0.122066
0.150580
0.161182
0.157586
0.162563
0.199301
0.191781
0.060610
-0.133405
-0.321432
-0.395746
-0.343269
-0.160486
0.055821
0.192723
0.209087
0.148998
0.059866
-0.053291
-0.131626
-0.169630
-0.178572
-0.183716
-0.155565
-0.073634
0.011344
0.078465
0.101745
0.084345
0.007029
-0.077132
-0.117050
-0.104191
-0.073400
-0.035790
0.010839
0.048177
0.079003
0.091952
0.081911
0.047094
0.000902
-0.027038
-0.028009
-0.012580
-0.010651
-0.000421
0.003365
0.011157
0.011282
0.015113
0.011142
-0.001362
0.007514
0.024136
0.035950
0.039618
0.056767
0.073686
0.081544
0.095047
0.122002
0.158697
0.157638
0.148151
0.143580
0.163749
0.199914
0.163851
0.046082
-0.129500
-0.300906
-0.372441
-0.311774
-0.129570
0.058817
0.173172
0.193677
0.144634
0.053224
-0.055392
-0.122247
-0.154585
-0.173313
-0.177503
-0.142002
-0.065288
0.007971
0.070870
0.099028
0.078388
0.006279
-0.067969
-0.104885
-0.102150
-0.078304
-0.042334
0.003730
0.046736
0.083144
0.099748
0.085412
0.048937
0.002761
-0.024310
-0.032762
-0.014315
-0.003167
0.003026
-0.006895
-0.004460
0.010594
0.023107
0.018530
0.003809
0.008349
0.020837
0.033396
0.042661
0.051093
0.063343
0.074548
0.096117
0.111037
0.147188
0.171388
0.164667
0.154408
0.162754
0.196593
0.182856
0.082684
-0.046583
-0.216955
-0.365151
-0.383327
-0.243627
-0.025537
0.129754
0.205763
0.190993
0.110093
-0.011684
-0.100958
-0.142126
-0.166556
-0.179918
-0.167655
-0.112560
-0.038429
0.040302
0.099811
0.102723
0.048298
-0.035200
-0.093449
-0.119865
-0.105128
-0.066799
-0.022519
0.013694
0.046175
0.079557
0.092102
0.075823
0.033363
-0.012095
-0.037566
-0.039000
-0.023885
-0.010893
0.000231
0.003003
0.004756
0.019326
0.033903
0.023734
-0.003917
-0.019835
-0.006933
0.017062
0.038059
0.061507
