-0.068367
-0.058718
-0.061443
-0.062829
-0.040566
-0.022994
-0.033598
-0.070649
-0.107282
-0.106494
-0.079152
-0.051635
-0.036853
-0.036924
-0.035808
-0.024303
-0.006089
0.019222
0.059358
0.093598
0.107799
0.109796
0.117751
0.145966
0.165135
0.152675
0.127390
0.098050
0.054591
0.009858
-0.000821
-0.019608
-0.046170
-0.059138
-0.055080
-0.020533
0.020919
0.019609
-0.018640
-0.055235
-0.082673
-0.082200
-0.063692
-0.062588
-0.061894
-0.043630
-0.031084
-0.029883
-0.044855
-0.091189
-0.111828
-0.088520
-0.064078
-0.040154
-0.031318
-0.040501
-0.033217
-0.012607
0.000332
0.036799
0.081952
0.097303
0.107027
0.125750
0.139263
0.162510
0.161760
0.130247
0.101549
0.064407
0.020236
0.008714
0.001458
-0.037522
-0.050149
-0.049506
-0.038893
0.001853
0.017884
-0.011406
-0.039700
-0.063413
-0.082008
-0.069821
-0.064401
-0.070608
-0.054918
-0.036797
-0.026804
-0.029653
-0.063522
-0.105974
-0.101639
-0.077801
-0.056833
-0.038262
-0.037866
-0.037466
-0.018522
-0.000818
0.017492
0.059486
0.089002
0.095165
0.112783
0.130803
0.139794
0.160186
0.159493
0.128322
0.098405
0.048241
0.005269
-0.002509
-0.031111
-0.071661
-0.071028
-0.053047
-0.012422
0.032245
0.023287
-0.022345
-0.055433
-0.076739
-0.086045
-0.077639
-0.075666
-0.066533
-0.036824
-0.016506
-0.015806
-0.037488
-0.086592
-0.116593
-0.100887
-0.078036
-0.053735
-0.034364
-0.034522
-0.032264
-0.017204
-0.007349
0.017905
0.066641
0.100821
0.117542
0.121974
0.129820
0.149628
0.156181
0.152752
0.121230
0.080805
0.031193
0.000230
-0.016716
-0.048911
-0.066247
-0.063337
-0.038362
0.003453
0.030374
0.006926
-0.031904
-0.064410
-0.086445
-0.082734
-0.072599
-0.069927
-0.055501
-0.025505
-0.015342
-0.020394
-0.050607
-0.099777
-0.117671
-0.096342
-0.074789
-0.051688
-0.030766
-0.027121
-0.014897
-0.002335
0.002754
0.031404
0.080490
0.098562
0.107781
0.125479
0.130174
0.141037
0.164834
0.145752
0.104613
0.066617
0.014311
0.002764
-0.007853
-0.050220
-0.073432
-0.062783
-0.035566
0.011539
0.034292
-0.005116
-0.046354
-0.072780
-0.084192
-0.075994
-0.069361
-0.072501
-0.051902
-0.022256
-0.013759
-0.021948
-0.062906
-0.107964
-0.113781
-0.091209
-0.069584
-0.043474
-0.030873
-0.024663
-0.010040
-0.004081
0.005268
0.042043
0.087326
0.106420
0.118076
0.122388
0.140359
0.161587
0.159305
0.133345
0.088858
0.038612
0.002991
0.018180
-0.006607
-0.055014
-0.073870
-0.064514
-0.018828
0.029533
0.025598
-0.025034
-0.054371
-0.073746
-0.075330
-0.062318
-0.071303
-0.075230
-0.046923
-0.019121
-0.013094
-0.027602
-0.079937
-0.113306
-0.103006
-0.079182
-0.061055
-0.042619
-0.036149
-0.024092
-0.000440
0.005908
0.018376
0.059132
0.093072
0.108392
0.124931
0.134376
0.154632
0.165253
0.139825
0.102147
0.073183
0.032005
0.012349
0.011855
-0.028094
-0.057089
-0.056977
-0.044053
-0.009906
0.016626
-0.002454
-0.031463
-0.049477
-0.068466
-0.074028
-0.070554
-0.072809
-0.061301
-0.032570
-0.019330
-0.024915
-0.048753
-0.090380
-0.105768
-0.088327
-0.070640
-0.047070
-0.031618
-0.029015
-0.019705
-0.006974
0.005034
0.044146
0.088924
0.101955
0.104532
0.119174
0.140280
0.158986
0.166511
0.144270
0.099325
0.056288
0.018560
0.010011
-0.002451
-0.046906
-0.073064
-0.063714
-0.024015
0.026951
0.038936
-0.002165
-0.047436
-0.070822
-0.078127
-0.073179
-0.072724
-0.074706
-0.050175
-0.016914
-0.007187
-0.027420
-0.070001
-0.110874
-0.110213
-0.086141
-0.064254
-0.041965
-0.026089
-0.017659
-0.003739
0.001900
0.007780
0.046134
0.089223
0.109411
0.124430
0.141896
0.151055
0.154924
0.144152
0.112547
0.089913
0.043746
0.008044
0.002104
-0.030253
-0.057388
-0.055610
-0.041728
-0.010174
0.021827
0.007080
-0.029452
-0.053358
-0.074342
-0.073414
-0.066297
-0.070557
-0.068574
-0.042743
-0.023907
-0.021234
-0.042027
-0.085241
-0.110791
-0.098881
-0.074099
-0.049955
-0.034031
-0.030083
-0.022782
-0.006996
0.005527
0.034584
0.073135
0.094187
0.103559
0.108269
0.125939
0.155267
0.163175
0.144505
0.099540
0.062381
0.034161
0.026971
0.003030
-0.049598
-0.085150
-0.083440
-0.032594
0.025425
0.042552
0.008007
-0.039827
-0.069854
-0.078725
-0.074339
-0.082476
-0.084095
-0.064656
-0.022154
-0.000524
-0.017401
-0.067211
-0.111209
-0.110823
-0.080455
-0.057116
-0.047632
-0.038702
-0.030416
-0.013571
0.000889
0.012679
0.048509
0.089487
0.110979
0.122382
0.134955
0.140649
0.147167
0.152456
0.123857
0.074346
0.038815
0.019044
0.013401
-0.023658
-0.061793
-0.070250
-0.046525
-0.000098
0.026391
0.007313
-0.031443
-0.055293
-0.068359
-0.067498
-0.072358
-0.082238
-0.067097
-0.036708
-0.014973
-0.019487
-0.053819
-0.091979
-0.097544
-0.084398
-0.070361
-0.053445
-0.037278
-0.023732
-0.010041
-0.000474
0.006894
0.040659
0.083208
0.103075
0.116481
0.115559
0.117863
0.143696
0.158254
0.143692
0.112196
0.063407
0.015901
0.014199
-0.003255
-0.051150
-0.067452
-0.063269
-0.026933
0.024596
0.029582
-0.012603
-0.046458
-0.065950
-0.071275
-0.062107
-0.071123
-0.076871
-0.057514
-0.029130
-0.015141
-0.023195
-0.063890
-0.097559
-0.095769
-0.080138
-0.062292
-0.045211
-0.030918
-0.013594
0.004204
0.013622
0.030143
0.061769
0.082150
0.098627
0.112801
0.128171
0.142623
0.159335
0.144601
0.106820
0.072474
0.027159
0.007590
0.017464
-0.014960
-0.061022
-0.064525
-0.042232
0.002586
0.035923
0.009695
-0.041879
-0.061987
-0.068938
-0.072720
-0.072959
-0.090743
-0.091496
-0.057157
-0.036361
-0.038248
-0.048514
-0.071548
-0.074745
-0.045886
-0.035849
-0.040849
-0.036929
-0.021300
0.013675
0.065056
0.089787
0.079991
0.074779
0.088113
0.128912
0.170909
0.168089
0.148830
0.119458
0.074769
0.027281
0.016140
0.010806
-0.031572
-0.054477
-0.062574
-0.045146
0.011050
0.037842
0.008260
-0.035502
-0.069304
-0.085093
-0.069570
-0.067833
-0.076129
-0.065275
-0.039439
-0.020616
-0.022194
-0.058830
-0.103721
-0.101929
-0.077080
-0.050470
-0.031563
-0.028981
-0.028280
-0.006491
0.010208
0.032901
0.065551
0.077557
0.084707
0.106230
0.127968
0.139628
0.152020
0.137455
0.101185
0.077542
0.045034
0.013716
0.014272
-0.020370
-0.064316
-0.061143
-0.041321
-0.002248
0.032808
0.012236
-0.036594
-0.061965
-0.075541
-0.078777
-0.069914
-0.080476
-0.078848
-0.055129
-0.042834
-0.049349
-0.059261
-0.081245
-0.080340
-0.055391
-0.044130
-0.042550
-0.035572
-0.028981
-0.008113
0.035841
0.069088
0.082790
0.086072
0.088557
0.121369
0.159760
0.165452
0.141432
0.114248
0.073549
0.028648
0.022186
0.033562
-0.007936
-0.059247
-0.070569
-0.057395
-0.007355
0.035598
0.011336
-0.026047
-0.051067
-0.074137
-0.080352
-0.072513
-0.082900
-0.073941
-0.044402
-0.031060
-0.035861
-0.055180
-0.091493
-0.096876
-0.074208
-0.058774
-0.042111
-0.025631
-0.018709
-0.003777
0.014681
0.036768
0.058357
0.070681
0.085167
0.107522
0.123402
0.132597
0.140570
0.137305
0.118725
0.080715
0.023195
0.002864
0.013861
-0.008958
-0.044207
-0.055559
-0.049741
-0.008893
0.024882
0.002262
-0.039000
-0.064691
-0.083391
-0.078866
-0.067842
-0.073704
-0.071880
-0.054873
-0.055645
-0.057616
-0.063308
-0.081277
-0.080800
-0.057708
-0.045084
-0.033503
-0.026266
-0.026538
-0.002831
0.041979
0.071091
0.076771
0.080477
0.083861
0.103955
0.142250
0.155878
0.143202
0.117645
0.079640
0.053587
0.034261
0.007262
-0.042825
-0.072575
-0.066040
-0.037432
0.008481
0.026100
0.004807
-0.025546
-0.054302
-0.075019
-0.085473
-0.094091
-0.096092
-0.080058
-0.063741
-0.050630
-0.052221
-0.058348
-0.062691
-0.059719
-0.055920
-0.055385
-0.052835
-0.041269
-0.020894
0.007336
0.046122
0.075278
0.079197
0.075888
0.081703
0.105243
0.140739
0.159951
0.149652
0.116869
0.077080
0.036392
0.014054
0.015452
-0.014970
-0.061875
-0.073139
-0.054145
-0.009534
0.027300
0.013875
-0.029736
-0.054634
-0.073190
-0.081850
-0.082429
-0.094839
-0.098511
-0.074315
-0.050534
-0.043684
-0.044431
-0.059888
-0.070160
-0.057691
-0.053177
-0.051276
-0.040049
-0.022694
0.005437
0.049875
0.074364
0.072559
0.072963
0.079706
0.109223
0.150609
0.155505
0.142810
0.121720
0.064786
0.022630
0.017168
0.021552
-0.004394
-0.042217
-0.075579
-0.073314
-0.022915
0.020859
0.018517
-0.014973
-0.053448
-0.079427
-0.077955
-0.080867
-0.095555
-0.096427
-0.083547
-0.057892
-0.039058
-0.036065
-0.055401
-0.063422
-0.059116
-0.055185
-0.055282
-0.049486
-0.030813
0.008192
0.058374
0.084423
0.080218
0.063638
0.069183
0.111975
0.154779
0.162739
0.139141
0.109927
0.073503
0.039757
0.020688
0.010973
-0.033797
-0.079759
-0.083882
-0.045996
0.012162
0.043033
0.018613
-0.035247
-0.066666
-0.079707
-0.083909
-0.088309
-0.096960
-0.092725
-0.065165
-0.038904
-0.040121
-0.052977
-0.077465
-0.080806
-0.063718
-0.048403
-0.043737
-0.038547
-0.023444
0.005339
0.053484
0.080340
0.088239
0.090103
0.104800
0.136923
0.165761
0.154329
0.129331
0.108267
0.066818
0.032732
0.019622
0.012754
-0.027499
-0.064612
-0.073832
-0.054909
0.001131
0.030540
0.011406
-0.033439
-0.069453
-0.091215
-0.085395
-0.077808
-0.080392
-0.070798
-0.059375
-0.051278
-0.049074
-0.059290
-0.077891
-0.078019
-0.066571
-0.050800
-0.039359
-0.033625
-0.028770
-0.008711
0.038534
0.080411
0.095358
0.092782
0.097931
0.122525
0.153531
0.163073
0.149800
0.128007
0.084822
0.040317
0.018840
0.013091
-0.018930
-0.052188
-0.071314
-0.066361
-0.015018
0.032131
0.025356
-0.013049
-0.054270
-0.086355
-0.086710
-0.073943
-0.087381
-0.092854
-0.076220
-0.054637
-0.034709
-0.035181
-0.063748
-0.077076
-0.064998
-0.050613
-0.039996
-0.033573
-0.029752
-0.002134
0.051676
0.089021
0.094235
0.089045
0.095523
0.126156
0.163855
0.171807
0.143167
0.109971
0.072866
0.034014
0.018732
0.019777
-0.017527
-0.063750
-0.073448
-0.049603
0.003078
0.036290
0.008937
-0.040866
-0.067206
-0.079593
-0.075495
-0.072796
-0.083225
-0.079794
-0.058877
-0.046287
-0.046831
-0.058824
-0.074456
-0.067809
-0.052072
-0.044491
-0.042368
-0.044789
-0.033197
-0.002131
0.043435
0.083009
0.098164
0.098674
0.102126
0.118881
0.145678
0.156377
0.145984
0.121890
0.081703
0.037717
0.013148
0.011483
-0.019324
-0.040726
-0.052006
-0.053661
-0.011980
0.023376
0.012389
-0.020440
-0.055937
-0.085490
-0.083445
-0.071634
-0.074456
-0.058550
-0.041678
-0.033124
-0.040447
-0.063399
-0.095918
-0.093392
-0.069671
-0.050049
-0.031782
-0.026538
-0.032528
-0.017255
0.012168
0.050384
0.082996
0.098623
0.104621
0.121351
0.143571
0.152018
0.146119
0.134303
0.092751
0.041270
0.016514
0.021021
-0.004262
-0.048422
-0.069230
-0.059774
-0.015624
0.033633
0.025142
-0.020241
-0.055949
-0.076356
-0.078462
-0.068765
-0.078196
-0.075996
-0.053034
-0.033517
-0.034454
-0.048401
-0.083519
-0.100372
-0.085245
-0.067496
-0.045988
-0.027949
-0.021551
-0.012150
0.009250
0.040751
0.070986
0.081046
0.085784
0.094727
0.117216
0.157563
0.167037
0.148088
0.113249
0.067536
0.015793
0.010385
0.005526
-0.044049
-0.069240
-0.068660
-0.035135
0.025954
0.048069
0.005138
-0.045275
-0.073589
-0.089258
-0.074085
-0.067958
-0.075767
-0.060338
-0.039224
-0.038953
-0.042425
-0.066281
-0.093444
-0.082721
-0.064394
-0.048147
-0.030983
-0.030364
-0.030215
-0.006468
0.024043
0.064611
0.094902
0.099235
0.099532
0.121501
0.147367
0.153962
0.148700
0.112189
0.063678
0.022691
0.007101
0.016708
-0.002212
-0.038606
-0.060808
-0.053035
-0.010684
0.025243
0.005515
-0.042822
-0.068860
-0.075363
-0.059929
-0.049906
-0.062453
-0.073064
-0.064635
-0.054258
-0.050954
-0.054547
-0.072865
-0.078425
-0.061801
-0.052014
-0.045725
-0.037471
-0.029752
-0.009460
0.029679
0.067708
0.090143
0.091775
0.082093
0.094271
0.136498
0.154963
0.152735
0.137758
0.085341
0.045051
0.023650
0.008071
-0.021655
-0.056859
-0.078327
-0.061978
-0.003036
0.035000
0.026292
-0.015168
-0.058873
-0.079102
-0.072118
-0.072027
-0.080014
-0.071985
-0.057129
-0.042905
-0.039021
-0.055810
-0.082092
-0.083739
-0.067732
-0.046541
-0.032507
-0.035969
-0.034350
-0.017479
0.013379
0.054399
0.082690
0.091232
0.105666
0.123990
0.150161
0.164308
0.153604
0.127145
0.076628
0.036960
0.013265
0.013106
-0.013329
-0.047865
-0.061076
-0.055991
-0.007124
0.034480
0.026028
-0.018214
-0.057649
-0.088825
-0.094756
-0.071310
-0.066075
-0.059354
-0.048125
-0.037901
-0.045680
-0.058111
-0.090723
-0.102705
-0.080595
-0.055880
-0.035916
-0.027774
-0.036273
-0.032784
0.000974
0.047633
0.098655
0.120001
0.112512
0.103809
0.114461
0.140696
0.162325
0.153988
0.112642
0.073145
0.020288
0.010429
0.018002
-0.023309
-0.065699
-0.076924
-0.051037
0.002854
0.043591
0.014507
-0.036903
-0.067391
-0.085849
-0.081507
-0.076104
-0.085221
-0.084365
-0.060637
-0.048324
-0.050912
-0.053002
-0.072540
-0.077265
-0.061862
-0.050131
-0.046363
-0.035268
-0.025329
0.005968
0.061627
0.103322
0.107396
0.108988
0.110121
0.127678
0.169572
0.178773
0.156921
0.117812
0.058499
0.005211
0.009092
-0.008766
-0.057752
-0.069971
-0.066880
-0.022762
0.036368
0.040164
-0.010168
-0.050959
-0.079282
-0.092022
-0.077768
-0.078622
-0.077158
-0.056527
-0.032857
-0.033272
-0.046467
-0.080447
-0.102277
-0.089091
-0.065435
-0.049796
-0.036623
-0.031252
-0.029076
-0.004957
0.025679
0.065492
0.095176
0.108394
0.120813
0.135617
0.157909
0.165620
0.156760
0.120420
0.074158
0.026541
0.000421
0.000647
-0.028004
-0.053453
-0.049473
-0.028419
0.005778
0.025809
-0.000461
-0.043442
-0.068627
-0.084998
-0.082992
-0.066815
-0.070139
-0.067817
-0.052971
-0.050404
-0.061837
-0.073588
-0.085403
-0.078807
-0.057933
-0.048889
-0.043660
-0.036010
-0.034234
-0.015426
0.027629
0.078827
0.113791
0.126006
0.121582
0.122441
0.148699
0.163810
0.153395
0.127093
0.087828
0.024737
0.005629
0.008696
-0.033909
-0.062441
-0.064946
-0.051902
0.000354
0.041332
0.010931
-0.034992
-0.069829
-0.094510
-0.081990
-0.067307
-0.072968
-0.073600
-0.053344
-0.047762
-0.051577
-0.070918
-0.109354
-0.100680
-0.071048
-0.058014
-0.047174
-0.039066
-0.044849
-0.017928
0.021438
0.061558
0.102386
0.116861
0.114459
0.131249
0.152711
0.159905
0.175417
0.169477
0.118426
0.058371
0.011118
-0.003247
-0.018076
-0.039566
-0.057715
-0.057194
-0.025499
0.018208
0.025531
-0.008566
-0.057347
-0.092494
-0.107526
-0.088118
-0.070530
-0.067749
-0.066659
-0.064810
-0.060016
-0.062536
-0.082483
-0.095829
-0.091595
-0.081471
-0.062241
-0.036045
-0.028547
-0.016447
0.007288
0.051355
0.098413
0.117291
0.107096
0.104312
0.130679
0.170336
0.200859
0.187059
0.117653
0.048743
0.010204
0.018828
0.027104
-0.024872
-0.082381
-0.089864
-0.048493
0.015433
0.043156
-0.002946
-0.061370
-0.086326
-0.088349
-0.076527
-0.078968
-0.090672
-0.084944
-0.057992
-0.046208
-0.054021
-0.080404
-0.107044
-0.101019
-0.071824
-0.052075
-0.044041
-0.038660
-0.033157
-0.009648
0.034670
0.079675
0.104350
0.114427
0.120339
0.149230
0.186693
0.195884
0.174910
0.126296
0.070946
0.023860
0.024969
0.019449
-0.030493
-0.070324
-0.089982
-0.055684
0.015330
0.044325
0.006896
-0.049675
-0.086640
-0.093190
-0.074133
-0.073252
-0.090382
-0.088049
-0.063217
-0.056618
-0.056396
-0.078391
-0.114740
-0.107523
-0.085005
-0.069086
-0.051057
-0.046076
-0.046302
-0.015377
0.029360
0.078375
0.118472
0.127765
0.119614
0.129453
0.161828
0.188494
0.191529
0.178014
0.131935
0.074009
0.025217
0.014017
-0.017706
-0.073256
-0.097806
-0.082882
-0.031590
0.037978
0.050317
-0.005731
-0.067974
-0.107169
-0.114476
-0.092127
-0.087831
-0.094386
-0.085423
-0.060501
-0.051397
-0.059015
-0.101736
-0.127451
-0.109391
-0.077107
-0.054215
-0.036368
-0.036177
-0.029553
0.003808
0.052380
0.091962
0.108361
0.111673
0.125590
0.161750
0.197932
0.215664
0.198998
0.150068
0.092424
0.019914
0.002081
-0.005461
-0.049662
-0.078392
-0.080226
-0.041549
0.021054
0.047806
0.004621
-0.058863
-0.104340
-0.121035
-0.101310
-0.086686
-0.089279
-0.084330
-0.056270
-0.043552
-0.052907
-0.090235
-0.129714
-0.128830
-0.092668
-0.061284
-0.040000
-0.035847
-0.037955
-0.021138
0.019065
0.071419
0.110740
0.125893
0.140141
0.156165
0.173668
0.186315
0.190965
0.161734
0.119065
0.062948
0.016847
0.019132
-0.019339
-0.076814
-0.090715
-0.077616
-0.024784
0.044627
0.037033
-0.029872
-0.076600
-0.109318
-0.113383
-0.085744
-0.092421
-0.097278
-0.068271
-0.047917
-0.057290
-0.070549
-0.111131
-0.123616
-0.090905
-0.068658
-0.058388
-0.043334
-0.045438
-0.035938
0.006771
0.051032
0.089743
0.122619
0.127622
0.135575
0.172866
0.199344
0.197119
0.185204
0.131983
0.064580
0.019799
0.024489
0.006256
-0.044812
-0.080932
-0.100652
-0.057128
0.020343
0.039906
-0.004279
-0.057003
-0.108177
-0.120655
-0.103575
-0.107956
-0.109323
-0.083891
-0.056321
-0.058812
-0.070157
-0.103448
-0.126928
-0.107564
-0.088950
-0.074067
-0.050671
-0.045668
-0.039212
-0.006725
0.036437
0.089945
0.135925
0.144784
0.145095
0.170288
0.208956
0.216979
0.216153
0.172218
0.106035
0.045768
0.007764
0.008727
-0.033382
-0.075520
-0.092034
-0.064265
0.003161
0.049169
0.030771
-0.039282
-0.093257
-0.127140
-0.118141
-0.098751
-0.100119
-0.095256
-0.066432
-0.038671
-0.047634
-0.082305
-0.132554
-0.140335
-0.107119
-0.064917
-0.037915
-0.034837
-0.039223
-0.025633
0.018484
0.080104
0.121436
0.136972
0.152700
0.170842
0.208075
0.231052
0.211382
0.178957
0.123233
0.064688
0.025102
0.015487
-0.033053
-0.078595
-0.076186
-0.057403
-0.006279
0.040378
0.016648
-0.043520
-0.083475
-0.110647
-0.114233
-0.090774
-0.096562
-0.094702
-0.067379
-0.053924
-0.061790
-0.074583
-0.114883
-0.131059
-0.104200
-0.078044
-0.053791
-0.035322
-0.039391
-0.029647
0.003234
0.051513
0.105151
0.143025
0.152067
0.157564
0.188376
0.211856
0.216772
0.213376
0.158581
0.092084
0.027201
-0.000052
-0.015633
-0.051591
-0.068448
-0.066314
-0.028055
0.027318
0.045125
-0.002866
-0.068709
-0.110691
-0.127313
-0.104840
-0.089616
-0.086590
-0.070102
-0.047212
-0.049092
-0.073378
-0.109112
-0.128932
-0.108666
-0.078965
-0.057865
-0.045298
-0.039794
-0.030348
-0.001872
0.046470
0.103298
0.140119
0.154816
0.160614
0.179630
0.214888
0.220905
0.214624
0.175642
0.111022
0.041238
0.012492
0.002945
-0.053070
-0.081368
-0.076929
-0.034746
0.040542
0.067666
0.017653
-0.056375
-0.108104
-0.132130
-0.110549
-0.084501
-0.084159
-0.067529
-0.037458
-0.030575
-0.049718
-0.092374
-0.144403
-0.138539
-0.100058
-0.064409
-0.034395
-0.023440
-0.029153
-0.012663
0.013029
0.054613
0.107394
0.139234
0.159785
0.186314
0.206636
0.219547
0.217962
0.188173
0.134779
0.048284
0.020596
0.032388
-0.007982
-0.058556
-0.086565
-0.079230
-0.014019
0.056207
0.041740
-0.022110
-0.080263
-0.117340
-0.110168
-0.091948
-0.097187
-0.093463
-0.056434
-0.029950
-0.025593
-0.061101
-0.128407
-0.150634
-0.125340
-0.087011
-0.052588
-0.034282
-0.036121
-0.019632
0.004637
0.033449
0.084461
0.116747
0.138230
0.178670
0.211639
0.214355
0.208402
0.199723
0.164968
0.118361
0.038713
-0.005125
-0.018241
-0.060431
-0.080645
-0.064287
-0.029626
0.025148
0.054177
0.009338
-0.060566
-0.101102
-0.122170
-0.112582
-0.090587
-0.083844
-0.070194
-0.035375
-0.032616
-0.052114
-0.087286
-0.134704
-0.137906
-0.104200
-0.078459
-0.057617
-0.035471
-0.032790
-0.017167
0.016590
0.054690
0.104120
0.135538
0.146163
0.153954
0.179904
0.207536
0.232908
0.214889
0.144488
0.059491
0.009991
0.013957
-0.020104
-0.055986
-0.073923
-0.075618
-0.013212
0.049973
0.035291
-0.020461
-0.077841
-0.126402
-0.109822
-0.083591
-0.086274
-0.080379
-0.066137
-0.054204
-0.041770
-0.055692
-0.112947
-0.138023
-0.124321
-0.101188
-0.065013
-0.043461
-0.052030
-0.045511
-0.015933
0.004592
0.064537
0.119702
0.139157
0.159017
0.168865
0.186750
0.218573
0.231321
0.187655
0.128146
0.048754
-0.001512
0.001644
-0.044184
-0.086183
-0.077697
-0.045122
0.011546
0.054606
0.019142
-0.061002
-0.102086
-0.127315
-0.108336
-0.078435
-0.081912
-0.080986
-0.053854
-0.033515
-0.033863
-0.056869
-0.126889
-0.162988
-0.132533
-0.091689
-0.058769
-0.039463
-0.049772
-0.048891
-0.019163
0.004920
0.053169
0.113223
0.141440
0.165329
0.191208
0.194537
0.189669
0.187887
0.159795
0.114920
0.067767
0.022563
-0.004558
-0.042413
-0.066328
-0.065479
-0.052510
-0.012325
0.013006
-0.001427
-0.042056
-0.080098
-0.110913
-0.107156
-0.084979
-0.078790
-0.070750
-0.062527
-0.052559
-0.055031
-0.078105
-0.110534
-0.126932
-0.114837
-0.091480
-0.071006
-0.058618
-0.052959
-0.042863
-0.026244
0.007586
0.072183
0.125843
0.144907
0.144709
0.147519
0.170770
0.200079
0.223487
0.188958
0.111220
0.048427
0.012737
0.003179
-0.027270
-0.080576
-0.107937
-0.068773
0.007743
0.054332
0.034319
-0.039131
-0.106809
-0.126820
-0.107442
-0.088073
-0.082506
-0.074601
-0.060498
-0.039414
-0.038247
-0.078026
-0.126270
-0.144731
-0.119774
-0.079987
-0.047016
-0.045295
-0.049963
-0.044547
-0.024401
0.011185
0.076256
0.121560
0.143635
0.157359
0.158114
0.172137
0.195907
0.199317
0.166886
0.118113
0.060304
0.023804
0.012870
-0.041337
-0.090761
-0.097499
-0.063974
0.004019
0.056193
0.029097
-0.042608
-0.096453
-0.119465
-0.108862
-0.089846
-0.089481
-0.087870
-0.072109
-0.061211
-0.063236
-0.081555
-0.119070
-0.124772
-0.095219
-0.066970
-0.049947
-0.045125
-0.053188
-0.037376
0.008315
0.065371
0.112014
0.124854
0.130213
0.139200
0.166314
0.201187
0.217173
0.194739
0.155184
0.081271
0.018633
0.020342
-0.014382
-0.073842
-0.097479
-0.090056
-0.029767
0.049030
0.052781
-0.015586
-0.074875
-0.117851
-0.124943
-0.106255
-0.099990
-0.105712
-0.080898
-0.053217
-0.054478
-0.065999
-0.104386
-0.127678
-0.106528
-0.078823
-0.067088
-0.051164
-0.043267
-0.035435
-0.005243
0.042565
0.090739
0.124968
0.143252
0.156745
0.174671
0.197244
0.203960
0.190933
0.159489
0.094586
0.038709
0.031037
-0.014164
-0.081044
-0.093813
-0.080736
-0.030413
0.048801
0.055586
-0.005470
-0.061037
-0.113684
-0.135012
-0.103033
-0.095284
-0.101719
-0.080576
-0.065345
-0.063085
-0.059636
-0.089692
-0.127964
-0.117485
-0.087147
-0.060109
-0.037210
-0.041542
-0.045830
-0.023584
0.032159
0.091603
0.123790
0.136313
0.143709
0.171643
0.208466
0.215267
0.192689
0.132989
0.080190
0.045323
0.027829
0.009929
-0.047885
-0.083027
-0.083017
-0.041185
0.019522
0.038526
0.002621
-0.058881
-0.092039
-0.112426
-0.114341
-0.109530
-0.114622
-0.108223
-0.089329
-0.068370
-0.064235
-0.067798
-0.089358
-0.094961
-0.077121
-0.066124
-0.065080
-0.057329
-0.034887
0.019873
0.094709
0.132593
0.135103
0.127065
0.133732
0.178089
0.216680
0.209889
0.174528
0.120609
0.055955
0.024937
0.042476
0.002481
-0.079472
-0.107786
-0.091927
-0.022968
0.056724
0.053477
-0.023496
-0.088277
-0.121879
-0.127175
-0.104984
-0.113377
-0.123122
-0.095406
-0.065647
-0.054736
-0.056867
-0.087373
-0.108501
-0.086932
-0.063006
-0.050681
-0.038566
-0.033843
-0.006150
0.063617
0.113765
0.119462
0.125902
0.132357
0.160667
0.209564
0.219071
0.186549
0.142764
0.069943
0.019766
0.026757
0.013699
-0.039335
-0.080886
-0.087584
-0.045360
0.034303
0.063239
0.001914
-0.065340
-0.114387
-0.126089
-0.103372
-0.094348
-0.112102
-0.103360
-0.079560
-0.067467
-0.055814
-0.070762
-0.095233
-0.091487
-0.069165
-0.055714
-0.045039
-0.038401
-0.025627
0.033261
0.098972
0.122461
0.129735
0.132806
0.143586
0.176001
0.196374
0.195122
0.162572
0.117720
0.057963
0.026465
0.030237
-0.018010
-0.072439
-0.088685
-0.067476
-0.004269
0.046000
0.024035
-0.038204
-0.077955
-0.102118
-0.107800
-0.103777
-0.114714
-0.117741
-0.097228
-0.068907
-0.056044
-0.050424
-0.072042
-0.086515
-0.070633
-0.056705
-0.051981
-0.039034
-0.017734
0.025580
0.093208
0.129260
0.131700
0.125150
0.129905
0.179376
0.220063
0.216705
0.179613
0.121457
0.053858
0.024568
0.042651
-0.000031
-0.065364
-0.087308
-0.078341
-0.012844
0.060861
0.048556
-0.018716
-0.073549
-0.112607
-0.111361
-0.086400
-0.104804
-0.119644
-0.091754
-0.069420
-0.049555
-0.042842
-0.074087
-0.098173
-0.076648
-0.055905
-0.043361
-0.033550
-0.033258
-0.012731
0.061829
0.114012
0.127430
0.129378
0.124483
0.155239
0.209435
0.220850
0.187803
0.134919
0.079993
0.031785
0.038792
0.040069
-0.026844
-0.078031
-0.090313
-0.060101
0.013477
0.055432
0.020644
-0.036957
-0.080715
-0.108363
-0.098551
-0.096405
-0.118599
-0.114905
-0.088888
-0.067600
-0.049828
-0.048789
-0.073060
-0.078672
-0.068274
-0.061366
-0.046889
-0.036695
-0.021627
0.027464
0.094310
0.124382
0.134735
0.133873
0.137513
0.170698
0.201140
0.191394
0.162921
0.110525
0.048974
0.033464
0.030538
-0.009301
-0.071299
-0.089365
-0.068125
-0.012418
0.047430
0.033207
-0.028530
-0.075098
-0.107860
-0.120667
-0.110821
-0.117223
-0.114851
-0.085049
-0.065012
-0.056538
-0.060450
-0.076763
-0.090548
-0.076727
-0.068944
-0.065902
-0.049309
-0.029219
0.009168
0.070809
0.109122
0.112528
0.111954
0.114087
0.153424
0.197496
0.209067
0.180627
0.122427
0.062135
0.020196
0.016218
-0.008137
-0.069181
-0.095929
-0.081892
-0.031476
0.044988
0.058149
-0.010259
-0.075585
-0.119823
-0.132244
-0.108711
-0.099229
-0.110368
-0.096402
-0.070897
-0.061903
-0.065826
-0.084304
-0.104354
-0.091147
-0.061592
-0.055284
-0.048218
-0.040688
-0.026043
0.027348
0.090695
0.116885
0.110855
0.103060
0.114250
0.162511
0.201505
0.196063
0.141993
0.083180
0.034955
0.012440
0.032616
-0.010862
-0.081311
-0.102958
-0.091033
-0.027931
0.041495
0.038116
-0.028935
-0.076503
-0.115288
-0.123985
-0.105512
-0.115447
-0.122274
-0.102177
-0.074294
-0.060852
-0.052616
-0.076428
-0.098704
-0.086364
-0.074083
-0.065384
-0.049746
-0.037616
-0.005726
0.066297
0.117392
0.124250
0.127469
0.128874
0.154073
0.185489
0.182457
0.165950
0.125796
0.070541
0.028618
0.016632
-0.013173
-0.073768
-0.095215
-0.081409
-0.033246
0.027598
0.038743
-0.005445
-0.058814
-0.100950
-0.123818
-0.108642
-0.108314
-0.113201
-0.096285
-0.074718
-0.063736
-0.056700
-0.068781
-0.094012
-0.095165
-0.080721
-0.064459
-0.044922
-0.031016
-0.010891
0.039497
0.095828
0.113954
0.113005
0.112555
0.127286
0.167494
0.200888
0.189950
0.148157
0.098024
0.045106
0.034285
0.021985
-0.040504
-0.086355
-0.103358
-0.072515
0.009784
0.059355
0.029710
-0.029774
-0.084853
-0.110833
-0.105130
-0.099397
-0.112451
-0.114317
-0.090555
-0.061578
-0.044937
-0.052877
-0.080424
-0.090410
-0.076714
-0.060685
-0.045594
-0.040115
-0.029142
0.011679
0.074690
0.113716
0.122117
0.129730
0.143985
0.168164
0.196670
0.201791
0.163049
0.117666
0.067666
0.021530
0.021173
-0.019356
-0.083364
-0.089032
-0.060906
-0.003194
0.054565
0.045509
-0.028251
-0.082455
-0.110014
-0.112986
-0.089865
-0.083761
-0.094043
-0.076723
-0.057930
-0.061953
-0.063955
-0.086477
-0.105033
-0.086663
-0.063982
-0.050274
-0.041286
-0.039038
-0.026553
0.028916
0.088129
0.115423
0.127340
0.132451
0.151423
0.178698
0.194477
0.184303
0.149060
0.104359
0.060055
0.036356
0.023067
-0.032893
-0.081619
-0.094629
-0.063830
0.004983
0.052664
0.031763
-0.026061
-0.076841
-0.109235
-0.104479
-0.096366
-0.106070
-0.100408
-0.075745
-0.059051
-0.056269
-0.068759
-0.085775
-0.083194
-0.067658
-0.059409
-0.052609
-0.042869
-0.026949
0.009510
0.066607
0.107294
0.120378
0.116805
0.124371
0.152914
0.179092
0.195313
0.188600
0.145835
0.081123
0.019628
-0.004441
-0.020390
-0.062329
-0.078163
-0.062233
-0.025605
0.029804
0.046289
0.002594
-0.060127
-0.103050
-0.123473
-0.105189
-0.090252
-0.100582
-0.096980
-0.082402
-0.072216
-0.057175
-0.053038
-0.083174
-0.085672
-0.074261
-0.067793
-0.049502
-0.033186
-0.017548
0.033847
0.100963
0.122065
0.130392
0.131429
0.140252
0.176513
0.202122
0.200895
0.174872
0.114714
0.022863
-0.007241
-0.011004
-0.052483
-0.068672
-0.071409
-0.052390
0.019258
0.059601
0.024400
-0.036702
-0.094566
-0.143680
-0.121537
-0.088079
-0.082318
-0.067376
-0.065349
-0.073343
-0.068041
-0.070082
-0.092134
-0.086019
-0.071393
-0.062179
-0.041839
-0.042216
-0.045991
-0.017294
0.046273
0.104272
0.145165
0.152624
0.145970
0.165084
0.179928
0.181890
0.178576
0.133295
0.062137
0.029497
0.033536
0.006846
-0.046697
-0.087206
-0.094345
-0.042313
0.028330
0.048191
0.009842
-0.045079
-0.095718
-0.113375
-0.099106
-0.099932
-0.102494
-0.089644
-0.074614
-0.060812
-0.051170
-0.063102
-0.079296
-0.078337
-0.072348
-0.059770
-0.047615
-0.031290
-0.011800
0.036670
0.092530
0.121557
0.140972
0.141929
0.151513
0.184386
0.197065
0.189953
0.155424
0.100459
0.042716
0.018793
0.012658
-0.044414
-0.084286
-0.087588
-0.058823
0.019329
0.066621
0.033956
-0.033125
-0.087778
-0.121794
-0.108608
-0.092453
-0.100288
-0.090606
-0.067060
-0.054295
-0.052834
-0.061091
-0.086606
-0.084803
-0.063948
-0.053839
-0.046262
-0.035761
-0.020085
0.022724
0.087837
0.125447
0.127663
0.117283
0.112043
0.146690
0.200629
0.225205
0.205762
0.140358
0.043596
-0.002398
0.010078
-0.015526
-0.067753
-0.089468
-0.069660
-0.001026
0.066085
0.057295
-0.015505
-0.081825
-0.124066
-0.121423
-0.094030
-0.089609
-0.096665
-0.083650
-0.069820
-0.053297
-0.049031
-0.074537
-0.085093
-0.065540
-0.052535
-0.045446
-0.039736
-0.035661
-0.005114
0.070100
0.126455
0.144658
0.142311
0.136654
0.161882
0.196899
0.210540
0.188554
0.124839
0.051596
-0.004177
-0.004055
-0.007142
-0.042427
-0.066933
-0.075335
-0.038304
0.026573
0.045167
0.006488
-0.059910
-0.119580
-0.135158
-0.108220
-0.087922
-0.085200
-0.088912
-0.077725
-0.061522
-0.053197
-0.068714
-0.092837
-0.095287
-0.073285
-0.042159
-0.020184
-0.014752
-0.004598
0.042986
0.098464
0.122633
0.122837
0.117850
0.132913
0.168803
0.200006
0.192113
0.149339
0.079247
0.021234
0.013112
0.013001
-0.042241
-0.089389
-0.101589
-0.068203
0.020125
0.059727
0.019261
-0.045841
-0.101991
-0.125364
-0.102933
-0.087554
-0.104560
-0.105556
-0.090387
-0.067257
-0.048011
-0.056449
-0.086363
-0.089048
-0.074384
-0.059223
-0.043844
-0.044077
-0.032047
0.019592
0.086501
0.118406
0.127823
0.131124
0.133428
0.166349
0.199990
0.200429
0.157095
0.095346
0.023877
0.017103
0.025093
-0.040976
-0.096061
-0.111320
-0.085962
-0.000973
0.063486
0.035761
-0.028555
-0.075576
-0.113567
-0.108159
-0.093125
-0.108135
-0.102429
-0.074333
-0.062545
-0.056336
-0.064749
-0.098652
-0.097274
-0.069575
-0.061621
-0.052253
-0.048147
-0.053058
-0.025254
0.032096
0.080200
0.112645
0.138115
0.149525
0.162258
0.184987
0.184443
0.172871
0.143783
0.091690
0.045943
0.018826
-0.021434
-0.090302
-0.115893
-0.096493
-0.033962
0.043831
0.062114
0.019031
-0.042765
-0.087632
-0.117138
-0.114255
-0.110642
-0.103264
-0.077589
-0.053543
-0.044561
-0.056629
-0.081490
-0.104308
-0.090925
-0.071425
-0.064973
-0.061772
-0.055669
-0.037450
0.000432
0.051471
0.095581
0.118851
0.125592
0.132129
0.147555
0.169117
0.181838
0.185524
0.164634
0.100090
0.034266
0.004087
-0.026815
-0.068880
-0.097949
-0.099561
-0.048288
0.027167
0.058649
0.028697
-0.034442
-0.092783
-0.119926
-0.108965
-0.103572
-0.104591
-0.095194
-0.078963
-0.057213
-0.043372
-0.061153
-0.084433
-0.086235
-0.075786
-0.059146
-0.048045
-0.052301
-0.041479
0.001656
0.061928
0.115199
0.134033
0.121426
0.122335
0.147077
0.182624
0.217920
0.193687
0.130985
0.053455
0.004560
0.007842
-0.017967
-0.076506
-0.107602
-0.088350
-0.017044
0.051658
0.058260
-0.003061
-0.072744
-0.110650
-0.108856
-0.086951
-0.092030
-0.103249
-0.092530
-0.066078
-0.045546
-0.050185
-0.081569
-0.105229
-0.085566
-0.055946
-0.044345
-0.053481
-0.069802
-0.057723
0.000560
0.075077
0.122539
0.133657
0.125617
0.125364
0.149342
0.177595
0.195312
0.183272
0.135178
0.065298
0.018135
0.006603
-0.036322
-0.076630
-0.094866
-0.085683
-0.012132
0.052166
0.045523
-0.006835
-0.064861
-0.111403
-0.110036
-0.089406
-0.092318
-0.089202
-0.085329
-0.079210
-0.060182
-0.050869
-0.070713
-0.091011
-0.089029
-0.081201
-0.058102
-0.046127
-0.048803
-0.041113
-0.003720
0.058980
0.121645
0.148070
0.135138
0.133011
0.163609
0.184333
0.200020
0.178355
0.104630
0.034299
-0.002426
0.013989
-0.013554
-0.077388
-0.100803
-0.076322
-0.008291
0.049586
0.049891
-0.018704
-0.077331
-0.106725
-0.103331
-0.085740
-0.095688
-0.100518
-0.086878
-0.062291
-0.055141
-0.059913
-0.083059
-0.092332
-0.072841
-0.058215
-0.057538
-0.059613
-0.050809
-0.020497
0.042409
0.096087
0.118111
0.122605
0.111272
0.112992
0.141856
0.187487
0.206860
0.196650
0.131683
0.029268
-0.018789
-0.010485
-0.031584
-0.075657
-0.086555
-0.068376
-0.004334
0.065028
0.047043
-0.015848
-0.079806
-0.121588
-0.120369
-0.093507
-0.091016
-0.088321
-0.069462
-0.057665
-0.049638
-0.059610
-0.095035
-0.112434
-0.089683
-0.063585
-0.042875
-0.035500
-0.043113
-0.027041
0.027928
0.083373
0.120809
0.134720
0.125590
0.141418
0.174553
0.194663
0.203434
0.171206
0.094347
0.018581
-0.005627
-0.014552
-0.060352
-0.087993
-0.088859
-0.048426
0.037553
0.074656
0.035082
-0.033254
-0.092384
-0.121598
-0.104949
-0.096403
-0.102820
-0.084860
-0.062148
-0.041916
-0.038630
-0.069651
-0.104855
-0.096895
-0.077135
-0.053709
-0.036158
-0.042904
-0.037480
0.001160
0.049766
0.096322
0.121586
0.119911
0.114510
0.137200
0.162213
0.183572
0.197693
0.161944
0.093292
0.032888
0.004423
-0.006772
-0.053624
-0.092687
-0.101765
-0.056653
0.029766
0.076518
0.054218
-0.017239
-0.083411
-0.120776
-0.115144
-0.100233
-0.095416
-0.081374
-0.064800
-0.046094
-0.038953
-0.053862
-0.087714
-0.102012
-0.086329
-0.062131
-0.038872
-0.033416
-0.030568
-0.006570
0.044223
0.095009
0.126350
0.138885
0.136172
0.151625
0.171119
0.191821
0.196996
0.138082
0.058719
0.001552
0.000491
0.010836
-0.023607
-0.071106
-0.085248
-0.050575
0.012031
0.049366
0.022299
-0.036470
-0.085070
-0.104622
-0.090549
-0.083566
-0.091765
-0.094243
-0.082696
-0.060023
-0.048334
-0.059195
-0.081342
-0.083175
-0.068176
-0.049181
-0.042796
-0.044686
-0.035888
0.006510
0.068439
0.112827
0.127688
0.126303
0.133096
0.151242
0.176951
0.190225
0.173539
0.127744
0.055200
0.008873
0.003622
-0.017385
-0.059535
-0.076423
-0.068229
-0.021818
0.028768
0.036354
0.003932
-0.039718
-0.080125
-0.103612
-0.105797
-0.114226
-0.099765
-0.070086
-0.062180
-0.051505
-0.053602
-0.074117
-0.083313
-0.072322
-0.070885
-0.058939
-0.050334
-0.044396
-0.013592
0.030816
0.080435
0.114986
0.130402
0.127004
0.137416
0.153662
0.166206
0.186707
0.187866
0.132514
0.053197
0.007444
-0.016217
-0.047883
-0.076451
-0.080966
-0.053126
0.007947
0.048015
0.034530
-0.005670
-0.059089
-0.095934
-0.106361
-0.111871
-0.109286
-0.084682
-0.059432
-0.044448
-0.042696
-0.068053
-0.091665
-0.089041
-0.069774
-0.053953
-0.044098
-0.045687
-0.039355
-0.008465
0.040844
0.084932
0.112255
0.116609
0.122292
0.152921
0.181024
0.174202
0.174677
0.160780
0.098353
0.039021
-0.000527
-0.013674
-0.026050
-0.057275
-0.077468
-0.049565
0.012247
0.042161
0.040935
-0.014232
-0.079083
-0.108335
-0.105141
-0.097488
-0.088614
-0.073748
-0.073422
-0.058340
-0.054039
-0.072317
-0.082127
-0.079327
-0.068395
-0.052762
-0.038260
-0.044684
-0.039931
-0.013027
0.036076
0.095320
0.134251
0.144320
0.139489
0.146958
0.156614
0.183129
0.179983
0.138175
0.077635
0.015980
0.002182
0.007447
-0.023460
-0.075772
-0.091342
-0.064456
0.007697
0.065261
0.036464
-0.029214
-0.090162
-0.118266
-0.109130
-0.091247
-0.091838
-0.085325
-0.065968
-0.050103
-0.043118
-0.061357
-0.090487
-0.097327
-0.068962
-0.043234
-0.027824
-0.027374
-0.032916
-0.001164
0.056758
0.103149
0.127706
0.130301
0.121570
0.135591
0.168982
0.190893
0.186542
0.128155
0.052652
0.009542
0.009695
0.000097
-0.047353
-0.089544
-0.100534
-0.042344
0.036164
0.062560
0.021270
-0.050602
-0.106679
-0.118612
-0.098134
-0.098072
-0.100239
-0.089959
-0.069217
-0.047303
-0.042427
-0.071191
-0.098763
-0.090743
-0.069061
-0.041557
-0.027370
-0.032261
-0.021029
0.020814
0.073372
0.108786
0.122833
0.122012
0.134040
0.165704
0.182106
0.180286
0.157683
0.107809
0.036595
-0.001022
-0.013433
-0.034917
-0.057277
-0.075078
-0.069870
-0.016015
0.042150
0.044790
0.000909
-0.067513
-0.123525
-0.129195
-0.104388
-0.090769
-0.087354
-0.081305
-0.077750
-0.063080
-0.049854
-0.062336
-0.074551
-0.075311
-0.066955
-0.047719
-0.036297
-0.032067
-0.010050
0.041615
0.093255
0.129888
0.134592
0.119688
0.116750
0.136808
0.173400
0.194358
0.167224
0.093749
0.023046
-0.000375
-0.000148
-0.040166
-0.096404
-0.109789
-0.065734
0.021394
0.073750
0.046248
-0.035326
-0.103177
-0.129513
-0.114906
-0.096779
-0.103973
-0.102755
-0.082017
-0.048862
-0.035292
-0.055731
-0.089788
-0.096523
-0.070656
-0.043100
-0.033200
-0.038890
-0.034686
0.007402
0.070462
0.114814
0.122834
0.118409
0.129455
0.158527
0.174709
0.175779
0.153840
0.108404
0.056261
0.020578
0.010543
-0.019953
-0.070366
-0.089742
-0.064994
-0.015896
0.032596
0.037384
-0.005064
-0.054050
-0.091979
-0.112263
-0.117290
-0.114103
-0.112295
-0.089003
-0.060672
-0.049450
-0.052068
-0.066885
-0.081506
-0.078366
-0.067415
-0.064107
-0.050725
-0.024152
0.008609
0.060985
0.099800
0.108947
0.110283
0.123099
0.146234
0.172665
0.178576
0.167136
0.150232
0.102642
0.029241
-0.009427
-0.032599
-0.071723
-0.070519
-0.060090
-0.035501
0.022072
0.039346
0.012202
-0.031192
-0.082904
-0.121707
-0.120158
-0.113295
-0.104466
-0.079955
-0.066072
-0.055440
-0.054075
-0.065072
-0.082922
-0.082349
-0.071303
-0.056390
-0.040755
-0.034054
-0.019586
0.017510
0.065142
0.096490
0.111612
0.115312
0.128684
0.153978
0.167294
0.173773
0.158484
0.113870
0.047576
0.006671
0.014317
0.013802
-0.033841
-0.082229
-0.089984
-0.050957
0.018588
0.042732
0.006392
-0.046297
-0.093628
-0.116410
-0.098376
-0.091377
-0.106260
-0.097804
-0.087105
-0.065987
-0.044246
-0.052309
-0.075261
-0.077085
-0.072452
-0.061232
-0.041328
-0.031419
-0.010599
0.046226
0.098633
0.120522
0.123714
0.125707
0.137760
0.156495
0.175512
0.168677
0.132916
0.069715
0.020284
0.022139
0.007824
-0.044144
-0.097248
-0.109476
-0.066488
0.016796
0.065811
0.038652
-0.025157
-0.098074
-0.127733
-0.119957
-0.103097
-0.100917
-0.094361
-0.072142
-0.048793
-0.034549
-0.056814
-0.086517
-0.097171
-0.081807
-0.055000
-0.031098
-0.021630
-0.015652
0.016723
0.059432
0.089539
0.103617
0.100239
0.117205
0.159748
0.170793
0.170186
0.164340
0.112932
0.043799
0.014086
0.009123
-0.013933
-0.057557
-0.092295
-0.078928
-0.018347
0.034819
0.037177
-0.005178
-0.067599
-0.105691
-0.107940
-0.098038
-0.094161
-0.099387
-0.090036
-0.071477
-0.052688
-0.050355
-0.065146
-0.072704
-0.068689
-0.059904
-0.050340
-0.042861
-0.027490
0.003596
0.053821
0.093627
0.118852
0.124295
0.138750
0.157573
0.171119
0.176021
0.166283
0.128825
0.066882
0.003817
-0.004522
-0.004611
-0.045535
-0.065219
-0.065681
-0.039100
0.019641
0.039239
0.000075
-0.055851
-0.099775
-0.121363
-0.101214
-0.084744
-0.085919
-0.087332
-0.080854
-0.070794
-0.058996
-0.059337
-0.073636
-0.069325
-0.059011
-0.053744
-0.042604
-0.034024
-0.016960
0.026516
0.082763
0.110067
0.121586
0.120220
0.125686
0.149846
0.162659
0.167458
0.150889
0.102929
0.036533
0.009580
0.014920
-0.005545
-0.049596
-0.081480
-0.085541
-0.036391
0.033050
0.038700
-0.005273
-0.061333
-0.106482
-0.113536
-0.093651
-0.096431
-0.105443
-0.094225
-0.077543
-0.051041
-0.034074
-0.049565
-0.070189
-0.068016
-0.060540
-0.048629
-0.032009
-0.021321
0.010755
0.070974
0.108642
0.118734
0.112618
0.110629
0.130080
0.162287
0.192015
0.179081
0.120276
0.047414
-0.004655
-0.001564
0.006475
-0.032031
-0.078111
-0.094657
-0.059414
0.009175
0.053491
0.024747
-0.039386
-0.091161
-0.116189
-0.106998
-0.099597
-0.110574
-0.107845
-0.075798
-0.040080
-0.022062
-0.037041
-0.072438
-0.091123
-0.076205
-0.051552
-0.028719
-0.013257
0.006116
0.052860
0.104457
0.123478
0.118606
0.119192
0.135770
0.164268
0.190930
0.188818
0.141154
