0.104154
0.141044
0.137068
0.099240
0.034500
-0.043401
-0.110326
-0.155029
-0.166198
-0.144598
-0.093088
-0.029453
0.025875
0.059836
0.065532
0.044182
0.006404
-0.032006
-0.054963
-0.063864
-0.056976
-0.046182
-0.033000
-0.022112
-0.008757
0.002608
0.019686
0.037904
0.070975
0.112796
0.170135
0.220908
0.263993
0.287830
0.312416
0.332536
0.349485
0.332228
0.259673
0.145761
-0.012081
-0.184323
-0.342170
-0.406233
-0.373966
-0.245730
-0.060513
0.129388
0.271377
0.308355
0.262750
0.146747
0.008895
-0.125205
-0.219486
-0.262213
-0.269777
-0.232797
-0.163144
-0.060268
0.052900
0.160704
0.237162
0.247758
0.192258
0.065176
-0.070697
-0.215942
-0.304297
-0.316561
-0.244512
-0.126625
-0.009684
0.102728
0.146202
0.158876
0.110736
0.067166
0.000007
-0.061636
-0.117240
-0.153673
-0.166297
-0.157783
-0.110534
-0.043386
0.022100
0.068095
0.078250
0.057488
0.007133
-0.040511
-0.074938
-0.084801
-0.073714
-0.055492
-0.030499
-0.018071
-0.004885
0.003536
0.017420
0.037162
0.082950
0.154157
0.228324
0.266791
0.289109
0.308614
0.329324
0.336960
0.321432
0.281350
0.174083
0.027104
-0.160095
-0.319295
-0.411416
-0.409291
-0.281861
-0.104419
0.111575
0.244830
0.319039
0.270073
0.162641
0.021361
-0.115376
-0.201470
-0.264603
-0.262010
-0.248948
-0.180126
-0.094539
0.021610
0.138835
0.218803
0.252929
0.199833
0.095729
-0.061032
-0.193956
-0.283456
-0.296333
-0.240520
-0.136578
-0.025699
0.059768
0.102688
0.114641
0.095625
0.067507
0.021113
-0.027570
-0.085020
-0.138700
-0.171212
-0.175211
-0.135080
-0.074235
0.002429
0.054123
0.076173
0.056100
0.012635
-0.037353
-0.072656
-0.086929
-0.079995
-0.063291
-0.043762
-0.031211
-0.018537
-0.004992
0.015667
0.040108
0.069344
0.122956
0.183027
0.254207
0.291957
0.333466
0.346159
0.366277
0.332659
0.262029
0.152750
0.006167
-0.152696
-0.318896
-0.393224
-0.401257
-0.289915
-0.127898
0.075610
0.235983
0.307836
0.289234
0.180709
0.043863
-0.113364
-0.217475
-0.280722
-0.288228
-0.255907
-0.185051
-0.084860
0.021753
0.133870
0.209295
0.239104
0.195880
0.097441
-0.043007
-0.180398
-0.278615
-0.305578
-0.259849
-0.160561
-0.040830
0.055514
0.111706
0.116154
0.098868
0.054402
0.012781
-0.040382
-0.084864
-0.132195
-0.160499
-0.165636
-0.139684
-0.084483
-0.018000
0.040898
0.067712
0.057342
0.018772
-0.033701
-0.073573
-0.095692
-0.087878
-0.069865
-0.044829
-0.029087
-0.016164
-0.010396
0.003200
0.018928
0.048646
0.089953
0.155254
0.223465
0.292028
0.346717
0.373868
0.376032
0.338779
0.269808
0.152721
0.021602
-0.139574
-0.284490
-0.389783
-0.402061
-0.325072
-0.165736
0.030740
0.206921
0.310703
0.305778
0.217635
0.067159
-0.090536
-0.220167
-0.290490
-0.302263
-0.271459
-0.196409
-0.101768
0.011560
0.112503
0.198535
0.232171
0.207879
0.117466
-0.015360
-0.155840
-0.265865
-0.311370
-0.285490
-0.197178
-0.079228
0.036444
0.114968
0.139573
0.122742
0.077176
0.019257
-0.042789
-0.097849
-0.141182
-0.169413
-0.170642
-0.144682
-0.089054
-0.027595
0.028690
0.059031
0.059011
0.024496
-0.021810
-0.063907
-0.086361
-0.089822
-0.072902
-0.051168
-0.029938
-0.020321
-0.012061
-0.006039
0.017466
0.055490
0.107547
0.154565
0.205000
0.257245
0.318951
0.372075
0.400287
0.380081
0.285536
0.161578
0.003637
-0.141062
-0.288127
-0.359585
-0.366400
-0.293967
-0.160828
0.000489
0.168093
0.258642
0.287740
0.220333
0.106736
-0.048222
-0.184670
-0.272596
-0.311509
-0.283588
-0.215881
-0.102172
0.010720
0.120400
0.195122
0.219949
0.190924
0.105838
-0.004539
-0.132784
-0.227877
-0.283792
-0.269280
-0.210154
-0.104584
0.005268
0.097012
0.136349
0.135854
0.096917
0.037050
-0.033623
-0.096288
-0.141634
-0.164218
-0.161926
-0.132641
-0.083704
-0.027213
0.019733
0.050038
0.051686
0.028654
-0.010428
-0.046646
-0.072184
-0.080056
-0.073395
-0.055038
-0.037501
-0.021775
-0.010798
0.002188
0.020019
0.055114
0.095040
0.143805
0.195909
0.249631
0.306909
0.361563
0.401305
0.398406
0.341057
0.227147
0.070625
-0.111307
-0.283158
-0.398302
-0.420292
-0.352124
-0.194795
-0.004458
0.182514
0.290677
0.318833
0.252327
0.126828
-0.027742
-0.168376
-0.263660
-0.312903
-0.303914
-0.247130
-0.143691
-0.021298
0.104796
0.207379
0.259888
0.243312
0.160442
0.027488
-0.115577
-0.236970
-0.292610
-0.285873
-0.208701
-0.115619
-0.037015
0.041998
0.082626
0.124897
0.103265
0.106371
0.039782
-0.014151
-0.115922
-0.172792
-0.206533
-0.190151
-0.129448
-0.048181
0.030532
0.066660
0.071426
0.046228
-0.000918
-0.035041
-0.061335
-0.062539
-0.067452
-0.058126
-0.048738
-0.036754
-0.018614
-0.005654
0.017382
0.042109
0.098509
0.161761
0.229925
0.253077
0.279778
0.318160
0.363166
0.372669
0.340192
0.260124
0.124965
-0.046086
-0.220485
-0.351389
-0.398171
-0.359728
-0.229685
-0.056392
0.120188
0.239762
0.286634
0.253359
0.150291
0.021182
-0.112340
-0.211842
-0.277335
-0.288716
-0.255912
-0.177631
-0.066321
0.056959
0.167845
0.232591
0.236093
0.173897
0.060660
-0.076861
-0.195328
-0.265665
-0.274354
-0.236477
-0.148468
-0.047085
0.048700
0.104663
0.128520
0.122007
0.082145
0.024582
-0.048465
-0.104555
-0.156606
-0.171562
-0.158740
-0.109972
-0.052748
0.004928
0.044017
0.056949
0.042211
0.010426
-0.026329
-0.052682
-0.068132
-0.064136
-0.055714
-0.040704
-0.029923
-0.015628
-0.011513
0.000642
0.021985
0.066448
0.119753
0.182764
0.244018
0.289189
0.319060
0.344547
0.368080
0.360670
0.293312
0.192017
0.051736
-0.111115
-0.283880
-0.390909
-0.406394
-0.328260
-0.171697
0.024734
0.206197
0.301625
0.303750
0.224904
0.089941
-0.060737
-0.187238
-0.259062
-0.289985
-0.274832
-0.216718
-0.122874
-0.009877
0.103842
0.203192
0.246046
0.222294
0.129870
-0.000737
-0.138823
-0.246270
-0.284531
-0.264289
-0.189891
-0.094274
0.009389
0.081118
0.112991
0.122180
0.099377
0.060002
-0.006657
-0.064502
-0.124663
-0.163589
-0.173154
-0.143190
-0.086068
-0.025174
0.031913
0.063221
0.060705
0.028346
-0.013014
-0.045555
-0.066849
-0.069349
-0.060770
-0.047208
-0.035091
-0.023348
-0.002378
0.017602
0.031709
0.042536
0.075684
0.125895
0.192245
0.256669
0.321977
0.373846
0.398423
0.384222
0.309146
0.210106
0.075711
-0.044872
-0.192980
-0.295879
-0.363509
-0.343008
-0.252298
-0.101024
0.086795
0.227094
0.310045
0.276521
0.185969
0.025163
-0.126017
-0.241824
-0.295487
-0.285664
-0.239451
-0.144146
-0.048288
0.059390
0.142682
0.203439
0.208327
0.161757
0.066468
-0.054987
-0.172631
-0.253770
-0.270512
-0.237632
-0.152153
-0.052426
0.050447
0.100341
0.125042
0.111493
0.077375
0.017875
-0.045282
-0.094097
-0.136893
-0.154846
-0.148152
-0.106354
-0.055072
-0.003326
0.037778
0.054674
0.042562
0.010409
-0.023676
-0.047979
-0.065140
-0.063128
-0.054724
-0.036654
-0.028904
-0.015108
-0.002162
0.010974
0.028702
0.063554
0.123011
0.191805
0.258221
0.299180
0.315691
0.326890
0.334336
0.330416
0.268110
0.188391
0.066098
-0.068142
-0.235975
-0.343313
-0.379854
-0.318250
-0.187555
-0.007861
0.168108
0.266963
0.283070
0.210213
0.097922
-0.045996
-0.159924
-0.231583
-0.258304
-0.247109
-0.204949
-0.122950
-0.031141
0.077564
0.162818
0.215866
0.203431
0.131844
0.018356
-0.109973
-0.210216
-0.260281
-0.247758
-0.189751
-0.100677
-0.007927
0.060028
0.096023
0.108255
0.095396
0.062050
0.004417
-0.048873
-0.108662
-0.144845
-0.162153
-0.136932
-0.090310
-0.030703
0.021104
0.053070
0.055192
0.031116
-0.002192
-0.033493
-0.054654
-0.063431
-0.060290
-0.051967
-0.040850
-0.030280
-0.012950
0.003753
0.023862
0.054558
0.106810
0.173046
0.234475
0.267262
0.285543
0.310479
0.357756
0.369299
0.342719
0.250129
0.132779
-0.034967
-0.207069
-0.345370
-0.400593
-0.360590
-0.245284
-0.061884
0.117979
0.250568
0.294971
0.259191
0.161807
0.017708
-0.112308
-0.217946
-0.269257
-0.287774
-0.251685
-0.173849
-0.067397
0.053677
0.160542
0.237328
0.244379
0.187517
0.067985
-0.063208
-0.197905
-0.290600
-0.305640
-0.256158
-0.150542
-0.043929
0.074123
0.124093
0.155266
0.123002
0.084614
0.015275
-0.054072
-0.110906
-0.154951
-0.165996
-0.158143
-0.106785
-0.049080
0.009176
0.051197
0.064617
0.050590
0.011441
-0.025913
-0.054402
-0.068549
-0.067183
-0.061131
-0.042849
-0.031805
-0.015483
-0.000110
0.025634
0.052697
0.085215
0.124093
0.169345
0.220265
0.275431
0.338092
0.383764
0.404370
0.369124
0.281789
0.146368
-0.019723
-0.190995
-0.343419
-0.410843
-0.400292
-0.281929
-0.114602
0.086424
0.242051
0.319423
0.300570
0.197662
0.056261
-0.104191
-0.223837
-0.299912
-0.312969
-0.278837
-0.196578
-0.081614
0.040877
0.157971
0.230147
0.248804
0.195863
0.087696
-0.051601
-0.185541
-0.270073
-0.296533
-0.246405
-0.168767
-0.061063
0.029830
0.098684
0.123778
0.119141
0.094656
0.037478
-0.023681
-0.098279
-0.144979
-0.181379
-0.172391
-0.136056
-0.069359
-0.006192
0.040909
0.059877
0.048664
0.014355
-0.023511
-0.054843
-0.068044
-0.074846
-0.065272
-0.058952
-0.043571
-0.030065
-0.010278
0.010908
0.032205
0.067137
0.116296
0.186254
0.243161
0.275906
0.296112
0.314222
0.339803
0.332456
0.289757
0.192878
0.067656
-0.090817
-0.253982
-0.364053
-0.396814
-0.325225
-0.190166
-0.001030
0.161675
0.267629
0.277488
0.211860
0.096301
-0.045555
-0.160491
-0.243608
-0.272519
-0.271502
-0.220240
-0.137725
-0.031253
0.082694
0.174380
0.227441
0.207122
0.130852
0.003397
-0.124915
-0.229750
-0.274480
-0.254486
-0.183734
-0.099015
-0.012506
0.048206
0.088717
0.094504
0.090805
0.058166
0.012334
-0.050830
-0.114834
-0.158226
-0.179160
-0.152704
-0.106228
-0.034949
0.015298
0.049782
0.047895
0.023652
-0.013868
-0.043129
-0.061627
-0.066268
-0.065056
-0.054796
-0.048031
-0.033925
-0.023866
-0.007904
0.012954
0.048823
0.104796
0.163993
0.224244
0.258543
0.295848
0.325475
0.359012
0.357249
0.318992
0.222123
0.085452
-0.085385
-0.255584
-0.378162
-0.416424
-0.349159
-0.210921
-0.016644
0.154260
0.273536
0.291543
0.234114
0.115071
-0.026298
-0.152495
-0.246327
-0.285931
-0.288563
-0.241479
-0.157876
-0.043746
0.079123
0.179910
0.243051
0.231339
0.162180
0.024983
-0.106778
-0.236029
-0.302712
-0.305165
-0.228294
-0.122092
-0.021686
0.072186
0.112623
0.134749
0.097981
0.070047
0.002005
-0.055482
-0.128163
-0.166186
-0.185113
-0.168976
-0.119283
-0.048738
0.014498
0.052849
0.059828
0.039900
-0.003922
-0.042618
-0.068954
-0.073531
-0.070771
-0.064526
-0.049453
-0.034864
-0.016690
-0.002840
0.022270
0.048105
0.090612
0.144816
0.209229
0.261826
0.321025
0.363799
0.403985
0.376187
0.300817
0.161151
0.024879
-0.131094
-0.269527
-0.354530
-0.369682
-0.297678
-0.185229
-0.009447
0.139099
0.255965
0.275479
0.229747
0.117895
-0.033880
-0.167590
-0.268838
-0.301040
-0.293429
-0.221973
-0.120054
-0.004583
0.104168
0.178646
0.219487
0.188387
0.117567
0.000960
-0.114970
-0.218017
-0.268996
-0.260295
-0.196463
-0.113461
-0.018017
0.056425
0.106700
0.110563
0.096571
0.054763
-0.002114
-0.064336
-0.124100
-0.156226
-0.173043
-0.146923
-0.103395
-0.038602
0.009205
0.043795
0.049061
0.029424
-0.006539
-0.037808
-0.060149
-0.068967
-0.069835
-0.057903
-0.050105
-0.035539
-0.021233
-0.001823
0.017184
0.039082
0.080089
0.130870
0.200647
0.247580
0.303776
0.341287
0.376648
0.375291
0.333861
0.235654
0.103614
-0.060894
-0.232110
-0.372878
-0.419637
-0.380452
-0.242036
-0.056511
0.140653
0.277889
0.317370
0.269656
0.145458
-0.000860
-0.151449
-0.249020
-0.298735
-0.297950
-0.251822
-0.168590
-0.051675
0.064127
0.174185
0.237391
0.244511
0.178708
0.056841
-0.089435
-0.220468
-0.295874
-0.298777
-0.232822
-0.125439
-0.025880
0.062283
0.101511
0.121722
0.098771
0.074427
0.020438
-0.035179
-0.100746
-0.155523
-0.183382
-0.181279
-0.133362
-0.066480
0.008642
0.054815
0.070772
0.052326
0.010098
-0.032660
-0.064029
-0.074161
-0.070088
-0.060542
-0.047036
-0.036179
-0.017093
0.001938
0.023317
0.041849
0.069221
0.114983
0.173731
0.233537
0.289202
0.344451
0.395342
0.412556
0.373710
0.262629
0.113737
-0.060063
-0.233050
-0.368052
-0.418996
-0.375167
-0.248738
-0.069711
0.118602
0.259505
0.318405
0.282458
0.180727
0.031184
-0.119897
-0.240224
-0.305581
-0.316804
-0.275621
-0.181166
-0.060353
0.070868
0.179681
0.251214
0.254239
0.191646
0.071942
-0.069500
-0.195116
-0.279026
-0.311767
-0.267242
-0.173593
-0.057202
0.044485
0.125382
0.159430
0.144850
0.098790
0.026180
-0.042720
-0.119851
-0.167002
-0.187264
-0.167250
-0.126168
-0.060699
0.005627
0.051571
0.066658
0.054662
0.018832
-0.021180
-0.056369
-0.070046
-0.072212
-0.059870
-0.048776
-0.034088
-0.019496
-0.005873
0.008841
0.026816
0.057633
0.104373
0.170208
0.234193
0.286673
0.330179
0.362011
0.386769
0.368696
0.291850
0.174156
0.028358
-0.129776
-0.295489
-0.387091
-0.396531
-0.309297
-0.154833
0.033897
0.215483
0.300451
0.308687
0.216231
0.092895
-0.069583
-0.195578
-0.271170
-0.296155
-0.272273
-0.212428
-0.104663
0.007076
0.122874
0.209598
0.248590
0.223511
0.127569
0.001888
-0.141619
-0.248097
-0.303848
-0.273058
-0.196549
-0.091586
0.017882
0.101094
0.142891
0.132981
0.108898
0.052820
-0.006932
-0.079708
-0.129227
-0.167588
-0.176193
-0.153225
-0.094068
-0.025874
0.031397
0.066469
0.071526
0.042270
-0.002455
-0.042476
-0.066532
-0.073440
-0.069296
-0.054363
-0.040105
-0.020588
-0.006233
0.014527
0.030934
0.062822
0.098901
0.150930
0.201803
0.259753
0.327188
0.390490
0.425081
0.395775
0.301935
0.171009
0.018881
-0.131188
-0.269980
-0.341569
-0.352308
-0.286776
-0.163246
-0.003199
0.158237
0.257895
0.295377
0.240018
0.129888
-0.025149
-0.165077
-0.261382
-0.306200
-0.283076
-0.215081
-0.100231
0.011681
0.122282
0.196409
0.229355
0.203695
0.131205
0.022602
-0.098256
-0.204177
-0.261343
-0.260396
-0.198574
-0.124767
-0.035201
0.046596
0.108654
0.130514
0.118894
0.092915
0.029683
-0.036384
-0.116065
-0.155067
-0.178279
-0.155639
-0.109536
-0.036899
0.018868
0.054216
0.060523
0.044395
0.006419
-0.026855
-0.052041
-0.058396
-0.061875
-0.050541
-0.040210
-0.022303
-0.006461
0.008338
0.023628
0.036017
0.066671
0.120519
0.197630
0.263824
0.317973
0.365454
0.391891
0.399766
0.315517
0.218387
0.076514
-0.048891
-0.209706
-0.316879
-0.350632
-0.326434
-0.213063
-0.075264
0.118621
0.227410
0.290720
0.256034
0.163332
0.023957
-0.132020
-0.221347
-0.286236
-0.273873
-0.238511
-0.139121
-0.035913
0.068559
0.159993
0.210193
0.217522
0.155839
0.064053
-0.058694
-0.176480
-0.256944
-0.277804
-0.225095
-0.152358
-0.041730
0.047850
0.120043
0.128462
0.114669
0.075148
0.017345
-0.041976
-0.101601
-0.132652
-0.160307
-0.149796
-0.117273
-0.056738
-0.004635
0.037641
0.059205
0.051192
0.017660
-0.020272
-0.050509
-0.064120
-0.071178
-0.058657
-0.046075
-0.025351
-0.013583
0.003592
0.017494
0.033770
0.056822
0.103603
0.170423
0.249436
0.308535
0.357117
0.374334
0.379807
0.332080
0.235926
0.119058
-0.012734
-0.145366
-0.284192
-0.351994
-0.352880
-0.270939
-0.128568
0.043892
0.210288
0.285081
0.285457
0.193191
0.064177
-0.092120
-0.212075
-0.273525
-0.285957
-0.245451
-0.174505
-0.071616
0.030146
0.123386
0.195228
0.214093
0.184357
0.090428
-0.022502
-0.153311
-0.244193
-0.287041
-0.262425
-0.176381
-0.067455
0.048987
0.109781
0.141885
0.113903
0.078224
0.012686
-0.040732
-0.092017
-0.128841
-0.151230
-0.152379
-0.124965
-0.079301
-0.023802
0.026499
0.053133
0.054314
0.026569
-0.009825
-0.046220
-0.067562
-0.070395
-0.063164
-0.048184
-0.037819
-0.020116
-0.008174
0.005564
0.022749
0.063194
0.117323
0.183153
0.238655
0.287147
0.333217
0.364064
0.385060
0.345758
0.269045
0.134707
0.001955
-0.153702
-0.288235
-0.363637
-0.363950
-0.271928
-0.138055
0.045240
0.191441
0.281833
0.276158
0.199967
0.076247
-0.075307
-0.191317
-0.270743
-0.283732
-0.263797
-0.191129
-0.091397
0.019949
0.122441
0.192672
0.222199
0.186835
0.101954
-0.019238
-0.140968
-0.234553
-0.275080
-0.244180
-0.177585
-0.085451
0.004870
0.076976
0.114129
0.112731
0.098085
0.047952
-0.003635
-0.076108
-0.123474
-0.163523
-0.166648
-0.142481
-0.086472
-0.027828
0.020940
0.049033
0.051132
0.025670
-0.008349
-0.040118
-0.056474
-0.065746
-0.062014
-0.052749
-0.039911
-0.027781
-0.012341
0.010122
0.034430
0.065312
0.109783
0.166488
0.224364
0.284254
0.345945
0.396877
0.419985
0.372464
0.255936
0.109880
-0.048475
-0.198740
-0.324796
-0.367855
-0.343435
-0.245898
-0.104412
0.058026
0.204874
0.270810
0.275003
0.189829
0.072257
-0.087688
-0.210387
-0.289974
-0.310573
-0.273146
-0.188473
-0.067994
0.047817
0.148992
0.213500
0.221470
0.181084
0.072945
-0.040205
-0.170338
-0.249014
-0.288895
-0.246585
-0.174817
-0.078102
0.023792
0.093745
0.132204
0.115249
0.092119
0.028980
-0.027046
-0.098966
-0.139078
-0.166718
-0.160404
-0.131054
-0.075490
-0.021558
0.021771
0.042229
0.042889
0.017891
-0.012413
-0.042175
-0.057678
-0.065399
-0.061254
-0.053608
-0.042950
-0.030732
-0.018150
0.003203
0.021873
0.057663
0.111619
0.196671
0.263538
0.318880
0.347260
0.371035
0.366548
0.328028
0.239456
0.122196
-0.015740
-0.174246
-0.310192
-0.389195
-0.371946
-0.279768
-0.110938
0.072402
0.228433
0.297971
0.275100
0.179115
0.036861
-0.107509
-0.221691
-0.276538
-0.285661
-0.253124
-0.181318
-0.084436
0.025738
0.124284
0.200698
0.224156
0.187474
0.092220
-0.039060
-0.165472
-0.259708
-0.285896
-0.251690
-0.176805
-0.068573
0.022087
0.099289
0.108292
0.118238
0.073674
0.037275
-0.033146
-0.082045
-0.131446
-0.162727
-0.162828
-0.137451
-0.081449
-0.031893
0.019655
0.047073
0.047914
0.023641
-0.011055
-0.038618
-0.058249
-0.065563
-0.059742
-0.054040
-0.039423
-0.031186
-0.008327
0.006874
0.027467
0.063787
0.117282
0.191429
0.248392
0.312523
0.345694
0.385637
0.388063
0.342219
0.239944
0.106093
-0.040346
-0.202630
-0.330310
-0.385524
-0.357488
-0.246072
-0.094134
0.092249
0.224949
0.291789
0.262544
0.174137
0.039519
-0.108471
-0.214733
-0.282012
-0.289842
-0.259683
-0.178420
-0.070997
0.041228
0.148354
0.214230
0.237052
0.184583
0.084160
-0.045496
-0.164768
-0.263879
-0.315483
-0.284654
-0.191799
-0.062143
0.050332
0.136684
0.160056
0.139943
0.074484
0.009732
-0.056789
-0.107775
-0.144407
-0.151548
-0.141868
-0.116927
-0.074378
-0.023022
0.021854
0.046026
0.049483
0.029570
-0.003394
-0.038361
-0.057941
-0.062932
-0.055303
-0.050864
-0.037763
-0.026108
-0.005310
0.021530
0.059185
0.099405
0.134537
0.178992
0.213829
0.271928
0.329076
0.398238
0.424156
0.386041
0.274639
0.117212
-0.060720
-0.239520
-0.367547
-0.406639
-0.364808
-0.236822
-0.075647
0.110323
0.236851
0.299455
0.274347
0.186596
0.054665
-0.097974
-0.214792
-0.296270
-0.315310
-0.285458
-0.194899
-0.069248
0.060537
0.177547
0.237841
0.247093
0.177886
0.072576
-0.063556
-0.181142
-0.263138
-0.294829
-0.255665
-0.172582
-0.050406
0.042545
0.117519
0.136633
0.130754
0.078793
0.019604
-0.044789
-0.096812
-0.139005
-0.154923
-0.145611
-0.110187
-0.066490
-0.014385
0.026029
0.048574
0.043757
0.022612
-0.005782
-0.033807
-0.050709
-0.057186
-0.051028
-0.044939
-0.033502
-0.023843
-0.002459
0.015083
0.041700
0.078477
0.141448
0.203953
0.254227
0.310656
0.353746
0.395894
0.387806
0.335880
0.223558
0.085827
-0.068294
-0.224471
-0.337824
-0.385703
-0.342825
-0.224620
-0.064768
0.116121
0.239974
0.301026
0.257609
0.164904
0.019466
-0.121964
-0.229511
-0.288524
-0.289408
-0.249182
-0.160928
-0.053297
0.060739
0.162267
0.219860
0.235888
0.165705
0.063049
-0.078511
-0.191185
-0.277952
-0.297873
-0.243804
-0.148057
-0.021339
0.060291
0.128875
0.127296
0.110757
0.052359
0.001247
-0.053358
-0.099596
-0.132929
-0.147816
-0.136988
-0.109211
-0.064688
-0.012169
0.028431
0.046961
0.039432
0.015785
-0.013843
-0.040799
-0.051227
-0.053889
-0.044439
-0.040095
-0.028404
-0.020680
0.003594
0.022463
0.059274
0.101059
0.170905
0.224930
0.280481
0.314110
0.347654
0.376185
0.371008
0.301658
0.190511
0.044308
-0.112047
-0.279384
-0.371540
-0.390297
-0.310756
-0.168894
0.002149
0.180287
0.262673
0.290326
0.210086
0.113583
-0.035919
-0.158388
-0.241176
-0.284899
-0.270574
-0.233101
-0.129540
-0.026441
0.095861
0.185199
0.228898
0.216755
0.128333
0.015703
-0.123892
-0.221213
-0.271615
-0.259867
-0.207906
-0.117182
-0.019537
0.062713
0.096982
0.126404
0.100055
0.073444
-0.005396
-0.052576
-0.118158
-0.150701
-0.164385
-0.137456
-0.087857
-0.042026
0.006908
0.032806
0.039565
0.020686
-0.002472
-0.021698
-0.039408
-0.046636
-0.048323
-0.047126
-0.041851
-0.033362
-0.010163
0.015015
0.050030
0.085609
0.132729
0.183197
0.236652
0.290164
0.346064
0.401114
0.412156
0.356899
0.235132
0.091230
-0.080345
-0.242266
-0.367165
-0.400151
-0.353811
-0.231462
-0.063479
0.117623
0.249224
0.299045
0.268231
0.170693
0.026317
-0.123311
-0.237013
-0.298399
-0.310053
-0.266254
-0.174732
-0.053163
0.067179
0.171616
0.236166
0.236909
0.168294
0.057023
-0.077292
-0.195098
-0.281729
-0.300251
-0.256432
-0.155414
-0.036573
0.062031
0.129679
0.137699
0.123230
0.061664
0.005868
-0.063795
-0.109684
-0.149815
-0.160743
-0.145489
-0.107854
-0.055655
-0.005574
0.032523
0.046010
0.034669
0.008280
-0.022912
-0.044666
-0.058929
-0.059204
-0.054165
-0.044939
-0.035648
-0.019207
0.010390
0.039253
0.071847
0.104098
0.155020
0.209608
0.278994
0.339547
0.388841
0.411337
0.380093
0.292547
0.154645
-0.003915
-0.172187
-0.328983
-0.406791
-0.408712
-0.296632
-0.145171
0.060190
0.220609
0.315566
0.308974
0.214870
0.084450
-0.082569
-0.202979
-0.294380
-0.310201
-0.287799
-0.213799
-0.102361
0.015532
0.138136
0.216667
0.258578
0.223595
0.129820
-0.007522
-0.146612
-0.255817
-0.323943
-0.317718
-0.237775
-0.106207
0.028244
0.129425
0.179320
0.168223
0.111563
0.032413
-0.042986
-0.105578
-0.150102
-0.168705
-0.159846
-0.130033
-0.082230
-0.026331
0.027052
0.054603
0.057164
0.032184
-0.004402
-0.043702
-0.065983
-0.069982
-0.058506
-0.045202
-0.030138
-0.013553
0.008276
0.029798
0.046751
0.065933
0.093772
0.147724
0.207059
0.290835
0.367731
0.427045
0.439619
0.388235
0.270234
0.110595
-0.056990
-0.225512
-0.361785
-0.420106
-0.393075
-0.273109
-0.101682
0.097386
0.259489
0.338690
0.319317
0.211776
0.061522
-0.113595
-0.246102
-0.324253
-0.331177
-0.286253
-0.192109
-0.065500
0.061261
0.173361
0.242460
0.256582
0.205802
0.094549
-0.044247
-0.185622
-0.279391
-0.313795
-0.269795
-0.193478
-0.070728
0.036627
0.129800
0.149076
0.152152
0.102045
0.044394
-0.038500
-0.103929
-0.151367
-0.180473
-0.171629
-0.136434
-0.067014
-0.009974
0.041001
0.063661
0.058509
0.025736
-0.012493
-0.041013
-0.056587
-0.062898
-0.055965
-0.047320
-0.028725
-0.017399
0.005761
0.018406
0.048693
0.083144
0.138776
0.199554
0.257344
0.321793
0.376232
0.420700
0.408650
0.328581
0.212044
0.053194
-0.094081
-0.277250
-0.372293
-0.420624
-0.348036
-0.216224
-0.026323
0.174082
0.291512
0.345734
0.270157
0.160206
-0.018843
-0.165338
-0.271535
-0.320186
-0.301914
-0.252791
-0.136907
-0.028902
0.101053
0.192879
0.255883
0.246148
0.171649
0.052615
-0.089666
-0.225267
-0.308690
-0.313996
-0.238203
-0.144337
-0.020373
0.079823
0.148998
0.151748
0.123627
0.078541
0.008987
-0.056259
-0.125196
-0.154550
-0.178963
-0.161049
-0.120213
-0.049062
0.009613
0.053537
0.068226
0.053830
0.011469
-0.028602
-0.058972
-0.067506
-0.069441
-0.052599
-0.034681
-0.016199
-0.006367
0.011159
0.035521
0.064110
0.100265
0.155165
0.217360
0.278916
0.340002
0.389135
0.415136
0.399840
0.331061
0.196477
0.027414
-0.172813
-0.348742
-0.460962
-0.453785
-0.341346
-0.145341
0.081335
0.263983
0.365546
0.340772
0.239730
0.076244
-0.081304
-0.219909
-0.300785
-0.324342
-0.304876
-0.231580
-0.126792
0.013108
0.143826
0.251511
0.296059
0.263574
0.153420
-0.015398
-0.175682
-0.302600
-0.339447
-0.308459
-0.193653
-0.085450
0.038151
0.105970
0.154498
0.136415
0.114414
0.059303
0.000642
-0.075036
-0.143501
-0.187571
-0.202984
-0.173595
-0.110117
-0.024815
0.041929
0.077275
0.076549
0.043250
-0.008794
-0.052810
-0.076041
-0.073504
-0.063953
-0.047281
-0.033180
-0.022444
-0.015443
0.001102
0.035771
0.078200
0.131622
0.191762
0.236993
0.283014
0.334966
0.390327
0.416172
0.370881
0.271195
0.123903
-0.041783
-0.217812
-0.357586
-0.401963
-0.378527
-0.250477
-0.093240
0.101239
0.235559
0.299229
0.283016
0.182264
0.057572
-0.106789
-0.212110
-0.296183
-0.310425
-0.283128
-0.199391
-0.077404
0.043282
0.164997
0.234247
0.250172
0.190276
0.079756
-0.050555
-0.186244
-0.266008
-0.299860
-0.245969
-0.173919
-0.072309
0.024470
0.097805
0.135049
0.120433
0.104017
0.036182
-0.019800
-0.102792
-0.145170
-0.181985
-0.174773
-0.139821
-0.077254
-0.013848
0.029596
0.052938
0.047834
0.016113
-0.018413
-0.047351
-0.056839
-0.063663
-0.054718
-0.042503
-0.031208
-0.016115
-0.008316
0.013066
0.028648
0.068111
0.109924
0.168639
0.215629
0.275639
0.339534
0.398728
0.424582
0.376328
0.276244
0.120572
-0.037691
-0.214766
-0.342821
-0.404548
-0.376954
-0.265642
-0.110340
0.079998
0.222442
0.304972
0.290674
0.203375
0.068019
-0.094835
-0.217157
-0.306875
-0.319943
-0.292648
-0.201606
-0.084661
0.044398
0.158759
0.230031
0.245900
0.190880
0.086968
-0.047793
-0.178524
-0.267451
-0.297758
-0.255334
-0.180739
-0.084511
0.017954
0.092921
0.136253
0.124011
0.109774
0.041678
-0.018373
-0.103963
-0.149160
-0.183455
-0.177958
-0.140797
-0.079180
-0.012754
0.028802
0.051242
0.046189
0.018926
-0.014164
-0.042200
-0.053214
-0.059788
-0.054999
-0.047271
-0.037937
-0.024595
-0.017308
0.002942
0.032011
0.088183
0.147830
0.207380
0.249885
0.290255
0.343662
0.383607
0.401938
0.353498
0.253337
0.105460
-0.071061
-0.240660
-0.375783
-0.407515
-0.364050
-0.225502
-0.052984
0.126374
0.254308
0.293182
0.262913
0.152640
0.024332
-0.123488
-0.226915
-0.292427
-0.306241
-0.268862
-0.185261
-0.061341
0.063552
0.176869
0.244084
0.247211
0.185103
0.059068
-0.072807
-0.201476
-0.280964
-0.310092
-0.255055
-0.173869
-0.062105
0.036846
0.121521
0.147410
0.138937
0.094514
0.029704
-0.043330
-0.120473
-0.159619
-0.184298
-0.162907
-0.128495
-0.058220
-0.004926
0.037214
0.049844
0.043451
0.011283
-0.022931
-0.048533
-0.056570
-0.059760
-0.051116
-0.043656
-0.028393
-0.021677
0.001269
0.031251
0.060892
0.087743
0.125177
0.187133
0.237397
0.302635
0.360192
0.423509
0.437031
0.376841
0.247738
0.074341
-0.112004
-0.307564
-0.428129
-0.454760
-0.370876
-0.213748
-0.010663
0.187143
0.310434
0.342955
0.275251
0.155499
-0.007427
-0.159166
-0.273767
-0.328726
-0.330770
-0.279058
-0.170598
-0.035707
0.106158
0.219124
0.284901
0.269162
0.175570
0.034198
-0.123118
-0.245065
-0.320604
-0.303602
-0.255910
-0.137131
-0.032403
0.086978
0.133389
0.160067
0.136932
0.088005
0.017018
-0.070250
-0.125528
-0.180615
-0.184260
-0.168974
-0.106577
-0.045497
0.013348
0.052501
0.062639
0.044165
0.010290
-0.024743
-0.045522
-0.060982
-0.057124
-0.056897
-0.045140
-0.039173
-0.014334
0.017147
0.050091
0.080614
0.110501
0.160528
0.216531
0.274142
0.333381
0.392683
0.439641
0.409499
0.309616
0.157643
-0.008172
-0.194448
-0.358369
-0.434235
-0.414812
-0.301796
-0.134078
0.074020
0.247274
0.332834
0.322596
0.231168
0.092675
-0.079497
-0.217197
-0.305024
-0.329580
-0.307354
-0.226796
-0.103520
0.032475
0.155599
0.246400
0.278438
0.239691
0.126561
-0.013482
-0.167175
-0.288788
-0.344476
-0.309615
-0.218087
-0.100689
0.029773
0.123689
0.169243
0.155382
0.118750
0.050055
-0.023425
-0.100349
-0.144871
-0.175242
-0.172439
-0.144150
-0.078639
-0.019207
0.030921
0.054511
0.059241
0.030189
-0.004197
-0.035454
-0.048487
-0.056190
-0.055111
-0.048227
-0.033829
-0.024578
-0.001678
0.030545
0.074337
0.099437
0.131509
0.167198
0.232798
0.302802
0.377842
0.441504
0.459518
0.388328
0.237635
0.064709
-0.122356
-0.295437
-0.422037
-0.433167
-0.361840
-0.209269
-0.029596
0.170116
0.299637
0.340000
0.288062
0.173740
0.017824
-0.152058
-0.270381
-0.335688
-0.335633
-0.283785
-0.170963
-0.028088
0.108110
0.216200
0.269553
0.260847
0.174831
0.046911
-0.097995
-0.222886
-0.300354
-0.311766
-0.265123
-0.155935
-0.039611
0.077856
0.133830
0.171095
0.137372
0.093158
0.006932
-0.060995
-0.125321
-0.165958
-0.175347
-0.156415
-0.101466
-0.048713
0.012342
0.047816
0.061921
0.041954
0.011893
-0.021200
-0.044036
-0.057422
-0.054742
-0.051685
-0.037803
-0.033443
-0.009074
0.005989
0.034920
0.071092
0.130685
0.203410
0.253290
0.299682
0.327134
0.375889
0.397519
0.375632
0.293051
0.165256
-0.000814
-0.204626
-0.372825
-0.453402
-0.421325
-0.291900
-0.097471
0.118614
0.274499
0.334871
0.294661
0.189118
0.043577
-0.105806
-0.216229
-0.283589
-0.304393
-0.287782
-0.218157
-0.111405
0.021047
0.150909
0.252646
0.285738
0.242248
0.113106
-0.046457
-0.205773
-0.304126
-0.329917
-0.271299
-0.174061
-0.062184
0.040844
0.101674
0.128461
0.116710
0.097684
0.045603
-0.008432
-0.081778
-0.132963
-0.177126
-0.177940
-0.147678
-0.078107
-0.011999
0.041225
0.061178
0.053804
0.015907
-0.020820
-0.049468
-0.055729
-0.055744
-0.046193
-0.039332
-0.031765
-0.027664
-0.009067
0.012542
0.045765
0.082891
0.140739
0.203112
0.258200
0.303952
0.348651
0.402343
0.415510
0.362157
0.249961
0.095809
-0.076940
-0.276971
-0.403110
-0.450741
-0.378293
-0.238516
-0.037967
0.164760
0.291321
0.333954
0.270186
0.165346
0.004225
-0.141554
-0.250827
-0.308959
-0.315053
-0.284514
-0.183664
-0.066148
0.075389
0.186908
0.262322
0.265060
0.188781
0.064902
-0.088047
-0.215510
-0.301182
-0.308352
-0.250094
-0.167325
-0.047446
0.041768
0.124846
0.131047
0.137407
0.088415
0.034980
-0.043699
-0.110609
-0.155971
-0.185991
-0.168787
-0.127131
-0.054591
0.001000
0.045126
0.061522
0.047258
0.012874
-0.024255
-0.046413
-0.057543
-0.061130
-0.054632
-0.047676
-0.036058
-0.025658
-0.005737
0.021494
0.050164
0.089812
0.133643
0.191183
0.241246
0.302896
0.355636
0.406928
0.423994
0.376005
0.258965
0.092371
-0.091943
-0.295726
-0.432558
-0.479647
-0.394289
-0.238044
-0.017790
0.185604
0.327744
0.357428
0.285446
0.159378
-0.008728
-0.156641
-0.275522
-0.322507
-0.330731
-0.283740
-0.187179
-0.057859
0.088778
0.205740
0.283577
0.278300
0.200542
0.059726
-0.100243
-0.236988
-0.319711
-0.322932
-0.254395
-0.152334
-0.034153
0.061289
0.130709
0.142922
0.129888
0.087314
0.027372
-0.039994
-0.112210
-0.156513
-0.186268
-0.169249
-0.127856
-0.055163
0.007061
0.050590
0.062362
0.045853
0.010039
-0.024856
-0.047438
-0.051931
-0.052376
-0.044007
-0.042929
-0.037731
-0.032281
-0.011098
0.015886
0.046064
0.082252
0.127770
0.192585
0.248622
0.299038
0.340910
0.390974
0.395727
0.344304
0.236066
0.103462
-0.059489
-0.225201
-0.349964
-0.396626
-0.356362
-0.242380
-0.071677
0.111367
0.246906
0.300560
0.269762
0.175853
0.032309
-0.114341
-0.226697
-0.288191
-0.300986
-0.265495
-0.178916
-0.067339
0.053589
0.158187
0.226381
0.237004
0.181318
0.076529
-0.053256
-0.177881
-0.260836
-0.288240
-0.242481
-0.165458
-0.063547
0.027008
0.094057
0.122122
0.109016
0.084101
0.027135
-0.022506
-0.088130
-0.126880
-0.156526
-0.152385
-0.122055
-0.068485
-0.011773
0.026484
0.046358
0.039216
0.012611
-0.019869
-0.043431
-0.051723
-0.051298
-0.043371
-0.032725
-0.028729
-0.026114
-0.025186
-0.002979
0.022715
0.062267
0.104607
0.164710
0.219624
0.255988
0.292151
0.332586
0.388672
0.380022
0.312917
0.188144
0.052016
-0.111227
-0.272894
-0.361008
-0.377978
-0.301444
-0.185355
-0.009294
0.146886
0.251176
0.274599
0.225217
0.131695
-0.013989
-0.140405
-0.240995
-0.284690
-0.289549
-0.242511
-0.142650
-0.030664
0.089391
0.176703
0.232480
0.216903
0.146867
0.037969
-0.083459
-0.191442
-0.279572
-0.296127
-0.251392
-0.158520
-0.051523
0.054819
0.132858
0.150760
0.129849
0.072843
0.006879
-0.065148
-0.121644
-0.149545
-0.156689
-0.139937
-0.105645
-0.050390
-0.001983
0.028279
0.043552
0.034726
0.012756
-0.022639
-0.040928
-0.053875
-0.050547
-0.049517
-0.040740
-0.036716
-0.026733
-0.014540
0.010627
0.039943
0.081069
0.131035
0.194115
0.244052
0.280380
0.309495
0.346539
0.374825
0.340620
0.254439
0.124906
-0.013101
-0.172539
-0.305316
-0.368413
-0.350014
-0.253498
-0.115069
0.057514
0.195440
0.264929
0.255227
0.179887
0.067353
-0.076759
-0.186195
-0.261086
-0.280832
-0.262589
-0.195680
-0.092136
0.017270
0.123004
0.192962
0.220620
0.181391
0.091879
-0.022321
-0.142098
-0.230468
-0.271335
-0.241816
-0.172711
-0.088349
0.004113
0.069951
0.111788
0.099388
0.083156
0.034898
-0.011271
-0.070295
-0.113972
-0.141226
-0.151139
-0.127680
-0.086080
-0.027714
0.012675
0.039931
0.040597
0.020233
-0.011947
-0.037705
-0.050375
-0.050087
-0.046125
-0.037050
-0.035255
-0.030554
-0.026731
-0.008427
0.019388
0.058305
0.097033
0.141897
0.187239
0.236102
0.288764
0.340536
0.389303
0.402263
0.347899
0.224809
0.079160
-0.087267
-0.246399
-0.366282
-0.391489
-0.337068
-0.212162
-0.047540
0.126237
0.254606
0.293913
0.259148
0.159893
0.024041
-0.124979
-0.237001
-0.293475
-0.302990
-0.258109
-0.168550
-0.043726
0.075595
0.176248
0.235716
0.234821
0.169890
0.055213
-0.070480
-0.189896
-0.268476
-0.285154
-0.238480
-0.143851
-0.051595
0.047009
0.102930
0.134106
0.110232
0.078937
0.022771
-0.036040
-0.093793
-0.138963
-0.157712
-0.155981
-0.118108
-0.064087
-0.002671
0.038462
0.055507
0.046678
0.015707
-0.018853
-0.042728
-0.049847
-0.049007
-0.046266
-0.040381
-0.035465
-0.026660
-0.013733
0.009135
0.040255
0.074313
0.117737
0.167563
0.232127
0.287857
0.334536
0.370275
0.382466
0.343478
0.246048
0.121377
-0.005512
-0.152602
-0.269643
-0.345723
-0.326808
-0.259575
-0.127882
0.032783
0.176770
0.268023
0.261036
0.207445
0.080607
-0.054464
-0.182473
-0.258680
-0.275483
-0.259410
-0.179966
-0.091123
0.026665
0.113017
0.189230
0.214612
0.189431
0.115408
0.006972
-0.104497
-0.199194
-0.249530
-0.228642
-0.191255
-0.132325
-0.065573
0.016100
0.085306
0.103006
0.135624
0.093837
0.064432
-0.048781
-0.098847
-0.168293
-0.172247
-0.161166
-0.099898
-0.027468
0.017618
0.048574
0.048843
0.035358
0.004659
-0.020751
-0.029068
-0.038189
-0.041690
-0.050452
-0.052640
-0.044189
-0.030918
0.005896
0.036477
0.078702
0.099937
0.143395
0.180597
0.231204
0.282377
0.342462
0.388215
0.392722
0.330149
0.206141
0.059836
-0.088065
-0.221706
-0.315436
-0.331538
-0.290093
-0.187239
-0.060883
0.088632
0.196668
0.254047
0.237360
0.162768
0.043253
-0.099198
-0.210038
-0.279495
-0.286253
-0.246044
-0.152453
-0.035433
0.072851
0.159715
0.200562
0.199062
0.140672
0.054251
-0.052505
-0.153198
-0.228194
-0.260159
-0.228174
-0.164915
-0.068572
0.024298
0.101943
0.131122
0.116737
0.080630
0.013939
-0.042773
-0.105891
-0.129612
-0.149207
-0.133649
-0.106771
-0.057796
-0.012944
0.021823
0.041219
0.038607
0.017372
-0.011755
-0.037671
-0.049942
-0.055443
-0.049021
-0.043344
-0.034125
-0.028339
-0.013735
0.010568
0.040115
0.070994
0.108927
0.158194
0.215431
0.260407
0.311349
0.353170
0.395261
0.363760
0.273165
0.138328
-0.000643
-0.147433
-0.280914
-0.341257
-0.336247
-0.260927
-0.146155
0.006417
0.153258
0.236428
0.257496
0.202309
0.108666
-0.037032
-0.163674
-0.254051
-0.288581
-0.275931
-0.212710
-0.107066
0.006223
0.107827
0.180593
0.209507
0.188581
0.109797
0.011829
-0.104014
-0.188298
-0.246849
-0.232306
-0.222207
-0.161323
-0.099261
0.009666
0.071897
0.124799
0.141496
0.112952
0.050661
-0.057814
-0.117178
-0.182175
-0.178498
-0.166790
-0.092778
-0.036927
0.010951
0.034194
0.043507
0.028628
0.003232
-0.020263
-0.028429
-0.046000
-0.050698
-0.060283
-0.054019
-0.051023
-0.031749
-0.002939
0.028037
0.058079
0.086816
0.128205
0.180693
0.228812
0.297896
0.353883
0.409934
0.397601
0.315151
0.186718
0.029012
-0.099209
-0.249619
-0.310545
-0.344050
-0.286149
-0.198248
-0.066335
0.090741
0.194412
0.267324
0.235507
0.170179
0.026742
-0.117494
-0.231187
-0.301522
-0.293811
-0.253209
-0.139404
-0.033097
0.080994
0.158831
0.198940
0.193759
0.130775
0.046754
-0.067627
-0.168771
-0.242923
-0.267140
-0.225950
-0.162622
-0.060685
0.026903
0.098344
0.117192
0.101678
0.069433
0.005448
-0.043267
-0.103017
-0.124706
-0.147243
-0.135513
-0.109429
-0.062966
-0.016276
0.017510
0.039951
0.035440
0.014353
-0.012471
-0.033411
-0.044367
-0.051971
-0.049994
-0.046258
-0.039528
-0.025850
-0.008442
0.020133
0.036810
0.074515
0.117928
0.192420
0.249420
0.309373
0.351069
0.390111
0.395054
0.325452
0.212103
0.069093
-0.066999
-0.220167
-0.327766
-0.368790
-0.330588
-0.227967
-0.081271
0.094786
0.227487
0.287772
0.261542
0.173722
0.036584
-0.117160
-0.230285
-0.290825
-0.293087
-0.253895
-0.163365
-0.051586
0.059847
0.147590
0.205166
0.214331
0.167206
0.068424
-0.050175
-0.165972
-0.247037
-0.277256
-0.239079
-0.169851
-0.071273
0.025520
0.103932
0.126102
0.111734
0.073620
0.017099
-0.041941
-0.098527
-0.121999
-0.140315
-0.132718
-0.111967
-0.062368
-0.019456
0.015905
0.036734
0.041245
0.020695
-0.009607
-0.035389
-0.046026
-0.055111
-0.051285
-0.044846
-0.035084
-0.032778
-0.021530
0.000690
0.038799
0.083207
0.134069
0.194764
0.243774
0.283962
0.318037
0.361571
0.381592
0.356733
0.270729
0.141049
-0.011914
-0.183736
-0.323147
-0.398764
-0.370569
-0.271896
-0.108685
0.070261
0.218362
0.290293
0.270596
0.193532
0.060989
-0.073436
-0.194566
-0.264736
-0.292009
-0.273930
-0.205172
-0.104788
0.019489
0.129427
0.216409
0.240451
0.202549
0.102326
-0.028062
-0.155332
-0.248086
-0.279478
-0.250481
-0.169293
-0.085268
0.004776
0.061774
0.100549
0.097267
0.085904
0.047711
-0.000979
-0.059682
-0.114136
-0.147832
-0.159400
-0.133517
-0.084168
-0.021781
0.025263
0.049096
0.046150
0.022964
-0.010044
-0.033691
-0.048765
-0.048795
-0.049912
-0.043816
-0.044718
-0.034700
-0.019975
0.008838
0.044747
0.090486
0.136498
0.187036
0.229715
0.275822
0.319957
0.366878
0.382225
0.348032
0.259508
0.127953
-0.013497
-0.175912
-0.297143
-0.369323
-0.346968
-0.262527
-0.118310
0.050241
0.186699
0.271498
0.259566
0.198209
0.072600
-0.059879
-0.182391
-0.260168
-0.282616
-0.270653
-0.196845
-0.103438
0.018156
0.117088
0.197353
0.222071
0.187709
0.102491
-0.019763
-0.134289
-0.227115
-0.261550
-0.246752
-0.176747
-0.095982
-0.006271
0.053806
0.093353
0.095548
0.084297
0.045541
-0.001542
-0.055255
-0.102336
-0.136470
-0.148243
-0.126304
-0.083102
-0.028192
0.014297
0.040662
0.040319
0.019162
-0.009845
-0.033317
-0.048333
-0.052206
-0.049496
-0.038154
-0.028991
-0.017468
-0.006220
0.015171
0.041183
0.075213
0.117559
0.169724
0.215346
0.272152
0.320888
0.382948
0.397988
0.375062
0.267720
0.141821
-0.011758
-0.167611
-0.299299
-0.376765
-0.359149
-0.285660
-0.136821
0.025591
0.186600
0.276192
0.284743
0.220920
0.096122
-0.047102
-0.184599
-0.267314
-0.301000
-0.281878
-0.211493
-0.110179
0.011025
0.114206
0.195811
0.223395
0.199165
0.115645
-0.000773
-0.122094
-0.218027
-0.270320
-0.258456
-0.200218
-0.111567
-0.022018
0.053550
0.098280
0.109165
0.096286
0.053978
0.005999
-0.054913
-0.102960
-0.141326
-0.148375
-0.131347
-0.088020
-0.037212
0.009728
0.036833
0.042400
0.025713
-0.000067
-0.029670
-0.046216
-0.053582
-0.051131
-0.043909
-0.033717
-0.019090
-0.007367
0.017837
0.046331
0.087375
0.120788
0.170837
0.220066
0.281675
0.337277
0.395029
0.423068
0.379732
0.266999
0.107765
-0.055418
-0.226606
-0.354421
-0.400576
-0.357002
-0.242754
-0.092220
0.085747
0.221233
0.290181
0.269946
0.194137
0.068453
-0.080925
