0.037676
-0.004406
-0.012940
0.055065
0.185209
0.299566
0.346864
0.311113
0.088687
-0.189193
-0.306005
-0.226735
-0.024458
0.155193
0.211178
0.171543
0.071675
-0.075637
-0.191946
-0.232334
-0.169528
-0.025747
0.091509
0.103835
0.038194
-0.064240
-0.137660
-0.142704
-0.096721
-0.032591
0.033654
0.055637
0.030610
-0.002044
-0.003263
0.074751
0.208180
0.309509
0.339524
0.282459
0.040233
-0.197140
-0.290291
-0.199791
-0.003722
0.166291
0.211517
0.160690
0.047746
-0.101153
-0.202406
-0.225624
-0.144450
-0.006719
0.090893
0.091959
0.025729
-0.069565
-0.140139
-0.142183
-0.096301
-0.020812
0.044444
0.050353
0.022711
-0.002532
0.021737
0.113750
0.227522
0.306125
0.344434
0.242798
-0.036723
-0.260976
-0.298133
-0.142692
0.069442
0.199699
0.190517
0.110722
0.001566
-0.120779
-0.205855
-0.211088
-0.126242
0.014205
0.105637
0.078093
-0.008088
-0.095377
-0.148927
-0.125731
-0.069914
-0.013198
0.044994
0.053389
0.015158
-0.000254
0.042154
0.144435
0.265606
0.321901
0.331490
0.163147
-0.142748
-0.289977
-0.264059
-0.085821
0.127559
0.208638
0.172649
0.087980
-0.049218
-0.172787
-0.230109
-0.202151
-0.068603
0.068438
0.094621
0.047439
-0.043379
-0.123455
-0.144688
-0.115047
-0.057721
0.020767
0.061564
0.044398
0.012454
0.015206
0.083825
0.201110
0.288096
0.345789
0.255483
-0.017510
-0.245396
-0.313048
-0.167980
0.044804
0.175366
0.194922
0.131008
0.013787
-0.112839
-0.209498
-0.231222
-0.140762
0.001960
0.089043
0.081740
-0.001234
-0.099251
-0.145435
-0.139301
-0.090838
-0.019600
0.036318
0.049616
0.026855
0.014331
0.057421
0.152940
0.240661
0.318729
0.306303
0.096838
-0.168321
-0.321889
-0.249335
-0.046396
0.134646
0.197130
0.160526
0.065594
-0.066579
-0.181418
-0.244897
-0.197364
-0.064028
0.063774
0.095108
0.034879
-0.063358
-0.142421
-0.165091
-0.125720
-0.052153
0.023073
0.060918
0.049908
0.018751
0.027829
0.100777
0.200985
0.288127
0.318762
0.169716
-0.094775
-0.286160
-0.291120
-0.101172
0.084160
0.166755
0.153934
0.082964
-0.019057
-0.131965
-0.230154
-0.228337
-0.111602
0.018994
0.085256
0.056184
-0.040155
-0.118682
-0.157596
-0.150199
-0.081252
-0.004228
0.045312
0.052501
0.028524
0.028242
0.093845
0.183298
0.252748
0.304513
0.213866
-0.036756
-0.236554
-0.305937
-0.160142
0.042731
0.147698
0.164358
0.108560
-0.001221
-0.113896
-0.206291
-0.238764
-0.141918
-0.002836
0.072748
0.066626
-0.019137
-0.116617
-0.151580
-0.148243
-0.102627
-0.025342
0.033932
0.054765
0.045492
0.024923
0.075651
0.166099
0.229706
0.276420
0.245329
0.022279
-0.189666
-0.286532
-0.203423
-0.013285
0.120167
0.149142
0.112848
0.035827
-0.086363
-0.179661
-0.220258
-0.163946
-0.036222
0.048145
0.058261
0.003810
-0.076498
-0.141978
-0.154930
-0.122921
-0.052910
0.026598
0.059262
0.054055
0.031160
0.054264
0.120677
0.200312
0.285546
0.280455
0.085871
-0.158250
-0.282968
-0.236945
-0.054206
0.092700
0.142698
0.125157
0.043648
-0.058248
-0.159322
-0.224262
-0.179080
-0.058230
0.034729
0.060775
0.016421
-0.068247
-0.124698
-0.149159
-0.130021
-0.070340
0.004122
0.054042
0.060935
0.039772
0.057769
0.120527
0.184909
0.250563
0.272465
0.114669
-0.108448
-0.241803
-0.245328
-0.098711
0.069817
0.128390
0.117531
0.056314
-0.046914
-0.145555
-0.209413
-0.184263
-0.072477
0.016985
0.042072
0.018108
-0.053936
-0.117388
-0.139419
-0.127469
-0.077968
-0.006089
0.035502
0.053344
0.053699
0.065098
0.117218
0.173342
0.229852
0.264344
0.147195
-0.077072
-0.225308
-0.240210
-0.107968
0.039643
0.116352
0.116255
0.062231
-0.031427
-0.138763
-0.195137
-0.178039
-0.090055
0.003402
0.041823
0.021336
-0.044501
-0.101878
-0.135521
-0.127030
-0.083346
-0.025884
0.020345
0.042462
0.045857
0.072104
0.120674
0.153870
0.195375
0.250660
0.194887
-0.013596
-0.206896
-0.252012
-0.136989
0.012078
0.109580
0.114325
0.064955
-0.014310
-0.119068
-0.191075
-0.180953
-0.107281
-0.012620
0.033634
0.022125
-0.028576
-0.089119
-0.134087
-0.129506
-0.093240
-0.042856
0.009998
0.043500
0.054332
0.075677
0.116431
0.142613
0.172979
0.242179
0.205052
0.032257
-0.160395
-0.255627
-0.164325
-0.013174
0.094978
0.115109
0.069296
-0.011703
-0.103772
-0.167455
-0.178650
-0.116892
-0.030151
0.019052
0.024015
-0.021702
-0.080214
-0.120766
-0.128018
-0.107850
-0.047371
0.011982
0.048382
0.058812
0.066488
0.099274
0.127010
0.162966
0.245482
0.225743
0.048957
-0.131692
-0.243196
-0.176299
-0.024153
0.076410
0.106953
0.075622
-0.007208
-0.092651
-0.164300
-0.182316
-0.110582
-0.031405
0.013778
0.025637
-0.029223
-0.082191
-0.110212
-0.122507
-0.098287
-0.044318
-0.002382
0.038502
0.060157
0.070793
0.114332
0.137715
0.158575
0.232552
0.223738
0.055717
-0.108460
-0.228506
-0.188168
-0.039557
0.066668
0.107047
0.085055
0.004469
-0.087519
-0.156824
-0.188359
-0.120451
-0.032123
0.013281
0.029808
-0.016764
-0.076223
-0.107209
-0.121494
-0.102944
-0.048155
-0.000705
0.032128
0.059668
0.080816
0.125757
0.144175
0.173411
0.238771
0.225448
0.066964
-0.123184
-0.234857
-0.181203
-0.031998
0.081057
0.124363
0.083908
-0.000933
-0.095990
-0.164532
-0.175047
-0.103926
-0.025823
0.019953
0.028389
-0.018926
-0.072512
-0.104805
-0.119499
-0.092244
-0.042482
0.003411
0.037024
0.057549
0.076555
0.131356
0.151011
0.176025
0.239843
0.224204
0.057396
-0.119133
-0.215016
-0.193528
-0.030337
0.080938
0.130191
0.108078
0.002504
-0.119179
-0.168079
-0.164653
-0.099779
-0.004258
0.027043
0.017899
-0.014062
-0.088657
-0.114549
-0.104950
-0.088002
-0.035420
0.016519
0.038472
0.073690
0.100502
0.131294
0.155927
0.181747
0.246208
0.210733
0.047597
-0.121381
-0.210550
-0.154511
-0.001231
0.088465
0.114615
0.076700
-0.014291
-0.099403
-0.150835
-0.155035
-0.089561
-0.001497
0.036500
0.030153
-0.024577
-0.087437
-0.110773
-0.104471
-0.077509
-0.024615
0.021517
0.053148
0.076493
0.098220
0.134190
0.153592
0.191429
0.266674
0.229861
0.039115
-0.151304
-0.224514
-0.147524
0.009331
0.107016
0.122633
0.080426
-0.005593
-0.109476
-0.165199
-0.154608
-0.080496
0.007895
0.044917
0.024908
-0.017696
-0.073030
-0.109712
-0.103493
-0.072523
-0.017139
0.048573
0.074881
0.082503
0.104646
0.135451
0.158397
0.212648
0.265010
0.192802
0.006402
-0.167634
-0.227021
-0.120307
0.022062
0.114754
0.138050
0.074244
-0.028655
-0.124469
-0.176646
-0.148795
-0.053647
0.024820
0.059332
0.030817
-0.041041
-0.094959
-0.116802
-0.098949
-0.053703
0.004525
0.050974
0.081154
0.085771
0.109567
0.139462
0.175594
0.239025
0.255996
0.135155
-0.055829
-0.188883
-0.194837
-0.075348
0.062447
0.124000
0.118052
0.042302
-0.062831
-0.145870
-0.162154
-0.115058
-0.017817
0.035420
0.040667
0.013616
-0.054282
-0.098613
-0.107996
-0.090860
-0.037175
0.022224
0.058845
0.080859
0.098982
0.128996
0.155790
0.188442
0.245126
0.229336
0.079229
-0.113814
-0.216355
-0.156331
-0.023928
0.091396
0.129178
0.099074
0.012872
-0.085222
-0.171096
-0.169687
-0.091454
0.006848
0.057319
0.045382
-0.013404
-0.077535
-0.116447
-0.112972
-0.078616
-0.018884
0.033705
0.076094
0.090698
0.115851
0.138295
0.154553
0.193377
0.239274
0.180922
0.003854
-0.154578
-0.200123
-0.107005
0.024382
0.105308
0.115783
0.065308
-0.026843
-0.122307
-0.170624
-0.143572
-0.062190
0.019746
0.050350
0.029956
-0.037664
-0.092725
-0.120231
-0.102826
-0.058810
-0.007591
0.036617
0.070105
0.089649
0.124876
0.148246
0.173112
0.226318
0.235433
0.112557
-0.073720
-0.197301
-0.198756
-0.079022
0.062007
0.132863
0.117651
0.037146
-0.077628
-0.163643
-0.179393
-0.124015
-0.030242
0.040931
0.044977
0.005180
-0.059723
-0.116160
-0.123515
-0.091815
-0.044639
0.010983
0.045118
0.070299
0.103836
0.140618
0.154774
0.193097
0.233995
0.186250
0.027272
-0.139361
-0.218979
-0.160146
-0.009957
0.100940
0.132479
0.090004
-0.024482
-0.135667
-0.193289
-0.171345
-0.080174
0.012032
0.051491
0.033896
-0.030116
-0.104750
-0.138550
-0.125639
-0.076295
-0.009781
0.041218
0.066236
0.078361
0.105146
0.131240
0.154516
0.213219
0.229293
0.121891
-0.075637
-0.205567
-0.197484
-0.072206
0.063609
0.106581
0.082312
0.015794
-0.063907
-0.145717
-0.177949
-0.148468
-0.054546
0.030099
0.046566
0.003221
-0.068518
-0.125873
-0.131422
-0.110040
-0.064216
0.001772
0.063026
0.091665
0.113339
0.120617
0.123159
0.176647
0.235170
0.185546
-0.000629
-0.175596
-0.227292
-0.122803
0.016793
0.095594
0.096321
0.050945
-0.028488
-0.120864
-0.178142
-0.166131
-0.090347
0.004712
0.042160
0.021035
-0.039284
-0.099687
-0.126758
-0.121343
-0.085648
-0.025915
0.036498
0.075578
0.094487
0.120781
0.128676
0.159731
0.219124
0.207712
0.062812
-0.110845
-0.223994
-0.167362
-0.020795
0.068196
0.107600
0.074808
0.004216
-0.086810
-0.163312
-0.186036
-0.112475
-0.019539
0.036906
0.035735
-0.020005
-0.080164
-0.110925
-0.124584
-0.096099
-0.043174
0.014422
0.064908
0.101041
0.125828
0.146816
0.147384
0.183488
0.210063
0.127544
-0.042563
-0.171642
-0.206627
-0.097816
0.041479
0.111203
0.111784
0.045068
-0.059616
-0.144000
-0.179149
-0.149737
-0.054422
0.021008
0.040470
0.019210
-0.051582
-0.103037
-0.116720
-0.104770
-0.062078
-0.005810
0.052027
0.095625
0.128663
0.146073
0.148510
0.189723
0.216043
0.149383
-0.003530
-0.158589
-0.205654
-0.117389
0.013982
0.105704
0.126313
0.062900
-0.026908
-0.120990
-0.189651
-0.160982
-0.074536
0.011662
0.055040
0.032024
-0.033246
-0.087113
-0.122865
-0.114515
-0.070186
-0.014783
0.041640
0.084298
0.111320
0.157588
0.165969
0.182629
0.211415
0.171875
0.017711
-0.130490
-0.213004
-0.134532
0.021813
0.102921
0.116293
0.070627
-0.019342
-0.097597
-0.159066
-0.164838
-0.086096
0.006407
0.041732
0.030589
-0.026697
-0.080832
-0.100313
-0.102668
-0.075904
-0.019743
0.030386
0.072555
0.099909
0.140663
0.168774
0.195183
0.216486
0.173832
0.016324
-0.134188
-0.190167
-0.127796
0.004783
0.095750
0.108782
0.074720
0.003749
-0.087885
-0.148574
-0.159223
-0.103847
-0.010115
0.034438
0.029514
-0.002884
-0.062618
-0.100419
-0.101457
-0.081196
-0.030610
0.022897
0.063683
0.104366
0.151853
0.176007
0.190894
0.220290
0.191880
0.030850
-0.142620
-0.217681
-0.147576
0.005700
0.113375
0.131251
0.076830
-0.002479
-0.088001
-0.158937
-0.169208
-0.108613
-0.007808
0.052556
0.049211
-0.009874
-0.073783
-0.110556
-0.115285
-0.079035
-0.022526
0.032120
0.077774
0.096643
0.130595
0.165641
0.188117
0.213807
0.187635
0.023384
-0.140752
-0.204627
-0.145425
0.012774
0.109086
0.110705
0.075281
-0.000509
-0.089471
-0.149333
-0.164066
-0.108777
-0.004120
0.042925
0.034467
-0.009668
-0.074215
-0.104904
-0.097527
-0.075308
-0.029904
0.022974
0.057950
0.093920
0.136454
0.174918
0.216290
0.231391
0.163072
0.002839
-0.162100
-0.225632
-0.128750
0.019001
0.113482
0.127376
0.066316
-0.009771
-0.087049
-0.160486
-0.174333
-0.113747
-0.013792
0.057766
0.053145
-0.013142
-0.083269
-0.116698
-0.115198
-0.068711
-0.017579
0.034109
0.076549
0.096374
0.127812
0.163397
0.190033
0.209827
0.138375
-0.005628
-0.154976
-0.206970
-0.109601
0.012255
0.098300
0.109168
0.061283
-0.011069
-0.092805
-0.163375
-0.160933
-0.101770
-0.014317
0.040094
0.034175
-0.018465
-0.070963
-0.108670
-0.108558
-0.075381
-0.032124
0.019646
0.062469
0.091966
0.137605
0.186601
0.201299
0.210753
0.128711
-0.047185
-0.176515
-0.203998
-0.095533
0.035663
0.097282
0.098071
0.051403
-0.019150
-0.096418
-0.164126
-0.169481
-0.102357
-0.005535
0.047237
0.032011
-0.024800
-0.082306
-0.117645
-0.107994
-0.077529
-0.028107
0.038360
0.080683
0.110205
0.146912
0.175805
0.203848
0.200397
0.090064
-0.076454
-0.200283
-0.204551
-0.067540
0.064501
0.122579
0.100718
0.017551
-0.058103
-0.125566
-0.171739
-0.148387
-0.069611
0.015446
0.054076
0.016127
-0.053254
-0.105277
-0.117037
-0.091250
-0.050440
-0.007070
0.041797
0.069939
0.095161
0.145026
0.194051
0.216258
0.187791
0.040840
-0.109205
-0.196311
-0.175275
-0.045051
0.063726
0.107379
0.093474
0.021707
-0.069064
-0.134748
-0.176234
-0.148924
-0.059134
0.016405
0.045205
0.019903
-0.049563
-0.099875
-0.119312
-0.105340
-0.057934
0.006065
0.052821
0.094916
0.121015
0.150955
0.182587
0.189166
0.155026
0.020594
-0.115345
-0.191724
-0.145694
-0.009834
0.071004
0.097585
0.061725
-0.009958
-0.081661
-0.142918
-0.161330
-0.110564
-0.027224
0.023519
0.025687
-0.020279
-0.069741
-0.093145
-0.100176
-0.077035
-0.035701
0.013081
0.055886
0.089134
0.120596
0.174245
0.197095
0.189843
0.138167
-0.011662
-0.143267
-0.199361
-0.127945
0.011437
0.093328
0.100075
0.051407
-0.018510
-0.103232
-0.156064
-0.159699
-0.102036
-0.016303
0.027780
0.032697
-0.010068
-0.067182
-0.103138
-0.106516
-0.073920
-0.018724
0.032826
0.064749
0.097069
0.132427
0.178231
0.199062
0.199096
0.110141
-0.052449
-0.158766
-0.176287
-0.081402
0.020416
0.081535
0.094778
0.048385
-0.028575
-0.120910
-0.167589
-0.144906
-0.071353
-0.002428
0.030293
0.025838
-0.021894
-0.075143
-0.113308
-0.104785
-0.058447
-0.000612
0.056424
0.098084
0.130311
0.165626
0.181343
0.185871
0.162060
0.042303
-0.083657
-0.162932
-0.155096
-0.035428
0.072334
0.104038
0.081076
0.005749
-0.083556
-0.135072
-0.150214
-0.118503
-0.034632
0.017940
0.031185
0.008677
-0.051934
-0.091961
-0.094784
-0.081960
-0.038945
0.016574
0.059436
0.107810
0.153901
0.180598
0.197380
0.187101
0.132478
0.000612
-0.131575
-0.194990
-0.127302
0.011247
0.108317
0.128146
0.059802
-0.034471
-0.121794
-0.158574
-0.151037
-0.078755
-0.004452
0.037670
0.036150
-0.016283
-0.077393
-0.106638
-0.099790
-0.054753
0.002220
0.056785
0.099664
0.132839
0.153366
0.163077
0.180669
0.178271
0.080260
-0.077202
-0.168598
-0.146903
-0.045464
0.057440
0.094481
0.071175
0.030314
-0.055576
-0.135701
-0.153234
-0.123732
-0.039469
0.019883
0.021904
0.002226
-0.033920
-0.079756
-0.095424
-0.083771
-0.048886
0.021983
0.072913
0.105564
0.146831
0.165604
0.178908
0.190606
0.139801
0.003545
-0.125466
-0.191793
-0.117338
0.015032
0.090926
0.105438
0.049498
-0.033701
-0.104796
-0.142588
-0.138516
-0.073927
-0.018029
0.013233
0.016605
-0.022516
-0.062481
-0.085982
-0.092974
-0.056991
-0.011040
0.040946
0.088249
0.127303
0.157506
0.172219
0.175619
0.167678
0.066958
-0.068614
-0.158703
-0.147082
-0.045183
0.046780
0.086103
0.071108
0.016674
-0.064157
-0.131490
-0.148390
-0.112119
-0.041411
0.001723
0.014639
-0.002372
-0.042681
-0.075044
-0.090660
-0.078178
-0.038148
0.012983
0.061299
0.109820
0.151320
0.157221
0.165212
0.173720
0.136404
0.005286
-0.112398
-0.176892
-0.116487
0.005287
0.069123
0.093751
0.050094
-0.023891
-0.101057
-0.143675
-0.151364
-0.082227
-0.022068
0.013721
0.021456
-0.020383
-0.070799
-0.090690
-0.095598
-0.061922
-0.014809
0.042379
0.091204
0.138034
0.156627
0.159695
0.167668
0.152259
0.059760
-0.068253
-0.139705
-0.153176
-0.049050
0.047215
0.085361
0.073514
0.001435
-0.084748
-0.127967
-0.139683
-0.111571
-0.046265
-0.011706
0.009235
0.006763
-0.041713
-0.080781
-0.093156
-0.086707
-0.039095
0.019378
0.061095
0.111195
0.159868
0.155657
0.150053
0.163815
0.111905
-0.004014
-0.115835
-0.161251
-0.096286
0.002047
0.063606
0.076600
0.038783
-0.041097
-0.105385
-0.142527
-0.128922
-0.074250
-0.029027
0.004209
0.009736
-0.026236
-0.066987
-0.094632
-0.091637
-0.055133
-0.010031
0.042883
0.093782
0.136813
0.157546
0.142863
0.142876
0.134296
0.051779
-0.042961
-0.121939
-0.134965
-0.058701
0.020002
0.067327
0.069106
0.012063
-0.081710
-0.125891
-0.137269
-0.099779
-0.041480
-0.019523
-0.002161
0.000371
-0.042735
-0.075364
-0.094182
-0.089406
-0.038794
0.025294
0.066926
0.123219
0.153045
0.144562
0.145013
0.145954
0.106577
0.016428
-0.087094
-0.162066
-0.110816
-0.029738
0.053405
0.093988
0.045471
-0.038778
-0.100544
-0.140694
-0.123072
-0.071904
-0.041756
-0.000481
0.008504
-0.027403
-0.061583
-0.086369
-0.089663
-0.047366
-0.003041
0.047861
0.106384
0.149114
0.149900
0.138302
0.132112
0.131805
0.065320
-0.049129
-0.128313
-0.124617
-0.057290
0.030002
0.077742
0.049820
-0.000865
-0.082403
-0.122041
-0.125796
-0.100351
-0.052796
-0.007976
0.009946
0.001071
-0.042784
-0.085567
-0.092742
-0.071179
-0.026450
0.037159
0.086503
0.136999
0.163321
0.141178
0.130876
0.141624
0.080758
-0.015697
-0.096981
-0.132384
-0.075415
-0.002251
0.058805
0.076539
0.028029
-0.059834
-0.115711
-0.129928
-0.101381
-0.049948
-0.020567
-0.002125
-0.001049
-0.028805
-0.062235
-0.081904
-0.078494
-0.040030
0.019116
0.072323
0.123958
0.164045
0.148433
0.138293
0.136953
0.102356
0.018722
-0.060281
-0.127710
-0.099877
-0.033748
0.036873
0.080629
0.063323
-0.025119
-0.093592
-0.125985
-0.117070
-0.068445
-0.035685
-0.003306
0.018672
-0.003794
-0.051703
-0.079478
-0.094765
-0.059831
0.002729
0.064550
0.123917
0.169015
0.157540
0.129507
0.140034
0.132933
0.053269
-0.041395
-0.134966
-0.116726
-0.033446
0.043984
0.080068
0.064831
-0.008589
-0.078286
-0.114537
-0.119845
-0.075436
-0.037503
-0.009050
0.015472
0.001405
-0.039756
-0.066879
-0.084453
-0.066214
-0.016764
0.043188
0.104214
0.162553
0.166764
0.136782
0.130999
0.122215
0.071767
-0.008049
-0.091894
-0.099481
-0.049612
0.009343
0.056199
0.054242
0.008822
-0.053308
-0.088516
-0.101791
-0.077238
-0.052680
-0.027318
-0.006881
-0.001938
-0.024193
-0.051283
-0.069833
-0.060443
-0.029328
0.021742
0.071302
0.131626
0.170311
0.156789
0.137586
0.140851
0.098725
0.011027
-0.079790
-0.136209
-0.073965
0.006583
0.060236
0.067376
0.026655
-0.044403
-0.079907
-0.111969
-0.095548
-0.050197
-0.030172
-0.006672
0.004424
-0.022991
-0.044318
-0.067476
-0.077138
-0.035127
0.017020
0.076397
0.141636
0.173553
0.157373
0.130432
0.114954
0.094847
0.024560
-0.053418
-0.103578
-0.078180
-0.018428
0.042411
0.064947
0.039099
-0.030378
-0.087619
-0.104688
-0.092045
-0.050804
-0.029703
-0.016469
-0.006946
-0.018233
-0.046246
-0.061920
-0.068765
-0.040967
0.013411
0.066260
0.119153
0.163519
0.147842
0.130042
0.130776
0.104164
0.037603
-0.046223
-0.108325
-0.079420
-0.023418
0.029831
0.064451
0.040275
-0.016662
-0.076559
-0.103052
-0.095400
-0.055055
-0.037848
-0.016997
-0.006725
-0.012922
-0.034404
-0.058450
-0.073050
-0.046254
-0.001475
0.055267
0.109702
0.160650
0.159332
0.140273
0.132016
0.115205
0.040967
-0.056389
-0.109935
-0.111358
-0.022186
0.050753
0.070553
0.043909
-0.018302
-0.079973
-0.102000
-0.104837
-0.069108
-0.031744
-0.011832
0.000774
-0.010346
-0.047601
-0.064545
-0.069216
-0.051126
-0.002887
0.050582
0.102286
0.157871
0.175337
0.153224
0.141968
0.104551
0.028666
-0.045134
-0.114236
-0.098945
-0.025427
0.036102
0.070145
0.052892
-0.013005
-0.076663
-0.101599
-0.113852
-0.070675
-0.034585
-0.008148
0.000419
-0.018046
-0.047677
-0.063693
-0.071762
-0.054045
-0.003659
0.050769
0.105225
0.158076
0.168736
0.145426
0.139518
0.108103
0.027204
-0.052675
-0.123659
-0.101718
-0.021435
0.034027
0.074536
0.052686
-0.012180
-0.076147
-0.107190
-0.109952
-0.066822
-0.036697
-0.016836
0.001581
-0.014318
-0.045095
-0.064675
-0.075552
-0.051765
-0.001355
0.048642
0.099221
0.146199
0.167978
0.153248
0.135343
0.108081
0.016900
-0.057150
-0.111358
-0.094526
-0.018219
0.034138
0.060837
0.045070
-0.018804
-0.078610
-0.099399
-0.109413
-0.068398
-0.033848
-0.019837
-0.007942
-0.023021
-0.051682
-0.059075
-0.065986
-0.049020
-0.001874
0.047696
0.103957
0.158203
0.171230
0.150926
0.134529
0.091548
-0.011054
-0.080265
-0.124433
-0.076677
0.005042
0.041329
0.054325
0.031259
-0.033924
-0.090327
-0.106861
-0.107886
-0.057233
-0.024363
-0.017069
-0.008989
-0.028369
-0.056582
-0.063409
-0.065984
-0.038961
0.011764
0.050952
0.094563
0.145990
0.170571
0.150311
0.131629
0.078521
-0.023579
-0.086288
-0.127726
-0.078125
0.006549
0.042639
0.057632
0.029472
-0.039917
-0.091136
-0.119347
-0.114959
-0.055751
-0.019089
-0.013531
-0.017286
-0.043515
-0.066996
-0.070186
-0.067250
-0.031511
0.018805
0.061086
0.105101
0.148313
0.167866
0.149469
0.111193
0.054926
-0.036666
-0.098572
-0.112449
-0.065867
0.004535
0.045994
0.054354
0.020459
-0.049742
-0.112806
-0.127500
-0.099897
-0.046538
-0.017563
-0.018716
-0.025397
-0.039852
-0.057871
-0.065188
-0.064412
-0.036746
0.018551
0.068043
0.116990
0.162600
0.173508
0.145907
0.117276
0.030656
-0.068560
-0.127032
-0.128411
-0.044007
0.036108
0.064654
0.047281
0.003184
-0.076062
-0.118034
-0.125222
-0.100788
-0.044118
-0.013608
-0.009059
-0.016726
-0.045946
-0.074950
-0.082109
-0.069549
-0.025550
0.041081
0.090228
0.137982
0.173772
0.156141
0.126171
0.086695
-0.008948
-0.068230
-0.116370
-0.108212
-0.021432
0.029747
0.053650
0.046231
-0.024187
-0.090950
-0.114423
-0.129128
-0.081055
-0.027312
-0.017219
-0.011631
-0.033134
-0.068110
-0.067780
-0.069744
-0.053153
0.003385
0.052184
0.099771
0.150684
0.168422
0.151680
0.125135
0.069945
-0.026153
-0.107402
-0.134422
-0.094059
-0.002633
0.064788
0.070710
0.027072
-0.044621
-0.118471
-0.128367
-0.114177
-0.066583
-0.020899
-0.006486
-0.008308
-0.029621
-0.067530
-0.083372
-0.076747
-0.044880
0.016145
0.072970
0.121893
0.162559
0.169539
0.145715
0.111718
0.043948
-0.058457
-0.116444
-0.138005
-0.069697
0.034266
0.061198
0.059360
0.014073
-0.065232
-0.113425
-0.127817
-0.117536
-0.054707
-0.015719
-0.007797
-0.007297
-0.042977
-0.077939
-0.079492
-0.074252
-0.027766
0.041818
0.085573
0.137656
0.176290
0.165871
0.136666
0.097485
0.007516
-0.071160
-0.127092
-0.122460
-0.019920
0.038051
0.064544
0.049154
-0.008770
-0.090282
-0.116983
-0.123675
-0.086223
-0.034898
-0.022781
-0.005391
-0.017016
-0.053060
-0.077323
-0.077367
-0.059097
0.000758
0.052027
0.091980
0.152596
0.181959
0.171263
0.145464
0.087390
-0.015730
-0.105507
-0.149865
-0.109873
-0.014787
0.062768
0.088179
0.054282
-0.027882
-0.114224
-0.145233
-0.126696
-0.065550
-0.014076
0.002502
-0.002745
-0.033218
-0.073149
-0.084990
-0.070523
-0.033144
0.027116
0.071814
0.112294
0.165375
0.178955
0.150936
0.111638
0.044288
-0.051134
-0.102322
-0.128185
-0.063187
0.027557
0.064039
0.061203
0.017892
-0.061936
-0.116676
-0.119993
-0.105078
-0.046274
-0.012203
-0.008724
-0.005890
-0.037662
-0.075054
-0.074886
-0.067288
-0.022026
0.047390
0.097596
0.150299
0.189232
0.166236
0.145468
0.108170
0.012505
-0.067303
-0.133561
-0.134593
-0.027155
0.051421
0.076161
0.070274
-0.006878
-0.088198
-0.119274
-0.133184
-0.090688
-0.026792
-0.009735
0.005630
-0.005918
-0.050665
-0.065424
-0.071821
-0.061734
0.004890
0.063545
0.117306
0.180501
0.195381
0.167183
0.144430
0.070316
-0.030020
-0.107165
-0.148354
-0.080818
0.013529
0.057829
0.079321
0.052561
-0.030702
-0.097325
-0.137101
-0.129384
-0.058780
-0.012773
0.005283
0.007533
-0.024532
-0.062449
-0.076688
-0.076977
-0.034106
0.038322
0.090217
0.145580
0.197062
0.189975
0.153456
0.122778
0.027435
-0.065378
-0.122134
-0.125775
-0.042762
0.047285
0.075870
0.066936
0.021094
-0.073274
-0.115007
-0.131389
-0.101139
-0.031431
-0.003241
0.007085
-0.001402
-0.044738
-0.075889
-0.073693
-0.058078
-0.002630
0.064719
0.113426
0.173384
0.201115
0.174404
0.139022
0.074993
-0.023307
-0.100446
-0.137952
-0.094576
0.002889
0.073210
0.088998
0.052292
-0.028778
-0.101202
-0.130186
-0.123262
-0.068787
-0.014418
0.006073
0.002042
-0.021432
-0.063323
-0.077943
-0.070386
-0.037538
0.025354
0.086615
0.139419
0.187853
0.193949
0.165749
0.135190
0.044115
-0.057532
-0.131082
-0.139120
-0.066833
0.024860
0.083217
0.091886
0.042380
-0.056629
-0.127040
-0.145160
-0.111004
-0.040476
-0.001529
0.010409
0.005436
-0.040054
-0.075491
-0.084908
-0.071663
-0.009065
0.066634
0.121914
0.174524
0.195666
0.172408
0.151670
0.098549
-0.024089
-0.103294
-0.154750
-0.102682
0.007154
0.062968
0.085679
0.052767
-0.022454
-0.101257
-0.134574
-0.130250
-0.064962
-0.016294
0.001729
0.002842
-0.029225
-0.067989
-0.080046
-0.076575
-0.039198
0.029359
0.084638
0.137637
0.181717
0.189455
0.171407
0.135586
0.044238
-0.061357
-0.141256
-0.154694
-0.067298
0.029938
0.092895
0.093705
0.030275
-0.063949
-0.127481
-0.146422
-0.112451
-0.047335
-0.001783
0.017778
0.003979
-0.041607
-0.085016
-0.091870
-0.071797
-0.010750
0.061519
0.112429
0.154706
0.183075
0.174399
0.165217
0.117624
0.004211
-0.100953
-0.160561
-0.133133
-0.030403
0.061234
0.098647
0.084279
-0.006860
-0.105798
-0.141280
-0.138030
-0.082086
-0.016368
-0.000410
0.006969
-0.013351
-0.064124
-0.085777
-0.082179
-0.052455
0.022320
0.083506
0.123240
0.176062
0.182760
0.162176
0.149836
0.059686
-0.047226
-0.124652
-0.144874
-0.089215
0.011274
0.072440
0.082225
0.049653
-0.045938
-0.119261
-0.147997
-0.126071
-0.058999
-0.003473
0.008037
0.000096
-0.036310
-0.081247
-0.086495
-0.068529
-0.020560
0.051006
0.099075
0.143716
0.192038
0.186159
0.175173
0.123596
0.000636
-0.095953
-0.160412
-0.134450
-0.032893
0.041242
0.087287
0.085716
0.014906
-0.081563
-0.135556
-0.160651
-0.106920
-0.033455
0.001529
0.016719
-0.006018
-0.054859
-0.080762
-0.089511
-0.067370
0.004231
0.074735
0.132012
0.186096
0.199113
0.177985
0.151538
0.065842
-0.047933
-0.134626
-0.171393
-0.099711
0.021501
0.095789
0.100654
0.043560
-0.049238
-0.121252
-0.147859
-0.130367
-0.064506
-0.012792
0.010926
0.009215
-0.031495
-0.073828
-0.089710
-0.080406
-0.033481
0.038687
0.095682
0.148215
0.192645
0.197975
0.183013
0.123308
-0.013637
-0.116701
-0.165014
-0.131795
-0.012989
0.057271
0.082356
0.061314
-0.008347
-0.087582
-0.131178
-0.142202
-0.098666
-0.028587
0.002031
0.004734
-0.020649
-0.067596
-0.087800
-0.081495
-0.050951
0.014756
0.079342
0.126480
0.184140
0.214035
0.195857
0.153871
0.039949
-0.088984
-0.162590
-0.170827
-0.066423
0.035076
0.091322
0.094902
0.032393
-0.053243
-0.134072
-0.160007
-0.133090
-0.055997
0.000107
0.014897
0.007381
-0.038866
-0.082282
-0.094043
-0.080225
-0.025464
0.055337
0.113449
0.163937
0.209111
0.202407
0.173401
0.090513
-0.037991
-0.141290
-0.173912
-0.119330
-0.012896
0.080855
0.101896
0.068197
-0.015631
-0.111228
-0.158501
-0.145467
-0.086317
-0.017397
0.011721
0.004388
-0.021094
-0.071120
-0.097199
-0.084336
-0.042717
0.028202
0.092822
0.140160
0.196247
0.213025
0.195808
0.135378
0.002977
-0.119541
-0.176212
-0.149240
-0.049738
0.058940
0.100615
0.082833
0.016786
-0.081229
-0.149809
-0.157510
-0.113111
-0.033742
0.015710
0.017048
-0.008388
-0.058970
-0.096958
-0.094682
-0.065386
-0.005667
0.071931
0.131770
0.185720
0.221244
0.198428
0.163685
0.059320
-0.079040
-0.161531
-0.182937
-0.096569
0.018447
0.093544
0.107537
0.065067
-0.033314
-0.135261
-0.173829
-0.156320
-0.065811
0.005746
0.025664
0.015523
-0.033280
-0.083225
-0.097081
-0.088819
-0.035806
0.049830
0.115774
0.169231
0.211862
0.206556
0.185417
0.099770
-0.040328
-0.138535
-0.179707
-0.116988
-0.000066
0.079128
0.100776
0.063775
-0.019227
-0.105741
-0.155233
-0.149219
-0.086379
-0.020037
0.011489
0.015139
-0.021451
-0.064224
-0.093078
-0.094416
-0.054342
0.025242
0.100629
0.157828
0.206094
0.220835
0.219327
0.146712
-0.002774
-0.130348
-0.207759
-0.148168
-0.025668
0.068275
0.108741
0.084855
0.007409
-0.078282
-0.142405
-0.169659
-0.112626
-0.039244
0.017911
0.041822
0.002193
-0.058221
-0.098447
-0.111131
-0.070536
0.009255
0.081352
0.144527
0.193611
0.218436
0.218273
0.179490
0.047068
-0.096043
-0.193566
-0.192812
-0.062437
0.046003
0.110749
0.105406
0.034727
-0.062910
-0.135966
-0.172125
-0.129108
-0.049941
-0.004881
0.029611
0.008090
-0.041654
-0.080164
-0.103727
-0.081875
-0.008500
0.063152
0.125396
0.183793
0.216805
0.216191
0.199596
0.083037
-0.056389
-0.163156
-0.199263
-0.108357
0.009967
0.087312
0.112348
0.067740
-0.025888
-0.116645
-0.176145
-0.150853
-0.075627
-0.006141
0.030059
0.024860
-0.026041
-0.076321
-0.106131
-0.098412
-0.039413
0.045610
0.120001
0.185917
0.225601
0.220944
0.199152
0.115554
-0.035857
-0.148817
-0.201576
-0.141536
0.001687
0.084931
0.114708
0.079395
-0.013695
-0.107860
-0.162754
-0.166424
-0.098874
-0.015059
0.026903
0.033317
-0.007929
-0.075415
-0.108587
-0.104704
-0.057583
0.033379
0.114789
0.181866
0.234461
0.230130
0.211369
0.136824
-0.018919
-0.138576
-0.204156
-0.167810
-0.014660
0.083835
0.105175
0.086373
-0.008566
-0.099791
-0.152693
-0.168464
-0.107626
-0.026682
0.015601
0.027462
-0.009213
-0.070177
-0.093750
-0.097986
-0.059729
0.014193
0.098108
0.167960
0.232504
0.240818
0.229963
0.160123
0.000462
-0.140656
-0.217463
-0.179907
-0.039628
0.068876
0.108885
0.106291
0.017227
-0.083101
-0.160034
-0.186366
-0.132308
-0.042263
0.016561
0.047389
0.018488
-0.055811
-0.105624
-0.124263
-0.087522
0.004401
0.099937
0.175373
0.238289
0.238588
0.220592
0.164305
0.008984
-0.133967
-0.224277
-0.199801
-0.049859
0.083221
0.123508
0.108694
0.013045
-0.094075
-0.168074
-0.187708
-0.128781
-0.031757
0.018947
0.034027
0.009610
-0.060964
-0.103102
-0.114932
-0.087610
0.002874
0.096232
0.167650
0.236789
0.254831
0.237181
0.177941
-0.000391
-0.149385
-0.224021
-0.194884
-0.043631
0.066235
0.125312
0.116319
0.031952
-0.081212
-0.173408
-0.201154
-0.139127
-0.042255
0.026967
0.052959
0.016909
-0.050949
-0.105909
-0.127848
-0.091345
-0.005191
0.090298
0.163968
0.225577
0.244915
0.229002
0.186825
0.031648
-0.129810
-0.224895
-0.218254
-0.068474
0.066333
0.129787
0.122833
0.033338
-0.080275
-0.162185
-0.189807
-0.142819
-0.043367
0.021832
0.048568
0.022729
-0.047808
-0.102036
-0.125181
-0.096594
-0.009220
0.094145
0.174185
0.236893
0.249817
0.229761
0.174531
0.020733
-0.134667
-0.230801
-0.194993
-0.057994
0.068116
0.130748
0.111100
0.027835
-0.075049
-0.162480
-0.194309
-0.135568
-0.046152
0.026437
0.052844
0.016327
-0.049646
-0.100446
-0.123341
-0.085807
-0.003219
0.082924
0.151138
0.224420
0.259108
0.255226
0.190251
0.017769
-0.140188
-0.239260
-0.201002
-0.057895
0.068119
0.122952
0.121438
0.043341
-0.065703
-0.165492
-0.210073
-0.148644
-0.047202
0.032033
0.053278
0.019867
-0.045440
-0.095653
-0.127843
-0.098937
-0.012979
0.086615
0.164006
0.222364
0.247452
0.251032
0.201189
0.030414
-0.134334
-0.252868
-0.222043
-0.064546
0.078380
0.147051
0.121786
0.030410
-0.074286
-0.159396
-0.201719
-0.148190
-0.053230
0.025373
0.053896
0.022963
-0.046137
-0.099293
-0.120018
-0.092330
-0.021184
0.073771
0.150864
0.225438
0.259545
0.252630
0.194251
0.029664
-0.127037
-0.236362
-0.202704
-0.072221
0.058538
0.138374
0.124434
0.037906
-0.066612
-0.172602
-0.204201
-0.144346
-0.053887
0.023174
0.055945
0.024489
-0.035521
-0.098181
-0.134496
-0.103453
-0.021881
0.076743
0.165282
0.232006
0.256707
0.244443
0.203369
0.042291
-0.130993
-0.231851
-0.233506
-0.080404
0.067877
0.132486
0.121253
0.043635
-0.064402
-0.147792
-0.198664
-0.164185
-0.057605
0.017478
0.049681
0.034414
-0.035632
-0.095035
-0.118899
-0.111211
-0.034620
0.069762
0.149198
0.227642
0.261352
0.254157
0.208881
0.045736
-0.135822
-0.231905
-0.222079
-0.083041
0.072350
0.135996
0.125648
0.044593
-0.082865
-0.174385
-0.200638
-0.151254
-0.048660
0.026630
0.052364
0.036286
-0.033130
-0.103413
-0.132247
-0.112180
-0.029161
0.085875
0.163791
0.228573
0.251696
0.240854
0.202997
0.051302
-0.118368
-0.231571
-0.221459
-0.075135
0.068681
0.125011
0.119189
0.036912
-0.072425
-0.151794
-0.200960
-0.150904
-0.051831
0.014699
0.047831
0.027564
-0.035464
-0.088492
-0.118206
-0.110237
-0.033799
0.065496
0.156818
0.235646
0.251611
0.241138
0.209320
0.069832
-0.089177
-0.214324
-0.240479
-0.111399
0.057169
0.139721
0.136203
0.048115
-0.068650
-0.154712
-0.202250
-0.155952
-0.061244
0.016583
0.063172
0.045482
-0.031257
-0.100035
-0.135900
-0.114976
-0.026163
0.075542
0.160936
0.230768
0.244007
0.243419
0.224686
0.081623
-0.094327
-0.235865
-0.253813
-0.100982
0.071085
0.142631
0.133537
0.038108
-0.075852
-0.154521
-0.193810
-0.154303
-0.060478
0.014559
0.048924
0.039148
-0.030228
-0.091105
-0.122518
-0.111639
-0.035249
0.066810
0.146146
0.227600
0.261379
0.241707
0.206523
0.070019
-0.102622
-0.198752
-0.216290
-0.105907
0.042943
0.116973
0.121026
0.058159
-0.067023
-0.164873
-0.190801
-0.148990
-0.057465
0.019044
0.037375
0.032421
-0.025584
-0.092651
-0.123869
-0.113102
-0.045000
0.063527
0.152718
0.222522
0.239530
0.212895
0.196361
0.108669
-0.049108
-0.177529
-0.230251
-0.133645
0.012433
0.105555
0.113381
0.057539
-0.044157
-0.136771
-0.182109
-0.159748
-0.084278
-0.006605
0.037144
0.029219
-0.022404
-0.087185
-0.123110
-0.109701
-0.048189
0.047964
0.134238
0.210475
0.247906
0.237239
0.217700
0.126107
-0.042361
-0.188531
-0.240050
-0.151089
-0.000552
0.105592
0.132410
0.081372
-0.027259
-0.140599
-0.195915
-0.174129
-0.095998
-0.008390
0.044321
0.040936
-0.011026
-0.080721
-0.126658
-0.120307
-0.062229
0.032703
0.127247
0.206669
0.239161
0.228608
0.219544
0.140480
-0.029276
-0.162863
-0.228371
-0.158486
-0.014097
0.085093
0.118111
0.080959
-0.022410
-0.127748
-0.185629
-0.168767
-0.099074
-0.019858
0.026066
0.035826
-0.001462
-0.073816
-0.121393
-0.121075
-0.063080
0.034622
0.122437
0.190363
0.223616
0.220090
0.214935
0.153552
0.004136
-0.148730
-0.233312
-0.174663
-0.011298
0.078019
0.113866
0.079267
-0.013288
-0.111426
-0.177598
-0.181834
-0.108449
-0.023938
0.023658
0.035491
-0.005372
-0.064984
-0.108493
-0.121062
-0.078722
0.012210
0.101831
0.183006
0.240368
0.230056
0.221389
0.151955
0.011367
-0.114537
-0.212275
-0.193786
-0.047938
0.063298
0.106553
0.098904
0.000329
-0.094391
-0.159651
-0.184925
-0.126828
-0.040715
0.014271
0.043341
0.009840
-0.060280
-0.102700
-0.121880
-0.089255
0.001068
0.092904
0.173435
0.238880
0.232962
0.203556
0.159269
0.045604
-0.091000
-0.202070
-0.212807
-0.083339
0.064414
0.124743
0.109937
0.016704
-0.089054
-0.162720
-0.182798
-0.133661
-0.050708
0.015467
0.041266
0.018348
-0.042908
-0.103385
-0.126676
-0.093422
-0.008189
0.087437
0.166565
0.231034
0.239895
0.223869
0.177256
0.051245
-0.098880
-0.204043
-0.196911
-0.085110
0.057847
0.113286
0.102219
0.032028
-0.073278
-0.158236
-0.183471
-0.137850
-0.056292
0.014924
0.040621
0.022206
-0.035564
-0.096623
-0.120602
-0.097588
-0.021350
0.068271
0.148181
0.220758
0.248654
0.230063
0.207701
0.075965
-0.100609
-0.198509
-0.211761
-0.091629
0.048526
0.115268
0.113376
0.055495
-0.054223
-0.149282
-0.194026
-0.158744
-0.062059
0.019868
0.045052
0.028248
-0.029902
-0.090322
-0.119157
-0.105915
-0.039911
0.064665
0.149049
0.219213
0.241992
0.219295
0.196774
0.098268
-0.053464
-0.171335
-0.212579
-0.118168
0.027757
0.098853
0.120429
0.059138
-0.047761
-0.126594
-0.174159
-0.152135
-0.070687
-0.006542
0.031596
0.036542
-0.021584
-0.074442
-0.111739
-0.109343
-0.045598
0.050692
0.133286
0.204750
0.239171
0.223737
0.219516
0.125658
-0.038344
-0.171961
-0.219350
-0.138412
0.008865
0.117762
0.127166
0.066729
-0.031202
-0.124366
-0.180522
-0.156374
-0.083729
-0.009557
0.046195
0.037824
-0.009272
-0.068738
-0.119837
-0.112142
-0.052560
0.028990
0.120802
0.194799
0.231287
0.227558
0.217120
0.143636
0.006432
-0.128364
-0.207020
-0.157630
-0.021292
0.089853
0.122012
0.085911
-0.007388
-0.103373
-0.163884
-0.158301
-0.093310
-0.024966
0.022111
0.034301
0.000253
-0.057202
-0.106324
-0.115406
-0.068496
0.014983
0.103694
0.178060
0.232154
0.228301
0.221104
0.166303
0.030909
-0.104338
-0.194135
-0.174219
-0.048244
0.062573
0.119020
0.106295
0.021290
-0.085333
-0.165575
-0.168473
-0.108975
-0.027913
0.024418
0.040334
0.013317
-0.048080
-0.106293
-0.122495
-0.079158
0.002198
0.098866
0.159241
0.206214
0.217490
0.209376
0.197894
0.091920
-0.060882
-0.173352
-0.196293
-0.083233
0.043133
0.106665
0.105882
0.037519
-0.058267
-0.137038
-0.159431
-0.125001
-0.049035
0.000170
0.026841
0.023256
-0.024431
-0.073859
-0.110466
-0.099145
-0.031520
0.061981
0.135966
0.204005
0.227453
0.210728
0.207783
0.124308
-0.013986
-0.139759
-0.208225
-0.140554
0.012765
0.089016
0.111472
0.071581
-0.031485
-0.113796
-0.157383
-0.147032
-0.069938
-0.006304
0.015349
0.022440
-0.024228
-0.074190
-0.092248
-0.090934
-0.045307
0.038344
0.107006
0.179868
0.225589
0.207028
0.204494
0.145270
0.010758
-0.100813
-0.179208
-0.147518
-0.021008
0.060135
0.094878
0.074104
-0.012327
-0.091817
-0.139909
-0.146873
-0.091768
-0.029994
0.006383
0.026812
-0.006092
-0.063545
-0.094969
-0.106161
-0.070026
0.007578
0.091533
0.167616
0.228287
0.227788
0.199944
0.158545
0.037202
-0.081371
-0.163500
-0.169129
-0.054171
0.041705
0.094602
0.087522
0.019406
-0.072541
-0.146115
-0.159098
-0.113768
-0.041496
0.000001
0.018013
0.002540
-0.041882
-0.085618
-0.104943
-0.084430
-0.020833
0.060609
0.129558
0.195460
0.224548
0.207125
0.180099
0.096058
-0.038210
-0.148691
-0.190591
-0.105579
0.011292
0.086016
0.095133
0.037312
-0.043587
-0.123965
-0.152141
-0.131776
-0.077237
-0.013888
0.018170
0.014565
-0.029233
-0.083805
-0.112773
-0.100149
-0.042449
0.042911
0.117993
0.179509
0.214722
0.201525
0.186119
0.130974
0.000407
-0.123880
-0.194270
-0.147731
-0.018266
0.068617
0.095083
0.054888
-0.018063
-0.102682
-0.151614
-0.148169
-0.096418
-0.031901
0.009886
0.018836
-0.016831
-0.070644
-0.114722
-0.115702
-0.065042
0.014121
0.094445
0.161890
0.218607
0.218538
0.197508
0.145521
0.018391
-0.093809
-0.178769
-0.167529
-0.050842
0.042558
0.085647
0.077855
0.006508
-0.083886
-0.146705
-0.168944
-0.119088
-0.043105
0.002003
0.015335
-0.007205
-0.058806
-0.093304
-0.107761
-0.084163
-0.017146
0.066368
0.130953
0.197094
0.207368
0.182236
0.161839
0.084656
-0.028264
-0.138755
-0.191972
-0.130016
-0.001474
0.088065
0.097842
0.037607
-0.059921
-0.132392
-0.160210
-0.127577
-0.070369
-0.019588
0.008365
0.001356
-0.037469
-0.087897
-0.113625
-0.098305
-0.039502
0.040229
0.114683
0.176609
0.207986
0.190947
0.172366
0.116242
-0.003193
-0.116171
-0.182741
-0.141593
-0.023249
0.065707
0.084800
0.056121
-0.022430
-0.109166
-0.148016
-0.149331
-0.093367
-0.032118
-0.002150
0.003684
-0.024735
-0.071267
-0.099473
-0.097930
-0.067368
0.007042
0.079445
0.139840
0.200303
0.214288
0.194991
0.166482
0.038887
-0.099167
-0.174871
-0.176087
-0.060860
0.038745
0.088092
0.077060
0.015177
-0.080310
-0.149184
-0.155712
-0.116775
-0.048923
-0.009799
0.007188
-0.006116
-0.047033
-0.094577
-0.111641
-0.085817
-0.018045
0.065328
0.130882
0.186317
0.217235
0.200501
0.182427
0.087819
-0.054361
-0.157482
-0.199682
-0.111585
0.005713
0.088153
0.109683
0.057285
-0.047059
-0.135556
-0.171410
-0.145687
-0.070041
-0.010117
0.021020
0.014763
-0.034193
-0.085649
-0.115497
-0.102182
-0.038585
0.049911
0.115842
0.174931
0.211530
0.201973
0.190387
0.117477
-0.014953
-0.130156
-0.198148
-0.147928
-0.013217
0.081852
0.101812
0.063956
-0.025683
-0.106764
-0.155860
-0.152700
-0.095703
-0.030633
0.014024
0.018411
-0.015603
-0.071093
-0.108129
-0.103960
-0.056370
0.021082
0.101121
0.156988
0.206675
0.209693
0.193678
0.154815
0.033506
-0.096122
-0.193332
-0.177510
-0.048921
0.070056
0.107258
0.073734
-0.005977
-0.085752
-0.132568
-0.149286
-0.113374
-0.047388
0.001862
0.021693
0.002063
-0.059909
-0.100302
-0.107633
-0.074589
0.000111
0.078314
0.133658
0.193447
0.224965
0.211385
0.178283
0.074876
-0.071555
-0.182706
-0.192804
-0.095415
0.037603
0.110639
0.102809
0.043737
-0.059619
-0.142368
-0.168040
-0.132708
-0.063427
0.003476
0.029882
0.018343
-0.025275
-0.087947
