0.164104
0.182476
0.204870
0.238976
0.239437
0.193949
0.091632
-0.076121
-0.230256
-0.296342
-0.266059
-0.137131
0.001772
0.099128
0.118489
0.060195
-0.032732
-0.122243
-0.179083
-0.182971
-0.152719
-0.089367
-0.026549
0.019182
0.023293
-0.009446
-0.054953
-0.077072
-0.054386
0.012837
0.082299
0.133386
0.157815
0.176631
0.203408
0.235878
0.251207
0.213364
0.117234
-0.047860
-0.210530
-0.294827
-0.277166
-0.160218
-0.016351
0.092020
0.125049
0.078215
-0.011846
-0.105422
-0.173501
-0.190732
-0.164132
-0.100298
-0.029046
0.023141
0.029907
-0.002663
-0.050725
-0.074221
-0.055872
0.007245
0.076538
0.132116
0.160963
0.176817
0.197051
0.234105
0.257822
0.226873
0.130123
-0.034749
-0.210672
-0.296476
-0.279327
-0.162142
-0.015681
0.089983
0.125050
0.077415
-0.009843
-0.101802
-0.168827
-0.188173
-0.163922
-0.100186
-0.026581
0.027997
0.038154
0.002308
-0.047142
-0.075092
-0.054072
0.013423
0.085388
0.142997
0.169748
0.184540
0.209198
0.238583
0.252068
0.215623
0.118517
-0.047112
-0.214073
-0.294587
-0.272750
-0.148689
-0.003571
0.101830
0.128144
0.075123
-0.015408
-0.104740
-0.165432
-0.176422
-0.151511
-0.089617
-0.024812
0.024481
0.033258
0.001578
-0.043360
-0.070026
-0.052057
0.010972
0.080931
0.140042
0.164752
0.179640
0.208413
0.244670
0.269486
0.233411
0.135889
-0.033606
-0.205955
-0.292856
-0.275526
-0.160780
-0.013791
0.094644
0.134891
0.091673
0.000938
-0.094574
-0.167920
-0.186903
-0.162984
-0.097308
-0.019897
0.033043
0.042914
0.007744
-0.039499
-0.064523
-0.046826
0.015964
0.083126
0.142981
0.176206
0.193681
0.213199
0.244587
0.258720
0.227466
0.128581
-0.045770
-0.221734
-0.304309
-0.278161
-0.140072
0.011312
0.117945
0.138073
0.080347
-0.012086
-0.101493
-0.160052
-0.173647
-0.147968
-0.086292
-0.016627
0.033164
0.037337
0.002196
-0.047234
-0.072215
-0.051725
0.016022
0.090771
0.144685
0.169257
0.175125
0.201872
0.239416
0.270422
0.236545
0.141906
-0.018000
-0.191793
-0.280413
-0.266225
-0.161553
-0.018966
0.084248
0.127239
0.090407
0.009983
-0.080220
-0.154660
-0.181390
-0.161707
-0.098469
-0.025019
0.029890
0.041573
0.013286
-0.031199
-0.056164
-0.044227
0.011545
0.076385
0.135485
0.170199
0.186517
0.209298
0.239103
0.261513
0.225993
0.137801
-0.020697
-0.198176
-0.286868
-0.277328
-0.159117
-0.009127
0.099204
0.134221
0.083694
-0.004251
-0.091155
-0.156789
-0.172960
-0.155969
-0.099351
-0.032678
0.021614
0.036945
0.010232
-0.036304
-0.063426
-0.051628
0.007690
0.076854
0.133759
0.162846
0.178651
0.207396
0.240125
0.258533
0.224969
0.130410
-0.027100
-0.199353
-0.287916
-0.271499
-0.157947
-0.010281
0.093835
0.126142
0.078347
-0.008857
-0.097943
-0.161433
-0.178350
-0.155982
-0.100524
-0.029933
0.019851
0.035665
0.003699
-0.042958
-0.068442
-0.049936
0.016003
0.086571
0.140151
0.166906
0.180288
0.203925
0.245337
0.267616
0.227379
0.118280
-0.062628
-0.235065
-0.308928
-0.276824
-0.142832
0.002692
0.105737
0.130361
0.075283
-0.013762
-0.106690
-0.171223
-0.186129
-0.160350
-0.090225
-0.021329
0.029625
0.030966
-0.007569
-0.057004
-0.082139
-0.057310
0.012226
0.086056
0.141573
0.169515
0.182290
0.201910
0.234138
0.255923
0.220241
0.117105
-0.060574
-0.236770
-0.313080
-0.279452
-0.142485
0.005845
0.105415
0.121790
0.064374
-0.024969
-0.111704
-0.171864
-0.188638
-0.164704
-0.101035
-0.026881
0.028064
0.035204
-0.004059
-0.055000
-0.077126
-0.046931
0.025861
0.095690
0.143028
0.163306
0.188248
0.210426
0.242033
0.248719
0.198544
0.085553
-0.105597
-0.264368
-0.326555
-0.272293
-0.118939
0.030786
0.124846
0.126620
0.051822
-0.046589
-0.132608
-0.180953
-0.179114
-0.146326
-0.078893
-0.018708
0.023432
0.017216
-0.022130
-0.067166
-0.081280
-0.047395
0.025876
0.094655
0.143471
0.155167
0.171581
0.194129
0.234373
0.255785
0.203569
0.092542
-0.102178
-0.254633
-0.315118
-0.260717
-0.125459
0.014670
0.099131
0.112599
0.049448
-0.033106
-0.123437
-0.178352
-0.194607
-0.162971
-0.094640
-0.020865
0.027197
0.026873
-0.012816
-0.058258
-0.076505
-0.044688
0.024370
0.094094
0.147886
0.168512
0.186463
0.209389
0.242934
0.240983
0.186002
0.044650
-0.147650
-0.289043
-0.325163
-0.236180
-0.082535
0.054747
0.122556
0.103531
0.025846
-0.065701
-0.141811
-0.179556
-0.181123
-0.140176
-0.076150
-0.011406
0.023628
0.011875
-0.030443
-0.072991
-0.080148
-0.038677
0.033157
0.099025
0.139535
0.159421
0.178409
0.210614
0.238697
0.226869
0.165935
0.046958
-0.122935
-0.252770
-0.294975
-0.236577
-0.104594
0.022466
0.100515
0.099114
0.033310
-0.053242
-0.136573
-0.181673
-0.185791
-0.150061
-0.083273
-0.019396
0.019236
0.014575
-0.022157
-0.060053
-0.072369
-0.034427
0.030691
0.097766
0.144044
0.169504
0.189929
0.219846
0.248141
0.239117
0.168379
0.022404
-0.175098
-0.300287
-0.328332
-0.228494
-0.071192
0.063674
0.128403
0.101995
0.018484
-0.074890
-0.153753
-0.187003
-0.180660
-0.133787
-0.065842
-0.007120
0.023436
0.006061
-0.037285
-0.079255
-0.081370
-0.035028
0.040950
0.108482
0.147934
0.166302
0.185669
0.219424
0.247644
0.228598
0.154770
0.011340
-0.171032
-0.286560
-0.303287
-0.211150
-0.064526
0.057593
0.116253
0.090057
0.014087
-0.075797
-0.151171
-0.188495
-0.185914
-0.138662
-0.066594
-0.000120
0.030687
0.014924
-0.033572
-0.070290
-0.074381
-0.024478
0.046167
0.112796
0.152268
0.179349
0.199403
0.229102
0.244436
0.213530
0.130196
-0.022966
-0.197442
-0.297183
-0.294905
-0.186779
-0.036078
0.076424
0.123399
0.081224
-0.000745
-0.092745
-0.158675
-0.183821
-0.167364
-0.114774
-0.047414
0.003504
0.021783
-0.004889
-0.045883
-0.077703
-0.068104
-0.016278
0.055388
0.113376
0.149239
0.163511
0.185785
0.215110
0.247011
0.230287
0.160552
0.010321
-0.179190
-0.292556
-0.310785
-0.207415
-0.057891
0.067939
0.124586
0.094492
0.013164
-0.078075
-0.155495
-0.187780
-0.181655
-0.128066
-0.056564
0.009833
0.037591
0.013519
-0.035374
-0.076233
-0.070734
-0.013214
0.060940
0.124767
0.160222
0.177262
0.198098
0.232352
0.256530
0.231937
0.137382
-0.042763
-0.226835
-0.324701
-0.301207
-0.167053
-0.007467
0.105282
0.133870
0.077500
-0.012113
-0.104144
-0.164469
-0.182393
-0.162270
-0.103557
-0.034837
0.018427
0.029924
-0.004063
-0.049987
-0.079007
-0.058484
0.003448
0.076079
0.126960
0.157405
0.174171
0.202159
0.238113
0.260667
0.226074
0.129614
-0.046151
-0.221276
-0.309897
-0.287823
-0.159910
-0.010205
0.099661
0.131270
0.083759
-0.005720
-0.098677
-0.164817
-0.184772
-0.163590
-0.104285
-0.034218
0.020064
0.032880
-0.000589
-0.047259
-0.077671
-0.059724
0.000923
0.075464
0.130608
0.163492
0.181170
0.204123
0.234929
0.247191
0.218049
0.132791
-0.029926
-0.203786
-0.298380
-0.290415
-0.167787
-0.018884
0.098006
0.131534
0.085629
-0.001623
-0.090016
-0.153540
-0.174640
-0.158117
-0.105106
-0.039165
0.013879
0.029608
0.003581
-0.041901
-0.072488
-0.061794
-0.005854
0.067890
0.124457
0.157850
0.171642
0.199724
0.234489
0.258380
0.233529
0.147538
-0.013489
-0.195421
-0.292587
-0.293155
-0.176758
-0.030937
0.088521
0.131172
0.096330
0.012890
-0.075927
-0.150194
-0.177818
-0.169360
-0.115157
-0.045746
0.014841
0.039446
0.014961
-0.028774
-0.065572
-0.060360
-0.007157
0.063806
0.125930
0.160337
0.182120
0.209431
0.246154
0.277270
0.245286
0.152797
-0.033165
-0.220012
-0.322422
-0.306959
-0.173187
-0.010625
0.111605
0.151063
0.101842
0.011014
-0.087095
-0.159177
-0.186983
-0.169008
-0.105158
-0.028343
0.032240
0.044456
0.009358
-0.045538
-0.081226
-0.070055
-0.013770
0.063322
0.123243
0.158502
0.175143
0.192619
0.226084
0.263463
0.255100
0.181464
0.028151
-0.164780
-0.282981
-0.299703
-0.200809
-0.052098
0.071476
0.131063
0.109089
0.032509
-0.054164
-0.135560
-0.176696
-0.178991
-0.131347
-0.055967
0.014155
0.049380
0.029518
-0.018050
-0.062409
-0.065019
-0.018342
0.054549
0.119938
0.162673
0.185746
0.208381
0.240120
0.271106
0.242516
0.167026
0.002595
-0.181753
-0.291477
-0.299422
-0.187681
-0.033506
0.091197
0.144810
0.109047
0.023255
-0.069093
-0.144815
-0.173422
-0.166464
-0.114232
-0.044793
0.015572
0.042118
0.021380
-0.025791
-0.066366
-0.073516
-0.026624
0.046133
0.114749
0.157683
0.181172
0.200083
0.225675
0.260107
0.254757
0.192510
0.054135
-0.133390
-0.267893
-0.299475
-0.220926
-0.072402
0.058975
0.131302
0.121025
0.048207
-0.044996
-0.127987
-0.176495
-0.177018
-0.139501
-0.065633
0.002221
0.045828
0.038782
-0.007142
-0.055463
-0.072867
-0.036238
0.039571
0.109856
0.160435
0.186043
0.210652
0.234257
0.267323
0.261672
0.200398
0.050713
-0.152889
-0.289088
-0.326383
-0.225418
-0.063924
0.078428
0.148684
0.126883
0.047664
-0.047724
-0.133774
-0.179495
-0.181818
-0.137338
-0.062240
0.010888
0.046300
0.029128
-0.023395
-0.072264
-0.080673
-0.041265
0.029518
0.095123
0.137586
0.166160
0.185527
0.221503
0.256020
0.264166
0.211705
0.097938
-0.085689
-0.239413
-0.302844
-0.255309
-0.118662
0.023112
0.118472
0.131272
0.070338
-0.020864
-0.112245
-0.174536
-0.190495
-0.165215
-0.094685
-0.020580
0.039602
0.042249
0.003917
-0.054289
-0.079385
-0.055801
0.013712
0.083456
0.143019
0.168684
0.191101
0.216396
0.258188
0.275783
0.233982
0.112336
-0.093448
-0.267134
-0.346580
-0.289532
-0.131469
0.033377
0.139985
0.149750
0.075077
-0.026338
-0.123617
-0.179866
-0.189721
-0.156667
-0.088120
-0.015415
0.035693
0.038837
-0.004091
-0.060576
-0.092126
-0.068023
-0.001103
0.079109
0.136722
0.168040
0.179538
0.203231
0.239683
0.261304
0.222198
0.135548
-0.043150
-0.216094
-0.307075
-0.290905
-0.162198
-0.013099
0.098882
0.131730
0.083611
-0.004705
-0.097303
-0.168807
-0.190604
-0.176461
-0.112962
-0.039817
0.023323
0.036763
0.007205
-0.046779
-0.078932
-0.067333
-0.005395
0.069171
0.133051
0.163967
0.179434
0.198042
0.240164
0.269856
0.240732
0.142176
-0.050681
-0.238797
-0.329990
-0.303372
-0.158377
-0.002332
0.111739
0.136290
0.080464
-0.012070
-0.102684
-0.172821
-0.192282
-0.175095
-0.109521
-0.034102
0.022380
0.033152
-0.004799
-0.057043
-0.088667
-0.073086
-0.013259
0.061166
0.121502
0.156400
0.171515
0.197733
0.227157
0.263000
0.234524
0.152098
-0.007219
-0.198631
-0.295004
-0.303840
-0.190329
-0.042873
0.075572
0.124986
0.092074
0.006398
-0.081803
-0.165655
-0.193772
-0.188145
-0.125635
-0.052649
0.014216
0.033058
0.010445
-0.040256
-0.074550
-0.071525
-0.015546
0.056344
0.122732
0.161013
0.183149
0.207284
0.242778
0.266479
0.240406
0.146853
-0.040827
-0.231905
-0.332037
-0.314884
-0.170949
-0.010173
0.111465
0.139341
0.084908
-0.009247
-0.099322
-0.166903
-0.187458
-0.175807
-0.118085
-0.047139
0.014491
0.032442
0.004755
-0.049239
-0.083820
-0.079456
-0.024557
0.048786
0.114666
0.151203
0.172201
0.192988
0.228325
0.258787
0.237895
0.162407
0.015757
-0.173459
-0.284931
-0.306351
-0.212067
-0.062992
0.060701
0.124932
0.100941
0.021288
-0.070745
-0.156938
-0.193958
-0.191472
-0.135748
-0.059857
0.007203
0.036767
0.015670
-0.031403
-0.072341
-0.072418
-0.022364
0.049317
0.112329
0.152257
0.175482
0.203059
0.237732
0.266088
0.240083
0.157537
-0.004657
-0.194880
-0.307130
-0.318089
-0.205191
-0.049073
0.083142
0.137568
0.103764
0.014166
-0.082902
-0.163343
-0.191776
-0.181118
-0.123581
-0.051521
0.010736
0.032271
0.009049
-0.041977
-0.079617
-0.080077
-0.025952
0.049031
0.114940
0.149678
0.169900
0.186529
0.219983
0.256897
0.253857
0.175854
0.037548
-0.157157
-0.280661
-0.304557
-0.219356
-0.072409
0.053026
0.118332
0.104736
0.029632
-0.057676
-0.141150
-0.186095
-0.187870
-0.144871
-0.069149
-0.000471
0.036631
0.022414
-0.023322
-0.066967
-0.072308
-0.029074
0.040730
0.104303
0.152353
0.176913
0.203970
0.235201
0.266585
0.255960
0.186976
0.029108
-0.175810
-0.307231
-0.339172
-0.229783
-0.066444
0.081652
0.147904
0.119804
0.030468
-0.069670
-0.153012
-0.187890
-0.182807
-0.134584
-0.061883
0.004862
0.038949
0.020518
-0.028201
-0.074589
-0.083858
-0.039392
0.033702
0.107433
0.151102
0.177554
0.192342
0.222226
0.255868
0.252963
0.189866
0.052593
-0.144777
-0.282106
-0.322464
-0.241028
-0.087478
0.052359
0.129406
0.118019
0.039576
-0.055000
-0.143585
-0.188638
-0.189826
-0.145827
-0.074189
-0.003035
0.038352
0.030657
-0.016231
-0.064659
-0.078962
-0.039410
0.035960
0.107837
0.161461
0.186881
0.205549
0.232116
0.259348
0.253882
0.188677
0.030862
-0.175766
-0.308592
-0.335984
-0.221543
-0.057050
0.085348
0.144227
0.111858
0.025367
-0.067943
-0.147405
-0.181996
-0.181999
-0.133986
-0.065796
0.002269
0.036598
0.021564
-0.027717
-0.071324
-0.080457
-0.034377
0.036949
0.107357
0.149874
0.171381
0.190917
0.226123
0.264703
0.264479
0.193458
0.055190
-0.146192
-0.284241
-0.320581
-0.238989
-0.082942
0.054090
0.131586
0.121784
0.045893
-0.049400
-0.136027
-0.187332
-0.188468
-0.146425
-0.070035
0.002432
0.040236
0.027331
-0.022209
-0.070240
-0.081727
-0.039888
0.037086
0.105778
0.151858
0.177686
0.196601
0.221906
0.252621
0.251205
0.196168
0.057249
-0.138227
-0.279336
-0.319675
-0.231170
-0.076498
0.062986
0.133204
0.114739
0.037750
-0.051064
-0.129032
-0.170164
-0.177203
-0.139420
-0.076367
-0.008041
0.031456
0.025061
-0.017415
-0.062382
-0.074060
-0.038316
0.028037
0.094162
0.140268
0.166075
0.187294
0.218943
0.259154
0.264134
0.212485
0.085663
-0.107888
-0.261885
-0.320825
-0.260448
-0.112429
0.032059
0.127339
0.131995
0.066523
-0.029537
-0.122364
-0.182015
-0.189710
-0.153188
-0.079825
-0.007078
0.039328
0.035002
-0.005231
-0.057167
-0.077442
-0.051884
0.018623
0.095802
0.153809
0.185005
0.202381
0.223652
0.255791
0.259394
0.207416
0.080324
-0.122481
-0.274948
-0.332550
-0.253104
-0.093510
0.056871
0.139923
0.127333
0.049733
-0.044705
-0.126361
-0.171220
-0.176531
-0.146300
-0.078661
-0.011204
0.038086
0.033624
-0.009626
-0.066558
-0.089058
-0.059018
0.019439
0.096192
0.148571
0.166992
0.182160
0.208183
0.242524
0.258964
0.209769
0.110445
-0.078270
-0.235774
-0.305432
-0.261728
-0.124791
0.018822
0.110163
0.125150
0.065140
-0.019648
-0.105564
-0.165103
-0.182355
-0.159821
-0.097884
-0.024812
0.027847
0.036720
-0.001393
-0.052925
-0.081783
-0.061273
0.008823
0.085975
0.142352
0.169077
0.186503
0.210102
0.243754
0.260237
0.223320
0.113590
-0.072569
-0.240811
-0.316873
-0.274992
-0.133073
0.013137
0.115417
0.127964
0.073706
-0.016479
-0.100969
-0.163955
-0.181685
-0.163562
-0.102202
-0.030806
0.024290
0.033194
-0.001988
-0.054213
-0.081655
-0.063600
-0.001861
0.068294
0.122558
0.154326
0.172544
0.193758
0.234946
0.252706
0.231056
0.139875
-0.010240
-0.184400
-0.277027
-0.280582
-0.179439
-0.043981
0.067831
0.115444
0.087914
0.013659
-0.072944
-0.148455
-0.183722
-0.176169
-0.124709
-0.049801
0.011055
0.033567
0.011646
-0.032846
-0.065382
-0.060315
-0.011297
0.058213
0.118107
0.160161
0.187613
0.212238
0.239684
0.254464
0.222405
0.133081
-0.033486
-0.210652
-0.304400
-0.296672
-0.170788
-0.021085
0.098366
0.133715
0.088092
-0.001606
-0.091168
-0.160104
-0.182498
-0.168087
-0.110674
-0.041678
0.015546
0.033489
0.006455
-0.041679
-0.078860
-0.073615
-0.020781
0.054312
0.122632
0.157966
0.179320
0.195505
0.227555
0.255816
0.228627
0.152393
-0.002619
-0.182626
-0.282031
-0.291027
-0.185596
-0.043226
0.070823
0.122016
0.093196
0.017698
-0.069206
-0.148718
-0.184390
-0.179164
-0.127130
-0.053806
0.007985
0.033411
0.012738
-0.031929
-0.069711
-0.072214
-0.029006
0.039038
0.107987
0.155510
0.182919
0.201382
0.225760
0.246065
0.231526
0.160991
0.024117
-0.158867
-0.277164
-0.299244
-0.207379
-0.058408
0.064078
0.122858
0.095630
0.020202
-0.065948
-0.136239
-0.174617
-0.170836
-0.132479
-0.063671
-0.004019
0.028091
0.014304
-0.027865
-0.066413
-0.072313
-0.032166
0.039073
0.103210
0.150824
0.169476
0.191401
0.214063
0.248599
0.240382
0.180106
0.045108
-0.137700
-0.270433
-0.301535
-0.220623
-0.074908
0.052660
0.117562
0.101737
0.031039
-0.052262
-0.127838
-0.170231
-0.176022
-0.138678
-0.074893
-0.007066
0.030860
0.023867
-0.022407
-0.068785
-0.079355
-0.038626
0.038032
0.104272
0.148982
0.166396
0.184125
0.217047
0.249824
0.247296
0.184940
0.061931
-0.117983
-0.248068
-0.291483
-0.228231
-0.096457
0.029370
0.105668
0.108302
0.050699
-0.031679
-0.113972
-0.168211
-0.178533
-0.146796
-0.080978
-0.015366
0.026994
0.025414
-0.011309
-0.056649
-0.077267
-0.052448
0.014018
0.087193
0.142953
0.164723
0.180766
0.205030
0.240589
0.258387
0.214890
0.105710
-0.081372
-0.239614
-0.308813
-0.260357
-0.123998
0.016860
0.106162
0.117788
0.061069
-0.020183
-0.101455
-0.160765
-0.179907
-0.165738
-0.101383
-0.028060
0.034082
0.041250
0.002137
-0.052912
-0.080324
-0.054698
0.015785
0.090063
0.140701
0.165423
0.185984
0.209687
0.249402
0.257586
0.208216
0.092566
-0.086475
-0.239087
-0.296450
-0.248627
-0.115468
0.017267
0.103588
0.114384
0.060621
-0.021247
-0.101289
-0.159240
-0.175478
-0.151331
-0.093563
-0.027901
0.018807
0.027020
-0.003732
-0.048078
-0.073277
-0.058095
-0.002398
0.068135
0.121762
0.153858
0.171810
0.197147
0.226517
0.256358
0.236131
0.147181
-0.007499
-0.189921
-0.282877
-0.280024
-0.170298
-0.030986
0.076682
0.116166
0.086836
0.009583
-0.069042
-0.142388
-0.177949
-0.175226
-0.126655
-0.053759
0.012901
0.036160
0.015060
-0.035695
-0.068044
-0.064004
-0.011363
0.058273
0.116005
0.154952
0.174220
0.198903
0.235626
0.258058
0.235604
0.164665
-0.000383
-0.178282
-0.292952
-0.301367
-0.189067
-0.041501
0.082351
0.129930
0.096077
0.016720
-0.072008
-0.143609
-0.178191
-0.172762
-0.126554
-0.057263
0.006080
0.034857
0.017555
-0.029455
-0.072133
-0.076428
-0.032585
0.042049
0.110030
0.153322
0.174157
0.195588
0.221553
0.248641
0.242248
0.177586
0.045835
-0.147142
-0.270957
-0.312221
-0.216856
-0.073386
0.065373
0.125597
0.111288
0.030361
-0.054705
-0.136404
-0.173419
-0.177829
-0.137889
-0.073299
-0.003934
0.034362
0.026829
-0.019918
-0.067420
-0.079998
-0.040996
0.029557
0.098480
0.142529
0.169593
0.184152
0.212329
0.251197
0.258461
0.204434
0.068637
-0.125972
-0.271843
-0.316030
-0.238773
-0.091474
0.042135
0.116856
0.110856
0.048204
-0.034130
-0.115123
-0.168857
-0.184639
-0.154509
-0.087716
-0.011444
0.036377
0.034198
-0.012310
-0.071073
-0.089742
-0.057137
0.018927
0.091438
0.137329
0.158027
0.169670
0.200518
0.237743
0.256091
0.204950
0.101828
-0.070932
-0.226873
-0.289998
-0.259395
-0.132545
-0.003599
0.092279
0.112493
0.067160
-0.015264
-0.097496
-0.165429
-0.183150
-0.164651
-0.102303
-0.030691
0.021195
0.030270
-0.004988
-0.052195
-0.076556
-0.061143
-0.001092
0.065825
0.123091
0.156214
0.177444
0.202027
0.231733
0.252589
0.219603
0.125205
-0.043309
-0.216894
-0.302491
-0.284081
-0.157020
-0.013605
0.094784
0.120505
0.078378
-0.004419
-0.087119
-0.158977
-0.185088
-0.177765
-0.116674
-0.045226
0.017704
0.033935
0.005011
-0.047926
-0.084714
-0.079364
-0.027397
0.043882
0.103748
0.138147
0.159206
0.179768
0.212483
0.241764
0.232065
0.156165
0.026779
-0.145991
-0.255318
-0.277077
-0.199097
-0.071207
0.039142
0.098152
0.091858
0.023631
-0.059390
-0.142452
-0.187679
-0.197301
-0.155401
-0.084198
-0.009288
0.029363
0.020516
-0.026494
-0.071033
-0.079109
-0.037311
0.034733
0.102375
0.151350
0.175686
0.202333
0.238139
0.274287
0.265740
0.192827
0.038448
-0.165602
-0.300936
-0.334384
-0.238564
-0.081765
0.057255
0.127579
0.110435
0.031777
-0.059655
-0.144506
-0.189308
-0.195338
-0.153574
-0.079071
-0.005115
0.034088
0.019292
-0.030878
-0.079346
-0.086526
-0.045610
0.029312
0.098822
0.142455
0.165076
0.185285
0.220048
0.262133
0.268820
0.216312
0.089828
-0.100461
-0.254736
-0.311904
-0.259691
-0.119832
0.013893
0.103740
0.111604
0.055704
-0.029187
-0.114624
-0.176110
-0.192634
-0.171804
-0.102365
-0.028148
0.030668
0.034042
-0.006098
-0.058795
-0.084338
-0.060653
0.006557
0.081868
0.142467
0.172769
0.191847
0.212973
0.240919
0.262562
0.223879
0.129459
-0.042933
-0.214380
-0.300513
-0.281453
-0.160773
-0.018650
0.084378
0.116604
0.074135
-0.005169
-0.089004
-0.160532
-0.185844
-0.175521
-0.118471
-0.045130
0.015093
0.034092
0.007928
-0.041254
-0.074591
-0.069865
-0.015008
0.060175
0.126673
0.169776
0.193059
0.212033
0.230106
0.254410
0.237758
0.165129
0.023310
-0.164217
-0.278885
-0.297684
-0.199503
-0.052196
0.067701
0.119185
0.089743
0.010941
-0.069945
-0.143187
-0.177410
-0.179367
-0.135292
-0.062066
0.008422
0.045302
0.024102
-0.029495
-0.078792
-0.080720
-0.027537
0.056437
0.126125
0.166380
0.179290
0.201191
0.223727
0.262690
0.252940
0.184319
0.047770
-0.136612
-0.262772
-0.287036
-0.209864
-0.068935
0.046473
0.108013
0.094330
0.029691
-0.046211
-0.120545
-0.167013
-0.176520
-0.144057
-0.077902
-0.010700
0.029344
0.022518
-0.018830
-0.061398
-0.071827
-0.035572
0.035708
0.100717
0.147539
0.169473
0.191092
0.217113
0.251634
0.258596
0.209112
0.103986
-0.063556
-0.214065
-0.279615
-0.247869
-0.128232
0.000132
0.088721
0.106809
0.058783
-0.016882
-0.097656
-0.157277
-0.180892
-0.160679
-0.102447
-0.029230
0.026680
0.038427
0.004199
-0.047775
-0.075296
-0.055155
0.007499
0.081245
0.143193
0.174838
0.194329
0.216244
0.238214
0.252672
0.218197
0.133601
-0.017577
-0.182596
-0.270094
-0.269149
-0.165617
-0.031755
0.073549
0.112617
0.075569
0.001388
-0.080954
-0.147919
-0.175396
-0.165963
-0.115584
-0.046796
0.015090
0.038998
0.016835
-0.038447
-0.074765
-0.071350
-0.007709
0.069379
0.134286
0.164939
0.180929
0.192848
0.218065
0.245339
0.239928
0.166470
0.029650
-0.144107
-0.260199
-0.274204
-0.192498
-0.058482
0.047924
0.099809
0.079490
0.017266
-0.061948
-0.132270
-0.176162
-0.176960
-0.134519
-0.060434
0.006701
0.042086
0.020619
-0.025976
-0.071419
-0.068156
-0.019370
0.059935
0.122757
0.162079
0.176848
0.199917
0.225270
0.255895
0.229990
0.147840
0.020217
-0.141183
-0.239758
-0.254077
-0.187907
-0.070209
0.025893
0.082608
0.076597
0.024045
-0.046970
-0.122306
-0.171214
-0.177767
-0.140225
-0.068535
-0.004577
0.029152
0.013736
-0.026331
-0.061264
-0.062301
-0.021508
0.043211
0.104401
0.151567
0.177007
0.194899
0.220724
0.238986
0.223623
0.160864
0.055864
-0.102178
-0.220222
-0.268075
-0.220562
-0.104042
0.011382
0.084805
0.088823
0.032809
-0.043756
-0.121345
-0.169047
-0.176685
-0.145759
-0.081894
-0.020945
0.021504
0.019447
-0.011748
-0.053059
-0.066627
-0.037271
0.032159
0.099948
0.150826
0.172575
0.194406
0.213330
0.240388
0.236781
0.178565
0.066990
-0.102518
-0.230219
-0.279560
-0.226982
-0.104515
0.014811
0.086801
0.089340
0.033375
-0.039673
-0.115308
-0.162584
-0.174874
-0.149286
-0.090590
-0.026243
0.017676
0.019595
-0.012838
-0.050662
-0.063844
-0.033821
0.028089
0.090396
0.142037
0.168402
0.189143
0.205354
0.220547
0.222345
0.178440
0.083715
-0.061244
-0.203543
-0.261891
-0.235385
-0.124944
-0.009169
0.067261
0.079691
0.035011
-0.034469
-0.103068
-0.153936
-0.171986
-0.155928
-0.100841
-0.035978
0.017599
0.025631
-0.006168
-0.051857
-0.069972
-0.039193
0.028445
0.096957
0.141861
0.165121
0.180281
0.199513
0.228058
0.227430
0.187902
0.086325
-0.067592
-0.208829
-0.273578
-0.246386
-0.137812
-0.019421
0.068097
0.088444
0.048496
-0.022121
-0.100531
-0.157874
-0.180241
-0.158005
-0.102332
-0.035702
0.011536
0.018323
-0.009407
-0.048138
-0.065034
-0.040189
0.019866
0.085520
0.135216
0.158816
0.176698
0.200110
0.227835
0.238520
0.185409
0.088086
-0.059604
-0.195604
-0.251791
-0.228513
-0.132627
-0.025559
0.048185
0.072929
0.039998
-0.019170
-0.092377
-0.152431
-0.177476
-0.163240
-0.107153
-0.038971
0.009914
0.021388
-0.007269
-0.042381
-0.060368
-0.034613
0.024788
0.086873
0.138301
0.164734
0.183345
0.204430
0.224122
0.228547
0.183496
0.089030
-0.060024
-0.200296
-0.261170
-0.236751
-0.131801
-0.019437
0.059249
0.076421
0.040355
-0.024064
-0.094317
-0.149985
-0.172580
-0.156684
-0.105947
-0.042435
0.006930
0.019049
-0.003486
-0.043481
-0.063904
-0.043669
0.017162
0.082727
0.136105
0.166717
0.187174
0.204838
0.226680
0.231843
0.189947
0.103092
-0.048726
-0.197916
-0.272595
-0.257755
-0.148897
-0.022949
0.069912
0.093421
0.051616
-0.022202
-0.100225
-0.158658
-0.180948
-0.164273
-0.107431
-0.039833
0.015355
0.025745
-0.000986
-0.043707
-0.064363
-0.042057
0.020630
0.088550
0.145157
0.170789
0.189069
0.208574
0.231065
0.235477
0.193820
0.096403
-0.067643
-0.215346
-0.288872
-0.255401
-0.137161
-0.006619
0.080452
0.094981
0.048158
-0.025044
-0.101609
-0.154563
-0.176402
-0.162231
-0.109476
-0.040912
0.019263
0.032731
0.000053
-0.049978
-0.078031
-0.051079
0.019079
0.096872
0.146918
0.172513
0.185845
0.203523
0.227390
0.239667
0.193317
0.102454
-0.054627
-0.207897
-0.277818
-0.261162
-0.146710
-0.021318
0.072497
0.098103
0.056796
-0.017796
-0.098604
-0.161151
-0.183408
-0.167492
-0.107413
-0.036020
0.020837
0.033588
0.003573
-0.042023
-0.069278
-0.048691
0.013509
0.088994
0.149574
0.185020
0.196562
0.215417
0.241814
0.249744
0.205672
0.089639
-0.088272
-0.246143
-0.301686
-0.255856
-0.116266
0.011455
0.096827
0.105446
0.056333
-0.032938
-0.112810
-0.177303
-0.193823
-0.177615
-0.109354
-0.038021
0.025727
0.033319
-0.000287
-0.054047
-0.076790
-0.051424
0.024406
0.102252
0.165132
0.190693
0.212048
0.237670
0.277789
0.284020
0.229194
0.111983
-0.080748
-0.249937
-0.325071
-0.287043
-0.150606
-0.003599
0.098724
0.122343
0.070045
-0.015920
-0.110609
-0.180448
-0.206167
-0.184136
-0.115213
-0.036805
0.024863
0.037575
0.005688
-0.041936
-0.070309
-0.049496
0.017359
0.097791
0.163236
0.200028
0.222578
0.247046
0.276525
0.279749
0.227969
0.104756
-0.095473
-0.266826
-0.336684
-0.281881
-0.128811
0.022706
0.118253
0.122324
0.058359
-0.030298
-0.116389
-0.175038
-0.193331
-0.171688
-0.109056
-0.035544
0.023960
0.032358
-0.001564
-0.053774
-0.079737
-0.053854
0.019811
0.101743
0.161886
0.188365
0.212158
0.238519
0.281241
0.293974
0.242363
0.123563
-0.073823
-0.250528
-0.326070
-0.286554
-0.146004
0.001929
0.101222
0.124064
0.070993
-0.010747
-0.102506
-0.171423
-0.199334
-0.183933
-0.120647
-0.040197
0.024030
0.040822
0.007164
-0.042799
-0.073843
-0.051961
0.015369
0.093652
0.152786
0.191158
0.215569
0.240950
0.272937
0.293342
0.261004
0.152250
-0.050714
-0.247128
-0.353336
-0.323973
-0.173644
-0.004778
0.117507
0.142378
0.087528
-0.007270
-0.100551
-0.171445
-0.200756
-0.191106
-0.129653
-0.052346
0.023565
0.045941
0.017060
-0.043738
-0.085260
-0.072000
0.001951
0.091636
0.158184
0.186254
0.204715
0.235608
0.281097
0.310523
0.265780
0.149299
-0.049890
-0.247472
-0.332388
-0.309634
-0.166907
-0.018057
0.095467
0.124979
0.087405
0.001650
-0.084749
-0.169900
-0.205868
-0.200900
-0.135671
-0.051806
0.020837
0.035504
0.005504
-0.050049
-0.077297
-0.068695
-0.005970
0.066433
0.132197
0.173002
0.205981
0.242424
0.286644
0.315616
0.277665
0.176919
-0.022093
-0.227700
-0.346612
-0.344754
-0.209456
-0.043194
0.096696
0.145193
0.112041
0.016456
-0.082395
-0.171574
-0.210062
-0.205338
-0.145542
-0.065178
0.008826
0.034216
0.011900
-0.043296
-0.080190
-0.075141
-0.017405
0.062862
0.130350
0.173864
0.199489
0.226949
0.272939
0.307869
0.282537
0.187420
0.000843
-0.230261
-0.367897
-0.373337
-0.233555
-0.054863
0.088829
0.144798
0.111941
0.022726
-0.076101
-0.168703
-0.222187
-0.231568
-0.180536
-0.090591
0.003107
0.047651
0.027434
-0.036235
-0.088683
-0.091271
-0.030640
0.060248
0.138504
0.188714
0.216986
0.245764
0.289270
0.335227
0.319264
0.229348
0.030397
-0.211962
-0.367283
-0.392973
-0.265861
-0.081588
0.078662
0.152849
0.131653
0.041505
-0.068836
-0.172318
-0.230896
-0.237074
-0.179306
-0.086763
0.003644
0.043034
0.022392
-0.039893
-0.089885
-0.094702
-0.039389
0.047232
0.124550
0.171649
0.207681
0.241230
0.282860
0.322130
0.312507
0.236595
0.069888
-0.170809
-0.329694
-0.390525
-0.286725
-0.115473
0.051491
0.139140
0.132372
0.045266
-0.052373
-0.157776
-0.211604
-0.230863
-0.189763
-0.112547
-0.024691
0.031586
0.031476
-0.019150
-0.076822
-0.101750
-0.057935
0.030329
0.123551
0.183331
0.210827
0.236175
0.264741
0.319316
0.329119
0.265948
0.091148
-0.162269
-0.353232
-0.412452
-0.312000
-0.122768
0.050143
0.142887
0.137405
0.059945
-0.038149
-0.143906
-0.214449
-0.248773
-0.215255
-0.129788
-0.026508
0.045851
0.043429
-0.014898
-0.085338
-0.111013
-0.072228
0.013919
0.104239
0.160897
0.200373
0.230648
0.277032
0.310220
0.320059
0.259976
0.121785
-0.102705
-0.299171
-0.392704
-0.339455
-0.174937
0.004241
0.128537
0.148512
0.081536
-0.026499
-0.132808
-0.210299
-0.235440
-0.208977
-0.137810
-0.050112
0.018818
0.034013
-0.002176
-0.062134
-0.094529
-0.073716
0.001484
0.094181
0.165637
0.210376
0.236267
0.269825
0.315617
0.332914
0.282724
0.142662
-0.100921
-0.309325
-0.411078
-0.353542
-0.177185
0.009053
0.136924
0.157936
0.092493
-0.015653
-0.124245
-0.207870
-0.240328
-0.221111
-0.144501
-0.046656
0.032656
0.046570
0.006103
-0.062753
-0.102820
-0.090032
-0.019633
0.074333
0.151485
0.203399
0.230883
0.267875
0.300878
0.337132
0.301163
0.187461
-0.042064
-0.274728
-0.400353
-0.377848
-0.209522
-0.018179
0.127687
0.161440
0.112035
0.005614
-0.100581
-0.192362
-0.238925
-0.232382
-0.165881
-0.066307
0.026452
0.056163
0.023374
-0.052273
-0.101579
-0.098104
-0.026913
0.070909
0.151730
0.195280
0.223399
0.260374
0.307182
0.348633
0.313053
0.202810
-0.023178
-0.259993
-0.381864
-0.375460
-0.212673
-0.037133
0.109488
0.149967
0.116455
0.023314
-0.073641
-0.175919
-0.228589
-0.238950
-0.173374
-0.079469
0.016844
0.051197
0.027985
-0.040807
-0.092392
-0.102946
-0.051900
0.029301
0.117030
0.181847
0.226761
0.260799
0.297703
0.327923
0.323568
0.234167
0.079607
-0.167090
-0.333686
-0.394747
-0.295344
-0.113272
0.061727
0.157413
0.153499
0.066247
-0.043037
-0.149468
-0.218550
-0.234765
-0.197572
-0.111220
-0.017564
0.044989
0.045601
-0.007153
-0.072911
-0.101903
-0.070520
0.014879
0.103095
0.170492
0.214164
0.248248
0.288971
0.333630
0.353530
0.281658
0.134475
-0.119953
-0.319232
-0.406595
-0.331175
-0.148303
0.035069
0.152150
0.164606
0.095640
-0.012412
-0.120606
-0.205583
-0.238908
-0.216602
-0.134307
-0.034266
0.047908
0.060024
0.014329
-0.061720
-0.106035
-0.094968
-0.023944
0.071363
0.152894
0.205740
0.240724
0.274336
0.313996
0.346724
0.321218
0.221571
-0.013122
-0.257026
-0.408183
-0.399533
-0.227695
-0.024386
0.136374
0.178374
0.129179
0.025055
-0.082200
-0.177370
-0.228143
-0.234546
-0.176344
-0.080241
0.018897
0.060315
0.038885
-0.036120
-0.093364
-0.108357
-0.052609
0.032331
0.120277
0.175983
0.217225
0.253219
0.303760
0.339552
0.339687
0.246742
0.080184
-0.175087
-0.337568
-0.396768
-0.285857
-0.108304
0.066973
0.155592
0.151975
0.071494
-0.034712
-0.144961
-0.220839
-0.245991
-0.201784
-0.110926
-0.005864
0.051141
0.049261
-0.010427
-0.076112
-0.107704
-0.084238
-0.013674
0.076198
0.152011
0.208648
0.245711
0.280894
0.319812
0.350565
0.296839
0.178926
-0.067678
-0.288053
-0.401740
-0.360571
-0.182597
0.003658
0.139915
0.164118
0.108592
0.009136
-0.096216
-0.191128
-0.238886
-0.236020
-0.157637
-0.052436
0.041348
0.060474
0.019551
-0.059189
-0.104941
-0.106643
-0.047534
0.031690
0.114778
0.167634
0.214411
0.247394
0.294078
0.319332
0.330465
0.260605
0.108317
-0.147480
-0.334783
-0.412601
-0.312707
-0.121798
0.061797
0.163049
0.154643
0.075658
-0.033695
-0.137460
-0.213312
-0.243492
-0.214693
-0.128183
-0.019221
0.056539
0.060300
-0.001694
-0.079786
-0.115227
-0.088487
-0.013368
0.069223
0.137933
0.184091
0.218101
0.260477
0.300713
0.346294
0.319276
0.207587
-0.007537
-0.258750
-0.389398
-0.391316
-0.227518
-0.040811
0.116774
0.161081
0.127802
0.029871
-0.069858
-0.174234
-0.236090
-0.252448
-0.188906
-0.085240
0.028165
0.072272
0.047381
-0.036659
-0.098331
-0.115495
-0.067203
0.005572
0.089710
0.155384
0.199123
0.227833
0.255796
0.276775
0.288285
0.251714
0.158896
-0.016546
-0.220157
-0.330845
-0.337720
-0.204855
-0.044829
0.088804
0.128899
0.093146
0.005223
-0.088021
-0.173853
-0.218374
-0.222109
-0.163840
-0.073468
0.010298
0.046629
0.023437
-0.039139
-0.090437
-0.102442
-0.062745
0.007724
0.088557
0.149873
0.196347
0.226367
0.263263
0.293866
0.309056
0.264554
0.150577
-0.060739
-0.264040
-0.368941
-0.340592
-0.184330
-0.011132
0.117638
0.143632
0.090756
-0.009955
-0.112305
-0.198450
-0.237677
-0.228388
-0.155698
-0.058091
0.032007
0.058822
0.025684
-0.052162
-0.103210
-0.109050
-0.046082
0.033592
0.119121
0.168946
0.206314
0.230417
0.267845
0.297105
0.303712
0.238366
0.085253
-0.143656
-0.315295
-0.372780
-0.286674
-0.115702
0.039491
0.127374
0.117656
0.050604
-0.047511
-0.142891
-0.214122
-0.239187
-0.203551
-0.119040
-0.020498
0.041142
0.039723
-0.013382
-0.076463
-0.103071
-0.083447
-0.026093
0.047944
0.122724
0.176445
0.221872
0.250834
0.284931
0.304870
0.289068
0.198993
0.024980
-0.200569
-0.345333
-0.372706
-0.250591
-0.071589
0.081746
0.144448
0.112125
0.025027
-0.075492
-0.164163
-0.222179
-0.234177
-0.189000
-0.096356
-0.001950
0.050646
0.038677
-0.021354
-0.086252
-0.112579
-0.083129
-0.008597
0.079557
0.148641
0.192980
0.226083
0.254424
0.299099
0.318061
0.278016
0.162853
-0.048508
-0.260944
-0.369688
-0.349495
-0.194470
-0.023583
0.109327
0.141908
0.096706
0.001530
-0.099418
-0.188649
-0.234160
-0.228998
-0.157735
-0.061502
0.029607
0.053018
0.023628
-0.049191
-0.096952
-0.105207
-0.054047
0.016787
0.099920
0.160055
0.209277
0.238839
0.282949
0.303390
0.320027
0.249486
0.117523
-0.115449
-0.306861
-0.389649
-0.322598
-0.147682
0.030789
0.141213
0.146532
0.076361
-0.033076
-0.133198
-0.212674
-0.235411
-0.214660
-0.131977
-0.033809
0.044289
0.064158
0.018774
-0.058066
-0.108888
-0.105484
-0.037872
0.053461
0.143095
0.195856
0.227828
0.252793
0.287869
0.327847
0.307722
0.210467
0.017687
-0.229038
-0.360058
-0.376847
-0.229872
-0.049718
0.099695
0.148674
0.116170
0.024945
-0.071743
-0.168470
-0.223125
-0.235822
-0.177444
-0.081026
0.024369
0.067946
0.046581
-0.032653
-0.098215
-0.117884
-0.068602
0.008994
0.098447
0.156461
0.205492
0.231208
0.272916
0.309440
0.331346
0.284047
0.158344
-0.068893
-0.284770
-0.381780
-0.342316
-0.162732
0.011905
0.140684
0.150775
0.094493
-0.013514
-0.109932
-0.194053
-0.223845
-0.214278
-0.137553
-0.045099
0.042107
0.059731
0.024951
-0.049939
-0.095191
-0.100066
-0.041564
0.035972
0.125806
0.181887
0.224134
0.253183
0.292621
0.322794
0.322156
0.235521
0.079965
-0.164614
-0.327705
-0.383868
-0.280951
-0.098918
0.067793
0.154987
0.140867
0.058760
-0.047588
-0.149124
-0.216049
-0.232333
-0.190371
-0.101248
-0.005585
0.051928
0.047690
-0.003466
-0.067368
-0.098345
-0.082570
-0.013865
0.069813
0.151019
0.199402
0.239293
0.272965
0.304474
0.331928
0.303023
0.188347
-0.029625
-0.271124
-0.397677
-0.375603
-0.198283
0.001000
0.145733
0.168209
0.107669
-0.004205
-0.105417
-0.190587
-0.229364
-0.222962
-0.155167
-0.054939
0.037289
0.066211
0.030500
-0.048523
-0.101260
-0.104892
-0.046586
0.031185
0.113018
0.170301
0.208485
0.240818
0.277735
0.314182
0.323189
0.248488
0.114642
-0.127324
-0.305229
-0.385178
-0.305609
-0.131858
0.042571
0.141677
0.144903
0.069288
-0.032549
-0.134956
-0.208923
-0.235392
-0.202475
-0.117628
-0.016797
0.045804
0.050605
-0.005436
-0.069217
-0.100463
-0.076186
-0.006174
0.070683
0.135948
0.184195
0.214706
0.252748
0.285384
0.323229
0.304141
0.213551
0.025997
-0.219478
-0.351651
-0.378006
-0.230082
-0.053475
0.102764
0.150946
0.117209
0.020295
-0.075495
-0.170781
-0.215551
-0.223539
-0.164702
-0.076446
0.018623
0.059519
0.042049
-0.027597
-0.088726
-0.110517
-0.059144
0.021955
0.113008
0.168964
0.207014
0.224391
0.270618
0.302862
0.340821
0.273320
0.149291
-0.095154
-0.297931
-0.388792
-0.328966
-0.152331
0.026372
0.139793
0.150665
0.086030
-0.017900
-0.117712
-0.202065
-0.228727
-0.208682
-0.128886
-0.030370
0.042260
0.054367
0.008676
-0.061095
-0.098222
-0.089654
-0.024503
0.054236
0.131959
0.187095
0.219598
0.256315
0.286374
0.314594
0.310507
0.221767
0.057715
-0.189521
-0.345997
-0.388023
-0.261662
-0.075815
0.095723
0.159202
0.135278
0.032933
-0.068803
-0.165750
-0.216155
-0.225829
-0.179074
-0.094428
0.001955
0.055189
0.051225
-0.013695
-0.081167
-0.112581
-0.074857
0.006324
0.099438
0.167483
0.209824
0.236751
0.276349
0.307215
0.328953
0.268286
0.138766
-0.101634
-0.304008
-0.393899
-0.333112
-0.150569
0.029651
0.146061
0.151879
0.083322
-0.026205
-0.128449
-0.210024
-0.236698
-0.210840
-0.127908
-0.028552
0.044682
0.051658
0.008477
-0.064150
-0.099585
-0.094588
-0.029954
0.053481
0.134590
0.187932
0.220355
0.251894
0.289343
0.315739
0.297327
0.201671
0.026791
-0.213184
-0.342782
-0.370973
-0.229006
-0.056855
0.098548
0.144859
0.114126
0.017692
-0.077244
-0.171329
-0.220281
-0.229976
-0.176744
-0.088762
0.007725
0.052655
0.039742
-0.028723
-0.090870
-0.111421
-0.070081
0.011185
0.097227
0.161209
0.199338
0.224236
0.259031
0.285650
0.317686
0.273599
0.162834
-0.064481
-0.281778
-0.387151
-0.348253
-0.171393
0.009856
0.134590
0.145039
0.083392
-0.021737
-0.116744
-0.196556
-0.227568
-0.211621
-0.137706
-0.043284
0.034220
0.048656
0.006744
-0.064701
-0.105411
-0.093151
-0.030834
0.048336
0.117505
0.170922
0.204201
0.237117
0.275851
0.310984
0.311566
0.226825
0.074303
-0.169960
-0.326807
-0.384086
-0.275810
-0.102395
0.065091
0.142565
0.131206
0.043754
-0.059423
-0.159567
-0.219616
-0.231483
-0.186611
-0.098960
-0.004938
0.051405
0.045962
-0.013393
-0.078941
-0.107711
-0.076963
0.000156
0.087367
0.161314
0.205021
0.228107
0.259294
0.291222
0.314144
0.285618
0.163650
-0.057220
-0.282938
-0.386736
-0.349484
-0.169509
0.009466
0.136673
0.143766
0.084157
-0.021135
-0.115549
-0.194958
-0.225082
-0.213809
-0.139397
-0.041671
0.042106
0.056492
0.013017
-0.063496
-0.107077
-0.098823
-0.036124
0.047043
0.126652
0.179072
0.216128
0.247196
0.279860
0.315513
0.307256
0.225079
0.060739
-0.180742
-0.331567
-0.376719
-0.258916
-0.080471
0.077374
0.147223
0.122891
0.033155
-0.067877
-0.161699
-0.215665
-0.224521
-0.180611
-0.094626
-0.002235
0.054253
0.043857
-0.017794
-0.083968
-0.109134
-0.069280
0.013482
0.105217
0.170776
0.201616
0.229420
0.262161
0.300401
0.316690
0.277962
0.156402
-0.077471
-0.292118
-0.400242
-0.342558
-0.161185
0.030830
0.147774
0.153183
0.076225
-0.030551
-0.128848
-0.198512
-0.226123
-0.206151
-0.134627
-0.037455
0.040845
0.061406
0.016746
-0.057957
-0.104947
-0.095731
-0.024082
0.064952
0.147273
0.192381
0.219418
0.251854
0.280571
0.307531
0.290803
0.215144
0.033741
-0.198120
-0.353353
-0.379222
-0.245669
-0.058567
0.100188
0.155255
0.116920
0.017416
-0.086471
-0.174270
-0.218215
-0.215340
-0.161545
-0.077493
0.009352
0.046815
0.031906
-0.028433
-0.083286
-0.094542
-0.052410
0.025149
0.105783
0.164017
0.204608
0.243023
0.276472
0.308188
0.306536
0.242380
0.114157
-0.109776
-0.288035
-0.365319
-0.304470
-0.139213
0.022571
0.125186
0.132265
0.067964
-0.030406
-0.129983
-0.202893
-0.226014
-0.195974
-0.119048
-0.027208
0.037977
0.048762
0.003690
-0.060000
-0.099415
-0.085328
-0.023251
0.064029
0.141024
0.197642
0.229100
0.257443
0.274457
0.297282
0.273547
0.208110
0.034171
