0.129757
0.305404
0.359205
0.264294
0.033571
-0.217874
-0.354594
-0.349860
-0.233567
-0.051914
0.107607
0.203757
0.221745
0.185896
0.103416
-0.046441
-0.215733
-0.312283
-0.353190
-0.251287
-0.078375
0.079877
0.166956
0.147339
0.046473
-0.109774
-0.209820
-0.252809
-0.228730
-0.172323
-0.075265
0.010840
0.068043
0.076462
0.036948
-0.033231
-0.089765
-0.069788
0.013026
0.128297
0.227858
0.296181
0.272332
0.233961
0.204941
0.195554
0.250812
0.319576
0.409516
0.396525
0.251979
-0.042234
-0.312016
-0.500873
-0.505948
-0.263427
0.086467
0.335074
0.405977
0.317215
0.123760
-0.089665
-0.251992
-0.301440
-0.326252
-0.307560
-0.199074
-0.010678
0.186195
0.320226
0.335367
0.194040
-0.060862
-0.283475
-0.363834
-0.317557
-0.164713
0.015438
0.156790
0.209954
0.195833
0.136047
0.023206
-0.114156
-0.227157
-0.316776
-0.308068
-0.179545
-0.032628
0.096417
0.146334
0.114661
-0.020989
-0.151943
-0.226996
-0.236612
-0.204550
-0.130065
-0.039513
0.023971
0.058696
0.054499
0.014023
-0.048530
-0.065945
-0.027502
0.051144
0.147550
0.240797
0.286042
0.250328
0.213287
0.192196
0.218130
0.285763
0.372613
0.418749
0.342249
0.126323
-0.169542
-0.393149
-0.513232
-0.418268
-0.128975
0.183588
0.360325
0.377306
0.250289
0.051942
-0.155885
-0.282522
-0.325014
-0.338471
-0.275962
-0.125047
0.074256
0.245735
0.330067
0.282699
0.095060
-0.153832
-0.320042
-0.352236
-0.269518
-0.103858
0.066417
0.183752
0.212666
0.183557
0.101454
-0.032963
-0.173815
-0.271234
-0.334814
-0.265406
-0.120976
0.024814
0.124237
0.143495
0.070258
-0.079395
-0.189686
-0.241818
-0.230261
-0.182713
-0.090615
-0.009447
0.042911
0.061081
0.038456
-0.018124
-0.072981
-0.059830
0.000360
0.100087
0.194513
0.271257
0.258301
0.224897
0.200035
0.177389
0.222524
0.301224
0.405380
0.418607
0.309053
0.039281
-0.250192
-0.459970
-0.521736
-0.354860
-0.027873
0.254609
0.384954
0.356395
0.194922
-0.007226
-0.204747
-0.298000
-0.338612
-0.338572
-0.252498
-0.073577
0.129048
0.288853
0.338651
0.244692
0.020427
-0.222858
-0.348435
-0.347691
-0.230081
-0.054262
0.108077
0.199075
0.210157
0.164421
0.065430
-0.078492
-0.204864
-0.302030
-0.335127
-0.227623
-0.084541
0.059126
0.137107
0.138623
0.028122
-0.117708
-0.214029
-0.247118
-0.226336
-0.163144
-0.065230
0.009597
0.054922
0.062141
0.024588
-0.038472
-0.074160
-0.040955
0.029423
0.125541
0.208106
0.264840
0.252612
0.243718
0.214843
0.203231
0.251203
0.332190
0.405145
0.372103
0.217961
-0.087194
-0.371253
-0.541203
-0.487003
-0.211060
0.138348
0.364852
0.416770
0.282431
0.070354
-0.131056
-0.268987
-0.314058
-0.333613
-0.298227
-0.181176
0.007093
0.206108
0.339060
0.326201
0.158534
-0.105250
-0.315864
-0.382096
-0.310839
-0.136841
0.044777
0.170958
0.211301
0.187544
0.120317
0.004919
-0.134480
-0.242350
-0.321583
-0.319838
-0.172738
-0.009463
0.114730
0.146971
0.103967
-0.033178
-0.176649
-0.240058
-0.237476
-0.190444
-0.120339
-0.023840
0.030627
0.053909
0.041402
-0.000802
-0.067329
-0.088127
-0.033473
0.058622
0.159454
0.240725
0.287546
0.238010
0.203774
0.184814
0.204582
0.257376
0.349382
0.419590
0.384097
0.199820
-0.110264
-0.372628
-0.548235
-0.490941
-0.197446
0.152866
0.373531
0.420440
0.290819
0.078851
-0.144328
-0.279487
-0.319368
-0.341810
-0.298149
-0.167340
0.028640
0.222589
0.343977
0.330958
0.156141
-0.116941
-0.319166
-0.381537
-0.309735
-0.135119
0.053054
0.185705
0.221178
0.195596
0.126829
0.000190
-0.141002
-0.245919
-0.318223
-0.313682
-0.164889
0.006159
0.125681
0.150858
0.102133
-0.031241
-0.178948
-0.240315
-0.234430
-0.182546
-0.112569
-0.014066
0.043129
0.061274
0.042629
-0.007310
-0.069757
-0.094857
-0.030443
0.066779
0.173829
0.246689
0.290441
0.238061
0.204810
0.184018
0.190087
0.248486
0.339559
0.412861
0.396077
0.216326
-0.085356
-0.347948
-0.532484
-0.483815
-0.214493
0.130434
0.357423
0.411171
0.296476
0.099204
-0.122052
-0.256811
-0.309503
-0.333708
-0.298164
-0.178877
0.016700
0.211991
0.337725
0.335919
0.170392
-0.092579
-0.299331
-0.371948
-0.308271
-0.144326
0.037415
0.175022
0.216386
0.197769
0.117005
0.004399
-0.117477
-0.228874
-0.318686
-0.302336
-0.162933
-0.015319
0.108827
0.149702
0.106653
-0.035760
-0.167795
-0.228966
-0.233499
-0.188501
-0.107151
-0.011918
0.040992
0.069537
0.053620
0.002320
-0.062172
-0.068599
-0.019625
0.067794
0.161876
0.259029
0.294959
0.272479
0.227954
0.198766
0.201515
0.286464
0.391817
0.415213
0.307963
0.032642
-0.258001
-0.470483
-0.515315
-0.312666
0.019857
0.279216
0.392250
0.326437
0.162024
-0.036658
-0.199499
-0.269792
-0.314469
-0.321115
-0.240415
-0.073253
0.131244
0.296300
0.342478
0.243240
0.004290
-0.228301
-0.345478
-0.329301
-0.202067
-0.031653
0.113480
0.187528
0.192423
0.143953
0.049571
-0.056554
-0.173062
-0.276836
-0.322119
-0.221809
-0.079065
0.054402
0.129750
0.123410
0.022294
-0.120072
-0.199784
-0.223790
-0.200798
-0.142384
-0.054569
0.010350
0.044043
0.053523
0.024657
-0.026939
-0.066266
-0.037648
0.029335
0.127729
0.205345
0.273270
0.263740
0.243549
0.215880
0.213866
0.243762
0.327725
0.392779
0.343601
0.155919
-0.133872
-0.342464
-0.475881
-0.409153
-0.150828
0.148025
0.318572
0.345575
0.239267
0.071659
-0.121807
-0.247516
-0.289018
-0.318652
-0.279416
-0.153181
0.038344
0.208866
0.302787
0.276486
0.121810
-0.115624
-0.282889
-0.327451
-0.263505
-0.122710
0.031736
0.150325
0.184754
0.144138
0.074954
-0.002220
-0.119102
-0.238474
-0.299978
-0.238745
-0.146884
-0.021263
0.091850
0.129716
0.056275
-0.067087
-0.158119
-0.215454
-0.216879
-0.163871
-0.080897
-0.019699
0.027836
0.058878
0.041135
-0.007688
-0.043383
-0.032668
0.012769
0.094996
0.182618
0.250818
0.257222
0.250180
0.244008
0.223697
0.254095
0.329633
0.375508
0.324093
0.151918
-0.112266
-0.330128
-0.469995
-0.415009
-0.161619
0.124614
0.315893
0.352876
0.251241
0.069103
-0.124039
-0.249005
-0.291757
-0.315477
-0.270781
-0.151071
0.024265
0.192218
0.290157
0.277057
0.126285
-0.101393
-0.272547
-0.330056
-0.273286
-0.130001
0.029088
0.147798
0.184253
0.144789
0.073395
-0.008943
-0.117299
-0.233410
-0.293916
-0.240132
-0.151424
-0.029704
0.082962
0.126195
0.058245
-0.065056
-0.158263
-0.216135
-0.218189
-0.167272
-0.082014
-0.018847
0.028026
0.055286
0.042034
-0.005074
-0.037517
-0.023446
0.010209
0.084791
0.171322
0.258760
0.269826
0.261337
0.237284
0.212574
0.244717
0.327232
0.387206
0.340456
0.155970
-0.129445
-0.355308
-0.493476
-0.418163
-0.143716
0.155499
0.336345
0.356134
0.239018
0.057267
-0.129911
-0.246735
-0.288324
-0.317595
-0.278155
-0.156980
0.030125
0.208942
0.308593
0.286571
0.120694
-0.119864
-0.291919
-0.337478
-0.267158
-0.116214
0.039134
0.154213
0.187627
0.156891
0.081077
-0.007623
-0.119238
-0.228838
-0.306555
-0.260317
-0.144078
-0.015527
0.096699
0.132564
0.073852
-0.063618
-0.166618
-0.220421
-0.216856
-0.167696
-0.082701
-0.008282
0.034130
0.056648
0.040983
-0.007345
-0.057165
-0.053442
-0.007008
0.077704
0.170437
0.251961
0.285470
0.252453
0.232883
0.202250
0.235748
0.286910
0.366939
0.371203
0.258610
-0.011478
-0.272876
-0.452941
-0.481224
-0.274281
0.032955
0.292937
0.373258
0.305351
0.137347
-0.052126
-0.216696
-0.277761
-0.308694
-0.298920
-0.214665
-0.049733
0.148243
0.283442
0.318662
0.208100
-0.014662
-0.238221
-0.337921
-0.313586
-0.182204
-0.021923
0.122059
0.191477
0.186073
0.124797
0.032658
-0.073183
-0.187899
-0.281886
-0.304447
-0.195066
-0.061607
0.067668
0.128589
0.110957
0.000093
-0.130515
-0.203655
-0.221478
-0.190466
-0.123770
-0.035058
0.023163
0.055003
0.054657
0.016681
-0.043674
-0.070870
-0.037331
0.033024
0.131681
0.217260
0.292554
0.275113
0.243721
0.211608
0.207823
0.245739
0.332103
0.396636
0.353292
0.137262
-0.174435
-0.389207
-0.512178
-0.399933
-0.106688
0.206604
0.363160
0.349473
0.214674
0.039171
-0.148552
-0.253218
-0.288099
-0.316453
-0.277043
-0.149024
0.059145
0.239922
0.330071
0.288698
0.101495
-0.152166
-0.316228
-0.341380
-0.250602
-0.094452
0.059876
0.171180
0.192783
0.167757
0.090030
-0.011218
-0.133137
-0.239861
-0.311912
-0.276777
-0.129446
0.015306
0.119801
0.133891
0.070211
-0.064242
-0.179483
-0.223726
-0.212756
-0.160216
-0.081632
0.003700
0.046063
0.058424
0.030617
-0.021962
-0.079711
-0.076962
-0.011737
0.085793
0.180079
0.249619
0.285238
0.240402
0.197226
0.191712
0.221839
0.272196
0.366459
0.408075
0.327132
0.053672
-0.232318
-0.429193
-0.516659
-0.363815
-0.036523
0.254327
0.379183
0.340897
0.199981
0.006850
-0.192030
-0.275782
-0.309253
-0.325715
-0.262300
-0.099592
0.111240
0.273468
0.335506
0.267949
0.051978
-0.201787
-0.337022
-0.340652
-0.232214
-0.070278
0.092221
0.192359
0.201221
0.155628
0.069512
-0.037306
-0.165014
-0.267089
-0.322248
-0.251546
-0.101215
0.044974
0.135841
0.128485
0.044870
-0.096499
-0.195436
-0.232579
-0.207296
-0.144974
-0.056291
0.022661
0.062754
0.063082
0.022371
-0.036885
-0.082571
-0.063412
0.005324
0.107313
0.195601
0.264632
0.277613
0.245110
0.225351
0.199986
0.227751
0.301063
0.379031
0.368235
0.220575
-0.066234
-0.319523
-0.494009
-0.471094
-0.211921
0.105701
0.333535
0.382726
0.279959
0.095472
-0.102783
-0.236335
-0.280062
-0.313329
-0.293078
-0.192475
-0.016238
0.180558
0.307941
0.322745
0.179232
-0.067043
-0.274303
-0.351567
-0.301737
-0.150952
0.015399
0.147299
0.193306
0.162243
0.094254
0.023048
-0.080667
-0.198047
-0.302717
-0.294380
-0.178456
-0.043034
0.090439
0.141994
0.099694
-0.033290
-0.151346
-0.215378
-0.221994
-0.179675
-0.100008
-0.018135
0.031496
0.059135
0.049545
0.003965
-0.051326
-0.065226
-0.027073
0.052444
0.150325
0.234413
0.282350
0.264970
0.242922
0.213389
0.217142
0.279859
0.354077
0.367369
0.255999
0.006166
-0.251959
-0.435798
-0.473433
-0.281884
0.014252
0.265077
0.359762
0.301325
0.148545
-0.042782
-0.199054
-0.268176
-0.301944
-0.300252
-0.220980
-0.065966
0.125994
0.266991
0.310567
0.216351
0.002192
-0.214703
-0.325352
-0.311527
-0.194442
-0.037859
0.103392
0.177356
0.172201
0.114835
0.037954
-0.055458
-0.164733
-0.270021
-0.299828
-0.204512
-0.079958
0.046343
0.120189
0.108809
0.005531
-0.120917
-0.197048
-0.218655
-0.191685
-0.122796
-0.039248
0.019395
0.045892
0.049549
0.015161
-0.038231
-0.065023
-0.032050
0.033436
0.127238
0.213398
0.274843
0.262989
0.238655
0.219493
0.207698
0.267578
0.359513
0.401443
0.286309
0.039218
-0.249541
-0.450541
-0.514312
-0.319684
0.008988
0.272632
0.378816
0.324285
0.165998
-0.036169
-0.194325
-0.266333
-0.298779
-0.317947
-0.244438
-0.085395
0.115671
0.277427
0.335821
0.248692
0.020404
-0.216343
-0.339623
-0.326341
-0.211923
-0.041893
0.103089
0.182836
0.179212
0.126818
0.050764
-0.043621
-0.159114
-0.264610
-0.315346
-0.229227
-0.088715
0.050897
0.134051
0.124711
0.024387
-0.114172
-0.202069
-0.225578
-0.195648
-0.128789
-0.042040
0.023471
0.053628
0.056259
0.021211
-0.033865
-0.070195
-0.046261
0.024193
0.117110
0.209054
0.280032
0.274145
0.248423
0.219790
0.213080
0.251186
0.344689
0.391732
0.300333
0.060290
-0.220561
-0.416348
-0.503647
-0.336979
-0.019912
0.256777
0.366979
0.328307
0.177627
-0.014112
-0.186098
-0.258386
-0.285818
-0.308163
-0.247401
-0.098929
0.099019
0.257759
0.326027
0.255942
0.047667
-0.194909
-0.325526
-0.324396
-0.217645
-0.055293
0.092206
0.179888
0.176801
0.122768
0.054076
-0.030418
-0.147555
-0.253858
-0.303449
-0.224217
-0.099627
0.041115
0.130451
0.125603
0.030134
-0.104524
-0.193488
-0.226412
-0.195383
-0.129096
-0.043627
0.020409
0.056449
0.059767
0.024304
-0.029090
-0.063486
-0.044143
0.018876
0.114913
0.204758
0.277239
0.279986
0.258072
0.220926
0.198943
0.252409
0.350704
0.398522
0.297486
0.063315
-0.219453
-0.418527
-0.496760
-0.330087
-0.015303
0.248827
0.362094
0.320657
0.178143
-0.011436
-0.173067
-0.251560
-0.284631
-0.311946
-0.250736
-0.100992
0.098244
0.260241
0.324751
0.253204
0.043313
-0.192049
-0.322188
-0.318896
-0.216063
-0.056249
0.086378
0.172864
0.178447
0.136591
0.061488
-0.035388
-0.151747
-0.259603
-0.312141
-0.232749
-0.092267
0.048543
0.135220
0.128030
0.033619
-0.107271
-0.200623
-0.231089
-0.200527
-0.134616
-0.046145
0.025222
0.061368
0.062788
0.027032
-0.031877
-0.072779
-0.056228
0.011724
0.108307
0.204184
0.278984
0.282040
0.251599
0.222563
0.208425
0.241019
0.322571
0.377361
0.315292
0.101483
-0.174301
-0.371791
-0.476384
-0.364897
-0.082035
0.198383
0.337149
0.322514
0.199093
0.026526
-0.149777
-0.244456
-0.278955
-0.303685
-0.262155
-0.130218
0.062301
0.227368
0.304790
0.261827
0.083567
-0.151390
-0.300965
-0.320480
-0.235269
-0.089213
0.055617
0.158042
0.176878
0.139871
0.069413
-0.020770
-0.135571
-0.242971
-0.310028
-0.247177
-0.118623
0.020572
0.119410
0.126341
0.046439
-0.087941
-0.187802
-0.229317
-0.207646
-0.147500
-0.060860
0.012281
0.051742
0.060702
0.028552
-0.026121
-0.073197
-0.059490
0.000421
0.095923
0.186417
0.261186
0.271866
0.246661
0.219779
0.213156
0.247053
0.308260
0.375618
0.328615
0.147321
-0.130252
-0.338327
-0.457388
-0.396545
-0.153344
0.137511
0.313281
0.330907
0.234782
0.071376
-0.106820
-0.237625
-0.283585
-0.309613
-0.278696
-0.163118
0.026751
0.201150
0.294138
0.273537
0.124708
-0.099882
-0.275232
-0.320945
-0.259765
-0.125443
0.018800
0.138961
0.181557
0.154523
0.085708
0.002220
-0.111778
-0.226355
-0.306318
-0.263255
-0.141430
-0.011316
0.101625
0.130401
0.070862
-0.062403
-0.167757
-0.223797
-0.215006
-0.163490
-0.077806
-0.002655
0.043976
0.061953
0.041870
-0.011249
-0.063519
-0.059109
-0.008156
0.080647
0.170387
0.246252
0.269498
0.246284
0.236662
0.215025
0.231824
0.287420
0.376429
0.358643
0.196728
-0.075618
-0.301134
-0.447911
-0.436853
-0.207116
0.095104
0.296765
0.333350
0.263854
0.108829
-0.073227
-0.216678
-0.266064
-0.301619
-0.297058
-0.197860
-0.013019
0.173736
0.285720
0.297131
0.168900
-0.055717
-0.254101
-0.319224
-0.277290
-0.154046
-0.008074
0.122017
0.175704
0.152774
0.100191
0.037173
-0.073709
-0.196987
-0.294533
-0.279854
-0.175993
-0.048014
0.084899
0.134358
0.091867
-0.033786
-0.144074
-0.213981
-0.218822
-0.174444
-0.094867
-0.018097
0.035916
0.065755
0.052566
0.007217
-0.050363
-0.059649
-0.024609
0.060512
0.152180
0.242690
0.282966
0.263808
0.233231
0.215817
0.233398
0.293178
0.376486
0.364653
0.226394
-0.049859
-0.296098
-0.456362
-0.452502
-0.234287
0.075464
0.292734
0.355322
0.277426
0.120580
-0.058634
-0.207183
-0.267440
-0.305688
-0.302862
-0.212184
-0.034856
0.161537
0.293121
0.308628
0.189589
-0.036350
-0.244232
-0.326051
-0.291200
-0.166267
-0.018434
0.112174
0.178085
0.174001
0.119670
0.040030
-0.070984
-0.189099
-0.289783
-0.304785
-0.188191
-0.049589
0.081723
0.133905
0.106348
-0.011114
-0.138450
-0.212972
-0.222225
-0.181965
-0.109878
-0.020677
0.036179
0.065097
0.050740
0.007493
-0.054478
-0.077622
-0.043309
0.036122
0.134571
0.230498
0.287148
0.266423
0.226616
0.205124
0.204797
0.242615
0.335540
0.393971
0.328653
0.103045
-0.168627
-0.371941
-0.480834
-0.376560
-0.095923
0.185151
0.326015
0.323965
0.216989
0.051677
-0.130952
-0.235131
-0.284518
-0.318294
-0.280958
-0.140977
0.061339
0.232655
0.314212
0.274078
0.096084
-0.139903
-0.291262
-0.318112
-0.242175
-0.107595
0.038315
0.147761
0.176952
0.143563
0.088266
0.007585
-0.120153
-0.237343
-0.313911
-0.256056
-0.138083
0.003304
0.110710
0.129491
0.057660
-0.071937
-0.169889
-0.222152
-0.207536
-0.154166
-0.066945
0.003443
0.051390
0.063879
0.038566
-0.018309
-0.065844
-0.063261
-0.007811
0.082564
0.181604
0.258390
0.275382
0.250260
0.224321
0.211688
0.235489
0.302561
0.370161
0.342103
0.192622
-0.065296
-0.286366
-0.422155
-0.417408
-0.219122
0.058496
0.263776
0.324756
0.265571
0.124990
-0.051118
-0.204767
-0.273985
-0.309052
-0.295997
-0.197922
-0.022690
0.160078
0.271716
0.280992
0.170170
-0.036059
-0.226331
-0.306302
-0.278239
-0.168919
-0.029056
0.101532
0.170379
0.159214
0.105278
0.035170
-0.072094
-0.191064
-0.287315
-0.272090
-0.174442
-0.059418
0.061062
0.115173
0.086638
-0.028941
-0.130990
-0.199883
-0.210585
-0.176272
-0.099723
-0.025430
0.025644
0.056472
0.047073
0.003181
-0.052953
-0.058216
-0.020087
0.058721
0.139516
0.216193
0.255218
0.250623
0.240717
0.219817
0.218063
0.249772
0.342321
0.353161
0.275276
0.078191
-0.167503
-0.345920
-0.430681
-0.336330
-0.091938
0.153335
0.291390
0.304124
0.196058
0.044994
-0.128335
-0.235923
-0.285287
-0.305991
-0.251628
-0.120903
0.058400
0.210582
0.278154
0.233231
0.080267
-0.127690
-0.260863
-0.294981
-0.228258
-0.103087
0.032230
0.135373
0.166426
0.129455
0.071678
-0.011820
-0.122367
-0.228241
-0.287715
-0.219055
-0.122225
-0.001501
0.085983
0.109809
0.039467
-0.079968
-0.163090
-0.207206
-0.192874
-0.145007
-0.056839
-0.000541
0.042144
0.047605
0.029148
-0.026733
-0.058264
-0.041355
0.019481
0.098119
0.176818
0.236805
0.252676
0.226869
0.224450
0.217103
0.227217
0.299133
0.359961
0.351771
0.230097
0.006906
-0.231565
-0.391316
-0.437161
-0.281674
-0.020850
0.216831
0.326772
0.299304
0.168912
-0.011552
-0.177041
-0.268439
-0.304112
-0.299609
-0.215846
-0.066121
0.117052
0.246333
0.286484
0.207461
0.022206
-0.178153
-0.293329
-0.296596
-0.204695
-0.062142
0.076409
0.165081
0.168409
0.119599
0.047995
-0.050840
-0.162455
-0.267442
-0.274046
-0.189335
-0.086505
0.034640
0.107638
0.104227
-0.000167
-0.108824
-0.183139
-0.208128
-0.186025
-0.116258
-0.036112
0.018104
0.053101
0.052095
0.016800
-0.037467
-0.052725
-0.022181
0.042781
0.131900
0.210062
0.255536
0.246687
0.237231
0.222912
0.216901
0.263131
0.338697
0.378140
0.303038
0.112280
-0.157981
-0.355277
-0.456194
-0.366586
-0.113919
0.157124
0.314490
0.326608
0.219291
0.052820
-0.119249
-0.240940
-0.286574
-0.311634
-0.265673
-0.138610
0.044793
0.198850
0.273786
0.240858
0.094622
-0.106219
-0.251285
-0.285668
-0.227289
-0.102744
0.025705
0.128123
0.162640
0.137242
0.078096
-0.001798
-0.106661
-0.203492
-0.272522
-0.225761
-0.118827
-0.007355
0.083390
0.105322
0.056854
-0.060212
-0.145718
-0.191802
-0.182339
-0.142575
-0.067152
-0.003144
0.035363
0.048321
0.031575
-0.012761
-0.057574
-0.051352
-0.002682
0.077547
0.154450
0.223235
0.240618
0.229465
0.207282
0.193868
0.203767
0.259238
0.336941
0.339201
0.228998
-0.024291
-0.242652
-0.385333
-0.406873
-0.242737
0.027955
0.233658
0.304904
0.251276
0.131845
-0.021686
-0.173318
-0.237604
-0.274901
-0.279427
-0.211176
-0.055927
0.125716
0.247620
0.270467
0.186863
-0.001060
-0.191423
-0.279968
-0.265293
-0.168779
-0.048065
0.074363
0.146313
0.145291
0.104211
0.055705
-0.034617
-0.144294
-0.239874
-0.268798
-0.187086
-0.082466
0.036171
0.098660
0.092852
0.007172
-0.098048
-0.168183
-0.192590
-0.169956
-0.114971
-0.040614
0.012675
0.045369
0.043516
0.012258
-0.039461
-0.063391
-0.037026
0.029206
0.109854
0.190048
0.241215
0.236972
0.206731
0.186836
0.183130
0.220815
0.307283
0.354265
0.302228
0.124199
-0.123427
-0.318649
-0.418114
-0.353682
-0.128187
0.121068
0.274591
0.296277
0.211707
0.071552
-0.088586
-0.204152
-0.261401
-0.291981
-0.263255
-0.150422
0.023628
0.187763
0.271286
0.248585
0.112042
-0.087787
-0.238174
-0.284456
-0.233829
-0.122976
0.003593
0.109135
0.152422
0.136623
0.090139
0.016443
-0.088571
-0.198444
-0.275514
-0.235004
-0.138628
-0.024427
0.073260
0.106940
0.060902
-0.051067
-0.138662
-0.188357
-0.187330
-0.151866
-0.077027
-0.011957
0.033212
0.052486
0.040237
-0.006207
-0.049954
-0.049080
-0.002078
0.069429
0.153579
0.222303
0.247489
0.222765
0.212320
0.201311
0.212802
0.271671
0.341068
0.314269
0.165916
-0.077389
-0.283746
-0.412871
-0.391662
-0.171908
0.093544
0.269337
0.302343
0.229107
0.084950
-0.074492
-0.196086
-0.240066
-0.274618
-0.267428
-0.176182
-0.014957
0.155208
0.258255
0.265050
0.148930
-0.052839
-0.224546
-0.283787
-0.246221
-0.137596
-0.010787
0.099094
0.150181
0.139085
0.095355
0.033288
-0.059742
-0.164282
-0.241723
-0.262876
-0.166451
-0.052321
0.059503
0.100904
0.076780
-0.012846
-0.117791
-0.175621
-0.187551
-0.152502
-0.099974
-0.025205
0.020611
0.045931
0.036591
0.004038
-0.044573
-0.063233
-0.025177
0.042101
0.122126
0.191328
0.244300
0.237500
0.207445
0.198637
0.199305
0.229437
0.311930
0.353767
0.275482
0.062425
-0.176615
-0.347140
-0.422242
-0.315658
-0.055367
0.185102
0.295207
0.280595
0.178559
0.028356
-0.131610
-0.219280
-0.258328
-0.281763
-0.242362
-0.110272
0.068992
0.215789
0.276208
0.231048
0.070243
-0.135223
-0.261187
-0.275902
-0.203718
-0.086945
0.038580
0.131540
0.155049
0.128921
0.078863
-0.000831
-0.111317
-0.206030
-0.268346
-0.223800
-0.105837
0.006929
0.090540
0.096868
0.042743
-0.065144
-0.146982
-0.185490
-0.173875
-0.132932
-0.063229
0.005143
0.045240
0.051991
0.027678
-0.019532
-0.061429
-0.055842
0.002457
0.080476
0.168966
0.231591
0.261347
0.230850
0.197871
0.180669
0.198035
0.261918
0.332581
0.347184
0.195196
-0.067614
-0.282393
-0.399287
-0.390189
-0.185009
0.081296
0.268008
0.293140
0.219453
0.104235
-0.048134
-0.174722
-0.232366
-0.267189
-0.274455
-0.196431
-0.027634
0.158472
0.262427
0.268462
0.160245
-0.038683
-0.214190
-0.281291
-0.238875
-0.140013
-0.024309
0.084339
0.146189
0.140089
0.105054
0.051393
-0.042754
-0.159037
-0.248539
-0.266146
-0.168421
-0.052606
0.058822
0.104459
0.078351
-0.010884
-0.109980
-0.169272
-0.185171
-0.157492
-0.103273
-0.029845
0.023929
0.052375
0.043549
0.005794
-0.043036
-0.064811
-0.030797
0.038132
0.128742
0.203147
0.243346
0.225967
0.196617
0.185416
0.186871
0.244529
0.316799
0.351998
0.278055
0.069617
-0.181361
-0.346084
-0.411961
-0.306817
-0.070710
0.164694
0.288404
0.274772
0.182298
0.043289
-0.109645
-0.215328
-0.265560
-0.288437
-0.245881
-0.121143
0.063681
0.215443
0.274088
0.226694
0.071788
-0.123247
-0.253153
-0.275214
-0.207842
-0.095364
0.023362
0.121444
0.159407
0.142570
0.087827
0.001245
-0.111280
-0.208101
-0.267762
-0.235227
-0.114079
0.001176
0.089462
0.097871
0.052461
-0.051793
-0.141496
-0.191145
-0.184046
-0.145002
-0.077121
-0.003466
0.042847
0.054028
0.025265
-0.020129
-0.066254
-0.061672
-0.009383
0.071800
0.150701
0.212774
0.240442
0.210957
0.196762
0.183680
0.192245
0.241588
0.333485
0.355468
0.239784
0.023899
-0.213793
-0.370229
-0.425325
-0.279476
-0.014779
0.207225
0.293038
0.275519
0.162051
0.005297
-0.145800
-0.229458
-0.269148
-0.293691
-0.231849
-0.083534
0.098302
0.233400
0.281410
0.212045
0.035527
-0.164766
-0.271313
-0.271793
-0.195964
-0.072479
0.051635
0.138605
0.159355
0.135670
0.075730
-0.018687
-0.136760
-0.219799
-0.270211
-0.223337
-0.093477
0.023943
0.099951
0.093158
0.040887
-0.067397
-0.153665
-0.197285
-0.179418
-0.137462
-0.067276
0.005219
0.048396
0.052161
0.017230
-0.027824
-0.073211
-0.062769
-0.000649
0.083455
0.158280
0.213632
0.236782
0.209118
0.190571
0.180539
0.202608
0.260943
0.341445
0.348463
0.231445
-0.016714
-0.256636
-0.406519
-0.430984
-0.244756
0.031477
0.251359
0.322026
0.266659
0.132642
-0.026618
-0.173409
-0.240910
-0.280282
-0.290334
-0.217492
-0.063091
0.129821
0.261608
0.292146
0.197793
0.000703
-0.199130
-0.292918
-0.275635
-0.175543
-0.046132
0.074138
0.152439
0.164972
0.135823
0.065861
-0.038119
-0.158374
-0.239710
-0.276912
-0.217468
-0.073435
0.048786
0.116454
0.095201
0.028531
-0.082025
-0.167270
-0.202761
-0.179515
-0.129626
-0.056266
0.018648
0.057603
0.056579
0.016201
-0.032493
-0.075636
-0.064953
-0.006517
0.076355
0.152737
0.212978
0.241390
0.217074
0.193535
0.176960
0.196734
0.243743
0.326311
0.353176
0.249104
-0.000597
-0.251307
-0.401929
-0.426179
-0.254683
0.022299
0.247551
0.312841
0.254201
0.127278
-0.017760
-0.158374
-0.231057
-0.269067
-0.285833
-0.228537
-0.077351
0.119739
0.259143
0.291694
0.200938
0.009939
-0.191481
-0.289257
-0.270793
-0.172940
-0.050664
0.063159
0.141477
0.158484
0.131815
0.070600
-0.021997
-0.142523
-0.231813
-0.274107
-0.220132
-0.083222
0.036522
0.108697
0.093487
0.030742
-0.076032
-0.158880
-0.196255
-0.177553
-0.130559
-0.061564
0.012603
0.053589
0.055455
0.016794
-0.032483
-0.076140
-0.064502
-0.005888
0.079933
0.158073
0.219331
0.234599
0.211059
0.181980
0.164052
0.178945
0.223607
0.328761
0.375213
0.275372
0.033990
-0.214239
-0.376491
-0.431041
-0.295681
-0.023531
0.210947
0.294722
0.269012
0.163684
0.021784
-0.132399
-0.219527
-0.266025
-0.296879
-0.252854
-0.103228
0.094057
0.241843
0.292863
0.224074
0.048494
-0.159128
-0.273576
-0.275379
-0.197198
-0.082564
0.038760
0.130356
0.161387
0.145591
0.093360
-0.002103
-0.129289
-0.222489
-0.271235
-0.233953
-0.102654
0.020007
0.097739
0.095746
0.045871
-0.051982
-0.144703
-0.193072
-0.185769
-0.142699
-0.077216
0.002977
0.051749
0.059383
0.023026
-0.023409
-0.067636
-0.067424
-0.014214
0.064808
0.143718
0.205151
0.239367
0.218839
0.199625
0.168400
0.175797
0.222312
0.303719
0.357982
0.283596
0.068091
-0.186640
-0.350422
-0.418781
-0.302325
-0.057267
0.182846
0.282067
0.261028
0.164410
0.033047
-0.109345
-0.204790
-0.251472
-0.285463
-0.252092
-0.125679
0.067663
0.220424
0.282342
0.227570
0.066613
-0.132832
-0.257447
-0.269230
-0.199310
-0.089555
0.021443
0.114615
0.151252
0.142913
0.096420
0.013057
-0.107697
-0.206294
-0.264951
-0.238090
-0.117455
0.002417
0.087262
0.094644
0.051898
-0.042417
-0.129695
-0.181394
-0.181891
-0.146803
-0.086037
-0.011411
0.039487
0.056647
0.029570
-0.010686
-0.060305
-0.060861
-0.013302
0.064656
0.139499
0.192979
0.225324
0.209072
0.197580
0.185036
0.192507
0.215742
0.298716
0.354935
0.285668
0.080842
-0.159639
-0.324984
-0.413505
-0.326547
-0.081133
0.166425
0.275025
0.272098
0.183236
0.047262
-0.107923
-0.204087
-0.244840
-0.280865
-0.255989
-0.132956
0.051977
0.204380
0.275427
0.238654
0.090171
-0.114423
-0.247864
-0.269396
-0.209930
-0.103689
0.013977
0.112752
0.147993
0.136171
0.096888
0.024874
-0.091383
-0.192859
-0.261873
-0.245201
-0.133723
-0.014521
0.081916
0.099159
0.062912
-0.029210
-0.111460
-0.162989
-0.164791
-0.135151
-0.080681
-0.013728
0.033609
0.052953
0.033568
-0.002745
-0.047449
-0.054869
-0.016687
0.050667
0.119708
0.176805
0.209105
0.202372
0.185294
0.174830
0.178147
0.199703
0.264825
0.316810
0.260651
0.068572
-0.153079
-0.294005
-0.359395
-0.290746
-0.067729
0.152369
0.250424
0.235405
0.159288
0.046904
-0.093327
-0.187010
-0.221668
-0.249036
-0.231815
-0.119172
0.049925
0.189587
0.243121
0.208828
0.079002
-0.102347
-0.222795
-0.238753
-0.182569
-0.091260
0.010867
0.099978
0.133092
0.117152
0.084648
0.022421
-0.079857
-0.177829
-0.241634
-0.208374
-0.115749
-0.012720
0.073681
0.091779
0.051618
-0.038101
-0.109844
-0.159862
-0.159655
-0.130429
-0.069502
-0.011567
0.033346
0.049921
0.032860
-0.007786
-0.045651
-0.040915
0.000146
0.067906
0.127343
0.179613
0.205606
0.203050
0.191447
0.183737
0.194078
0.228256
0.286537
0.295279
0.194113
-0.013737
-0.210042
-0.332099
-0.350486
-0.215089
0.020585
0.207705
0.263052
0.219859
0.115263
-0.014182
-0.139757
-0.202882
-0.233368
-0.242845
-0.192917
-0.058451
0.103204
0.216776
0.241950
0.169734
0.011910
-0.157081
-0.240324
-0.226685
-0.149403
-0.048458
0.051744
0.117073
0.124479
0.099563
0.061362
-0.010868
-0.111335
-0.200950
-0.242327
-0.176477
-0.083102
0.022341
0.083970
0.084664
0.020181
-0.071072
-0.133450
-0.162350
-0.147809
-0.110064
-0.046224
0.003049
0.039538
0.043445
0.021770
-0.021450
-0.048748
-0.030921
0.018658
0.086533
0.150575
0.200526
0.214031
0.198731
0.181910
0.167163
0.197706
0.264382
0.314644
0.271272
0.103979
-0.119570
-0.290930
-0.366427
-0.309006
-0.100133
0.122215
0.244420
0.246955
0.173836
0.058023
-0.072679
-0.170868
-0.220892
-0.253425
-0.243687
-0.143405
0.018628
0.170926
0.243943
0.222233
0.098242
-0.079747
-0.211484
-0.242973
-0.196262
-0.107306
-0.005441
0.082236
0.127541
0.122824
0.092743
0.031028
-0.066350
-0.163397
-0.231896
-0.226698
-0.131456
-0.028540
0.060852
0.085642
0.058300
-0.021507
-0.102660
-0.154115
-0.162743
-0.137438
-0.087362
-0.021425
0.025730
0.048750
0.032652
-0.002515
-0.046813
-0.057655
-0.023541
0.043841
0.117601
0.178584
0.214087
0.207948
0.184139
0.165405
0.161227
0.201698
0.270887
0.319457
0.252290
0.062066
-0.162845
-0.313874
-0.369008
-0.274979
-0.053384
0.156381
0.249788
0.230834
0.150113
0.032902
-0.093249
-0.181002
-0.226927
-0.257737
-0.233126
-0.117097
0.052331
0.194255
0.248210
0.203815
0.062759
-0.111644
-0.224480
-0.235776
-0.178416
-0.087154
0.009500
0.091847
0.124656
0.115431
0.083378
0.017347
-0.085681
-0.181953
-0.245350
-0.209832
-0.112955
-0.009973
0.072196
0.086007
0.045364
-0.044895
-0.116257
-0.160263
-0.158247
-0.129324
-0.068877
-0.009613
0.033724
0.048946
0.030825
-0.010975
-0.050595
-0.043623
0.000688
0.065713
0.126321
0.183095
0.211073
0.205523
0.179563
0.160932
0.171794
0.223799
0.296087
0.308674
0.201129
-0.014047
-0.218747
-0.342016
-0.352473
-0.214793
0.018490
0.195466
0.252829
0.212459
0.117652
-0.004441
-0.126298
-0.198614
-0.241547
-0.258988
-0.206805
-0.065512
0.101476
0.219574
0.242475
0.167897
0.009794
-0.154143
-0.235519
-0.224353
-0.153791
-0.059671
0.037285
0.108565
0.127962
0.108520
0.066817
-0.013152
-0.116965
-0.205110
-0.245215
-0.181340
-0.082653
0.019464
0.080142
0.077545
0.018285
-0.070019
-0.133518
-0.165347
-0.152218
-0.115668
-0.050993
0.003869
0.043658
0.046809
0.020990
-0.022575
-0.052886
-0.037806
0.012790
0.083134
0.143984
0.192928
0.207209
0.198781
0.179322
0.165024
0.176453
0.232309
0.297823
0.297338
0.166371
-0.050427
-0.239183
-0.346297
-0.336172
-0.179618
0.051037
0.209715
0.246715
0.196299
0.098828
-0.026946
-0.140554
-0.205033
-0.241581
-0.250852
-0.187163
-0.038508
0.123232
0.225445
0.232765
0.144760
-0.017802
-0.170863
-0.237305
-0.213283
-0.138133
-0.043309
0.050811
0.114180
0.126504
0.102135
0.054236
-0.029739
-0.130528
-0.206625
-0.235925
-0.166420
-0.065983
0.029577
0.079948
0.068763
0.008287
-0.079145
-0.137705
-0.165254
-0.145750
-0.107382
-0.041885
0.009202
0.043418
0.040697
0.011747
-0.032077
-0.058408
-0.034240
0.021997
0.099007
0.160320
0.201507
0.199332
0.180021
0.160518
0.160305
0.181775
0.245584
0.323517
0.315102
0.165189
-0.073931
-0.259362
-0.371778
-0.349421
-0.172560
0.074015
0.228507
0.258191
0.203742
0.101988
-0.033760
-0.153917
-0.214184
-0.256018
-0.261813
-0.187730
-0.022605
0.143806
0.243685
0.244949
0.145408
-0.031357
-0.188475
-0.249150
-0.219380
-0.138215
-0.038553
0.063436
0.127610
0.143528
0.117072
0.058100
-0.041715
-0.150574
-0.215158
-0.231939
-0.174083
-0.054461
0.041644
0.090938
0.066941
0.011654
-0.074509
-0.139729
-0.171105
-0.151143
-0.106007
-0.043795
0.021149
0.052704
0.046192
0.004907
-0.037539
-0.068123
-0.047358
0.013840
0.092206
0.151859
0.195128
0.209655
0.186773
0.164525
0.155589
0.166679
0.215323
0.291506
0.326798
0.223271
-0.001201
-0.202612
-0.326218
-0.355232
-0.232889
0.002215
0.188572
0.249641
0.215186
0.137509
0.016356
-0.113604
-0.192017
-0.233058
-0.256437
-0.214037
-0.074326
0.099419
0.218523
0.245791
0.181437
0.028553
-0.140213
-0.230965
-0.223917
-0.158134
-0.068076
0.032376
0.111435
0.136121
0.118480
0.077213
-0.002183
-0.109545
-0.193281
-0.232917
-0.189958
-0.087651
0.012180
0.082839
0.081339
0.035440
-0.051008
-0.118959
-0.163634
-0.154743
-0.117505
-0.055679
0.006292
0.048268
0.054407
0.023375
-0.018157
-0.050951
-0.039918
0.008445
0.078918
0.142838
0.191310
0.221859
0.202979
0.174740
0.152176
0.176339
0.228472
0.293526
0.311001
0.200706
-0.028732
-0.231517
-0.335838
-0.338177
-0.193158
0.034746
0.211430
0.251179
0.199105
0.108718
-0.004195
-0.124679
-0.195846
-0.232453
-0.247162
-0.195262
-0.054368
0.119124
0.228724
0.241320
0.159501
0.003181
-0.157661
-0.233387
-0.214014
-0.138228
-0.048523
0.043434
0.113854
0.131820
0.112156
0.067067
-0.010158
-0.116033
-0.195769
-0.229407
-0.177295
-0.074299
0.019962
0.082067
0.074398
0.024479
-0.060382
-0.120232
-0.159190
-0.149404
-0.113011
-0.051861
0.007389
0.044979
0.050567
0.018329
-0.021033
-0.052170
-0.036784
0.011003
0.077650
0.136928
0.186844
0.216487
0.201457
0.175509
0.158934
0.170803
0.216729
0.295127
0.318200
0.196000
-0.031487
-0.230662
-0.336850
-0.345915
-0.198428
0.039911
0.211807
0.245655
0.198604
0.111489
-0.006653
-0.127471
-0.195629
-0.231973
-0.254543
-0.202462
-0.054803
0.117922
0.225951
0.239933
0.159131
-0.000188
-0.163579
-0.236251
-0.213075
-0.141000
-0.052066
0.041183
0.112750
0.132360
0.114215
0.069297
-0.015421
-0.124339
-0.200637
-0.225161
-0.178946
-0.071320
0.022542
0.079175
0.066369
0.020765
-0.056055
-0.119443
-0.158475
-0.155945
-0.117300
-0.063221
0.002113
0.040806
0.048673
0.013658
-0.025384
-0.057827
-0.048321
0.001903
0.073465
0.136824
0.174502
0.195130
0.185517
0.168284
0.149368
0.164016
0.214305
0.280651
0.315425
0.228335
0.024734
-0.185135
-0.312135
-0.354491
-0.250597
-0.037463
0.163773
0.242688
0.222700
0.145498
0.028833
-0.103340
-0.192884
-0.235740
-0.257171
-0.219659
-0.094769
0.076775
0.200810
0.239990
0.184543
0.045464
-0.121692
-0.225324
-0.232258
-0.172896
-0.083678
0.014376
0.099959
0.135527
0.123837
0.079662
0.001469
-0.104621
-0.187758
-0.225419
-0.198928
-0.100784
-0.002702
0.066882
0.074545
0.037320
-0.035916
-0.109398
-0.154278
-0.166148
-0.134336
-0.083003
-0.012792
0.030816
0.047703
0.021638
-0.017638
-0.055253
-0.057108
-0.013110
0.050650
0.115467
0.154892
0.198064
0.194952
0.181249
0.158531
0.157383
0.193300
0.253055
0.312202
0.261221
0.077553
-0.155348
-0.292751
-0.354574
-0.278910
-0.084422
0.132441
0.232544
0.218247
0.150365
0.052436
-0.070332
-0.173880
-0.222475
-0.254546
-0.238259
-0.138072
0.037740
0.182498
0.238320
0.198491
0.075516
-0.090876
-0.212126
-0.233288
-0.182305
-0.099540
-0.012393
0.077868
0.129058
0.132443
0.095372
0.025688
-0.081634
-0.179256
-0.220372
-0.207002
-0.127196
-0.018979
0.054160
0.074184
0.038501
-0.017863
-0.090480
-0.141300
-0.163556
-0.144830
-0.097381
-0.034874
0.022971
0.044044
0.028964
-0.014116
-0.048797
-0.064270
-0.032663
0.028601
0.094618
0.140689
0.170407
0.187018
0.174673
0.160209
0.156771
0.180621
0.212338
0.276551
0.308073
0.200460
-0.020319
-0.211152
-0.322898
-0.355486
-0.230855
0.003589
0.195998
0.245634
0.206765
0.125177
0.001743
-0.133338
-0.205922
-0.235144
-0.253353
-0.208505
-0.068519
0.106053
0.214786
0.236808
0.169000
0.018404
-0.152529
-0.240218
-0.227311
-0.156216
-0.066558
0.033857
0.115063
0.140704
0.120778
0.072257
-0.014194
-0.127369
-0.203597
-0.221504
-0.185586
-0.086115
0.014945
0.075622
0.069382
0.021937
-0.047147
-0.117812
-0.159535
-0.164473
-0.125611
-0.071577
-0.004243
0.039605
0.048250
0.017364
-0.027281
-0.056702
-0.056356
-0.010746
0.050683
0.114417
0.154300
0.181054
0.189826
0.176650
0.160317
0.153633
0.182689
0.241689
0.297605
0.279493
0.124551
-0.100161
-0.270414
-0.355195
-0.319111
-0.133861
0.094330
0.230172
0.240367
0.172543
0.073700
-0.053357
-0.161381
-0.216720
-0.247461
-0.244968
-0.160523
0.001247
0.160244
0.239449
0.220732
0.111494
-0.058236
-0.199082
-0.244793
-0.202404
-0.118068
-0.023853
0.068055
0.127950
0.134416
0.106036
0.042920
-0.055985
-0.159521
-0.215779
-0.218871
-0.150153
-0.043191
0.043607
0.082746
0.054892
-0.002218
-0.080551
-0.137302
-0.167825
-0.152595
-0.107671
-0.044818
0.017446
0.047799
0.044171
0.001598
-0.040053
-0.067203
-0.044003
0.013511
0.087893
0.141748
0.177949
0.192018
0.173784
0.157195
0.144402
0.171061
0.218975
0.283675
0.310919
0.225109
0.020575
-0.196510
-0.325114
-0.362260
-0.254927
-0.029202
0.173752
0.251974
0.226199
0.139928
0.024757
-0.108219
-0.199698
-0.240002
-0.259855
-0.219755
-0.089791
0.085640
0.214692
0.248834
0.185779
0.041415
-0.131789
-0.234541
-0.237247
-0.172609
-0.079565
0.019824
0.107883
0.149319
0.138270
0.089278
0.002400
-0.113102
-0.200378
-0.226453
-0.195621
-0.096693
0.008047
0.071555
0.078284
0.032380
-0.031610
-0.107825
-0.151554
-0.168970
-0.137064
-0.083484
-0.008583
0.043929
0.055882
0.025596
-0.024473
-0.060969
-0.068170
-0.023086
0.047725
0.121769
0.161766
0.179507
0.181765
0.166053
0.146068
0.152923
0.196669
0.250560
0.306364
0.298756
0.153468
-0.083630
-0.265936
-0.353558
-0.330249
-0.164313
0.066622
0.226509
0.252685
0.194405
0.099462
-0.026483
-0.152775
-0.222972
-0.255662
-0.253068
-0.175375
-0.013282
0.156554
0.246213
0.234160
0.131694
-0.033351
-0.184873
-0.246659
-0.214631
-0.132666
-0.038328
0.060636
0.133619
0.147968
0.117851
0.054834
-0.040507
-0.148873
-0.215445
-0.223099
-0.159615
-0.052592
0.033897
0.085190
0.066240
0.013469
-0.066105
-0.125763
-0.163870
-0.158393
-0.114983
-0.049386
0.018420
0.053355
0.054467
0.011264
-0.032408
-0.063656
-0.047534
0.004474
0.076307
0.138691
0.174449
0.194058
0.180694
0.167015
0.152478
0.171941
0.212993
0.277262
0.320395
0.235540
0.031541
-0.185456
-0.322683
-0.362060
-0.252759
-0.031419
0.175702
0.252180
0.225259
0.144058
0.028533
-0.098675
-0.188712
-0.233012
-0.257743
-0.223447
-0.095724
0.083476
0.215289
0.255682
0.191880
0.046896
-0.124513
-0.229013
-0.231430
-0.166762
-0.077048
0.019495
0.104214
0.141971
0.132023
0.087217
0.007803
-0.099933
-0.188828
-0.226351
-0.194824
-0.095366
-0.000257
0.072655
0.081749
0.041688
-0.033324
-0.105100
-0.150275
-0.163924
-0.129587
-0.073348
-0.000821
0.042371
0.059948
0.031333
-0.013180
-0.051977
-0.054808
-0.015107
0.045920
0.118718
0.168410
0.199471
0.188883
0.168737
0.149677
0.154233
0.184863
0.241037
0.316093
0.293646
0.131654
-0.095982
-0.255608
-0.328627
-0.301256
-0.144099
0.079097
0.207638
0.223639
0.181864
0.100642
-0.019768
-0.145441
-0.214130
-0.247749
-0.248877
-0.164736
0.004549
0.160600
0.235631
0.215164
0.117673
-0.036820
-0.175621
-0.223598
-0.192406
-0.124722
-0.039071
0.058467
0.129004
0.143103
0.110841
0.051269
-0.044398
-0.149090
-0.207488
-0.209068
-0.140455
-0.046540
0.033973
0.078729
0.060476
0.008623
-0.066175
-0.121369
-0.159105
-0.150281
-0.105700
-0.037958
0.020109
0.051340
0.048170
0.009480
-0.032962
-0.057210
-0.034179
0.017599
0.083453
0.140678
0.177747
0.198652
0.180250
0.159898
0.148781
0.167666
0.206981
0.269948
0.316624
0.237645
0.042112
-0.164043
-0.279753
-0.327189
-0.258114
-0.062642
0.137642
0.221717
0.213323
0.158428
0.058718
-0.076010
-0.182565
-0.226283
-0.249199
-0.221233
-0.101447
0.068422
0.192447
0.229169
0.183839
0.065820
-0.093838
-0.203873
-0.219314
-0.172404
-0.095105
-0.001058
0.092642
0.134807
0.124369
0.083869
0.015724
-0.084234
-0.173751
-0.215848
-0.182560
-0.104129
-0.020721
0.056749
0.075985
0.043269
-0.029734
-0.094032
-0.145339
-0.159811
-0.131769
-0.071123
-0.007893
0.036810
0.054613
0.034877
-0.004337
-0.042722
-0.045777
-0.012197
0.047302
0.113853
0.163554
0.197042
0.190548
0.173680
0.161820
0.170491
0.193823
0.246296
0.303550
0.269587
0.102914
-0.119235
-0.262777
-0.328280
-0.292776
-0.119399
0.103412
0.218631
0.223053
0.166665
0.077552
-0.049565
-0.163770
-0.215760
-0.239910
-0.234251
-0.144393
0.020410
0.166088
0.229447
0.202978
