-0.149078
-0.095642
-0.068665
-0.060181
-0.009491
0.035431
0.082703
0.111603
0.060455
-0.022797
-0.082855
-0.150543
-0.169922
-0.141541
-0.147736
-0.118011
-0.091461
-0.096222
-0.057373
-0.081909
-0.117462
-0.158081
-0.189301
-0.170929
-0.137726
-0.075317
-0.089020
0.042023
0.328735
0.454132
0.499542
0.382660
0.143768
0.019287
-0.025635
-0.039825
-0.019440
-0.046478
-0.071503
0.023590
0.139984
0.231293
0.255371
0.131439
-0.016632
-0.098969
-0.151031
-0.116455
-0.075317
-0.074860
-0.017090
0.020721
0.055328
0.108307
0.071808
0.000000
-0.058777
-0.152924
-0.189301
-0.161438
-0.159515
-0.124939
-0.094208
-0.093750
-0.058777
-0.063904
-0.114105
-0.145782
-0.198761
-0.187897
-0.130188
-0.103271
-0.089569
0.009827
0.260742
0.451538
0.518250
0.412994
0.187256
0.018341
-0.057373
-0.054077
-0.032745
-0.046021
-0.064911
-0.007141
0.105927
0.225250
0.262573
0.165161
0.014130
-0.106110
-0.152039
-0.133118
-0.092407
-0.065918
-0.025177
0.019775
0.060120
0.093719
0.078583
0.024109
-0.036560
-0.122803
-0.184906
-0.178345
-0.171753
-0.129059
-0.101105
-0.099243
-0.055145
-0.076935
-0.104004
-0.155731
-0.209412
-0.184235
-0.146790
-0.114044
-0.090332
-0.063660
0.150085
0.414673
0.503967
0.479401
0.271271
0.032745
-0.048096
-0.049042
-0.030945
-0.005280
-0.042389
-0.044800
0.066498
0.186371
0.261993
0.230225
0.061249
-0.086212
-0.143768
-0.146149
-0.082397
-0.039093
-0.029572
0.007019
0.047089
0.079895
0.106079
0.045654
-0.043457
-0.087708
-0.157684
-0.154816
-0.132446
-0.142456
-0.114838
-0.105316
-0.084351
-0.051025
-0.067688
-0.109161
-0.170563
-0.209625
-0.176788
-0.138641
-0.077698
-0.075806
0.006561
0.290497
0.461090
0.514923
0.404358
0.149963
-0.013397
-0.071503
-0.052490
-0.020538
-0.026764
-0.049133
-0.008606
0.126556
0.237152
0.268555
0.169952
-0.021454
-0.125305
-0.161102
-0.136261
-0.058685
-0.042908
-0.022949
0.026581
0.058533
0.110504
0.090942
-0.007660
-0.091034
-0.154388
-0.152985
-0.120148
-0.115814
-0.119659
-0.131989
-0.097748
-0.063843
-0.056305
-0.062408
-0.126709
-0.183899
-0.195831
-0.167725
-0.100098
-0.056793
-0.061462
-0.054901
0.134674
0.388580
0.486633
0.473846
0.273315
0.042786
-0.038666
-0.046783
-0.022461
-0.007172
-0.049622
-0.045349
0.067566
0.186646
0.268158
0.215271
0.059509
-0.076294
-0.142517
-0.142029
-0.092010
-0.054901
-0.040070
0.000885
0.045197
0.080872
0.100433
0.038971
-0.046326
-0.113007
-0.184906
-0.182007
-0.158234
-0.165863
-0.120636
-0.093445
-0.055389
-0.032959
-0.066315
-0.118317
-0.175934
-0.199707
-0.176422
-0.126770
-0.097351
-0.080627
0.080475
0.361694
0.497162
0.511932
0.358459
0.103394
-0.026306
-0.071564
-0.068726
-0.049683
-0.072540
-0.061554
0.042847
0.181671
0.277100
0.263763
0.121155
-0.052094
-0.142761
-0.165680
-0.129883
-0.063049
-0.035889
0.007538
0.069611
0.099243
0.129791
0.078217
-0.028229
-0.091736
-0.180084
-0.199219
-0.154816
-0.153381
-0.120941
-0.071686
-0.047852
-0.031586
-0.043579
-0.108551
-0.167267
-0.192535
-0.195923
-0.140533
-0.101868
-0.084625
-0.066498
0.117950
0.389374
0.496857
0.489655
0.283295
0.043457
-0.062622
-0.089447
-0.054108
-0.039734
-0.060303
-0.038788
0.060638
0.192139
0.262421
0.218353
0.067780
-0.074585
-0.138641
-0.144897
-0.101898
-0.059357
-0.035950
0.018555
0.059204
0.103638
0.128906
0.049652
-0.040680
-0.113831
-0.146790
-0.142517
-0.132935
-0.144409
-0.134369
-0.098083
-0.055084
-0.023499
-0.047424
-0.089447
-0.167847
-0.231903
-0.206543
-0.142975
-0.090424
-0.061218
-0.052643
0.129913
0.399017
0.495087
0.482635
0.290009
0.046783
-0.054596
-0.074127
-0.066498
-0.048828
-0.060791
-0.035461
0.086456
0.208771
0.269989
0.230804
0.073486
-0.070770
-0.143921
-0.165466
-0.117157
-0.062653
-0.043610
0.016174
0.068726
0.105530
0.131348
0.048218
-0.056030
-0.128662
-0.165039
-0.156433
-0.135834
-0.135315
-0.123840
-0.077972
-0.046448
-0.016296
-0.023041
-0.102356
-0.168793
-0.206085
-0.199371
-0.118652
-0.079895
-0.063110
-0.056976
0.052979
0.327789
0.492157
0.488831
0.339264
0.089294
-0.059845
-0.077972
-0.066986
-0.051239
-0.049316
-0.051239
0.034851
0.182587
0.263855
0.251434
0.117584
-0.070831
-0.152191
-0.163727
-0.126801
-0.057526
-0.037872
-0.003418
0.058350
0.099976
0.129120
0.073151
-0.022583
-0.104950
-0.183960
-0.201202
-0.167755
-0.144257
-0.105469
-0.054749
-0.047058
-0.019226
-0.009125
-0.091644
-0.157776
-0.226318
-0.234070
-0.136719
-0.085876
-0.055267
-0.034637
0.084778
0.351593
0.494019
0.481110
0.324310
0.066620
-0.094604
-0.113342
-0.091278
-0.056274
-0.034180
-0.027893
0.059479
0.199158
0.264435
0.251007
0.112762
-0.076904
-0.159454
-0.170074
-0.128235
-0.051453
-0.012085
0.019104
0.080597
0.096436
0.111359
0.068115
-0.058716
-0.141785
-0.166290
-0.160004
-0.120697
-0.101929
-0.090851
-0.066345
-0.047180
-0.015442
-0.041382
-0.101929
-0.168671
-0.219116
-0.201904
-0.137482
-0.077484
-0.050049
-0.072083
0.015289
0.292023
0.471619
0.510529
0.380341
0.112823
-0.063904
-0.101440
-0.081238
-0.038513
-0.029846
-0.050995
0.017212
0.156036
0.253052
0.276123
0.145935
-0.052917
-0.145599
-0.178772
-0.135986
-0.062469
-0.046204
-0.005798
0.053253
0.090240
0.134888
0.075836
-0.023132
-0.098572
-0.176880
-0.189301
-0.148956
-0.124451
-0.098083
-0.059174
-0.045258
-0.005341
-0.022675
-0.098572
-0.155243
-0.213318
-0.230194
-0.148010
-0.080292
-0.061981
-0.043274
0.080627
0.345276
0.505219
0.498047
0.333252
0.071472
-0.101990
-0.127380
-0.092346
-0.051941
-0.030304
-0.029358
0.048950
0.186768
0.272278
0.251129
0.117126
-0.071136
-0.160980
-0.174011
-0.132172
-0.061523
-0.027435
0.009491
0.063293
0.095520
0.112366
0.059052
-0.045746
-0.145203
-0.188446
-0.155792
-0.126953
-0.089966
-0.077484
-0.068329
-0.040924
-0.010620
-0.029388
-0.070740
-0.133789
-0.204956
-0.215607
-0.167542
-0.093445
-0.045837
-0.042908
-0.038116
0.174286
0.411133
0.505646
0.464233
0.230255
-0.012604
-0.103180
-0.105133
-0.060333
-0.014038
-0.030914
0.001831
0.113739
0.214020
0.267090
0.204834
0.028870
-0.111542
-0.174316
-0.178619
-0.105255
-0.058502
-0.018402
0.042389
0.070374
0.100830
0.091156
0.001373
-0.095673
-0.169556
-0.187408
-0.132874
-0.088470
-0.071045
-0.063782
-0.057587
-0.033905
-0.024719
-0.049835
-0.102509
-0.167725
-0.201508
-0.175476
-0.109802
-0.039215
-0.016968
-0.022797
-0.022797
0.176819
0.395203
0.455566
0.406311
0.185486
-0.030029
-0.079803
-0.074463
-0.031464
0.007141
-0.020355
0.003784
0.102875
0.194672
0.243561
0.173431
0.007629
-0.115601
-0.162933
-0.155243
-0.088074
-0.040192
-0.015533
0.024597
0.053558
0.070953
0.063721
-0.019867
-0.091980
-0.148010
-0.180908
-0.147949
-0.111267
-0.094330
-0.073975
-0.051788
-0.040192
-0.035370
-0.055695
-0.122894
-0.166840
-0.186157
-0.173096
-0.097198
-0.065277
-0.050842
-0.029053
0.156036
0.401062
0.489594
0.447968
0.230988
-0.004395
-0.098694
-0.097687
-0.058105
-0.015045
-0.012634
0.014893
0.113525
0.228577
0.272064
0.207306
0.031311
-0.119995
-0.170227
-0.165405
-0.099670
-0.038269
-0.005859
0.026520
0.077759
0.093201
0.085449
0.012482
-0.110321
-0.172607
-0.186646
-0.126678
-0.073517
-0.056183
-0.053711
-0.063873
-0.042114
-0.031952
-0.046021
-0.099731
-0.152893
-0.177124
-0.180481
-0.120575
-0.051331
-0.041168
-0.029572
-0.036377
0.129120
0.380920
0.460876
0.414978
0.222290
-0.002960
-0.081482
-0.060638
-0.038849
0.004272
-0.003937
0.001373
0.102783
0.199860
0.229553
0.170807
0.013519
-0.124878
-0.155060
-0.150696
-0.100739
-0.051117
-0.036560
0.010101
0.055420
0.072449
0.069000
-0.007355
-0.117401
-0.169006
-0.161713
-0.115540
-0.071655
-0.062408
-0.079498
-0.065338
-0.044495
-0.026398
-0.041992
-0.103485
-0.151306
-0.180634
-0.160126
-0.091827
-0.025452
-0.010773
-0.025482
-0.045990
0.135193
0.374969
0.459076
0.406860
0.202209
-0.020569
-0.085571
-0.048462
-0.011810
0.014099
-0.002991
-0.009308
0.091827
0.193970
0.218903
0.167664
-0.003479
-0.136963
-0.154602
-0.142334
-0.080261
-0.032318
-0.025513
0.018005
0.058655
0.069366
0.065399
-0.014252
-0.112610
-0.145813
-0.148743
-0.123871
-0.075836
-0.061249
-0.062225
-0.052399
-0.051453
-0.038239
-0.048523
-0.089111
-0.154114
-0.188843
-0.183014
-0.113586
-0.030884
-0.028442
-0.039703
-0.032806
0.180420
0.399506
0.460602
0.376984
0.141724
-0.057831
-0.092041
-0.042114
0.009186
0.040527
0.010620
0.018982
0.119812
0.207397
0.218628
0.137390
-0.025513
-0.125732
-0.145355
-0.124359
-0.061737
-0.012299
0.012146
0.041962
0.070343
0.069366
0.043427
-0.043579
-0.133606
-0.172241
-0.136505
-0.088623
-0.055878
-0.046570
-0.071960
-0.064575
-0.035797
-0.029907
-0.055878
-0.103790
-0.177643
-0.184479
-0.155182
-0.091064
-0.038239
-0.041626
-0.069519
-0.063110
0.160828
0.396027
0.458649
0.387268
0.155945
-0.044617
-0.073395
-0.038727
0.008209
0.024384
-0.014740
0.000000
0.098694
0.195526
0.224915
0.151520
-0.023071
-0.149719
-0.159515
-0.134094
-0.067078
-0.006409
-0.001038
0.032166
0.060120
0.068878
0.047394
-0.039703
-0.136017
-0.183014
-0.153625
-0.066589
-0.029419
-0.030396
-0.039215
-0.075348
-0.030884
-0.020599
-0.059784
-0.077362
-0.153137
-0.179596
-0.143890
-0.121918
-0.048035
-0.018646
-0.041626
-0.076813
-0.019623
0.236176
0.400970
0.429382
0.315338
0.087433
-0.030884
-0.033844
-0.005920
0.026825
0.013123
-0.025024
0.021393
0.120728
0.187225
0.193573
0.085480
-0.063599
-0.121429
-0.125732
-0.082245
-0.021545
-0.009338
-0.001526
0.028778
0.051300
0.047394
0.013123
-0.074371
-0.146790
-0.143890
-0.100372
-0.054352
-0.043091
-0.061249
-0.078339
-0.078339
-0.058319
-0.026489
-0.047546
-0.093018
-0.158539
-0.199615
-0.165924
-0.102325
-0.041626
-0.040192
-0.086121
-0.075836
0.155487
0.396576
0.463593
0.394104
0.157410
-0.033844
-0.055878
-0.025513
0.011658
0.026825
-0.018158
-0.002502
0.106598
0.194672
0.219482
0.140747
-0.027466
-0.126221
-0.124359
-0.092041
-0.018158
0.003326
-0.002014
0.017517
0.039551
0.055237
0.021881
-0.064575
-0.152649
-0.176147
-0.124359
-0.039215
-0.011322
-0.032318
-0.073395
-0.096893
-0.072906
-0.039703
-0.034332
-0.087097
-0.157074
-0.193237
-0.160004
-0.102814
-0.041168
-0.031342
-0.084167
-0.124359
-0.010315
0.239563
0.420563
0.430847
0.296295
0.105560
-0.004456
0.001862
0.030731
0.027802
-0.014740
-0.042603
0.010620
0.127533
0.208221
0.186340
0.074280
-0.043579
-0.089172
-0.065125
-0.036774
-0.026489
-0.031342
-0.032806
0.009674
0.044464
0.050323
-0.010315
-0.082306
-0.107727
-0.097443
-0.070068
-0.051941
-0.073456
-0.095490
-0.088684
-0.069580
-0.044067
-0.041168
-0.071533
-0.135590
-0.168884
-0.173279
-0.143463
-0.084717
-0.066101
-0.084229
-0.110168
0.018494
0.290588
0.439789
0.448120
0.306580
0.080627
-0.026001
-0.033844
-0.018646
-0.003479
-0.019623
-0.038727
0.030243
0.151520
0.212189
0.197937
0.084015
-0.063110
-0.097870
-0.085632
-0.058319
-0.013275
-0.020599
-0.015717
0.027802
0.039551
0.037109
-0.010773
-0.092529
-0.143402
-0.143402
-0.079803
-0.024536
-0.033844
-0.064575
-0.104248
-0.094940
-0.054840
-0.034821
-0.047546
-0.113098
-0.171265
-0.186432
-0.171753
-0.098846
-0.059296
-0.068542
-0.086609
-0.094452
0.124634
0.370667
0.453308
0.408813
0.211212
0.017029
-0.035797
-0.021057
-0.000000
0.012146
-0.031342
-0.032806
0.070831
0.174530
0.222961
0.175018
0.029755
-0.071472
-0.093964
-0.080780
-0.040192
-0.024048
-0.041168
-0.020599
0.020905
0.038574
0.037598
-0.027466
-0.103790
-0.127686
-0.117462
-0.042603
-0.011322
-0.043091
-0.076324
-0.110657
-0.090088
-0.048523
-0.029419
-0.066101
-0.122467
-0.167908
-0.184052
-0.140961
-0.073883
-0.066040
-0.070984
-0.115509
-0.062622
0.198486
0.396027
0.452332
0.375519
0.160339
0.001862
-0.017670
-0.019135
0.000885
-0.009338
-0.046082
-0.002991
0.110504
0.206329
0.219971
0.147125
0.012146
-0.054840
-0.059296
-0.069519
-0.049500
-0.042603
-0.054352
-0.003479
0.031677
0.049347
0.025848
-0.055389
-0.103302
-0.125732
-0.090576
-0.031342
-0.047546
-0.080292
-0.104248
-0.113098
-0.058319
-0.028931
-0.037262
-0.072906
-0.152161
-0.184479
-0.168335
-0.128174
-0.062225
-0.055878
-0.083679
-0.120392
0.018982
0.280182
0.432312
0.445465
0.291412
0.078674
-0.031342
-0.039703
-0.010773
0.003815
-0.029419
-0.046082
0.014587
0.137817
0.218506
0.203369
0.097717
-0.025024
-0.066589
-0.076813
-0.069519
-0.046082
-0.049500
-0.035309
0.008698
0.039063
0.055725
0.015076
-0.053864
-0.089600
-0.085632
-0.064087
-0.051453
-0.063599
-0.093475
-0.118439
-0.091064
-0.020111
-0.019623
-0.040680
-0.096893
-0.185944
-0.179596
-0.147766
-0.103790
-0.070496
-0.090088
-0.128662
-0.085144
0.167694
0.399017
0.467010
0.386292
0.161804
-0.018646
-0.045105
-0.034821
-0.016693
-0.017670
-0.060272
-0.023071
0.105560
0.211700
0.239075
0.164734
0.015076
-0.074371
-0.085144
-0.083191
-0.059784
-0.043579
-0.054352
-0.008362
0.043427
0.050812
0.048859
-0.022034
-0.092529
-0.122894
-0.106201
-0.044617
-0.031342
-0.059784
-0.079315
-0.093079
-0.072510
-0.022034
-0.041168
-0.071045
-0.104248
-0.159027
-0.144379
-0.120392
-0.109131
-0.088074
-0.084167
-0.106201
-0.047058
0.193085
0.376984
0.438568
0.370667
0.164246
0.018494
-0.035309
-0.048035
-0.031830
-0.031342
-0.048035
-0.000000
0.103638
0.189667
0.211212
0.146637
0.028290
-0.051941
-0.085144
-0.097870
-0.088074
-0.074371
-0.043579
0.008209
0.045929
0.063934
0.047882
-0.010773
-0.066040
-0.098846
-0.090088
-0.042114
-0.044617
-0.063599
-0.089630
-0.095947
-0.056366
-0.019623
-0.020599
-0.069519
-0.123383
-0.176208
-0.181610
-0.131653
-0.090149
-0.061249
-0.063660
-0.123444
-0.039215
0.209381
0.398712
0.453064
0.338043
0.125641
-0.022034
-0.041168
-0.026001
-0.009827
-0.020599
-0.054840
0.000397
0.117371
0.209381
0.232880
0.145264
0.007721
-0.065125
-0.091553
-0.098846
-0.072449
-0.061249
-0.051453
0.000397
0.040527
0.059631
0.046417
-0.018158
-0.084167
-0.112610
-0.075836
-0.054840
-0.064575
-0.072449
-0.093475
-0.075836
-0.027954
-0.023071
-0.047546
-0.100372
-0.161469
-0.173218
-0.166870
-0.114532
-0.070007
-0.078339
-0.086609
-0.083679
0.069366
0.310059
0.418060
0.390198
0.243530
0.041962
-0.043579
-0.036285
-0.031342
-0.022034
-0.033844
-0.041168
0.050812
0.172577
0.212189
0.184814
0.080627
-0.041626
-0.069519
-0.082245
-0.086609
-0.059296
-0.049011
-0.010315
0.041504
0.061096
0.063446
0.015564
-0.058319
-0.100861
-0.102325
-0.051941
-0.014740
-0.045105
-0.068542
-0.099396
-0.081757
-0.029907
-0.028442
-0.051453
-0.114075
-0.162933
-0.165436
-0.132629
-0.080780
-0.063599
-0.076813
-0.091553
-0.108154
0.044952
0.270355
0.390198
0.393127
0.252716
0.074707
-0.007874
-0.030396
-0.029907
-0.017181
-0.049011
-0.044617
0.041962
0.139771
0.208221
0.198059
0.099792
-0.004944
-0.059784
-0.093079
-0.095917
-0.070007
-0.064575
-0.030396
0.026337
0.058655
0.062958
0.037598
-0.024536
-0.070007
-0.076324
-0.088074
-0.090088
-0.096893
-0.101837
-0.084656
-0.044617
-0.020111
-0.033356
-0.071960
-0.119904
-0.152649
-0.157562
-0.129639
-0.099396
-0.078339
-0.080780
-0.108643
-0.004456
0.247925
0.412720
0.428833
0.320282
0.095276
-0.046082
-0.055389
-0.047058
-0.026001
-0.028442
-0.061249
0.014587
0.149597
0.221558
0.234283
0.128540
-0.020599
-0.082245
-0.096924
-0.088654
-0.056396
-0.049500
-0.032349
0.030243
0.065887
0.079163
0.056702
-0.035309
-0.102325
-0.121918
-0.098846
-0.028442
-0.020599
-0.061249
-0.096405
-0.093018
-0.056854
-0.020111
-0.041168
-0.102325
-0.143890
-0.177155
-0.165436
-0.123383
-0.070007
-0.049500
-0.055389
-0.087097
-0.056854
0.166229
0.355011
0.413208
0.353088
0.162292
0.005768
-0.033844
-0.033356
-0.014740
-0.017181
-0.044617
-0.001526
0.103638
0.186279
0.218048
0.163269
0.034180
-0.045105
-0.092529
-0.114075
-0.086121
-0.068542
-0.043579
0.013123
0.041016
0.056213
0.055237
-0.003479
-0.056366
-0.076813
-0.104248
-0.093018
-0.090576
-0.113586
-0.088074
-0.071960
-0.051941
-0.010773
-0.058807
-0.097382
-0.127686
-0.175171
-0.158051
-0.117462
-0.089600
-0.063599
-0.075836
-0.065552
0.140259
0.364807
0.424957
0.385315
0.196991
-0.010315
-0.056366
-0.058319
-0.038239
-0.009827
-0.041626
-0.017181
0.098267
0.194061
0.227844
0.180420
0.036621
-0.069519
-0.101837
-0.109619
-0.076324
-0.041626
-0.045105
0.004303
0.052246
0.068878
0.074219
0.005280
-0.075836
-0.112122
-0.098358
-0.061737
-0.046082
-0.074371
-0.095428
-0.087585
-0.063599
-0.019623
-0.036285
-0.093475
-0.132629
-0.169800
-0.154114
-0.120880
-0.088623
-0.053375
-0.061249
-0.107666
-0.018158
0.236176
0.398529
0.424469
0.325134
0.104584
-0.025024
-0.044617
-0.044067
-0.009338
-0.027466
-0.058807
0.006744
0.120239
0.211700
0.220520
0.126556
-0.002991
-0.076874
-0.099457
-0.088684
-0.068115
-0.060760
-0.041626
0.012634
0.054199
0.077698
0.062469
-0.027466
-0.074371
-0.083679
-0.095428
-0.077850
-0.079315
-0.110107
-0.085632
-0.076813
-0.041626
-0.004456
-0.067566
-0.123383
-0.160004
-0.176666
-0.115509
-0.057831
-0.044617
-0.052887
-0.105225
-0.060272
0.188690
0.394592
0.422028
0.336884
0.119751
-0.033356
-0.038239
-0.022583
0.000397
-0.009827
-0.066589
-0.033356
0.098694
0.190155
0.221497
0.138306
-0.020111
-0.081757
-0.097870
-0.081757
-0.041168
-0.054840
-0.057343
-0.016693
0.018494
0.066925
0.065887
-0.022034
-0.081268
-0.111633
-0.088623
-0.029907
-0.039215
-0.079803
-0.102814
-0.098846
-0.075836
-0.018646
-0.027954
-0.092529
-0.130615
-0.180573
-0.148254
-0.074860
-0.031830
-0.026978
-0.078827
-0.105713
0.047394
0.311035
0.439056
0.412231
0.248413
0.036621
-0.043579
-0.029907
-0.007874
0.003326
-0.042603
-0.069031
0.018005
0.144714
0.216583
0.199951
0.069855
-0.054352
-0.090576
-0.095428
-0.063599
-0.049011
-0.058807
-0.031342
0.004303
0.055237
0.077209
0.018005
-0.047058
-0.082245
-0.093964
-0.079803
-0.064575
-0.080780
-0.103790
-0.106201
-0.082245
-0.045105
-0.029907
-0.070557
-0.133667
-0.156158
-0.163971
-0.099884
-0.025513
-0.027954
-0.071960
-0.105225
0.062958
0.326111
0.436157
0.408813
0.235687
0.015564
-0.052399
-0.034821
-0.006897
0.006744
-0.035797
-0.057343
0.028778
0.150543
0.222961
0.193085
0.057678
-0.069031
-0.106689
-0.093475
-0.051941
-0.027466
-0.042114
-0.032806
0.010620
0.041504
0.072296
0.031189
-0.052887
-0.087097
-0.111145
-0.095917
-0.057343
-0.067078
-0.084167
-0.085632
-0.096893
-0.070496
-0.029419
-0.076355
-0.128174
-0.170776
-0.175171
-0.103302
-0.029907
-0.014252
-0.063110
-0.062622
0.128998
0.354523
0.441071
0.371643
0.164246
-0.030884
-0.076324
-0.037750
0.000000
0.013123
-0.026489
-0.039703
0.058167
0.164246
0.202393
0.155487
0.009186
-0.107178
-0.124756
-0.092041
-0.036774
0.002838
-0.015717
-0.014740
0.010162
0.038086
0.056213
-0.000000
-0.078339
-0.108643
-0.097382
-0.071472
-0.032318
-0.050476
-0.072906
-0.084167
-0.095917
-0.048523
-0.048035
-0.087585
-0.146301
-0.201569
-0.180084
-0.084656
0.010162
0.007721
-0.068542
-0.019135
0.182861
0.390198
0.444977
0.317780
0.095276
-0.068054
-0.066040
-0.011322
0.031189
0.021393
-0.035309
-0.023071
0.080139
0.171600
0.198975
0.113922
-0.043091
-0.125244
-0.121429
-0.064575
0.000000
0.013123
-0.010315
-0.011810
0.011658
0.037598
0.043427
-0.024536
-0.091553
-0.103790
-0.114532
-0.074371
-0.052887
-0.074860
-0.064087
-0.080292
-0.079315
-0.067566
-0.105225
-0.145355
-0.170776
-0.176147
-0.108643
-0.031830
-0.018158
-0.050476
-0.020111
0.178955
0.363831
0.439056
0.348633
0.128998
-0.037750
-0.085144
-0.032318
0.026825
0.029755
-0.005920
-0.004456
0.078186
0.177002
0.199463
0.127045
-0.018158
-0.126221
-0.138947
-0.088074
-0.015228
0.023895
0.022430
0.019958
0.021881
0.049835
0.041962
-0.024536
-0.079803
-0.143402
-0.161469
-0.115021
-0.078827
-0.044617
-0.044067
-0.079315
-0.087585
-0.092041
-0.120880
-0.149780
-0.174744
-0.171326
-0.116058
-0.046570
-0.020111
-0.041168
0.060120
0.262024
0.387756
0.412231
0.288025
0.082092
-0.047058
-0.070496
-0.030884
0.018494
0.026825
0.012146
0.046906
0.127045
0.194061
0.183838
0.083527
-0.049500
-0.144867
-0.152649
-0.102814
-0.030884
0.020905
0.042938
0.055725
0.058655
0.054688
0.035645
-0.025513
-0.096405
-0.169800
-0.195679
-0.153625
-0.097382
-0.033844
-0.020599
-0.056366
-0.084656
-0.111145
-0.151184
-0.172729
-0.185944
-0.159027
-0.111145
-0.080292
-0.061249
0.043427
0.278717
0.431335
0.440582
0.321747
0.112457
-0.033844
-0.069519
-0.057343
-0.027466
-0.008850
-0.004944
0.048370
0.147125
0.222961
0.223938
0.126068
-0.021545
-0.138458
-0.177643
-0.140411
-0.080780
-0.025513
0.024872
0.052734
0.080139
0.103149
0.062958
-0.005432
-0.070984
-0.155640
-0.188843
-0.162933
-0.138947
-0.094452
-0.042114
-0.033844
-0.026001
-0.055389
-0.119904
-0.164398
-0.189331
-0.178131
-0.126709
-0.048035
-0.026978
-0.049011
0.078186
0.269897
0.411743
0.433777
0.281128
0.078674
-0.048523
-0.071960
-0.030884
0.005280
-0.005920
-0.014252
0.041504
0.134430
0.215607
0.221497
0.108490
-0.041168
-0.139923
-0.168335
-0.115509
-0.059784
-0.036774
-0.005920
0.016541
0.053223
0.095276
0.089935
0.030243
-0.074860
-0.178131
-0.202545
-0.180573
-0.138947
-0.097870
-0.102325
-0.083679
-0.073395
-0.065063
-0.071960
-0.119904
-0.163910
-0.160492
-0.115509
-0.095917
-0.039215
0.156433
0.348633
0.433777
0.406799
0.242004
0.078674
-0.008850
-0.043579
-0.035797
-0.037262
-0.050476
-0.027466
0.064423
0.183350
0.241028
0.212189
0.097229
-0.038727
-0.121918
-0.142365
-0.116486
-0.075409
-0.034332
0.000885
0.025848
0.064972
0.074768
0.054199
0.036621
-0.052917
-0.146790
-0.182037
-0.204987
-0.169312
-0.107666
-0.092041
-0.102814
-0.086121
-0.117462
-0.133118
-0.139435
-0.138458
-0.104248
-0.091553
-0.105713
-0.081268
0.132477
0.363770
0.470276
0.433655
0.249725
0.057648
-0.031342
-0.040649
-0.020081
-0.014740
-0.036743
-0.024536
0.064392
0.175354
0.238922
0.204681
0.087860
-0.053345
-0.135895
-0.134918
-0.101227
-0.054779
-0.037231
-0.021057
0.015533
0.046844
0.069275
0.049774
-0.001526
-0.076691
-0.145599
-0.155396
-0.148529
-0.118256
-0.083069
-0.090424
-0.115326
-0.121704
-0.141144
-0.155853
-0.170471
-0.158264
-0.115295
-0.087891
-0.085480
-0.015198
0.244995
0.433899
0.482178
0.408020
0.175629
-0.009308
-0.063965
-0.064453
-0.024475
-0.010284
-0.035248
-0.001526
0.095062
0.190704
0.229279
0.175598
0.035095
-0.094269
-0.149384
-0.139618
-0.073730
-0.016174
0.000397
0.023376
0.030640
0.054565
0.064789
0.007690
-0.038635
-0.085449
-0.148895
-0.132324
-0.112366
-0.103058
-0.064941
-0.074707
-0.098145
-0.113312
-0.145020
-0.175751
-0.184052
-0.175751
-0.112366
-0.060608
-0.058685
-0.065002
0.076569
0.306519
0.444702
0.455963
0.290283
0.079956
-0.038147
-0.045502
-0.007355
0.014557
-0.002991
-0.022552
0.016998
0.118500
0.204865
0.205841
0.110748
-0.030792
-0.129852
-0.127899
-0.086426
-0.041534
-0.010284
-0.015198
0.005768
0.029663
0.064789
0.078979
0.019409
-0.078156
-0.165558
-0.184540
-0.171844
-0.108398
-0.058197
-0.108398
-0.129852
-0.123596
-0.149872
-0.155762
-0.170410
-0.185516
-0.131775
-0.096680
-0.101593
0.055115
0.311249
0.440094
0.488922
0.357147
0.125305
0.004791
-0.039612
-0.032745
0.002350
-0.013733
-0.039124
0.017944
0.112274
0.202545
0.222595
0.128296
-0.003967
-0.104095
-0.153351
-0.130859
-0.060120
-0.006378
0.029175
0.040894
0.036530
0.063843
0.050201
0.019897
-0.029816
-0.136230
-0.172852
-0.169464
-0.144562
-0.086456
-0.067474
-0.078186
-0.106964
-0.130798
-0.174255
-0.190399
-0.192841
-0.175720
-0.112366
-0.102600
-0.079163
0.075562
0.342926
0.481934
0.482666
0.333466
0.088684
-0.037628
-0.060577
-0.028351
0.016968
0.006714
-0.006866
0.054047
0.143311
0.215393
0.212982
0.106201
-0.044952
-0.143433
-0.172668
-0.116608
-0.043457
0.000885
0.020844
0.021332
0.039429
0.058960
0.042816
0.016968
-0.058136
-0.152161
-0.174591
-0.166840
-0.140930
-0.071716
-0.065826
-0.113708
-0.116608
-0.146332
-0.172180
-0.164886
-0.178558
-0.155121
-0.107819
-0.118561
-0.070251
0.184204
0.398712
0.491364
0.466492
0.246643
0.047729
-0.038605
-0.061035
-0.011780
0.026245
-0.010254
0.003815
0.079407
0.157898
0.227112
0.186646
0.054535
-0.075592
-0.169250
-0.184845
-0.115631
-0.042480
0.006226
0.040375
0.036011
0.042328
0.060883
0.027710
-0.001038
-0.059601
-0.160950
-0.169250
-0.152649
-0.118561
-0.063416
-0.076080
-0.106354
-0.123474
-0.161011
-0.170776
-0.174164
-0.155670
-0.118622
-0.109283
-0.105377
-0.031250
0.225159
0.434753
0.494324
0.418243
0.183258
0.014557
-0.038116
-0.034729
0.018921
0.016968
-0.016632
0.019867
0.101837
0.194885
0.241241
0.160309
0.023346
-0.099548
-0.175568
-0.152161
-0.097076
-0.040527
-0.004456
0.019867
0.038452
0.045288
0.065186
0.022369
-0.023499
-0.078583
-0.161438
-0.158539
-0.144867
-0.116119
-0.058624
-0.088837
-0.115143
-0.126312
-0.177094
-0.190674
-0.187286
-0.174591
-0.121490
-0.100983
-0.096069
0.045776
0.319672
0.459503
0.494690
0.371826
0.115936
-0.010254
-0.047394
-0.038574
0.017456
0.005249
-0.011780
0.057953
0.146149
0.224152
0.237244
0.114471
-0.033234
-0.127228
-0.180389
-0.145782
-0.073151
-0.036652
0.010590
0.026733
0.026733
0.055054
0.037933
-0.012756
-0.048340
-0.111664
-0.150116
-0.134521
-0.128632
-0.112640
-0.062378
-0.088745
-0.113129
-0.110229
-0.177429
-0.188599
-0.177917
-0.164764
-0.115082
-0.077545
-0.081909
0.041809
0.279083
0.434906
0.487946
0.375427
0.143127
-0.005402
-0.044434
-0.023468
0.020844
0.014038
-0.007843
0.035980
0.132935
0.212341
0.225983
0.131409
-0.009766
-0.121429
-0.170105
-0.143799
-0.079498
-0.033722
-0.002014
0.021332
0.027679
0.050110
0.045258
-0.000000
-0.031708
-0.112640
-0.161316
-0.147186
-0.140350
-0.110718
-0.069733
-0.095062
-0.112152
-0.130096
-0.186646
-0.199341
-0.188110
-0.163269
-0.105316
-0.098022
-0.066406
0.172913
0.406921
0.498505
0.478821
0.259064
0.032043
-0.047363
-0.059540
-0.011292
0.033569
-0.001526
0.010590
0.090057
0.171906
0.246460
0.210876
0.052063
-0.077057
-0.168640
-0.187622
-0.104340
-0.040009
-0.009277
0.034058
0.031555
0.038910
0.059875
0.008179
-0.049774
-0.090210
-0.136475
-0.144287
-0.113129
-0.113129
-0.083862
-0.098450
-0.109680
-0.101929
-0.145264
-0.181335
-0.188599
-0.201263
-0.153015
-0.057617
-0.051239
-0.050262
0.080780
0.268341
0.426666
0.476868
0.317017
0.124146
-0.005890
-0.046875
0.018890
0.057465
0.032043
0.021332
0.035980
0.116425
0.210510
0.213898
0.117889
-0.005402
-0.128693
-0.160889
-0.116577
-0.063904
-0.012756
-0.001526
-0.008331
0.003326
0.028168
0.025269
0.015503
-0.031219
-0.117065
-0.161865
-0.161377
-0.154144
-0.102966
-0.071259
-0.115143
-0.136566
-0.158997
-0.183868
-0.164337
-0.164337
-0.146820
-0.108734
-0.115082
-0.059570
0.166656
0.403961
0.482452
0.438049
0.245117
0.047241
-0.020508
-0.027374
0.000397
0.022858
-0.011292
-0.001038
0.091064
0.177368
0.242706
0.205566
0.056030
-0.058624
-0.146820
-0.167328
-0.100037
-0.050293
-0.010742
0.029663
0.027222
0.058960
0.073029
0.021820
-0.024933
-0.065338
-0.121521
-0.135590
-0.125336
-0.133179
-0.106354
-0.097565
-0.113708
-0.117096
-0.139008
-0.187775
-0.207733
-0.199463
-0.160950
-0.092712
-0.077118
-0.067841
0.120880
0.354370
0.462585
0.460114
0.275879
0.053558
-0.036652
-0.049347
-0.009796
0.030609
0.008179
0.000397
0.069153
0.162262
0.223694
0.209564
0.079407
-0.061523
-0.134155
-0.159485
-0.099091
-0.031738
-0.015167
0.014557
0.022858
0.034576
0.065186
0.023834
-0.014709
-0.049805
-0.131165
-0.151184
-0.136078
-0.133179
-0.084869
-0.089844
-0.104462
-0.110352
-0.156158
-0.196625
-0.214081
-0.206268
-0.152161
-0.096100
-0.079071
-0.062012
0.150543
0.392822
0.492310
0.491364
0.275879
0.052094
-0.046906
-0.065338
-0.011292
0.037964
0.013580
0.018921
0.086670
0.170074
0.237854
0.206116
0.075439
-0.061035
-0.155121
-0.173157
-0.098541
-0.023499
0.007690
0.029175
0.024323
0.025757
0.051605
0.019409
-0.029327
-0.084412
-0.127289
-0.119049
-0.106354
-0.102966
-0.108307
-0.114655
-0.117584
-0.123474
-0.126801
-0.155609
-0.204803
-0.224884
-0.180054
-0.107361
-0.069794
-0.074158
-0.039581
0.213013
0.415863
0.477814
0.425751
0.191589
0.003815
-0.040070
-0.029327
0.025787
0.051636
0.000397
0.011627
0.096039
0.187256
0.240448
0.195038
0.027740
-0.094269
-0.144043
-0.133789
-0.050842
-0.004456
-0.003967
0.020386
0.019897
0.035583
0.074097
0.023865
-0.043030
-0.088959
-0.134338
-0.125519
-0.098663
-0.116302
-0.127960
-0.145569
-0.150452
-0.113892
-0.123199
-0.163177
-0.178375
-0.195374
-0.158813
-0.101196
-0.092865
-0.074768
0.078552
0.312439
0.442383
0.467285
0.314941
0.108856
-0.002502
-0.039642
-0.003967
0.019928
-0.008820
-0.015686
0.035126
0.133759
0.225616
0.227539
0.118134
-0.034790
-0.131897
-0.144196
-0.093872
-0.027924
-0.005432
-0.000549
0.005768
0.037537
0.082458
0.067322
0.016510
-0.046021
-0.146606
-0.177917
-0.154449
-0.144196
-0.102203
-0.105103
-0.136353
-0.110992
-0.128082
-0.156464
-0.160858
-0.178955
-0.155487
-0.121277
-0.117310
-0.089478
0.087830
0.332092
0.465942
0.467407
0.306213
0.106415
-0.011322
-0.039642
-0.003479
-0.000000
-0.025970
-0.016663
0.029694
0.142517
0.240753
0.226105
0.127380
-0.032288
-0.134399
-0.142670
-0.099274
-0.041107
-0.007843
0.000885
0.014099
0.041931
0.070740
0.062408
0.002350
-0.073303
-0.122742
-0.124603
-0.115875
-0.104614
-0.125580
-0.138794
-0.121765
-0.098236
-0.098236
-0.126068
-0.163208
-0.203766
-0.187653
-0.133911
-0.095306
-0.079224
-0.069427
0.114807
0.371857
0.481812
0.467163
0.302429
0.065887
-0.036255
-0.037689
-0.027435
-0.000000
-0.021545
-0.026947
0.061005
0.181183
0.244263
0.226166
0.094208
-0.068970
-0.122253
-0.128479
-0.087006
-0.026428
-0.025452
-0.017151
0.032593
0.061432
0.083344
0.074524
-0.031769
-0.111298
-0.130219
-0.161438
-0.116608
-0.098022
-0.131134
-0.125275
-0.124786
-0.115540
-0.083862
-0.106750
-0.168610
-0.197235
-0.190430
-0.129517
-0.057068
-0.074493
-0.052643
0.152191
0.341522
0.467377
0.471313
0.278168
0.078217
-0.028290
-0.060883
-0.020477
0.000000
-0.028748
-0.022461
0.046143
0.153503
0.241974
0.221558
0.089325
-0.059387
-0.139008
-0.139008
-0.091888
-0.027283
-0.018524
-0.001526
0.041687
0.068390
0.097504
0.063019
-0.012695
-0.083099
-0.160797
-0.182190
-0.154968
-0.137939
-0.116119
-0.107849
-0.096680
-0.101563
-0.110321
-0.116119
-0.158356
-0.155945
-0.146698
-0.128204
-0.108307
-0.073334
0.078552
0.308655
0.450348
0.455658
0.339691
0.132904
0.001373
-0.036987
-0.044281
-0.030151
-0.041321
-0.052979
0.015930
0.124634
0.218842
0.239685
0.129944
-0.014160
-0.110779
-0.144714
-0.118500
-0.059814
-0.033112
-0.016083
0.028076
0.053802
0.078552
0.081024
0.014954
-0.061249
-0.136993
-0.200165
-0.182098
-0.151001
-0.138367
-0.089874
-0.069458
-0.086426
-0.090851
-0.130585
-0.170929
-0.169495
-0.160736
-0.140320
-0.102997
-0.095184
0.043121
0.323639
0.475098
0.505188
0.396484
0.152313
-0.002014
-0.040344
-0.050568
-0.019958
-0.034088
-0.064087
0.011108
0.135315
0.220306
0.256653
0.163483
-0.008759
-0.115601
-0.160248
-0.134521
-0.071899
-0.037445
-0.012695
0.029510
0.052338
0.088776
0.064911
-0.010712
-0.079681
-0.148102
-0.136444
-0.104431
-0.091309
-0.098083
-0.122894
-0.116028
-0.080597
-0.047150
-0.070374
-0.119354
-0.171234
-0.217224
-0.174103
-0.108154
-0.059692
-0.034027
-0.064941
0.074463
0.335022
0.469604
0.501404
0.340637
0.081207
-0.050415
-0.074524
-0.048920
-0.004395
-0.019867
-0.044586
0.021149
0.140961
0.227936
0.244812
0.122620
-0.043030
-0.135712
-0.161255
-0.110596
-0.038666
-0.001038
0.004242
0.029816
0.054443
0.080414
0.073639
-0.014038
-0.091156
-0.135437
-0.168701
-0.135406
-0.114716
-0.115173
-0.096832
-0.094421
-0.079498
-0.063080
-0.062134
-0.130524
-0.182983
-0.181000
-0.146332
-0.085205
-0.065491
-0.076080
0.044220
0.288086
0.449097
0.508759
0.382263
0.146118
-0.014496
-0.081818
-0.070740
-0.040924
-0.047211
-0.045776
0.006134
0.126343
0.236969
0.248993
0.159058
-0.013550
-0.145752
-0.183655
-0.138947
-0.059235
0.000885
0.030670
0.020081
0.043701
0.066315
0.036957
-0.004852
-0.100128
-0.167847
-0.179382
-0.164490
-0.126465
-0.106293
-0.083221
-0.085144
-0.068329
-0.061554
-0.067841
-0.113556
-0.182739
-0.195709
-0.149536
-0.072144
-0.023651
-0.044830
0.051849
0.266205
0.430115
0.510437
0.403717
0.167236
-0.017365
-0.092834
-0.089508
-0.027954
-0.006287
-0.019745
0.022064
0.108063
0.196533
0.242218
0.158081
0.001373
-0.125031
-0.197632
-0.153442
-0.062988
0.002808
0.041260
0.070557
0.082123
0.066254
0.040771
-0.035187
-0.116425
-0.167358
-0.208710
-0.175079
-0.116425
-0.084167
-0.055389
-0.078979
-0.087646
-0.081848
-0.104919
-0.138550
-0.179871
-0.205292
-0.165924
-0.080811
-0.050568
-0.020721
0.146515
0.343597
0.455994
0.473755
0.318054
0.102264
-0.037079
-0.102875
-0.086487
-0.029358
-0.011597
0.009491
0.072845
0.157349
0.233612
0.235962
0.120361
-0.027893
-0.138611
-0.179871
-0.123230
-0.051819
-0.001495
0.029602
0.043549
0.052094
0.077942
0.059753
-0.033600
-0.133026
-0.215759
-0.204712
-0.143463
-0.088470
-0.044067
-0.050232
-0.074036
-0.066406
-0.072571
-0.091187
-0.116486
-0.169403
-0.202240
-0.173645
-0.111145
-0.041046
0.000885
-0.020538
0.136139
0.364746
0.457489
0.468933
0.290802
0.041321
-0.076233
-0.104279
-0.070953
0.003235
0.014191
0.009399
0.086975
0.163055
0.218628
0.210999
0.074524
-0.071808
-0.157379
-0.186371
-0.127838
-0.030457
0.009399
0.043213
0.063538
0.053131
0.060272
0.001343
-0.082245
-0.141663
-0.181091
-0.182922
-0.128265
-0.095032
-0.063202
-0.040924
-0.050415
-0.042816
-0.069855
-0.114075
-0.167267
-0.182922
-0.172943
-0.117889
-0.059448
-0.033813
-0.050415
0.031250
0.288666
0.451019
0.516541
0.391632
0.120575
-0.061279
-0.124908
-0.090302
-0.012421
0.012268
-0.000000
0.037445
0.127655
0.215637
0.249329
0.167542
-0.014801
-0.155334
-0.198059
-0.163452
-0.065582
0.009369
0.032715
0.057404
0.061615
0.057892
0.033661
-0.049927
-0.128235
-0.184753
-0.218018
-0.168152
-0.115936
-0.068909
-0.038055
-0.058990
-0.036163
-0.067963
-0.098846
-0.144409
-0.202789
-0.196655
-0.149628
-0.076050
-0.021942
-0.034271
0.067810
0.323273
0.455750
0.509857
0.378815
0.108704
-0.063660
-0.118347
-0.084076
-0.012421
0.012756
0.010864
0.057404
0.147583
0.228333
0.244873
0.147125
-0.033356
-0.157288
-0.203369
-0.155426
-0.045258
0.013702
0.033691
0.042694
0.057037
0.087463
0.061249
-0.039093
-0.152466
-0.240631
-0.221161
-0.115906
-0.043976
-0.016754
-0.038269
-0.091278
-0.087982
-0.064056
-0.075073
-0.110107
-0.167084
-0.209290
-0.187347
-0.095917
-0.019226
0.020050
-0.023621
-0.013519
0.208435
0.392670
0.466461
0.398315
0.152069
-0.052094
-0.097382
-0.071381
0.024536
0.066986
0.020172
0.020172
0.084442
0.178314
0.233917
0.177460
0.010529
-0.131256
-0.193695
-0.169098
-0.060181
0.003784
0.009583
0.024170
0.029510
0.073639
0.071716
-0.007813
-0.113220
-0.190887
-0.194824
-0.149231
-0.086060
-0.055054
-0.054504
-0.068146
-0.061371
-0.059937
-0.081299
-0.129913
-0.186859
-0.208344
-0.162567
-0.090118
-0.022980
-0.033203
-0.035126
0.168915
0.386444
0.496918
0.471191
0.217072
-0.030243
-0.132507
-0.126160
-0.028809
0.038879
0.027191
0.025726
0.091003
0.179199
0.252228
0.210327
0.039368
-0.117462
-0.207520
-0.189026
-0.077515
-0.001038
0.035980
0.036957
0.024780
0.049133
0.079803
0.032043
-0.078003
-0.191956
-0.230499
-0.182251
-0.096008
-0.028320
-0.032684
-0.069214
-0.074554
-0.069702
-0.070190
-0.071167
-0.141266
-0.206543
-0.214844
-0.151031
-0.060974
-0.002014
-0.023468
0.068573
0.312561
0.448456
0.491364
0.371552
0.087555
-0.094543
-0.136444
-0.103821
0.005737
0.061310
0.043243
0.080292
0.147064
0.201660
0.236267
0.127563
-0.044434
-0.163269
-0.217773
-0.154541
-0.039520
0.020844
0.049133
0.050110
0.019379
0.050598
0.044769
-0.014679
-0.042450
-0.142792
-0.197266
-0.159332
-0.128601
-0.069214
-0.035645
-0.070679
-0.055176
-0.067780
-0.113586
-0.143250
-0.187042
-0.207458
-0.129517
-0.070160
-0.043884
-0.051666
-0.026855
0.221375
0.423737
0.502991
0.434753
0.168243
-0.058960
-0.137695
-0.105103
-0.023926
0.036865
0.025208
0.033966
0.116547
0.201538
0.249542
0.192230
0.017395
-0.130646
-0.194244
-0.181610
-0.084503
0.000885
0.029510
0.051849
0.048950
0.056244
0.061951
0.029480
-0.057343
-0.168793
-0.204132
-0.160980
-0.095062
-0.039337
-0.044220
-0.073212
-0.084808
-0.071259
-0.069305
-0.104675
-0.161346
-0.207306
-0.187927
-0.116302
-0.046082
-0.016022
-0.056763
0.053162
0.282043
0.436432
0.498810
0.350800
0.080261
-0.088623
-0.127289
-0.072632
0.026062
0.050262
0.025574
0.050720
0.123718
0.204010
0.226776
0.126129
-0.053284
-0.171783
-0.214813
-0.162567
-0.040710
0.022186
0.041992
0.040558
0.042480
0.055115
0.070557
0.013458
-0.101227
-0.179077
-0.224457
-0.182861
-0.085632
-0.031952
-0.037811
-0.054230
-0.076508
-0.086121
-0.092926
-0.140259
-0.182404
-0.188171
-0.145630
-0.092926
-0.042145
-0.052307
0.128998
0.376587
0.470947
0.507172
0.310822
0.038605
-0.102600
-0.159180
-0.108856
-0.008728
0.020691
0.039581
0.096130
0.171112
0.237854
0.243195
0.102448
-0.074493
-0.187195
-0.239441
-0.167877
-0.031006
0.028442
0.070038
0.082123
0.055115
0.071472
0.048798
-0.036346
-0.118561
-0.208038
-0.204590
-0.138824
-0.089081
-0.031952
-0.035400
-0.079376
-0.057190
-0.075043
-0.105072
-0.128723
-0.197510
-0.218811
-0.161163
-0.105988
-0.036835
-0.027649
0.049744
0.312286
0.449646
0.490326
0.385315
0.117432
-0.071136
-0.132568
-0.117065
-0.034912
0.034760
0.037628
0.077698
0.154999
0.216766
0.237000
0.156830
-0.026611
-0.158783
-0.218567
-0.194824
-0.065063
0.020142
0.055817
0.089966
0.058655
0.068207
0.079254
0.002808
-0.080292
-0.172943
-0.218475
-0.182861
-0.126160
-0.081085
-0.046112
-0.047028
-0.055176
-0.060883
-0.110107
-0.160675
-0.191223
-0.200684
-0.146179
-0.080261
-0.060699
-0.073975
0.058105
0.310638
0.469147
0.518097
0.353668
0.085083
-0.080475
-0.140381
-0.095612
-0.016235
0.006561
0.007965
0.058838
0.148529
0.241577
0.267151
0.145569
-0.039429
-0.181702
-0.236237
-0.172699
-0.059814
0.020752
0.046387
0.052979
0.064362
0.082794
0.095093
0.027863
-0.089569
-0.183258
-0.230621
-0.201233
-0.120331
-0.066315
-0.040283
-0.045044
-0.047882
-0.054535
-0.094696
-0.135345
-0.198242
-0.200134
-0.145294
-0.107025
-0.075775
-0.029388
0.191406
0.419434
0.504059
0.477570
0.258606
0.014587
-0.101746
-0.131073
-0.089935
-0.031250
-0.025146
0.000000
0.095428
0.198639
0.275726
0.249237
0.078003
-0.107513
-0.217163
-0.235168
-0.142426
-0.027954
0.021179
0.054840
0.053894
0.062286
0.101135
0.077942
0.003235
-0.101288
-0.204376
-0.231812
-0.186371
-0.130585
-0.069092
-0.044556
-0.062439
-0.074280
-0.074280
-0.118347
-0.149536
-0.176971
-0.159943
-0.124878
-0.088531
-0.088989
0.037292
0.317230
0.459625
0.518707
0.396240
0.133728
-0.031738
-0.102692
-0.108398
-0.042633
-0.024200
-0.026550
0.037750
0.145569
0.242493
0.284149
0.180573
-0.003357
-0.143372
-0.225677
-0.183563
-0.089508
-0.032745
0.022644
0.027344
0.033539
0.087494
0.083221
0.036835
-0.030792
-0.156738
-0.226440
-0.204651
-0.168182
-0.100067
-0.056000
-0.076874
-0.073547
-0.063599
-0.114410
-0.127197
-0.163361
-0.186218
-0.145416
-0.110352
-0.083710
-0.027161
0.201599
0.412994
0.500793
0.474304
0.259613
0.046631
-0.066864
-0.102203
-0.069275
-0.039215
-0.039215
-0.003387
0.081665
0.199341
0.280762
0.244293
0.100433
-0.078583
-0.195007
-0.210846
-0.139954
-0.047089
0.014313
0.037354
0.034973
0.053680
0.086304
0.075287
0.009979
-0.090393
-0.185089
-0.199066
-0.158752
-0.117920
-0.083282
-0.078979
-0.090576
-0.082367
-0.081909
-0.098816
-0.132050
-0.183105
-0.163422
-0.124359
-0.076721
-0.062683
-0.013580
0.223145
0.413635
0.496948
0.448883
0.229034
0.011017
-0.083496
-0.093658
-0.046906
