-0.145562
-0.148447
-0.150741
-0.163383
-0.180056
-0.173697
-0.124165
-0.047362
0.041589
0.093284
0.089768
0.027750
-0.050027
-0.111771
-0.126286
-0.125120
-0.111942
-0.123412
-0.146429
-0.165587
-0.139815
-0.085402
-0.013252
0.032452
0.044938
0.017094
-0.014490
-0.037620
-0.032533
-0.017828
-0.000099
0.003920
0.007289
0.017305
0.049877
0.099136
0.154561
0.201834
0.252912
0.280514
0.295590
0.323352
0.345609
0.355364
0.370253
0.371148
0.341683
0.291495
0.222601
0.103025
-0.049877
-0.240063
-0.403708
-0.490185
-0.458225
-0.331460
-0.163650
-0.028194
0.025261
0.010909
-0.037837
-0.086284
-0.119148
-0.136207
-0.166097
-0.193828
-0.212332
-0.194088
-0.131080
-0.034327
0.059914
0.109768
0.099907
0.036497
-0.035690
-0.092459
-0.113219
-0.115269
-0.115505
-0.136913
-0.158509
-0.163503
-0.139523
-0.079632
-0.011111
0.038343
0.047936
0.029357
-0.007867
-0.030272
-0.035598
-0.024864
-0.012404
-0.003792
-0.000893
0.010974
0.043602
0.093122
0.150783
0.199762
0.239489
0.266794
0.288389
0.301354
0.334150
0.359521
0.378014
0.375542
0.366828
0.333596
0.272541
0.176070
0.035278
-0.172024
-0.379313
-0.492665
-0.504795
-0.385466
-0.208693
-0.042500
0.030440
0.043766
-0.011534
-0.060513
-0.095805
-0.111075
-0.143399
-0.175824
-0.209186
-0.218059
-0.165301
-0.070358
0.036214
0.109420
0.128457
0.068833
-0.006210
-0.070759
-0.104057
-0.105280
-0.101967
-0.119336
-0.150309
-0.166175
-0.155969
-0.102808
-0.025653
0.040292
0.059775
0.046141
0.007505
-0.023736
-0.031358
-0.019684
-0.006139
-0.004270
-0.004672
-0.007168
0.017928
0.071263
0.143450
0.201544
0.245289
0.265657
0.271902
0.282436
0.308257
0.344126
0.369208
0.374270
0.359246
0.336750
0.293939
0.239655
0.140134
-0.006363
-0.221502
-0.398627
-0.497911
-0.469836
-0.330799
-0.146548
-0.010521
0.043828
0.024512
-0.034655
-0.079310
-0.100764
-0.110635
-0.140124
-0.170902
-0.207197
-0.199038
-0.142680
-0.042682
0.058707
0.119905
0.114018
0.047218
-0.025549
-0.088348
-0.105196
-0.104884
-0.103186
-0.122272
-0.145690
-0.157773
-0.132841
-0.073180
-0.005252
0.046647
0.051851
0.030692
-0.001974
-0.021768
-0.024110
-0.014430
-0.008953
-0.009260
-0.007333
0.007379
0.045599
0.100916
0.164721
0.213393
0.249039
0.263445
0.282607
0.295667
0.334182
0.375640
0.384108
0.380392
0.364676
0.314993
0.255051
0.165586
0.026272
-0.182535
-0.377165
-0.499117
-0.502457
-0.373921
-0.190153
-0.024905
0.049017
0.046701
-0.014130
-0.071842
-0.111737
-0.128414
-0.162516
-0.199960
-0.233233
-0.229514
-0.163626
-0.052571
0.061760
0.129870
0.132551
0.061926
-0.023405
-0.090588
-0.117143
-0.119541
-0.109770
-0.126625
-0.153343
-0.165550
-0.149168
-0.093403
-0.022139
0.035423
0.047226
0.033881
-0.003155
-0.029854
-0.041799
-0.035536
-0.029947
-0.024392
-0.023248
-0.009866
0.027134
0.080880
0.145779
0.198782
0.229994
0.248227
0.255756
0.271372
0.303551
0.340621
0.361395
0.365895
0.354068
0.319550
0.272363
0.210283
0.102593
-0.060170
-0.278297
-0.444539
-0.524754
-0.459493
-0.304364
-0.116306
0.005168
0.041034
0.004415
-0.050928
-0.097041
-0.121782
-0.141453
-0.185657
-0.216705
-0.231792
-0.194349
-0.112444
0.001438
0.087029
0.120694
0.087843
0.010932
-0.060636
-0.107160
-0.115773
-0.117212
-0.118598
-0.143688
-0.157617
-0.155065
-0.118088
-0.060775
0.002204
0.032855
0.028917
0.000605
-0.028724
-0.041460
-0.032893
-0.021379
-0.020588
-0.024001
-0.025447
-0.004647
0.042566
0.107305
0.167283
0.204643
0.226308
0.237796
0.254598
0.289985
0.338434
0.376038
0.399210
0.383867
0.347926
0.293195
0.233022
0.132648
0.005289
-0.199151
-0.391203
-0.511753
-0.501500
-0.374074
-0.181400
-0.020433
0.046436
0.036931
-0.026322
-0.086169
-0.122930
-0.136411
-0.172138
-0.207099
-0.240382
-0.230681
-0.161951
-0.044539
0.067699
0.134319
0.128471
0.053847
-0.038345
-0.109462
-0.133755
-0.126439
-0.108606
-0.118726
-0.142492
-0.162568
-0.149253
-0.098204
-0.020482
0.040714
0.050392
0.028685
-0.016013
-0.045216
-0.050248
-0.027582
-0.014165
-0.007125
-0.015502
-0.016101
0.009470
0.068765
0.147968
0.207987
0.247332
0.257704
0.256784
0.273917
0.311851
0.353089
0.384730
0.388009
0.362150
0.321124
0.268721
0.183971
0.062114
-0.129474
-0.348095
-0.498436
-0.530070
-0.423649
-0.240365
-0.052180
0.048353
0.058900
0.001670
-0.063284
-0.110263
-0.129335
-0.158954
-0.206599
-0.240886
-0.243970
-0.186767
-0.078351
0.050441
0.131413
0.147712
0.088598
-0.004499
-0.084266
-0.121918
-0.129001
-0.119881
-0.120528
-0.140473
-0.154068
-0.144191
-0.101807
-0.034656
0.029032
0.052675
0.039174
0.005543
-0.024618
-0.031944
-0.022335
-0.016815
-0.017520
-0.019888
-0.015431
0.016579
0.072887
0.141931
0.204656
0.248621
0.269170
0.280162
0.284516
0.312075
0.348091
0.379444
0.387419
0.369646
0.329336
0.266460
0.191100
0.078298
-0.082038
-0.287899
-0.435335
-0.503194
-0.434258
-0.282400
-0.098723
0.012702
0.050645
0.006547
-0.054471
-0.103335
-0.122904
-0.143000
-0.181734
-0.215000
-0.228973
-0.187064
-0.088478
0.033846
0.119115
0.147714
0.099513
0.009200
-0.073833
-0.117971
-0.123052
-0.111251
-0.105270
-0.121968
-0.139807
-0.138902
-0.105623
-0.047290
0.016870
0.044531
0.037109
0.014647
-0.013770
-0.021591
-0.011935
0.000058
-0.001479
-0.004606
-0.005103
0.018625
0.069233
0.139818
0.202918
0.247258
0.273691
0.281215
0.290260
0.318857
0.360823
0.385206
0.398081
0.374048
0.340676
0.285913
0.211052
0.098965
-0.075470
-0.291412
-0.451029
-0.510509
-0.438444
-0.264927
-0.079265
0.037533
0.058408
0.013267
-0.053463
-0.103630
-0.119908
-0.135465
-0.178083
-0.218781
-0.233145
-0.195527
-0.092895
0.041933
0.138793
0.166630
0.116719
0.014198
-0.075436
-0.119386
-0.120268
-0.102501
-0.097931
-0.118493
-0.142467
-0.142652
-0.108742
-0.037995
0.030766
0.061353
0.048273
0.011449
-0.026556
-0.036282
-0.018102
0.010763
0.023474
0.022612
0.009811
0.018538
0.063672
0.138693
0.212256
0.263171
0.290798
0.295011
0.308152
0.329121
0.368610
0.389273
0.391430
0.377947
0.331090
0.265725
0.177543
0.058598
-0.130700
-0.317254
-0.446062
-0.477411
-0.383754
-0.219180
-0.058869
0.029151
0.036729
-0.017666
-0.065272
-0.107911
-0.115778
-0.136551
-0.180679
-0.229021
-0.224926
-0.168218
-0.051729
0.078711
0.159590
0.157604
0.086338
-0.014109
-0.093630
-0.121628
-0.114112
-0.096371
-0.097394
-0.119093
-0.136503
-0.128054
-0.089389
-0.025682
0.032948
0.051101
0.035068
-0.003546
-0.026671
-0.029609
-0.006436
0.015567
0.022207
0.013098
0.009106
0.032310
0.083195
0.158649
0.219658
0.266188
0.282287
0.290747
0.300830
0.341663
0.377535
0.411206
0.425056
0.391847
0.332968
0.250181
0.136016
-0.022643
-0.233824
-0.407001
-0.496427
-0.461491
-0.321562
-0.141176
-0.004813
0.050617
0.019862
-0.037582
-0.089301
-0.122766
-0.128532
-0.149958
-0.198719
-0.241598
-0.233093
-0.161246
-0.022534
0.106534
0.179084
0.155151
0.066327
-0.045674
-0.117320
-0.137730
-0.121392
-0.104201
-0.105887
-0.135957
-0.154126
-0.137113
-0.082320
-0.010539
0.051122
0.061841
0.033421
-0.010822
-0.040903
-0.043961
-0.021788
-0.001102
0.004677
-0.000965
0.002092
0.034081
0.097843
0.170826
0.230788
0.265540
0.281582
0.281496
0.297362
0.320099
0.362351
0.383160
0.385029
0.368459
0.315174
0.241056
0.124518
-0.035419
-0.260090
-0.423606
-0.513909
-0.464770
-0.323251
-0.131037
-0.000191
0.052250
0.016891
-0.043620
-0.095519
-0.126585
-0.126902
-0.151562
-0.195021
-0.240677
-0.235624
-0.174266
-0.034796
0.093986
0.170213
0.147227
0.054912
-0.060648
-0.136588
-0.148415
-0.126118
-0.102896
-0.119117
-0.142209
-0.168315
-0.141581
-0.085659
-0.003625
0.049274
0.062594
0.021651
-0.032001
-0.059626
-0.056380
-0.019984
0.005623
0.013657
-0.004181
-0.006892
0.009109
0.076615
0.154925
0.221976
0.259426
0.270936
0.267501
0.284390
0.335450
0.381950
0.416914
0.410799
0.369234
0.283031
0.187956
0.069339
-0.099120
-0.296894
-0.437154
-0.505595
-0.450902
-0.290842
-0.117032
0.012472
0.056300
0.014056
-0.057588
-0.114862
-0.156267
-0.159429
-0.176560
-0.207782
-0.233899
-0.221734
-0.157076
-0.025626
0.098434
0.163528
0.139085
0.043708
-0.070776
-0.147793
-0.161751
-0.137188
-0.112602
-0.115998
-0.138347
-0.157261
-0.133012
-0.080629
-0.007885
0.042129
0.050046
0.004493
-0.039248
-0.062814
-0.049085
-0.015671
0.011863
0.002484
-0.019829
-0.028443
0.004704
0.081909
0.175140
0.236333
0.267163
0.266254
0.264250
0.296147
0.349007
0.397562
0.420167
0.391381
0.331235
0.250676
0.150428
0.036057
-0.143933
-0.333981
-0.466173
-0.504855
-0.419939
-0.249891
-0.072442
0.032543
0.050444
-0.016920
-0.082970
-0.147365
-0.165055
-0.166870
-0.177759
-0.211766
-0.223169
-0.203142
-0.125235
0.008583
0.115932
0.158629
0.109638
0.010685
-0.100128
-0.151497
-0.153675
-0.124538
-0.107325
-0.118425
-0.148640
-0.161571
-0.129647
-0.067445
0.006910
0.052937
0.046930
0.002248
-0.038834
-0.061484
-0.048304
-0.015327
0.008183
0.004887
-0.012630
-0.011699
0.020371
0.101804
0.183713
0.245776
0.275979
0.275820
0.271788
0.305965
0.354872
0.401449
0.426085
0.400318
0.332135
0.235683
0.109946
-0.032916
-0.223638
-0.384075
-0.478122
-0.466134
-0.356986
-0.188044
-0.037068
0.043825
0.035702
-0.030603
-0.094260
-0.151012
-0.166011
-0.170313
-0.184383
-0.210719
-0.204296
-0.172622
-0.076360
0.046917
0.134514
0.153279
0.093274
-0.010042
-0.109052
-0.149958
-0.148371
-0.119715
-0.111730
-0.117450
-0.139987
-0.136090
-0.101429
-0.043423
0.018299
0.045924
0.034360
-0.003390
-0.030437
-0.045334
-0.028278
-0.007811
0.006914
-0.000847
0.001627
0.011683
0.058843
0.133669
0.205860
0.249773
0.278985
0.285979
0.299669
0.338969
0.378327
0.410324
0.419331
0.396416
0.322678
0.217968
0.075116
-0.117263
-0.327809
-0.457035
-0.500416
-0.417405
-0.256762
-0.082195
0.024830
0.059937
0.013042
-0.050538
-0.103042
-0.136911
-0.148143
-0.170454
-0.203808
-0.224343
-0.191398
-0.123016
0.005238
0.119488
0.175856
0.137508
0.046786
-0.059141
-0.128764
-0.137191
-0.115811
-0.093657
-0.109798
-0.130046
-0.152218
-0.123829
-0.067151
0.007863
0.057922
0.067155
0.028967
-0.017247
-0.041448
-0.045974
-0.016424
0.011327
0.026301
0.022619
0.030555
0.046067
0.095342
0.163113
0.228408
0.270046
0.295667
0.306708
0.328718
0.366850
0.396655
0.418363
0.402639
0.346749
0.257601
0.142436
-0.002004
-0.193055
-0.358484
-0.458752
-0.453712
-0.344429
-0.176085
-0.028493
0.051824
0.049152
-0.016709
-0.072038
-0.124338
-0.140930
-0.148320
-0.161882
-0.196928
-0.194612
-0.156839
-0.064646
0.057238
0.147038
0.164787
0.101056
0.001902
-0.094606
-0.128751
-0.125435
-0.092005
-0.080556
-0.094651
-0.122473
-0.128386
-0.098676
-0.036220
0.029763
0.058265
0.049826
0.002515
-0.028466
-0.036814
-0.015399
0.009774
0.030888
0.022620
0.012580
0.011878
0.047253
0.119716
0.196019
0.247294
0.278298
0.291952
0.304038
0.344678
0.389415
0.423164
0.433011
0.398866
0.323648
0.218331
0.086495
-0.086570
-0.281505
-0.417104
-0.480377
-0.415536
-0.271911
-0.097047
0.020842
0.071765
0.028049
-0.034529
-0.096549
-0.137104
-0.151867
-0.161018
-0.183405
-0.206975
-0.185424
-0.130940
-0.015129
0.099833
0.171986
0.150933
0.070432
-0.036891
-0.119234
-0.144098
-0.122862
-0.092508
-0.090609
-0.103020
-0.130299
-0.120000
-0.075849
-0.009092
0.041764
0.061819
0.033785
-0.009620
-0.035143
-0.038137
-0.016302
0.017253
0.032366
0.023886
0.016165
0.025898
0.067144
0.145579
0.216736
0.267728
0.293907
0.302280
0.318255
0.353659
0.398031
0.423972
0.411849
0.364221
0.269976
0.134597
-0.014089
-0.211345
-0.373030
-0.461203
-0.441675
-0.337211
-0.171099
-0.034336
0.041868
0.040247
-0.010842
-0.068338
-0.122758
-0.145220
-0.162358
-0.179222
-0.206348
-0.194101
-0.153441
-0.062168
0.057437
0.142386
0.158798
0.099310
0.003841
-0.097994
-0.135541
-0.136315
-0.102256
-0.091288
-0.096263
-0.123172
-0.133394
-0.110997
-0.051044
0.011456
0.050913
0.054644
0.015361
-0.018472
-0.040760
-0.030091
-0.008420
0.014710
0.015984
0.019172
0.025045
0.055869
0.124013
0.190060
0.241639
0.276441
0.293068
0.300929
0.339097
0.386050
0.427472
0.434683
0.405873
0.321346
0.182929
0.025112
-0.193488
-0.378197
-0.485574
-0.474771
-0.372318
-0.196428
-0.043274
0.043370
0.050798
-0.000223
-0.060381
-0.117784
-0.140857
-0.161734
-0.183667
-0.215922
-0.210150
-0.172988
-0.084266
0.035022
0.138476
0.169362
0.120960
0.026884
-0.078896
-0.135971
-0.143927
-0.115533
-0.101117
-0.100207
-0.119578
-0.135540
-0.122645
-0.068186
-0.001931
0.045566
0.059095
0.022009
-0.015420
-0.041345
-0.035109
-0.007655
0.024686
0.030984
0.028414
0.025111
0.046329
0.103925
0.184321
0.251795
0.296848
0.318429
0.329890
0.345440
0.375797
0.405600
0.411979
0.380982
0.301806
0.165213
0.006534
-0.195026
-0.364658
-0.455366
-0.442968
-0.342441
-0.191067
-0.057145
0.012425
0.015282
-0.031029
-0.069385
-0.116018
-0.128925
-0.148419
-0.174778
-0.209667
-0.202613
-0.164024
-0.066475
0.056245
0.140323
0.154131
0.097365
0.004719
-0.089684
-0.124646
-0.126646
-0.103201
-0.094197
-0.101650
-0.122586
-0.132893
-0.110785
-0.060027
-0.001029
0.037239
0.038983
0.002639
-0.024494
-0.037653
-0.016911
0.012611
0.040833
0.037006
0.028605
0.024641
0.051743
0.119801
0.192483
0.258883
0.301679
0.330830
0.348189
0.372318
0.396512
0.401916
0.394688
0.358720
0.277819
0.145244
-0.010622
-0.228992
-0.389763
-0.474695
-0.439006
-0.324069
-0.153103
-0.030453
0.024956
0.003888
-0.041928
-0.094765
-0.123276
-0.126599
-0.143985
-0.178750
-0.208342
-0.202348
-0.148967
-0.025279
0.092510
0.163530
0.155087
0.075339
-0.031897
-0.109070
-0.127838
-0.110986
-0.083718
-0.085437
-0.109736
-0.144892
-0.142721
-0.105750
-0.038404
0.023017
0.051770
0.035355
-0.004570
-0.026141
-0.030897
-0.006714
0.019295
0.041364
0.039173
0.046700
0.059033
0.098827
0.157695
0.217373
0.271702
0.316105
0.353674
0.375157
0.409054
0.418775
0.415137
0.397430
0.336367
0.204851
0.046354
-0.183298
-0.386824
-0.496662
-0.480727
-0.362562
-0.187112
-0.035076
0.030537
0.022630
-0.045460
-0.093340
-0.136139
-0.136067
-0.145387
-0.170708
-0.212710
-0.214372
-0.177167
-0.074027
0.060862
0.159130
0.180287
0.112649
0.005031
-0.099499
-0.142236
-0.132541
-0.101187
-0.092988
-0.109808
-0.140602
-0.156032
-0.124561
-0.067289
0.003255
0.040362
0.039772
0.000211
-0.027255
-0.038201
-0.018182
0.009706
0.029932
0.030434
0.028548
0.044489
0.080157
0.148333
0.211135
0.266217
0.293925
0.325365
0.352257
0.384604
0.410164
0.420130
0.400155
0.343505
0.240010
0.094314
-0.078520
-0.291707
-0.426194
-0.483235
-0.424165
-0.294635
-0.132019
-0.028644
0.012379
-0.018462
-0.068221
-0.118663
-0.148693
-0.153797
-0.171141
-0.195493
-0.210446
-0.186293
-0.120826
0.003255
0.107503
0.160224
0.131289
0.044838
-0.064505
-0.127758
-0.142089
-0.121918
-0.100322
-0.106487
-0.126919
-0.149949
-0.140975
-0.099025
-0.032233
0.015993
0.032889
0.004994
-0.030550
-0.046819
-0.035459
-0.000993
0.027611
0.045348
0.039942
0.039527
0.055942
0.106427
0.168374
0.239212
0.289638
0.324041
0.347182
0.369638
0.386767
0.401694
0.394206
0.351780
0.269315
0.137911
-0.024287
-0.232688
-0.390426
-0.474305
-0.448204
-0.335879
-0.178348
-0.061616
-0.009484
-0.020557
-0.066145
-0.107265
-0.135516
-0.142460
-0.164715
-0.196481
-0.225233
-0.212817
-0.143107
-0.015739
0.096314
0.159990
0.137905
0.054054
-0.056214
-0.127161
-0.143931
-0.123239
-0.097509
-0.100611
-0.121453
-0.151354
-0.151011
-0.117717
-0.054299
0.000014
0.023948
0.005823
-0.022371
-0.039210
-0.034040
-0.005216
0.018306
0.032279
0.030199
0.031683
0.052573
0.103082
0.166795
0.223796
0.275973
0.301959
0.329312
0.358706
0.386836
0.403697
0.414454
0.382074
0.301617
0.168950
0.013953
-0.197702
-0.370690
-0.467717
-0.464290
-0.363090
-0.208945
-0.074272
-0.009722
-0.001354
-0.048688
-0.100832
-0.135536
-0.150570
-0.168564
-0.187695
-0.214242
-0.206761
-0.159047
-0.053357
0.067772
0.147723
0.155483
0.088968
-0.017305
-0.105335
-0.139998
-0.137206
-0.107914
-0.093856
-0.108585
-0.134455
-0.146349
-0.126259
-0.068492
-0.007945
0.029215
0.022029
-0.010864
-0.041018
-0.047839
-0.023650
0.012040
0.035131
0.040591
0.036262
0.047809
0.087564
0.156005
0.217601
0.276669
0.313142
0.344874
0.357239
0.384809
0.416167
0.426619
0.412946
0.346544
0.215206
0.041176
-0.192640
-0.396383
-0.496372
-0.484619
-0.367361
-0.200130
-0.056033
-0.000647
0.005518
-0.042309
-0.089033
-0.129655
-0.145333
-0.169894
-0.199906
-0.232655
-0.219930
-0.162965
-0.058810
0.065219
0.155578
0.164706
0.103085
0.004908
-0.090990
-0.130568
-0.127760
-0.109394
-0.106981
-0.124440
-0.145378
-0.148953
-0.114028
-0.051365
0.009826
0.038653
0.025462
-0.015046
-0.045850
-0.051328
-0.031508
-0.002349
0.023739
0.032362
0.037275
0.056805
0.094922
0.149395
0.201811
0.244053
0.273728
0.304743
0.353351
0.399429
0.437033
0.440296
0.424553
0.364166
0.261301
0.122045
-0.070047
-0.298820
-0.450308
-0.513042
-0.446048
-0.291951
-0.112834
0.000302
0.041414
0.006381
-0.061650
-0.121376
-0.150636
-0.160198
-0.171147
-0.193343
-0.212490
-0.187762
-0.124850
-0.005592
0.111908
0.181685
0.157095
0.075483
-0.040007
-0.123162
-0.150760
-0.134156
-0.106134
-0.108514
-0.118070
-0.138005
-0.131953
-0.096048
-0.029500
0.023121
0.044255
0.024937
-0.015463
-0.042882
-0.040770
-0.014687
0.018869
0.042419
0.041791
0.046768
0.067505
0.120290
0.186055
0.246753
0.291267
0.314646
0.337585
0.360807
0.394316
0.422737
0.435385
0.400165
0.316212
0.179019
0.000091
-0.231241
-0.405551
-0.490809
-0.460455
-0.334187
-0.166869
-0.042065
0.014548
0.011584
-0.035799
-0.083861
-0.122028
-0.142615
-0.170373
-0.194700
-0.222423
-0.202921
-0.146056
-0.030657
0.089423
0.166458
0.162918
0.089133
-0.014883
-0.099134
-0.130219
-0.120313
-0.092725
-0.093824
-0.104989
-0.129834
-0.135798
-0.107932
-0.048111
0.008479
0.043162
0.033451
-0.002075
-0.030900
-0.037035
-0.013417
0.022769
0.043602
0.042224
0.039673
0.049958
0.094179
0.160943
0.221647
0.274181
0.302046
0.326153
0.355323
0.398364
0.428976
0.446329
0.429437
0.367745
0.244669
0.083478
-0.141729
-0.356820
-0.480245
-0.495992
-0.391491
-0.228488
-0.064865
0.015908
0.036167
-0.012272
-0.058535
-0.109591
-0.133926
-0.158500
-0.180439
-0.215163
-0.215835
-0.166451
-0.080972
0.036198
0.137082
0.175630
0.126025
0.039744
-0.058181
-0.114527
-0.127215
-0.104601
-0.096339
-0.107222
-0.128199
-0.141972
-0.115163
-0.066051
-0.000354
0.036285
0.044564
0.009581
-0.023530
-0.039512
-0.024209
0.002679
0.031932
0.037925
0.033880
0.038103
0.065124
0.126476
0.191594
0.258664
0.302008
0.325198
0.343763
0.379490
0.410901
0.440745
0.456306
0.417865
0.329872
0.174693
-0.024485
-0.275398
-0.435147
-0.510780
-0.450417
-0.312212
-0.136333
-0.020168
0.028308
0.017255
-0.033952
-0.077162
-0.117729
-0.142735
-0.178402
-0.200790
-0.230879
-0.197559
-0.129154
-0.018881
0.091463
0.167366
0.155028
0.081534
-0.010561
-0.093948
-0.128794
-0.122007
-0.101881
-0.107028
-0.120295
-0.137748
-0.136690
-0.095059
-0.033865
0.020385
0.041981
0.025337
-0.012872
-0.032527
-0.032578
-0.013436
0.008295
0.026229
0.025675
0.032509
0.055365
0.101295
0.156539
0.210417
0.255562
0.283901
0.311124
0.359290
0.405446
0.437547
0.448517
0.423555
0.358940
0.246620
0.105051
-0.094868
-0.308980
-0.447745
-0.494630
-0.419805
-0.268359
-0.096476
0.004505
0.039663
-0.005809
-0.074399
-0.131731
-0.152257
-0.169545
-0.164533
-0.180987
-0.195887
-0.171122
-0.106495
-0.019738
0.078084
0.147578
0.130424
0.058386
-0.037161
-0.117677
-0.146531
-0.125540
-0.099872
-0.098256
-0.110667
-0.132813
-0.137205
-0.101766
-0.040135
0.014377
0.037685
0.021138
-0.016113
-0.038464
-0.038690
-0.017893
0.008826
0.023598
0.025266
0.029543
0.046624
0.083266
0.138260
0.189402
0.236473
0.276097
0.305141
0.340858
0.390237
0.419992
0.438358
0.420975
0.376520
0.274191
0.143169
-0.047940
-0.280675
-0.446880
-0.517323
-0.457554
-0.310528
-0.123438
-0.002791
0.039624
0.004972
-0.061073
-0.126443
-0.146658
-0.157164
-0.170746
-0.180243
-0.210732
-0.195794
-0.142210
-0.044348
0.053364
0.140229
0.136363
0.071384
-0.026615
-0.108113
-0.143961
-0.129668
-0.097987
-0.098513
-0.118232
-0.146312
-0.148804
-0.117562
-0.043188
0.014761
0.048748
0.031781
-0.005307
-0.042022
-0.042871
-0.023976
0.004148
0.023072
0.020618
0.017522
0.023876
0.066462
0.125677
0.188384
0.232501
0.263970
0.278319
0.307921
0.353737
0.395624
0.430611
0.430557
0.394667
0.308657
0.187634
0.029676
-0.178973
-0.368403
-0.481970
-0.495939
-0.389133
-0.222567
-0.061235
0.030044
0.045316
-0.011411
-0.083658
-0.141877
-0.163645
-0.180943
-0.182197
-0.202878
-0.204438
-0.171409
-0.098724
0.004977
0.107641
0.154464
0.115519
0.029323
-0.071493
-0.139598
-0.151519
-0.123814
-0.105460
-0.106928
-0.125058
-0.139442
-0.125203
-0.078770
-0.015598
0.028007
0.040481
0.012880
-0.023621
-0.045239
-0.039033
-0.014897
0.008215
0.017269
0.014631
0.011998
0.034211
0.088392
0.155385
0.219607
0.267587
0.286294
0.299645
0.333902
0.375260
0.406931
0.425530
0.417762
0.353614
0.256368
0.130703
-0.050227
-0.271708
-0.427893
-0.509401
-0.467969
-0.323728
-0.142372
-0.009741
0.052997
0.032226
-0.039714
-0.110871
-0.152922
-0.165366
-0.180406
-0.182560
-0.211439
-0.193389
-0.145769
-0.048839
0.055444
0.147824
0.146203
0.080556
-0.019570
-0.108116
-0.147670
-0.131921
-0.100930
-0.102449
-0.111049
-0.142317
-0.152650
-0.118443
-0.049739
0.014804
0.053287
0.048992
0.004243
-0.031938
-0.049182
-0.035122
-0.011702
0.017415
0.017892
0.018688
0.026323
0.061422
0.121388
0.195526
0.251594
0.287737
0.296204
0.306411
0.339402
0.382097
0.415740
0.423492
0.402441
0.328312
0.224203
0.085237
-0.102318
-0.313152
-0.444390
-0.493665
-0.419154
-0.265810
-0.093913
0.011159
0.046931
0.006518
-0.057362
-0.117412
-0.139990
-0.153612
-0.167815
-0.184786
-0.211097
-0.185270
-0.125106
-0.020003
0.086047
0.157373
0.134075
0.055537
-0.042051
-0.116979
-0.138391
-0.118941
-0.098242
-0.106449
-0.119198
-0.138228
-0.131261
-0.092240
-0.022107
0.030824
0.055411
0.038638
-0.003691
-0.035844
-0.040302
-0.020239
0.008289
0.028348
0.022057
0.015375
0.023293
0.072132
0.146119
0.216572
0.264335
0.289354
0.286850
0.304689
0.341879
0.379867
0.402934
0.409222
0.376773
0.310884
0.211026
0.091788
-0.072296
-0.270279
-0.408512
-0.478610
-0.425418
-0.288329
-0.113478
0.003642
0.053313
0.020051
-0.050895
-0.114567
-0.139344
-0.151978
-0.154808
-0.169524
-0.193953
-0.184077
-0.139733
-0.032680
0.076798
0.153567
0.140777
0.068541
-0.040285
-0.119701
-0.140655
-0.117460
-0.090933
-0.096407
-0.110115
-0.138945
-0.133294
-0.089133
-0.015047
0.041128
0.065514
0.041079
-0.007631
-0.040910
-0.044311
-0.017185
0.011407
0.030138
0.017264
0.007715
0.014606
0.072330
0.147229
0.223237
0.270497
0.287234
0.279202
0.291658
0.332114
0.382090
0.426359
0.427537
0.383450
0.303676
0.195278
0.064673
-0.099955
-0.287911
-0.421884
-0.479333
-0.423141
-0.285041
-0.110711
0.012391
0.057728
0.025674
-0.047230
-0.123186
-0.157333
-0.171159
-0.174043
-0.182411
-0.195413
-0.180714
-0.130103
-0.022232
0.081659
0.147278
0.130524
0.053886
-0.051731
-0.126871
-0.148108
-0.130945
-0.101240
-0.099862
-0.116141
-0.141921
-0.131725
-0.095662
-0.023005
0.033429
0.064493
0.037587
-0.002516
-0.040943
-0.044118
-0.019124
0.011469
0.025160
0.012926
0.006680
0.019928
0.072726
0.142626
0.212181
0.255018
0.277089
0.276443
0.299212
0.341385
0.379329
0.405818
0.400578
0.366934
0.295860
0.203049
0.084996
-0.060942
-0.254850
-0.396742
-0.474292
-0.432885
-0.304282
-0.130473
-0.004499
0.043375
0.012915
-0.056729
-0.122677
-0.153489
-0.159085
-0.162274
-0.173359
-0.196668
-0.185453
-0.144855
-0.045684
0.062857
0.140521
0.134310
0.064437
-0.041024
-0.119706
-0.147303
-0.129188
-0.105033
-0.098637
-0.119833
-0.144459
-0.143662
-0.107728
-0.029552
0.032264
0.065667
0.040526
-0.001309
-0.043822
-0.048041
-0.032261
-0.001342
0.010871
0.008477
0.005999
0.026411
0.075322
0.141527
0.201424
0.241302
0.259257
0.258795
0.273043
0.321400
0.373938
0.406722
0.411596
0.387549
0.320774
0.234006
0.123287
-0.008454
-0.201781
-0.364377
-0.462705
-0.461691
-0.349373
-0.179153
-0.029208
0.038375
0.037423
-0.031431
-0.102562
-0.150573
-0.159598
-0.169344
-0.168022
-0.194632
-0.192249
-0.165467
-0.079067
0.031120
0.124953
0.144853
0.089939
-0.008521
-0.102497
-0.145659
-0.138001
-0.108541
-0.098982
-0.108592
-0.135218
-0.142947
-0.109710
-0.049745
0.017487
0.054169
0.047256
0.003880
-0.034368
-0.050605
-0.036548
-0.010412
0.008113
0.005548
-0.001896
0.002781
0.043828
0.108271
0.182059
0.229470
0.256242
0.257278
0.260701
0.284826
0.329662
0.369611
0.381022
0.378892
0.352633
0.301076
0.234160
0.130758
-0.017608
-0.227194
-0.391549
-0.494894
-0.464427
-0.336825
-0.152844
-0.013083
0.047684
0.025146
-0.041408
-0.103258
-0.130831
-0.135763
-0.147892
-0.177517
-0.215366
-0.218690
-0.180103
-0.064233
0.063972
0.150102
0.150175
0.077875
-0.035276
-0.118238
-0.143661
-0.129217
-0.107102
-0.104351
-0.124825
-0.147930
-0.139633
-0.095525
-0.025931
0.041211
0.064848
0.043350
-0.003265
-0.038841
-0.050118
-0.030199
-0.003206
0.009354
0.004782
0.005197
0.020436
0.066143
0.135233
0.200055
0.244812
0.262119
0.261964
0.265921
0.290535
0.338975
0.387639
0.409072
0.388928
0.329548
0.253486
0.157391
0.046133
-0.089533
-0.264985
-0.405450
-0.472884
-0.429983
-0.300417
-0.125179
0.001967
0.051743
0.020677
-0.041989
-0.109497
-0.148233
-0.161920
-0.175702
-0.200419
-0.214851
-0.189359
-0.108472
0.002380
0.107296
0.150254
0.118687
0.024898
-0.070101
-0.134458
-0.148977
-0.131877
-0.111260
-0.113154
-0.126584
-0.133759
-0.115291
-0.066474
-0.005184
0.036944
0.042864
0.016720
-0.016754
-0.037629
-0.029023
-0.010111
0.007335
0.008170
-0.000628
0.004020
0.038249
0.102263
0.173337
0.228819
0.263251
0.276852
0.270854
0.278536
0.310723
0.352226
0.385530
0.391518
0.358932
0.299071
0.215717
0.109262
-0.010853
-0.181152
-0.340180
-0.444147
-0.452166
-0.361736
-0.202401
-0.057011
0.022132
0.022358
-0.034018
-0.093264
-0.138086
-0.147179
-0.154136
-0.170975
-0.197681
-0.195874
-0.144782
-0.050522
0.058204
0.129052
0.132436
0.064141
-0.028681
-0.103473
-0.136967
-0.126349
-0.106942
-0.102074
-0.117171
-0.134408
-0.135485
-0.095532
-0.034184
0.023023
0.047556
0.036418
0.004239
-0.023129
-0.027431
-0.015118
0.003630
0.010195
0.009304
0.008035
0.027077
0.073707
0.139333
0.199386
0.250963
0.275492
0.280258
0.297889
0.333825
0.369982
0.393931
0.412376
0.395551
0.336602
0.244884
0.123536
-0.034738
-0.231319
-0.381383
-0.466990
-0.441120
-0.321253
-0.161369
-0.034747
0.026472
0.011906
-0.049213
-0.109032
-0.143477
-0.154439
-0.159379
-0.172432
-0.197329
-0.187627
-0.147930
-0.053705
0.055676
0.135481
0.134315
0.072771
-0.026374
-0.109431
-0.140873
-0.130971
-0.110266
-0.111218
-0.118987
-0.141583
-0.139466
-0.102854
-0.032886
0.025516
0.061754
0.048333
0.007502
-0.031093
-0.042433
-0.030569
-0.002279
0.020159
0.018346
0.017460
0.029320
0.069859
0.136785
0.201081
0.246217
0.274380
0.277855
0.291763
0.329912
0.378343
0.406731
0.410767
0.389385
0.327955
0.232342
0.117491
-0.014278
-0.207064
-0.357602
-0.456514
-0.451125
-0.346323
-0.177399
-0.040391
0.028859
0.024059
-0.042938
-0.110286
-0.147104
-0.149518
-0.150046
-0.152783
-0.179435
-0.187096
-0.163042
-0.064123
0.046080
0.135220
0.147398
0.087468
-0.021590
-0.106227
-0.143516
-0.132594
-0.103154
-0.096201
-0.109369
-0.137323
-0.140911
-0.110133
-0.043048
0.021783
0.062103
0.052034
0.009825
-0.032677
-0.050770
-0.031514
-0.003819
0.020325
0.016009
0.018627
0.027652
0.072450
0.130505
0.193206
0.240926
0.273367
0.282423
0.303303
0.344312
0.389958
0.430822
0.434435
0.399693
0.310606
0.202265
0.082213
-0.062480
-0.248044
-0.386972
-0.465112
-0.439213
-0.320112
-0.150473
-0.018313
0.037625
0.020330
-0.055621
-0.129399
-0.169664
-0.171942
-0.167353
-0.164081
-0.176985
-0.174060
-0.137403
-0.036026
0.068983
0.144966
0.142471
0.069246
-0.041855
-0.119467
-0.152811
-0.136447
-0.104848
-0.093002
-0.107166
-0.131405
-0.134874
-0.102769
-0.036814
0.026281
0.059241
0.044216
0.003136
-0.035393
-0.045977
-0.029217
-0.003286
0.018002
0.019731
0.021175
0.034457
0.084616
0.148283
0.214164
0.261470
0.285743
0.288679
0.316319
0.352598
0.398909
0.421148
0.416258
0.369029
0.284645
0.166537
0.023499
-0.151780
-0.332173
-0.442168
-0.471020
-0.386886
-0.246540
-0.089897
0.000175
0.025808
-0.013403
-0.063135
-0.117440
-0.145271
-0.160872
-0.180376
-0.204706
-0.200947
-0.168584
-0.086616
0.035325
0.126644
0.155310
0.108898
0.016376
-0.085929
-0.134851
-0.140784
-0.117587
-0.107258
-0.111664
-0.130825
-0.142055
-0.114099
-0.064264
-0.000008
0.037046
0.040105
0.004058
-0.026087
-0.042088
-0.024578
0.003704
0.020490
0.017106
0.005333
0.010936
0.046559
0.117831
0.188413
0.245917
0.269611
0.281751
0.297650
0.336214
0.381822
0.418788
0.420359
0.378957
0.308299
0.210782
0.089018
-0.064796
-0.252171
-0.399721
-0.476883
-0.438155
-0.312992
-0.149095
-0.027038
0.023554
0.002398
-0.053038
-0.106750
-0.139253
-0.150290
-0.162979
-0.181513
-0.199717
-0.185074
-0.133740
-0.025116
0.086525
0.152880
0.137139
0.059915
-0.048407
-0.126665
-0.147114
-0.127942
-0.104055
-0.102711
-0.117421
-0.142806
-0.136977
-0.097083
-0.028767
0.026076
0.050274
0.027699
-0.012963
-0.045381
-0.043056
-0.013088
0.019445
0.033008
0.023178
0.009886
0.019268
0.069290
0.148120
0.216190
0.271820
0.285558
0.285831
0.315243
0.364821
0.408973
0.439567
0.430319
0.373201
0.258970
0.117923
-0.069077
-0.282650
-0.429496
-0.497723
-0.450801
-0.323133
-0.152309
-0.029563
0.030622
0.018005
-0.031048
-0.089188
-0.131264
-0.159572
-0.183214
-0.204813
-0.221189
-0.195099
-0.136855
-0.023574
0.087248
0.159941
0.145943
0.075247
-0.032687
-0.117186
-0.149565
-0.138375
-0.110926
-0.108118
-0.119962
-0.142758
-0.135909
-0.098427
-0.034721
0.019544
0.045995
0.026242
-0.010700
-0.037794
-0.042376
-0.022454
0.004667
0.023435
0.017697
0.016155
0.024052
0.066523
0.132652
0.201928
0.251513
0.282918
0.295832
0.316958
0.356383
0.397829
0.421814
0.418946
0.383520
0.288641
0.156189
-0.014370
-0.232150
-0.402349
-0.488502
-0.461602
-0.344534
-0.177655
-0.044989
0.018302
0.011484
-0.035500
-0.082754
-0.118334
-0.137084
-0.158812
-0.186460
-0.214546
-0.201234
-0.149340
-0.046163
0.071155
0.152254
0.153412
0.086562
-0.010825
-0.098760
-0.133884
-0.128882
-0.099583
-0.100608
-0.111968
-0.136010
-0.140719
-0.108708
-0.048312
0.014637
0.048618
0.046606
0.006222
-0.024117
-0.037800
-0.020996
0.004487
0.027814
0.026822
0.025498
0.031598
0.068063
0.130763
0.195431
0.248410
0.284322
0.301323
0.319448
0.362186
0.405479
0.438980
0.433619
0.388838
0.288923
0.149680
-0.015932
-0.218599
-0.376934
-0.465914
-0.445935
-0.345865
-0.188484
-0.058893
0.015626
0.019858
-0.018648
-0.073836
-0.116127
-0.141405
-0.165752
-0.181322
-0.200733
-0.186391
-0.136470
-0.029104
0.078857
0.156063
0.161945
0.093895
-0.004609
-0.092486
-0.130131
-0.129755
-0.103823
-0.095590
-0.099329
-0.118137
-0.123075
-0.097012
-0.045722
0.003328
0.032472
0.031035
0.004645
-0.013792
-0.021680
-0.004238
0.015080
0.025622
0.022688
0.023207
0.032628
0.072637
0.134238
0.193796
0.241304
0.274511
0.298321
0.329873
0.375087
0.412949
0.434094
0.425064
0.388385
0.291446
0.164644
-0.006979
-0.226352
-0.401603
-0.489257
-0.458414
-0.337417
-0.159612
-0.029975
0.031678
0.013559
-0.036965
-0.094732
-0.121948
-0.131829
-0.144802
-0.170025
-0.200288
-0.194290
-0.148960
-0.036737
0.082954
0.166010
0.168745
0.096911
-0.013791
-0.103170
-0.141094
-0.131835
-0.099842
-0.086621
-0.092299
-0.123501
-0.133599
-0.109435
-0.052763
0.010149
0.044432
0.033759
-0.004554
-0.032847
-0.038374
-0.011291
0.024866
0.043859
0.040548
0.036158
0.033209
0.061669
0.126707
0.195568
0.252691
0.286510
0.302310
0.327833
0.372674
0.417890
0.443923
0.431600
0.386037
0.276476
0.131830
-0.068653
-0.289681
-0.443292
-0.500150
-0.439595
-0.301711
-0.132152
-0.020959
0.026430
0.006033
-0.039852
-0.093317
-0.121401
-0.146235
-0.171362
-0.198820
-0.217533
-0.194686
-0.127355
-0.014801
0.098461
0.166678
0.152162
0.071994
-0.031526
-0.111513
-0.141146
-0.131184
-0.111791
-0.105131
-0.116746
-0.131854
-0.132532
-0.097135
-0.039989
0.013373
0.039673
0.026154
-0.008428
-0.037251
-0.039991
-0.019217
0.012106
0.033619
0.036083
0.032388
0.041912
0.079056
0.139533
0.200388
0.249266
0.277141
0.304352
0.342866
0.384259
0.417352
0.426973
0.405903
0.348876
0.238082
0.093795
-0.106475
-0.315449
-0.458323
-0.499975
-0.420656
-0.270274
-0.103180
-0.008146
0.018007
-0.024426
-0.074553
-0.119056
-0.127980
-0.139360
-0.157497
-0.196030
-0.217211
-0.196123
-0.116091
0.015946
0.126877
0.178061
0.137648
0.040077
-0.071305
-0.132375
-0.142072
-0.110738
-0.088782
-0.093192
-0.118337
-0.145688
-0.141941
-0.093215
-0.030697
0.020304
0.039045
0.013633
-0.022456
-0.038743
-0.024991
0.004552
0.032637
0.039624
0.027631
0.021005
0.037259
0.093426
0.163034
0.226333
0.271131
0.286886
0.308289
0.342352
0.380462
0.425234
0.438225
0.419623
0.339573
0.203442
0.018357
-0.219780
-0.408113
-0.508685
-0.482723
-0.361834
-0.190618
-0.057323
0.012086
0.009754
-0.032399
-0.073085
-0.108744
-0.128197
-0.159668
-0.190093
-0.229466
-0.222027
-0.169700
-0.056861
0.072281
0.163157
0.172263
0.101759
-0.002102
-0.098169
-0.138850
-0.132154
-0.107717
-0.100472
-0.112022
-0.132804
-0.144112
-0.115895
-0.059952
-0.003584
0.029281
0.028665
-0.006124
-0.035124
-0.047953
-0.030382
0.003825
0.031816
0.039210
0.033440
0.035992
0.065782
0.124519
0.185365
0.238028
0.272441
0.299156
0.336044
0.384356
0.423919
0.444194
0.425661
0.371206
0.259061
0.116556
-0.066110
-0.277002
-0.420980
-0.484507
-0.432343
-0.306769
-0.144409
-0.038520
0.014261
-0.006441
-0.055725
-0.110560
-0.136307
-0.150154
-0.162850
-0.180414
-0.199503
-0.180517
-0.118993
0.001101
0.099992
0.166046
0.146245
0.064945
-0.040553
-0.116231
-0.141551
-0.124191
-0.090725
-0.088292
-0.099128
-0.125216
-0.131043
-0.104245
-0.045028
0.004815
0.032635
0.019444
-0.013319
-0.036037
-0.037413
-0.012028
0.015976
0.037770
0.036329
0.037390
0.039633
0.080618
0.136347
0.201783
0.255584
0.283613
0.305619
0.343138
0.394815
0.430740
0.450455
0.417187
0.345164
0.213059
0.065240
-0.130512
-0.320653
-0.439584
-0.468471
-0.393842
-0.257220
-0.106197
-0.020423
0.011281
-0.022843
-0.067054
-0.117906
-0.136948
-0.161859
-0.177488
-0.200175
-0.202413
-0.163086
-0.064608
0.051873
0.136657
0.170164
0.117426
0.024374
-0.072530
-0.125814
-0.142746
-0.118311
-0.092131
-0.090532
-0.105245
-0.121998
-0.112805
-0.082867
-0.027771
0.006573
0.021571
-0.000644
-0.023199
-0.038084
-0.026235
-0.000660
0.023724
0.039324
0.038769
0.041890
0.059515
0.109268
0.164554
0.221880
0.269690
0.298350
0.324816
0.365768
0.413478
0.440289
0.440469
0.397433
0.295396
0.146999
-0.022955
-0.235404
-0.394316
-0.470046
-0.439720
-0.332899
-0.176543
-0.059681
-0.003691
-0.006764
-0.044808
-0.093675
-0.128216
-0.144551
-0.169243
-0.190094
-0.211748
-0.193293
-0.121519
0.000245
0.102847
0.166168
0.150198
0.068068
-0.032482
-0.103352
-0.131322
-0.119479
-0.094549
-0.093941
-0.101460
-0.121710
-0.132350
-0.107635
-0.059547
-0.011044
0.018964
0.021263
-0.003527
-0.023021
-0.026208
-0.013664
0.004619
0.017709
0.020174
0.028035
0.049766
0.093790
0.147304
0.199101
0.236103
0.261675
0.282944
0.325168
0.385379
0.424611
0.450149
0.425428
0.369245
0.258103
0.124661
-0.065615
-0.277757
-0.428609
-0.493944
-0.442404
-0.307852
-0.134818
-0.025592
0.024835
-0.004768
-0.057055
-0.114007
-0.132812
-0.148039
-0.156043
-0.176796
-0.200160
-0.187566
-0.119797
0.002484
0.108141
0.179671
0.154538
0.067047
-0.046943
-0.122022
-0.148453
-0.125924
-0.096081
-0.085686
-0.103990
-0.130726
-0.135307
-0.103210
-0.040849
0.016666
0.044987
0.024188
-0.016727
-0.047489
-0.044762
-0.013600
0.027506
0.045565
0.039767
0.030267
0.038054
0.087782
0.158228
0.218649
0.260772
0.278077
0.288475
0.331301
0.392004
0.438633
0.462761
0.438076
0.359005
0.224129
0.080895
-0.109892
-0.299240
-0.422511
-0.462749
-0.411773
-0.284380
-0.130650
-0.032331
0.013678
-0.007078
-0.055125
-0.108842
-0.131441
-0.154764
-0.164429
-0.180991
-0.189869
-0.166537
-0.090517
0.019653
0.112143
0.165524
0.132537
0.047252
-0.052791
-0.118444
-0.147461
-0.124834
-0.101288
-0.093756
-0.100184
-0.115324
-0.117416
-0.086043
-0.031466
0.009831
0.029190
0.016195
-0.009476
-0.031221
-0.025552
-0.004894
0.013508
0.025785
0.027253
0.032102
0.056264
0.107053
0.157160
0.202124
0.228944
0.248351
0.268763
0.323676
0.378912
0.436116
0.451163
0.422615
0.357801
0.264711
0.143322
-0.004670
-0.203711
-0.378072
-0.478952
-0.469732
-0.360252
-0.189076
-0.041016
0.032988
0.025489
-0.033992
-0.096850
-0.137368
-0.142395
-0.146415
-0.159533
-0.187845
-0.194188
-0.147686
-0.036745
0.081697
0.167957
0.172777
0.092729
-0.021918
-0.117904
-0.151961
-0.136868
-0.096529
-0.084394
-0.091584
-0.124227
-0.138750
-0.116779
-0.055130
0.013309
0.050479
0.045292
-0.005004
-0.046474
-0.059646
-0.028024
0.012201
0.050224
0.052044
0.037751
0.029447
0.059854
0.119698
0.193419
0.252885
0.273573
0.271190
0.278632
0.323031
0.384094
0.439002
0.461267
0.422856
0.326421
0.192593
0.040643
-0.140284
-0.312033
-0.425200
-0.462202
-0.401811
-0.272344
-0.123179
-0.022335
0.022925
0.001543
-0.047340
-0.104577
-0.140249
-0.166265
-0.179392
-0.193753
-0.193875
-0.152645
-0.068538
0.034539
0.119181
0.154566
0.111741
0.027332
-0.066003
-0.126791
-0.146987
-0.124108
-0.104382
-0.098356
-0.113356
-0.125301
-0.116931
-0.082151
-0.028761
0.015395
0.028137
0.007635
-0.021186
-0.036875
-0.028849
-0.006319
0.013986
0.018917
0.012699
0.013190
0.039908
0.096908
0.163744
0.226381
0.264809
0.277634
0.281876
0.310576
0.352251
0.397039
0.419115
0.405108
0.343092
0.258205
0.148232
0.021648
-0.147968
-0.315510
-0.435490
-0.465918
-0.392646
-0.252871
-0.102257
-0.010522
0.010791
-0.029338
-0.083513
-0.130840
-0.145978
-0.154181
-0.161559
-0.185620
-0.180134
-0.134996
-0.049482
0.052443
0.129184
0.143415
0.083524
-0.007884
-0.096887
-0.140630
-0.139397
-0.110631
-0.094297
-0.097562
-0.122247
-0.139055
-0.125553
-0.080078
-0.017611
0.027318
0.034163
0.005048
-0.026109
-0.041811
-0.032734
-0.011167
0.010845
0.014520
0.016151
0.024689
0.049336
0.108529
0.174728
0.231451
0.267156
0.277069
0.275416
0.299353
0.341582
0.382830
0.411814
0.395249
0.344923
0.261257
0.152880
0.020591
-0.160060
-0.332488
-0.452220
-0.474596
-0.398239
-0.248913
-0.101774
-0.010410
0.006350
-0.029338
-0.082958
-0.122809
-0.137060
-0.149947
-0.167050
-0.197221
-0.196672
-0.145480
-0.049778
0.054910
0.132071
0.140346
0.075338
-0.018972
-0.106769
-0.145120
-0.144004
-0.114294
-0.102277
-0.103915
-0.127867
-0.140801
-0.123705
-0.069707
-0.005531
0.030252
0.029072
-0.006928
-0.040877
-0.049769
-0.030137
-0.002153
0.018711
0.015646
0.005704
0.009818
0.044014
0.108529
0.178925
0.235549
0.259331
0.266206
0.262662
0.288592
0.320446
0.363722
0.391423
0.392366
0.352077
0.292187
0.193837
0.068937
-0.110002
-0.305229
-0.445318
-0.496351
-0.430846
-0.288198
-0.124253
-0.024549
0.012041
-0.010026
-0.058541
-0.106905
-0.123653
-0.142828
-0.168517
-0.206429
-0.217090
-0.174724
