0.060506
0.005712
-0.078615
-0.130244
-0.178517
-0.183032
-0.133990
-0.097965
-0.096570
-0.092945
-0.070586
-0.056129
-0.038243
-0.040518
-0.076123
-0.091153
-0.048785
-0.018923
0.001087
0.029820
0.063881
0.102499
0.156382
0.172980
0.169140
0.194671
0.237614
0.277782
0.331691
0.376020
0.395673
0.367999
0.233961
-0.027493
-0.270541
-0.326621
-0.324602
-0.241270
-0.048238
0.102064
0.151947
0.165339
0.071681
-0.091059
-0.186623
-0.227849
-0.239473
-0.155006
-0.044265
0.012273
0.056489
0.063300
-0.022601
-0.121104
-0.172009
-0.215054
-0.201040
-0.131438
-0.082296
-0.040800
0.000444
-0.026276
-0.071976
-0.082819
-0.090810
-0.100652
-0.069133
-0.016512
0.012992
0.046038
0.061720
0.066186
0.090391
0.140851
0.170474
0.202695
0.239031
0.255399
0.282613
0.339057
0.367102
0.382452
0.316473
0.117992
-0.181024
-0.307871
-0.304903
-0.278706
-0.144515
0.032904
0.110538
0.139950
0.127082
-0.016142
-0.150893
-0.207076
-0.230433
-0.202841
-0.081624
-0.005078
0.022132
0.044202
0.012716
-0.067591
-0.115365
-0.157376
-0.185013
-0.157572
-0.143232
-0.109317
-0.057331
-0.023842
-0.043130
-0.062336
-0.084101
-0.091510
-0.098677
-0.079623
-0.036992
0.012093
0.048346
0.067669
0.080301
0.102702
0.152534
0.183154
0.199387
0.226524
0.256897
0.306769
0.361131
0.393297
0.399071
0.277519
-0.000539
-0.288306
-0.344587
-0.291463
-0.220972
-0.060556
0.073264
0.110269
0.131398
0.088645
-0.071082
-0.185849
-0.223766
-0.234995
-0.165935
-0.041753
0.010747
0.028408
0.038416
-0.020943
-0.101279
-0.153294
-0.215335
-0.227423
-0.149637
-0.081131
-0.045868
-0.019434
-0.034604
-0.076066
-0.082237
-0.092466
-0.105741
-0.093194
-0.037342
0.001612
0.032478
0.047538
0.053771
0.073897
0.118159
0.150580
0.177961
0.216595
0.252680
0.286261
0.328607
0.357665
0.375129
0.326528
0.153036
-0.131715
-0.311798
-0.279696
-0.203788
-0.133699
-0.020613
0.054199
0.073750
0.093872
0.030398
-0.112133
-0.198664
-0.212913
-0.197920
-0.109792
-0.017080
0.007527
0.011220
0.006823
-0.050793
-0.108721
-0.156615
-0.206153
-0.202780
-0.138621
-0.076269
-0.044953
-0.032096
-0.054461
-0.085323
-0.087500
-0.094928
-0.115913
-0.081191
-0.018551
0.014726
0.032847
0.039440
0.045313
0.087372
0.146864
0.170444
0.190584
0.224378
0.241769
0.278571
0.334386
0.354185
0.352742
0.311164
0.120635
-0.157303
-0.279506
-0.271253
-0.257899
-0.160065
-0.006520
0.068271
0.112842
0.115956
-0.000205
-0.134555
-0.185824
-0.218279
-0.196502
-0.101886
-0.032675
0.001731
0.035923
0.014696
-0.054991
-0.111966
-0.177584
-0.216859
-0.184226
-0.119629
-0.075892
-0.038712
-0.033006
-0.062153
-0.083701
-0.092124
-0.098438
-0.101543
-0.079757
-0.032197
0.009489
0.038131
0.053846
0.075761
0.105968
0.141238
0.153256
0.162805
0.215326
0.280076
0.319380
0.344875
0.365299
0.367790
0.289114
0.086634
-0.191663
-0.325542
-0.324323
-0.277676
-0.127171
0.047123
0.125695
0.143068
0.106532
-0.033502
-0.161175
-0.218079
-0.233925
-0.192390
-0.083817
-0.007941
0.032100
0.049799
-0.002387
-0.087770
-0.140214
-0.176529
-0.190801
-0.154155
-0.134621
-0.116130
-0.050418
-0.016379
-0.035831
-0.053213
-0.068242
-0.086214
-0.085585
-0.079377
-0.040507
0.011723
0.049507
0.064419
0.090298
0.117369
0.158808
0.175530
0.179214
0.207717
0.261776
0.315932
0.338427
0.369802
0.360950
0.249228
0.035916
-0.199277
-0.291980
-0.289251
-0.243346
-0.112683
0.046718
0.120008
0.139433
0.088128
-0.047957
-0.167742
-0.212149
-0.220204
-0.168435
-0.071371
-0.003571
0.027759
0.041022
-0.000733
-0.094535
-0.164725
-0.199186
-0.207938
-0.150991
-0.080890
-0.043363
-0.017107
-0.016735
-0.058344
-0.085628
-0.085634
-0.084598
-0.082625
-0.049629
-0.001638
0.026995
0.053112
0.069085
0.082170
0.114311
0.156825
0.171248
0.205469
0.249814
0.278006
0.317651
0.340756
0.370470
0.360482
0.232290
-0.049456
-0.265217
-0.304370
-0.269154
-0.193918
-0.044196
0.067995
0.111308
0.130539
0.055216
-0.081553
-0.174647
-0.210343
-0.213629
-0.131772
-0.043174
0.000078
0.017762
0.029876
-0.026899
-0.103225
-0.164954
-0.195458
-0.178442
-0.115171
-0.073360
-0.051369
-0.023530
-0.025647
-0.067132
-0.100860
-0.121051
-0.105076
-0.042546
0.001497
0.008865
0.019578
0.042926
0.056140
0.085058
0.127898
0.166688
0.197548
0.237829
0.270485
0.291698
0.303139
0.319035
0.356455
0.335335
0.196211
-0.071599
-0.273796
-0.318143
-0.275005
-0.179344
-0.018526
0.085296
0.122255
0.114106
0.030304
-0.102695
-0.181572
-0.214879
-0.209098
-0.129622
-0.035555
0.010162
0.029197
0.022560
-0.053030
-0.128247
-0.180581
-0.210027
-0.188716
-0.118097
-0.059405
-0.024413
-0.009846
-0.030607
-0.068532
-0.090552
-0.104226
-0.091168
-0.043619
0.005371
0.033280
0.055922
0.065019
0.063748
0.084693
0.141368
0.175541
0.195756
0.248002
0.278946
0.309896
0.342652
0.365377
0.349071
0.272629
0.051229
-0.219252
-0.302373
-0.274624
-0.235095
-0.108151
0.045790
0.094978
0.123560
0.094254
-0.040156
-0.163380
-0.195189
-0.216523
-0.168202
-0.067348
-0.008567
0.012742
0.026769
-0.017329
-0.089704
-0.126495
-0.186639
-0.232785
-0.162648
-0.080919
-0.042042
-0.002229
-0.008697
-0.058667
-0.074388
-0.079969
-0.112837
-0.101289
-0.031317
0.013030
0.047551
0.070482
0.069741
0.076859
0.116157
0.148263
0.175719
0.221201
0.256389
0.286783
0.326928
0.345414
0.362959
0.330597
0.184630
-0.079387
-0.263910
-0.273093
-0.234795
-0.170815
-0.036998
0.060377
0.098833
0.114159
0.038467
-0.096722
-0.177187
-0.199476
-0.195085
-0.120356
-0.039937
-0.004287
0.018942
0.023917
-0.032048
-0.096059
-0.153788
-0.205217
-0.196933
-0.128542
-0.077471
-0.036302
-0.008729
-0.032164
-0.069964
-0.088340
-0.110324
-0.094369
-0.040298
-0.001580
0.017969
0.041821
0.048691
0.063653
0.101504
0.142176
0.171348
0.206948
0.247856
0.276348
0.305107
0.325168
0.344974
0.351378
0.269264
0.057625
-0.201717
-0.288304
-0.249960
-0.199595
-0.099760
0.030277
0.081410
0.102819
0.085311
-0.034596
-0.155870
-0.195937
-0.201832
-0.157482
-0.062867
-0.007135
0.003751
0.017587
-0.004745
-0.063193
-0.109916
-0.146882
-0.194830
-0.194627
-0.125551
-0.066390
-0.019142
-0.008426
-0.042880
-0.080634
-0.089778
-0.099346
-0.079669
-0.035047
0.003384
0.031364
0.056629
0.062991
0.074170
0.122243
0.170146
0.189872
0.219318
0.266699
0.301097
0.323595
0.344532
0.363670
0.303195
0.159959
-0.078146
-0.264239
-0.285154
-0.239965
-0.164625
-0.025438
0.080763
0.106353
0.104461
0.026809
-0.101864
-0.180008
-0.199031
-0.194080
-0.116855
-0.033868
0.007340
0.028510
0.029909
-0.037818
-0.108085
-0.142357
-0.165319
-0.159444
-0.147389
-0.130233
-0.065154
-0.008002
-0.016530
-0.056010
-0.088076
-0.100199
-0.073989
-0.041383
-0.021302
0.003974
0.038915
0.060618
0.081828
0.111202
0.150697
0.178094
0.200994
0.233551
0.266270
0.304888
0.334914
0.365491
0.365679
0.257224
0.046573
-0.204812
-0.310965
-0.273834
-0.206719
-0.090985
0.041985
0.100463
0.112740
0.082149
-0.034582
-0.153561
-0.202849
-0.207827
-0.163353
-0.069335
-0.003633
0.020036
0.032878
0.002927
-0.064147
-0.123728
-0.170933
-0.192831
-0.154052
-0.092765
-0.058181
-0.028071
-0.025388
-0.064624
-0.097945
-0.105897
-0.095729
-0.058510
-0.010655
0.006280
0.013581
0.022863
0.037593
0.065885
0.126004
0.185152
0.214227
0.233093
0.257793
0.272257
0.293993
0.324981
0.346505
0.303238
0.171665
-0.042903
-0.234709
-0.249760
-0.202497
-0.169349
-0.078053
0.032914
0.082111
0.102657
0.057349
-0.070388
-0.168208
-0.189456
-0.181426
-0.128233
-0.044699
-0.010741
-0.001765
0.005377
-0.031326
-0.088541
-0.129551
-0.171288
-0.187376
-0.153502
-0.117101
-0.068481
-0.022074
-0.017482
-0.049051
-0.070656
-0.082880
-0.078406
-0.053043
-0.030448
-0.002648
0.043325
0.075395
0.092064
0.111698
0.146270
0.165808
0.193660
0.241965
0.271638
0.302161
0.329088
0.337051
0.314292
0.226498
0.038613
-0.201257
-0.274871
-0.248903
-0.223063
-0.102961
0.043400
0.094114
0.110343
0.081647
-0.054161
-0.161103
-0.189831
-0.199811
-0.162339
-0.061852
-0.012337
0.004232
0.019783
-0.016189
-0.097138
-0.139120
-0.174938
-0.191485
-0.136471
-0.079957
-0.058677
-0.030748
-0.031145
-0.074478
-0.089680
-0.081878
-0.081401
-0.052583
-0.010757
0.002773
0.023618
0.049172
0.057223
0.088465
0.150322
0.174224
0.179441
0.219349
0.248562
0.283021
0.324929
0.336178
0.324631
0.256982
0.093505
-0.128703
-0.258084
-0.224662
-0.200184
-0.142034
-0.028664
0.051610
0.083352
0.093890
0.004764
-0.124736
-0.177422
-0.189813
-0.165697
-0.094768
-0.033829
-0.012480
0.014204
0.004554
-0.059540
-0.117698
-0.149586
-0.172461
-0.155699
-0.140437
-0.128134
-0.055905
-0.018636
-0.040782
-0.070660
-0.081406
-0.088864
-0.065283
-0.042005
-0.025425
0.010981
0.053477
0.066647
0.089802
0.134984
0.164725
0.181668
0.217964
0.250670
0.276403
0.319488
0.336512
0.326792
0.270008
0.139820
-0.063857
-0.240455
-0.247027
-0.243531
-0.193047
-0.040048
0.082447
0.109376
0.105979
0.016575
-0.127337
-0.183146
-0.187719
-0.183761
-0.116132
-0.033945
-0.009760
0.013085
0.018048
-0.043169
-0.103725
-0.154786
-0.206137
-0.196933
-0.123598
-0.069528
-0.026728
-0.003049
-0.042867
-0.092635
-0.099104
-0.102169
-0.089398
-0.041325
-0.000442
0.029410
0.059038
0.063327
0.059009
0.103624
0.161183
0.189239
0.219441
0.253295
0.273639
0.304347
0.343376
0.348746
0.282482
0.158532
-0.045577
-0.229672
-0.228159
-0.180401
-0.182039
-0.096875
0.021394
0.076993
0.111524
0.077121
-0.073275
-0.175787
-0.191024
-0.187178
-0.133049
-0.045249
-0.016882
-0.001700
0.023848
-0.007821
-0.072263
-0.109528
-0.156180
-0.183797
-0.145426
-0.112920
-0.099548
-0.053460
-0.026344
-0.056712
-0.071922
-0.073410
-0.079491
-0.055329
-0.018403
-0.011395
0.013502
0.056363
0.078827
0.109773
0.162848
0.180931
0.194696
0.237926
0.268881
0.308745
0.346222
0.351021
0.315940
0.227618
0.077670
-0.140697
-0.251266
-0.230625
-0.204408
-0.139492
-0.002978
0.079283
0.105378
0.095561
-0.008149
-0.139569
-0.184744
-0.184042
-0.156400
-0.083652
-0.028336
-0.010145
0.018185
0.017026
-0.056162
-0.130553
-0.176793
-0.200782
-0.165059
-0.090149
-0.043753
-0.021680
-0.015257
-0.048332
-0.084615
-0.092599
-0.092076
-0.074584
-0.024921
0.013226
0.036049
0.058441
0.071931
0.077245
0.117930
0.160313
0.186880
0.227824
0.273331
0.291262
0.319409
0.332099
0.326951
0.264468
0.141153
-0.059431
-0.228364
-0.228535
-0.163116
-0.133769
-0.059857
0.032324
0.060503
0.075719
0.035252
-0.080547
-0.168246
-0.174190
-0.162448
-0.108546
-0.037640
-0.010133
-0.008286
0.005350
-0.038977
-0.109768
-0.157599
-0.187173
-0.183166
-0.113131
-0.053720
-0.032396
-0.019517
-0.040688
-0.082865
-0.091166
-0.081966
-0.078095
-0.039183
-0.000838
0.022982
0.044931
0.068791
0.074602
0.098994
0.148324
0.185250
0.222539
0.267067
0.280097
0.294040
0.316793
0.324840
0.299301
0.216353
0.040720
-0.180833
-0.241369
-0.203597
-0.184815
-0.124072
-0.000249
0.061347
0.101793
0.086888
-0.034524
-0.157061
-0.185196
-0.186942
-0.146016
-0.061554
-0.019007
-0.015510
0.003751
-0.022501
-0.092791
-0.132681
-0.168816
-0.193527
-0.146109
-0.086040
-0.056626
-0.023401
-0.022218
-0.073933
-0.103081
-0.097981
-0.093000
-0.054999
-0.005987
0.013812
0.035691
0.073130
0.075365
0.088962
0.139385
0.164575
0.200262
0.263289
0.295028
0.308099
0.335817
0.332420
0.306817
0.236916
0.052735
-0.190934
-0.268839
-0.211764
-0.155236
-0.095875
0.002859
0.042085
0.070960
0.071612
-0.024010
-0.149849
-0.189823
-0.192145
-0.148881
-0.061265
-0.011905
-0.012749
-0.011072
-0.031052
-0.091493
-0.129512
-0.154065
-0.175203
-0.142880
-0.088674
-0.073648
-0.047432
-0.035406
-0.062144
-0.096285
-0.122925
-0.114806
-0.067154
-0.013367
0.004871
0.020854
0.042892
0.058189
0.077654
0.122544
0.152295
0.186600
0.240449
0.281619
0.308831
0.328371
0.321535
0.326580
0.290039
0.144140
-0.105944
-0.267990
-0.282679
-0.206740
-0.133501
-0.029960
0.039061
0.074707
0.078807
0.011064
-0.107152
-0.182512
-0.201155
-0.184079
-0.112246
-0.041540
-0.006131
0.004845
-0.008756
-0.067619
-0.123544
-0.160663
-0.180828
-0.198058
-0.153515
-0.084073
-0.038121
-0.016648
-0.032338
-0.071240
-0.105449
-0.122976
-0.111535
-0.063723
-0.013487
0.024070
0.055623
0.074205
0.067913
0.088771
0.133085
0.160943
0.212332
0.276336
0.288013
0.311354
0.345869
0.341441
0.292728
0.173487
-0.054337
-0.244011
-0.250011
-0.184679
-0.138097
-0.077193
0.000426
0.029516
0.070698
0.039380
-0.067175
-0.168075
-0.187863
-0.188432
-0.126786
-0.049896
-0.022688
-0.021544
-0.012505
-0.054348
-0.105933
-0.142884
-0.184797
-0.197710
-0.144582
-0.093765
-0.062599
-0.026049
-0.035720
-0.071212
-0.093562
-0.124114
-0.125225
-0.066259
-0.016171
0.009292
0.041292
0.062340
0.064878
0.088268
0.127154
0.146259
0.183588
0.241062
0.283962
0.330356
0.346616
0.329144
0.307583
0.238071
0.037180
-0.192982
-0.282020
-0.239190
-0.133349
-0.067358
0.003788
0.030772
0.058169
0.037632
-0.031132
-0.141100
-0.196026
-0.199362
-0.145924
-0.070225
-0.014541
-0.006232
-0.015428
-0.034474
-0.071943
-0.108680
-0.142277
-0.158787
-0.156558
-0.142092
-0.117574
-0.068242
-0.044180
-0.048874
-0.059065
-0.082037
-0.111752
-0.094527
-0.056239
-0.023137
0.007807
0.037327
0.057932
0.083681
0.127490
0.158665
0.165485
0.198560
0.247106
0.277468
0.314671
0.337087
0.335208
0.304541
0.209221
-0.020602
-0.222007
-0.270180
-0.211068
-0.139229
-0.063694
0.011094
0.047722
0.078650
0.044010
-0.056394
-0.157285
-0.190331
-0.188442
-0.131512
-0.064756
-0.023628
-0.011150
0.000028
-0.041057
-0.099507
-0.145898
-0.183063
-0.183310
-0.142012
-0.093783
-0.052972
-0.018865
-0.026617
-0.058516
-0.081735
-0.113976
-0.129314
-0.075522
-0.012735
0.019534
0.043672
0.062564
0.063059
0.093420
0.138582
0.150611
0.184104
0.247960
0.273145
0.307969
0.351844
0.344278
0.319406
0.249322
0.047568
-0.203806
-0.265609
-0.215887
-0.133163
-0.069600
0.003770
0.020233
0.060291
0.060190
-0.025884
-0.134488
-0.186744
-0.196286
-0.149481
-0.063858
-0.020617
-0.007799
-0.003278
-0.021213
-0.068028
-0.097299
-0.138076
-0.161954
-0.180722
-0.163924
-0.094706
-0.029150
-0.010666
-0.038071
-0.079308
-0.115498
-0.104412
-0.080550
-0.051137
-0.017705
0.021821
0.042958
0.063905
0.084247
0.122894
0.158401
0.181621
0.209849
0.246367
0.290842
0.327220
0.345024
0.335075
0.295582
0.192105
-0.019122
-0.209363
-0.247148
-0.174611
-0.090016
-0.047030
0.005296
0.030613
0.058539
0.033140
-0.043896
-0.151339
-0.190214
-0.177530
-0.115258
-0.045656
-0.003322
0.000336
-0.013324
-0.052548
-0.112202
-0.156999
-0.180009
-0.175314
-0.132056
-0.071051
-0.031224
-0.016434
-0.028545
-0.066381
-0.106042
-0.114189
-0.092995
-0.054241
-0.003715
0.028989
0.048567
0.069596
0.077606
0.093116
0.135325
0.161978
0.207659
0.250539
0.289539
0.320203
0.343473
0.332750
0.303645
0.215746
0.031587
-0.170664
-0.228235
-0.178378
-0.103429
-0.070019
-0.026627
0.005550
0.044842
0.043471
-0.023440
-0.117925
-0.167396
-0.170091
-0.134408
-0.073365
-0.030650
-0.012798
-0.015260
-0.038535
-0.087141
-0.129747
-0.169907
-0.185494
-0.151467
-0.094546
-0.045619
-0.016959
-0.017711
-0.046878
-0.084239
-0.120607
-0.112163
-0.066657
-0.011247
0.022246
0.042797
0.055122
0.064708
0.075032
0.114520
0.148899
0.195652
0.245234
0.272764
0.283437
0.298011
0.310778
0.317528
0.279068
0.141998
-0.085304
-0.233363
-0.234080
-0.140756
-0.059732
-0.029404
-0.003166
0.014685
0.031326
-0.001245
-0.065259
-0.152379
-0.179986
-0.165281
-0.104093
-0.045561
-0.006404
-0.015628
-0.036052
-0.068152
-0.106098
-0.144465
-0.176635
-0.173758
-0.129102
-0.067374
-0.032948
-0.024112
-0.042492
-0.077434
-0.105506
-0.103672
-0.078174
-0.030315
0.011412
0.027076
0.041547
0.059591
0.073770
0.107317
0.137772
0.166536
0.221127
0.263330
0.291418
0.317814
0.326334
0.317644
0.291652
0.182515
-0.015615
-0.200613
-0.233024
-0.167510
-0.065506
-0.033595
-0.012596
-0.002649
0.024891
0.009446
-0.042264
-0.124445
-0.173679
-0.169364
-0.118028
-0.061656
-0.021197
-0.009885
-0.025854
-0.054890
-0.099187
-0.148059
-0.174967
-0.166309
-0.131410
-0.075290
-0.031897
-0.023247
-0.035717
-0.059213
-0.097522
-0.133160
-0.100697
-0.043417
0.009956
0.034961
0.043242
0.038595
0.058213
0.084071
0.125096
0.162555
0.212448
0.246750
0.274049
0.294052
0.324760
0.326204
0.313980
0.255254
0.106805
-0.129394
-0.252344
-0.222970
-0.111902
-0.031641
-0.001899
0.004146
0.011852
0.026588
-0.014800
-0.084447
-0.152479
-0.173314
-0.155940
-0.092427
-0.036854
-0.006014
-0.001696
-0.025814
-0.077175
-0.126903
-0.165193
-0.171767
-0.141710
-0.095076
-0.052428
-0.020861
-0.022209
-0.057032
-0.095867
-0.119495
-0.105950
-0.061686
-0.010707
0.014234
0.031999
0.046231
0.057017
0.075379
0.120569
0.157602
0.194321
0.239389
0.265204
0.286133
0.321041
0.336477
0.334394
0.290208
0.145982
-0.073611
-0.222016
-0.235526
-0.144794
-0.058251
-0.024598
0.006067
0.020176
0.034487
0.001711
-0.065070
-0.149816
-0.178097
-0.156446
-0.099040
-0.040190
-0.005061
-0.019483
-0.038831
-0.066072
-0.104160
-0.130283
-0.135542
-0.139750
-0.115584
-0.075517
-0.050769
-0.044529
-0.047340
-0.066616
-0.096654
-0.109184
-0.083723
-0.043274
-0.005475
0.015408
0.031521
0.049085
0.074315
0.102369
0.145520
0.177636
0.219511
0.249158
0.260900
0.276142
0.310856
0.341748
0.334866
0.259101
0.088949
-0.140470
-0.245508
-0.218524
-0.097638
-0.022956
0.003586
0.002261
0.017414
0.019976
-0.018986
-0.084970
-0.154505
-0.171940
-0.141745
-0.081122
-0.035050
-0.004504
-0.014725
-0.036824
-0.073553
-0.115548
-0.157267
-0.166036
-0.142411
-0.092324
-0.041428
-0.025317
-0.038263
-0.067805
-0.091963
-0.103836
-0.088959
-0.064438
-0.025011
0.004753
0.027356
0.042145
0.061095
0.081148
0.115156
0.151512
0.185089
0.221055
0.248711
0.284318
0.315760
0.337190
0.341466
0.299628
0.176631
-0.033594
-0.206312
-0.242236
-0.168330
-0.063997
-0.027562
0.003348
0.022916
0.038466
0.008245
-0.052018
-0.136484
-0.179760
-0.163215
-0.105325
-0.049770
-0.011239
-0.003803
-0.022656
-0.048784
-0.078204
-0.109001
-0.149559
-0.193451
-0.155612
-0.090220
-0.033180
-0.011601
-0.024574
-0.067838
-0.090660
-0.122729
-0.124991
-0.076893
-0.014407
0.021135
0.037545
0.044932
0.050453
0.085758
0.128830
0.155112
0.193898
0.246045
0.265555
0.287943
0.323933
0.339917
0.336212
0.282229
0.126150
-0.091429
-0.230579
-0.251129
-0.155684
-0.046389
0.001917
0.023240
0.029068
0.020569
-0.023174
-0.080976
-0.154898
-0.180044
-0.150831
-0.091057
-0.045780
-0.009956
-0.011742
-0.028783
-0.061868
-0.108318
-0.158756
-0.178656
-0.161276
-0.124167
-0.079127
-0.040538
-0.027793
-0.041894
-0.076016
-0.109670
-0.115139
-0.083612
-0.045306
-0.011342
0.007779
0.030935
0.053269
0.076220
0.101504
0.136831
0.167021
0.208970
0.239920
0.269895
0.291037
0.314342
0.331448
0.321476
0.223526
0.037421
-0.170837
-0.255013
-0.205595
-0.084129
-0.038558
-0.021023
-0.003242
0.021328
0.016682
-0.021821
-0.105283
-0.176513
-0.176419
-0.131530
-0.077336
-0.031497
-0.012306
-0.029768
-0.045920
-0.074449
-0.122857
-0.164058
-0.168556
-0.150991
-0.103967
-0.054372
-0.036874
-0.044935
-0.062491
-0.089832
-0.112661
-0.100863
-0.070123
-0.031820
0.004564
0.023189
0.032908
0.052883
0.070892
0.104059
0.145956
0.181871
0.225750
0.261939
0.267786
0.284674
0.316877
0.330274
0.291949
0.176010
-0.027505
-0.214183
-0.243546
-0.170225
-0.075957
-0.034188
0.007324
0.014125
0.028897
0.007830
-0.050111
-0.134915
-0.176896
-0.169017
-0.116724
-0.059144
-0.016780
-0.015243
-0.026748
-0.044095
-0.077540
-0.128507
-0.173525
-0.179339
-0.141795
-0.089942
-0.046591
-0.030444
-0.032775
-0.060846
-0.097035
-0.121689
-0.108709
-0.067879
-0.020256
0.004937
0.026636
0.046994
0.061621
0.081283
0.122465
0.151610
0.177907
0.224377
0.262106
0.293927
0.335100
0.334775
0.311426
0.266051
0.129292
-0.102432
-0.238225
-0.249035
-0.144647
-0.045295
-0.002600
0.012025
0.020616
0.029837
-0.009165
-0.074555
-0.157939
-0.185898
-0.161122
-0.087343
-0.038000
-0.002038
-0.007398
-0.025122
-0.055257
-0.088883
-0.132964
-0.158965
-0.174321
-0.135213
-0.077995
-0.044017
-0.032901
-0.039946
-0.069150
-0.081887
-0.091189
-0.120209
-0.090891
-0.031783
0.002083
0.021485
0.044169
0.050381
0.079352
0.134202
0.157687
0.170670
0.212429
0.246945
0.270853
0.312952
0.335077
0.327207
0.281805
0.170913
-0.052496
-0.225523
-0.253410
-0.168755
-0.057970
-0.001749
0.025191
0.021079
0.031165
0.000232
-0.059902
-0.141245
-0.179189
-0.168741
-0.109920
-0.052042
-0.007547
0.002004
-0.013198
-0.046811
-0.090120
-0.139247
-0.180854
-0.178400
-0.141497
-0.087995
-0.040866
-0.020240
-0.037872
-0.064092
-0.089627
-0.102914
-0.087814
-0.054990
-0.018815
0.007439
0.027072
0.042298
0.063363
0.084846
0.123057
0.154855
0.185299
0.224526
0.254279
0.268815
0.298038
0.327300
0.337195
0.287300
0.144045
-0.086827
-0.246648
-0.251428
-0.142728
-0.030693
0.004026
0.023047
0.018657
0.021290
-0.018270
-0.069778
-0.150700
-0.173958
-0.146166
-0.086924
-0.041769
-0.004725
-0.015140
-0.044325
-0.081416
-0.127940
-0.169712
-0.174499
-0.142564
-0.094334
-0.035931
-0.012506
-0.023130
-0.050365
-0.079426
-0.104816
-0.103253
-0.073694
-0.029314
0.013336
0.030543
0.032689
0.040204
0.056243
0.079694
0.130148
0.168279
0.203858
0.233428
0.254165
0.267412
0.290367
0.309295
0.304304
0.243403
0.098310
-0.125485
-0.234631
-0.203091
-0.089250
-0.030720
-0.017791
-0.016043
-0.002649
0.014254
-0.015393
-0.079971
-0.151919
-0.163411
-0.130882
-0.070598
-0.030369
-0.010659
-0.033212
-0.062285
-0.113855
-0.151558
-0.171172
-0.150776
-0.113377
-0.065638
-0.036970
-0.031080
-0.038969
-0.063247
-0.091948
-0.107049
-0.093096
-0.053975
-0.006001
0.018266
0.025484
0.036004
0.053438
0.064177
0.093007
0.137483
0.168144
0.207051
0.239830
0.251186
0.275012
0.311039
0.314831
0.288498
0.194601
0.005527
-0.182070
-0.233284
-0.177026
-0.074670
-0.018386
-0.001155
0.000944
0.015524
0.002681
-0.048152
-0.117895
-0.163146
-0.159271
-0.112054
-0.058653
-0.023080
-0.009824
-0.027498
-0.074185
-0.125901
-0.163463
-0.175500
-0.150592
-0.098479
-0.047065
-0.019186
-0.018823
-0.044023
-0.075733
-0.096678
-0.103805
-0.091617
-0.049621
-0.005272
0.025989
0.042447
0.049525
0.049200
0.065814
0.105656
0.143501
0.174044
0.213777
0.237439
0.246393
0.276533
0.308817
0.320254
0.280431
0.147625
-0.060419
-0.218757
-0.219886
-0.132889
-0.030759
-0.008857
-0.008443
-0.015533
0.001703
-0.015198
-0.057322
-0.131176
-0.171347
-0.147684
-0.091778
-0.041617
-0.011098
-0.018247
-0.056141
-0.092636
-0.136311
-0.164641
-0.171249
-0.135224
-0.085835
-0.039164
-0.023390
-0.033821
-0.058223
-0.082016
-0.104828
-0.106733
-0.076949
-0.032374
0.007677
0.024150
0.029392
0.029294
0.041733
0.069671
0.117749
0.147579
0.181689
0.223258
0.250749
0.259560
0.274546
0.275959
0.276187
0.239904
0.132398
-0.051477
-0.192040
-0.204896
-0.125996
-0.037403
-0.023804
-0.020081
-0.029405
-0.014241
-0.029036
-0.052995
-0.115821
-0.144883
-0.138482
-0.094736
-0.058785
-0.031239
-0.032754
-0.057816
-0.085281
-0.124720
-0.164029
-0.174094
-0.137362
-0.091137
-0.042679
-0.023086
-0.031360
-0.054896
-0.077603
-0.101174
-0.108011
-0.084269
-0.044393
-0.006814
0.015302
0.030556
0.031509
0.044452
0.080683
0.140413
0.179385
0.206994
0.212369
0.216216
0.245076
0.286090
0.305596
0.293541
0.211562
0.061201
-0.121646
-0.201855
-0.166381
-0.080814
-0.041481
-0.041818
-0.033764
-0.015738
0.004576
-0.021743
-0.080702
-0.149229
-0.156501
-0.127713
-0.080336
-0.049923
-0.033470
-0.043387
-0.055586
-0.093588
-0.125704
-0.143927
-0.140090
-0.123944
-0.087325
-0.056826
-0.041974
-0.040273
-0.056087
-0.074598
-0.099052
-0.105454
-0.080209
-0.035408
-0.003465
0.017115
0.032137
0.036470
0.050885
0.083342
0.126831
0.153237
0.191283
0.212750
0.225362
0.253979
0.291836
0.288196
0.281345
0.219991
0.079887
-0.101588
-0.201232
-0.179113
-0.097035
-0.021975
-0.017928
-0.015438
-0.014713
-0.004453
-0.033746
-0.076759
-0.142032
-0.157108
-0.123997
-0.073665
-0.041250
-0.024550
-0.036802
-0.058711
-0.079476
-0.118744
-0.149598
-0.153386
-0.127499
-0.098198
-0.055449
-0.035519
-0.039756
-0.055157
-0.075295
-0.095936
-0.099248
-0.076791
-0.044947
-0.010843
0.014112
0.031023
0.041429
0.061319
0.097758
0.145706
0.171263
0.190452
0.209053
0.225497
0.237242
0.268431
0.284085
0.275236
0.216323
0.093891
-0.087172
-0.196158
-0.173585
-0.090634
-0.020110
-0.013306
-0.022033
-0.028650
-0.015634
-0.031016
-0.066872
-0.122564
-0.137518
-0.115962
-0.075991
-0.041619
-0.029071
-0.042599
-0.054837
-0.071098
-0.101334
-0.159281
-0.180500
-0.134729
-0.084857
-0.039570
-0.022194
-0.033565
-0.060984
-0.074610
-0.103269
-0.109488
-0.075087
-0.025968
0.006536
0.029735
0.037270
0.038480
0.058779
0.096554
0.137658
0.172092
0.207136
0.222317
0.237870
0.253776
0.277036
0.291867
0.298553
0.219427
0.050686
-0.140097
-0.222548
-0.171406
-0.060912
0.018702
0.008120
-0.017072
-0.028185
-0.020411
-0.043410
-0.084679
-0.139995
-0.149694
-0.109124
-0.055569
-0.026567
-0.019365
-0.042150
-0.074839
-0.102107
-0.122173
-0.137000
-0.130302
-0.111454
-0.089604
-0.055794
-0.037357
-0.044945
-0.058852
-0.073102
-0.085492
-0.080440
-0.056393
-0.033158
-0.010971
0.009542
0.024609
0.043586
0.076942
0.116645
0.149182
0.167069
0.193848
0.213237
0.234307
0.258106
0.283882
0.287058
0.274752
0.204531
0.051766
-0.122125
-0.203749
-0.166298
-0.067621
0.033973
0.043067
0.003927
-0.027373
-0.042726
-0.076335
-0.096458
-0.120511
-0.128944
-0.093364
-0.045083
-0.026193
-0.024947
-0.038829
-0.076308
-0.102399
-0.123015
-0.138295
-0.124012
-0.093791
-0.074412
-0.058536
-0.044919
-0.048412
-0.056705
-0.072315
-0.089245
-0.087994
-0.056112
-0.028007
-0.006000
0.013831
0.035673
0.053643
0.074841
0.098276
0.134503
0.167620
0.196748
0.204586
0.225845
0.246801
0.276754
0.306177
0.303350
0.240051
0.076958
-0.113893
-0.218999
-0.186280
-0.082348
0.014072
0.025205
0.006133
-0.017593
-0.023967
-0.046493
-0.084194
-0.131155
-0.143473
-0.113203
-0.064583
-0.026824
-0.019769
-0.036670
-0.068915
-0.095961
-0.120888
-0.139040
-0.134017
-0.107509
-0.077803
-0.044241
-0.029233
-0.043072
-0.063922
-0.082423
-0.091359
-0.084060
-0.056023
-0.029639
-0.001842
0.019558
0.032245
0.045695
0.065832
0.098178
0.141612
0.171801
0.191052
0.199806
0.224906
0.244594
0.263493
0.286472
0.288086
0.227524
0.102755
-0.083081
-0.208594
-0.189556
-0.083632
0.024786
0.046520
0.005513
-0.038482
-0.048884
-0.057727
-0.072782
-0.107769
-0.130364
-0.114840
-0.066022
-0.029539
-0.021975
-0.040917
-0.073593
-0.101326
-0.128540
-0.148091
-0.143971
-0.103132
-0.066328
-0.034930
-0.021515
-0.038924
-0.065796
-0.082524
-0.096851
-0.092768
-0.056020
-0.017451
0.010426
0.033731
0.039926
0.041658
0.061215
0.097968
0.136886
0.165886
0.192412
0.207212
0.232548
0.261579
0.283137
0.297733
0.297947
0.230512
0.071434
-0.129235
-0.231102
-0.198811
-0.067941
0.039984
0.044722
0.007825
-0.026135
-0.045104
-0.061837
-0.082519
-0.123851
-0.137425
-0.104804
-0.056935
-0.026535
-0.016748
-0.040674
-0.088423
-0.113835
-0.125455
-0.128678
-0.115957
-0.082312
-0.061069
-0.043577
-0.040195
-0.056282
-0.071896
-0.078057
-0.085875
-0.078681
-0.043680
-0.016736
-0.004138
0.003697
0.015096
0.031014
0.064035
0.100368
0.140247
0.166451
0.187286
0.202776
0.216187
0.243157
0.264313
0.280178
0.278555
0.243762
0.123664
-0.054137
-0.189449
-0.200198
-0.112192
-0.000910
0.033535
0.009155
-0.019743
-0.035719
-0.047867
-0.068099
-0.107747
-0.136916
-0.116469
-0.075182
-0.039676
-0.024258
-0.034465
-0.072452
-0.099147
-0.124678
-0.143473
-0.139873
-0.106856
-0.073369
-0.039302
-0.022889
-0.037355
-0.059138
-0.076543
-0.090632
-0.092971
-0.061811
-0.023027
0.003115
0.018033
0.028926
0.037703
0.056779
0.082622
0.122167
0.155015
0.184768
0.209348
0.225892
0.252835
0.281019
0.284421
0.274830
0.244632
0.120170
-0.080708
-0.213095
-0.201911
-0.100579
0.017587
0.042231
-0.001642
-0.043263
-0.044537
-0.049699
-0.070095
-0.108587
-0.134672
-0.116362
-0.071847
-0.038329
-0.025343
-0.037709
-0.077277
-0.112195
-0.125767
-0.137164
-0.128334
-0.088203
-0.058069
-0.046524
-0.040356
-0.055281
-0.077865
-0.083990
-0.086190
-0.088363
-0.063302
-0.027564
-0.007794
0.004425
0.017318
0.025894
0.043170
0.076496
0.119999
0.153912
0.182197
0.201706
0.221574
0.247118
0.263813
0.271377
0.282998
0.253770
0.152775
-0.018501
-0.184739
-0.214611
-0.133073
-0.013123
0.026876
0.012227
-0.023874
-0.034998
-0.040983
-0.057121
-0.100683
-0.139049
-0.134168
-0.090763
-0.042245
-0.022251
-0.028203
-0.062547
-0.092760
-0.112331
-0.133799
-0.151284
-0.131488
-0.093540
-0.051324
-0.027932
-0.032024
-0.054159
-0.070552
-0.083546
-0.091023
-0.079766
-0.046317
-0.010434
0.015658
0.032020
0.037215
0.048516
0.070644
0.110222
0.142035
0.170365
0.197129
0.211401
0.233526
0.267299
0.273923
0.275146
0.272257
0.180867
-0.003679
-0.178193
-0.207372
-0.145257
-0.027848
0.027227
-0.000878
-0.038253
-0.030676
-0.032490
-0.053575
-0.082425
-0.125134
-0.133787
-0.091607
-0.051644
-0.040222
-0.037799
-0.049348
-0.071861
-0.079954
-0.125264
-0.176850
-0.142176
-0.091278
-0.055175
-0.026819
-0.021095
-0.054474
-0.066992
-0.081122
-0.108551
-0.097311
-0.045835
-0.013090
0.008127
0.021576
0.018590
0.031051
0.069164
0.101404
0.132264
0.168730
0.196995
0.211000
0.227767
0.243086
0.263163
0.289733
0.274775
0.179772
0.026553
-0.134565
-0.188816
-0.126554
-0.011638
0.039803
0.014486
-0.024818
-0.048217
-0.057358
-0.071198
-0.094873
-0.127650
-0.118585
-0.082080
-0.047179
-0.032235
-0.033882
-0.066551
-0.093671
-0.110342
-0.133591
-0.147558
-0.127061
-0.091211
-0.058524
-0.032792
-0.038493
-0.056764
-0.068799
-0.072924
-0.081319
-0.071705
-0.048266
-0.022298
0.001360
0.016696
0.022831
0.033153
0.056037
0.086945
0.136413
0.172245
0.196919
0.203586
0.208767
0.226697
0.264332
0.276112
0.265505
0.207849
0.084387
-0.095119
-0.183269
-0.138773
-0.050847
0.024495
0.023381
-0.023736
-0.060750
-0.050698
-0.062415
-0.083780
-0.108923
-0.119463
-0.101180
-0.052379
-0.031781
-0.048649
-0.062140
-0.074530
-0.091543
-0.114379
-0.137441
-0.137800
-0.104139
-0.069547
-0.045348
-0.029682
-0.037450
-0.062004
-0.077710
-0.088283
-0.093098
-0.063655
-0.026100
-0.007748
0.005452
0.021694
0.030819
0.052102
0.085860
0.124937
0.159301
0.195071
0.212470
0.218379
0.240889
0.269767
0.283924
0.277135
0.216211
0.082384
-0.093146
-0.180249
-0.145371
-0.042494
0.037036
0.027073
-0.024217
-0.061645
-0.063318
-0.069378
-0.078145
-0.110699
-0.123473
-0.096961
-0.054622
-0.033864
-0.035985
-0.056173
-0.081352
-0.092956
-0.121787
-0.136654
-0.127306
-0.098905
-0.073875
-0.047003
-0.034396
-0.043703
-0.062304
-0.079294
-0.090103
-0.086156
-0.061027
-0.036473
-0.015284
0.004035
0.022180
0.033106
0.052061
0.081213
0.118109
0.145149
0.177315
0.208402
0.234191
0.259889
0.272851
0.268444
0.274402
0.226368
0.092712
-0.083147
-0.187135
-0.163714
-0.054088
0.056349
0.048231
-0.023001
-0.077340
-0.081740
-0.080075
-0.073936
-0.100194
-0.120819
-0.105572
-0.063575
-0.039707
-0.035578
-0.054385
-0.078838
-0.089998
-0.097399
-0.108516
-0.104520
-0.088945
-0.094769
-0.117277
-0.086613
-0.048413
-0.035908
-0.039064
-0.057837
-0.091324
-0.100395
-0.066239
-0.044725
-0.023009
0.006140
0.031312
0.045366
0.073991
0.097529
0.121177
0.156544
0.191187
0.206833
0.222133
0.239094
0.262729
0.289223
0.283882
0.205548
0.043608
-0.137373
-0.217120
-0.152215
-0.015371
0.082852
0.070997
-0.007020
-0.071980
-0.101037
-0.104732
-0.105054
-0.113509
-0.113220
-0.081051
-0.043336
-0.025969
-0.035874
-0.071944
-0.118863
-0.139061
-0.138651
-0.124846
-0.091343
-0.065859
-0.060423
-0.055945
-0.053274
-0.065766
-0.075704
-0.080867
-0.078162
-0.062091
-0.035936
-0.021410
-0.012840
0.000561
0.016339
0.029376
0.050822
0.085963
0.134037
0.164839
0.178695
0.188194
0.212999
0.242732
0.255906
0.254405
0.251532
0.210536
0.099110
-0.045781
-0.154539
-0.158904
-0.067678
0.036643
0.063120
0.001532
-0.062020
-0.097658
-0.099429
-0.092789
-0.094548
-0.105126
-0.089618
-0.061170
-0.045137
-0.045204
-0.067316
-0.107200
-0.135598
-0.139063
-0.125898
-0.094542
-0.066952
-0.058362
-0.059776
-0.060528
-0.065358
-0.069965
-0.070306
-0.069539
-0.063484
-0.044805
-0.022697
-0.014385
-0.005904
0.011451
0.033853
0.054565
0.085084
0.113994
0.139801
0.176748
0.200780
0.216427
0.246934
0.269295
0.268599
0.263702
0.220414
0.090084
-0.072229
-0.175506
-0.155376
-0.049321
0.058112
0.069439
0.001451
-0.066088
-0.100164
-0.101782
-0.095909
-0.102832
-0.110880
-0.090898
-0.062460
-0.042253
-0.044466
-0.063397
-0.089319
-0.106910
-0.127535
-0.134585
-0.121355
-0.094713
-0.063780
-0.041711
-0.038900
-0.054680
-0.072254
-0.078741
-0.070184
-0.063552
-0.070509
-0.052820
-0.015326
0.005316
0.017022
0.031468
0.039179
0.066086
0.115548
0.132001
0.154361
0.192900
0.214174
0.233206
0.262339
0.269336
0.252998
0.233868
0.140638
-0.030341
-0.146190
-0.150276
-0.075852
0.033714
0.085485
0.022352
-0.059243
-0.097623
-0.110426
-0.100835
-0.086691
-0.094094
-0.086364
-0.051623
-0.042695
-0.051000
-0.061270
-0.082079
-0.098869
-0.100130
-0.104216
-0.106416
-0.115874
-0.100671
-0.068605
-0.046356
-0.037953
-0.053193
-0.073692
-0.083112
-0.074879
-0.069948
-0.044353
-0.023486
-0.012612
-0.000878
0.021840
0.036435
0.064591
0.108900
0.138667
0.157679
0.192114
0.217516
0.230599
0.245913
0.257382
0.255797
0.253683
0.198767
0.058374
-0.105503
-0.177121
-0.126358
-0.015494
0.074317
0.055572
-0.017941
-0.073422
-0.094440
-0.099145
-0.095024
-0.105111
-0.105861
-0.075907
-0.046887
-0.037951
-0.046663
-0.081621
-0.121262
-0.126725
-0.124849
-0.108538
-0.084645
-0.066311
-0.060474
-0.056090
-0.057231
-0.067062
-0.070096
-0.071959
-0.070674
-0.053003
-0.029066
-0.018427
-0.010547
-0.007320
0.002327
0.032378
0.075032
0.115678
0.144401
0.154210
0.172370
0.193658
0.219879
0.241287
0.265152
0.275423
0.259398
0.203729
0.065771
-0.099671
-0.173471
-0.123506
-0.022933
0.064672
0.060828
-0.013578
-0.079265
-0.092862
-0.090445
-0.089005
-0.096777
-0.103194
-0.083788
-0.053058
-0.039631
-0.051679
-0.074429
-0.111110
-0.124517
-0.116832
-0.099494
-0.077537
-0.057231
-0.057144
-0.064342
-0.063241
-0.068761
-0.068062
-0.067585
-0.063507
-0.053685
-0.033600
-0.025499
-0.014386
-0.001535
0.016808
0.036992
0.061573
0.097278
0.132441
0.154824
0.173696
0.189653
0.224920
0.250289
0.260623
0.256665
0.265208
0.210432
0.072901
-0.085411
-0.169654
-0.133850
-0.024590
0.074022
0.070945
-0.000731
-0.071197
-0.106481
-0.105321
-0.093636
-0.100515
-0.102966
-0.079737
-0.050451
-0.033413
-0.036621
-0.062540
-0.103926
-0.127977
-0.133040
-0.116330
-0.086892
-0.054649
-0.040829
-0.043300
-0.056538
-0.076553
-0.087302
-0.083310
-0.068292
-0.047377
-0.029913
-0.021894
-0.022624
-0.020061
-0.000945
0.022250
0.054016
0.095409
0.133514
0.156758
0.183886
0.196162
0.199198
0.205596
0.240684
0.272187
0.275568
0.243766
0.123145
-0.038422
-0.154235
-0.158184
-0.080075
0.036203
0.090351
0.045628
-0.036844
-0.090656
-0.120765
-0.115117
-0.099536
-0.100001
-0.088823
-0.055493
-0.039433
-0.039937
-0.056896
-0.096875
-0.125172
-0.132435
-0.120403
-0.101474
-0.078714
-0.065810
-0.056686
-0.045195
-0.052212
-0.070279
-0.080198
-0.078045
-0.061203
-0.034328
-0.019624
-0.017498
-0.009632
0.009151
0.030479
0.052411
0.084233
0.126448
0.153774
0.174283
0.188497
0.196039
0.215094
0.244986
0.264208
0.267504
0.230764
0.128087
-0.027491
-0.148534
-0.155259
-0.075217
0.032104
0.076871
0.026547
-0.052080
-0.091941
-0.110084
-0.100062
-0.094764
-0.102667
-0.094776
-0.067164
-0.048927
-0.052053
-0.067211
-0.100940
-0.124731
-0.122627
-0.105622
-0.090718
-0.075639
-0.068155
-0.059102
-0.050725
-0.058726
-0.074274
-0.079692
-0.077376
-0.076641
-0.051609
-0.032804
-0.019972
-0.001130
0.015823
0.018258
0.032895
0.067604
0.114853
0.148520
0.172756
0.186831
0.202102
0.224097
0.243250
0.252291
0.259051
0.242983
0.148168
-0.013811
-0.149830
-0.175845
-0.092782
0.029451
0.092188
0.049572
-0.043269
-0.102064
-0.126425
-0.112517
-0.099373
-0.094733
-0.089102
-0.071767
-0.051836
-0.041164
-0.057452
-0.096759
-0.132817
-0.131366
-0.112560
-0.089664
-0.067945
-0.060379
-0.061508
-0.065061
-0.068996
-0.081272
-0.081529
-0.077577
-0.064508
-0.044986
-0.027218
-0.021341
-0.015710
-0.002306
0.015648
0.044069
0.080441
0.118604
0.141560
0.160859
0.175916
0.195668
0.223110
0.253759
0.268886
0.258002
0.243887
0.163579
0.014378
-0.131607
-0.173907
-0.097573
0.013861
0.075596
0.044466
-0.030267
-0.091983
-0.108649
-0.108192
-0.103588
-0.104207
-0.088997
-0.065127
-0.049631
-0.045679
-0.063526
-0.092787
-0.119706
-0.125929
-0.119570
-0.096606
-0.072323
-0.055442
-0.049078
-0.053389
-0.066740
-0.082028
-0.082823
-0.080715
-0.065136
-0.043579
-0.026155
-0.019935
-0.011502
-0.007678
0.001868
0.027221
0.064611
0.109648
0.140583
0.161830
0.177723
0.195964
0.222331
0.244523
0.254968
0.259771
0.251404
0.185517
0.050334
-0.100936
-0.162946
-0.106048
0.003306
0.075145
0.063315
-0.012065
-0.085078
-0.118262
-0.113529
-0.101474
-0.100913
-0.087607
-0.066462
-0.046001
-0.038540
-0.052422
-0.093249
-0.125557
-0.136900
-0.128576
-0.101622
-0.075022
-0.059256
-0.057357
-0.058381
-0.066444
-0.075796
-0.085186
-0.089659
-0.070029
-0.037186
-0.012034
-0.002191
-0.000233
0.004985
0.014812
0.033482
0.067767
0.118255
0.155278
0.172723
0.183471
0.194112
0.217748
0.253448
0.275903
0.271267
0.250612
0.167474
0.008112
-0.143247
-0.175550
-0.089667
0.030821
0.103023
0.065171
-0.040193
-0.112352
-0.123724
-0.104983
-0.093022
-0.092421
-0.096570
-0.075977
-0.049178
-0.045248
-0.062725
-0.087205
-0.120566
-0.131402
-0.117089
-0.100263
-0.075316
-0.063229
-0.066825
-0.072300
-0.073150
-0.083351
-0.083417
-0.080390
-0.069699
-0.045188
-0.020809
-0.015513
-0.017382
-0.003307
0.017998
0.053709
0.100874
0.139725
0.155891
0.172465
0.183627
0.199933
0.229113
0.250264
0.278040
0.289124
0.246749
0.122063
-0.040109
-0.156892
-0.153568
-0.058735
0.044179
0.092231
0.058268
-0.033676
-0.101506
-0.134715
-0.133646
-0.116226
-0.094901
-0.077512
-0.053554
-0.036356
-0.042326
-0.064983
-0.106024
-0.136337
-0.137679
-0.116904
-0.096172
-0.075460
-0.067096
-0.069152
-0.072781
-0.081943
-0.093305
-0.089932
-0.071802
-0.057111
-0.038225
-0.020461
-0.014870
-0.010452
0.008535
0.026811
0.056000
0.102628
0.141038
0.155668
0.170033
0.188135
0.208883
0.232132
0.264282
0.281491
0.271414
0.231426
0.115751
-0.037955
-0.140881
-0.140942
-0.063136
0.036438
0.082492
0.041301
-0.033122
-0.088881
-0.128893
-0.133675
-0.113327
-0.103961
-0.085217
-0.051523
-0.034811
-0.044518
-0.061138
-0.098725
-0.128976
-0.134655
-0.122530
-0.105006
-0.075172
-0.060365
-0.068003
-0.076714
-0.088426
-0.094355
-0.085949
-0.075634
-0.071287
-0.052406
-0.031919
-0.020536
-0.009765
0.001556
0.016644
0.049956
0.100335
0.132184
0.156291
0.172781
0.174020
0.195210
0.224546
0.258477
0.289052
0.286684
0.240797
0.134442
-0.023235
-0.144913
-0.165925
-0.094698
0.011182
0.088038
0.078430
-0.000479
-0.076889
-0.129281
-0.144829
-0.129622
-0.107432
-0.088458
-0.059470
-0.037574
-0.039335
-0.068741
-0.108559
-0.140275
-0.151831
-0.134617
-0.112177
-0.087471
-0.071280
-0.065126
-0.071815
-0.082079
-0.092403
-0.093136
-0.078323
-0.054797
-0.031919
-0.013201
-0.000364
0.005989
0.015448
0.036479
0.072597
0.117420
0.151268
0.170582
0.179388
0.184553
0.194099
0.235769
0.273766
0.287698
0.264736
0.209074
0.083043
-0.078617
-0.172625
-0.142758
-0.044461
0.052367
0.090805
