0.233565
0.314175
0.278319
0.174787
0.072096
-0.045525
-0.167423
-0.280322
-0.377890
-0.403668
-0.311895
-0.141117
0.061997
0.228745
0.278052
0.227476
0.116832
-0.018067
-0.125243
-0.204779
-0.290893
-0.345227
-0.367820
-0.334576
-0.233341
-0.109495
-0.018050
0.018396
-0.032721
-0.107780
-0.150658
-0.164316
-0.135512
-0.103035
-0.099199
-0.109741
-0.111461
-0.108899
-0.076363
-0.035216
-0.008507
0.012150
0.020585
0.024840
0.042177
0.058946
0.064370
0.066003
0.054247
0.053745
0.076062
0.123552
0.184320
0.258363
0.311735
0.356215
0.395037
0.406825
0.420580
0.448197
0.443089
0.399992
0.363453
0.305994
0.212262
0.112449
-0.051537
-0.294316
-0.462512
-0.525697
-0.436229
-0.191738
0.066521
0.236239
0.310562
0.266038
0.159651
0.071810
-0.036899
-0.162690
-0.279960
-0.392118
-0.426699
-0.326310
-0.147241
0.063354
0.233343
0.276939
0.216299
0.109998
-0.021862
-0.122551
-0.195180
-0.290411
-0.354246
-0.382748
-0.352399
-0.246993
-0.110343
-0.011995
0.018778
-0.035844
-0.126573
-0.171478
-0.176031
-0.139679
-0.097422
-0.093169
-0.110067
-0.119119
-0.119189
-0.089720
-0.046895
-0.017820
-0.000705
0.013090
0.021071
0.041051
0.064620
0.066128
0.062149
0.043035
0.036169
0.064000
0.114118
0.185385
0.256455
0.311074
0.347682
0.393616
0.401483
0.419820
0.444538
0.430303
0.390874
0.333444
0.292030
0.198555
0.101564
-0.052139
-0.298604
-0.467643
-0.523326
-0.437060
-0.192706
0.064559
0.228138
0.293654
0.253255
0.148161
0.062334
-0.031019
-0.162867
-0.276096
-0.391891
-0.432023
-0.334738
-0.156291
0.052469
0.219161
0.270254
0.206627
0.107674
-0.016142
-0.118035
-0.181107
-0.280758
-0.351843
-0.379970
-0.353670
-0.250117
-0.114474
-0.022123
0.007672
-0.032948
-0.133325
-0.177898
-0.183629
-0.155341
-0.103983
-0.093266
-0.110207
-0.118465
-0.117142
-0.097974
-0.053166
-0.027907
-0.014748
0.002181
0.013728
0.033742
0.066413
0.067345
0.062762
0.046732
0.038864
0.066142
0.117254
0.181984
0.249824
0.308227
0.334982
0.381213
0.394835
0.410454
0.441288
0.435796
0.387622
0.350350
0.295488
0.189511
0.093229
-0.089040
-0.336473
-0.485945
-0.526951
-0.418216
-0.154853
0.087182
0.239579
0.301498
0.249336
0.149134
0.071971
-0.039098
-0.175632
-0.293548
-0.413288
-0.432786
-0.317392
-0.133207
0.075194
0.235657
0.266312
0.205322
0.109407
-0.015388
-0.110376
-0.179712
-0.284326
-0.354679
-0.377030
-0.344321
-0.230472
-0.093392
-0.013868
0.013610
-0.039178
-0.144821
-0.180017
-0.183643
-0.148402
-0.091288
-0.081193
-0.105059
-0.108729
-0.114456
-0.097532
-0.050849
-0.029471
-0.014720
0.009225
0.021764
0.044799
0.075344
0.074255
0.069500
0.059864
0.052107
0.083578
0.138688
0.205065
0.282572
0.340544
0.372471
0.405296
0.410928
0.419171
0.445704
0.421584
0.378246
0.345054
0.244178
0.117648
-0.018905
-0.264663
-0.458000
-0.513571
-0.463816
-0.249884
0.024305
0.203256
0.297993
0.302641
0.203345
0.111393
0.016515
-0.132079
-0.262305
-0.372297
-0.439366
-0.361875
-0.188163
0.007282
0.194102
0.281478
0.244337
0.164297
0.051855
-0.071124
-0.150607
-0.233559
-0.331506
-0.360502
-0.342222
-0.264185
-0.125246
-0.018720
0.013572
-0.013175
-0.107675
-0.177102
-0.180022
-0.156015
-0.107449
-0.072332
-0.087715
-0.102727
-0.100475
-0.096741
-0.065427
-0.035001
-0.022637
-0.004847
0.022983
0.041149
0.073406
0.089088
0.079494
0.069324
0.059021
0.073165
0.118306
0.187441
0.253188
0.318772
0.358868
0.380332
0.389325
0.389185
0.419711
0.422779
0.381008
0.363931
0.291072
0.157576
0.046455
-0.164126
-0.381198
-0.472360
-0.470006
-0.334020
-0.075283
0.129209
0.248828
0.307154
0.242686
0.149910
0.069227
-0.067142
-0.207058
-0.314672
-0.407100
-0.387512
-0.246329
-0.073557
0.113524
0.247349
0.252077
0.198415
0.108821
-0.014444
-0.109967
-0.187412
-0.284414
-0.343016
-0.337381
-0.296115
-0.179200
-0.060231
-0.004073
0.005491
-0.052994
-0.155257
-0.184888
-0.179474
-0.142178
-0.083743
-0.065575
-0.087590
-0.089374
-0.094768
-0.087725
-0.047891
-0.033204
-0.015851
0.010992
0.033790
0.056289
0.082959
0.083359
0.075103
0.072107
0.072715
0.104910
0.162751
0.219041
0.284537
0.336427
0.371384
0.369266
0.374519
0.384656
0.386471
0.377329
0.353499
0.320066
0.215947
0.098773
-0.077227
-0.296218
-0.435902
-0.472260
-0.385134
-0.175378
0.040823
0.192427
0.269216
0.259253
0.185742
0.108742
-0.002138
-0.144046
-0.266733
-0.373348
-0.394598
-0.303105
-0.145066
0.034513
0.182668
0.238924
0.208882
0.145096
0.038873
-0.060337
-0.147951
-0.236128
-0.317498
-0.344752
-0.318627
-0.240902
-0.121348
-0.037621
-0.010648
-0.047921
-0.109960
-0.152205
-0.153199
-0.127831
-0.094903
-0.087496
-0.097668
-0.108122
-0.106413
-0.083462
-0.055740
-0.025398
-0.012344
0.007886
0.023402
0.050176
0.070952
0.081526
0.081981
0.071456
0.074175
0.092448
0.141482
0.193462
0.255034
0.311223
0.338620
0.350085
0.345438
0.360887
0.363175
0.353720
0.340586
0.322196
0.264389
0.167848
0.040019
-0.158001
-0.342438
-0.441837
-0.432719
-0.293043
-0.083816
0.096531
0.211421
0.249256
0.214119
0.150195
0.070942
-0.048789
-0.178137
-0.297475
-0.377543
-0.354027
-0.240750
-0.074940
0.089800
0.196758
0.214859
0.174965
0.099750
0.003742
-0.082535
-0.166868
-0.262502
-0.331502
-0.343916
-0.304785
-0.207833
-0.098278
-0.035006
-0.044255
-0.077293
-0.119785
-0.120399
-0.099689
-0.076200
-0.080239
-0.104359
-0.126336
-0.134096
-0.101512
-0.065266
-0.021948
0.002284
0.012797
0.024842
0.041891
0.063074
0.079998
0.087880
0.082120
0.076091
0.089402
0.121941
0.174138
0.228147
0.274253
0.316271
0.334613
0.339490
0.336488
0.358202
0.344015
0.330133
0.329731
0.296083
0.230032
0.118997
-0.042498
-0.249919
-0.389686
-0.442389
-0.375009
-0.195970
-0.006831
0.139810
0.223413
0.226425
0.185631
0.122096
0.025600
-0.101535
-0.226880
-0.334856
-0.372023
-0.302097
-0.173103
-0.004931
0.131439
0.195731
0.190757
0.140825
0.060370
-0.030820
-0.110962
-0.205930
-0.298508
-0.344082
-0.345729
-0.280746
-0.175104
-0.082468
-0.057255
-0.057677
-0.080291
-0.097228
-0.078735
-0.073357
-0.081601
-0.108352
-0.136842
-0.151066
-0.122140
-0.081675
-0.037842
-0.002214
0.008700
0.015419
0.033353
0.047313
0.068036
0.083103
0.080175
0.076021
0.079395
0.097602
0.138385
0.189601
0.232124
0.279871
0.313181
0.323083
0.338445
0.346101
0.334277
0.318683
0.295192
0.286351
0.277406
0.223672
0.105553
-0.047475
-0.252016
-0.394864
-0.423807
-0.345392
-0.179387
0.002573
0.123987
0.183752
0.195647
0.159774
0.108960
0.027790
-0.099125
-0.230794
-0.330783
-0.363411
-0.292346
-0.152661
-0.002652
0.117096
0.170620
0.157565
0.114789
0.051885
-0.030159
-0.108335
-0.218462
-0.318999
-0.367809
-0.360137
-0.282146
-0.165031
-0.083071
-0.062899
-0.054194
-0.077004
-0.077723
-0.064247
-0.071401
-0.096629
-0.126256
-0.153404
-0.151483
-0.108519
-0.067519
-0.023875
0.004141
0.006488
0.016374
0.032251
0.045613
0.069342
0.084758
0.079690
0.078467
0.084717
0.104851
0.148190
0.204942
0.243476
0.289913
0.311482
0.317855
0.336627
0.352169
0.354367
0.330304
0.324537
0.299270
0.265945
0.173782
0.044333
-0.137639
-0.326379
-0.426976
-0.421979
-0.296883
-0.110601
0.064146
0.172342
0.214641
0.199965
0.149454
0.079243
-0.024302
-0.157611
-0.278344
-0.361333
-0.352756
-0.252311
-0.099109
0.054405
0.156739
0.188793
0.159156
0.102978
0.022679
-0.062989
-0.145691
-0.262258
-0.348749
-0.378535
-0.345247
-0.242745
-0.123359
-0.058921
-0.047663
-0.049264
-0.074594
-0.071804
-0.065511
-0.081305
-0.104925
-0.133355
-0.151128
-0.135025
-0.092115
-0.050545
-0.008873
0.012340
0.015095
0.028695
0.045473
0.062558
0.086805
0.090762
0.081899
0.080969
0.091871
0.123130
0.177968
0.227989
0.271529
0.309458
0.326275
0.339336
0.354785
0.356423
0.345003
0.322793
0.302317
0.294903
0.226653
0.122538
-0.031178
-0.236389
-0.386968
-0.428688
-0.363995
-0.196538
-0.006587
0.124996
0.197335
0.212693
0.173923
0.123237
0.044005
-0.083537
-0.211529
-0.319980
-0.365272
-0.302864
-0.168413
-0.014363
0.117133
0.183188
0.174309
0.137947
0.071879
-0.011099
-0.091825
-0.187866
-0.300842
-0.358257
-0.357572
-0.293955
-0.174647
-0.072579
-0.042427
-0.051213
-0.072455
-0.094876
-0.078930
-0.070176
-0.079466
-0.105157
-0.127140
-0.141284
-0.113509
-0.071895
-0.036537
-0.000722
0.008418
0.016110
0.034318
0.056550
0.074415
0.094590
0.093157
0.084204
0.090171
0.108380
0.145915
0.205335
0.251185
0.296590
0.324636
0.334313
0.340721
0.366910
0.371395
0.351884
0.339148
0.317420
0.249420
0.147283
0.000628
-0.211135
-0.379276
-0.452661
-0.411490
-0.245848
-0.038314
0.118437
0.218194
0.239310
0.200804
0.144752
0.061863
-0.065774
-0.198733
-0.319267
-0.386804
-0.338937
-0.211834
-0.046064
0.110466
0.196184
0.203723
0.165322
0.095973
0.003664
-0.081237
-0.179346
-0.275889
-0.352852
-0.362315
-0.308888
-0.201271
-0.084789
-0.018603
-0.032687
-0.075346
-0.109883
-0.119371
-0.098986
-0.083893
-0.093312
-0.117778
-0.128931
-0.128250
-0.090942
-0.052605
-0.021990
-0.001140
0.009237
0.023380
0.045788
0.069872
0.080951
0.090700
0.082877
0.079939
0.098251
0.133569
0.187280
0.237200
0.285324
0.315744
0.335496
0.342412
0.359653
0.367210
0.357281
0.340260
0.324024
0.261688
0.155651
0.012167
-0.194623
-0.376628
-0.456215
-0.422603
-0.272944
-0.061020
0.102861
0.205054
0.241652
0.209627
0.152987
0.074010
-0.052633
-0.193748
-0.316144
-0.390194
-0.357877
-0.229902
-0.067254
0.091391
0.189679
0.205808
0.171981
0.109397
0.018026
-0.073875
-0.172461
-0.272726
-0.353979
-0.369092
-0.319070
-0.215703
-0.098261
-0.029963
-0.036057
-0.076543
-0.108073
-0.120840
-0.100341
-0.087118
-0.097003
-0.117168
-0.131778
-0.130290
-0.096686
-0.058587
-0.028282
-0.005400
0.006545
0.022094
0.047180
0.072412
0.087224
0.097555
0.091731
0.088209
0.106785
0.137129
0.188468
0.239833
0.293259
0.322918
0.330480
0.344683
0.353223
0.361877
0.357540
0.359624
0.337033
0.259013
0.123951
-0.061404
-0.284881
-0.440748
-0.475992
-0.392330
-0.206573
-0.001379
0.145409
0.230472
0.255079
0.219607
0.159951
0.053108
-0.098821
-0.254849
-0.371352
-0.408741
-0.331865
-0.177600
-0.009310
0.135806
0.208844
0.212334
0.175952
0.104825
0.006317
-0.102301
-0.213953
-0.320346
-0.384667
-0.369221
-0.292889
-0.173706
-0.063598
-0.020660
-0.040496
-0.072605
-0.098634
-0.103013
-0.084733
-0.091146
-0.108519
-0.124486
-0.132373
-0.112386
-0.073776
-0.041195
-0.015469
0.003841
0.014862
0.039014
0.068524
0.086421
0.099519
0.100691
0.089523
0.097444
0.119606
0.161642
0.217517
0.266025
0.305499
0.330241
0.344772
0.354857
0.374695
0.360134
0.353382
0.343650
0.305981
0.225961
0.099838
-0.085095
-0.297964
-0.428978
-0.456259
-0.353650
-0.159061
0.031707
0.165177
0.236616
0.236699
0.200063
0.137827
0.032453
-0.112503
-0.254273
-0.365625
-0.386973
-0.297480
-0.146875
0.023761
0.153253
0.209379
0.202047
0.159460
0.083408
-0.009917
-0.109580
-0.229744
-0.345065
-0.396898
-0.376598
-0.283783
-0.152152
-0.059745
-0.031418
-0.037402
-0.057484
-0.072998
-0.060669
-0.068430
-0.091474
-0.120501
-0.144997
-0.140248
-0.101043
-0.054911
-0.017829
0.010304
0.016672
0.029528
0.053559
0.075555
0.099652
0.109110
0.102863
0.096478
0.107863
0.134490
0.182748
0.237039
0.285207
0.327752
0.345428
0.351751
0.364686
0.365674
0.346899
0.340651
0.331166
0.290494
0.196288
0.059055
-0.138246
-0.336874
-0.442676
-0.433670
-0.308855
-0.115557
0.059302
0.168160
0.225604
0.222369
0.183998
0.119638
0.003568
-0.147763
-0.286519
-0.379042
-0.374085
-0.265929
-0.108474
0.046323
0.158502
0.195646
0.182353
0.137969
0.061358
-0.033427
-0.139936
-0.280935
-0.391126
-0.420864
-0.381326
-0.264862
-0.138542
-0.066508
-0.037231
-0.026519
-0.045875
-0.042972
-0.046123
-0.081247
-0.115112
-0.149282
-0.165217
-0.138596
-0.082613
-0.040183
0.003829
0.018443
0.020386
0.038356
0.061342
0.082083
0.106112
0.110270
0.098748
0.102984
0.115305
0.150244
0.205665
0.255276
0.298933
0.328377
0.341011
0.363567
0.390208
0.385289
0.372679
0.370554
0.330692
0.246976
0.119191
-0.058956
-0.275387
-0.430604
-0.478861
-0.403819
-0.223855
-0.018747
0.133043
0.225580
0.249107
0.216134
0.158635
0.055014
-0.090837
-0.243884
-0.365730
-0.412266
-0.343934
-0.198080
-0.027216
0.121670
0.199018
0.207996
0.174520
0.102566
0.004962
-0.100925
-0.225006
-0.363915
-0.429328
-0.421318
-0.333922
-0.199616
-0.090946
-0.042642
-0.026783
-0.031549
-0.048959
-0.042954
-0.067221
-0.102430
-0.138690
-0.165047
-0.160928
-0.117129
-0.067161
-0.024232
0.009385
0.014868
0.024136
0.047934
0.067620
0.090865
0.105033
0.094639
0.086348
0.093836
0.119152
0.168902
0.226002
0.270765
0.310979
0.343717
0.351827
0.373423
0.385094
0.380393
0.362243
0.347828
0.308330
0.214305
0.085584
-0.093093
-0.306312
-0.445613
-0.471788
-0.382467
-0.191704
0.010136
0.148602
0.227437
0.239146
0.195500
0.135044
0.029328
-0.118656
-0.264387
-0.377811
-0.410456
-0.327386
-0.172593
-0.005174
0.136108
0.200359
0.197403
0.157712
0.081466
-0.017675
-0.120668
-0.257350
-0.396403
-0.447104
-0.427106
-0.321115
-0.176104
-0.077854
-0.041159
-0.020461
-0.036079
-0.046383
-0.039670
-0.077619
-0.114255
-0.150390
-0.173313
-0.158287
-0.104689
-0.058974
-0.014635
0.014058
0.013237
0.029521
0.051606
0.072817
0.099289
0.108731
0.095071
0.089830
0.099539
0.133732
0.188252
0.241850
0.288689
0.319582
0.340799
0.357141
0.376304
0.384388
0.380899
0.367519
0.361354
0.308349
0.194970
0.049532
-0.167526
-0.385154
-0.495392
-0.483305
-0.352428
-0.133008
0.058811
0.180876
0.250020
0.246083
0.198834
0.130674
-0.002147
-0.169592
-0.319445
-0.423893
-0.422289
-0.300642
-0.129616
0.041362
0.171339
0.213860
0.201671
0.155878
0.067108
-0.039505
-0.159224
-0.322976
-0.441829
-0.471686
-0.424248
-0.286465
-0.145810
-0.061915
-0.017818
-0.002574
-0.021354
-0.023572
-0.044273
-0.095215
-0.135389
-0.171836
-0.182125
-0.142503
-0.087896
-0.039790
0.002446
0.016344
0.019803
0.040527
0.060525
0.085191
0.109552
0.108299
0.096510
0.097552
0.111437
0.149114
0.206807
0.256932
0.296533
0.340405
0.358860
0.382854
0.403818
0.399749
0.379224
0.357769
0.339916
0.262640
0.144936
-0.022699
-0.253720
-0.440202
-0.502574
-0.444553
-0.262289
-0.042767
0.119803
0.212214
0.248459
0.218944
0.172622
0.089801
-0.059090
-0.220704
-0.364118
-0.435560
-0.384128
-0.233566
-0.057398
0.102583
0.195693
0.207373
0.185323
0.125143
0.032644
-0.073133
-0.206321
-0.372669
-0.464145
-0.468657
-0.384905
-0.228617
-0.099487
-0.037013
-0.007625
-0.010805
-0.030191
-0.024419
-0.057249
-0.103443
-0.145968
-0.178936
-0.173202
-0.119075
-0.063094
-0.015942
0.018879
0.020001
0.026996
0.052987
0.075155
0.102869
0.120074
0.109373
0.098652
0.105490
0.125067
0.176237
0.235173
0.282311
0.328423
0.358729
0.369559
0.394090
0.417681
0.412804
0.397666
0.382508
0.321490
0.211340
0.072181
-0.150713
-0.385094
-0.511276
-0.519886
-0.383091
-0.144307
0.065089
0.204550
0.273613
0.263494
0.212393
0.148365
0.016059
-0.152174
-0.314937
-0.439320
-0.448522
-0.327996
-0.146688
0.043873
0.187717
0.234739
0.224039
0.176538
0.086594
-0.020197
-0.141149
-0.305025
-0.450712
-0.493066
-0.454968
-0.309216
-0.143419
-0.039339
-0.001077
0.006484
-0.022117
-0.032405
-0.040257
-0.086901
-0.126006
-0.166963
-0.182813
-0.149509
-0.089063
-0.039163
0.004173
0.020883
0.021582
0.043665
0.070056
0.096148
0.123942
0.125277
0.109157
0.105467
0.121923
0.162377
0.221608
0.279648
0.320384
0.358116
0.377642
0.401182
0.440290
0.432147
0.415497
0.414317
0.333851
0.217665
0.058035
-0.190043
-0.432870
-0.539445
-0.530485
-0.369865
-0.112900
0.085107
0.221388
0.291795
0.274717
0.228688
0.158224
0.003392
-0.178143
-0.345925
-0.468343
-0.457064
-0.316345
-0.133393
0.062455
0.202420
0.243497
0.239367
0.196691
0.100009
-0.012958
-0.153006
-0.306714
-0.432472
-0.482583
-0.432672
-0.302883
-0.143496
-0.039126
0.000614
-0.011738
-0.034367
-0.052784
-0.056524
-0.083679
-0.120431
-0.156413
-0.175182
-0.150333
-0.103301
-0.051706
-0.017961
0.004238
0.012430
0.034070
0.066303
0.094574
0.116576
0.118950
0.104143
0.094631
0.108102
0.149383
0.204621
0.264970
0.316780
0.356118
0.371186
0.403283
0.435435
0.436007
0.424473
0.410961
0.349015
0.245632
0.090644
-0.144468
-0.401644
-0.542849
-0.547805
-0.404970
-0.150491
0.068033
0.213402
0.285806
0.282348
0.241639
0.178865
0.042902
-0.143500
-0.326858
-0.464522
-0.478308
-0.351156
-0.161214
0.040485
0.190149
0.247940
0.247005
0.213865
0.134180
0.021807
-0.117679
-0.282045
-0.405250
-0.477783
-0.442053
-0.320613
-0.171242
-0.048797
0.005410
-0.006376
-0.040062
-0.054157
-0.070030
-0.080457
-0.107188
-0.149774
-0.170499
-0.156729
-0.120225
-0.067528
-0.031209
-0.011338
0.001563
0.024478
0.052434
0.089966
0.110540
0.108182
0.101645
0.088380
0.095413
0.133147
0.179338
0.232640
0.286372
0.331491
0.359459
0.383759
0.415539
0.439822
0.411048
0.397707
0.391519
0.318625
0.211809
0.033021
-0.244514
-0.480116
-0.561574
-0.517334
-0.309044
-0.049648
0.123133
0.234597
0.283158
0.259351
0.233920
0.159759
-0.010493
-0.207316
-0.388790
-0.499308
-0.449156
-0.280311
-0.088033
0.104020
0.214016
0.237695
0.236608
0.198150
0.107873
-0.008543
-0.169768
-0.344718
-0.451781
-0.493410
-0.413379
-0.257214
-0.105416
-0.009125
0.015984
-0.021869
-0.053998
-0.060827
-0.076780
-0.089974
-0.123846
-0.164019
-0.169596
-0.137874
-0.100121
-0.052196
-0.029001
-0.018525
0.002892
0.033905
0.068873
0.102951
0.112591
0.101019
0.090473
0.082915
0.096556
0.145009
0.187295
0.242664
0.294830
0.339625
0.366760
0.385166
0.409013
0.420175
0.395710
0.385407
0.369197
0.299285
0.190824
0.008667
-0.251854
-0.471490
-0.545251
-0.493341
-0.288361
-0.048266
0.122021
0.229205
0.271024
0.253707
0.221139
0.142029
-0.023514
-0.213028
-0.386502
-0.482729
-0.429827
-0.270305
-0.080352
0.098578
0.202601
0.229992
0.227128
0.188015
0.098877
-0.016654
-0.178252
-0.341610
-0.447536
-0.486809
-0.400644
-0.255302
-0.107568
-0.013299
0.012371
-0.020457
-0.048662
-0.062122
-0.082505
-0.097647
-0.131914
-0.165034
-0.167423
-0.141974
-0.103369
-0.058583
-0.032489
-0.015091
0.008092
0.037661
0.068396
0.096650
0.099937
0.090328
0.081992
0.076321
0.091338
0.136230
0.178249
0.225244
0.277277
0.322268
0.362865
0.388208
0.403984
0.414039
0.382203
0.360167
0.355167
0.313039
0.230394
0.072963
-0.155257
-0.403409
-0.520828
-0.506685
-0.352125
-0.120238
0.066279
0.184336
0.242711
0.248224
0.224598
0.169659
0.037938
-0.149018
-0.328372
-0.451110
-0.448462
-0.318813
-0.140412
0.036498
0.159352
0.208315
0.214776
0.196149
0.132286
0.025120
-0.118435
-0.289754
-0.415190
-0.478031
-0.430926
-0.300806
-0.151040
-0.038468
-0.001636
-0.012670
-0.049033
-0.061230
-0.077094
-0.093857
-0.125337
-0.156553
-0.166460
-0.147561
-0.107453
-0.072171
-0.044912
-0.029257
-0.009251
0.021599
0.058230
0.087973
0.102786
0.097568
0.088612
0.081757
0.088212
0.116361
0.156277
0.196701
0.247683
0.299626
0.342577
0.375840
0.395139
0.400271
0.372957
0.349481
0.345367
0.323025
0.284079
0.160108
-0.025131
-0.263624
-0.460375
-0.511549
-0.429992
-0.237638
-0.032489
0.118165
0.195846
0.230919
0.232150
0.198790
0.118638
-0.037627
-0.227693
-0.381201
-0.446727
-0.384339
-0.231132
-0.056046
0.085274
0.169569
0.199497
0.198085
0.171463
0.091393
-0.030640
-0.190987
-0.342327
-0.439937
-0.455590
-0.366116
-0.233073
-0.098080
-0.026459
-0.010352
-0.027811
-0.047077
-0.058683
-0.080137
-0.107987
-0.146182
-0.163427
-0.155140
-0.122008
-0.084023
-0.056709
-0.038904
-0.020076
0.006636
0.043317
0.076369
0.097724
0.098593
0.090183
0.085000
0.086769
0.107553
0.139801
0.180088
0.219128
0.268190
0.309088
0.347619
0.377803
0.399034
0.402571
0.370183
0.353114
0.323614
0.309748
0.224537
0.072149
-0.141397
-0.390250
-0.510506
-0.485738
-0.336349
-0.116136
0.070030
0.170745
0.218450
0.235539
0.215814
0.169208
0.056146
-0.136081
-0.313694
-0.433185
-0.434700
-0.310099
-0.132912
0.027760
0.138721
0.192351
0.195349
0.191823
0.142659
0.039951
-0.100562
-0.270249
-0.393532
-0.448761
-0.406875
-0.294011
-0.161944
-0.061524
-0.020049
-0.014402
-0.040327
-0.046689
-0.063449
-0.089848
-0.119574
-0.154619
-0.162254
-0.142595
-0.103782
-0.070322
-0.044914
-0.027817
-0.010726
0.024818
0.056897
0.085546
0.096159
0.091991
0.084603
0.085158
0.096333
0.122402
0.160592
0.201972
0.243455
0.295046
0.333612
0.364845
0.382665
0.392149
0.370325
0.352796
0.345657
0.327444
0.292557
0.154520
-0.030120
-0.274097
-0.465057
-0.502084
-0.411021
-0.224652
-0.024145
0.116793
0.189983
0.231787
0.240636
0.205972
0.127381
-0.036799
-0.230274
-0.377976
-0.438974
-0.374046
-0.223141
-0.055921
0.073981
0.161974
0.196434
0.202404
0.186484
0.104781
-0.018494
-0.181294
-0.331449
-0.421012
-0.432169
-0.353535
-0.239110
-0.119912
-0.046923
-0.016064
-0.018874
-0.035394
-0.045855
-0.075805
-0.105899
-0.139427
-0.158542
-0.150607
-0.122900
-0.088123
-0.062616
-0.042566
-0.024035
0.003906
0.042019
0.069783
0.090007
0.090132
0.083214
0.081704
0.088069
0.107629
0.138456
0.174005
0.206464
0.255354
0.301952
0.339132
0.364399
0.370081
0.357651
0.334256
0.329278
0.324045
0.324763
0.280770
0.136274
-0.042391
-0.275954
-0.446380
-0.468423
-0.380722
-0.214245
-0.030761
0.093679
0.164972
0.220184
0.231384
0.199655
0.119539
-0.045572
-0.230393
-0.362643
-0.413480
-0.351146
-0.209390
-0.065268
0.052156
0.138251
0.175967
0.192785
0.177886
0.096396
-0.030748
-0.189707
-0.336559
-0.433207
-0.434387
-0.361066
-0.249164
-0.131423
-0.064375
-0.026673
-0.012103
-0.013820
-0.025783
-0.058727
-0.105715
-0.149783
-0.165874
-0.157071
-0.123412
-0.083932
-0.058545
-0.033275
-0.010460
0.015520
0.049848
0.075770
0.089910
0.092132
0.093678
0.091660
0.102204
0.122500
0.152642
0.183574
0.224050
0.263551
0.307914
0.336881
0.354596
0.365267
0.352957
0.340322
0.330378
0.324035
0.304160
0.226199
0.075025
-0.115048
-0.340171
-0.463612
-0.456470
-0.343658
-0.160370
0.014175
0.121802
0.188184
0.226416
0.216111
0.175265
0.068678
-0.103642
-0.273289
-0.383845
-0.406084
-0.314695
-0.168325
-0.030838
0.082721
0.151592
0.181371
0.190637
0.155225
0.059954
-0.077371
-0.235900
-0.377057
-0.447774
-0.420698
-0.336596
-0.212581
-0.109439
-0.050060
-0.022925
-0.008757
-0.010064
-0.024384
-0.061696
-0.116238
-0.156152
-0.170776
-0.151127
-0.113130
-0.072787
-0.046935
-0.022554
-0.000550
0.027721
0.060583
0.085217
0.096784
0.100358
0.098391
0.099976
0.117189
0.138182
0.168798
0.200172
0.235454
0.279508
0.322365
0.344682
0.358213
0.362506
0.346017
0.343716
0.335034
0.322331
0.301291
0.187680
0.029713
-0.165314
-0.372356
-0.458859
-0.419914
-0.299923
-0.119052
0.042153
0.134940
0.199932
0.233915
0.211614
0.157073
0.037767
-0.144297
-0.295916
-0.384792
-0.384224
-0.278329
-0.135604
-0.009747
0.095909
0.161567
0.184442
0.190913
0.140764
0.029797
-0.115479
-0.271012
-0.407888
-0.447328
-0.400123
-0.307918
-0.181382
-0.091368
-0.041293
-0.004660
0.011711
0.001203
-0.021563
-0.075069
-0.131829
-0.160719
-0.161238
-0.136624
-0.091726
-0.060204
-0.037961
-0.010793
0.009103
0.039171
0.069716
0.090885
0.100161
0.107843
0.106679
0.111333
0.131184
0.151918
0.183917
0.212043
0.249415
0.287483
0.318793
0.333798
0.352483
0.357959
0.352582
0.350293
0.338893
0.320949
0.268316
0.130542
-0.029606
-0.235365
-0.408943
-0.450753
-0.389158
-0.247436
-0.065395
0.076153
0.157921
0.219077
0.232010
0.197434
0.127360
-0.017324
-0.192525
-0.323195
-0.389247
-0.355551
-0.234403
-0.098014
0.021658
0.119192
0.170144
0.189343
0.182039
0.108647
-0.012814
-0.163969
-0.313456
-0.424149
-0.434706
-0.376175
-0.273532
-0.152831
-0.072147
-0.023452
0.007981
0.013278
-0.004738
-0.037307
-0.094773
-0.141374
-0.160647
-0.153172
-0.123212
-0.079855
-0.050802
-0.026009
-0.000499
0.019574
0.047620
0.075945
0.092322
0.102597
0.111397
0.111589
0.123353
0.144559
0.167075
0.195406
0.227113
0.262277
0.296240
0.333185
0.352195
0.363023
0.365128
0.358673
0.348862
0.337218
0.298750
0.164615
0.005970
-0.206585
-0.406701
-0.468897
-0.421584
-0.286486
-0.096389
0.057755
0.147595
0.220314
0.244083
0.218475
0.157301
0.017210
-0.169946
-0.314357
-0.399974
-0.384097
-0.268172
-0.128082
-0.003845
0.105479
0.166074
0.194431
0.203023
0.141283
0.025157
-0.121481
-0.280200
-0.388327
-0.428122
-0.388872
-0.303816
-0.189557
-0.102239
-0.041751
-0.001879
0.004737
0.002582
-0.029414
-0.078485
-0.128903
-0.155788
-0.158523
-0.132610
-0.097557
-0.071945
-0.046094
-0.021564
0.005040
0.038581
0.065765
0.084694
0.094161
0.099297
0.104524
0.114571
0.131727
0.147012
0.168691
0.193717
0.225801
0.272874
0.304195
0.329278
0.335093
0.332942
0.316608
0.333992
0.330676
0.323935
0.278685
0.123475
-0.038613
-0.238053
-0.401940
-0.433423
-0.367955
-0.246332
-0.079098
0.054856
0.139515
0.213280
0.242013
0.201904
0.128062
-0.020568
-0.195897
-0.314594
-0.371360
-0.343023
-0.234809
-0.111227
-0.004866
0.101073
0.163377
0.191743
0.192037
0.114975
-0.007541
-0.153201
-0.288598
-0.384926
-0.406970
-0.366802
-0.290916
-0.181593
-0.097664
-0.032459
0.006912
0.012773
-0.004342
-0.041951
-0.089539
-0.132012
-0.147119
-0.143192
-0.122436
-0.089867
-0.067546
-0.041145
-0.012753
0.014851
0.046017
0.068923
0.085998
0.090889
0.101931
0.106684
0.118139
0.133805
0.144672
0.164279
0.189285
0.221482
0.267838
0.300141
0.316446
0.326942
0.319239
0.305289
0.315678
0.314827
0.311366
0.272951
0.139670
-0.008257
-0.189827
-0.357954
-0.408576
-0.362887
-0.264524
-0.107649
0.025853
0.111951
0.190189
0.224945
0.197429
0.137942
0.010009
-0.155081
-0.274897
-0.342659
-0.337707
-0.246369
-0.136191
-0.032466
0.072928
0.140150
0.173829
0.181129
0.120811
0.008904
-0.124930
-0.259796
-0.365700
-0.402077
-0.377420
-0.311654
-0.202893
-0.112807
-0.043602
0.004307
0.014621
0.000375
-0.031565
-0.079260
-0.123492
-0.141273
-0.143836
-0.126744
-0.092207
-0.069568
-0.040131
-0.011636
0.013626
0.041747
0.068151
0.083754
0.095666
0.105865
0.110286
0.119678
0.133555
0.139104
0.158811
0.186506
0.214694
0.259434
0.292960
0.300890
0.312286
0.312522
0.300262
0.300287
0.297524
0.292010
0.280934
0.184694
0.047324
-0.103607
-0.284733
-0.383256
-0.370620
-0.302977
-0.173464
-0.026809
0.063852
0.143026
0.201090
0.195946
0.156755
0.068475
-0.082849
-0.217394
-0.300944
-0.334367
-0.279502
-0.179165
-0.084091
0.016472
0.099034
0.140032
0.162585
0.135500
0.041834
-0.080879
-0.212578
-0.347802
-0.408014
-0.399424
-0.346430
-0.240434
-0.137756
-0.061915
0.000534
0.029977
0.012083
-0.009089
-0.062668
-0.111328
-0.134428
-0.139328
-0.125444
-0.090073
-0.060662
-0.038201
-0.007290
0.011578
0.033595
0.064460
0.084114
0.099880
0.116982
0.120627
0.129641
0.141144
0.151884
0.168405
0.192360
0.219129
0.255141
0.284561
0.302997
0.315372
0.326583
0.315373
0.307584
0.299579
0.286987
0.272507
0.190306
0.056569
-0.088591
-0.280724
-0.390887
-0.385409
-0.315124
-0.175368
-0.026209
0.068953
0.137280
0.194494
0.191555
0.162743
0.083294
-0.065690
-0.206984
-0.303140
-0.341504
-0.287803
-0.182814
-0.083504
0.013993
0.094322
0.131623
0.157751
0.136068
0.047587
-0.074079
-0.215299
-0.356941
-0.418978
-0.409078
-0.345465
-0.232292
-0.125700
-0.052277
0.008773
0.030188
0.012839
-0.008387
-0.059890
-0.105818
-0.127097
-0.131814
-0.116058
-0.079515
-0.050992
-0.030154
-0.004718
0.011035
0.033078
0.066677
0.092181
0.114181
0.133746
0.138910
0.150406
0.160007
0.175367
0.191991
0.216183
0.249966
0.280813
0.310144
0.326939
0.331148
0.332064
0.333843
0.338723
0.333837
0.313637
0.212309
0.064005
-0.105450
-0.302774
-0.414294
-0.408388
-0.335319
-0.190548
-0.031665
0.074318
0.164475
0.223783
0.225407
0.184951
0.090539
-0.070248
-0.220625
-0.320245
-0.360952
-0.305160
-0.200248
-0.094792
0.014465
0.103315
0.154372
0.184156
0.161983
0.069286
-0.060364
-0.208918
-0.352776
-0.425794
-0.423496
-0.367349
-0.260591
-0.150490
-0.070179
0.001127
0.034247
0.023324
0.003151
-0.054719
-0.103417
-0.132546
-0.136899
-0.124984
-0.090854
-0.062874
-0.044473
-0.013582
0.004939
0.033977
0.068232
0.093848
0.116660
0.134255
0.144795
0.155323
0.171544
0.189016
0.204611
0.228296
0.257127
0.282570
0.315898
0.336005
0.347177
0.351269
0.364160
0.364669
0.359050
0.308773
0.147829
-0.025995
-0.259356
-0.443293
-0.482364
-0.416327
-0.276101
-0.090293
0.048852
0.141627
0.229065
0.262815
0.241103
0.170080
0.008985
-0.186647
-0.326785
-0.404424
-0.379005
-0.265353
-0.142847
-0.027519
0.082326
0.153397
0.202589
0.219074
0.148995
0.020951
-0.143113
-0.307309
-0.427408
-0.452899
-0.420204
-0.333720
-0.209559
-0.115840
-0.031316
0.029854
0.040782
0.022937
-0.020857
-0.087984
-0.134731
-0.150575
-0.144473
-0.116622
-0.078267
-0.063253
-0.039253
-0.016455
0.007549
0.049254
0.083949
0.109349
0.128415
0.142430
0.149897
0.164950
0.181613
0.191069
0.213620
0.238659
0.264395
0.298040
0.319373
0.339387
0.354473
0.366217
0.368225
0.368583
0.331723
0.197147
0.034645
-0.200713
-0.415072
-0.494468
-0.462543
-0.331993
-0.142317
0.014352
0.118677
0.213110
0.258982
0.256063
0.209396
0.061807
-0.131457
-0.297872
-0.405215
-0.407586
-0.309205
-0.184705
-0.062755
0.056201
0.133554
0.195754
0.229740
0.182478
0.074127
-0.087264
-0.262674
-0.401152
-0.460328
-0.444426
-0.372722
-0.254634
-0.149992
-0.056423
0.015211
0.046896
0.038518
-0.000991
-0.066104
-0.125377
-0.153820
-0.156612
-0.131263
-0.096257
-0.070779
-0.047489
-0.023643
0.000299
0.036978
0.071343
0.098642
0.116841
0.131101
0.140503
0.154542
0.169570
0.184613
0.200726
0.226987
0.247305
0.281816
0.309751
0.336494
0.342975
0.345126
0.357891
0.346984
0.357144
0.307263
0.166880
-0.003642
-0.236657
-0.435577
-0.480433
-0.427836
-0.290476
-0.103893
0.030051
0.122491
0.213990
0.255238
0.247684
0.191324
0.033108
-0.164157
-0.313547
-0.403091
-0.387729
-0.275977
-0.162075
-0.045477
0.062894
0.135869
0.194502
0.221445
0.161886
0.037918
-0.123654
-0.298111
-0.426271
-0.461502
-0.439631
-0.350526
-0.221903
-0.122981
-0.030816
0.033425
0.048891
0.036940
-0.008308
-0.077672
-0.131568
-0.152590
-0.153569
-0.121676
-0.084686
-0.065402
-0.037754
-0.013857
0.012593
0.054198
0.086731
0.110354
0.124214
0.136160
0.141544
0.158430
0.175103
0.190960
0.207046
0.233355
0.257770
0.288983
0.305284
0.336969
0.346928
0.358474
0.366223
0.348991
0.350856
0.293544
0.148798
-0.021021
-0.257211
-0.450924
-0.485763
-0.427924
-0.273211
-0.084454
0.053694
0.140564
0.226849
0.257828
0.245237
0.185376
0.018924
-0.176206
-0.325874
-0.412321
-0.385396
-0.269616
-0.147938
-0.030196
0.078116
0.145595
0.201934
0.224207
0.158415
0.032649
-0.135625
-0.312744
-0.436821
-0.465956
-0.435421
-0.337939
-0.210883
-0.113048
-0.019492
0.043061
0.060735
0.043849
-0.003445
-0.077617
-0.131196
-0.151207
-0.151958
-0.118969
-0.084758
-0.063597
-0.034257
-0.008820
0.022402
0.061884
0.097559
0.118941
0.135280
0.145842
0.149989
0.166373
0.180074
0.195490
0.212648
0.238199
0.264925
0.295796
0.328726
0.351275
0.360529
0.373989
0.378801
0.375851
0.374898
0.272795
0.105882
-0.110306
-0.369663
-0.503109
-0.492798
-0.387562
-0.201816
-0.025639
0.087468
0.184096
0.264421
0.285336
0.263220
0.153123
-0.055735
-0.248134
-0.386275
-0.431410
-0.356935
-0.231393
-0.112887
0.008194
0.108412
0.179686
0.244577
0.238391
0.141449
-0.009099
-0.198959
-0.361346
-0.449485
-0.459285
-0.414528
-0.307985
-0.190871
-0.088288
0.008610
0.056493
0.067578
0.033628
-0.025817
-0.098845
-0.141586
-0.156050
-0.144903
-0.110966
-0.086112
-0.064825
-0.039430
-0.009562
0.033596
0.073975
0.105773
0.122219
0.133751
0.142852
0.152584
0.169251
0.180727
0.194695
0.210877
0.238951
0.275548
0.303856
0.336590
0.357316
0.359608
0.371307
0.367410
0.371073
0.358320
0.235337
0.056605
-0.180039
-0.424695
-0.511636
-0.472125
-0.339869
-0.148622
0.005860
0.103733
0.199065
0.269180
0.284534
0.248543
0.109179
-0.108803
-0.289686
-0.407667
-0.421554
-0.324200
-0.202421
-0.088226
0.027874
0.118679
0.194846
0.254425
0.229950
0.117093
-0.044750
-0.235494
-0.380030
-0.444658
-0.441563
-0.391094
-0.291239
-0.186229
-0.080617
0.014501
0.058310
0.067456
0.020923
-0.044372
-0.109143
-0.146543
-0.152790
-0.138180
-0.109186
-0.091516
-0.066050
-0.041504
-0.007307
0.035744
0.071213
0.100593
0.113752
0.124554
0.134448
0.146948
0.157776
0.170641
0.182868
0.201104
0.227658
0.264085
0.297716
0.325182
0.354272
0.358132
0.367312
0.362111
0.360025
0.352772
0.250382
0.081704
-0.134861
-0.384097
-0.501171
-0.480935
-0.366120
-0.181303
-0.017081
0.090173
0.179453
0.255556
0.275134
0.248906
0.132732
-0.072577
-0.260060
-0.387484
-0.422075
-0.344235
-0.223859
-0.110718
0.004746
0.100106
0.175753
0.238734
0.231473
0.132287
-0.019729
-0.204520
-0.359211
-0.436270
-0.443257
-0.403351
-0.311922
-0.202960
-0.099547
0.002051
0.051750
0.066550
0.026847
-0.034816
-0.099542
-0.141896
-0.151573
-0.144263
-0.115454
-0.096428
-0.071478
-0.042084
-0.008815
0.031995
0.065390
0.093322
0.106372
0.117263
0.130454
0.143177
0.159993
0.163751
0.177151
0.185921
0.211412
0.251566
0.283708
0.313909
0.319388
0.323933
0.330211
0.347584
0.355069
0.359588
0.302266
0.148811
-0.022168
-0.245538
-0.420830
-0.454452
-0.407673
-0.281067
-0.114613
0.015243
0.117046
0.216981
0.263620
0.253160
0.190706
0.027846
-0.156411
-0.295026
-0.380079
-0.368379
-0.281255
-0.181938
-0.074272
0.042832
0.127525
0.201082
0.232741
0.170229
0.051519
-0.106408
-0.269217
-0.382345
-0.429990
-0.424745
-0.367785
-0.257843
-0.150482
-0.040668
0.036670
0.061571
0.044763
-0.005893
-0.066252
-0.116091
-0.136985
-0.142357
-0.127379
-0.101820
-0.082178
-0.049301
-0.018758
0.014452
0.048751
0.078408
0.099603
0.117108
0.134395
0.146419
0.158196
0.164163
0.168976
0.179844
0.193305
0.224050
0.264813
0.291125
0.307279
0.321558
0.314384
0.328986
0.347132
0.347537
0.345148
0.251697
0.083780
-0.095784
-0.320794
-0.443384
-0.437964
-0.362463
-0.218408
-0.061119
0.050895
0.147042
0.238034
0.261199
0.234582
0.143295
-0.038765
-0.207537
-0.323743
-0.378617
-0.336168
-0.241809
-0.147068
-0.037558
0.071089
0.149903
0.213465
0.215621
0.124486
-0.007549
-0.170241
-0.317527
-0.407363
-0.429056
-0.410954
-0.322056
-0.207076
-0.104584
-0.001814
0.050295
0.054370
0.023493
-0.028131
-0.088737
-0.121686
-0.132688
-0.133166
-0.106936
-0.087673
-0.066884
-0.033679
-0.007574
0.023402
0.059180
0.086842
0.107659
0.131074
0.146354
0.155189
0.168651
0.165953
0.172307
0.187348
0.206760
0.240331
0.271913
0.290308
0.305851
0.311713
0.305876
0.337265
0.344950
0.349247
0.333156
0.197542
0.028277
-0.175126
-0.385394
-0.455317
-0.419553
-0.319889
-0.164470
-0.018801
0.075092
0.179728
0.255165
0.258528
0.220132
0.090081
-0.100888
-0.253638
-0.349591
-0.375850
-0.306844
-0.214073
-0.123113
-0.006157
0.091848
0.169659
0.225176
0.191825
0.080919
-0.065978
-0.227325
-0.361078
-0.424450
-0.433857
-0.389618
-0.274861
-0.163272
-0.060084
0.024757
0.052240
0.037472
0.004353
-0.052138
-0.101605
-0.121349
-0.130323
-0.120419
-0.093542
-0.078667
-0.055454
-0.024226
-0.000590
0.035630
0.069035
0.091468
0.114537
0.137794
0.150988
0.163887
0.172181
0.170157
0.180177
0.191997
0.220270
0.256572
0.277413
0.293515
0.305867
0.296274
0.311241
0.331470
0.329552
0.330103
0.277124
0.132042
-0.017946
-0.214422
-0.388372
-0.419684
-0.383789
-0.278495
-0.119861
0.003743
0.095945
0.193943
0.237575
0.226674
0.178876
0.039924
-0.130158
-0.252094
-0.341755
-0.347058
-0.273034
-0.189951
-0.092148
0.020385
0.101785
0.166662
0.199828
0.140440
0.031928
-0.106315
-0.263039
-0.378469
-0.424332
-0.420729
-0.342124
-0.221307
-0.123125
-0.030484
0.030383
0.036451
0.025456
-0.009377
-0.064204
-0.098517
-0.114717
-0.121480
-0.099899
-0.074327
-0.061274
-0.034025
-0.012226
0.009483
0.048175
0.079115
0.105990
0.134221
0.153509
0.163354
0.179018
0.183884
0.190621
0.205237
0.209674
0.241635
0.266311
0.277492
0.304266
0.313522
0.319050
0.349132
0.352795
0.339481
0.310407
0.164495
-0.000470
-0.209498
-0.404792
-0.461401
-0.414230
-0.300342
-0.134685
0.005123
0.100130
0.194276
0.255341
0.252795
0.205087
0.071269
-0.120080
-0.265160
-0.360147
-0.372391
-0.296542
-0.200285
-0.102634
0.009017
0.103317
0.173809
0.224859
0.183625
0.072608
-0.075937
-0.239600
-0.368472
-0.423767
-0.427635
-0.378131
-0.264000
-0.157778
-0.054066
0.027400
0.050515
0.039163
0.000831
-0.054885
-0.101360
-0.119218
-0.126986
-0.112880
-0.086859
-0.074783
-0.050384
-0.024275
-0.000279
0.036957
0.070073
0.096944
0.122707
0.147118
0.162228
0.179014
0.184645
0.189355
0.197650
0.211526
0.240289
0.259896
0.274240
0.289079
0.293082
0.302698
0.336779
0.336721
0.342612
0.305566
0.168196
0.012761
-0.182684
-0.377454
-0.435944
-0.404784
-0.313561
-0.152718
-0.018542
0.077649
0.182084
0.243060
0.242598
0.205132
0.078242
-0.101581
-0.238639
-0.336623
-0.362012
-0.295631
-0.213697
-0.122223
-0.006702
0.084735
0.160735
0.215555
0.182197
0.078417
-0.055792
-0.216177
-0.342975
-0.405653
-0.423196
-0.388445
-0.286255
-0.180614
-0.074645
0.016507
0.043624
0.038028
0.002278
-0.053219
-0.097023
-0.115681
-0.124286
-0.113939
-0.093411
-0.083740
-0.059951
-0.029592
-0.004630
0.032791
0.065740
0.091592
0.119302
0.146920
0.165045
0.182389
0.188104
0.183748
0.190352
0.195720
0.225418
0.249961
0.269380
0.282554
0.293273
0.304615
0.326668
0.348100
0.351545
0.310995
0.178404
0.006676
-0.205003
-0.386200
-0.445423
-0.409365
-0.304903
-0.152558
-0.025645
0.081420
0.185234
0.249320
0.261968
0.209319
0.074996
-0.106880
-0.251156
-0.345753
-0.358213
-0.296639
-0.216387
-0.120645
-0.012903
0.085960
0.171066
0.222543
0.188457
0.082690
-0.063047
-0.222898
-0.341598
-0.407865
-0.419148
-0.383835
-0.289604
-0.178920
-0.068364
0.020021
0.052450
0.044694
0.003351
-0.048704
-0.091268
-0.114253
-0.119432
-0.111302
-0.091280
-0.076439
-0.055117
-0.028884
-0.002727
0.032755
0.068464
0.099551
0.126999
0.150525
0.171169
0.182898
0.191848
0.186691
0.188604
0.199695
0.227876
0.251389
0.263266
0.275732
0.275494
0.296474
0.328388
0.358910
0.361920
0.321502
0.182672
0.013360
-0.183945
-0.366064
-0.428193
-0.402195
-0.315753
-0.169311
-0.033835
0.077352
0.190201
0.257317
0.264527
0.212840
0.086418
-0.089315
-0.226570
-0.322230
-0.349528
-0.297430
-0.225146
-0.129658
-0.016316
0.088880
0.171413
0.223958
0.190163
0.087873
-0.047461
-0.202046
-0.320975
-0.393133
-0.416503
-0.387072
-0.293165
-0.180414
-0.066748
0.024222
0.055422
0.050051
0.011377
-0.038616
-0.078919
-0.101649
-0.110729
-0.104911
-0.088271
-0.072572
-0.047591
-0.018496
0.006218
0.039540
0.068641
0.098718
0.130390
0.158889
0.178764
0.192760
0.196130
0.188381
0.189914
0.201011
0.225298
0.250108
0.265815
0.277170
0.283015
0.295743
0.332368
0.356867
0.358826
0.328186
0.194873
0.025172
-0.170332
-0.363947
-0.426080
-0.401206
-0.312165
-0.166710
-0.032901
0.075219
0.183325
0.258134
0.266510
0.222244
0.098850
-0.081260
-0.219973
-0.318826
-0.346379
-0.294719
-0.221371
-0.131962
-0.021006
0.083953
0.166101
0.223408
0.195235
0.094592
-0.039074
-0.192747
-0.314452
-0.387301
-0.412069
-0.386974
-0.294158
-0.184844
