0.165146
0.184813
0.181411
0.193302
0.236674
0.334482
0.417528
0.450821
0.364425
0.135996
-0.132861
-0.269532
-0.235096
-0.093234
0.077221
0.134161
0.087935
0.000229
-0.087013
-0.171149
-0.226772
-0.276172
-0.254612
-0.165763
-0.058383
0.008143
0.015496
-0.051711
-0.115741
-0.153822
-0.159918
-0.136176
-0.108437
-0.100896
-0.084316
-0.073144
-0.067372
-0.050624
-0.019471
0.037930
0.107094
0.153849
0.175261
0.182543
0.196601
0.243430
0.347843
0.436715
0.456989
0.351032
0.115511
-0.152127
-0.278802
-0.233709
-0.085139
0.081740
0.136628
0.087677
-0.002713
-0.092253
-0.178209
-0.237261
-0.286837
-0.263779
-0.166199
-0.048823
0.017103
0.014098
-0.059854
-0.126641
-0.157777
-0.163508
-0.143281
-0.117632
-0.107050
-0.083345
-0.067449
-0.067617
-0.055248
-0.022121
0.039102
0.111712
0.160183
0.175587
0.183379
0.202708
0.255832
0.361261
0.450845
0.449026
0.307519
0.063470
-0.190612
-0.283503
-0.211949
-0.057293
0.091109
0.131742
0.069503
-0.019458
-0.113231
-0.198079
-0.253316
-0.280605
-0.244072
-0.138426
-0.034578
0.012005
-0.004091
-0.078032
-0.136417
-0.155493
-0.155367
-0.141121
-0.115314
-0.104344
-0.085506
-0.077258
-0.078544
-0.066737
-0.021557
0.048739
0.124802
0.160462
0.162767
0.157336
0.178313
0.234361
0.345911
0.437831
0.464449
0.349268
0.102646
-0.171057
-0.297415
-0.255203
-0.100094
0.066985
0.134103
0.095735
0.010642
-0.089275
-0.185282
-0.258432
-0.301401
-0.266888
-0.165866
-0.049306
0.018127
0.020426
-0.053425
-0.123774
-0.162308
-0.171463
-0.154054
-0.122371
-0.108063
-0.086974
-0.076335
-0.072834
-0.059697
-0.024479
0.035142
0.107270
0.152209
0.169448
0.177210
0.198731
0.254195
0.355665
0.435765
0.442173
0.313650
0.070809
-0.182099
-0.285836
-0.224763
-0.069401
0.086022
0.132793
0.075266
-0.016675
-0.111015
-0.195148
-0.251727
-0.283247
-0.244616
-0.146253
-0.038985
0.011727
-0.001321
-0.078308
-0.139711
-0.162070
-0.159519
-0.142994
-0.118606
-0.107188
-0.089553
-0.083084
-0.078156
-0.059400
-0.015761
0.050604
0.120193
0.158643
0.168406
0.174373
0.197227
0.257276
0.361331
0.445580
0.454517
0.321272
0.069890
-0.195883
-0.302618
-0.233738
-0.062438
0.101164
0.144236
0.079192
-0.018308
-0.112208
-0.194708
-0.252782
-0.284032
-0.245400
-0.141311
-0.028988
0.020875
0.002901
-0.074346
-0.137544
-0.160143
-0.159044
-0.142533
-0.115021
-0.102927
-0.086046
-0.075384
-0.071925
-0.053758
-0.009191
0.054897
0.124786
0.161068
0.167250
0.173575
0.205915
0.272503
0.376521
0.445966
0.435688
0.289207
0.046773
-0.191656
-0.273610
-0.204919
-0.045907
0.104317
0.141089
0.076138
-0.023530
-0.120994
-0.201628
-0.248803
-0.269133
-0.221505
-0.126687
-0.026681
0.016355
-0.003752
-0.079826
-0.138617
-0.158130
-0.151694
-0.129325
-0.103391
-0.095875
-0.086062
-0.078055
-0.068462
-0.043458
0.002728
0.067678
0.130420
0.164605
0.168117
0.172826
0.203130
0.272944
0.371893
0.440854
0.433174
0.295993
0.053551
-0.191900
-0.277685
-0.211548
-0.045151
0.107006
0.147108
0.079400
-0.016612
-0.117281
-0.196454
-0.248803
-0.269929
-0.227492
-0.126763
-0.032559
0.020728
0.006301
-0.065460
-0.128796
-0.157832
-0.161142
-0.129813
-0.102492
-0.091721
-0.075841
-0.070567
-0.064254
-0.036588
0.010145
0.073222
0.134487
0.164925
0.172207
0.179062
0.209732
0.281119
0.378668
0.433705
0.423349
0.291586
0.054440
-0.181768
-0.265350
-0.202335
-0.037695
0.106529
0.145157
0.080436
-0.017026
-0.119469
-0.193981
-0.245288
-0.260834
-0.213977
-0.115588
-0.026186
0.016281
0.001453
-0.071413
-0.129459
-0.155969
-0.155821
-0.123252
-0.091638
-0.086230
-0.080369
-0.079811
-0.069901
-0.035824
0.016385
0.080354
0.137983
0.159817
0.165830
0.177683
0.206152
0.272086
0.375839
0.432231
0.427410
0.300003
0.052292
-0.185059
-0.265314
-0.203919
-0.040832
0.110746
0.143622
0.081498
-0.014776
-0.116986
-0.195060
-0.242505
-0.264204
-0.216693
-0.121117
-0.033715
0.013805
0.004038
-0.066381
-0.119404
-0.155412
-0.158512
-0.127965
-0.098064
-0.087496
-0.072496
-0.074573
-0.066903
-0.034185
0.014437
0.077997
0.135643
0.158566
0.170901
0.190152
0.211079
0.278202
0.371192
0.423102
0.422554
0.306501
0.064521
-0.170569
-0.259788
-0.208729
-0.051379
0.102786
0.140339
0.080309
-0.013454
-0.115270
-0.191105
-0.241777
-0.262748
-0.217227
-0.123502
-0.042150
0.008896
0.002266
-0.064752
-0.119489
-0.155507
-0.162029
-0.131038
-0.103156
-0.090306
-0.073525
-0.074921
-0.063563
-0.030364
0.014744
0.072765
0.126184
0.151187
0.168890
0.185901
0.211075
0.272052
0.366948
0.423512
0.428706
0.314000
0.081626
-0.158109
-0.261450
-0.219038
-0.066449
0.092309
0.140797
0.086546
-0.010622
-0.111365
-0.189264
-0.235804
-0.259845
-0.221593
-0.135083
-0.044904
0.004304
0.001529
-0.063144
-0.122561
-0.158319
-0.163871
-0.137634
-0.105488
-0.094847
-0.082968
-0.077863
-0.069523
-0.042531
0.002673
0.057700
0.114658
0.145552
0.161525
0.176318
0.191858
0.233068
0.326500
0.410351
0.444608
0.378321
0.157978
-0.114122
-0.273144
-0.258281
-0.117873
0.060138
0.137598
0.103610
0.017120
-0.079625
-0.171676
-0.235380
-0.275565
-0.251831
-0.162569
-0.063994
0.000927
0.016631
-0.043188
-0.110156
-0.149426
-0.167373
-0.149965
-0.115533
-0.101658
-0.090156
-0.083193
-0.079576
-0.053758
-0.014635
0.038614
0.101328
0.139234
0.151859
0.160354
0.172436
0.207435
0.295869
0.393512
0.434898
0.409166
0.248532
-0.017681
-0.229308
-0.276436
-0.192486
-0.009948
0.122482
0.133221
0.059283
-0.040675
-0.148767
-0.218952
-0.267587
-0.269918
-0.202116
-0.102492
-0.017375
0.026396
-0.012378
-0.090933
-0.150338
-0.182702
-0.167226
-0.122126
-0.097377
-0.086115
-0.078274
-0.082082
-0.067989
-0.033251
0.017480
0.081074
0.129193
0.149983
0.164333
0.176431
0.204302
0.279948
0.376704
0.430986
0.420235
0.277453
0.023922
-0.205279
-0.275927
-0.206683
-0.033583
0.112009
0.141470
0.072175
-0.028911
-0.135890
-0.213121
-0.262728
-0.270252
-0.210462
-0.109586
-0.026874
0.021217
-0.003266
-0.078933
-0.136036
-0.174581
-0.172089
-0.129989
-0.097454
-0.089469
-0.080299
-0.085463
-0.074033
-0.039942
0.008315
0.070049
0.124908
0.146524
0.158270
0.170717
0.200093
0.264266
0.360695
0.422345
0.435632
0.330348
0.083081
-0.167222
-0.278971
-0.236619
-0.073841
0.098129
0.150810
0.095159
-0.006360
-0.116707
-0.198343
-0.246920
-0.266941
-0.221563
-0.129393
-0.039433
0.016224
0.010533
-0.060248
-0.124216
-0.166784
-0.176251
-0.141350
-0.102840
-0.088815
-0.078749
-0.080395
-0.077993
-0.049633
-0.003060
0.060325
0.124100
0.154688
0.164380
0.173123
0.188318
0.236137
0.334639
0.422819
0.461283
0.386148
0.155280
-0.121652
-0.280002
-0.270001
-0.120598
0.070552
0.154001
0.118960
0.024018
-0.087981
-0.181848
-0.242817
-0.280046
-0.247966
-0.152222
-0.051273
0.017096
0.022722
-0.047522
-0.116721
-0.159544
-0.172010
-0.150493
-0.114847
-0.094070
-0.079695
-0.077303
-0.077368
-0.061054
-0.020005
0.044423
0.112250
0.150434
0.156142
0.156848
0.171178
0.214932
0.309782
0.405467
0.451783
0.418256
0.238610
-0.041105
-0.245954
-0.285326
-0.177393
0.015149
0.141605
0.136101
0.049044
-0.059518
-0.158538
-0.224231
-0.269725
-0.263923
-0.185133
-0.083444
-0.008695
0.026491
-0.023197
-0.094467
-0.148978
-0.176742
-0.167592
-0.123517
-0.098017
-0.083895
-0.081248
-0.082745
-0.063982
-0.023492
0.031150
0.091124
0.131293
0.147760
0.161157
0.176145
0.207668
0.278981
0.368901
0.429732
0.437627
0.293222
0.025957
-0.204389
-0.283203
-0.213897
-0.030858
0.116029
0.141970
0.071856
-0.032152
-0.138350
-0.209866
-0.259070
-0.265251
-0.203054
-0.105143
-0.029965
0.016603
-0.011414
-0.082387
-0.137900
-0.180731
-0.177691
-0.130629
-0.096495
-0.083900
-0.076809
-0.087623
-0.076967
-0.043731
0.008193
0.073830
0.127779
0.148917
0.165072
0.176331
0.194208
0.249675
0.342150
0.415698
0.448559
0.359884
0.121065
-0.154829
-0.297464
-0.265182
-0.094501
0.092274
0.157627
0.097776
-0.010858
-0.119653
-0.197985
-0.246976
-0.270980
-0.232373
-0.135962
-0.040280
0.017790
0.008283
-0.067394
-0.131965
-0.171890
-0.178431
-0.144535
-0.103620
-0.087724
-0.079049
-0.083182
-0.083574
-0.061604
-0.015535
0.049510
0.113752
0.145770
0.150553
0.150334
0.153209
0.197425
0.288423
0.378608
0.424083
0.415863
0.259147
-0.009905
-0.222144
-0.294227
-0.206194
-0.016731
0.126037
0.137519
0.064734
-0.049015
-0.151274
-0.222259
-0.267013
-0.264399
-0.188056
-0.078837
-0.000425
0.014596
-0.035106
-0.105709
-0.147317
-0.172778
-0.161049
-0.122492
-0.092255
-0.077364
-0.072871
-0.088055
-0.082360
-0.043013
0.024193
0.095721
0.138390
0.141903
0.136700
0.141038
0.166478
0.237787
0.336104
0.404631
0.434887
0.364367
0.130568
-0.128771
-0.278126
-0.270469
-0.116640
0.072108
0.150024
0.111962
0.011003
-0.105052
-0.192053
-0.250139
-0.272474
-0.229731
-0.130035
-0.037309
0.020034
0.006559
-0.064622
-0.125797
-0.170199
-0.176287
-0.137551
-0.095391
-0.080091
-0.069722
-0.085051
-0.088569
-0.061511
-0.008205
0.059323
0.119203
0.137678
0.139205
0.137292
0.150806
0.198993
0.282660
0.362811
0.415819
0.416746
0.271005
0.015623
-0.199129
-0.283044
-0.210283
-0.030279
0.120756
0.145644
0.074973
-0.042169
-0.148520
-0.221266
-0.258731
-0.250662
-0.179743
-0.086905
-0.012298
0.022817
-0.021586
-0.091063
-0.157337
-0.189264
-0.161728
-0.104719
-0.079806
-0.066834
-0.075349
-0.088647
-0.076922
-0.039077
0.017272
0.087637
0.133147
0.151290
0.152970
0.150286
0.165940
0.230523
0.320548
0.387050
0.421183
0.364070
0.157463
-0.087144
-0.248925
-0.264841
-0.136644
0.046816
0.141945
0.116225
0.014518
-0.102163
-0.188919
-0.242892
-0.257778
-0.217420
-0.138852
-0.054449
0.020612
0.007367
-0.054524
-0.132471
-0.187086
-0.178524
-0.120068
-0.086083
-0.065955
-0.070183
-0.080741
-0.076887
-0.053376
-0.015620
0.049523
0.107076
0.148434
0.166722
0.165784
0.164872
0.197641
0.269041
0.342949
0.396285
0.394637
0.265787
0.016280
-0.175775
-0.261603
-0.194612
-0.038678
0.103149
0.121552
0.061330
-0.052968
-0.151470
-0.222536
-0.253887
-0.241686
-0.184962
-0.096161
0.000952
0.029208
-0.020824
-0.109012
-0.186723
-0.194269
-0.139033
-0.086103
-0.068957
-0.070148
-0.082905
-0.079253
-0.067949
-0.037387
0.014380
0.082179
0.132963
0.160579
0.150760
0.150233
0.171543
0.238804
0.324833
0.388218
0.395453
0.340788
0.136945
-0.088041
-0.237003
-0.242673
-0.127867
0.043753
0.131199
0.110794
0.012161
-0.111301
-0.205090
-0.256165
-0.260967
-0.221510
-0.125904
-0.024921
0.035944
0.005825
-0.075675
-0.168382
-0.197093
-0.168137
-0.105047
-0.073461
-0.062373
-0.069469
-0.071710
-0.075035
-0.054384
-0.011584
0.058015
0.119598
0.156849
0.156455
0.150240
0.153818
0.202949
0.291523
0.362858
0.389502
0.372667
0.223049
-0.002280
-0.167648
-0.244858
-0.185533
-0.033265
0.096646
0.120447
0.063935
-0.061218
-0.168992
-0.242529
-0.264090
-0.240138
-0.159762
-0.064481
0.012726
0.014365
-0.048359
-0.134312
-0.183173
-0.174027
-0.122394
-0.080399
-0.064174
-0.064074
-0.075811
-0.083697
-0.073677
-0.032410
0.035588
0.108949
0.153618
0.163520
0.154464
0.153182
0.175941
0.245662
0.326551
0.378082
0.395662
0.312673
0.089357
-0.119901
-0.248218
-0.231309
-0.087475
0.074339
0.126465
0.083868
-0.029770
-0.139762
-0.213646
-0.252829
-0.257714
-0.201046
-0.100756
-0.005272
0.029644
-0.023169
-0.113468
-0.180625
-0.180531
-0.135261
-0.083295
-0.066292
-0.063546
-0.069896
-0.073329
-0.074931
-0.048395
0.002366
0.081006
0.144008
0.168787
0.159209
0.149310
0.156667
0.222818
0.306812
0.366063
0.388373
0.353012
0.159762
-0.056485
-0.217253
-0.246677
-0.138670
0.032255
0.125996
0.108615
0.009133
-0.110221
-0.194873
-0.244448
-0.255657
-0.222743
-0.129870
-0.030690
0.031646
-0.000425
-0.080927
-0.171613
-0.191378
-0.157030
-0.096755
-0.071421
-0.059961
-0.068291
-0.070724
-0.075869
-0.055418
-0.014561
0.055877
0.117027
0.157417
0.160949
0.158704
0.161947
0.209208
0.285696
0.356416
0.393171
0.382472
0.233422
-0.002851
-0.189831
-0.265289
-0.181568
-0.008810
0.124332
0.127954
0.047716
-0.083250
-0.175271
-0.235670
-0.251742
-0.240831
-0.165182
-0.062374
0.024908
0.025729
-0.044889
-0.145436
-0.198732
-0.182223
-0.118115
-0.074057
-0.062609
-0.066988
-0.072190
-0.073940
-0.061345
-0.030306
0.025460
0.095082
0.146672
0.165943
0.159001
0.152643
0.179678
0.257646
0.340286
0.387738
0.384982
0.290901
0.068931
-0.123074
-0.238928
-0.209104
-0.070852
0.086225
0.132346
0.085788
-0.031599
-0.142420
-0.219094
-0.249723
-0.243218
-0.192911
-0.099554
-0.002909
0.032840
-0.015618
-0.104327
-0.183657
-0.193984
-0.148183
-0.085291
-0.061485
-0.059593
-0.072668
-0.074995
-0.068882
-0.039155
0.008924
0.080025
0.138947
0.170293
0.168635
0.161085
0.172935
0.239802
0.319566
0.380499
0.402791
0.336783
0.122019
-0.087826
-0.221034
-0.218741
-0.096004
0.059737
0.121405
0.090490
-0.006359
-0.115799
-0.193057
-0.238395
-0.240831
-0.203015
-0.126267
-0.029690
0.025956
-0.003025
-0.076856
-0.160689
-0.189923
-0.160251
-0.101060
-0.070236
-0.060292
-0.071908
-0.074069
-0.070874
-0.046116
-0.004685
0.061486
0.118305
0.157865
0.163424
0.157955
0.154306
0.199425
0.280508
0.360324
0.393241
0.372088
0.211988
-0.015146
-0.176166
-0.226383
-0.149347
-0.004127
0.103027
0.106099
0.044447
-0.065518
-0.160847
-0.233928
-0.258536
-0.235533
-0.149486
-0.049215
0.020567
0.006861
-0.063306
-0.146850
-0.182214
-0.166667
-0.113793
-0.073310
-0.060922
-0.063962
-0.067225
-0.072091
-0.058124
-0.018388
0.045582
0.113901
0.158738
0.170827
0.167268
0.163382
0.198205
0.268563
0.341950
0.384353
0.372772
0.235765
0.016340
-0.146365
-0.223170
-0.162784
-0.027190
0.091421
0.104437
0.050210
-0.064982
-0.156710
-0.226488
-0.250037
-0.236431
-0.159815
-0.065880
0.008215
0.005920
-0.059383
-0.140367
-0.181386
-0.168739
-0.120183
-0.081028
-0.068764
-0.065944
-0.069810
-0.070453
-0.059973
-0.024924
0.034674
0.105998
0.148810
0.160803
0.154400
0.152068
0.186830
0.255930
0.320586
0.357388
0.371082
0.291035
0.076363
-0.119488
-0.236193
-0.210047
-0.072934
0.080616
0.120708
0.068262
-0.052689
-0.153990
-0.223649
-0.249444
-0.242576
-0.178446
-0.093008
-0.011337
0.008186
-0.046442
-0.128509
-0.178770
-0.176682
-0.126645
-0.076845
-0.061183
-0.063017
-0.074813
-0.081238
-0.069144
-0.031831
0.029405
0.101511
0.150639
0.169963
0.167661
0.160256
0.184246
0.246242
0.309710
0.355273
0.370529
0.286545
0.074792
-0.119462
-0.235488
-0.204945
-0.072194
0.072444
0.109368
0.057596
-0.055890
-0.150330
-0.219332
-0.253617
-0.246296
-0.178083
-0.086343
-0.007223
0.006618
-0.056099
-0.135454
-0.180849
-0.175046
-0.127302
-0.083246
-0.065954
-0.061006
-0.069992
-0.077379
-0.069120
-0.032593
0.034112
0.108184
0.151896
0.164893
0.163775
0.161038
0.192730
0.254267
0.312267
0.351125
0.356773
0.274691
0.074846
-0.109739
-0.228369
-0.198073
-0.066543
0.077137
0.107553
0.048044
-0.069536
-0.162506
-0.223012
-0.240062
-0.229597
-0.171290
-0.095635
-0.023062
-0.008090
-0.057421
-0.129155
-0.173560
-0.167082
-0.120434
-0.074792
-0.061806
-0.065794
-0.080027
-0.081830
-0.064787
-0.018073
0.047371
0.112102
0.150447
0.165602
0.163767
0.163518
0.204597
0.264412
0.327561
0.360291
0.355274
0.258630
0.050827
-0.136878
-0.236588
-0.186399
-0.045789
0.097719
0.113701
0.039750
-0.083775
-0.177573
-0.237905
-0.242428
-0.221269
-0.152257
-0.080445
-0.018198
-0.015060
-0.068255
-0.140524
-0.177636
-0.166606
-0.115793
-0.073467
-0.063205
-0.073438
-0.083171
-0.076569
-0.049146
-0.000121
0.056816
0.109963
0.144930
0.162985
0.166198
0.170708
0.213139
0.273255
0.331188
0.353757
0.348897
0.240766
0.027964
-0.154565
-0.237160
-0.172512
-0.024650
0.105012
0.106706
0.024980
-0.101961
-0.190128
-0.239223
-0.239545
-0.214445
-0.141943
-0.073363
-0.014174
-0.019798
-0.079623
-0.148653
-0.176741
-0.159490
-0.105148
-0.065717
-0.058712
-0.069428
-0.081374
-0.077876
-0.051171
0.000074
0.069377
0.133814
0.168530
0.174812
0.163610
0.169172
0.223985
0.292749
0.350468
0.365717
0.330452
0.163116
-0.046903
-0.195698
-0.223030
-0.120069
0.031890
0.115739
0.081073
-0.017417
-0.131067
-0.204430
-0.245379
-0.239692
-0.196404
-0.111592
-0.044020
-0.004799
-0.043023
-0.109519
-0.164636
-0.169297
-0.138858
-0.087173
-0.064959
-0.064953
-0.077244
-0.080747
-0.067959
-0.028168
0.026534
0.089068
0.137803
0.166785
0.174298
0.170280
0.190478
0.243515
0.305970
0.348944
0.362060
0.292758
0.096121
-0.105022
-0.219080
-0.196387
-0.065772
0.080664
0.116246
0.051466
-0.064460
-0.167535
-0.227339
-0.242383
-0.223454
-0.163413
-0.086214
-0.027146
-0.012324
-0.062591
-0.130543
-0.172474
-0.166403
-0.124701
-0.074361
-0.057226
-0.060179
-0.073761
-0.077689
-0.057487
-0.005882
0.056256
0.114921
0.149466
0.169311
0.181253
0.192710
0.229569
0.276555
0.324604
0.353469
0.346366
0.198461
-0.012647
-0.175545
-0.216312
-0.126185
0.026037
0.114726
0.086247
-0.007706
-0.125565
-0.200005
-0.235436
-0.226669
-0.193858
-0.125309
-0.064198
-0.019686
-0.040015
-0.096736
-0.153778
-0.168107
-0.143611
-0.090241
-0.060535
-0.058645
-0.071600
-0.080782
-0.071505
-0.031876
0.029322
0.095298
0.144227
0.166756
0.175899
0.173792
0.193763
0.247649
0.305944
0.346206
0.358581
0.292218
0.103092
-0.094942
-0.211469
-0.191939
-0.063842
0.076895
0.114246
0.053176
-0.061159
-0.164806
-0.221093
-0.237707
-0.214276
-0.157403
-0.090222
-0.035616
-0.018939
-0.064596
-0.124229
-0.166357
-0.163954
-0.123223
-0.071399
-0.052006
-0.054210
-0.071451
-0.076117
-0.058217
-0.010777
0.053558
0.117130
0.158221
0.175729
0.173201
0.168536
0.201959
0.262023
0.319476
0.345326
0.335788
0.222885
0.017663
-0.149892
-0.212275
-0.142658
-0.004424
0.100526
0.086241
0.002301
-0.108082
-0.183977
-0.224725
-0.225755
-0.195099
-0.130521
-0.070386
-0.026455
-0.040658
-0.095692
-0.147486
-0.163952
-0.141441
-0.094680
-0.062060
-0.060199
-0.070076
-0.079702
-0.071103
-0.037858
0.021911
0.085770
0.136266
0.160768
0.170685
0.170398
0.194041
0.245653
0.303049
0.338142
0.343164
0.282339
0.109016
-0.078026
-0.192998
-0.182684
-0.073147
0.061527
0.107058
0.056067
-0.054358
-0.158496
-0.220109
-0.236815
-0.217994
-0.163063
-0.094048
-0.037819
-0.022887
-0.065665
-0.126246
-0.167534
-0.165968
-0.127555
-0.076700
-0.055666
-0.056168
-0.071843
-0.077520
-0.062448
-0.010943
0.054641
0.118121
0.153455
0.171436
0.176385
0.186209
0.217901
0.268237
0.314674
0.344484
0.331261
0.201040
-0.010809
-0.165744
-0.204881
-0.118620
0.016879
0.097342
0.072253
-0.014197
-0.113408
-0.187344
-0.224672
-0.229828
-0.191491
-0.122300
-0.057498
-0.022765
-0.046033
-0.106863
-0.153154
-0.164338
-0.137907
-0.093974
-0.065601
-0.060371
-0.066836
-0.075440
-0.068772
-0.035919
0.023158
0.090491
0.141954
0.166546
0.172255
0.166678
0.187516
0.236342
0.294142
0.336214
0.347245
0.287849
0.106063
-0.094999
-0.201014
-0.172714
-0.061321
0.061879
0.091103
0.035552
-0.058334
-0.146995
-0.208724
-0.231651
-0.218427
-0.160501
-0.090036
-0.036817
-0.026288
-0.068354
-0.125318
-0.159723
-0.158315
-0.125566
-0.081062
-0.058489
-0.055068
-0.065258
-0.070541
-0.057262
-0.010089
0.056561
0.118372
0.151834
0.167456
0.173278
0.185334
0.222268
0.273080
0.318360
0.337279
0.325400
0.208031
0.004721
-0.158816
-0.209240
-0.129466
0.013560
0.105853
0.083030
-0.008002
-0.122239
-0.195492
-0.231068
-0.224884
-0.186613
-0.116785
-0.058337
-0.020315
-0.044353
-0.103666
-0.156377
-0.167347
-0.143809
-0.094184
-0.060095
-0.051351
-0.061821
-0.074609
-0.069788
-0.035537
0.024873
0.091578
0.138064
0.158994
0.170609
0.173395
0.193529
0.242289
0.297308
0.335550
0.342060
0.276667
0.106307
-0.077084
-0.187899
-0.172239
-0.062349
0.061440
0.100355
0.048277
-0.056585
-0.154210
-0.212876
-0.229249
-0.207752
-0.153632
-0.089338
-0.038940
-0.026431
-0.068376
-0.126387
-0.163436
-0.159012
-0.120894
-0.074864
-0.054605
-0.054429
-0.069507
-0.075799
-0.059799
-0.013486
0.050150
0.111907
0.149469
0.165391
0.166008
0.164975
0.194025
0.248661
0.303773
0.339617
0.335695
0.236624
0.045846
-0.126303
-0.201041
-0.147381
-0.018703
0.087768
0.089816
0.015411
-0.093019
-0.173100
-0.214976
-0.220764
-0.196822
-0.136039
-0.069169
-0.020360
-0.027701
-0.085920
-0.146289
-0.169720
-0.149930
-0.102483
-0.063057
-0.052794
-0.059518
-0.072185
-0.069830
-0.046173
0.006235
0.071571
0.127081
0.152386
0.161490
0.160652
0.176274
0.218186
0.274854
0.318537
0.330492
0.297287
0.162160
-0.022925
-0.154711
-0.182388
-0.102297
0.020453
0.089165
0.056992
-0.029650
-0.125547
-0.188249
-0.217194
-0.210790
-0.173813
-0.110725
-0.055931
-0.025365
-0.049207
-0.103740
-0.149170
-0.160973
-0.137365
-0.091557
-0.061612
-0.057361
-0.064330
-0.070907
-0.060410
-0.025820
0.030460
0.090076
0.132804
0.152362
0.158310
0.156448
0.178796
0.230294
0.288947
0.328371
0.328770
0.269894
0.104281
-0.070595
-0.177639
-0.168558
-0.073305
0.046169
0.088186
0.046512
-0.049214
-0.147145
-0.210073
-0.229307
-0.207662
-0.153214
-0.087567
-0.039161
-0.027468
-0.067568
-0.121717
-0.160923
-0.161613
-0.129677
-0.081555
-0.055621
-0.051291
-0.064793
-0.072246
-0.060427
-0.015113
0.048294
0.108601
0.141215
0.155043
0.157408
0.163923
0.194119
0.243607
0.295132
0.328788
0.323193
0.241802
0.062543
-0.108839
-0.194329
-0.150457
-0.031188
0.076628
0.087929
0.016870
-0.087422
-0.169537
-0.212237
-0.216863
-0.188614
-0.132603
-0.072343
-0.035016
-0.037725
-0.084863
-0.135629
-0.163549
-0.152169
-0.113236
-0.069988
-0.052888
-0.053404
-0.066923
-0.068541
-0.049233
0.000598
0.063998
0.119522
0.147290
0.157901
0.157150
0.163876
0.195744
0.250545
0.303255
0.327214
0.311631
0.212055
0.036757
-0.125092
-0.189188
-0.134284
-0.014004
0.083236
0.084589
0.008241
-0.098136
-0.178171
-0.218083
-0.213774
-0.179415
-0.115309
-0.058856
-0.027160
-0.041794
-0.093054
-0.144789
-0.162788
-0.145970
-0.102836
-0.063469
-0.049038
-0.055133
-0.070141
-0.073144
-0.046303
0.009815
0.075407
0.123748
0.147205
0.157536
0.157722
0.163198
0.201341
0.262862
0.318036
0.332859
0.301232
0.176469
-0.004382
-0.139946
-0.177917
-0.107532
0.010744
0.087937
0.071986
-0.008178
-0.115719
-0.188130
-0.220410
-0.211365
-0.168696
-0.100468
-0.047442
-0.021636
-0.048208
-0.104399
-0.152610
-0.165872
-0.145697
-0.100191
-0.063378
-0.049156
-0.054176
-0.071818
-0.073611
-0.044589
0.014955
0.085720
0.135013
0.151277
0.147311
0.140577
0.154148
0.199077
0.262380
0.322151
0.332972
0.294508
0.169342
-0.011420
-0.145652
-0.177906
-0.107995
0.004761
0.081279
0.066575
-0.008147
-0.106140
-0.180592
-0.220474
-0.216843
-0.176503
-0.103791
-0.042848
-0.014391
-0.039057
-0.097548
-0.149585
-0.164383
-0.145458
-0.102649
-0.065492
-0.049657
-0.050483
-0.061659
-0.065564
-0.043566
0.008596
0.073024
0.125058
0.147233
0.149032
0.144855
0.152017
0.191110
0.253682
0.311188
0.323982
0.293638
0.171071
-0.011137
-0.145104
-0.171280
-0.102216
0.009503
0.079807
0.059904
-0.015000
-0.105144
-0.173254
-0.209742
-0.208671
-0.172251
-0.103665
-0.046369
-0.020258
-0.046200
-0.102512
-0.151304
-0.160134
-0.140600
-0.098816
-0.067500
-0.057111
-0.059824
-0.065508
-0.065361
-0.038499
0.012430
0.078135
0.128403
0.149994
0.148164
0.142357
0.153868
0.202864
0.270452
0.318272
0.327422
0.282906
0.136864
-0.038697
-0.155751
-0.170472
-0.085016
0.032644
0.092229
0.060485
-0.029385
-0.127565
-0.189593
-0.215609
-0.203524
-0.159053
-0.095985
-0.038350
-0.014103
-0.047768
-0.110523
-0.162731
-0.174600
-0.144979
-0.094305
-0.063072
-0.052030
-0.058974
-0.069313
-0.065940
-0.038173
0.014813
0.081718
0.132036
0.153229
0.147020
0.139975
0.157304
0.206310
0.276320
0.330681
0.339413
0.286749
0.122273
-0.059297
-0.174666
-0.167451
-0.074385
0.050737
0.099644
0.062515
-0.030836
-0.127769
-0.194878
-0.223004
-0.214776
-0.162772
-0.086258
-0.021924
-0.001077
-0.044462
-0.118102
-0.175038
-0.180502
-0.143391
-0.085684
-0.054213
-0.044474
-0.055648
-0.066612
-0.067801
-0.037762
0.014438
0.084490
0.130675
0.151439
0.143171
0.142494
0.152742
0.189813
0.252400
0.315941
0.341862
0.305437
0.145553
-0.044872
-0.173337
-0.178704
-0.081175
0.043877
0.097618
0.061654
-0.024099
-0.116117
-0.174767
-0.208679
-0.211069
-0.177162
-0.102606
-0.030437
0.008602
-0.027472
-0.100882
-0.167708
-0.178217
-0.146576
-0.091415
-0.060963
-0.049224
-0.054842
-0.059707
-0.058558
-0.035332
0.007918
0.070690
0.121074
0.146637
0.143929
0.139229
0.143613
0.171430
0.239120
0.310329
0.348108
0.324679
0.185053
-0.016625
-0.160756
-0.194271
-0.113103
0.014321
0.095050
0.081683
0.006977
-0.090873
-0.162338
-0.205613
-0.216329
-0.187922
-0.123460
-0.048758
0.007079
-0.006592
-0.073374
-0.147845
-0.181627
-0.162183
-0.106522
-0.063808
-0.045515
-0.047988
-0.057295
-0.062591
-0.049842
-0.013028
0.050065
0.110631
0.146188
0.153764
0.147412
0.143566
0.149648
0.202716
0.285857
0.343887
0.354831
0.247453
0.033042
-0.143557
-0.207099
-0.139563
-0.007265
0.095105
0.091031
0.021898
-0.074076
-0.143316
-0.188605
-0.211606
-0.201004
-0.143432
-0.064861
0.002902
0.006206
-0.057113
-0.136026
-0.177906
-0.168483
-0.118895
-0.073821
-0.054630
-0.050159
-0.052730
-0.054330
-0.044259
-0.016419
0.032424
0.092519
0.133004
0.150080
0.145732
0.143182
0.145011
0.184058
0.256777
0.321263
0.342023
0.286032
0.108122
-0.080487
-0.192587
-0.175095
-0.061579
0.060630
0.098417
0.050601
-0.041316
-0.124826
-0.175714
-0.206060
-0.204634
-0.163772
-0.089562
-0.019256
0.008231
-0.036364
-0.107696
-0.163598
-0.169019
-0.136720
-0.087895
-0.060693
-0.047047
-0.050948
-0.054247
-0.054071
-0.030272
0.013932
0.075618
0.121114
0.144258
0.142955
0.142868
0.144954
0.174561
0.235633
0.297201
0.324745
0.307059
0.170902
-0.025162
-0.167428
-0.197453
-0.106110
0.024842
0.102221
0.074720
-0.007765
-0.106193
-0.164113
-0.201582
-0.205130
-0.178267
-0.109433
-0.038065
0.010142
-0.017750
-0.085003
-0.152841
-0.173199
-0.150788
-0.099548
-0.066161
-0.048814
-0.049683
-0.053548
-0.054889
-0.039856
-0.003453
0.056172
0.110284
0.140548
0.145505
0.136114
0.138840
0.164512
0.218018
0.283807
0.318589
0.309237
0.209178
0.022027
-0.129361
-0.183769
-0.122538
-0.012335
0.076315
0.071348
0.012591
-0.075997
-0.140467
-0.187153
-0.204298
-0.189389
-0.128556
-0.057799
-0.002561
-0.008358
-0.066709
-0.135946
-0.170816
-0.158853
-0.115025
-0.071610
-0.051523
-0.047951
-0.055873
-0.059954
-0.050585
-0.013622
0.043299
0.102174
0.134717
0.143246
0.131666
0.132228
0.154353
0.207128
0.269654
0.311208
0.299429
0.234594
0.075150
-0.083067
-0.170611
-0.145434
-0.048647
0.055153
0.080626
0.034153
-0.050139
-0.128015
-0.178861
-0.201567
-0.191505
-0.144155
-0.072403
-0.016937
-0.004673
-0.053243
-0.118448
-0.163739
-0.161038
-0.127771
-0.081687
-0.055463
-0.044041
-0.049532
-0.055619
-0.054380
-0.026421
0.024151
0.086018
0.126425
0.142284
0.136902
0.131932
0.144037
0.187959
0.242693
0.291345
0.295745
0.261537
0.144076
-0.021286
-0.147409
-0.172257
-0.100568
0.011746
0.084772
0.063274
-0.013574
-0.105675
-0.168600
-0.199624
-0.191188
-0.156881
-0.094659
-0.040477
-0.012646
-0.036325
-0.092672
-0.147168
-0.160712
-0.141225
-0.098536
-0.065152
-0.052331
-0.055406
-0.055549
-0.049025
-0.023954
0.018466
0.070465
0.114106
0.138827
0.144447
0.145590
0.153831
0.186535
0.235034
0.281084
0.292614
0.258120
0.141218
-0.021823
-0.132532
-0.151554
-0.086621
0.008491
0.069783
0.049163
-0.012592
-0.096801
-0.160479
-0.200182
-0.196728
-0.161177
-0.093628
-0.038872
-0.013433
-0.040371
-0.096401
-0.144199
-0.157665
-0.141365
-0.099289
-0.062806
-0.045828
-0.044148
-0.051083
-0.053093
-0.031643
0.015758
0.072634
0.116815
0.139951
0.145814
0.140939
0.146936
0.181350
0.233290
0.279646
0.290532
0.258812
0.156894
-0.007331
-0.129439
-0.167116
-0.103412
0.005024
0.082437
0.063998
-0.004328
-0.098201
-0.164014
-0.197877
-0.192691
-0.158095
-0.093109
-0.038726
-0.011036
-0.034177
-0.092810
-0.144542
-0.159403
-0.140368
-0.096299
-0.059484
-0.044875
-0.044384
-0.052970
-0.052219
-0.028694
0.018126
0.076195
0.123164
0.144281
0.147585
0.142008
0.146541
0.181424
0.235584
0.285193
0.296778
0.260481
0.152792
-0.012940
-0.129443
-0.154904
-0.088895
0.008855
0.077413
0.057622
-0.005944
-0.094201
-0.159145
-0.198214
-0.194121
-0.158773
-0.091249
-0.039023
-0.014872
-0.039409
-0.091903
-0.136956
-0.149769
-0.133292
-0.095185
-0.063630
-0.048685
-0.046281
-0.049009
-0.045302
-0.021793
0.025215
0.080412
0.122376
0.141979
0.147741
0.147717
0.161241
0.198988
0.247832
0.287779
0.292294
0.252349
0.136949
-0.027290
-0.138440
-0.153228
-0.075398
0.028241
0.086074
0.055529
-0.019267
-0.106151
-0.165152
-0.192725
-0.184303
-0.148110
-0.085931
-0.034485
-0.013245
-0.039304
-0.091328
-0.137456
-0.148917
-0.129903
-0.093361
-0.064263
-0.051737
-0.046351
-0.045407
-0.037164
-0.012405
0.032916
0.084755
0.123951
0.141786
0.143988
0.141395
0.156226
0.197708
0.248215
0.287165
0.285578
0.242084
0.125137
-0.029607
-0.133238
-0.145127
-0.070684
0.026405
0.079144
0.051597
-0.018879
-0.104517
-0.162623
-0.191114
-0.181996
-0.143905
-0.081654
-0.033097
-0.012725
-0.043051
-0.095415
-0.142035
-0.152808
-0.132113
-0.088341
-0.055176
-0.039577
-0.041284
-0.047176
-0.044875
-0.020286
0.025908
0.081697
0.124741
0.147795
0.152155
0.148788
0.155042
0.192373
0.240733
0.279970
0.276005
0.243354
0.134373
-0.024929
-0.132311
-0.145920
-0.077415
0.021084
0.075928
0.048481
-0.022573
-0.108176
-0.165959
-0.192093
-0.184364
-0.148008
-0.084914
-0.039815
-0.020784
-0.047470
-0.099139
-0.140948
-0.147621
-0.129128
-0.090091
-0.060171
-0.047868
-0.048016
-0.051324
-0.046889
-0.016662
0.032332
0.084839
0.119584
0.134666
0.136996
0.142404
0.161358
0.202114
0.250777
0.277476
0.266794
0.231653
0.129010
-0.024616
-0.129586
-0.150579
-0.077475
0.019756
0.077648
0.048759
-0.027105
-0.117956
-0.171161
-0.192341
-0.178037
-0.140890
-0.084275
-0.043998
-0.027802
-0.054352
-0.103456
-0.144306
-0.153002
-0.131707
-0.091714
-0.062686
-0.052038
-0.052802
-0.056260
-0.048080
-0.017951
0.031396
0.082568
0.117823
0.134667
0.141253
0.147937
0.165669
0.197330
0.238057
0.269267
0.263843
0.231496
0.136110
-0.019900
-0.129017
-0.149708
-0.085157
0.009899
0.071007
0.044502
-0.024629
-0.113461
-0.171548
-0.195743
-0.183942
-0.149920
-0.089634
-0.048931
-0.032603
-0.055317
-0.102670
-0.146051
-0.154971
-0.138487
-0.097342
-0.062392
-0.049060
-0.050123
-0.055206
-0.051985
-0.025948
0.020854
0.072126
0.118053
0.143387
0.151972
0.148995
0.154193
0.182207
0.227792
0.264807
0.264261
0.237401
0.149669
-0.000880
-0.116996
-0.152217
-0.100637
-0.011378
0.058716
0.049058
-0.011273
-0.098581
-0.163220
-0.194669
-0.188399
-0.154220
-0.096957
-0.053572
-0.033287
-0.049482
-0.093575
-0.136247
-0.151452
-0.138677
-0.101276
-0.064205
-0.049942
-0.050435
-0.056352
-0.051325
-0.023346
0.027063
0.074906
0.110115
0.125436
0.135512
0.143679
0.159781
0.185641
0.226813
0.260255
0.261448
0.237398
0.158824
0.008914
-0.114132
-0.158107
-0.105001
-0.010020
0.063039
0.052286
-0.013154
-0.102991
-0.165441
-0.192677
-0.189240
-0.157928
-0.104334
-0.059464
-0.037157
-0.051020
-0.096757
-0.138829
-0.156909
-0.140596
-0.103320
-0.064912
-0.050011
-0.049981
-0.058835
-0.052467
-0.024561
0.024875
0.074378
0.115059
0.135572
0.147420
0.151978
0.165569
0.194788
0.232227
0.266141
0.264495
0.239768
0.151780
-0.004056
-0.122763
-0.154491
-0.093100
-0.004105
0.059858
0.040774
-0.022583
-0.106079
-0.163141
-0.193262
-0.189814
-0.158496
-0.101074
-0.058622
-0.039469
-0.056435
-0.097791
-0.137533
-0.151155
-0.139078
-0.103608
-0.068980
-0.053165
-0.051309
-0.055734
-0.048723
-0.018134
0.031797
0.083075
0.122048
0.142027
0.152211
0.157263
0.172015
0.207105
0.245981
0.271205
0.263257
0.223968
0.114392
-0.034482
-0.134478
-0.143779
-0.071438
0.017795
0.066734
0.032820
-0.045773
-0.133464
-0.184503
-0.202397
-0.182021
-0.139930
-0.082762
-0.048320
-0.040889
-0.069335
-0.114010
-0.151112
-0.153354
-0.128771
-0.088202
-0.059569
-0.051138
-0.057072
-0.061079
-0.049388
-0.012157
0.043743
0.095751
0.128963
0.143116
0.147364
0.149245
0.165915
0.209560
0.256974
0.282964
0.263142
0.212138
0.092341
-0.053683
-0.138107
-0.136139
-0.065517
0.026904
0.065526
0.027049
-0.051100
-0.139672
-0.186913
-0.198730
-0.175420
-0.131689
-0.077214
-0.046576
-0.038188
-0.070233
-0.115720
-0.152003
-0.154172
-0.129930
-0.084242
-0.055668
-0.045925
-0.052657
-0.057267
-0.046905
-0.010158
0.041226
0.093122
0.125245
0.142768
0.146381
0.148037
0.163687
0.201945
0.250752
0.283583
0.272129
0.224309
0.094883
-0.060156
-0.151466
-0.144051
-0.061081
0.034768
0.070827
0.030466
-0.049959
-0.137247
-0.186231
-0.200590
-0.180294
-0.134867
-0.077291
-0.045218
-0.037715
-0.069930
-0.112624
-0.144560
-0.148861
-0.130120
-0.091829
-0.066090
-0.052184
-0.053298
-0.055918
-0.045348
-0.009155
0.041427
0.091246
0.121497
0.134231
0.139859
0.145014
0.164838
0.205644
0.252088
0.284715
0.275329
0.228576
0.099759
-0.053796
-0.149017
-0.150405
-0.069698
0.030965
0.074724
0.037926
-0.041844
-0.130446
-0.184392
-0.201721
-0.182184
-0.137711
-0.079904
-0.041557
-0.031206
-0.063787
-0.109836
-0.146499
-0.151402
-0.130135
-0.089134
-0.062300
-0.049958
-0.053915
-0.057700
-0.050227
-0.015537
0.034675
0.086374
0.119622
0.133399
0.135867
0.140262
0.157751
0.197330
0.247536
0.290620
0.280528
0.234693
0.115277
-0.039867
-0.143549
-0.146782
-0.077005
0.016327
0.066459
0.041384
-0.028380
-0.113963
-0.172999
-0.198209
-0.185791
-0.145129
-0.082485
-0.041761
-0.026895
-0.055957
-0.101870
-0.140556
-0.146590
-0.131584
-0.095573
-0.066372
-0.050432
-0.050770
-0.054533
-0.053046
-0.025466
0.022930
0.080487
0.120594
0.137511
0.137471
0.135367
0.145557
0.183746
0.234523
0.275152
0.276227
0.243676
0.159848
0.011129
-0.107373
-0.147717
-0.099969
-0.018189
0.055250
0.052226
-0.002999
-0.085521
-0.151200
-0.188716
-0.187090
-0.155150
-0.096933
-0.047150
-0.026428
-0.042801
-0.087831
-0.130004
-0.145372
-0.131786
-0.102909
-0.070364
-0.055552
-0.049956
-0.052600
-0.048924
-0.031044
0.011100
0.058768
0.102393
0.122448
0.130777
0.131831
0.142951
0.173355
0.223336
0.264522
0.283240
0.263011
0.215183
0.088984
-0.060829
-0.152527
-0.142068
-0.055088
0.050532
0.088312
0.040960
-0.049736
-0.136397
-0.182183
-0.190299
-0.167534
-0.122591
-0.065608
-0.027875
-0.018260
-0.053164
-0.103977
-0.143171
-0.147119
-0.124189
-0.079867
-0.049672
-0.038023
-0.044203
-0.049424
-0.041230
-0.007261
0.042776
0.095063
0.127032
0.141982
0.145293
0.145567
0.156433
0.191674
0.242659
0.286995
0.283378
0.244056
0.139970
-0.014671
-0.122319
-0.146329
-0.084335
0.005974
0.068237
0.051043
-0.011000
-0.093413
-0.150603
-0.183002
-0.179687
-0.148437
-0.089903
-0.041635
-0.016900
-0.038412
-0.086534
-0.129548
-0.144650
-0.130929
-0.095113
-0.059923
-0.043556
-0.039354
-0.043931
-0.040543
-0.021537
0.021342
0.073320
0.117151
0.138635
0.145407
0.143300
0.149616
0.176291
0.227317
0.274598
0.291803
0.266244
0.195391
0.044962
-0.093581
-0.158770
-0.122435
-0.030892
0.055645
0.071830
0.024519
-0.061474
-0.136445
-0.182150
-0.192960
-0.166172
-0.110625
-0.050046
-0.014621
-0.020783
-0.068286
-0.120609
-0.149048
-0.142501
-0.112425
-0.071384
-0.046594
-0.038321
-0.044632
-0.047992
-0.038316
-0.003721
0.048311
0.101744
0.131860
0.142678
0.140501
0.138064
0.160686
0.206480
0.262376
0.295309
0.282962
0.225827
0.090262
-0.062478
-0.154940
-0.142564
-0.059539
0.041199
0.081828
0.045879
-0.039649
-0.125149
-0.180261
-0.196809
-0.177349
-0.128789
-0.067178
-0.022874
-0.014430
-0.051826
-0.107156
-0.150892
-0.158070
-0.132699
-0.086234
-0.051542
-0.036181
-0.043392
-0.053712
-0.054695
-0.026412
0.025652
0.087698
0.127949
0.142728
0.139532
0.136308
0.145518
0.184712
0.243045
0.294329
0.306153
0.270487
0.140098
-0.030719
-0.153807
-0.173023
-0.094276
0.016058
0.083697
0.066232
-0.007964
-0.099702
-0.163254
-0.198493
-0.194015
-0.156603
-0.093374
-0.034535
-0.002320
-0.027755
-0.085517
-0.141523
-0.162813
-0.145476
-0.101835
-0.064553
-0.043267
-0.040220
-0.046481
-0.049871
-0.036984
-0.001084
0.057147
0.109907
0.137628
0.142165
0.132682
0.131004
0.153152
0.205707
0.269313
0.310575
0.300999
0.220909
0.052602
-0.100824
-0.179440
-0.144656
-0.042966
0.060926
0.086460
0.036527
-0.051943
-0.131507
-0.184520
-0.202025
-0.184414
-0.131798
-0.063802
-0.009933
-0.001197
-0.048162
-0.113357
-0.157997
-0.159342
-0.128716
-0.083341
-0.053875
-0.038411
-0.040254
-0.043761
-0.043549
-0.020746
0.020638
0.078757
0.121642
0.144797
0.142993
0.136387
0.136373
0.170526
0.228930
0.290531
0.311141
0.273425
0.135871
-0.036592
-0.156258
-0.172803
-0.093480
0.021728
0.086909
0.061957
-0.017486
-0.104128
-0.161225
-0.191024
-0.187795
-0.156840
-0.097339
-0.037978
-0.001661
-0.025696
-0.084044
-0.143717
-0.162087
-0.142136
-0.094691
-0.060694
-0.044041
-0.043707
-0.045824
-0.044705
-0.028314
0.006720
0.060632
0.108885
0.136077
0.140625
0.132867
0.134457
0.160249
0.212358
0.267695
0.296483
0.278923
0.201775
0.046468
-0.097274
-0.168489
-0.134577
-0.035615
0.057026
0.075079
0.021521
-0.062822
-0.133137
-0.173548
-0.185365
-0.169051
-0.125883
-0.067474
-0.023273
-0.016596
-0.056487
-0.111282
-0.148315
-0.149691
-0.120996
-0.080756
-0.054778
-0.042737
-0.043637
-0.045551
-0.036916
-0.006265
0.042754
0.095121
0.127080
0.138495
0.135674
0.135465
0.153267
0.194432
0.246029
0.286670
0.283251
0.234777
0.094702
-0.063836
-0.162676
-0.158362
-0.072143
0.036018
0.079874
0.044000
-0.036205
-0.117479
-0.169564
-0.190114
-0.179591
-0.141266
-0.082211
-0.031671
-0.009689
-0.041931
-0.098865
-0.148592
-0.159403
-0.135640
-0.090917
-0.058510
-0.043927
-0.044864
-0.049540
-0.045998
-0.020806
0.022834
0.074862
0.112038
0.132852
0.140983
0.141417
0.147764
0.179648
0.223916
0.273008
0.288379
0.255703
0.141997
-0.018657
-0.135876
-0.161869
-0.094957
0.002657
0.063714
0.048790
-0.016348
-0.094401
-0.152935
-0.186146
-0.185069
-0.155728
-0.102216
-0.048097
-0.017441
-0.035697
-0.085295
-0.136767
-0.159384
-0.146979
-0.110558
-0.072957
-0.049303
-0.041851
-0.045444
-0.047300
-0.033285
0.004629
0.058419
0.106271
0.133111
0.141237
0.136122
0.136820
0.162603
0.211675
0.262122
0.286466
0.260102
0.173104
0.019599
-0.109812
-0.158674
-0.114900
-0.026065
0.051419
0.056645
0.002250
-0.074477
-0.141001
-0.180556
-0.188864
-0.166699
-0.116957
-0.059928
-0.022515
-0.024920
-0.071875
-0.126164
-0.156114
-0.148814
-0.116898
-0.076562
-0.053163
-0.043546
-0.044754
-0.046154
-0.037811
-0.005336
0.046606
0.100118
0.131933
0.143322
0.142186
0.142196
0.162064
0.203055
0.252586
0.279656
0.264955
0.203186
0.062649
-0.078888
-0.157435
-0.136081
-0.050562
0.042529
0.068087
0.022475
-0.059743
-0.133464
-0.177305
-0.189252
-0.171012
-0.128257
-0.074588
-0.032266
-0.021788
-0.057829
-0.112234
-0.151795
-0.155325
-0.126144
-0.082489
-0.054115
-0.043513
-0.047010
-0.047105
-0.035382
-0.003916
0.044223
0.093302
0.124316
0.139224
0.143132
0.145595
0.163416
0.197037
0.240100
0.270640
0.267769
0.221680
0.098905
-0.050384
-0.147160
-0.147773
-0.069847
0.023859
0.066489
0.029600
-0.044474
-0.120078
-0.166304
-0.184449
-0.172542
-0.137648
-0.083758
-0.039486
-0.021872
-0.050871
-0.100320
-0.141648
-0.150010
-0.127968
-0.088445
-0.057714
-0.044267
-0.045758
-0.049774
-0.042369
-0.012838
0.035586
0.087215
0.122033
0.138054
0.143336
0.142931
0.151062
0.185879
0.237957
0.277313
0.275349
0.232911
0.125925
-0.021152
-0.129123
-0.149102
-0.092444
-0.002869
