0.059304
-0.035712
-0.148999
-0.200314
-0.168181
-0.116792
-0.082388
-0.042737
0.023541
0.128364
0.263297
0.376494
0.410773
0.385976
0.359492
0.371125
0.260537
-0.053670
-0.342032
-0.394632
-0.200116
0.113550
0.340855
0.313668
0.120242
-0.071916
-0.202631
-0.277565
-0.315771
-0.353099
-0.349571
-0.220061
-0.032254
0.065012
0.028841
-0.073992
-0.169275
-0.188571
-0.141643
-0.092904
-0.060080
-0.027037
0.034698
0.154340
0.297803
0.388278
0.399362
0.371326
0.373080
0.392033
0.219663
-0.144227
-0.398123
-0.387313
-0.147352
0.183288
0.367106
0.279597
0.077555
-0.100367
-0.224031
-0.298828
-0.342605
-0.386150
-0.340824
-0.160353
0.022464
0.075084
0.013621
-0.107803
-0.199321
-0.194371
-0.133977
-0.086819
-0.044836
0.001946
0.077294
0.196050
0.325148
0.382980
0.372854
0.357655
0.371919
0.377418
0.169832
-0.188538
-0.411796
-0.357640
-0.085794
0.234119
0.364174
0.236875
0.024925
-0.140582
-0.242933
-0.305570
-0.342768
-0.366421
-0.301367
-0.122420
0.030260
0.049555
-0.028875
-0.130633
-0.197245
-0.178105
-0.113340
-0.074941
-0.044354
0.010830
0.098115
0.220033
0.342020
0.387617
0.369883
0.356249
0.397748
0.371166
0.089358
-0.268139
-0.427425
-0.317091
-0.015687
0.285390
0.351916
0.192052
-0.005791
-0.159942
-0.261699
-0.320703
-0.368549
-0.390424
-0.275024
-0.072267
0.059166
0.052962
-0.040731
-0.156899
-0.202980
-0.168502
-0.114581
-0.075032
-0.028558
0.033089
0.128709
0.258887
0.358377
0.377922
0.354422
0.340501
0.378224
0.340848
0.051281
-0.288347
-0.412492
-0.272987
0.028388
0.305746
0.332773
0.154566
-0.039207
-0.179095
-0.272358
-0.327485
-0.362536
-0.366285
-0.245238
-0.048233
0.058569
0.033096
-0.060786
-0.164917
-0.204906
-0.157445
-0.100835
-0.066056
-0.015736
0.058731
0.163040
0.287344
0.371510
0.372743
0.340539
0.344133
0.399166
0.306211
-0.027818
-0.338763
-0.405898
-0.215960
0.109167
0.342899
0.302190
0.101034
-0.084920
-0.205751
-0.269884
-0.310173
-0.352664
-0.351819
-0.211899
-0.021591
0.069117
0.015657
-0.101239
-0.192495
-0.193289
-0.127938
-0.069326
-0.036222
-0.001577
0.063421
0.177036
0.301123
0.369157
0.366051
0.347113
0.355184
0.402518
0.259666
-0.097727
-0.376389
-0.390702
-0.167428
0.163710
0.356825
0.274606
0.075449
-0.096177
-0.213321
-0.272854
-0.315155
-0.353153
-0.327460
-0.183646
-0.004486
0.071021
0.008966
-0.110744
-0.192359
-0.187327
-0.119303
-0.060319
-0.029438
-0.001246
0.074320
0.193599
0.318566
0.384298
0.385571
0.360894
0.376433
0.376316
0.143772
-0.216242
-0.409218
-0.339129
-0.066786
0.248742
0.362275
0.229479
0.031514
-0.130070
-0.236754
-0.275980
-0.310088
-0.341846
-0.296285
-0.151580
0.005622
0.064452
-0.000952
-0.118342
-0.182481
-0.168727
-0.110001
-0.065393
-0.037976
-0.003126
0.089111
0.226295
0.350813
0.392934
0.374960
0.350407
0.380632
0.327310
0.031073
-0.304833
-0.424779
-0.280465
0.039253
0.323469
0.345268
0.167355
-0.023497
-0.165906
-0.247478
-0.263515
-0.303876
-0.334371
-0.260257
-0.114041
0.015323
0.058844
-0.017511
-0.137977
-0.183072
-0.154935
-0.108315
-0.064140
-0.032748
-0.003722
0.090813
0.242105
0.365123
0.411787
0.398499
0.349542
0.340778
0.240664
-0.064890
-0.344392
-0.386220
-0.206540
0.092430
0.334031
0.326929
0.143010
-0.044668
-0.188565
-0.273367
-0.281047
-0.296156
-0.300067
-0.223257
-0.091413
0.018377
0.041741
-0.036138
-0.138719
-0.172902
-0.147844
-0.099669
-0.052418
-0.024374
0.001895
0.086088
0.226676
0.360905
0.422333
0.407279
0.356639
0.324247
0.191813
-0.098161
-0.338603
-0.368729
-0.184092
0.114132
0.327875
0.305873
0.133788
-0.049636
-0.193209
-0.265827
-0.276885
-0.302853
-0.298877
-0.214958
-0.090534
0.021377
0.047011
-0.030802
-0.125584
-0.161118
-0.149671
-0.108776
-0.062618
-0.033003
0.007995
0.105619
0.243374
0.361317
0.415648
0.396973
0.347942
0.312000
0.156647
-0.140621
-0.350037
-0.342300
-0.147787
0.135717
0.323549
0.278544
0.108385
-0.061932
-0.199874
-0.267662
-0.272222
-0.301420
-0.295121
-0.209570
-0.077980
0.025469
0.040897
-0.037667
-0.124493
-0.154842
-0.139703
-0.105469
-0.071592
-0.041312
0.015617
0.130624
0.272135
0.380378
0.413350
0.383737
0.347044
0.309118
0.108208
-0.204174
-0.385131
-0.332953
-0.099576
0.196768
0.346528
0.264339
0.084159
-0.084189
-0.220599
-0.279248
-0.295772
-0.324567
-0.290420
-0.177647
-0.030466
0.058930
0.034052
-0.068345
-0.148925
-0.168350
-0.137772
-0.089062
-0.050227
-0.024174
0.037788
0.156105
0.296555
0.392419
0.415482
0.381189
0.355035
0.289876
0.045266
-0.261966
-0.399213
-0.298799
-0.031032
0.252737
0.346199
0.230143
0.044960
-0.118859
-0.237480
-0.272868
-0.290405
-0.325022
-0.288078
-0.158057
-0.004651
0.067902
0.025819
-0.082479
-0.158132
-0.163507
-0.118163
-0.075449
-0.044005
-0.012243
0.057997
0.173215
0.306192
0.388507
0.398148
0.362143
0.342749
0.282145
0.033771
-0.254119
-0.371639
-0.273776
-0.023411
0.246455
0.325792
0.205334
0.033950
-0.119939
-0.232832
-0.278947
-0.310519
-0.325060
-0.268557
-0.130031
0.009772
0.052246
-0.003512
-0.086205
-0.142772
-0.153808
-0.122522
-0.083101
-0.044163
0.007151
0.100531
0.214490
0.319977
0.375016
0.369026
0.341361
0.355951
0.310801
0.049934
-0.260378
-0.383630
-0.276564
-0.003898
0.267223
0.326150
0.184644
0.011835
-0.130843
-0.230475
-0.277090
-0.315946
-0.338051
-0.271502
-0.107888
0.022840
0.045604
-0.009479
-0.094907
-0.157989
-0.154868
-0.112973
-0.076482
-0.034840
0.022144
0.108217
0.223654
0.330541
0.371098
0.356644
0.335402
0.353682
0.309075
0.061045
-0.243504
-0.377555
-0.277580
-0.014258
0.246050
0.306791
0.174203
0.005704
-0.133248
-0.229167
-0.286996
-0.325082
-0.342805
-0.261940
-0.093654
0.023340
0.038628
-0.016655
-0.106803
-0.167042
-0.152366
-0.109739
-0.072128
-0.026026
0.033557
0.117105
0.228853
0.328570
0.365988
0.363501
0.353761
0.375258
0.328425
0.060589
-0.261813
-0.392568
-0.280482
-0.010978
0.254697
0.309791
0.168105
-0.001434
-0.134966
-0.241347
-0.308693
-0.347614
-0.359526
-0.250469
-0.063839
0.041196
0.035184
-0.037074
-0.133477
-0.181569
-0.149628
-0.105475
-0.066076
-0.010523
0.057214
0.148314
0.258269
0.326348
0.325724
0.320265
0.342933
0.402876
0.377312
0.094358
-0.266646
-0.418229
-0.297686
-0.012669
0.261249
0.311020
0.151727
-0.024688
-0.143381
-0.229641
-0.293355
-0.342130
-0.367410
-0.260524
-0.071083
0.041218
0.035350
-0.043294
-0.145841
-0.185741
-0.145717
-0.092984
-0.051996
0.000241
0.064268
0.145423
0.245947
0.312677
0.318986
0.320206
0.334879
0.403080
0.403462
0.137905
-0.234537
-0.413562
-0.330004
-0.062027
0.227282
0.302894
0.167637
0.005106
-0.118261
-0.225498
-0.299323
-0.354186
-0.377481
-0.263664
-0.075406
0.034985
0.036227
-0.038197
-0.141474
-0.182475
-0.146675
-0.101727
-0.056111
-0.001726
0.060127
0.146763
0.251454
0.313883
0.319001
0.326646
0.351388
0.417186
0.402466
0.118903
-0.262316
-0.433684
-0.331565
-0.051627
0.242388
0.321773
0.177344
0.005026
-0.125537
-0.234436
-0.316098
-0.368726
-0.386055
-0.266408
-0.067265
0.048954
0.042655
-0.043534
-0.152064
-0.195442
-0.153523
-0.096137
-0.044707
0.004253
0.059165
0.138606
0.243794
0.313316
0.325341
0.319513
0.342634
0.420363
0.415815
0.129168
-0.250790
-0.436047
-0.338565
-0.054746
0.236325
0.310521
0.172331
0.003950
-0.128919
-0.220955
-0.291005
-0.348727
-0.383228
-0.290001
-0.095230
0.040006
0.035999
-0.051303
-0.145058
-0.183871
-0.144292
-0.094095
-0.064030
-0.032807
0.030251
0.121868
0.239501
0.324210
0.333150
0.314461
0.319630
0.370117
0.418311
0.224801
-0.162258
-0.408417
-0.373144
-0.129058
0.174243
0.314618
0.205429
0.029970
-0.099711
-0.195816
-0.276167
-0.332346
-0.372066
-0.323671
-0.141431
0.021617
0.045274
-0.036993
-0.136355
-0.194043
-0.159575
-0.087920
-0.046486
-0.026028
0.020032
0.097493
0.203561
0.302188
0.342877
0.331440
0.333807
0.383723
0.422447
0.228082
-0.149051
-0.404072
-0.387367
-0.148198
0.159654
0.313714
0.222014
0.049747
-0.089358
-0.189805
-0.266291
-0.327915
-0.374065
-0.334801
-0.165980
0.005388
0.057662
-0.012027
-0.118095
-0.188351
-0.171748
-0.109144
-0.053806
-0.022608
0.019368
0.093818
0.195933
0.287502
0.333404
0.333862
0.329502
0.383034
0.447294
0.256809
-0.143015
-0.414777
-0.410695
-0.172342
0.163452
0.334364
0.235918
0.059222
-0.078693
-0.187721
-0.254006
-0.312437
-0.372766
-0.349858
-0.183758
0.000067
0.068645
0.005013
-0.116786
-0.192142
-0.171913
-0.107594
-0.062732
-0.034966
0.000066
0.077565
0.190759
0.298719
0.352323
0.355844
0.344027
0.365753
0.406196
0.243118
-0.121574
-0.384109
-0.392214
-0.173334
0.146268
0.321782
0.238156
0.064068
-0.075778
-0.184892
-0.246858
-0.300059
-0.360368
-0.342180
-0.193606
-0.017713
0.059403
0.010967
-0.105172
-0.180900
-0.170053
-0.113476
-0.067665
-0.041543
-0.015464
0.058596
0.177733
0.293980
0.355437
0.356725
0.341473
0.356232
0.398458
0.246647
-0.112974
-0.383772
-0.389266
-0.175403
0.135532
0.314420
0.241877
0.067533
-0.067780
-0.173687
-0.239756
-0.296479
-0.360938
-0.347304
-0.208819
-0.032092
0.062079
0.022959
-0.098919
-0.178310
-0.173343
-0.123523
-0.077468
-0.052559
-0.036246
0.038890
0.172845
0.296223
0.358471
0.355511
0.327816
0.340089
0.397917
0.275218
-0.083430
-0.376656
-0.410330
-0.205639
0.112361
0.319596
0.264222
0.085716
-0.058423
-0.165873
-0.230487
-0.274314
-0.344432
-0.353168
-0.238288
-0.063411
0.052879
0.042511
-0.071060
-0.162561
-0.170853
-0.130276
-0.085131
-0.054645
-0.041704
0.011184
0.139169
0.279162
0.372189
0.382711
0.347821
0.331510
0.367644
0.263705
-0.064862
-0.356751
-0.410138
-0.222828
0.092931
0.320656
0.286561
0.103972
-0.059619
-0.173529
-0.235198
-0.255586
-0.314459
-0.337554
-0.246595
-0.084620
0.036485
0.055965
-0.041890
-0.153779
-0.173402
-0.131035
-0.088384
-0.061289
-0.046748
-0.011177
0.122486
0.278181
0.374506
0.386101
0.345191
0.305714
0.336682
0.271980
-0.022478
-0.316578
-0.391877
-0.237400
0.059081
0.297391
0.288712
0.119558
-0.038070
-0.151976
-0.223058
-0.246545
-0.302212
-0.338134
-0.260505
-0.104988
0.025537
0.069819
-0.008787
-0.128728
-0.166258
-0.144422
-0.114830
-0.086705
-0.059123
-0.017128
0.101582
0.250068
0.360010
0.393659
0.371963
0.321286
0.323485
0.279061
0.020493
-0.279747
-0.380776
-0.252162
0.014650
0.265064
0.299599
0.151016
-0.011740
-0.127270
-0.209309
-0.239414
-0.288891
-0.337016
-0.282370
-0.131954
0.010892
0.057583
-0.001641
-0.092879
-0.137796
-0.133786
-0.111314
-0.093678
-0.072196
-0.023844
0.085967
0.229886
0.349302
0.392218
0.364421
0.325224
0.341457
0.324118
0.086370
-0.240871
-0.394467
-0.301552
-0.034310
0.243151
0.315748
0.181811
0.016858
-0.108026
-0.195710
-0.234323
-0.292159
-0.350314
-0.304867
-0.146978
0.011395
0.063520
0.012411
-0.081964
-0.135836
-0.134940
-0.108653
-0.088117
-0.064575
-0.021453
0.083694
0.220276
0.338017
0.386697
0.356229
0.320550
0.333032
0.332724
0.129463
-0.192187
-0.372551
-0.309348
-0.064581
0.212126
0.310421
0.196493
0.031933
-0.096217
-0.190524
-0.236514
-0.294830
-0.356791
-0.317920
-0.155655
0.001180
0.065573
0.026476
-0.073838
-0.142933
-0.143811
-0.116648
-0.095735
-0.063053
-0.014213
0.088834
0.229735
0.343102
0.377062
0.352294
0.320591
0.347360
0.360665
0.153937
-0.186474
-0.380320
-0.330061
-0.087709
0.201324
0.311301
0.196745
0.036401
-0.089501
-0.185239
-0.239333
-0.309186
-0.379024
-0.331849
-0.152388
0.007499
0.069502
0.029797
-0.075934
-0.153315
-0.154056
-0.124775
-0.094052
-0.048299
0.003546
0.099716
0.230575
0.335688
0.356402
0.341470
0.330864
0.357985
0.362712
0.157455
-0.186151
-0.381575
-0.318179
-0.076088
0.201057
0.304118
0.190709
0.026388
-0.092586
-0.184152
-0.242175
-0.317562
-0.382031
-0.326881
-0.140682
0.011131
0.061016
0.010604
-0.096395
-0.160231
-0.141276
-0.108621
-0.088276
-0.051532
0.001721
0.104883
0.238538
0.343124
0.355290
0.336862
0.326432
0.366638
0.380920
0.167275
-0.184937
-0.383482
-0.325137
-0.078437
0.200967
0.303871
0.185410
0.024210
-0.099490
-0.189777
-0.259895
-0.335959
-0.385986
-0.313853
-0.120464
0.025015
0.059605
-0.007600
-0.111873
-0.171477
-0.148775
-0.111091
-0.076766
-0.036246
0.023245
0.126029
0.245864
0.326898
0.336621
0.327042
0.336241
0.380100
0.366438
0.123400
-0.217230
-0.380058
-0.292481
-0.043833
0.209907
0.284705
0.161487
0.008381
-0.113767
-0.199471
-0.277532
-0.350677
-0.385249
-0.295965
-0.109914
0.027062
0.056958
-0.022322
-0.133376
-0.180949
-0.149043
-0.111051
-0.071409
-0.030102
0.034005
0.143987
0.267939
0.331563
0.319880
0.306608
0.336653
0.407162
0.383674
0.107008
-0.249480
-0.411843
-0.301124
-0.020483
0.241933
0.291819
0.152658
-0.008279
-0.128937
-0.216922
-0.300403
-0.370811
-0.387526
-0.269406
-0.083057
0.046615
0.048108
-0.044187
-0.151162
-0.190174
-0.157130
-0.098808
-0.047957
-0.009669
0.047112
0.146415
0.255158
0.315770
0.317312
0.310522
0.346045
0.421585
0.372797
0.073236
-0.268468
-0.407407
-0.283629
-0.000886
0.243453
0.269448
0.131523
-0.014866
-0.129582
-0.215320
-0.301935
-0.379103
-0.382880
-0.243820
-0.059451
0.034217
0.010927
-0.071491
-0.155513
-0.174545
-0.132969
-0.084899
-0.050617
-0.010176
0.056088
0.157082
0.261722
0.319573
0.320057
0.313552
0.345534
0.419506
0.344986
0.026889
-0.292671
-0.395292
-0.252796
0.033115
0.262417
0.256454
0.106742
-0.035714
-0.140984
-0.230772
-0.310441
-0.380440
-0.375465
-0.226225
-0.034136
0.043833
-0.002132
-0.094872
-0.171961
-0.173708
-0.120310
-0.077659
-0.050828
-0.007510
0.064601
0.162865
0.269072
0.327749
0.327179
0.319463
0.346606
0.413142
0.339860
0.028248
-0.295270
-0.391906
-0.239677
0.047729
0.265771
0.254882
0.093768
-0.051176
-0.149457
-0.216823
-0.297209
-0.369878
-0.372048
-0.236551
-0.049205
0.045175
-0.003048
-0.101595
-0.168753
-0.168354
-0.119404
-0.072689
-0.049156
-0.018309
0.057938
0.168585
0.277955
0.344029
0.342478
0.332429
0.373158
0.431110
0.302132
-0.047484
-0.348736
-0.402641
-0.207495
0.101470
0.303647
0.256970
0.087897
-0.062513
-0.169746
-0.243480
-0.307092
-0.372005
-0.357228
-0.219052
-0.034608
0.043581
0.002513
-0.097341
-0.168362
-0.166289
-0.110433
-0.066293
-0.044621
-0.015602
0.060222
0.177993
0.293351
0.350461
0.353961
0.352667
0.380501
0.408201
0.225283
-0.138244
-0.386141
-0.366846
-0.136523
0.167316
0.315153
0.224854
0.050737
-0.081011
-0.185905
-0.245222
-0.302184
-0.368109
-0.338424
-0.186841
-0.017728
0.053939
-0.004385
-0.123367
-0.184050
-0.163767
-0.104336
-0.063758
-0.044499
-0.027924
0.053648
0.190478
0.312375
0.364475
0.358872
0.336480
0.362433
0.375066
0.181082
-0.158737
-0.369339
-0.332103
-0.100481
0.181086
0.300760
0.200959
0.038585
-0.090085
-0.193240
-0.256766
-0.305980
-0.356716
-0.320375
-0.170640
-0.018667
0.041181
-0.012224
-0.117852
-0.175333
-0.160076
-0.115958
-0.076439
-0.043431
-0.015355
0.060019
0.192670
0.316385
0.379786
0.372483
0.334115
0.336531
0.337524
0.152810
-0.160159
-0.349303
-0.307940
-0.083103
0.187756
0.295896
0.193808
0.026378
-0.105835
-0.205414
-0.247310
-0.288434
-0.350202
-0.316373
-0.168993
-0.018191
0.045280
-0.000543
-0.110863
-0.170291
-0.154679
-0.111793
-0.081552
-0.052024
-0.016904
0.070127
0.204692
0.321096
0.369928
0.353544
0.320129
0.339038
0.355879
0.177264
-0.142992
-0.350213
-0.322026
-0.095431
0.183088
0.295960
0.193945
0.028711
-0.097361
-0.190116
-0.233332
-0.285948
-0.358991
-0.329104
-0.176281
-0.016029
0.053008
0.005244
-0.106242
-0.160477
-0.144232
-0.108316
-0.087285
-0.059614
-0.020060
0.072856
0.206637
0.320437
0.368520
0.361524
0.341120
0.347727
0.339437
0.162880
-0.141239
-0.336364
-0.297539
-0.079334
0.178616
0.287166
0.197486
0.034560
-0.090114
-0.183822
-0.235768
-0.296329
-0.361952
-0.326413
-0.167488
-0.012096
0.048463
0.007253
-0.095139
-0.160244
-0.147867
-0.107172
-0.081445
-0.050562
-0.004139
0.089208
0.216468
0.322553
0.359967
0.342784
0.320746
0.354546
0.378365
0.201629
-0.124543
-0.341022
-0.317020
-0.096875
0.168894
0.285330
0.197968
0.042785
-0.082019
-0.177953
-0.235140
-0.306075
-0.373193
-0.328417
-0.160603
-0.005824
0.046110
0.004540
-0.092130
-0.151285
-0.135488
-0.098484
-0.081699
-0.052212
-0.001833
0.099575
0.233997
0.339772
0.359960
0.336685
0.331510
0.371979
0.375045
0.166869
-0.165066
-0.357618
-0.293868
-0.048718
0.214191
0.298397
0.176712
0.007811
-0.109111
-0.188354
-0.234581
-0.301207
-0.365326
-0.312879
-0.139395
0.011429
0.045144
-0.011539
-0.107132
-0.161621
-0.143450
-0.102437
-0.075586
-0.036882
0.017780
0.111361
0.227122
0.321323
0.346502
0.331733
0.323564
0.364383
0.366001
0.158898
-0.162166
-0.342334
-0.284148
-0.053662
0.200370
0.284457
0.169498
0.010056
-0.107780
-0.193511
-0.239349
-0.301814
-0.364316
-0.311643
-0.150439
-0.009409
0.041013
-0.007266
-0.108679
-0.164621
-0.142346
-0.100194
-0.066471
-0.035873
0.009996
0.111038
0.239827
0.331099
0.346474
0.325760
0.327314
0.381798
0.364360
0.117212
-0.207237
-0.364851
-0.277536
-0.018725
0.233468
0.280977
0.142065
-0.014398
-0.127037
-0.201157
-0.247027
-0.319692
-0.379294
-0.305264
-0.134559
-0.000376
0.035646
-0.024492
-0.122787
-0.165336
-0.140029
-0.104711
-0.078227
-0.044871
0.009959
0.119378
0.250678
0.334482
0.346474
0.332098
0.322028
0.360272
0.346072
0.105123
-0.214888
-0.354398
-0.259401
-0.012002
0.229056
0.273896
0.130373
-0.027807
-0.135533
-0.215718
-0.262362
-0.321608
-0.369363
-0.300572
-0.122616
0.003835
0.010150
-0.049131
-0.123220
-0.157578
-0.129530
-0.094226
-0.086140
-0.056654
0.011214
0.117391
0.246179
0.350205
0.364991
0.335098
0.323910
0.363441
0.323964
0.075717
-0.229741
-0.354548
-0.248973
0.008981
0.238921
0.268241
0.123818
-0.034628
-0.150552
-0.224251
-0.273280
-0.344897
-0.377870
-0.280977
-0.100349
0.025005
0.020903
-0.063759
-0.145517
-0.165383
-0.132281
-0.101156
-0.082985
-0.048791
0.028247
0.147720
0.278720
0.356033
0.357973
0.330600
0.325903
0.363519
0.303995
0.027424
-0.264458
-0.347772
-0.205143
0.060386
0.264350
0.252342
0.089964
-0.059744
-0.166489
-0.233456
-0.290643
-0.357269
-0.365193
-0.242936
-0.071195
0.022274
0.014413
-0.072563
-0.156126
-0.167035
-0.124126
-0.092444
-0.064366
-0.019534
0.058539
0.175464
0.293781
0.348242
0.342967
0.331641
0.356173
0.399632
0.279013
-0.039992
-0.303985
-0.339339
-0.159748
0.112647
0.281349
0.228319
0.065496
-0.072023
-0.173479
-0.238487
-0.301489
-0.373269
-0.358345
-0.213066
-0.037827
0.033706
-0.003163
-0.090551
-0.155947
-0.155371
-0.112658
-0.081834
-0.054797
-0.012768
0.070916
0.195330
0.313479
0.366510
0.355632
0.341257
0.368137
0.404199
0.245744
-0.095911
-0.342307
-0.332011
-0.112260
0.170352
0.308035
0.218954
0.039761
-0.095809
-0.186866
-0.241570
-0.295657
-0.365488
-0.349163
-0.200738
-0.028694
0.035944
-0.000931
-0.094072
-0.155427
-0.141186
-0.092777
-0.077377
-0.062344
-0.019251
0.077294
0.218629
0.346040
0.377568
0.348103
0.328133
0.354260
0.384038
0.228738
-0.099302
-0.330514
-0.306322
-0.083007
0.185632
0.302943
0.200738
0.017895
-0.114379
-0.194934
-0.237572
-0.281727
-0.347661
-0.330116
-0.189760
-0.019973
0.034024
-0.019487
-0.111274
-0.164145
-0.145728
-0.087330
-0.056944
-0.047180
-0.013180
0.083390
0.225142
0.349915
0.389657
0.362392
0.333209
0.359534
0.357361
0.145683
-0.170664
-0.340486
-0.263312
-0.017493
0.237819
0.300280
0.160296
-0.020434
-0.142067
-0.217569
-0.247698
-0.284678
-0.341293
-0.306754
-0.160584
-0.010882
0.030238
-0.037963
-0.126070
-0.162952
-0.132092
-0.083296
-0.062689
-0.051599
-0.011879
0.095488
0.243767
0.366433
0.403629
0.368476
0.336735
0.351940
0.298614
0.042703
-0.244010
-0.340479
-0.192959
0.072695
0.284210
0.276428
0.106464
-0.068404
-0.175334
-0.235195
-0.253473
-0.288405
-0.324840
-0.270402
-0.133593
-0.010209
0.006961
-0.057666
-0.128771
-0.151203
-0.125198
-0.084621
-0.063117
-0.042378
0.007481
0.119469
0.259126
0.363847
0.381952
0.352459
0.332393
0.340549
0.236347
-0.029751
-0.267461
-0.303259
-0.131696
0.118131
0.273152
0.223387
0.057376
-0.091875
-0.185724
-0.239723
-0.267373
-0.306284
-0.322936
-0.243480
-0.103378
-0.003943
-0.006302
-0.080114
-0.140261
-0.151653
-0.121773
-0.086353
-0.062891
-0.040557
0.022596
0.146417
0.286772
0.369293
0.371236
0.330884
0.318017
0.322277
0.197514
-0.074584
-0.285500
-0.287491
-0.101677
0.145823
0.279093
0.206183
0.025949
-0.124389
-0.217355
-0.254592
-0.275954
-0.313732
-0.313145
-0.216229
-0.084940
-0.006880
-0.022887
-0.101854
-0.155192
-0.151571
-0.112654
-0.081766
-0.059782
-0.035379
0.038879
0.173376
0.313559
0.380617
0.377351
0.341966
0.325506
0.291394
0.103720
-0.170367
-0.314192
-0.237302
-0.011910
0.215091
0.280510
0.153041
-0.030945
-0.166112
-0.243582
-0.272433
-0.296646
-0.315993
-0.282525
-0.167919
-0.048764
-0.005000
-0.059403
-0.128298
-0.155706
-0.136137
-0.096814
-0.069359
-0.059538
-0.029338
0.067613
0.211184
0.331966
0.377043
0.363667
0.325239
0.323998
0.274241
0.053166
-0.214451
-0.310936
-0.193540
0.043609
0.245736
0.260760
0.101472
-0.071534
-0.185323
-0.246524
-0.279169
-0.304203
-0.321144
-0.261883
-0.130515
-0.022840
-0.016871
-0.077962
-0.132121
-0.148267
-0.121187
-0.093873
-0.083574
-0.067208
0.000851
0.122742
0.268264
0.365660
0.378510
0.340385
0.319317
0.333716
0.246371
-0.019374
-0.264805
-0.305395
-0.133917
0.122154
0.286738
0.233090
0.045118
-0.115796
-0.208457
-0.251927
-0.273610
-0.326309
-0.339839
-0.239398
-0.082207
0.012421
-0.008053
-0.095269
-0.154828
-0.147482
-0.102992
-0.079581
-0.071650
-0.046951
0.032387
0.170049
0.310239
0.380225
0.374119
0.328875
0.311376
0.327723
0.215428
-0.061089
-0.275534
-0.272527
-0.081074
0.161928
0.286538
0.192664
0.003688
-0.139970
-0.212706
-0.248412
-0.250127
-0.304867
-0.335869
-0.233114
-0.074728
0.010507
-0.012259
-0.080027
-0.145191
-0.139703
-0.098436
-0.076996
-0.077079
-0.035021
0.055331
0.201770
0.347315
0.416901
0.376095
0.314900
0.306320
0.309148
0.153811
-0.113978
-0.284157
-0.232326
-0.014972
0.220055
0.290279
0.157790
-0.033696
-0.168164
-0.239072
-0.256656
-0.264772
-0.326046
-0.303766
-0.168953
-0.021434
0.013899
-0.031322
-0.110913
-0.157013
-0.130831
-0.078643
-0.063824
-0.047151
0.004827
0.100767
0.231459
0.347470
0.383287
0.358939
0.338588
0.351233
0.301346
0.085478
-0.181884
-0.294547
-0.182590
0.056493
0.250829
0.260896
0.106197
-0.069384
-0.178167
-0.227037
-0.262116
-0.309707
-0.331553
-0.258958
-0.117157
-0.002379
0.003000
-0.073689
-0.131919
-0.138848
-0.107023
-0.077002
-0.060479
-0.044543
0.010069
0.129801
0.277998
0.373561
0.386495
0.345614
0.315338
0.331927
0.285192
0.055148
-0.203196
-0.280418
-0.142670
0.092102
0.266725
0.244695
0.069456
-0.100044
-0.195974
-0.239943
-0.266012
-0.312452
-0.330997
-0.247367
-0.096316
0.004321
-0.009810
-0.084138
-0.141149
-0.144334
-0.099641
-0.064553
-0.055522
-0.040215
0.022834
0.148843
0.300675
0.393424
0.388638
0.336418
0.318335
0.342936
0.262338
0.006051
-0.238105
-0.279004
-0.109940
0.135375
0.283975
0.219911
0.028301
-0.135065
-0.214250
-0.248711
-0.285675
-0.326322
-0.318078
-0.212541
-0.067878
0.008027
-0.030240
-0.103197
-0.145519
-0.134473
-0.093060
-0.055284
-0.043659
-0.028842
0.048065
0.189807
0.322905
0.384436
0.365929
0.322228
0.325161
0.351075
0.228134
-0.055417
-0.268078
-0.262408
-0.066852
0.170172
0.279587
0.175733
-0.012195
-0.152119
-0.216488
-0.257564
-0.304155
-0.346226
-0.310485
-0.179558
-0.035227
0.001271
-0.059490
-0.128683
-0.154191
-0.125457
-0.078139
-0.054975
-0.053459
-0.018253
0.082885
0.225114
0.337720
0.370356
0.340817
0.317929
0.351075
0.356950
0.171998
-0.127522
-0.300022
-0.233054
-0.002477
0.221203
0.269493
0.125365
-0.057175
-0.171659
-0.220978
-0.264156
-0.311660
-0.347710
-0.300162
-0.151087
-0.014699
0.004140
-0.072872
-0.141687
-0.162476
-0.128063
-0.079318
-0.055186
-0.044038
0.012035
0.125114
0.259887
0.355465
0.373014
0.341630
0.327405
0.364253
0.323500
0.070542
-0.217427
-0.312301
-0.175724
0.081685
0.271328
0.250252
0.065325
-0.103150
-0.200773
-0.246063
-0.280049
-0.319467
-0.340793
-0.267115
-0.115434
-0.003248
-0.005614
-0.085736
-0.147467
-0.157187
-0.114763
-0.075136
-0.059279
-0.049427
0.016560
0.151367
0.304019
0.381492
0.369381
0.324247
0.311692
0.349160
0.280205
0.015197
-0.239557
-0.284064
-0.118919
0.123748
0.273433
0.214765
0.025348
-0.127190
-0.205705
-0.242157
-0.281224
-0.319264
-0.327951
-0.237649
-0.087714
0.006724
-0.020937
-0.104698
-0.156846
-0.154574
-0.111512
-0.072995
-0.050880
-0.031334
0.046782
0.182219
0.314408
0.374962
0.367301
0.322110
0.319165
0.350873
0.229535
-0.064841
-0.280280
-0.256587
-0.053029
0.184596
0.288256
0.172271
-0.026831
-0.157425
-0.220391
-0.256629
-0.295387
-0.331112
-0.309605
-0.188424
-0.040902
0.006613
-0.046851
-0.119920
-0.159934
-0.145352
-0.095123
-0.062402
-0.050193
-0.015770
0.074747
0.208901
0.333143
0.387833
0.363299
0.318963
0.328452
0.330970
0.168418
-0.107836
-0.277966
-0.228853
-0.013342
0.211683
0.269942
0.134681
-0.049834
-0.172561
-0.230087
-0.263064
-0.305991
-0.331198
-0.280049
-0.150405
-0.025949
-0.006215
-0.067061
-0.135154
-0.158023
-0.126702
-0.076907
-0.050689
-0.038729
0.002298
0.107450
0.243510
0.346367
0.370174
0.344834
0.329736
0.353748
0.326289
0.106360
-0.176711
-0.296749
-0.188933
0.047284
0.245543
0.255121
0.091606
-0.083708
-0.185311
-0.235736
-0.284288
-0.321065
-0.333975
-0.256485
-0.108181
-0.002115
-0.015028
-0.086248
-0.141771
-0.156030
-0.120485
-0.078226
-0.056750
-0.037581
0.035005
0.153560
0.287000
0.362041
0.356599
0.310205
0.303736
0.346109
0.313644
0.081284
-0.186570
-0.276818
-0.146301
0.083214
0.247701
0.214476
0.046539
-0.110062
-0.191304
-0.239905
-0.293430
-0.329807
-0.317607
-0.224656
-0.076811
-0.001319
-0.044714
-0.115338
-0.153563
-0.145565
-0.101637
-0.059425
-0.046928
-0.023168
0.064872
0.199005
0.313101
0.365940
0.351126
0.326850
0.353286
0.381406
0.232841
-0.074633
-0.295343
-0.265780
-0.046709
0.199969
0.289396
0.162655
-0.036012
-0.164659
-0.219686
-0.260661
-0.314593
-0.346102
-0.302163
-0.172768
-0.040623
0.003114
-0.052865
-0.132546
-0.163414
-0.133033
-0.084345
-0.057965
-0.047400
-0.008933
0.098734
0.249353
0.359528
0.374615
0.329578
0.306853
0.358362
0.353097
0.143815
-0.163741
-0.312265
-0.216150
0.039167
0.257110
0.265789
0.092019
-0.086481
-0.189336
-0.231424
-0.271700
-0.319781
-0.334623
-0.264957
-0.124215
-0.012040
-0.023527
-0.100040
-0.150751
-0.150158
-0.107139
-0.059440
-0.043059
-0.042041
0.016056
0.144138
0.280212
0.359719
0.360900
0.327121
0.325737
0.368715
0.289680
0.013280
-0.243980
-0.289752
-0.125689
0.124108
0.274842
0.207843
0.020955
-0.124520
-0.199579
-0.237283
-0.280926
-0.335984
-0.342046
-0.236980
-0.069465
0.014809
-0.025401
-0.111718
-0.156952
-0.149873
-0.098531
-0.064810
-0.053504
-0.031162
0.059810
0.197411
0.323442
0.371266
0.354281
0.318755
0.348509
0.369141
0.195098
-0.120645
-0.309437
-0.254056
-0.022439
0.215989
0.282866
0.141826
-0.039783
-0.154997
-0.217464
-0.256451
-0.306331
-0.338470
-0.292403
-0.163463
-0.036947
-0.000587
-0.065974
-0.135602
-0.156069
-0.120556
-0.076509
-0.050891
-0.044869
-0.010543
0.099006
0.251454
0.356178
0.372938
0.342130
0.326935
0.352822
0.301407
0.060248
-0.215520
-0.297886
-0.157763
0.086022
0.261681
0.241318
0.068276
-0.092646
-0.185077
-0.233744
-0.280990
-0.322827
-0.325397
-0.233343
-0.088928
0.004879
-0.019243
-0.102210
-0.154125
-0.149860
-0.105258
-0.065003
-0.051392
-0.041265
0.019883
0.148328
0.292145
0.373950
0.376494
0.335978
0.323694
0.349185
0.249963
-0.025006
-0.259793
-0.275933
-0.095133
0.152254
0.287819
0.208299
0.020410
-0.124092
-0.206000
-0.247953
-0.288637
-0.336890
-0.308429
-0.181194
-0.055274
0.002788
-0.032408
-0.114539
-0.155988
-0.135613
-0.095286
-0.070303
-0.043914
-0.015837
0.055937
0.194277
0.337467
0.382885
0.361302
0.330698
0.330445
0.320084
0.166710
-0.107690
-0.278532
-0.219686
-0.000877
0.208619
0.266925
0.138093
-0.041170
-0.159912
-0.208934
-0.252805
-0.310960
-0.332877
-0.268434
-0.131127
-0.009325
-0.001852
-0.071215
-0.129310
-0.144648
-0.121146
-0.082233
-0.055001
-0.036833
0.017501
0.128441
0.261659
0.350916
0.368999
0.334154
0.325798
0.363864
0.316325
0.071056
-0.194959
-0.279758
-0.152416
0.082650
0.253441
0.229099
0.070935
-0.074965
-0.165200
-0.221989
-0.279588
-0.337916
-0.330136
-0.214603
-0.079577
0.000763
-0.024614
-0.089275
-0.141533
-0.137931
-0.104328
-0.068835
-0.048618
-0.021746
0.042297
0.170704
0.307906
0.370082
0.367887
0.347117
0.349489
0.359424
0.234371
-0.048223
-0.259886
-0.250754
-0.059316
0.169714
0.281137
0.184710
0.006057
-0.127517
-0.194579
-0.254788
-0.310308
-0.343620
-0.282620
-0.154282
-0.033137
0.003956
-0.058363
-0.128268
-0.150290
-0.122212
-0.086219
-0.054860
-0.038415
-0.002278
0.090440
0.231289
0.335576
0.364771
0.346643
0.336663
0.363783
0.358435
0.159026
-0.141697
-0.297909
-0.212852
0.017976
0.230472
0.265731
0.118180
-0.054682
-0.153518
-0.203534
-0.265708
-0.325387
-0.348162
-0.269790
-0.114812
0.002488
-0.008730
-0.090626
-0.139076
-0.137969
-0.101211
-0.067634
-0.057040
-0.050202
0.019416
0.151350
0.287887
0.362805
0.371730
0.340396
0.340974
0.375928
0.290179
0.009134
-0.250217
-0.296820
-0.126994
0.127573
0.285262
0.220896
0.039398
-0.107165
-0.189543
-0.247912
-0.310683
-0.354179
-0.322825
-0.196681
-0.049049
0.012814
-0.047428
-0.131335
-0.160887
-0.133182
-0.089176
-0.059636
-0.053662
-0.030367
0.063026
0.213418
0.333557
0.374812
0.357528
0.332061
0.348916
0.360245
0.180139
-0.129913
-0.310416
-0.245612
-0.013586
0.224449
0.294750
0.145440
-0.052547
-0.177261
-0.238186
-0.289685
-0.323771
-0.337837
-0.257519
-0.126879
-0.028909
-0.024825
-0.097660
-0.155619
-0.161650
-0.124458
-0.084719
-0.056790
-0.041326
0.011330
0.119506
0.256412
0.336938
0.357886
0.344002
0.335127
0.356582
0.305985
0.058338
-0.216658
-0.295306
-0.162690
0.068098
0.246655
0.227679
0.059179
-0.095980
-0.185214
-0.254730
-0.319962
-0.356996
-0.335118
-0.230391
-0.084176
-0.006407
-0.050792
-0.122891
-0.162143
-0.150343
-0.108060
-0.065140
-0.054620
-0.037919
0.042448
0.178700
0.299971
0.356905
0.354074
0.332551
0.347356
0.360476
0.201695
-0.106058
-0.308324
-0.263241
-0.051906
0.181063
0.265170
0.149648
-0.028772
-0.147495
-0.215526
-0.283667
-0.350620
-0.378329
-0.320611
-0.160451
-0.019537
-0.005913
-0.087017
-0.150432
-0.170692
-0.140428
-0.099150
-0.077667
-0.068726
-0.002677
0.119904
0.261084
0.350353
0.365019
0.329270
0.322062
0.364098
0.313967
0.054917
-0.232411
-0.321138
-0.178696
0.075330
0.262153
0.234872
0.051729
-0.114399
-0.204806
-0.260521
-0.321759
-0.361853
-0.345098
-0.236727
-0.087101
-0.013737
-0.049669
-0.124813
-0.173490
-0.165542
-0.116019
-0.071281
-0.053822
-0.028833
0.049771
0.174740
0.285883
0.341748
0.349006
0.341568
0.357474
0.364442
0.200060
-0.099788
-0.296685
-0.261987
-0.063543
0.162395
0.251757
0.147589
-0.021775
-0.140597
-0.214406
-0.292262
-0.355514
-0.375329
-0.315063
-0.161679
-0.023560
-0.009841
-0.082108
-0.145871
-0.173109
-0.146010
-0.098874
-0.070445
-0.060277
0.002725
0.123096
0.255051
0.340634
0.358822
0.333452
0.330986
0.386507
0.353133
0.084174
-0.227972
-0.334520
-0.202262
0.054993
0.257082
0.244617
0.068901
-0.093353
-0.183982
-0.246088
-0.315827
-0.362477
-0.364015
-0.264088
-0.095640
0.000900
-0.033068
-0.108485
-0.161772
-0.169312
-0.129646
-0.082375
-0.063133
-0.034852
0.054063
0.186670
0.311076
0.374430
0.364349
0.341846
0.368643
0.392603
0.219908
-0.108780
-0.321078
-0.287252
-0.059425
0.198390
0.299369
0.174090
-0.016467
-0.155578
-0.227048
-0.282922
-0.338723
-0.372273
-0.296210
-0.151936
-0.031202
-0.006367
-0.078447
-0.149112
-0.164289
-0.129892
-0.097672
-0.071933
-0.051522
-0.003385
0.104212
0.253608
0.346605
0.371702
0.362153
0.352793
0.378263
0.332469
0.075984
-0.227317
-0.321742
-0.182207
0.065942
0.260045
0.257886
0.086824
-0.075534
-0.170783
-0.235127
-0.300503
-0.355859
-0.349490
-0.245582
-0.093514
0.004116
-0.019058
-0.105760
-0.157718
-0.151347
-0.109159
-0.072922
-0.057077
-0.041177
0.032891
0.175964
0.317235
0.378245
0.369791
0.348093
0.364780
0.384248
0.227927
-0.084028
-0.302713
-0.277356
-0.063130
0.189984
0.296715
0.187169
-0.002394
-0.136858
-0.212564
-0.254342
-0.304816
-0.349890
-0.322618
-0.180302
-0.031548
0.016422
-0.045034
-0.126234
-0.161024
-0.133787
-0.083278
-0.056979
-0.045055
-0.011032
0.091617
0.236517
0.357808
0.392897
0.366999
0.336307
0.364402
0.334878
0.104844
-0.191156
-0.310613
-0.203787
0.047624
0.266391
0.283595
0.112010
-0.067348
-0.182965
-0.241683
-0.275415
-0.314298
-0.336231
-0.266657
-0.112148
0.000027
0.002388
-0.077074
-0.145332
-0.159499
-0.111004
-0.062212
-0.040697
-0.029710
0.031762
0.152860
0.297934
0.386212
0.398884
0.365403
0.358035
0.378044
0.242662
-0.065719
-0.293760
-0.282287
-0.075304
0.186191
0.315166
0.215700
0.016062
-0.132726
-0.221775
-0.271059
-0.308959
-0.334341
-0.303570
-0.171620
-0.032431
0.009303
-0.042493
-0.108696
-0.150636
-0.138161
-0.097166
-0.065542
-0.047635
-0.007168
0.091468
0.238090
0.365852
0.411691
0.394104
0.373849
0.387372
0.319151
0.063402
-0.222227
-0.312144
-0.169040
0.089153
0.286738
0.278968
0.103101
-0.076789
-0.188448
-0.245430
-0.290637
-0.336717
-0.338719
-0.239285
-0.084496
0.011692
-0.005378
-0.081575
-0.142854
-0.149274
-0.111802
-0.076929
-0.055613
-0.029559
0.042051
0.172576
0.312174
0.385500
0.385846
0.358307
0.353704
0.365017
0.244024
-0.038140
-0.264570
-0.266945
-0.077687
0.162419
0.284412
0.202573
0.019105
-0.126225
-0.207462
-0.271808
-0.325097
-0.342435
-0.297233
-0.170318
-0.035359
0.003460
-0.039844
-0.105193
-0.145090
-0.139656
-0.095840
-0.058668
-0.036914
0.003968
0.106863
0.239491
0.356325
0.399401
0.379954
0.356394
0.384021
0.341391
0.096052
-0.203787
-0.318008
-0.200865
0.058018
0.277557
0.285182
0.109775
-0.074520
-0.191229
-0.255045
-0.303489
-0.347314
-0.335302
-0.235554
-0.097584
-0.000969
-0.017098
-0.092273
-0.149603
-0.147040
-0.109882
-0.072197
-0.050463
-0.032785
0.028344
0.165328
0.312010
0.389972
0.387859
0.359509
0.363281
0.382895
0.263427
-0.037280
-0.286000
-0.298093
-0.099812
0.157906
0.300047
0.220164
0.025053
-0.137373
-0.220813
-0.276516
-0.340194
-0.366426
-0.314623
-0.177177
-0.031772
0.013206
-0.052212
-0.130185
-0.161212
-0.141428
-0.095762
-0.057580
-0.042340
-0.009417
0.096664
0.243164
0.360391
0.397734
0.378551
0.358792
0.387626
0.343992
0.086170
-0.227506
-0.335115
-0.196239
0.067490
0.277631
0.277303
0.091827
-0.096443
-0.207074
-0.262571
-0.314186
-0.355832
-0.346783
-0.250726
-0.094938
0.002937
-0.023695
-0.108786
-0.162751
-0.162330
-0.121128
-0.074103
-0.052239
-0.034383
0.039414
0.173609
0.301186
0.375079
0.385290
0.364674
0.365305
0.377240
0.233670
-0.076149
-0.304466
-0.293942
-0.083609
0.172984
0.295387
0.192653
-0.001986
-0.153073
-0.232448
-0.286753
-0.344850
-0.371862
-0.319493
-0.175407
-0.030602
0.005987
-0.066567
-0.148574
-0.177769
-0.145476
-0.095472
-0.063379
-0.049081
-0.005208
0.106521
0.251596
0.359185
0.392235
0.373715
0.355490
0.380719
0.315440
0.041947
-0.245718
-0.323002
-0.175790
0.086054
0.282734
0.257777
0.064743
-0.111289
-0.215879
-0.269259
-0.314830
-0.361912
-0.352850
-0.239650
-0.081628
0.001392
-0.035428
-0.122543
-0.169979
-0.159176
-0.110379
-0.075836
-0.057709
-0.031774
0.054297
0.192163
0.322750
0.388966
0.391310
0.361269
0.374391
0.353393
0.144477
-0.167986
-0.328555
-0.246287
-0.006098
0.228772
0.285461
0.140341
-0.045811
-0.174225
-0.248737
-0.293582
-0.349710
-0.378806
-0.304468
-0.136109
-0.008821
0.000217
-0.069805
-0.145412
-0.175506
-0.142018
-0.095640
-0.067647
-0.040240
0.021170
0.137102
0.278421
0.375518
0.397535
0.368784
0.364933
0.377471
0.243654
-0.057420
-0.292002
-0.294283
-0.100043
0.159930
0.297960
0.215420
0.020538
-0.132588
-0.231475
-0.280317
-0.327033
-0.360369
-0.327653
-0.191313
-0.045899
0.004453
-0.050494
-0.129533
-0.165533
-0.142120
-0.095492
-0.069070
-0.051065
-0.015610
0.077040
0.220292
0.353711
0.408641
0.395702
0.365517
0.366356
0.292390
0.050055
-0.214545
-0.295004
-0.163563
0.076605
0.258206
0.253322
0.087833
-0.080051
-0.193287
-0.254997
-0.302048
-0.348055
-0.342203
-0.248144
-0.093395
-0.003651
-0.018041
-0.091998
-0.147417
-0.156212
-0.116296
-0.075019
-0.051066
-0.026271
0.048931
0.179181
0.310066
0.377995
0.383837
0.366381
0.378735
0.368340
0.186200
-0.117305
-0.298442
-0.244924
-0.027236
0.205322
0.289791
0.170488
-0.012583
-0.145721
-0.226379
-0.274412
-0.327818
-0.355054
-0.298807
-0.147756
-0.020559
-0.002771
-0.070614
-0.137594
-0.158617
-0.119689
-0.074303
-0.051742
-0.039893
0.011503
0.125058
0.269865
0.372936
0.401399
0.387530
0.387411
0.395483
0.255104
-0.039523
-0.274311
-0.282952
-0.097691
0.155009
0.294881
0.224394
0.040429
-0.109279
-0.210569
-0.265556
-0.305102
-0.354512
-0.333508
-0.208389
-0.052088
0.006264
-0.024021
-0.097810
-0.149074
-0.149256
-0.104405
-0.075857
-0.047625
-0.003746
0.089600
0.221797
0.347759
0.395201
0.376788
0.359362
0.398448
0.378754
0.142916
-0.179744
-0.329634
-0.226398
0.024660
0.255381
0.289933
0.135669
-0.044890
-0.161185
-0.235376
-0.280508
-0.341137
-0.366670
-0.291879
-0.118024
0.003034
0.008112
-0.067305
-0.138872
-0.159673
-0.116270
-0.073712
-0.060704
-0.042574
0.024663
0.149522
0.296467
0.397414
0.407489
0.377367
0.379330
0.398246
0.260988
-0.044556
-0.293053
-0.307880
-0.104194
0.167984
0.314067
0.232439
0.036692
-0.130134
-0.227250
-0.286774
-0.333528
-0.360892
-0.318453
-0.179248
-0.033628
0.010085
-0.046575
-0.122233
-0.164314
-0.144866
-0.093550
-0.055368
-0.040695
0.000048
0.096478
0.234951
0.348242
0.392732
0.379378
0.376773
0.417656
0.373859
0.098018
-0.224730
-0.345996
-0.217288
0.050269
0.274823
0.286557
0.110209
-0.067534
-0.181656
-0.252715
-0.311719
-0.370332
-0.376612
-0.271716
-0.090901
0.013037
-0.005291
-0.087083
-0.152842
-0.165771
-0.120487
-0.079034
-0.057980
-0.029134
0.055451
0.183519
0.314416
0.376490
0.370048
0.357497
0.395956
0.428538
0.247814
-0.099664
-0.335044
-0.305018
-0.070548
0.199584
0.304749
0.181906
-0.013746
-0.145525
-0.222853
-0.278314
-0.343845
-0.381053
-0.329539
-0.165740
-0.026472
-0.004268
-0.073354
-0.138762
-0.163219
-0.127195
-0.083657
-0.060807
-0.045633
0.016101
0.129922
0.263183
0.351604
0.378052
0.374239
0.399700
0.441149
0.327548
-0.006457
-0.298284
-0.346084
-0.156847
0.122997
0.300040
0.240632
0.051180
-0.106030
-0.207016
-0.294532
-0.363347
-0.389382
-0.346860
-0.195516
-0.034320
0.006019
-0.067670
-0.150109
-0.187123
-0.152001
-0.086956
-0.052686
-0.054437
-0.016782
0.085167
0.226616
0.347838
0.396688
0.386954
0.381784
0.420051
0.361304
0.066901
-0.254688
-0.358004
-0.208854
0.066296
0.283304
0.275261
0.093525
-0.081658
-0.190978
-0.266247
-0.330634
-0.386545
-0.381488
-0.261976
-0.077872
0.013167
-0.031792
-0.128462
-0.182278
-0.169280
-0.109796
-0.071775
-0.060457
-0.034565
0.056435
0.193710
0.321117
0.375997
0.375187
0.373628
0.411727
0.399128
0.165207
-0.178370
-0.352450
-0.264250
-0.010781
0.235102
0.296104
0.145118
-0.044714
-0.166937
-0.240207
-0.315488
-0.374407
-0.391815
-0.300351
-0.125512
0.000421
-0.015577
-0.102077
-0.167433
-0.173030
-0.129513
-0.079409
-0.058647
-0.041658
0.022521
0.146003
0.284395
0.368732
0.387443
0.382180
0.396285
0.412810
0.239145
