-0.340942
-0.367130
-0.255648
0.065945
0.245544
0.257543
0.046992
-0.265795
-0.296189
-0.176816
0.105124
0.285320
0.365013
0.253311
0.100341
-0.085404
-0.056878
0.064058
0.264246
0.443880
0.289420
0.226422
-0.134803
-0.278804
-0.337885
-0.237519
0.059030
0.091974
0.131277
-0.027275
-0.169758
-0.227566
-0.227177
-0.237454
-0.089710
-0.050672
0.076311
0.065566
-0.033917
-0.039228
-0.091805
0.042347
0.149659
0.226493
0.209032
0.012899
-0.060872
-0.164817
0.005702
0.265272
0.482525
0.525820
0.267813
-0.192531
-0.406543
-0.418114
-0.272031
0.035421
0.115995
0.289961
0.175211
0.005338
-0.251239
-0.562407
-0.492243
-0.305626
0.048181
0.283496
0.205356
0.034907
-0.229112
-0.281194
-0.223213
0.001498
0.212333
0.401839
0.333906
0.113946
-0.142460
-0.232713
-0.047966
0.241237
0.517090
0.560042
0.296029
-0.062219
-0.395329
-0.495365
-0.233291
0.004158
0.207322
0.246713
0.056679
-0.092840
-0.308943
-0.345118
-0.266629
-0.124025
0.076702
0.171613
0.096177
-0.118216
-0.331339
-0.388206
-0.167256
0.115357
0.332292
0.334572
0.121892
-0.051625
-0.188681
-0.135020
-0.012738
0.129191
0.360739
0.391401
0.328175
0.051609
-0.201809
-0.303795
-0.282271
-0.050357
0.082808
0.172933
0.025307
-0.165956
-0.364542
-0.353225
-0.203788
-0.028645
0.113478
0.097893
-0.011304
-0.090694
-0.215804
-0.277742
-0.235076
-0.160304
0.119609
0.288070
0.376482
0.309347
0.081143
-0.096164
-0.179175
-0.100415
0.215925
0.480537
0.450176
0.209420
-0.178451
-0.323330
-0.212832
-0.029180
0.126963
-0.005901
-0.074199
-0.063828
-0.104355
-0.092583
-0.175697
-0.233211
-0.150459
-0.125001
-0.032702
-0.055305
-0.126111
-0.139848
-0.076177
-0.054336
0.139769
0.181664
0.216221
0.112964
0.018800
-0.037573
0.051996
0.191813
0.267557
0.232694
0.106451
0.081720
-0.022175
0.009511
-0.065710
-0.123659
-0.155038
-0.263367
-0.195763
-0.186385
0.015373
0.073001
0.086723
-0.077493
-0.185646
-0.282318
-0.241748
-0.113323
-0.026790
0.045207
0.000624
0.064261
-0.002459
0.034964
-0.002160
0.055010
0.148870
0.186672
0.176053
0.039011
0.026205
0.003990
0.122931
0.151604
0.125240
0.083994
0.065255
-0.106483
-0.167164
-0.198164
-0.128364
-0.033922
-0.126864
-0.055925
-0.077081
-0.073850
-0.087247
-0.200502
-0.214424
-0.144002
-0.146327
-0.103188
-0.088955
0.024154
0.124605
0.094837
0.108307
0.041766
0.153429
0.100065
-0.036212
-0.105872
-0.048345
0.273174
0.518245
0.380592
0.155765
-0.247630
-0.423029
-0.392506
-0.251642
0.067827
0.323707
0.293724
0.108977
-0.355654
-0.524387
-0.514552
-0.319366
0.017324
0.127275
0.175238
0.090638
-0.142053
-0.277838
-0.304591
-0.181763
0.133510
0.324823
0.415284
0.220355
-0.035574
-0.287717
-0.301573
-0.087724
0.269703
0.578781
0.488601
0.235325
-0.209951
-0.408600
-0.346296
-0.141780
0.060387
0.105040
-0.015915
-0.101390
-0.165495
-0.217587
-0.199547
-0.169791
-0.119035
-0.147223
-0.085389
-0.091330
-0.112120
-0.178275
-0.130797
-0.026277
0.164211
0.321002
0.265858
0.163302
-0.089458
-0.185193
-0.167146
0.025632
0.261418
0.406486
0.403945
0.211657
-0.018369
-0.257396
-0.342215
-0.295653
-0.126116
0.029173
0.121931
0.133320
-0.022296
-0.123491
-0.298008
-0.377168
-0.241276
-0.138850
0.096939
0.086724
-0.008248
-0.076076
-0.200420
-0.131158
-0.035987
0.105181
0.256670
0.233271
0.157124
-0.032705
-0.155839
-0.074252
0.082091
0.318006
0.437498
0.302534
0.033068
-0.257599
-0.316994
-0.336103
-0.120239
0.118429
0.271165
0.158679
-0.221025
-0.488432
-0.447130
-0.238783
0.066243
0.164902
0.044758
-0.028143
-0.236695
-0.233867
-0.167947
-0.069008
0.108009
0.242336
0.333739
0.318621
0.086467
-0.130137
-0.253271
-0.189479
0.156088
0.395093
0.460161
0.348682
-0.056827
-0.217138
-0.305293
-0.277678
-0.018013
0.023097
0.145918
0.090112
-0.014128
-0.120977
-0.224853
-0.281283
-0.137353
-0.111151
-0.016493
-0.004230
-0.051126
-0.027224
-0.116704
-0.082450
0.032007
0.105682
0.242797
0.173930
0.050654
-0.007650
-0.034417
0.069323
0.197314
0.322381
0.372564
0.192238
-0.052423
-0.222523
-0.201866
-0.032528
0.115628
0.120167
0.071267
-0.057159
-0.205499
-0.245100
-0.290616
-0.140396
-0.001383
0.065374
0.137633
0.034668
-0.147053
-0.209498
-0.178435
-0.079427
0.070834
0.081356
0.260313
0.287759
0.287523
0.190841
-0.054363
-0.187848
-0.138714
0.107759
0.439036
0.515440
0.365783
0.049718
-0.215143
-0.369350
-0.330414
-0.080616
0.123038
0.323326
0.258389
-0.055240
-0.329430
-0.497403
-0.418855
-0.112785
0.028972
0.251920
0.302556
0.085785
-0.171471
-0.473484
-0.353969
-0.048578
0.313357
0.505410
0.426499
0.297394
-0.004965
-0.150766
-0.183320
0.039244
0.300522
0.551352
0.435447
0.207103
-0.157572
-0.322878
-0.335159
-0.280709
-0.043334
0.102573
0.225569
0.153124
-0.031658
-0.290827
-0.364016
-0.311636
-0.075375
0.086673
0.192325
0.197474
0.083701
-0.043454
-0.218843
-0.117896
0.011772
0.174134
0.274487
0.211860
0.199973
0.060927
0.020714
-0.002357
0.066189
0.254109
0.272966
0.241605
0.109481
-0.154967
-0.181552
-0.176279
-0.019032
0.059462
0.055086
-0.023628
-0.122661
-0.163013
-0.139449
-0.129891
-0.035478
-0.011383
0.049057
-0.010521
-0.086552
-0.156028
-0.065057
0.002609
0.158271
0.166889
0.231725
0.149295
0.117903
0.071806
-0.034543
0.029317
0.055644
0.229036
0.264510
0.249558
0.069103
0.079295
-0.194203
-0.226548
-0.188172
-0.052503
0.223802
0.166735
-0.059729
-0.220921
-0.313568
-0.114830
0.006990
-0.003144
0.089804
-0.096721
-0.050056
-0.151317
-0.146474
-0.022233
0.116862
0.236922
0.296596
0.252318
0.160909
0.016681
-0.161056
-0.032345
0.123512
0.438013
0.532358
0.338323
0.036109
-0.274391
-0.302185
-0.172801
0.002404
0.157238
0.055982
-0.005494
-0.140804
-0.261909
-0.226416
-0.133062
0.022200
0.137991
0.018213
-0.068217
-0.186110
-0.233822
-0.191611
-0.074267
0.160322
0.391709
0.372546
0.170147
0.023443
-0.134607
-0.127177
-0.054006
0.117013
0.308214
0.365686
0.363488
0.174950
0.000930
-0.189149
-0.324668
-0.265602
-0.103899
0.059060
0.190416
0.028218
-0.057984
-0.234731
-0.293783
-0.208058
-0.125440
0.060375
0.072477
-0.018350
-0.234964
-0.255216
-0.156520
0.138347
0.293826
0.384674
0.262662
0.097214
-0.074748
-0.119753
-0.087874
0.101409
0.242509
0.289093
0.244896
0.118483
0.103731
0.088460
-0.155443
-0.239187
-0.381415
-0.230852
0.003546
0.157698
0.222868
0.071851
-0.151046
-0.299477
-0.311613
-0.208581
-0.063675
-0.037139
0.005096
-0.020753
-0.005217
0.033267
0.062915
0.075895
0.112666
0.180641
0.148989
0.101740
0.002047
0.006177
0.017480
0.170142
0.248230
0.284255
0.178780
-0.039145
-0.217956
-0.303883
-0.246339
-0.113780
0.023087
0.027304
-0.032619
-0.155734
-0.173859
-0.137398
-0.132224
-0.054105
-0.081592
-0.060127
-0.083488
-0.088050
-0.106154
-0.070848
0.028238
0.199243
0.258583
0.294515
0.194395
-0.052299
-0.151323
-0.227364
0.018484
0.297616
0.451771
0.471549
0.112636
-0.147891
-0.300931
-0.300880
-0.069678
0.073538
0.115955
0.009202
-0.135424
-0.250197
-0.259972
-0.321523
-0.138811
-0.035841
0.158368
0.048153
-0.121795
-0.306556
-0.353395
-0.083265
0.166298
0.351169
0.350896
0.193739
0.053127
-0.021072
-0.131864
-0.019667
0.013338
0.220745
0.383255
0.297538
0.184808
-0.160823
-0.271422
-0.408344
-0.243729
-0.028033
0.128889
0.201898
0.072066
-0.114278
-0.286150
-0.329011
-0.262273
-0.142790
-0.046570
0.024428
0.060789
0.043497
-0.090160
-0.179883
-0.162815
-0.023600
0.240289
0.266139
0.221948
-0.071166
-0.216438
-0.098200
0.205782
0.486140
0.457197
0.219150
-0.113076
-0.307001
-0.400076
-0.229133
-0.035448
0.161575
0.191436
0.038579
-0.184542
-0.302364
-0.285567
-0.137209
-0.074929
-0.010711
0.032632
0.020193
-0.049699
-0.176734
-0.259796
-0.138651
0.036253
0.224586
0.301457
0.273698
0.156045
0.064710
-0.155705
-0.136757
-0.001475
0.223626
0.369581
0.317250
0.195217
0.073306
-0.030093
-0.215832
-0.463179
-0.441220
-0.228859
0.117482
0.332616
0.208657
-0.070824
-0.348040
-0.432071
-0.340288
-0.167051
0.033929
0.152926
0.138431
0.062896
-0.049854
-0.102907
-0.002657
0.092508
0.186304
0.307502
0.227122
0.192947
0.005439
-0.139483
-0.006810
0.115366
0.314402
0.434982
0.236238
0.088942
-0.277181
-0.523789
-0.374919
-0.164488
0.241486
0.400981
0.235765
0.008846
-0.328886
-0.491113
-0.448454
-0.287558
0.076685
0.296291
0.255973
0.191501
-0.166345
-0.311107
-0.267877
-0.070685
0.323631
0.460836
0.354484
0.132394
-0.105061
-0.085387
0.067911
0.323594
0.378284
0.300486
0.087084
-0.134193
-0.269903
-0.301201
-0.129583
0.058983
0.152575
0.155017
-0.043504
-0.202619
-0.307499
-0.360413
-0.213426
-0.068935
0.096973
0.186177
0.110323
-0.078426
-0.117861
-0.109852
0.010813
0.170682
0.153567
0.263258
0.216133
0.111055
0.063907
0.055646
0.237868
0.343435
0.343260
0.051674
-0.262865
-0.337585
-0.166035
0.081998
0.227856
0.111125
-0.103194
-0.230585
-0.279263
-0.181873
-0.093152
0.012866
-0.016544
-0.042075
-0.106403
-0.056725
0.011481
-0.042679
-0.077784
-0.107431
0.032388
0.189045
0.336782
0.251051
0.167258
-0.022001
-0.021607
0.053823
0.231455
0.342115
0.319420
0.116164
-0.122685
-0.245615
-0.203577
-0.049519
0.037420
0.132706
0.183059
0.106423
-0.064846
-0.294514
-0.373641
-0.282640
-0.057566
0.150003
0.228994
0.119653
-0.073436
-0.247903
-0.275235
-0.156294
0.140401
0.297333
0.334535
0.293723
0.117069
0.089412
-0.001627
0.060306
0.131341
0.176041
0.278669
0.196979
0.111893
-0.025281
-0.124960
-0.096711
-0.077587
-0.062025
-0.048497
-0.159125
-0.105170
-0.102712
-0.007505
0.032144
-0.057249
-0.129233
-0.252341
-0.175936
-0.071380
0.004656
0.107442
0.059171
0.104603
0.118723
0.111821
0.185670
0.209094
0.123360
0.071156
-0.011267
0.106660
0.212205
0.292239
0.168102
-0.049318
-0.109418
-0.091642
0.031573
0.080466
-0.057253
-0.195475
-0.255656
-0.203550
-0.038796
0.069633
0.047711
0.017755
-0.156883
-0.188086
-0.190584
-0.115364
-0.054509
-0.020187
0.051800
0.119561
0.267318
0.265678
0.117066
0.028091
-0.046414
-0.000885
0.105452
0.170982
0.301484
0.323906
0.233661
0.073130
-0.199005
-0.276217
-0.196445
-0.051933
0.098474
0.118293
0.014216
-0.124418
-0.342785
-0.316242
-0.233651
-0.007386
0.160196
0.105888
-0.079516
-0.220406
-0.352517
-0.214831
-0.039764
0.114665
0.312773
0.217044
0.204192
0.062941
-0.087680
-0.084332
-0.025016
0.130792
0.305079
0.281209
0.237268
0.087978
-0.067837
-0.084751
-0.189852
-0.235433
-0.169089
-0.095021
0.052946
0.012190
-0.113060
-0.212465
-0.259758
-0.196806
-0.087493
-0.036460
0.064699
0.038508
-0.081533
-0.174087
-0.252214
-0.093015
0.148237
0.251023
0.349827
0.247370
0.060940
-0.023445
-0.162622
-0.047311
0.198963
0.395431
0.371135
0.040730
-0.293432
-0.421386
-0.312876
-0.029005
0.136458
0.137281
-0.008035
-0.286649
-0.296184
-0.313587
-0.188114
-0.184760
-0.155417
-0.104277
-0.002013
0.019688
-0.028922
-0.199374
-0.155906
-0.059977
0.069199
0.242540
0.099238
0.130713
-0.062584
-0.038794
0.031353
0.212575
0.415368
0.343309
0.056498
-0.317844
-0.428381
-0.272180
0.049241
0.135930
0.119413
-0.174345
-0.289000
-0.393618
-0.320381
-0.175169
-0.059364
0.038346
0.005779
-0.096877
-0.204336
-0.244533
-0.244394
-0.105945
-0.023910
0.159512
0.190756
0.084052
0.037893
-0.039466
0.078469
0.165632
0.142447
0.108605
0.068918
0.096948
0.072019
-0.060760
-0.276910
-0.229576
-0.143164
0.098848
0.087891
-0.102482
-0.290697
-0.446917
-0.332730
-0.151586
0.075835
0.103256
0.009069
-0.203452
-0.274048
-0.331226
-0.107007
-0.033598
0.098241
0.154092
0.042070
0.109585
-0.005651
0.053387
0.037282
-0.013925
0.092232
0.199813
0.172192
0.204979
0.070426
-0.036353
-0.097448
-0.193069
-0.204981
-0.252403
-0.133683
-0.034947
0.002590
0.018674
-0.035455
-0.146167
-0.220611
-0.317844
-0.239921
-0.151034
0.008225
0.096835
0.058458
-0.018707
-0.131510
-0.074333
-0.032116
0.052848
0.174234
0.276297
0.280117
0.154210
-0.041755
-0.074749
-0.047054
0.178680
0.210413
0.161208
0.002238
-0.196193
-0.132739
-0.101929
-0.064667
-0.071680
-0.191682
-0.169312
-0.034393
-0.024696
0.101622
-0.076694
-0.194666
-0.260428
-0.252079
0.009126
0.069994
0.096248
0.035855
-0.112012
0.034599
0.078168
0.181949
0.240302
0.091436
0.106412
0.032632
0.158089
0.291490
0.388777
0.258055
-0.062358
-0.379249
-0.392175
-0.188992
0.094536
0.287598
0.220078
0.165190
-0.147625
-0.324716
-0.438252
-0.354470
-0.112977
0.122919
0.254453
0.222391
0.036529
-0.172471
-0.300872
-0.233789
0.009141
0.247167
0.418849
0.382311
0.256607
-0.006234
-0.144745
-0.100485
0.207605
0.484039
0.539684
0.462563
0.026275
-0.279272
-0.442712
-0.345889
-0.044874
0.223042
0.291213
0.197932
-0.153104
-0.347688
-0.372571
-0.267746
-0.014263
0.051948
0.124886
0.057840
-0.016035
-0.042287
-0.100297
-0.055388
0.114346
0.265595
0.382709
0.325632
0.109249
0.012604
-0.111159
-0.003007
0.213371
0.399632
0.504789
0.270585
-0.039040
-0.315500
-0.331111
-0.135281
0.105951
0.277425
0.213206
0.024628
-0.220186
-0.347528
-0.329433
-0.128582
0.000935
0.120529
0.119299
0.089414
-0.022382
-0.163350
-0.216709
-0.178854
0.017874
0.203960
0.361110
0.424132
0.355051
0.131843
-0.112147
-0.172421
0.019838
0.256841
0.503501
0.449806
0.192137
-0.115282
-0.387331
-0.322569
-0.185568
0.076569
0.244473
0.216549
0.062567
-0.200574
-0.361882
-0.236569
-0.119876
0.067625
0.051105
-0.012380
-0.019387
-0.029170
-0.009954
-0.013001
-0.036268
0.084083
0.251624
0.288582
0.312893
0.124102
-0.029524
-0.025206
0.078910
0.297267
0.378497
0.242876
0.054433
-0.232444
-0.304009
-0.102169
0.013278
0.150941
-0.037161
-0.179592
-0.225609
-0.134901
0.004445
0.042318
-0.089879
-0.152013
-0.217128
-0.115341
0.035616
0.054786
0.030965
-0.033030
-0.020765
0.071488
0.149217
0.215461
0.211027
0.140804
0.082098
0.096498
0.132827
0.245681
0.219467
0.149887
-0.080357
-0.154866
-0.063691
0.036980
0.086945
-0.020307
-0.159404
-0.161170
-0.153168
-0.159737
-0.087686
-0.105996
-0.050046
-0.091393
-0.165199
-0.073508
-0.021901
0.012387
0.005620
-0.147411
-0.030392
0.062926
0.192274
0.286252
0.224570
0.117710
0.048601
0.014923
0.042389
0.148878
0.097696
0.100280
0.050357
0.004232
0.039388
-0.015455
-0.130729
-0.176923
-0.250503
-0.191752
-0.097369
-0.021565
0.087566
-0.029652
-0.120247
-0.263030
-0.238065
-0.134626
0.005192
-0.000490
-0.032413
-0.086961
-0.072844
0.038268
0.158571
0.206941
0.259173
0.204737
-0.004925
-0.047463
-0.107153
0.132210
0.283076
0.370263
0.183382
-0.101131
-0.317927
-0.253751
-0.135385
0.085943
0.030023
-0.036197
-0.165347
-0.298083
-0.272855
-0.182213
0.049563
0.070689
0.087593
-0.055427
-0.160937
-0.236098
-0.193555
-0.058095
0.114805
0.253488
0.326265
0.214824
0.151355
-0.077823
-0.157325
-0.126121
0.108284
0.360741
0.419136
0.347445
0.057334
-0.258318
-0.313839
-0.357511
-0.107730
0.142017
0.223170
0.193175
-0.144068
-0.332047
-0.357828
-0.289407
-0.057624
0.027290
0.059520
0.035085
-0.114669
-0.215932
-0.318883
-0.250205
-0.027164
0.138709
0.329082
0.379461
0.260656
0.105561
-0.158160
-0.244369
-0.057709
0.186490
0.474622
0.435685
0.221665
-0.117364
-0.371214
-0.393957
-0.175905
-0.008271
0.193677
0.140722
0.036201
-0.144939
-0.367726
-0.355131
-0.260879
-0.011442
0.181018
0.146534
0.061721
-0.185337
-0.286497
-0.247247
-0.124163
0.221107
0.374834
0.458503
0.321670
0.076541
-0.074222
-0.228198
-0.080131
0.148680
0.357204
0.472249
0.238723
-0.110364
-0.344431
-0.374908
-0.168912
0.104510
0.238391
0.139985
-0.122617
-0.271030
-0.358346
-0.238566
-0.058404
0.067834
0.193125
0.085848
-0.025315
-0.230175
-0.371094
-0.307902
-0.097137
0.212710
0.450726
0.428060
0.357875
-0.000048
-0.170277
-0.165994
0.030575
0.342732
0.413709
0.292096
0.102306
-0.099166
-0.194998
-0.179219
-0.180547
-0.044654
0.048199
0.084775
0.076576
-0.114422
-0.291171
-0.349114
-0.323534
-0.081287
0.134134
0.195390
0.175301
-0.132007
-0.296622
-0.299846
-0.166792
0.165170
0.331014
0.357511
0.336215
0.113573
-0.043946
-0.169357
-0.156037
0.224215
0.417413
0.507120
0.259336
-0.111421
-0.248547
-0.310190
-0.237025
-0.006945
0.033379
0.107546
-0.002428
-0.161370
-0.090435
-0.219873
-0.131457
-0.138016
-0.127643
0.007685
-0.020831
0.045739
0.007353
-0.059330
-0.070235
-0.092406
0.022855
0.204399
0.310124
0.359031
0.147863
-0.016477
-0.094941
0.016475
0.186725
0.284100
0.243562
0.098990
-0.049114
-0.170900
-0.256105
-0.172505
-0.091643
0.025362
0.055093
-0.033427
-0.095625
-0.211505
-0.213345
-0.196477
-0.154078
-0.019601
0.081080
0.114817
0.075663
-0.086616
-0.177972
-0.123669
0.049542
0.269328
0.417185
0.292552
0.077244
-0.100001
-0.104495
0.052486
0.203851
0.281476
0.215901
0.037084
-0.133598
-0.157513
-0.140033
-0.027358
-0.019825
-0.002585
-0.086927
-0.186211
-0.138163
-0.110888
-0.010139
-0.019275
-0.069842
-0.146754
-0.169361
-0.083353
0.005452
0.032729
-0.005315
-0.033360
-0.015097
0.116407
0.214575
0.299016
0.181553
0.066988
-0.040990
-0.011430
0.135278
0.196547
0.286203
0.182860
0.037943
-0.125898
-0.205792
-0.237543
-0.175094
-0.059917
0.051883
0.038631
0.001906
-0.217766
-0.291941
-0.351630
-0.229939
-0.012274
0.115605
0.196569
-0.029647
-0.158042
-0.289341
-0.142564
0.149124
0.364487
0.415177
0.343175
0.132990
-0.083568
-0.176236
-0.147903
0.130284
0.375700
0.471561
0.333045
-0.057344
-0.393214
-0.496374
-0.420468
-0.058000
0.162714
0.349052
0.235792
-0.064526
-0.356369
-0.520882
-0.427369
-0.108469
0.095459
0.251407
0.152363
-0.049552
-0.217261
-0.326469
-0.219297
0.028733
0.272861
0.469355
0.428793
0.217973
-0.062455
-0.302559
-0.173004
0.024973
0.340608
0.484562
0.363793
0.016722
-0.302240
-0.466420
-0.400696
-0.142628
0.052684
0.233358
0.150649
-0.007135
-0.310650
-0.481226
-0.442672
-0.219774
0.061103
0.289687
0.265667
0.029318
-0.232631
-0.440741
-0.289982
0.019782
0.371076
0.582528
0.466937
0.137504
-0.157304
-0.278805
-0.105196
0.261496
0.495940
0.434849
0.117447
-0.274563
-0.434888
-0.354591
-0.165769
0.052941
0.095431
0.137315
0.018904
-0.171873
-0.341583
-0.416714
-0.305082
-0.071901
0.126785
0.216917
0.160240
-0.066303
-0.175384
-0.290534
-0.227233
0.013371
0.206236
0.411954
0.414531
0.208662
-0.017746
-0.108001
-0.072248
0.100303
0.188462
0.153341
0.066793
-0.137797
-0.198138
-0.157899
-0.135563
-0.011065
-0.021765
-0.033615
-0.069408
-0.252537
-0.220333
-0.153300
-0.093751
0.044296
-0.031669
-0.012768
0.015573
-0.130139
-0.096991
-0.203633
-0.122376
0.126195
0.248307
0.371227
0.284751
0.079534
-0.010122
-0.092416
-0.041171
0.148126
0.187698
0.286873
0.110545
-0.031400
-0.182795
-0.246456
-0.225897
-0.101332
0.031307
0.150855
0.065938
-0.094385
-0.326008
-0.409593
-0.288463
-0.084665
0.112778
0.184122
0.111787
-0.079451
-0.208373
-0.284215
-0.185404
0.073547
0.198259
0.354263
0.276921
0.215221
0.105622
-0.037491
-0.004251
0.096825
0.199985
0.219490
0.079234
-0.089815
-0.184244
-0.128264
-0.018764
0.087881
0.023946
-0.073161
-0.237276
-0.314304
-0.263826
-0.119724
0.037684
0.154875
0.129803
-0.051400
-0.158661
-0.300094
-0.213740
-0.032312
0.133643
0.307630
0.331977
0.201232
0.096783
-0.079112
-0.028322
0.037880
0.194017
0.266164
0.255425
0.187944
0.051048
-0.090252
-0.195876
-0.105663
-0.049206
0.095073
0.059371
-0.101003
-0.270016
-0.350378
-0.212481
-0.011077
0.165961
0.125778
-0.055179
-0.228866
-0.254530
-0.187299
-0.000294
0.033305
0.090933
0.165317
0.181216
0.182944
0.128553
0.096830
0.042730
0.019536
0.053272
0.114309
0.179034
0.212776
0.214538
0.107700
0.004597
-0.140788
-0.253493
-0.261722
-0.185461
0.064262
0.126618
0.138048
-0.079742
-0.241262
-0.324563
-0.341904
-0.152735
-0.000421
0.220945
0.192412
0.030480
-0.212380
-0.271156
-0.165511
0.149844
0.301932
0.453501
0.345803
0.125538
-0.087087
-0.162811
0.007257
0.250959
0.377079
0.222184
0.025719
-0.213509
-0.181665
-0.134467
-0.007053
0.061265
0.057194
0.029932
-0.134729
-0.302401
-0.364810
-0.242405
-0.103014
0.083381
0.107940
0.112603
-0.018404
-0.185451
-0.302675
-0.265155
-0.028361
0.261765
0.381106
0.378306
0.227456
0.059327
-0.031882
-0.022565
0.099876
0.230292
0.336592
0.193815
0.035863
-0.194126
-0.203068
-0.199402
-0.143128
-0.049666
0.029554
0.061316
-0.012731
-0.253221
-0.312209
-0.252569
-0.105770
0.039645
0.012230
0.040579
0.018086
-0.040564
-0.043755
-0.148118
-0.045274
0.081825
0.217776
0.310743
0.300769
0.133837
-0.059496
-0.117542
-0.043746
0.162763
0.284036
0.283106
0.164561
-0.022430
-0.205849
-0.254626
-0.346881
-0.166058
-0.053598
0.173603
0.175394
0.060863
-0.136359
-0.348499
-0.435835
-0.345640
-0.098360
0.235355
0.333201
0.177980
-0.076103
-0.333918
-0.223870
-0.033719
0.247715
0.404589
0.384483
0.255300
0.055837
-0.084827
-0.091311
0.086365
0.200132
0.305097
0.105919
-0.029519
-0.198411
-0.224303
-0.222565
-0.141948
-0.016112
0.068352
0.040883
-0.096954
-0.187636
-0.251220
-0.179834
-0.087985
0.042065
0.103881
0.061312
-0.084730
-0.193928
-0.198267
-0.051278
0.189148
0.338515
0.379647
0.229325
0.071367
-0.118792
-0.071584
0.010485
0.229833
0.385089
0.371041
0.086113
-0.241893
-0.467919
-0.404368
-0.145071
0.163100
0.379173
0.244815
-0.043417
-0.396140
-0.506221
-0.406418
-0.073237
0.150373
0.325005
0.227072
0.035281
-0.163429
-0.364348
-0.259928
-0.080583
0.224701
0.457478
0.504722
0.335270
0.102727
-0.200403
-0.117202
0.022631
0.391645
0.482805
0.293032
-0.032836
-0.352932
-0.380203
-0.171102
0.068856
0.173373
0.068936
-0.096885
-0.249522
-0.222752
-0.157261
-0.040201
-0.044280
-0.083301
-0.117219
-0.067613
-0.023983
0.051485
-0.009662
-0.047829
-0.038853
0.087698
0.269124
0.353903
0.326840
0.165073
-0.035836
-0.068590
0.029873
0.160871
0.285503
0.240374
0.120430
0.044915
-0.110950
-0.164738
-0.242357
-0.224638
-0.047916
0.119453
0.197647
0.115315
-0.122160
-0.254905
-0.268790
-0.174390
0.013153
0.048726
0.033289
-0.071433
-0.086979
-0.037406
0.097747
0.161829
0.234456
0.178310
0.156641
0.127600
0.087426
0.094641
0.078708
0.116872
0.250077
0.331231
0.226735
-0.005237
-0.278028
-0.386498
-0.313172
-0.052396
0.181344
0.150865
0.079814
-0.221417
-0.321341
-0.332528
-0.209327
-0.003510
0.096987
0.137284
0.050561
-0.064339
-0.155054
-0.169780
-0.104031
0.169446
0.299242
0.528840
0.319013
0.089146
-0.186531
-0.148766
0.110149
0.347029
0.435136
0.235462
-0.056947
-0.263566
-0.319440
-0.221669
0.042596
0.119775
0.164679
-0.075109
-0.330768
-0.375820
-0.231143
-0.042995
0.103031
0.017551
-0.015396
-0.033721
-0.031402
-0.039883
-0.090420
-0.072409
0.059792
0.191082
0.339898
0.310365
0.179309
0.035560
-0.078057
0.041313
0.167836
0.251660
0.221258
0.016796
-0.181591
-0.226001
-0.117541
0.148173
0.202124
0.101041
-0.054851
-0.295431
-0.341768
-0.329557
-0.253669
-0.027712
0.082961
0.231985
0.187473
-0.029944
-0.241278
-0.369672
-0.334715
-0.008330
0.259161
0.440918
0.375026
0.134011
0.069561
-0.052469
-0.020594
0.117235
0.168807
0.280630
0.264478
0.150693
0.058152
-0.172629
-0.259433
-0.250143
-0.121391
0.122888
0.148675
0.114890
-0.074339
-0.269122
-0.342179
-0.286936
-0.150313
0.045827
0.109009
0.108415
-0.046722
-0.162366
-0.159881
-0.090743
0.112748
0.262160
0.317899
0.340116
0.107203
-0.092929
-0.172584
-0.063623
0.277109
0.431559
0.458536
0.234066
0.000273
-0.240014
-0.285998
-0.337410
-0.228280
-0.117469
0.078676
0.187686
0.107929
-0.077217
-0.318426
-0.444779
-0.422838
-0.233250
0.053702
0.224141
0.157337
0.013012
-0.173657
-0.184603
-0.004955
0.170333
0.308867
0.270975
0.128052
-0.003644
-0.034922
0.040593
0.203229
0.288180
0.245778
0.132668
-0.131130
-0.302393
-0.370711
-0.245614
-0.014310
0.101860
0.085493
-0.054586
-0.189469
-0.286212
-0.324084
-0.191708
0.006025
0.134364
0.090204
-0.144140
-0.287271
-0.264174
-0.086438
0.129145
0.232976
0.228171
0.227673
0.122035
0.053857
-0.071844
-0.065994
0.089124
0.182777
0.344126
0.212748
0.075633
-0.098218
-0.187367
-0.158990
-0.137641
-0.055397
-0.009053
-0.095838
-0.160591
-0.247622
-0.244713
-0.043216
-0.033200
-0.006061
-0.126178
-0.125186
-0.117285
-0.114760
-0.143071
-0.055099
-0.047567
0.187555
0.236382
0.256452
0.187111
0.025051
-0.031128
-0.016037
0.052273
0.250108
0.412974
0.331170
0.111068
-0.243066
-0.358869
-0.261737
-0.039760
0.111747
0.143358
-0.035678
-0.222008
-0.388023
-0.384144
-0.205651
0.004854
0.116423
0.119348
-0.020000
-0.123504
-0.219396
-0.200567
-0.119610
-0.012763
0.165921
0.271142
0.394721
0.305039
0.114057
-0.104652
-0.145810
0.001609
0.292135
0.417723
0.282117
-0.026821
-0.352451
-0.373013
-0.207543
0.020311
0.150028
0.097610
-0.062533
-0.246752
-0.343975
-0.282893
-0.149368
0.009913
0.067560
0.042715
-0.015172
-0.120264
-0.223055
-0.254598
-0.162947
0.015491
0.206966
0.330456
0.388220
0.250771
0.117707
-0.174418
-0.174006
-0.101157
0.210924
0.467249
0.508451
0.319868
-0.079424
-0.298485
-0.435692
-0.346286
-0.122001
0.100463
0.217121
0.011928
-0.222279
-0.362016
-0.322367
-0.082149
0.042338
0.054577
0.031247
-0.187746
-0.164837
-0.164892
-0.071261
0.104392
0.150572
0.291004
0.267962
0.235182
0.185936
0.028925
-0.063018
-0.002319
0.128824
0.330524
0.224121
0.040462
-0.227883
-0.311911
-0.229098
-0.019636
0.026344
0.097495
-0.031358
-0.079185
-0.225241
-0.297627
-0.255204
-0.185652
-0.053373
0.066567
0.082801
0.052894
-0.077197
-0.149714
-0.187551
-0.115170
0.049763
0.236244
0.338197
0.329616
0.177851
-0.004527
-0.069254
0.006939
0.239907
0.342179
0.266563
0.045639
-0.274037
-0.453275
-0.383583
-0.116417
0.232152
0.310376
0.178322
-0.142059
-0.423192
-0.475779
-0.393815
-0.148859
0.049266
0.214402
0.188049
0.121649
-0.061982
-0.209668
-0.257328
-0.185090
0.061949
0.344615
0.506996
0.402526
0.085029
-0.211973
-0.222427
0.035371
0.393294
0.493840
0.317374
-0.051435
-0.395551
-0.453694
-0.357437
-0.039851
0.198228
0.273240
0.065426
-0.169470
-0.392683
-0.341392
-0.308098
-0.150332
-0.011278
0.099835
0.176374
0.038200
-0.148764
-0.248019
-0.217910
0.010709
0.214276
0.368324
0.386083
0.271112
0.037311
-0.167359
-0.126877
0.045601
0.324828
0.393623
0.229364
-0.095471
-0.320794
-0.307560
-0.103552
0.097372
0.085479
-0.055961
-0.160591
-0.236010
-0.258514
-0.193241
-0.129245
0.030872
0.110734
0.060296
-0.028538
-0.210629
-0.212955
-0.200426
-0.063870
0.124266
0.279544
0.405446
0.398048
0.185601
-0.031509
-0.191825
-0.141991
0.111212
0.316686
0.385086
0.212028
-0.040684
-0.198495
-0.299031
-0.217465
-0.090115
0.014620
0.037365
-0.000714
-0.184283
-0.190143
-0.222311
-0.152260
-0.068777
-0.010171
0.058730
0.021068
-0.078254
-0.140324
-0.146230
-0.078311
0.061170
0.127593
0.284817
0.293029
0.284158
0.114198
-0.025478
-0.012050
0.124072
0.267882
0.199033
0.056792
-0.187794
-0.186449
-0.168245
0.020030
0.074212
-0.025395
-0.193366
-0.253549
-0.264117
-0.131505
-0.098690
-0.037360
-0.018605
-0.046361
-0.030241
-0.095378
-0.064123
-0.081510
-0.016134
0.048237
0.178458
0.212454
0.250340
0.170343
0.131841
0.069491
0.082280
0.100190
0.189097
0.238839
0.184635
0.140340
-0.069986
-0.193567
-0.262380
-0.211904
-0.070756
0.103767
0.088812
0.054445
-0.163241
-0.304233
-0.379005
-0.320550
-0.099978
0.137900
0.295990
0.231961
0.052593
-0.231200
-0.313455
-0.291797
-0.005756
0.331714
0.612145
0.556111
0.259142
-0.121310
-0.227214
-0.141395
0.173666
0.330068
0.386446
0.219256
-0.029511
-0.161067
-0.371633
-0.264758
-0.206568
-0.022077
0.138296
0.144656
0.029090
-0.095855
-0.319156
-0.306956
-0.266100
-0.085387
0.168393
0.222397
0.256712
0.048356
-0.142506
-0.224195
-0.110354
0.151917
0.384245
0.453606
0.358599
0.096657
-0.043997
-0.106815
0.077096
0.238346
0.232157
0.114681
-0.149390
-0.254693
-0.204402
-0.083520
0.027019
0.030591
-0.024969
-0.132670
-0.145563
-0.139635
-0.050910
-0.017926
-0.052355
-0.090414
-0.090712
-0.084651
0.031116
-0.023386
0.062838
0.104067
0.161129
0.252597
0.222558
0.126091
0.027767
-0.049962
0.040502
0.215724
0.354367
0.377188
0.157158
-0.113997
-0.330292
-0.302196
-0.164543
0.005054
0.102382
0.101028
-0.029356
-0.132155
-0.239605
-0.244944
-0.159635
-0.100145
-0.015604
0.025676
0.010994
-0.037770
-0.092333
-0.138363
-0.072135
0.062905
0.241968
0.390580
0.364384
0.230590
-0.063604
-0.143318
-0.048142
0.212475
0.405115
0.379003
0.128061
-0.068063
-0.357336
-0.364285
-0.209800
0.007438
0.197186
0.177660
-0.073944
-0.227033
-0.432605
-0.328209
-0.163356
0.012216
0.192975
0.150760
0.023360
-0.153961
-0.331426
-0.287903
-0.066780
0.180749
0.442576
0.421935
0.278302
0.076674
-0.120352
-0.114586
0.029514
0.214087
0.397218
0.358197
0.142069
-0.144396
-0.335139
-0.292371
-0.104005
0.024958
0.141000
-0.028953
-0.158285
-0.264272
-0.265776
-0.150509
-0.055450
-0.028246
-0.015940
-0.043389
-0.021030
-0.077704
-0.143594
-0.094508
0.038323
0.264890
0.355262
0.334668
0.192654
0.035464
-0.087703
-0.071263
0.047279
0.265375
0.346210
0.257299
0.007564
-0.252517
-0.227086
-0.193806
-0.036502
-0.011963
0.028912
0.011731
-0.059705
-0.244998
-0.385237
-0.392624
-0.112580
0.167428
0.322904
0.200570
-0.083383
-0.319780
-0.427657
-0.263415
-0.002819
0.310582
0.552710
0.487693
0.286160
-0.030116
-0.229566
-0.094250
0.132512
0.379796
0.448925
0.166004
-0.132247
-0.383859
-0.386567
-0.148272
0.082803
0.311760
0.238174
-0.007829
-0.298652
-0.513337
-0.435558
-0.194698
0.000748
0.262389
0.311006
0.209092
-0.040889
-0.344246
-0.432161
-0.273355
0.017191
0.397694
0.546518
0.462198
0.248677
-0.100327
-0.241737
-0.133828
0.131685
0.400518
0.381857
0.189137
-0.111040
-0.321584
-0.239833
-0.090720
0.024380
0.055522
-0.035055
-0.070394
-0.131332
-0.218511
-0.225645
-0.257607
-0.095804
0.057444
0.162551
0.167303
-0.038903
-0.202017
-0.241864
-0.212648
0.063184
0.286213
0.427721
0.471216
0.269413
0.173003
-0.054427
-0.156178
-0.087494
0.057606
0.271834
0.356475
0.156577
-0.054471
-0.306219
-0.367199
-0.238319
-0.085054
0.110373
0.161334
0.028881
-0.172997
-0.346086
-0.365615
-0.180896
0.017573
0.206195
0.177032
0.099854
-0.114192
-0.226037
-0.206833
-0.025792
0.269532
0.450981
0.422846
0.265046
-0.003853
-0.154255
-0.116295
0.055736
0.308314
0.360542
0.285398
0.031995
-0.321421
-0.440609
-0.398137
-0.073898
0.174367
0.177090
0.059790
-0.155279
-0.293237
-0.288845
-0.257672
-0.083606
0.022510
0.077957
0.100920
0.004505
-0.069698
-0.140956
-0.132008
0.070345
0.322635
0.445841
0.418458
0.142581
-0.019976
-0.041444
0.042065
0.212529
0.224628
0.227700
0.080834
-0.088352
-0.220872
-0.281561
-0.285174
-0.125060
-0.052504
0.120410
0.094991
0.007447
-0.183215
-0.359982
-0.360687
-0.189510
0.041947
0.231491
0.227843
0.090215
-0.080651
-0.230576
-0.180327
0.006644
0.251643
0.471940
0.410319
0.245515
0.044736
-0.068491
-0.034588
0.050001
0.164522
0.203792
0.135151
-0.060075
-0.334558
-0.340373
-0.255948
-0.005519
0.176179
0.140627
-0.011536
-0.179932
-0.343904
-0.299087
-0.280755
-0.078274
0.118800
0.182837
0.196643
0.012576
-0.154598
-0.251538
-0.118003
0.113907
0.416528
0.426222
0.307734
0.037512
-0.104753
-0.138547
0.052246
0.183251
0.307047
0.119499
-0.143062
-0.329113
-0.370159
-0.220452
0.009935
0.101177
0.178995
0.028060
-0.124146
-0.302183
-0.411463
-0.262881
-0.071690
0.084442
0.129524
0.016524
-0.081693
-0.155358
-0.147342
-0.070909
0.073051
0.210165
0.325357
0.375090
0.196564
0.013985
-0.146132
-0.127024
0.036666
0.252009
0.277293
0.172211
-0.176585
-0.389610
-0.436301
-0.228429
0.081012
0.224556
0.186446
-0.077821
-0.334279
-0.452999
-0.383025
-0.276971
-0.001366
0.108499
0.223554
0.083347
-0.070677
-0.288739
-0.334174
-0.209337
0.071588
0.374708
0.496443
0.406791
0.058048
-0.156480
-0.180962
-0.017875
0.177480
0.331481
0.272438
0.111705
-0.177058
-0.360254
-0.425525
-0.318176
-0.110215
0.073974
0.207389
0.082621
-0.065068
-0.418410
-0.483046
-0.443070
-0.137508
0.114251
0.298906
0.181055
0.084870
-0.224599
-0.224973
-0.157603
0.070347
0.354834
0.424959
0.338840
0.159416
-0.105672
-0.112484
-0.023364
0.085503
0.172922
0.075600
0.105556
-0.025465
-0.029543
-0.147294
-0.232038
-0.325522
-0.296139
-0.141402
0.007410
0.048390
-0.054527
-0.213289
-0.234947
-0.192085
-0.034911
0.037294
-0.036609
-0.084086
-0.156788
-0.048390
0.066237
0.195090
0.331505
0.319646
0.231121
0.064030
-0.149197
-0.057727
0.058929
0.236088
0.284681
0.081480
-0.070157
-0.272463
-0.303520
-0.201958
-0.086360
-0.020982
0.006643
-0.096185
-0.078250
-0.203310
-0.177311
-0.236703
-0.202854
-0.113613
0.035706
0.115251
0.099300
-0.085779
-0.180924
-0.145777
0.034179
0.310482
0.351138
0.316486
0.094746
-0.037515
-0.068640
0.053771
0.170740
0.209614
0.105365
0.039434
-0.081239
-0.109691
-0.217491
-0.274169
-0.306190
-0.136661
0.020054
0.144465
0.054337
-0.155508
-0.313971
-0.365688
-0.197606
-0.038981
0.059794
0.091794
0.051956
-0.026994
-0.033126
-0.027322
0.102964
0.216492
0.313183
0.326729
0.237476
0.036646
-0.133553
-0.154082
0.015910
0.280600
0.411357
0.238289
-0.042547
-0.376877
-0.420696
-0.261912
0.013703
0.139143
0.136000
-0.083698
-0.247797
-0.354762
-0.268750
-0.158258
0.020897
0.154813
0.137310
0.008176
-0.137466
-0.266747
-0.209296
0.022925
0.346931
0.538794
0.473736
0.232037
-0.074200
-0.240628
-0.168799
0.019518
0.327005
0.491529
0.376824
0.062740
-0.314843
-0.481198
-0.344341
-0.111403
0.188373
0.165800
0.018716
-0.162418
-0.315984
-0.247114
-0.189582
-0.054780
0.100750
0.062968
0.019828
-0.068750
-0.095176
0.005300
0.034910
0.152220
0.277372
0.269830
0.272462
0.127989
0.044368
0.060172
0.122179
0.210777
0.205640
0.067095
-0.093301
-0.203051
-0.251925
-0.094872
-0.023583
0.069697
0.039027
-0.059704
-0.119674
-0.112619
-0.096748
-0.032318
-0.121170
-0.171540
-0.135668
-0.074118
0.121182
0.113574
0.079228
0.011954
-0.036272
0.077986
0.174117
0.215707
0.295132
0.134191
0.167966
0.135460
0.168880
0.199568
0.150566
0.012811
-0.084051
-0.268902
-0.127696
-0.052799
0.050188
0.090061
-0.047176
-0.054104
-0.124294
-0.158895
-0.100488
-0.089948
-0.043307
0.026722
-0.064592
-0.050318
-0.150216
-0.058587
0.031411
0.091341
0.224782
0.237853
0.264238
0.262348
0.081713
-0.029093
-0.111555
-0.004053
0.255868
0.386050
0.438301
0.170723
-0.093554
-0.281326
-0.358734
-0.194636
-0.053695
0.060564
0.123820
0.002515
-0.091835
-0.160422
-0.197917
-0.086520
-0.154942
-0.025978
-0.013506
0.021110
-0.009512
-0.018316
-0.070899
0.085113
0.126466
0.349544
0.289574
0.269852
0.157144
0.040096
0.032096
0.078294
0.116256
0.162482
0.175922
0.114288
0.031220
-0.132117
-0.181506
-0.160107
-0.071877
-0.065241
-0.053221
-0.198788
-0.195777
-0.183150
-0.119532
0.016030
0.015129
0.060045
-0.000124
-0.119130
-0.103584
-0.140740
-0.078648
0.099186
0.169632
0.347287
0.368018
0.299004
0.190599
-0.020215
-0.057226
0.000233
0.110584
0.256840
0.185714
0.045108
-0.071113
-0.218642
-0.214822
-0.144233
-0.094195
0.049502
0.036212
-0.052317
-0.167928
-0.251787
-0.193073
-0.128424
-0.040085
0.034849
0.050165
0.014840
-0.041889
-0.090920
-0.075650
-0.021313
0.160821
0.282642
0.375856
0.258297
0.133206
-0.077671
-0.127002
0.034142
0.197435
0.293068
0.286766
0.002385
-0.170211
-0.287504
-0.318065
-0.052841
0.015684
0.133246
0.033652
-0.135276
-0.207573
-0.276151
-0.219533
-0.075432
-0.079430
0.072365
0.009431
-0.018388
-0.013162
-0.137613
-0.088537
-0.033808
0.106093
0.356142
0.366223
0.299375
0.159721
-0.076313
-0.055225
-0.048363
0.127455
0.319668
0.295119
0.169289
-0.150443
-0.398854
-0.410494
-0.262228
-0.036144
0.116148
0.122882
-0.009429
-0.205228
-0.310465
-0.276954
-0.155898
-0.027687
0.060327
0.059812
0.019164
-0.055555
-0.136648
-0.102344
0.005527
0.194481
0.370465
0.339521
0.206153
-0.007560
-0.132232
-0.065382
0.071908
0.318004
0.353203
0.247383
-0.044195
-0.377361
-0.433198
-0.369791
-0.123311
0.108151
0.165544
0.092038
-0.085734
-0.332915
-0.378575
-0.386652
-0.159385
0.037755
0.179124
0.173997
-0.020741
-0.191952
-0.259679
-0.183030
0.074027
0.255588
0.403561
0.393322
0.220589
0.015902
-0.194365
-0.212367
-0.053581
0.185070
0.310484
0.258583
0.076797
-0.150940
-0.368966
-0.387746
-0.309406
-0.069586
0.065146
0.080706
-0.014790
-0.143439
-0.256435
-0.250901
-0.227000
-0.079680
0.021277
0.053618
-0.015104
-0.119843
-0.117368
-0.082958
0.090164
0.292719
0.423411
0.336590
0.101433
-0.158675
-0.235876
-0.092765
0.208726
0.425567
0.418757
0.148430
-0.205692
-0.539338
-0.552696
-0.261184
0.099512
0.351519
0.259797
-0.082051
-0.403724
-0.531942
-0.379996
-0.104526
0.116044
0.215950
0.136577
-0.036749
-0.182229
-0.316617
-0.192469
-0.005177
0.292496
0.485097
0.484862
0.263701
-0.036291
-0.252648
-0.197162
0.062995
0.356172
0.419567
0.240222
-0.036636
-0.315024
-0.354998
-0.290739
-0.141126
-0.026049
0.101551
0.088215
-0.006558
-0.181438
-0.320667
-0.361312
-0.218005
-0.017127
0.143833
0.183954
0.050919
-0.087883
-0.250133
-0.126998
0.051352
0.352758
0.490944
0.441170
0.195369
-0.046271
-0.231936
-0.124977
0.055758
0.265470
0.385872
0.268426
0.113428
-0.235644
-0.408723
-0.444895
-0.241639
0.042479
0.251027
0.166316
0.005951
-0.360765
-0.403524
-0.377873
-0.115717
0.176330
0.257104
0.223406
0.005892
-0.242370
-0.305869
-0.190748
0.094882
0.483375
0.565652
0.480906
0.195929
-0.077395
-0.164403
-0.072173
0.089288
0.289008
0.206218
0.074360
-0.161217
-0.277015
-0.195859
-0.089069
-0.025961
0.035948
-0.019054
-0.031923
-0.149683
-0.246113
-0.283619
-0.241785
-0.008147
0.181364
0.255853
0.187622
-0.063874
-0.217117
-0.146314
0.044230
0.319662
0.384385
0.377479
0.202254
0.024070
-0.033837
-0.008673
0.126011
0.216789
0.187111
0.031475
-0.071666
-0.148482
-0.128431
-0.098309
-0.023793
0.049771
0.073504
-0.004713
-0.117265
-0.239257
-0.267747
-0.201002
-0.076928
0.062377
0.144119
0.113817
-0.021738
-0.148991
-0.195418
-0.124890
0.136511
0.340134
0.445959
0.344741
0.147833
0.014799
-0.026311
-0.046091
0.078029
0.163312
0.325035
0.287394
0.052608
-0.287735
-0.499991
-0.392274
-0.075519
0.217559
0.308604
0.082402
-0.216015
-0.436401
-0.445657
-0.185246
0.019416
0.200339
0.153386
0.014501
-0.098480
-0.158878
-0.117699
0.010547
0.106697
0.322287
0.444149
0.398030
0.201332
-0.086305
-0.158716
-0.079641
0.165582
0.291703
0.280671
0.012690
-0.203762
-0.447631
-0.321183
-0.090440
0.181286
0.216803
0.070543
-0.210600
-0.346732
-0.348457
-0.159558
0.018109
0.125087
0.121824
0.014146
-0.052860
-0.140461
-0.125846
-0.035318
0.100382
0.292627
0.405910
0.308633
0.147939
-0.064532
-0.140968
0.053095
0.274925
0.443351
0.350578
0.088073
-0.182877
-0.360025
-0.370766
-0.232660
0.018665
0.136284
0.178576
0.026742
-0.102358
-0.289166
-0.343052
-0.395435
-0.223968
-0.024763
0.188211
0.239748
0.109437
-0.145409
-0.259906
-0.162938
0.122331
0.377472
0.442681
0.332477
0.068201
-0.064102
-0.054258
0.035773
0.217043
0.257895
0.207645
0.058299
-0.245814
-0.286464
-0.412736
-0.212144
-0.100770
0.063293
0.058933
0.022048
-0.170341
-0.188780
-0.304064
-0.168630
-0.100694
0.023554
0.088632
0.054778
0.008424
-0.041258
-0.034696
0.040094
0.238283
0.315858
0.390184
0.229067
0.132885
0.017699
-0.052795
-0.105286
-0.001783
0.124440
0.276346
0.234893
-0.004054
-0.311551
-0.528503
-0.365654
-0.108997
0.169747
0.165982
0.045395
-0.256266
-0.349622
-0.373380
-0.135732
0.093703
0.180976
