0.432373
0.429266
0.247835
0.004548
-0.266120
-0.412472
-0.478437
-0.374052
-0.216159
-0.056431
0.035853
0.106300
0.106983
0.069105
-0.010024
-0.083187
-0.199948
-0.285822
-0.337392
-0.336982
-0.308122
-0.215269
-0.110753
-0.014534
0.035991
0.068476
0.026109
-0.030508
-0.088186
-0.108289
-0.135252
-0.124744
-0.111437
-0.085397
-0.063347
-0.013567
0.021300
0.058730
0.070806
0.072183
0.054416
0.051206
0.059984
0.080134
0.117349
0.156509
0.157004
0.145455
0.133519
0.130823
0.148169
0.200769
0.265594
0.318842
0.352567
0.411726
0.427195
0.359024
0.189106
-0.044766
-0.242683
-0.363119
-0.345762
-0.264134
-0.135099
-0.032437
0.031392
0.065852
0.069269
0.046034
-0.008230
-0.086796
-0.175811
-0.263032
-0.310762
-0.312275
-0.270691
-0.201413
-0.107505
-0.027486
0.027521
0.025785
0.001672
-0.059905
-0.102705
-0.133444
-0.126286
-0.119401
-0.098644
-0.077806
-0.039850
-0.030680
0.000469
-0.004822
-0.004629
-0.000320
0.031236
0.066436
0.107225
0.139391
0.156519
0.127747
0.111959
0.090243
0.097033
0.110773
0.158530
0.214115
0.252548
0.306293
0.350501
0.378540
0.404440
0.357410
0.183162
-0.077563
-0.274465
-0.354018
-0.334385
-0.197910
-0.045659
0.038442
0.033050
0.018742
-0.014648
-0.060848
-0.088529
-0.106788
-0.172309
-0.249854
-0.286681
-0.280078
-0.251863
-0.174248
-0.079972
-0.026873
-0.012706
-0.005699
-0.018780
-0.054905
-0.077281
-0.076210
-0.102544
-0.110652
-0.092642
-0.078655
-0.049719
-0.008646
0.017898
0.033534
0.040073
0.052106
0.037751
0.051885
0.094782
0.146056
0.167047
0.177542
0.159292
0.116087
0.089216
0.108046
0.148241
0.212443
0.277171
0.355166
0.402076
0.497161
0.444950
0.306109
0.001185
-0.231903
-0.403243
-0.421469
-0.317846
-0.160671
-0.037292
0.031227
0.065782
0.077355
0.043903
0.020917
-0.050127
-0.144810
-0.254783
-0.315180
-0.338634
-0.312624
-0.233895
-0.121748
-0.038854
0.029976
0.039239
0.018021
-0.051802
-0.098559
-0.128170
-0.126690
-0.111084
-0.092988
-0.084098
-0.068461
-0.061492
-0.018146
0.001531
0.025114
0.028658
0.040453
0.066841
0.118299
0.166027
0.211892
0.211304
0.197081
0.140773
0.130169
0.128659
0.213424
0.301855
0.428638
0.487240
0.529803
0.430955
0.195465
-0.108388
-0.357162
-0.481654
-0.494296
-0.359217
-0.184294
-0.035350
0.072545
0.141494
0.154481
0.092943
0.004158
-0.114481
-0.254601
-0.358885
-0.381086
-0.349636
-0.281752
-0.173523
-0.058869
0.011534
0.051436
0.059529
0.026071
-0.039440
-0.096775
-0.135419
-0.150167
-0.144372
-0.114074
-0.070450
-0.033403
-0.004198
0.018243
0.040073
0.047412
0.038192
0.044698
0.054265
0.092645
0.140080
0.197951
0.191428
0.182304
0.124358
0.089657
0.063388
0.106419
0.177885
0.251699
0.335313
0.382769
0.452897
0.456358
0.369402
0.177824
-0.074376
-0.266801
-0.375011
-0.334935
-0.237324
-0.107446
-0.014284
0.040821
0.065599
0.070523
0.039737
-0.004675
-0.090970
-0.177922
-0.268724
-0.307424
-0.304776
-0.258852
-0.179335
-0.093267
-0.029046
0.000273
-0.007794
-0.028961
-0.065026
-0.080632
-0.097491
-0.093508
-0.093583
-0.095358
-0.087972
-0.060136
-0.046634
-0.015009
0.005312
0.021220
0.012437
0.039584
0.078678
0.110741
0.124767
0.152053
0.144780
0.131723
0.123227
0.120112
0.120080
0.140679
0.204691
0.259389
0.295959
0.347414
0.377070
0.409643
0.317328
0.136220
-0.107999
-0.272996
-0.321632
-0.269440
-0.143495
-0.034031
0.010243
-0.005259
-0.025588
-0.044981
-0.062323
-0.078128
-0.105433
-0.174965
-0.239378
-0.270465
-0.263492
-0.230652
-0.167622
-0.091755
-0.055845
-0.024500
-0.016554
-0.020201
-0.050040
-0.068110
-0.068416
-0.081905
-0.088485
-0.071253
-0.060371
-0.049655
-0.037841
-0.012944
0.012207
0.040217
0.075516
0.091614
0.101295
0.107257
0.125707
0.129747
0.129805
0.125444
0.113813
0.100643
0.122575
0.151324
0.219120
0.253040
0.311006
0.319581
0.375444
0.393442
0.315973
0.121242
-0.147814
-0.305669
-0.394175
-0.317448
-0.180695
-0.042974
0.027030
0.038657
0.042287
0.009584
-0.023058
-0.056025
-0.122727
-0.208759
-0.285542
-0.307695
-0.297009
-0.233834
-0.137314
-0.045244
-0.000382
0.013241
-0.014578
-0.061167
-0.105112
-0.127307
-0.124727
-0.114098
-0.089327
-0.069514
-0.047499
-0.022202
-0.015735
0.002651
0.007492
-0.007846
0.004274
0.033684
0.089306
0.145698
0.202234
0.209678
0.186404
0.140005
0.108824
0.118647
0.169224
0.263839
0.338771
0.394890
0.399155
0.407601
0.313345
0.131849
-0.093314
-0.282984
-0.386122
-0.393118
-0.280370
-0.141546
-0.021898
0.052637
0.083250
0.060165
-0.001448
-0.070552
-0.148265
-0.236438
-0.295867
-0.320026
-0.307731
-0.259243
-0.171325
-0.080165
-0.007785
0.032498
0.029389
-0.017330
-0.067360
-0.114486
-0.133574
-0.132661
-0.110869
-0.084323
-0.054113
-0.035573
-0.022520
-0.003396
0.024434
0.034440
0.055399
0.052250
0.058795
0.067679
0.108959
0.146092
0.174684
0.167781
0.137016
0.075554
0.063759
0.088000
0.154214
0.219064
0.270847
0.311128
0.324021
0.363258
0.370994
0.326370
0.160298
-0.058159
-0.257632
-0.337829
-0.318108
-0.192154
-0.072028
0.024710
0.042791
0.040690
0.004395
-0.029186
-0.067956
-0.111246
-0.170326
-0.235861
-0.278648
-0.279489
-0.248899
-0.173622
-0.096831
-0.025465
-0.015220
-0.015555
-0.043654
-0.063498
-0.091180
-0.096731
-0.094940
-0.097649
-0.092937
-0.075386
-0.069202
-0.038209
-0.023656
0.017384
0.027936
0.038654
0.042031
0.057881
0.092277
0.132831
0.165107
0.162955
0.142057
0.125533
0.110935
0.133721
0.168317
0.223047
0.260586
0.306789
0.341447
0.384811
0.378801
0.261955
0.056241
-0.184479
-0.333168
-0.384968
-0.304728
-0.169307
-0.037673
0.031476
0.049531
0.034418
-0.008471
-0.056658
-0.104490
-0.169216
-0.239885
-0.290638
-0.298966
-0.270099
-0.205161
-0.120708
-0.043701
0.002621
0.026119
0.009289
-0.027224
-0.076637
-0.118820
-0.133785
-0.120842
-0.090775
-0.069966
-0.043943
-0.017314
0.004165
0.018775
0.043120
0.047022
0.040483
0.046003
0.067762
0.093608
0.129121
0.147972
0.143108
0.109170
0.099565
0.090908
0.096961
0.130491
0.184661
0.223148
0.259227
0.289003
0.340236
0.365405
0.385165
0.301589
0.116318
-0.117925
-0.279301
-0.336985
-0.288926
-0.159418
-0.038321
0.032856
0.041343
0.041670
0.012663
-0.029800
-0.070583
-0.128501
-0.203607
-0.266165
-0.286809
-0.269238
-0.221513
-0.136011
-0.052827
-0.000637
0.011256
-0.005784
-0.049104
-0.093553
-0.119002
-0.115338
-0.108602
-0.091028
-0.078717
-0.064812
-0.056517
-0.039873
-0.015607
-0.001779
0.004723
0.021512
0.042989
0.070044
0.096606
0.132565
0.137972
0.138746
0.123202
0.109461
0.102143
0.109814
0.147632
0.198542
0.261475
0.306306
0.336859
0.351643
0.362897
0.331470
0.201907
0.007610
-0.198861
-0.329376
-0.361225
-0.275004
-0.137689
-0.011412
0.053715
0.066174
0.034095
-0.023459
-0.081171
-0.130875
-0.190641
-0.247624
-0.281809
-0.281759
-0.246803
-0.186501
-0.098898
-0.032810
0.005363
0.003773
-0.024020
-0.071756
-0.106856
-0.120072
-0.114629
-0.096243
-0.075711
-0.056487
-0.035304
-0.012016
0.012243
0.017661
0.019441
0.023069
0.040407
0.062466
0.104648
0.147937
0.173789
0.175228
0.142243
0.106429
0.058593
0.049795
0.076515
0.129790
0.190182
0.231808
0.258489
0.272530
0.308461
0.356065
0.370911
0.282678
0.097388
-0.126238
-0.287810
-0.351460
-0.289494
-0.159363
-0.025187
0.049302
0.071463
0.054645
0.006690
-0.041167
-0.093500
-0.143955
-0.211914
-0.259681
-0.279683
-0.260844
-0.203432
-0.116378
-0.037631
0.004345
0.008238
-0.013900
-0.060014
-0.102609
-0.122592
-0.119624
-0.097715
-0.081943
-0.065396
-0.049702
-0.043907
-0.035572
-0.018727
0.003392
0.017151
0.039175
0.066261
0.095566
0.122125
0.140067
0.130165
0.107376
0.084258
0.078089
0.087861
0.111149
0.165947
0.223239
0.263265
0.297757
0.311656
0.331510
0.320112
0.295465
0.184039
0.012160
-0.181282
-0.301201
-0.324229
-0.255396
-0.125499
-0.001729
0.061280
0.068133
0.032682
-0.025381
-0.093472
-0.150446
-0.201531
-0.245980
-0.268341
-0.258658
-0.226324
-0.177732
-0.109435
-0.038548
0.005980
0.018695
-0.007117
-0.053306
-0.104815
-0.126511
-0.120991
-0.097102
-0.080328
-0.051543
-0.036871
-0.025837
-0.012010
0.017682
0.036971
0.044997
0.051281
0.060337
0.063456
0.080102
0.124230
0.146186
0.152885
0.132153
0.117695
0.072872
0.066117
0.086501
0.134331
0.170356
0.220539
0.258882
0.292280
0.323069
0.370834
0.365953
0.248314
0.078194
-0.134632
-0.278637
-0.340807
-0.266207
-0.144940
-0.033336
0.052161
0.068030
0.052651
-0.007867
-0.043647
-0.106570
-0.166578
-0.220213
-0.257206
-0.270058
-0.248785
-0.186207
-0.112295
-0.053937
-0.011672
-0.010401
-0.030832
-0.068774
-0.102918
-0.120177
-0.126272
-0.105333
-0.081454
-0.058246
-0.049273
-0.033066
-0.019453
-0.001208
0.012808
0.023351
0.021845
0.041722
0.074789
0.115334
0.152688
0.174247
0.174638
0.131427
0.098806
0.083669
0.112758
0.160708
0.228005
0.292621
0.307530
0.330145
0.311250
0.279408
0.181465
0.043771
-0.118003
-0.259260
-0.291303
-0.261361
-0.151991
-0.053735
0.030956
0.047311
0.019014
-0.030761
-0.098220
-0.157656
-0.206431
-0.231801
-0.240029
-0.230065
-0.197251
-0.167641
-0.122229
-0.077264
-0.029455
-0.020021
-0.023278
-0.061969
-0.098805
-0.136822
-0.126719
-0.103359
-0.064879
-0.042927
-0.025574
-0.023318
-0.007237
-0.005768
-0.003954
0.014353
0.031347
0.047674
0.084789
0.103888
0.158469
0.169183
0.171104
0.125057
0.092553
0.050785
0.055700
0.085670
0.145568
0.192275
0.236983
0.272471
0.291857
0.315497
0.348543
0.326817
0.209306
0.044735
-0.145325
-0.281632
-0.323111
-0.253636
-0.144896
-0.040734
0.040609
0.066564
0.054240
0.001511
-0.047356
-0.112108
-0.177301
-0.223373
-0.256507
-0.261049
-0.238178
-0.182484
-0.118794
-0.070410
-0.033221
-0.028234
-0.039446
-0.070902
-0.090577
-0.107752
-0.105417
-0.095940
-0.083550
-0.077582
-0.067312
-0.048027
-0.013513
0.011991
0.038492
0.035724
0.032646
0.032958
0.056170
0.106289
0.153008
0.173823
0.163590
0.128603
0.094528
0.078347
0.099643
0.150371
0.203314
0.259876
0.300036
0.327969
0.327258
0.326977
0.253866
0.116031
-0.064343
-0.212540
-0.304127
-0.303419
-0.207387
-0.096421
0.004189
0.049266
0.059553
0.008142
-0.055356
-0.116741
-0.172350
-0.226650
-0.254088
-0.251205
-0.237128
-0.211008
-0.154435
-0.087671
-0.031679
0.006662
0.010649
-0.025685
-0.083258
-0.118887
-0.126951
-0.107541
-0.074972
-0.043237
-0.037834
-0.037444
-0.038279
-0.012899
0.006751
0.037685
0.058537
0.073933
0.066378
0.078562
0.109263
0.142533
0.152740
0.145422
0.105416
0.068129
0.035249
0.055520
0.085802
0.157245
0.212021
0.259008
0.278376
0.283887
0.289227
0.296083
0.284997
0.201756
0.072113
-0.104048
-0.223592
-0.295737
-0.247218
-0.157970
-0.038502
0.045408
0.080378
0.069818
0.006104
-0.057350
-0.125651
-0.180867
-0.224336
-0.249075
-0.242733
-0.225623
-0.171203
-0.120527
-0.058139
-0.024680
-0.007732
-0.025110
-0.057138
-0.091487
-0.111660
-0.112219
-0.092606
-0.070703
-0.051198
-0.055422
-0.049812
-0.056929
-0.048519
-0.012889
0.020350
0.043240
0.068975
0.094107
0.109537
0.121447
0.134114
0.126538
0.105382
0.086270
0.079308
0.092627
0.109719
0.154119
0.189621
0.240999
0.275077
0.325286
0.341421
0.338510
0.273812
0.159293
-0.009272
-0.155930
-0.242077
-0.258827
-0.208953
-0.126488
-0.046198
-0.005831
0.010472
-0.001230
-0.035121
-0.083349
-0.133338
-0.186545
-0.234455
-0.257033
-0.245805
-0.224768
-0.168682
-0.097584
-0.036248
-0.007487
-0.007410
-0.028658
-0.075211
-0.105174
-0.112372
-0.102321
-0.095408
-0.070017
-0.040187
-0.017376
-0.003366
0.015589
0.028495
0.024698
0.014545
0.038967
0.051112
0.074232
0.124682
0.166035
0.182925
0.163119
0.128045
0.095429
0.057027
0.090922
0.113138
0.189939
0.219707
0.266552
0.284341
0.298329
0.349233
0.341001
0.270302
0.105738
-0.102061
-0.264217
-0.369342
-0.309592
-0.196173
-0.039653
0.058992
0.107492
0.087537
0.014722
-0.053693
-0.121693
-0.180601
-0.224214
-0.258279
-0.261649
-0.255897
-0.200856
-0.130640
-0.060234
-0.006361
0.014450
0.005760
-0.049918
-0.094289
-0.130244
-0.147069
-0.118781
-0.087559
-0.059679
-0.042280
-0.036507
-0.022352
-0.015471
0.015390
0.025290
0.036163
0.049334
0.066067
0.097609
0.120084
0.143672
0.141432
0.117598
0.101445
0.084340
0.103439
0.134954
0.184980
0.220397
0.242159
0.247085
0.253727
0.264950
0.283325
0.245859
0.130469
-0.034056
-0.192138
-0.285949
-0.293014
-0.201344
-0.091104
-0.000151
0.038329
0.028358
-0.022933
-0.087563
-0.136248
-0.175914
-0.209721
-0.226265
-0.233431
-0.238393
-0.221155
-0.163699
-0.083697
-0.018544
0.016772
0.008099
-0.048939
-0.114153
-0.152859
-0.145141
-0.113483
-0.066932
-0.022280
-0.005263
-0.000791
0.008974
0.009644
-0.000051
0.002646
0.023262
0.030297
0.077286
0.118292
0.151380
0.158355
0.157580
0.112554
0.076871
0.048761
0.056967
0.073050
0.119219
0.177278
0.204799
0.238385
0.246126
0.294043
0.310781
0.358919
0.299864
0.173133
-0.048425
-0.224731
-0.330909
-0.326350
-0.216494
-0.082141
0.030019
0.071166
0.081745
0.032674
-0.023488
-0.089348
-0.148013
-0.211130
-0.261632
-0.274493
-0.265563
-0.223831
-0.162074
-0.089231
-0.035667
-0.006911
-0.009190
-0.045198
-0.092121
-0.129195
-0.143449
-0.126980
-0.101534
-0.069240
-0.046435
-0.031233
-0.018728
-0.011273
-0.005482
0.006225
0.028638
0.039342
0.076533
0.109169
0.139185
0.161142
0.157138
0.124947
0.084124
0.064447
0.081552
0.120086
0.184198
0.236330
0.258753
0.266038
0.267192
0.277670
0.260911
0.227257
0.119138
-0.028507
-0.178203
-0.258403
-0.264374
-0.205458
-0.107674
-0.026923
0.010453
0.001585
-0.028219
-0.081124
-0.130515
-0.170255
-0.194548
-0.212474
-0.225500
-0.227004
-0.209253
-0.163032
-0.096556
-0.032583
0.002041
-0.008429
-0.050374
-0.101116
-0.133942
-0.138917
-0.091865
-0.045320
-0.022425
-0.010489
-0.011341
-0.020868
-0.008782
0.015340
0.031254
0.044325
0.072692
0.106891
0.139774
0.161587
0.171139
0.142558
0.108302
0.086674
0.060453
0.054669
0.084194
0.157563
0.213538
0.280040
0.312686
0.329103
0.320043
0.340626
0.295619
0.177148
-0.019224
-0.175112
-0.322017
-0.349910
-0.264595
-0.115024
0.008297
0.092384
0.121900
0.070803
-0.014567
-0.090242
-0.152410
-0.217276
-0.245830
-0.241652
-0.238164
-0.213791
-0.162104
-0.098386
-0.058183
-0.017315
-0.008601
-0.040500
-0.090430
-0.117000
-0.128438
-0.110074
-0.069240
-0.039731
-0.039124
-0.030811
-0.020258
-0.016841
0.003121
0.033058
0.062563
0.071788
0.085123
0.104558
0.136893
0.156187
0.167403
0.151099
0.125235
0.109087
0.120975
0.149502
0.195538
0.257169
0.297435
0.327873
0.340584
0.318767
0.215967
0.070019
-0.092098
-0.224739
-0.297708
-0.271931
-0.192088
-0.096108
-0.016915
0.037939
0.034871
-0.006912
-0.064843
-0.127676
-0.197308
-0.239403
-0.250526
-0.247601
-0.238934
-0.200081
-0.138702
-0.076107
-0.018066
0.012446
0.001931
-0.051773
-0.094319
-0.123982
-0.127929
-0.097621
-0.065355
-0.024825
-0.005008
0.022446
0.019502
0.027021
0.023750
0.024000
0.033967
0.052396
0.089907
0.108541
0.145129
0.160562
0.156094
0.135521
0.115228
0.093159
0.080551
0.093296
0.125528
0.179691
0.242391
0.296179
0.351341
0.406780
0.381868
0.274442
0.071215
-0.110565
-0.276061
-0.350938
-0.305349
-0.198045
-0.059825
0.025031
0.107678
0.094860
0.049267
-0.012771
-0.084762
-0.164615
-0.237516
-0.259809
-0.278887
-0.258498
-0.202642
-0.130672
-0.072562
-0.037339
-0.006077
-0.027162
-0.061668
-0.097070
-0.112532
-0.120101
-0.093776
-0.061785
-0.055411
-0.046751
-0.040971
-0.028158
-0.025636
-0.001613
0.025596
0.057931
0.085267
0.135088
0.144987
0.152500
0.137936
0.128158
0.103629
0.108264
0.138493
0.154183
0.183968
0.218211
0.255964
0.277989
0.314245
0.334952
0.284635
0.167726
0.014010
-0.148085
-0.269855
-0.296811
-0.243797
-0.146289
-0.048806
0.021798
0.039888
0.010782
-0.039742
-0.100504
-0.159817
-0.208370
-0.238887
-0.250689
-0.253661
-0.225742
-0.178700
-0.104840
-0.040640
0.001127
-0.000813
-0.038353
-0.087351
-0.128599
-0.128772
-0.104277
-0.059553
-0.025798
-0.001187
-0.001626
0.003799
-0.003060
0.002379
0.012896
0.043057
0.059753
0.089881
0.122046
0.145980
0.160585
0.163045
0.148586
0.114189
0.075490
0.067005
0.075579
0.120566
0.173273
0.237104
0.257915
0.290396
0.317736
0.349090
0.309012
0.201956
0.025588
-0.154333
-0.291419
-0.347776
-0.277489
-0.169381
-0.029758
0.060095
0.111863
0.082387
0.022116
-0.046565
-0.123321
-0.185863
-0.238144
-0.252269
-0.258048
-0.231406
-0.182328
-0.126085
-0.075928
-0.040034
-0.012335
-0.028837
-0.052120
-0.084594
-0.089021
-0.089938
-0.068998
-0.059844
-0.065383
-0.064691
-0.065442
-0.042738
-0.015621
0.028702
0.059666
0.075700
0.088931
0.093651
0.111178
0.118837
0.136578
0.127410
0.104557
0.097205
0.089988
0.108476
0.140426
0.198229
0.240299
0.261731
0.306989
0.306513
0.314411
0.234778
0.134558
-0.044001
-0.182623
-0.266749
-0.279502
-0.210640
-0.112052
-0.011622
0.031273
0.044629
0.015954
-0.051597
-0.110326
-0.172032
-0.213424
-0.251062
-0.244108
-0.242885
-0.219622
-0.164732
-0.083631
-0.028767
0.004012
-0.003239
-0.043990
-0.110184
-0.136699
-0.132049
-0.100594
-0.065049
-0.015997
0.004337
0.004315
0.000139
0.003415
0.000711
0.013543
0.041194
0.070926
0.090068
0.125637
0.149583
0.160210
0.139898
0.125586
0.088753
0.057414
0.063284
0.092548
0.144554
0.186917
0.238326
0.259490
0.270106
0.303090
0.330977
0.288554
0.166620
-0.004234
-0.178959
-0.321743
-0.335601
-0.264044
-0.131208
-0.006212
0.094063
0.109919
0.061242
-0.013190
-0.091101
-0.160808
-0.207821
-0.226340
-0.244072
-0.248904
-0.226172
-0.178493
-0.124600
-0.062428
-0.016092
-0.008877
-0.036922
-0.073236
-0.105255
-0.122288
-0.106254
-0.079402
-0.055427
-0.041660
-0.026056
-0.025276
-0.018414
0.004355
0.033698
0.060733
0.087306
0.113070
0.129098
0.141911
0.143607
0.144266
0.127110
0.105639
0.102932
0.119212
0.135646
0.170258
0.197950
0.245870
0.267189
0.292105
0.293453
0.240193
0.113369
-0.045679
-0.172654
-0.270069
-0.279399
-0.220622
-0.119790
-0.040198
0.018670
0.040017
0.003115
-0.056861
-0.121325
-0.171585
-0.223312
-0.241228
-0.247612
-0.245903
-0.219990
-0.155351
-0.073972
-0.024656
0.007519
-0.009834
-0.055489
-0.105943
-0.124581
-0.120919
-0.091853
-0.033184
0.007194
0.029632
0.029486
0.014669
-0.008196
-0.010148
0.024516
0.066059
0.110174
0.139971
0.161416
0.154540
0.133178
0.122327
0.100422
0.085028
0.067039
0.085166
0.118992
0.173480
0.223340
0.251013
0.279708
0.287329
0.302171
0.276916
0.181024
0.033903
-0.126001
-0.239506
-0.303111
-0.261004
-0.166322
-0.051531
0.036876
0.089973
0.090196
0.027108
-0.042083
-0.121881
-0.193445
-0.242915
-0.254219
-0.244178
-0.226409
-0.179070
-0.120142
-0.064491
-0.026186
-0.014460
-0.032284
-0.076400
-0.101526
-0.108215
-0.096856
-0.069028
-0.043966
-0.020813
-0.022706
-0.020459
-0.023677
-0.012662
0.021044
0.064467
0.105900
0.125064
0.132856
0.119218
0.107682
0.108566
0.118899
0.131274
0.135180
0.126991
0.121219
0.111263
0.142598
0.171743
0.212713
0.250749
0.263474
0.240747
0.177498
0.091457
-0.040276
-0.140044
-0.195140
-0.191663
-0.170031
-0.106017
-0.047100
-0.023656
-0.019323
-0.028353
-0.059383
-0.117552
-0.153198
-0.188595
-0.224161
-0.244745
-0.228162
-0.190252
-0.148104
-0.080655
-0.038136
-0.023660
-0.038701
-0.051002
-0.083508
-0.104218
-0.095715
-0.062421
-0.032854
0.011279
0.037525
0.042249
0.017233
0.018088
0.003623
0.024162
0.055989
0.100053
0.127081
0.148699
0.169702
0.149354
0.142238
0.115513
0.083127
0.063156
0.092707
0.131867
0.164169
0.221596
0.256448
0.263521
0.261748
0.287919
0.251967
0.150695
0.006330
-0.145761
-0.282352
-0.323739
-0.257866
-0.147507
-0.039502
0.059377
0.093716
0.060022
-0.005881
-0.065596
-0.143268
-0.206397
-0.227532
-0.234296
-0.238523
-0.215252
-0.163536
-0.120407
-0.078989
-0.039453
-0.021981
-0.044871
-0.061721
-0.078546
-0.097561
-0.095089
-0.061986
-0.031165
-0.015745
-0.000540
-0.003731
0.000290
0.011577
0.044455
0.076503
0.095150
0.113712
0.109797
0.113082
0.123931
0.144232
0.138341
0.119001
0.125550
0.087613
0.084886
0.098335
0.156228
0.173689
0.215653
0.228896
0.192143
0.146927
0.099864
0.050010
-0.034482
-0.079861
-0.117661
-0.156313
-0.150929
-0.119038
-0.072160
-0.054045
-0.023523
-0.028394
-0.074425
-0.125644
-0.173061
-0.213553
-0.226400
-0.189194
-0.139795
-0.109703
-0.065654
-0.060569
-0.068811
-0.090596
-0.085427
-0.096257
-0.092346
-0.073214
-0.049868
-0.030795
-0.001507
0.015342
0.015417
0.014971
0.016304
0.022112
0.040471
0.069734
0.097367
0.113671
0.118394
0.111135
0.110257
0.099501
0.105751
0.092736
0.101838
0.093806
0.108813
0.118435
0.144871
0.171621
0.187535
0.206734
0.206679
0.210876
0.190160
0.150350
0.084646
-0.020988
-0.105932
-0.186984
-0.207548
-0.191659
-0.141435
-0.075464
-0.028092
-0.001624
-0.015873
-0.047313
-0.090680
-0.140236
-0.170620
-0.215763
-0.225063
-0.231139
-0.187555
-0.142613
-0.077401
-0.031895
-0.007672
-0.014964
-0.040391
-0.077530
-0.093444
-0.100655
-0.078392
-0.040966
-0.003624
0.018224
0.028068
0.022158
0.024048
0.026086
0.048417
0.063762
0.094122
0.106130
0.127522
0.127120
0.121357
0.109675
0.087159
0.071360
0.068692
0.099516
0.110978
0.140332
0.169783
0.182443
0.177574
0.169948
0.165857
0.125612
0.089495
0.049654
-0.009297
-0.079684
-0.140136
-0.153321
-0.175798
-0.147882
-0.106716
-0.069686
-0.056708
-0.056036
-0.060679
-0.103747
-0.147260
-0.179339
-0.196366
-0.194971
-0.168742
-0.120385
-0.095616
-0.068425
-0.057193
-0.053881
-0.061476
-0.060846
-0.054198
-0.064883
-0.044892
-0.034362
-0.005836
0.007550
0.027169
0.013149
0.007663
0.035295
0.049891
0.070872
0.083022
0.104875
0.108752
0.108071
0.119754
0.114155
0.089332
0.082473
0.072450
0.079587
0.083177
0.121294
0.115555
0.132303
0.137994
0.160796
0.163749
0.188175
0.203282
0.176449
0.115171
0.017200
-0.085866
-0.187350
-0.223170
-0.207192
-0.158978
-0.082133
-0.026862
-0.001769
-0.030147
-0.053742
-0.096882
-0.145748
-0.172211
-0.186925
-0.187162
-0.180809
-0.144614
-0.108501
-0.080205
-0.051528
-0.042438
-0.035624
-0.051589
-0.051076
-0.059092
-0.050889
-0.042647
-0.015186
0.008832
0.020219
0.020196
0.005827
0.018489
0.030847
0.052172
0.073876
0.085809
0.090171
0.088733
0.101800
0.090983
0.114444
0.103488
0.096568
0.079495
0.066742
0.070244
0.061989
0.106375
0.127199
0.149009
0.143607
0.138889
0.130563
0.105158
0.099570
0.090345
0.061648
0.016698
-0.047984
-0.100533
-0.150237
-0.163825
-0.147454
-0.110599
-0.080335
-0.058626
-0.061009
-0.084425
-0.112939
-0.125543
-0.137364
-0.138715
-0.129328
-0.115180
-0.113043
-0.101208
-0.079336
-0.055857
-0.044176
-0.027291
-0.024723
-0.031810
-0.042567
-0.048912
-0.024700
-0.008174
0.038969
0.064570
0.079347
0.075769
0.055472
0.041656
0.037316
0.058770
0.074654
0.104940
0.104100
0.117186
0.105168
0.104291
0.088644
0.076467
0.080509
0.080037
0.105710
0.117994
0.150934
0.153350
0.155625
0.150397
0.138113
0.104452
0.059836
0.019917
-0.038254
-0.087847
-0.122713
-0.132626
-0.126532
-0.099754
-0.067476
-0.058874
-0.061749
-0.081198
-0.096532
-0.126828
-0.133574
-0.133808
-0.119303
-0.106577
-0.092793
-0.084731
-0.091772
-0.088782
-0.085297
-0.067968
-0.055596
-0.038508
-0.022174
-0.019600
-0.018147
-0.014294
-0.001730
0.009397
0.023220
0.036629
0.032720
0.034061
0.028859
0.042878
0.068384
0.100494
0.115371
0.109763
0.089559
0.080027
0.067589
0.072254
0.072212
0.086769
0.089801
0.093690
0.108474
0.105324
0.112387
0.098800
0.126645
0.121730
0.127013
0.115522
0.102270
0.054376
0.009734
-0.033145
-0.081065
-0.117769
-0.129283
-0.130815
-0.125566
-0.103333
-0.071164
-0.064494
-0.066381
-0.078765
-0.094806
-0.125298
-0.123530
-0.114936
-0.101158
-0.098336
-0.083765
-0.084048
-0.085414
-0.073013
-0.053519
-0.041537
-0.033427
-0.019402
0.002180
0.004148
0.023964
0.015783
0.019279
0.003818
0.017885
0.015082
0.028232
0.046940
0.066509
0.080877
0.075865
0.080223
0.079014
0.074960
0.069131
0.073229
0.072986
0.070834
0.081449
0.096537
0.087362
0.098129
0.083456
0.083685
0.064718
0.070031
0.082258
0.077941
0.085818
0.066657
0.060526
0.023318
-0.003518
-0.031483
-0.059612
-0.075439
-0.111704
-0.111796
-0.118632
-0.096865
-0.079619
-0.051671
-0.037008
-0.065449
-0.082303
-0.114839
-0.119960
-0.123881
-0.096917
-0.070633
-0.075464
-0.061885
-0.056427
-0.038484
-0.050718
-0.038238
-0.026224
-0.028537
-0.009375
0.007760
0.018877
0.014340
0.022925
0.034277
0.024662
0.030915
0.028620
0.029472
0.028581
0.047631
0.073185
0.084893
0.093005
0.088331
0.073356
0.044172
0.045950
0.056890
0.083376
0.099414
0.121900
0.120363
0.109079
0.094389
0.080043
0.073459
0.073333
0.084152
0.080700
0.078194
0.054210
0.028626
-0.024838
-0.071710
-0.117191
-0.140469
-0.138454
-0.125878
-0.098376
-0.083994
-0.066709
-0.060721
-0.063995
-0.075753
-0.096753
-0.109074
-0.121619
-0.116177
-0.107914
-0.085195
-0.070745
-0.063926
-0.048572
-0.041635
-0.033620
-0.032567
-0.018015
-0.014072
-0.012109
0.004072
0.012810
0.025236
0.023451
0.031389
0.029262
0.024178
0.049754
0.045971
0.055068
0.036779
0.046969
0.047986
0.062108
0.085509
0.081420
0.083825
0.070960
0.074747
0.062193
0.066894
0.062776
0.077519
0.079768
0.109808
0.102293
0.100194
0.071810
0.063434
0.050280
0.048512
0.049364
0.045208
0.002933
-0.036626
-0.092781
-0.108829
-0.137615
-0.112451
-0.097172
-0.063734
-0.053750
-0.045336
-0.054876
-0.078248
-0.104773
-0.110479
-0.117320
-0.104385
-0.099896
-0.077659
-0.078800
-0.069900
-0.061741
-0.047445
-0.033867
-0.030233
-0.024523
-0.016150
-0.019261
-0.012651
-0.004651
0.019014
0.027766
0.032652
0.042020
0.046212
0.035950
0.047887
0.054509
0.070770
0.052268
0.079661
0.061861
0.070748
0.068104
0.091403
0.080070
0.066097
0.077391
0.066487
0.060460
0.059762
0.083584
0.096249
0.098524
0.116897
0.094201
0.064735
0.025975
0.011233
-0.015534
-0.047078
-0.043751
-0.063013
-0.079945
-0.103723
-0.100946
-0.107259
-0.101375
-0.070849
-0.056271
-0.060446
-0.078263
-0.083072
-0.097630
-0.106670
-0.097730
-0.082078
-0.076112
-0.071540
-0.057925
-0.054318
-0.052169
-0.037873
-0.024083
-0.018418
-0.016315
0.003628
0.008549
0.022654
0.025073
0.031739
0.038882
0.053581
0.063061
0.052196
0.038370
0.038680
0.038283
0.047022
0.058811
0.085985
0.090256
0.102314
0.092495
0.080165
0.058611
0.054415
0.060152
0.071699
0.095886
0.110944
0.112298
0.106194
0.089579
0.078566
0.048912
0.036526
0.001108
-0.023922
-0.069377
-0.084182
-0.103529
-0.100955
-0.083186
-0.069460
-0.056952
-0.064558
-0.067359
-0.081134
-0.098415
-0.104999
-0.112481
-0.109033
-0.111451
-0.086638
-0.084926
-0.075152
-0.071243
-0.053896
-0.055462
-0.043746
-0.036148
-0.030333
-0.035865
-0.030875
-0.013296
-0.000268
0.009352
0.021050
0.018196
0.014124
0.020377
0.056208
0.066491
0.076044
0.076043
0.068022
0.056838
0.041164
0.057373
0.067905
0.080256
0.077819
0.082360
0.083402
0.078253
0.082512
0.075373
0.086824
0.087500
0.102848
0.105314
0.097717
0.096347
0.079691
0.068262
0.024678
-0.017004
-0.067335
-0.126970
-0.141950
-0.145329
-0.109019
-0.089738
-0.051569
-0.037163
-0.053400
-0.074299
-0.095450
-0.105950
-0.122794
-0.114896
-0.096955
-0.097001
-0.087904
-0.080960
-0.064292
-0.062980
-0.047826
-0.032792
-0.027425
-0.029851
-0.026308
-0.020954
-0.008108
0.007001
0.031047
0.030674
0.035208
0.024721
0.030049
0.030280
0.037658
0.054419
0.065029
0.083694
0.073963
0.065549
0.050056
0.049468
0.053973
0.069827
0.077041
0.085379
0.074862
0.073966
0.067300
0.062823
0.051262
0.054112
0.076060
0.087355
0.100910
0.100394
0.095128
0.063093
0.024561
-0.001998
-0.048604
-0.085729
-0.121245
-0.116693
-0.123155
-0.101174
-0.074064
-0.057523
-0.055631
-0.063906
-0.066109
-0.084217
-0.100342
-0.103139
-0.099479
-0.102454
-0.107550
-0.091084
-0.079411
-0.061399
-0.044940
-0.014887
-0.013226
-0.020324
-0.024597
-0.025865
-0.019662
-0.017140
0.014521
0.033320
0.044654
0.043669
0.051406
0.031978
0.024629
0.036829
0.054732
0.068661
0.069928
0.094465
0.075845
0.074619
0.075982
0.083130
0.076244
0.084136
0.097445
0.085431
0.076550
0.086061
0.104767
0.115236
0.118343
0.127431
0.087469
0.047765
-0.001836
-0.041459
-0.095560
-0.125375
-0.126959
-0.127164
-0.103419
-0.078960
-0.055916
-0.059064
-0.069468
-0.073795
-0.102146
-0.118084
-0.125400
-0.119092
-0.117824
-0.107274
-0.084132
-0.077110
-0.073442
-0.063520
-0.047398
-0.041946
-0.025620
-0.005223
-0.009928
-0.011302
-0.012231
-0.000327
-0.002221
0.014073
0.031420
0.041564
0.046279
0.046894
0.048876
0.049036
0.047827
0.057915
0.054854
0.079181
0.084483
0.108476
0.107591
0.108634
0.099818
0.090994
0.105941
0.115818
0.144411
0.167214
0.188638
0.203083
0.159046
0.106584
-0.004318
-0.087032
-0.176414
-0.190919
-0.180888
-0.148197
-0.100416
-0.069675
-0.036751
-0.037756
-0.033839
-0.049709
-0.083763
-0.109701
-0.144204
-0.155697
-0.187308
-0.175289
-0.163917
-0.125895
-0.080796
-0.034708
-0.011283
-0.025619
-0.042251
-0.062670
-0.060296
-0.037359
-0.010261
0.019253
0.027607
0.034529
0.029927
0.037471
0.037495
0.043266
0.050315
0.075512
0.080185
0.099860
0.118419
0.141605
0.145082
0.148503
0.154341
0.143072
0.134813
0.126460
0.120631
0.113199
0.110003
0.115347
0.085548
0.073952
0.031357
0.012246
-0.041474
-0.076284
-0.112761
-0.137383
-0.138194
-0.125166
-0.099963
-0.090294
-0.085722
-0.091800
-0.119950
-0.142667
-0.158940
-0.149305
-0.140511
-0.110333
-0.089386
-0.074251
-0.077834
-0.081139
-0.087794
-0.084253
-0.068816
-0.043916
-0.019551
-0.004310
-0.000897
0.009561
0.016344
0.037019
0.040321
0.054361
0.048847
0.056423
0.065173
0.086183
0.108148
0.125006
0.140184
0.150329
0.149765
0.150085
0.151725
0.163782
0.172072
0.214781
0.260595
0.295479
0.288061
0.220367
0.096349
-0.058440
-0.172899
-0.231805
-0.233349
-0.181627
-0.114222
-0.044315
-0.010251
0.008139
0.000238
-0.028151
-0.063340
-0.101726
-0.141162
-0.178294
-0.209498
-0.212543
-0.200671
-0.161341
-0.117398
-0.077060
-0.054377
-0.057044
-0.077813
-0.098969
-0.096738
-0.073539
-0.046035
-0.021320
-0.014185
-0.015610
-0.022486
-0.009178
0.010269
0.033177
0.070786
0.108048
0.126975
0.139511
0.151455
0.161325
0.177734
0.173867
0.185273
0.167163
0.157510
0.142186
0.145264
0.157869
0.185132
0.227421
0.229440
0.187184
0.094038
-0.019585
-0.120165
-0.176675
-0.166434
-0.138624
-0.095938
-0.072843
-0.062033
-0.072166
-0.086436
-0.091809
-0.105960
-0.115005
-0.133154
-0.154175
-0.189774
-0.212831
-0.209511
-0.179487
-0.121790
-0.065143
-0.022742
-0.018867
-0.029903
-0.053162
-0.070764
-0.068280
-0.043234
-0.019824
0.015750
0.047713
0.075419
0.082161
0.095813
0.107559
0.107555
0.120473
0.123939
0.147261
0.150619
0.193656
0.201238
0.217221
0.213212
0.236269
0.253300
0.316537
0.374017
0.355591
0.259135
0.085039
-0.089794
-0.256254
-0.309612
-0.280143
-0.192825
-0.082437
0.002051
0.057019
0.036001
0.014788
-0.030712
-0.075608
-0.122703
-0.161001
-0.200465
-0.246220
-0.246953
-0.214857
-0.152245
-0.076813
-0.011832
0.011269
-0.019297
-0.066309
-0.110197
-0.130414
-0.111975
-0.078342
-0.047279
-0.030788
-0.022261
-0.021838
-0.011522
0.018658
0.063265
0.090746
0.121493
0.142375
0.149513
0.145393
0.153211
0.180655
0.191850
0.202404
0.210798
0.207533
0.198980
0.201587
0.232373
0.233777
0.252990
0.197995
0.091887
-0.072552
-0.178453
-0.235857
-0.217737
-0.135590
-0.058492
-0.008393
-0.019094
-0.035767
-0.079892
-0.121324
-0.132144
-0.149259
-0.157804
-0.184892
-0.197950
-0.234655
-0.229046
-0.182937
-0.105997
-0.041143
0.008524
0.014040
-0.023420
-0.070249
-0.091077
-0.087838
-0.061110
-0.010032
0.032096
0.041595
0.046072
0.048576
0.057416
0.067772
0.110639
0.146916
0.166238
0.167827
0.172241
0.174829
0.167437
0.167723
0.188544
0.189339
0.208958
0.244616
0.330408
0.378558
0.354617
0.237615
0.033593
-0.164403
-0.332857
-0.359523
-0.309449
-0.178633
-0.044923
0.050456
0.091074
0.057940
0.014439
-0.054798
-0.114492
-0.169508
-0.211393
-0.241561
-0.270230
-0.255024
-0.205591
-0.124509
-0.051559
-0.000154
0.002771
-0.039407
-0.091674
-0.126052
-0.126667
-0.106473
-0.071352
-0.041303
-0.027108
-0.013942
0.002036
0.021486
0.034227
0.065453
0.086976
0.109803
0.131678
0.154196
0.169144
0.177030
0.195451
0.210253
0.209882
0.203163
0.212568
0.237247
0.264882
0.314468
0.306864
0.192771
0.009367
-0.171183
-0.288598
-0.323172
-0.232304
-0.123251
-0.027929
0.006559
0.006335
-0.038245
-0.096549
-0.122595
-0.146624
-0.169706
-0.196283
-0.215340
-0.235438
-0.255692
-0.226088
-0.178104
-0.099175
-0.030987
0.017673
0.013061
-0.026232
-0.066840
-0.090859
-0.093272
-0.065269
-0.033806
-0.011935
-0.000201
0.016066
0.034037
0.070869
0.108582
0.138313
0.143589
0.144026
0.118614
0.124842
0.117471
0.152924
0.171066
0.212749
0.243237
0.275539
0.319591
0.381321
0.422961
0.346939
0.184564
-0.036731
-0.247515
-0.389203
-0.394609
-0.293322
-0.156085
-0.019039
0.065790
0.090713
0.046095
-0.003710
-0.062433
-0.126630
-0.187012
-0.231199
-0.272098
-0.305015
-0.286019
-0.220912
-0.132898
-0.045734
0.013372
0.018226
-0.033409
-0.084252
-0.121268
-0.128171
-0.109521
-0.078094
-0.058394
-0.050480
-0.036164
-0.018247
0.005047
0.031468
0.063914
0.094856
0.125910
0.148953
0.168776
0.173599
0.173937
0.163572
0.157733
0.177066
0.195522
0.210601
0.234581
0.269835
0.307349
0.284678
0.173034
-0.003445
-0.182802
-0.284589
-0.302684
-0.214698
-0.119142
-0.040385
-0.018758
-0.039466
-0.074153
-0.116012
-0.128130
-0.148055
-0.170041
-0.198743
-0.222489
-0.232827
-0.242160
-0.215220
-0.174002
-0.109173
-0.046461
-0.000993
0.001791
-0.037125
-0.076377
-0.098602
-0.090205
-0.061589
-0.036446
-0.028435
-0.019435
-0.005549
0.030618
0.081128
0.116110
0.129738
0.121275
0.118014
0.101019
0.106890
0.121593
0.148288
0.161137
0.205070
0.236797
0.271355
0.297289
0.365296
0.411999
0.347664
0.215982
-0.015919
-0.219415
-0.389703
-0.397579
-0.308863
-0.178398
-0.030779
0.053407
0.090077
0.047186
0.002400
-0.056776
-0.127505
-0.180978
-0.237479
-0.273856
-0.307915
-0.285932
-0.223336
-0.136209
-0.047187
0.012342
0.020849
-0.021100
-0.069543
-0.114530
-0.128073
-0.111324
-0.080850
-0.062970
-0.051736
-0.036626
-0.018103
0.001431
0.037847
0.069551
0.096297
0.119413
0.139882
0.141263
0.144919
0.158534
0.184076
0.198886
0.213033
0.226748
0.219471
0.223999
0.238798
0.286747
0.282745
0.206121
0.049231
-0.129434
-0.255511
-0.296766
-0.234284
-0.133116
-0.046703
-0.008233
-0.021110
-0.054201
-0.098381
-0.117711
-0.134933
-0.155401
-0.187945
-0.216021
-0.237271
-0.239807
-0.222911
-0.173823
-0.108204
-0.033189
0.012877
0.019600
-0.007730
-0.062003
-0.098784
-0.101304
-0.069031
-0.028221
-0.009289
0.013573
0.008587
0.021483
0.047541
0.099392
0.129110
0.151464
0.159650
0.152513
0.127221
0.117795
0.131456
0.136163
0.170809
0.220106
0.255167
0.289349
0.334053
0.437371
0.426127
0.349331
0.152213
-0.070966
-0.293962
-0.423067
-0.376321
-0.280935
-0.123507
0.005880
0.090782
0.087525
0.037792
0.001009
-0.069700
-0.127687
-0.183261
-0.224627
-0.279985
-0.307883
-0.272069
-0.206971
-0.115187
-0.022867
0.030803
0.019318
-0.024423
-0.076011
-0.113933
-0.126008
-0.097996
-0.061597
-0.038606
-0.011778
-0.009882
-0.004355
0.005181
0.047941
0.096172
0.108725
0.138223
0.152102
0.148860
0.157349
0.166246
0.174711
0.175476
0.192277
0.220131
0.247477
0.291681
0.315169
0.351547
0.307047
0.185885
-0.015212
-0.199120
-0.288325
-0.292065
-0.198690
-0.093803
-0.009296
0.006743
-0.022090
-0.054590
-0.102496
-0.115356
-0.128579
-0.139093
-0.181088
-0.220202
-0.243779
-0.247168
-0.207275
-0.145332
-0.077149
-0.030985
-0.005455
-0.003716
-0.031050
-0.059518
-0.068863
-0.058749
-0.039759
-0.020156
-0.005134
-0.012749
-0.013697
0.014783
0.058887
0.101865
0.137714
0.151340
0.139694
0.124496
0.123371
0.138089
0.150410
0.173749
0.179908
0.206030
0.231989
0.280383
0.311970
0.380405
0.429180
0.364771
0.188588
-0.040539
-0.241881
-0.393169
-0.383982
-0.271852
-0.125413
-0.017866
0.058183
0.069801
0.015126
-0.030860
-0.062560
-0.097725
-0.157106
-0.197456
-0.237437
-0.284072
-0.275985
-0.212108
-0.124451
-0.053322
0.012698
0.019643
-0.026366
-0.091914
-0.125372
-0.128822
-0.103190
-0.055542
-0.011062
0.010360
0.017511
0.000237
0.006895
0.008397
0.039601
0.079199
0.122190
0.161606
0.182614
0.186273
0.202479
0.187943
0.197760
0.173661
0.203021
0.212735
0.276053
0.342049
0.405199
0.371772
0.216407
-0.008754
-0.228179
-0.349681
-0.352985
-0.246206
-0.116791
-0.018873
0.021127
-0.001213
-0.038042
-0.086124
-0.091310
-0.102336
-0.119930
-0.162979
-0.212779
-0.253999
-0.276350
-0.249528
-0.181455
-0.092076
-0.004729
0.038267
0.038283
-0.011252
-0.060167
-0.093247
-0.088792
-0.057145
-0.037552
-0.025905
-0.016214
-0.000249
0.020935
0.053460
0.089119
0.101620
0.118011
0.119346
0.139146
0.144990
0.156211
0.153663
0.141489
0.127540
0.138399
0.140046
0.157020
0.185474
0.266919
0.312080
0.397363
0.435843
0.361628
0.167076
-0.077042
-0.245067
-0.386366
-0.364284
-0.257834
-0.114240
-0.012766
0.039337
0.075632
0.019557
-0.020171
-0.056036
-0.088390
-0.142731
-0.196815
-0.219172
-0.272052
-0.265222
-0.217076
-0.131057
-0.062821
-0.004958
0.024830
-0.016637
-0.071270
-0.110288
-0.113761
-0.093866
-0.046433
0.012183
0.020042
0.017795
-0.013214
-0.018127
-0.020837
0.019083
0.067094
0.108281
0.138947
0.150369
0.153538
0.145231
0.149513
0.158898
0.158721
0.184142
0.194504
0.218818
0.230424
0.260060
0.286537
0.272579
0.213286
0.081064
-0.079515
-0.207372
-0.267498
-0.246538
-0.190246
-0.102570
-0.050094
-0.035463
-0.049212
-0.069239
-0.093340
-0.113718
-0.115295
-0.129565
-0.167881
-0.205625
-0.233753
-0.245066
-0.215934
-0.140108
-0.051661
0.002435
0.018621
0.005946
-0.043635
-0.087542
-0.101966
-0.080226
-0.046343
-0.016207
0.015778
0.018991
0.014267
0.022643
0.044156
0.067545
0.071672
0.091504
0.096363
0.112366
0.122588
0.141940
0.147187
0.131690
0.127636
0.118659
0.133922
0.165167
0.221745
0.266428
0.291714
0.319354
0.330874
0.272141
0.132618
-0.022764
-0.148604
-0.249617
-0.271471
-0.220385
-0.144574
-0.092272
-0.046086
-0.012394
-0.020495
-0.041071
-0.047370
-0.067826
-0.108082
-0.153352
-0.180646
-0.225869
-0.249633
-0.226123
-0.172376
-0.121933
-0.073195
-0.029576
-0.032633
-0.052674
-0.068189
-0.071216
-0.073117
-0.061229
-0.031056
-0.019743
-0.021388
-0.028146
-0.022218
-0.030660
-0.001867
0.029591
0.063197
0.090284
0.116022
0.147653
0.154136
0.154892
0.127751
0.091462
0.079754
0.078405
0.126087
0.164490
0.238133
0.267871
0.287149
0.282544
0.261470
0.213183
0.066895
-0.055372
-0.184553
-0.229851
-0.235545
-0.170879
-0.086968
-0.053648
-0.022903
-0.041104
-0.057235
-0.103628
-0.128662
-0.131816
-0.163476
-0.167745
-0.189300
-0.184384
-0.199827
-0.183238
-0.147841
-0.109461
-0.057135
-0.021005
-0.001406
-0.018230
-0.048630
-0.061393
-0.066113
-0.052799
-0.043368
-0.028895
-0.022725
-0.011107
0.014282
0.047456
0.063951
0.068026
0.063237
0.070376
0.078062
0.103852
0.124131
0.136397
0.123248
0.115644
0.106954
0.107515
0.118251
0.158921
0.192880
0.225118
0.262877
0.312096
0.350181
0.300863
0.194901
0.018471
-0.147029
-0.273485
-0.307261
-0.247212
-0.171584
-0.068149
-0.008829
0.029707
0.014789
-0.022687
-0.046943
-0.095398
-0.121820
-0.155579
-0.184133
-0.222294
-0.255837
-0.235389
-0.200993
-0.124145
-0.054558
-0.004669
-0.001289
-0.036720
