0.174556
0.199601
0.221362
0.234066
0.211509
0.157069
0.071172
-0.042525
-0.183825
-0.291837
-0.310569
-0.258768
-0.146576
-0.013208
0.091329
0.119616
0.080344
0.008641
-0.079031
-0.152957
-0.194054
-0.221796
-0.229310
-0.206128
-0.152585
-0.088468
-0.029702
0.013464
0.018140
-0.015512
-0.066484
-0.118770
-0.147844
-0.144981
-0.109089
-0.068563
-0.039023
-0.020903
-0.019490
-0.020633
-0.017810
-0.007683
0.001120
0.007272
0.011947
0.008419
0.003491
0.001333
-0.001103
-0.004360
-0.006132
0.001076
0.015661
0.039340
0.068446
0.090531
0.101323
0.099188
0.087525
0.081841
0.087741
0.099508
0.109366
0.120110
0.135125
0.144057
0.158473
0.174539
0.196083
0.205750
0.216786
0.206162
0.162455
0.090383
-0.010428
-0.135532
-0.263299
-0.305106
-0.268557
-0.166656
-0.037554
0.073378
0.121374
0.085776
0.017893
-0.066108
-0.138286
-0.179077
-0.197616
-0.202457
-0.185568
-0.159442
-0.115633
-0.056443
-0.009869
0.016404
-0.005564
-0.049627
-0.104353
-0.137427
-0.133992
-0.109166
-0.070588
-0.045340
-0.027748
-0.027882
-0.027579
-0.021333
-0.011369
0.005884
0.013468
0.020280
0.015364
0.008989
0.001717
-0.003078
-0.004767
-0.000995
0.008217
0.024987
0.048756
0.077018
0.104533
0.114026
0.111394
0.102139
0.101889
0.102716
0.104334
0.114211
0.120940
0.134420
0.152014
0.177720
0.193423
0.204977
0.214362
0.208211
0.182825
0.132149
0.064459
-0.024291
-0.138354
-0.237466
-0.266539
-0.233732
-0.142106
-0.028445
0.070796
0.108859
0.078518
0.017615
-0.064123
-0.131659
-0.172877
-0.189209
-0.199471
-0.189231
-0.149158
-0.098819
-0.047514
-0.001007
0.021740
-0.000101
-0.045565
-0.094241
-0.128951
-0.135931
-0.108767
-0.070455
-0.040894
-0.019301
-0.014757
-0.016622
-0.015341
-0.003906
0.006166
0.012786
0.017839
0.014476
0.011935
0.010339
0.012154
0.010171
0.010935
0.015506
0.025498
0.045848
0.074295
0.102374
0.118432
0.122681
0.116205
0.107378
0.102355
0.103750
0.111249
0.123117
0.139022
0.157657
0.178618
0.189884
0.204000
0.213772
0.216352
0.203316
0.160282
0.091616
-0.001755
-0.119910
-0.234144
-0.275422
-0.242553
-0.151160
-0.034563
0.067958
0.112717
0.084382
0.024513
-0.051857
-0.120309
-0.163955
-0.188922
-0.193050
-0.178447
-0.151738
-0.106483
-0.047823
0.003198
0.027625
0.010151
-0.042012
-0.102152
-0.136962
-0.133245
-0.101572
-0.059571
-0.028427
-0.016725
-0.019473
-0.022001
-0.018960
-0.008282
0.008303
0.019071
0.024245
0.020802
0.015777
0.010153
0.007016
0.009507
0.013218
0.017913
0.026673
0.043075
0.067234
0.092912
0.116832
0.124382
0.118228
0.108967
0.103249
0.105639
0.117130
0.135859
0.152581
0.165046
0.183702
0.199200
0.212660
0.225039
0.230720
0.213505
0.161014
0.084734
-0.023152
-0.166107
-0.275838
-0.295859
-0.242045
-0.130321
-0.001151
0.099888
0.120440
0.080073
0.012511
-0.068242
-0.131139
-0.165626
-0.180895
-0.206844
-0.206060
-0.167293
-0.103135
-0.032881
0.020371
0.038745
0.005218
-0.050680
-0.102475
-0.135035
-0.134834
-0.106063
-0.068391
-0.040465
-0.021014
-0.013640
-0.010038
-0.006210
0.002356
0.008317
0.012542
0.017620
0.016942
0.012482
0.007454
0.008728
0.005087
0.008730
0.017604
0.031138
0.050364
0.074104
0.100133
0.112626
0.114317
0.112073
0.112684
0.116629
0.125565
0.135316
0.135067
0.134164
0.155588
0.180531
0.214377
0.249772
0.272507
0.255544
0.190664
0.109422
-0.010664
-0.170372
-0.298422
-0.334328
-0.287340
-0.173761
-0.024958
0.101917
0.142710
0.116477
0.050841
-0.036514
-0.120834
-0.171127
-0.193146
-0.210550
-0.217831
-0.178605
-0.125546
-0.061468
0.000113
0.033299
0.023045
-0.022662
-0.072082
-0.127814
-0.156515
-0.142438
-0.105966
-0.067314
-0.034083
-0.013267
-0.008670
-0.002564
0.008642
0.011996
0.010435
0.009428
0.004854
-0.001192
0.001554
0.007402
0.006575
0.003703
0.006804
0.013115
0.028275
0.056696
0.085083
0.107178
0.112253
0.109121
0.096012
0.093231
0.102282
0.120735
0.131867
0.139953
0.143605
0.152244
0.181996
0.212801
0.244509
0.276181
0.247440
0.174493
0.067489
-0.061113
-0.209615
-0.319090
-0.314666
-0.250849
-0.127493
0.004806
0.110379
0.133336
0.095900
0.035963
-0.045446
-0.121978
-0.173782
-0.200509
-0.214937
-0.220380
-0.168680
-0.111868
-0.052608
-0.003152
0.022781
0.010321
-0.035188
-0.077638
-0.119143
-0.142002
-0.131156
-0.100604
-0.072022
-0.042144
-0.018606
-0.002715
0.002292
0.012858
0.014217
0.011661
0.011854
0.007212
0.000323
-0.003198
0.001286
0.004847
0.006258
0.019906
0.026903
0.040423
0.058532
0.080434
0.098844
0.106794
0.111423
0.102510
0.104244
0.111028
0.119479
0.122525
0.125738
0.140598
0.162271
0.201167
0.241060
0.272224
0.281089
0.216154
0.125729
0.004210
-0.147425
-0.280925
-0.335643
-0.290239
-0.193886
-0.056477
0.070623
0.132910
0.120331
0.066101
-0.008324
-0.091755
-0.154079
-0.187392
-0.203919
-0.204503
-0.177204
-0.113260
-0.052442
-0.032160
-0.016056
-0.027360
-0.051027
-0.073791
-0.087075
-0.097688
-0.113463
-0.104008
-0.089618
-0.076689
-0.055389
-0.033349
-0.009828
0.006242
0.025250
0.029260
0.023594
0.016416
0.004067
-0.003706
-0.010254
-0.007694
-0.006896
0.001316
0.019283
0.039005
0.054377
0.070926
0.076535
0.080468
0.084004
0.090589
0.091245
0.098370
0.110335
0.117346
0.122250
0.126555
0.134048
0.150351
0.180604
0.222816
0.248016
0.271409
0.235714
0.151277
0.050183
-0.076217
-0.211458
-0.303844
-0.297606
-0.227385
-0.118384
0.011277
0.103553
0.123168
0.086378
0.025083
-0.051206
-0.127870
-0.173807
-0.200152
-0.211145
-0.203266
-0.155098
-0.088395
-0.034341
0.001815
0.011569
-0.011416
-0.050505
-0.092643
-0.122385
-0.137354
-0.123370
-0.090990
-0.062096
-0.036762
-0.019320
-0.007264
0.002899
0.013090
0.018730
0.014096
0.011902
0.006958
0.001030
-0.000801
-0.000361
-0.000715
0.000384
0.014426
0.031064
0.045950
0.060853
0.072131
0.076986
0.080574
0.088003
0.090940
0.089778
0.098044
0.103806
0.111760
0.117464
0.130275
0.144179
0.162373
0.192247
0.224370
0.248562
0.252394
0.188300
0.101958
0.005487
-0.103700
-0.214675
-0.273907
-0.250322
-0.191595
-0.089861
0.018613
0.092160
0.099787
0.064252
0.007434
-0.074179
-0.142344
-0.180316
-0.191409
-0.193859
-0.183350
-0.137803
-0.090594
-0.041767
-0.001740
0.014655
-0.004349
-0.046050
-0.089902
-0.124796
-0.139370
-0.120184
-0.089031
-0.056911
-0.027699
-0.008196
0.002771
0.009645
0.017036
0.016084
0.011539
0.008936
0.000861
-0.002388
-0.001536
0.003604
0.005717
0.010763
0.021821
0.028691
0.039889
0.054244
0.067755
0.079074
0.086642
0.094345
0.090603
0.087914
0.088245
0.093965
0.101698
0.112422
0.131192
0.148171
0.175949
0.202429
0.221099
0.228986
0.235545
0.188947
0.108369
0.025783
-0.078914
-0.193392
-0.269444
-0.257639
-0.198968
-0.102480
0.011177
0.087247
0.096307
0.053895
-0.001959
-0.075399
-0.138022
-0.170319
-0.185806
-0.198992
-0.192879
-0.152037
-0.096288
-0.038431
0.006227
0.021844
-0.007465
-0.055861
-0.103260
-0.133627
-0.135386
-0.112472
-0.078530
-0.051935
-0.027834
-0.013080
-0.002074
0.007230
0.014193
0.016215
0.010335
0.007869
0.001542
0.000407
0.002984
0.004799
0.003472
0.004002
0.011449
0.023283
0.038840
0.055986
0.068566
0.077926
0.084248
0.089327
0.088321
0.085950
0.088999
0.092017
0.095601
0.103638
0.121582
0.144817
0.164460
0.187161
0.204230
0.216099
0.223856
0.197371
0.138308
0.067250
-0.020984
-0.125347
-0.224183
-0.255760
-0.228104
-0.153746
-0.046871
0.044889
0.087582
0.067221
0.020512
-0.046029
-0.112277
-0.151848
-0.172017
-0.193453
-0.202733
-0.171864
-0.122474
-0.070304
-0.019697
0.011330
-0.001080
-0.037707
-0.078602
-0.117696
-0.136838
-0.122751
-0.091461
-0.064875
-0.038490
-0.017552
-0.009095
-0.000770
0.008223
0.014303
0.010461
0.009509
0.005255
0.000736
0.001225
0.004963
0.004047
0.000708
0.008207
0.017301
0.030319
0.049250
0.068591
0.078274
0.080412
0.086734
0.089144
0.091516
0.103592
0.111497
0.107873
0.104440
0.106104
0.114245
0.143313
0.182969
0.211003
0.221896
0.225962
0.194968
0.134330
0.079096
0.011176
-0.056718
-0.149546
-0.215504
-0.230828
-0.201042
-0.110206
-0.012437
0.066781
0.083257
0.045963
-0.016143
-0.094495
-0.143639
-0.167886
-0.166332
-0.166161
-0.166290
-0.149525
-0.119310
-0.068176
-0.028669
-0.000855
-0.008153
-0.046618
-0.091140
-0.122729
-0.130230
-0.114345
-0.084555
-0.051817
-0.030484
-0.017877
-0.006541
0.000713
0.008973
0.012298
0.011751
0.006798
-0.001330
-0.003059
-0.001736
0.005839
0.010852
0.013785
0.018920
0.023416
0.039420
0.053517
0.076676
0.094870
0.103095
0.102485
0.097648
0.099377
0.102309
0.107177
0.112761
0.117636
0.124686
0.142240
0.168323
0.190298
0.216524
0.227624
0.214282
0.155084
0.089231
0.015231
-0.077301
-0.177368
-0.245251
-0.248447
-0.203711
-0.107848
0.001750
0.076609
0.089856
0.049728
-0.013240
-0.094015
-0.152805
-0.181282
-0.195549
-0.197187
-0.176121
-0.130711
-0.082958
-0.042632
-0.015012
-0.007362
-0.030106
-0.063227
-0.099946
-0.124885
-0.129168
-0.108499
-0.077724
-0.052571
-0.031082
-0.020426
-0.012341
-0.005930
0.003561
0.008931
0.008099
0.007931
0.003294
0.002285
0.003834
0.005674
0.006818
0.008202
0.016786
0.026415
0.043078
0.064614
0.084760
0.096594
0.095736
0.091940
0.090589
0.094493
0.106067
0.118577
0.125338
0.127439
0.132367
0.146435
0.166087
0.180572
0.204385
0.213928
0.204015
0.162099
0.104360
0.029974
-0.071937
-0.179647
-0.253118
-0.261602
-0.211329
-0.110186
-0.000774
0.072226
0.085367
0.049260
-0.014129
-0.088003
-0.144229
-0.178476
-0.198890
-0.198748
-0.180419
-0.141954
-0.090115
-0.042080
-0.010770
-0.005182
-0.025984
-0.065264
-0.107551
-0.129762
-0.128701
-0.108321
-0.077295
-0.049852
-0.032050
-0.023044
-0.013692
-0.004353
0.003863
0.010006
0.010788
0.008376
0.004654
0.004323
0.003843
0.004560
0.005492
0.006798
0.012440
0.026825
0.046441
0.069037
0.086782
0.101556
0.101655
0.094869
0.094740
0.095960
0.108435
0.122339
0.134001
0.135487
0.133399
0.148324
0.166085
0.181106
0.208485
0.222144
0.210242
0.158287
0.094482
0.012511
-0.112066
-0.222934
-0.276645
-0.266007
-0.192363
-0.081338
0.035165
0.089521
0.083797
0.038600
-0.033690
-0.106441
-0.158843
-0.182832
-0.201113
-0.202690
-0.175009
-0.126400
-0.072954
-0.029994
-0.002227
-0.004232
-0.035522
-0.073923
-0.112302
-0.130124
-0.124285
-0.098283
-0.067666
-0.044580
-0.028940
-0.021357
-0.015148
-0.003761
0.006459
0.013535
0.014322
0.012307
0.006711
0.002673
0.001795
-0.000836
0.000510
0.007614
0.021114
0.039168
0.059867
0.082411
0.097307
0.101674
0.099254
0.093592
0.098726
0.110130
0.120836
0.128116
0.134680
0.137844
0.141605
0.155539
0.169200
0.187359
0.212773
0.228553
0.207912
0.146677
0.070335
-0.044641
-0.176345
-0.270518
-0.288279
-0.233674
-0.138618
-0.014466
0.069396
0.093634
0.065088
0.012873
-0.053030
-0.121680
-0.160051
-0.186928
-0.203204
-0.196980
-0.158936
-0.103115
-0.048350
-0.009667
0.005046
-0.012524
-0.050040
-0.087781
-0.116852
-0.123649
-0.112633
-0.087732
-0.062674
-0.044675
-0.027709
-0.014174
0.000914
0.010543
0.015385
0.014851
0.010126
0.007559
0.003468
0.006434
0.006321
0.006588
0.006229
0.011957
0.024987
0.046291
0.075110
0.101731
0.114813
0.111915
0.101617
0.098053
0.102939
0.112081
0.121357
0.125764
0.128001
0.133478
0.148153
0.167019
0.192817
0.212055
0.228819
0.221388
0.165249
0.098825
0.012232
-0.090312
-0.199875
-0.266563
-0.253715
-0.196120
-0.091711
0.016050
0.083470
0.091697
0.049339
-0.009967
-0.089835
-0.150991
-0.184350
-0.196424
-0.193816
-0.170109
-0.126385
-0.082011
-0.039515
-0.006066
0.004779
-0.018078
-0.057163
-0.101678
-0.128260
-0.130984
-0.105889
-0.073209
-0.047316
-0.025190
-0.014941
-0.007439
-0.002976
0.004469
0.008580
0.008764
0.012179
0.009390
0.008372
0.006078
0.006421
0.006649
0.010804
0.023979
0.039440
0.059620
0.081242
0.102880
0.110514
0.108514
0.102571
0.098896
0.103851
0.115187
0.125266
0.125336
0.128263
0.138755
0.162896
0.185023
0.209432
0.229618
0.224884
0.186870
0.118092
0.048647
-0.025234
-0.100280
-0.182294
-0.228993
-0.219820
-0.167415
-0.076120
0.016991
0.080151
0.083164
0.034305
-0.033033
-0.112971
-0.165800
-0.190820
-0.189943
-0.173698
-0.141028
-0.104651
-0.068030
-0.034245
-0.014549
-0.018173
-0.043263
-0.075982
-0.108248
-0.123150
-0.116358
-0.093166
-0.067117
-0.043489
-0.025730
-0.018878
-0.010995
-0.002312
0.007833
0.012965
0.013559
0.012887
0.007338
0.006401
0.005018
0.005036
0.006886
0.013709
0.027326
0.045020
0.068973
0.092655
0.110359
0.112230
0.104360
0.098192
0.097806
0.104336
0.117329
0.124921
0.126744
0.131235
0.151740
0.173186
0.196668
0.217927
0.222239
0.216145
0.170122
0.110511
0.034816
-0.043377
-0.137694
-0.226028
-0.244505
-0.208356
-0.125855
-0.026290
0.054919
0.090235
0.055341
0.001810
-0.068097
-0.131080
-0.173406
-0.192829
-0.189192
-0.175664
-0.141230
-0.096083
-0.053099
-0.017795
0.002637
-0.008455
-0.045896
-0.094798
-0.124255
-0.133104
-0.114231
-0.078112
-0.048723
-0.028951
-0.020618
-0.013504
-0.009550
-0.001512
0.008717
0.009002
0.011385
0.008604
0.009389
0.007054
0.006570
0.009107
0.011478
0.020641
0.032608
0.048036
0.068861
0.091926
0.112826
0.117769
0.110286
0.105646
0.106141
0.110908
0.120654
0.134940
0.137196
0.142126
0.158914
0.181632
0.203484
0.219338
0.233383
0.195298
0.132846
0.059442
-0.030338
-0.124371
-0.231103
-0.258743
-0.232138
-0.160285
-0.049076
0.042411
0.098135
0.073729
0.023997
-0.043420
-0.123139
-0.171803
-0.196274
-0.192795
-0.178127
-0.137113
-0.094784
-0.060356
-0.031499
-0.021993
-0.028269
-0.051421
-0.079352
-0.105101
-0.119162
-0.111748
-0.090085
-0.067151
-0.043697
-0.031724
-0.022875
-0.012708
-0.003656
0.008168
0.011044
0.015254
0.011145
0.004701
0.002249
-0.000251
0.003884
0.005429
0.016834
0.029108
0.044641
0.066983
0.088760
0.111200
0.114758
0.108362
0.102479
0.106990
0.115282
0.122112
0.131366
0.131788
0.142231
0.162005
0.191713
0.219872
0.235819
0.243853
0.200041
0.120461
0.021061
-0.081181
-0.189774
-0.273747
-0.267594
-0.205095
-0.105611
-0.000773
0.078422
0.100710
0.058312
0.001965
-0.068641
-0.134783
-0.178438
-0.197829
-0.201275
-0.192563
-0.145916
-0.089158
-0.041932
-0.011486
0.002363
-0.014943
-0.055942
-0.093974
-0.119772
-0.130347
-0.115141
-0.083253
-0.057137
-0.037629
-0.021162
-0.007955
-0.000572
0.006723
0.014290
0.011973
0.011302
0.011211
0.011113
0.007483
0.006436
0.008344
0.008452
0.019884
0.036477
0.059540
0.079599
0.098145
0.111171
0.114049
0.115581
0.110533
0.108869
0.109668
0.115066
0.125354
0.139887
0.166128
0.198477
0.220372
0.237246
0.249095
0.204004
0.126520
0.028970
-0.073597
-0.181822
-0.272712
-0.266837
-0.209573
-0.112402
0.000574
0.079486
0.105533
0.057846
0.004386
-0.065656
-0.132688
-0.175669
-0.193089
-0.186580
-0.180828
-0.132220
-0.074190
-0.033784
-0.027353
-0.030472
-0.039432
-0.067381
-0.085209
-0.095345
-0.103649
-0.107000
-0.088238
-0.064959
-0.047944
-0.031241
-0.013507
-0.000389
0.007586
0.019020
0.018989
0.017113
0.014179
0.013771
0.010173
0.005541
0.008072
0.005595
0.019121
0.038232
0.061558
0.079749
0.097702
0.111507
0.106214
0.103422
0.107184
0.114222
0.118134
0.119428
0.122203
0.127713
0.155551
0.190682
0.217688
0.243817
0.247620
0.194585
0.104125
0.006533
-0.093399
-0.195904
-0.267532
-0.251566
-0.193081
-0.100621
0.004236
0.081391
0.099986
0.056475
0.002184
-0.070671
-0.141575
-0.186162
-0.201297
-0.199253
-0.184482
-0.133959
-0.074740
-0.031632
-0.008123
-0.000386
-0.020553
-0.061064
-0.095064
-0.115805
-0.123479
-0.109932
-0.077608
-0.049226
-0.026732
-0.011527
-0.001839
0.002746
0.007456
0.013792
0.013730
0.015488
0.013551
0.011231
0.009602
0.010412
0.010582
0.011480
0.022549
0.037423
0.056763
0.078451
0.097676
0.104748
0.104845
0.107699
0.110551
0.113096
0.114104
0.115895
0.119750
0.130203
0.160261
0.200916
0.229349
0.250022
0.241483
0.168381
0.077115
-0.017797
-0.097692
-0.176313
-0.237262
-0.219959
-0.175861
-0.097540
-0.006053
0.062277
0.087868
0.048823
-0.003232
-0.078250
-0.148852
-0.188289
-0.202266
-0.189468
-0.165206
-0.120692
-0.071985
-0.037845
-0.017256
-0.012168
-0.027365
-0.060660
-0.096030
-0.112307
-0.117472
-0.103557
-0.075492
-0.048519
-0.024052
-0.012255
-0.001721
0.002529
0.006377
0.014415
0.015481
0.018839
0.015481
0.013664
0.012410
0.012865
0.014943
0.017699
0.030590
0.045087
0.062161
0.081476
0.098630
0.112952
0.113286
0.110614
0.107558
0.110193
0.112808
0.114198
0.126391
0.141562
0.172698
0.208045
0.234505
0.254109
0.223387
0.142731
0.056366
-0.039876
-0.111831
-0.190787
-0.235388
-0.209817
-0.163496
-0.072208
0.012151
0.075213
0.085001
0.037231
-0.017596
-0.099454
-0.157894
-0.189625
-0.188150
-0.172533
-0.142583
-0.099337
-0.072566
-0.042640
-0.031781
-0.028512
-0.037656
-0.057616
-0.079383
-0.101828
-0.108207
-0.097045
-0.077005
-0.053041
-0.031841
-0.018231
-0.005597
0.004950
0.016041
0.022108
0.021323
0.019266
0.011563
0.008573
0.005469
0.009079
0.012756
0.021006
0.037593
0.051777
0.071379
0.083385
0.096309
0.103047
0.104061
0.107264
0.110574
0.118281
0.119631
0.119947
0.119207
0.128175
0.158604
0.195940
0.227491
0.246679
0.243025
0.167907
0.083214
-0.014151
-0.098375
-0.172031
-0.230955
-0.212084
-0.174016
-0.094960
-0.008586
0.055226
0.084842
0.047623
0.000419
-0.075178
-0.143235
-0.182626
-0.196752
-0.189354
-0.165922
-0.116517
-0.076858
-0.044555
-0.021233
-0.008850
-0.025489
-0.054891
-0.088249
-0.112304
-0.121085
-0.103427
-0.072546
-0.050788
-0.027334
-0.016501
-0.006862
0.000353
0.008625
0.016640
0.013273
0.017229
0.013628
0.012837
0.013031
0.015213
0.019322
0.020233
0.032927
0.043298
0.061590
0.084458
0.106480
0.121046
0.117241
0.113868
0.105108
0.101372
0.105180
0.115067
0.128826
0.147121
0.173506
0.199752
0.217923
0.232799
0.227084
0.170197
0.093016
-0.001090
-0.091877
-0.193277
-0.262990
-0.242210
-0.184337
-0.087916
0.010133
0.079981
0.091124
0.041163
-0.012417
-0.084593
-0.147879
-0.184262
-0.189522
-0.170956
-0.154259
-0.120361
-0.093905
-0.063851
-0.034657
-0.011925
-0.013418
-0.049415
-0.084740
-0.111190
-0.119814
-0.109160
-0.084173
-0.058194
-0.036283
-0.016492
0.000568
0.007973
0.013713
0.015383
0.011084
0.009679
0.005745
0.004194
0.004502
0.009139
0.017136
0.023657
0.036580
0.046140
0.058388
0.072815
0.089956
0.105179
0.109855
0.114895
0.110753
0.108138
0.110504
0.112744
0.119529
0.131429
0.156551
0.185711
0.216515
0.235633
0.232126
0.179666
0.099935
0.014302
-0.072320
-0.155613
-0.232550
-0.240304
-0.199357
-0.124536
-0.027913
0.048241
0.086320
0.057767
0.004995
-0.062529
-0.132436
-0.176146
-0.198716
-0.196404
-0.179998
-0.134810
-0.082905
-0.045056
-0.027994
-0.019732
-0.027153
-0.054556
-0.083107
-0.106118
-0.117394
-0.112307
-0.085632
-0.056775
-0.035421
-0.021241
-0.010930
-0.003231
0.002092
0.012408
0.014078
0.013860
0.011609
0.009482
0.010535
0.008256
0.010632
0.009405
0.019550
0.036073
0.056500
0.074704
0.088709
0.099086
0.100756
0.102718
0.106398
0.106620
0.107529
0.109467
0.117351
0.132034
0.154384
0.184313
0.207628
0.221499
0.232867
0.197468
0.129833
0.055086
-0.036642
-0.126734
-0.234912
-0.264252
-0.231144
-0.159113
-0.049692
0.037713
0.091800
0.069303
0.017203
-0.042868
-0.116517
-0.163197
-0.193781
-0.194358
-0.187871
-0.150419
-0.100470
-0.067332
-0.032977
-0.011801
-0.009214
-0.038645
-0.078430
-0.115713
-0.138362
-0.128456
-0.091594
-0.058865
-0.033842
-0.019622
-0.014776
-0.010781
-0.004441
0.006750
0.006440
0.008209
0.010532
0.008418
0.009932
0.008733
0.010883
0.006866
0.013141
0.027027
0.040442
0.063878
0.083107
0.099836
0.104808
0.107380
0.104820
0.104075
0.111431
0.115947
0.117106
0.123020
0.139367
0.167830
0.194827
0.216036
0.235026
0.213520
0.156471
0.081476
-0.007652
-0.088750
-0.182184
-0.245217
-0.240806
-0.196664
-0.104610
-0.009191
0.066607
0.085488
0.046210
-0.008926
-0.084414
-0.145635
-0.183061
-0.197260
-0.194080
-0.177554
-0.129851
-0.077205
-0.033879
-0.015953
-0.015856
-0.034809
-0.072686
-0.102864
-0.121010
-0.123902
-0.107650
-0.077872
-0.049684
-0.033381
-0.023660
-0.013451
-0.006617
0.001436
0.008784
0.010505
0.008414
0.005562
0.007086
0.006288
0.007406
0.008551
0.009891
0.019570
0.034031
0.058109
0.076159
0.092160
0.101726
0.101737
0.100826
0.097445
0.101293
0.104523
0.115474
0.120392
0.129909
0.148385
0.169721
0.199669
0.213225
0.228199
0.200351
0.139470
0.064368
-0.025015
-0.110969
-0.217121
-0.255384
-0.230712
-0.168313
-0.065683
0.023779
0.085761
0.071793
0.027365
-0.029219
-0.102272
-0.155279
-0.189475
-0.195810
-0.189340
-0.157809
-0.102268
-0.063987
-0.035287
-0.013567
-0.011586
-0.033075
-0.071202
-0.100186
-0.124762
-0.129337
-0.101886
-0.071479
-0.042991
-0.025550
-0.015079
-0.009778
-0.006041
0.008434
0.009142
0.010245
0.007552
0.005068
0.005678
0.003893
0.010425
0.010031
0.016852
0.029001
0.040813
0.059886
0.074803
0.093148
0.102753
0.105559
0.104454
0.099274
0.100933
0.104079
0.113966
0.126895
0.142650
0.168620
0.188864
0.205560
0.215517
0.216101
0.186899
0.136415
0.068714
-0.018237
-0.127220
-0.239298
-0.273343
-0.243452
-0.155026
-0.040673
0.053326
0.097190
0.067732
0.014883
-0.052083
-0.119412
-0.164777
-0.193242
-0.197251
-0.193560
-0.163446
-0.108974
-0.053407
-0.008453
0.013744
-0.000424
-0.043507
-0.095603
-0.124901
-0.133329
-0.116233
-0.078289
-0.048753
-0.027386
-0.020802
-0.013455
-0.007643
-0.000709
0.011824
0.013105
0.015193
0.012546
0.013638
0.012102
0.009711
0.010634
0.007414
0.011338
0.022340
0.043206
0.067794
0.088718
0.106629
0.110298
0.104771
0.095297
0.092224
0.098029
0.107988
0.121545
0.128491
0.137403
0.153245
0.178055
0.199539
0.205078
0.222010
0.208717
0.155345
0.085665
-0.006565
-0.115854
-0.236616
-0.280410
-0.241493
-0.164447
-0.050881
0.046593
0.097958
0.074731
0.020883
-0.035114
-0.104993
-0.156006
-0.186428
-0.193864
-0.187968
-0.155587
-0.107529
-0.064324
-0.020761
0.006435
0.002721
-0.034988
-0.079952
-0.114721
-0.128208
-0.117937
-0.086516
-0.059713
-0.038586
-0.022959
-0.012620
-0.005029
0.001448
0.009776
0.008947
0.008542
0.012004
0.012136
0.012455
0.009091
0.008966
0.002303
0.005022
0.017325
0.033889
0.057409
0.078899
0.096898
0.103596
0.103150
0.096944
0.087542
0.089741
0.103438
0.120020
0.131796
0.143189
0.152156
0.165259
0.177089
0.199647
0.212332
0.222546
0.201726
0.139813
0.061581
-0.041799
-0.158170
-0.255602
-0.272472
-0.218073
-0.127257
-0.017685
0.065793
0.093032
0.060180
0.003300
-0.058172
-0.124381
-0.163549
-0.184965
-0.195529
-0.189385
-0.151801
-0.091794
-0.035962
-0.002623
0.010692
-0.010538
-0.051273
-0.090322
-0.116230
-0.123877
-0.112585
-0.081177
-0.053892
-0.032415
-0.016575
-0.005220
0.002646
0.006759
0.010982
0.007911
0.006154
0.008093
0.009008
0.013669
0.015975
0.015879
0.013204
0.015210
0.025946
0.042479
0.064372
0.085275
0.098964
0.100909
0.097263
0.094162
0.097310
0.103951
0.112751
0.119898
0.124962
0.131741
0.147772
0.165948
0.188885
0.199915
0.207117
0.193049
0.151925
0.104155
0.030749
-0.038393
-0.120930
-0.206663
-0.226814
-0.201123
-0.125763
-0.038378
0.038644
0.079717
0.051150
-0.000734
-0.066710
-0.129492
-0.166031
-0.178528
-0.169643
-0.159673
-0.130414
-0.089917
-0.057957
-0.019914
-0.003790
-0.010991
-0.046650
-0.087293
-0.113037
-0.128066
-0.108690
-0.074889
-0.046880
-0.024331
-0.014559
-0.006965
-0.005957
0.002585
0.008378
0.008070
0.009897
0.009334
0.010454
0.008760
0.010249
0.010575
0.009791
0.017890
0.030074
0.045891
0.068426
0.086277
0.099165
0.099307
0.091734
0.083662
0.084211
0.098603
0.116787
0.135133
0.141436
0.140303
0.150591
0.161373
0.180674
0.191510
0.200130
0.190740
0.148621
0.092512
0.016908
-0.055203
-0.121965
-0.184849
-0.193735
-0.170840
-0.111817
-0.041864
0.018568
0.054487
0.037059
-0.000196
-0.058766
-0.118914
-0.157789
-0.176954
-0.173158
-0.149197
-0.118208
-0.094081
-0.066722
-0.035212
-0.016898
-0.019195
-0.038885
-0.071671
-0.104499
-0.116582
-0.103657
-0.080539
-0.055164
-0.027977
-0.012580
-0.004026
0.001646
0.006563
0.009508
0.007776
0.011930
0.010848
0.008235
0.008603
0.010349
0.013266
0.016376
0.026471
0.032693
0.043301
0.060898
0.079710
0.095813
0.102068
0.101423
0.091332
0.089741
0.100189
0.109872
0.118617
0.124809
0.136239
0.155909
0.177032
0.194413
0.201776
0.194082
0.170781
0.122613
0.064926
-0.004550
-0.067615
-0.121732
-0.166010
-0.174628
-0.150430
-0.100886
-0.038099
0.011617
0.038025
0.016771
-0.023809
-0.078404
-0.128192
-0.159320
-0.172451
-0.164001
-0.146154
-0.116446
-0.082609
-0.044232
-0.015669
-0.012918
-0.031197
-0.063818
-0.095592
-0.117054
-0.116973
-0.095969
-0.067496
-0.041049
-0.020037
-0.009843
-0.007323
-0.006455
-0.003634
0.000914
0.002823
0.006686
0.007796
0.008521
0.009760
0.012158
0.017441
0.020002
0.027244
0.034736
0.046205
0.061170
0.078644
0.095470
0.099182
0.095440
0.091940
0.092304
0.098275
0.104991
0.118003
0.130246
0.145097
0.165215
0.181414
0.188092
0.188590
0.187819
0.154445
0.100105
0.034185
-0.036065
-0.102178
-0.170444
-0.194608
-0.176666
-0.134213
-0.065252
-0.001766
0.040356
0.033661
-0.002519
-0.051196
-0.110639
-0.150417
-0.174452
-0.176297
-0.164292
-0.136818
-0.095258
-0.055258
-0.021838
-0.009886
-0.021823
-0.049528
-0.084459
-0.109269
-0.115968
-0.104309
-0.077572
-0.050797
-0.027588
-0.014684
-0.009733
-0.007287
-0.005835
-0.000290
0.004258
0.009954
0.012643
0.012539
0.016217
0.014495
0.016155
0.015917
0.018699
0.026297
0.038738
0.059975
0.079057
0.096282
0.103216
0.098812
0.091383
0.090189
0.091335
0.095128
0.106098
0.122295
0.139970
0.163614
0.181560
0.194467
0.194079
0.188290
0.157515
0.099848
0.032853
-0.044305
-0.108800
-0.171524
-0.193265
-0.170467
-0.125617
-0.055805
0.000221
0.039634
0.030704
-0.005562
-0.052359
-0.107970
-0.149086
-0.174959
-0.169857
-0.153312
-0.134312
-0.096201
-0.049928
-0.013279
-0.000643
-0.011328
-0.042526
-0.086372
-0.116607
-0.123671
-0.111124
-0.078312
-0.041414
-0.013871
-0.005113
-0.006320
-0.006303
-0.009022
-0.002811
0.003791
0.011126
0.016597
0.018495
0.022217
0.017253
0.016138
0.014901
0.018174
0.027703
0.042973
0.064803
0.081463
0.095148
0.101296
0.098456
0.092579
0.089751
0.093136
0.098055
0.112751
0.127089
0.145308
0.163989
0.187630
0.199744
0.205623
0.180834
0.117536
0.048824
-0.032363
-0.094737
-0.152071
-0.179433
-0.168757
-0.139085
-0.081514
-0.023792
0.020553
0.033697
0.010650
-0.031650
-0.090646
-0.136606
-0.173658
-0.183767
-0.171677
-0.144313
-0.105996
-0.062194
-0.024922
-0.009595
-0.016497
-0.038043
-0.071624
-0.100883
-0.108770
-0.101597
-0.081337
-0.056067
-0.031319
-0.015743
-0.010251
-0.003650
-0.000780
0.003886
0.008361
0.013004
0.018282
0.017119
0.019309
0.015469
0.015529
0.016805
0.021738
0.031747
0.043777
0.059314
0.075514
0.090881
0.099816
0.099230
0.091016
0.086801
0.093514
0.096636
0.105748
0.124067
0.142345
0.161125
0.179013
0.196472
0.199815
0.157461
0.095318
0.029695
-0.050359
-0.108441
-0.149124
-0.153866
-0.143708
-0.115339
-0.062527
-0.025253
0.003859
0.008977
-0.005594
-0.046041
-0.094419
-0.130488
-0.165345
-0.165865
-0.150047
-0.118667
-0.091411
-0.070033
-0.044398
-0.035079
-0.028670
-0.036817
-0.056738
-0.085230
-0.103043
-0.099718
-0.081778
-0.053824
-0.027685
-0.009994
-0.004058
-0.000334
0.001461
0.004511
0.008530
0.015360
0.018979
0.018811
0.018889
0.015240
0.018750
0.022845
0.030950
0.038301
0.045908
0.058720
0.069603
0.085225
0.096664
0.099086
0.093821
0.092964
0.095916
0.096595
0.107343
0.122519
0.137120
0.154685
0.178286
0.189647
0.188515
0.155835
0.094496
0.026049
-0.052984
-0.110065
-0.140690
-0.142669
-0.123966
-0.094809
-0.055277
-0.025048
-0.006746
-0.000833
-0.013503
-0.044700
-0.084256
-0.122886
-0.155747
-0.163384
-0.154960
-0.123604
-0.089869
-0.055282
-0.033487
-0.025999
-0.032355
-0.050611
-0.068788
-0.084223
-0.089187
-0.086527
-0.072451
-0.051819
-0.031666
-0.013021
-0.002017
0.003915
0.004266
0.006411
0.009735
0.015253
0.021138
0.023478
0.024732
0.022379
0.022057
0.021346
0.026485
0.037984
0.050797
0.063076
0.075225
0.088316
0.096150
0.096989
0.091039
0.087190
0.089025
0.094947
0.104959
0.116362
0.128682
0.148970
0.164510
0.177501
0.178830
0.155238
0.102983
0.041873
-0.019952
-0.080074
-0.114919
-0.126202
-0.120534
-0.104947
-0.078005
-0.045099
-0.022751
-0.011138
-0.012444
-0.037027
-0.070525
-0.110835
-0.143033
-0.151487
-0.149329
-0.130048
-0.101122
-0.070546
-0.046141
-0.032238
-0.028035
-0.040686
-0.058331
-0.073339
-0.083012
-0.083162
-0.074472
-0.054386
-0.036066
-0.018638
-0.005481
0.000596
0.004800
0.006410
0.009379
0.015145
0.020022
0.023360
0.023565
0.023710
0.022675
0.023981
0.029758
0.038831
0.050242
0.061886
0.078617
0.088252
0.086382
0.081604
0.083007
0.090718
0.097990
0.105310
0.113200
0.120509
0.131289
0.146105
0.162440
0.170713
0.173472
0.158061
0.097982
0.033298
-0.028727
-0.086543
-0.118246
-0.132919
-0.119665
-0.103180
-0.079978
-0.045731
-0.023350
-0.009721
-0.014931
-0.035220
-0.071639
-0.110015
-0.150844
-0.166260
-0.153217
-0.130620
-0.092577
-0.057171
-0.030937
-0.025807
-0.032167
-0.046071
-0.066512
-0.082852
-0.086873
-0.080890
-0.069921
-0.049361
-0.030040
-0.015695
-0.006349
-0.001562
-0.000256
-0.000459
0.004290
0.010526
0.019791
0.024816
0.028135
0.025261
0.020289
0.021401
0.023770
0.033638
0.046683
0.063938
0.077581
0.085292
0.087888
0.086787
0.084327
0.087571
0.097247
0.104188
0.109260
0.118628
0.131726
0.141813
0.159024
0.177355
0.178978
0.164345
0.109023
0.047417
-0.021738
-0.086398
-0.121310
-0.141173
-0.132289
-0.113514
-0.081956
-0.044121
-0.019326
-0.002217
-0.008998
-0.031671
-0.073556
-0.117850
-0.149008
-0.162905
-0.156910
-0.134404
-0.092461
-0.054402
-0.031966
-0.024158
-0.029621
-0.049461
-0.070096
-0.083545
-0.086869
-0.083434
-0.069066
-0.047338
-0.030407
-0.016660
-0.007766
-0.003079
-0.002611
-0.001057
0.005218
0.010516
0.018631
0.020745
0.020768
0.020495
0.019137
0.023743
0.027952
0.038377
0.046125
0.054870
0.067819
0.080544
0.089154
0.091892
0.090117
0.086145
0.084076
0.089653
0.099582
0.113732
0.131561
0.153290
0.166797
0.176506
0.179813
0.173282
0.125126
0.062267
0.000879
-0.065001
-0.113184
-0.139541
-0.132865
-0.116876
-0.088757
-0.051837
-0.022659
-0.007970
-0.010589
-0.027916
-0.061126
-0.099931
-0.134712
-0.153793
-0.149609
-0.143162
-0.115987
-0.076708
-0.044618
-0.026040
-0.024168
-0.034375
-0.059896
-0.080411
-0.086383
-0.085796
-0.077441
-0.058080
-0.037284
-0.020654
-0.009310
-0.000484
0.000131
-0.000040
0.003367
0.008147
0.014265
0.018487
0.022095
0.023285
0.022181
0.024942
0.024565
0.029133
0.037452
0.050253
0.065452
0.077215
0.088646
0.091127
0.087724
0.079970
0.078839
0.084618
0.091204
0.108539
0.124063
0.139102
0.152242
0.164386
0.180713
0.175666
0.158517
0.103534
0.043488
-0.021188
-0.084726
-0.118595
-0.132897
-0.121343
-0.100922
-0.069554
-0.035325
-0.017400
-0.006522
-0.013828
-0.035067
-0.069306
-0.108092
-0.140079
-0.159778
-0.156661
-0.134892
-0.091300
-0.048449
-0.023162
-0.017288
-0.027608
-0.050625
-0.071476
-0.083341
-0.083706
-0.079460
-0.067587
-0.046617
-0.030146
-0.014506
-0.004411
0.001891
0.002336
0.003208
0.008242
0.010629
0.016372
0.019345
0.021413
0.021638
0.020486
0.024093
0.026443
0.036142
0.046990
0.057328
0.068792
0.077485
0.084312
0.083778
0.081033
0.078770
0.083592
0.094638
0.101177
0.106655
0.116350
0.130304
0.146792
0.164843
0.182956
0.189010
0.167244
0.107793
0.036070
-0.033559
-0.094690
-0.129417
-0.137376
-0.122541
-0.098625
-0.064922
-0.027142
-0.003100
0.004319
-0.006240
-0.034802
-0.077023
-0.121353
-0.152503
-0.160861
-0.153117
-0.122810
-0.075836
-0.035373
-0.014195
-0.016324
-0.032101
-0.056881
-0.076495
-0.083989
-0.083628
-0.077311
-0.063683
-0.043826
-0.025689
-0.011019
-0.003063
-0.002116
-0.001753
0.001112
0.007650
0.014191
0.020839
0.024183
0.023995
0.022965
0.021731
0.022342
0.026534
0.037020
0.049595
0.062816
0.073664
0.082955
0.085976
0.082980
0.078435
0.080091
0.083669
0.089247
0.098769
0.112551
0.126805
0.137143
0.147947
0.157384
0.165853
0.169194
0.143864
0.086636
0.026864
-0.032177
-0.085204
-0.116140
-0.117666
-0.102354
-0.085443
-0.060801
-0.038105
-0.026279
-0.022866
-0.029664
-0.051321
-0.093263
-0.128046
-0.151526
-0.153304
-0.130242
-0.090833
-0.056642
-0.041881
-0.034491
-0.038343
-0.049710
-0.061965
-0.069050
-0.075192
-0.075575
-0.064995
-0.051151
-0.038576
-0.025462
-0.012476
-0.005994
-0.002987
0.001025
0.004721
0.008991
0.015967
0.025031
0.026490
0.025697
0.022988
0.019532
0.019640
0.027005
0.041021
0.053474
0.063122
0.070846
0.076602
0.080246
0.084028
0.090236
0.089775
0.090428
0.093228
0.102251
0.114070
0.122596
0.133706
0.146457
0.154172
0.153126
0.139212
0.101506
0.048418
-0.009243
-0.061680
-0.098259
-0.109678
-0.102619
-0.088263
-0.074026
-0.062497
-0.055080
-0.050759
-0.051969
-0.061507
-0.082752
-0.105399
-0.125763
-0.139654
-0.129576
-0.104287
-0.074837
-0.052321
-0.045067
-0.051691
-0.063992
-0.072497
-0.072540
-0.067048
-0.058345
-0.049749
-0.044270
-0.039776
-0.034603
-0.028886
-0.022592
-0.014547
-0.007169
0.000738
0.007716
0.015252
0.021496
0.023847
0.023170
0.020947
0.017121
0.017480
0.024565
0.035985
0.048482
0.058582
0.063983
0.067558
0.069768
0.074363
0.083726
0.090617
0.094622
0.098434
0.099619
0.104703
0.114642
0.128832
0.139697
0.146290
0.142158
0.130665
0.099343
0.049522
-0.000513
-0.052493
-0.084281
-0.093278
-0.088509
-0.077527
-0.076140
-0.075957
-0.073999
-0.070623
-0.063004
-0.063821
-0.075151
-0.098042
-0.125537
-0.136935
-0.127502
-0.103981
-0.077683
-0.058551
-0.054489
-0.062466
-0.068769
-0.071481
-0.068186
-0.061695
-0.054615
-0.049589
-0.047751
-0.043679
-0.037283
-0.029471
-0.019249
-0.010537
-0.003039
0.002047
0.008221
0.013905
0.018783
0.022745
0.024807
0.025079
0.023024
0.025663
0.031014
0.038443
0.048635
0.059164
0.066228
0.070157
0.070550
0.077544
0.086745
0.095843
0.104642
0.105668
0.108605
0.110422
0.119776
0.133251
0.144731
0.147024
0.133451
0.111077
0.069524
0.015491
-0.036092
-0.079914
-0.094699
-0.089168
-0.071904
-0.060138
-0.062858
-0.065221
-0.070450
-0.072319
-0.071161
-0.078530
-0.092190
-0.113093
-0.125661
-0.124526
-0.107994
-0.085908
-0.069809
-0.057356
-0.058135
-0.062547
-0.067014
-0.068366
-0.065078
-0.060146
-0.050368
-0.042724
-0.039115
-0.034722
-0.030187
-0.023249
-0.014421
-0.004375
0.004139
0.009181
0.015291
0.019913
0.024223
0.027004
0.026867
0.026581
0.026619
0.031777
0.040039
0.048278
0.057971
0.066401
0.074490
0.079066
0.083745
0.090699
0.095766
0.098971
0.100841
0.109048
0.117323
0.130209
0.142956
0.150767
0.150767
0.138437
0.114804
0.064913
0.007004
-0.047826
-0.086381
-0.090807
-0.077311
-0.055938
-0.049929
-0.057494
-0.066194
-0.075121
-0.074045
-0.072601
-0.075391
-0.091547
-0.109583
-0.117968
-0.113189
-0.096317
-0.074467
-0.054694
-0.052079
-0.058918
-0.067239
-0.071691
-0.070214
-0.059767
-0.048254
-0.041244
-0.037364
-0.033820
-0.030107
-0.027165
-0.018407
-0.009908
-0.002574
0.004836
0.012615
0.021091
0.026115
0.032266
0.033381
0.030171
0.028065
0.030496
0.039521
0.049722
0.062159
0.070635
0.075651
0.079555
0.080887
0.083644
0.088373
0.097988
0.108418
0.113309
0.123751
0.134628
0.145251
0.149655
0.152168
0.149003
0.129636
0.092200
0.036228
-0.023064
-0.076739
-0.097555
-0.099893
-0.089499
-0.077459
-0.076303
-0.067996
-0.062848
-0.053672
-0.049890
-0.058856
-0.078369
-0.105046
-0.126343
-0.131202
-0.114367
-0.092277
-0.067245
-0.049810
-0.043805
-0.048415
-0.056831
-0.061169
-0.064654
-0.061965
-0.054940
-0.045674
-0.040330
-0.031800
-0.023092
-0.016456
-0.007392
-0.001317
0.005073
0.008770
0.015566
0.022680
0.028100
0.031217
0.031420
0.031137
0.028810
0.033208
0.039836
0.049762
0.060790
0.070621
0.076540
0.079915
0.084846
0.089398
0.095000
0.101124
0.107123
0.112863
0.122775
0.130185
0.138219
0.144616
0.145104
0.133413
0.104364
0.054224
0.000210
-0.054918
-0.087788
-0.106937
-0.108147
-0.100834
-0.096779
-0.082634
-0.065012
-0.046841
-0.038922
-0.046148
-0.067164
-0.100685
-0.131107
-0.139211
-0.123682
-0.100495
-0.074868
-0.052796
-0.043718
-0.044876
-0.048675
-0.051812
-0.057627
-0.060629
-0.057651
-0.049729
-0.044052
-0.032088
-0.021183
-0.011697
-0.005194
-0.001028
0.001626
0.004427
0.013142
0.024170
0.033863
0.039972
0.039359
0.034543
0.027689
0.027540
0.031816
0.042999
0.058903
0.074037
0.083996
0.087166
0.089698
0.090209
0.092030
0.098861
0.109718
0.117431
0.127880
0.136011
0.138400
0.144682
0.142937
0.138725
0.103343
0.054473
0.000789
-0.054553
-0.085351
-0.102483
-0.097261
-0.093409
-0.089784
-0.078660
-0.067007
-0.050628
-0.043785
-0.046506
-0.067352
-0.096292
-0.120907
-0.135078
-0.121468
-0.099040
-0.069916
-0.048749
-0.038956
-0.042025
-0.052114
-0.058676
-0.059053
-0.056653
-0.048925
-0.041187
-0.036423
-0.028928
-0.020616
-0.010767
-0.005011
0.000567
0.004926
0.008775
0.017504
0.027067
0.038475
0.042859
0.043967
0.041037
0.033982
0.033734
0.037587
0.049378
0.061077
0.073656
0.084354
0.089607
0.094672
0.093799
0.096948
0.099724
0.104739
0.113443
0.123306
0.128514
0.137502
0.146842
0.143889
0.133197
0.110887
0.072504
0.016038
-0.035019
-0.070437
-0.090031
-0.094708
-0.087695
-0.084838
-0.085913
-0.076592
-0.063095
-0.051263
-0.049083
-0.059037
-0.082122
-0.111217
-0.122832
-0.117358
-0.100095
-0.084312
-0.065379
-0.054797
-0.051808
-0.051215
-0.052301
-0.051845
-0.052890
-0.048479
-0.043878
-0.040572
-0.034139
-0.025628
-0.017169
-0.008733
-0.001139
0.004654
0.010077
0.018889
0.027386
0.034280
0.038664
0.039073
0.036172
0.033117
0.034162
0.039830
0.049097
0.060078
0.070768
0.078147
0.084143
0.089118
0.093833
0.099088
0.102628
0.106111
0.110409
0.120112
0.126833
0.137971
0.141456
0.144062
0.135142
0.116438
0.073668
0.012447
-0.045299
-0.083789
-0.091512
-0.084067
-0.067390
-0.060826
-0.067110
-0.070394
-0.072685
-0.068727
-0.067961
-0.074065
-0.091006
-0.113631
-0.121189
-0.115978
-0.100087
-0.079313
-0.059704
-0.054026
-0.057141
-0.063320
-0.067490
-0.068733
-0.060850
-0.049541
-0.042305
-0.037939
-0.033632
-0.028237
-0.024435
-0.016624
-0.008033
-0.002526
0.006381
0.014612
0.022851
0.028537
0.033704
0.034353
0.029232
0.026154
0.026770
0.033061
0.043417
0.058444
0.070862
0.077415
0.079513
0.081006
0.082076
0.087043
0.098035
0.108644
0.117790
0.124897
0.132286
0.140282
0.138198
0.135601
0.128777
0.111468
0.074982
0.018749
-0.041306
-0.089842
-0.100717
-0.088624
-0.066883
-0.053900
-0.059561
-0.067272
-0.078256
-0.078290
-0.078961
-0.081839
-0.091708
-0.107045
-0.113233
-0.107883
-0.096855
-0.085316
-0.072611
-0.066078
-0.066232
-0.071046
-0.072282
-0.071889
-0.064307
-0.052761
-0.042398
-0.038819
-0.039586
-0.037666
-0.034116
-0.026452
-0.015102
-0.006995
0.001147
0.007381
0.017124
0.024368
0.029825
0.031386
0.027727
0.025264
0.024792
0.031278
0.039818
0.051027
0.061484
0.071327
0.076398
0.081887
0.084749
0.088725
0.093350
0.099534
0.106343
0.114290
0.120966
0.128750
0.137495
0.139387
0.140131
0.129103
0.098072
0.037168
-0.031498
