0.055299
0.029630
-0.017532
-0.027908
-0.058781
-0.098951
-0.113893
-0.091737
-0.056921
-0.031097
0.003142
-0.004855
-0.041952
-0.034632
-0.033212
-0.036179
-0.032540
-0.021661
0.003952
0.008864
0.036802
0.036136
0.000033
0.002497
0.041717
0.090044
0.127989
0.139144
0.123122
0.070788
0.037774
0.035724
0.013867
0.011009
0.033286
0.029408
0.023848
0.016071
-0.009165
-0.052666
-0.086953
-0.099668
-0.106825
-0.131550
-0.158674
-0.151842
-0.103010
-0.046435
-0.001519
0.011159
-0.011282
-0.044518
-0.067210
-0.033085
0.017769
0.055594
0.113252
0.143305
0.156824
0.171930
0.187216
0.173824
0.111647
0.048248
-0.008035
-0.026989
-0.015268
-0.025131
-0.048965
-0.074280
-0.082225
-0.059828
-0.026489
-0.001951
-0.010687
-0.053525
-0.112115
-0.149379
-0.150142
-0.138889
-0.107894
-0.062791
-0.008242
0.022736
0.025547
0.020655
-0.003384
0.002309
0.014075
0.042604
0.082745
0.106908
0.136690
0.153569
0.149677
0.140314
0.113918
0.067542
-0.005326
-0.049371
-0.044104
-0.019471
0.018868
0.045271
0.033383
-0.021492
-0.098834
-0.118754
-0.119436
-0.115897
-0.112358
-0.119954
-0.117664
-0.103726
-0.059875
-0.022482
-0.014151
0.000663
0.032574
0.084491
0.112214
0.124514
0.119343
0.119404
0.138417
0.148267
0.166138
0.144558
0.086351
-0.006062
-0.135221
-0.183937
-0.158777
-0.105224
0.000113
0.066939
0.085496
0.056876
-0.000652
-0.065388
-0.148677
-0.160139
-0.130243
-0.094547
-0.040706
-0.002896
0.026830
0.020387
0.026201
0.063877
0.049145
0.044881
0.089987
0.110037
0.094836
0.072183
0.065070
0.058150
0.025302
0.043376
0.045181
-0.008154
-0.083900
-0.112699
-0.071483
-0.023930
0.055527
0.084345
0.022378
-0.010267
-0.011703
-0.024354
-0.053118
-0.060407
-0.048451
-0.067367
-0.075524
-0.064716
-0.070998
-0.043075
0.006366
0.059379
0.074057
0.047868
0.014274
0.009023
0.055586
0.081869
0.081818
0.066151
0.013405
0.000860
0.052720
0.103169
0.076316
0.016520
0.003933
-0.017708
-0.021707
0.029611
0.052891
0.010175
-0.000685
0.019521
-0.039485
-0.080298
-0.045344
-0.021866
-0.031054
-0.040609
-0.047067
-0.067713
-0.069005
-0.035879
0.010470
0.017233
0.022243
0.035316
0.006567
-0.014180
-0.017907
-0.019353
0.014756
0.014107
0.005304
0.041530
0.097212
0.149540
0.121071
0.092965
0.051971
-0.015982
0.013543
0.049670
0.059650
0.048382
0.028163
0.005670
-0.031366
-0.022412
-0.007498
-0.043977
-0.043120
-0.044365
-0.061813
-0.081876
-0.093054
-0.071626
-0.082835
-0.066329
-0.029426
-0.001211
0.035683
0.037310
0.069690
0.068544
0.021472
0.027213
0.038739
0.088072
0.154340
0.197622
0.212354
0.136723
0.054902
0.024597
-0.015144
-0.044086
-0.047891
-0.019351
-0.029588
-0.063381
-0.039009
-0.036718
-0.034644
0.005890
0.004696
-0.053242
-0.144822
-0.175584
-0.151888
-0.122551
-0.041548
0.035023
0.050395
0.037191
0.034088
0.030852
-0.038136
-0.060854
-0.002275
0.054304
0.130720
0.180113
0.176781
0.138463
0.099920
0.086083
0.036810
-0.014704
-0.015721
0.019111
0.050298
0.079781
0.059869
-0.008063
-0.093076
-0.159894
-0.159378
-0.129298
-0.099277
-0.083026
-0.058349
-0.045133
-0.079045
-0.088614
-0.062599
-0.048299
-0.009993
0.052321
0.078554
0.067744
0.084204
0.129430
0.136076
0.132673
0.163922
0.190480
0.150763
0.087451
0.004382
-0.117382
-0.183587
-0.161786
-0.138072
-0.113900
-0.022083
0.078831
0.091192
0.066638
0.020517
-0.076700
-0.162111
-0.166059
-0.119729
-0.089432
-0.050971
0.013046
0.035289
0.015965
0.021606
0.021581
0.005387
0.016996
0.025085
0.035292
0.069401
0.117454
0.123882
0.111776
0.095664
0.072331
0.059838
0.017145
-0.033581
-0.090289
-0.130374
-0.108477
-0.051834
0.010048
0.025195
0.017634
-0.010245
-0.084496
-0.129985
-0.141718
-0.138319
-0.103439
-0.074040
-0.042105
-0.025889
-0.017768
0.002057
0.026086
0.040436
0.040575
0.065613
0.088179
0.099775
0.095133
0.064907
0.060830
0.031328
0.026735
0.044166
0.002688
-0.030649
-0.072334
-0.096104
-0.069447
-0.014951
0.054873
0.051948
0.017123
-0.006724
-0.040626
-0.065339
-0.077177
-0.050573
-0.046985
-0.060218
-0.042985
-0.038561
-0.033986
-0.022221
-0.031845
-0.067342
-0.078355
-0.011615
0.035451
0.051555
0.063671
0.054740
0.028174
-0.015421
-0.006470
0.045714
0.092506
0.148005
0.184165
0.124410
-0.012531
-0.092571
-0.119550
-0.104137
-0.021716
0.053382
0.076068
0.047378
-0.014331
-0.083884
-0.133895
-0.135202
-0.094081
-0.061545
-0.029477
-0.014415
-0.019587
-0.025072
-0.015224
-0.008024
-0.000229
0.030485
0.022867
-0.015108
-0.015425
-0.003087
0.003911
0.003548
0.027137
0.082612
0.090733
0.110406
0.119164
0.053077
-0.019289
-0.022928
0.023529
0.043057
0.072797
0.097181
0.038031
-0.010494
-0.031266
-0.038749
-0.049116
-0.038124
-0.009367
-0.050678
-0.081394
-0.116950
-0.158089
-0.132787
-0.094755
-0.025207
0.015778
0.019556
0.017750
-0.004983
0.020123
0.037897
0.027728
0.060002
0.081756
0.088583
0.124746
0.183488
0.180221
0.129267
0.101610
-0.005277
-0.092672
-0.108822
-0.109285
-0.064851
-0.013118
0.057246
0.099642
0.066120
0.019046
-0.058365
-0.108782
-0.128163
-0.142765
-0.110579
-0.090687
-0.074564
-0.054751
-0.026048
0.024303
0.030330
0.013737
-0.014996
-0.053312
-0.050733
-0.008211
0.067050
0.123400
0.153837
0.161458
0.122060
0.108072
0.099040
0.070009
0.051665
-0.028531
-0.090997
-0.070096
-0.016773
0.032547
0.075199
0.071094
-0.002078
-0.103523
-0.174322
-0.211806
-0.205192
-0.140599
-0.050166
-0.002718
0.010269
-0.001087
-0.030478
-0.038593
-0.011547
0.027628
0.059765
0.061538
0.063690
0.068548
0.072948
0.079764
0.080838
0.100147
0.094647
0.075747
0.037958
-0.050424
-0.112455
-0.117913
-0.054936
0.011431
0.018363
0.014865
-0.008220
-0.045261
-0.036147
-0.034644
-0.074996
-0.111657
-0.108028
-0.095468
-0.107497
-0.073866
-0.043357
-0.051566
-0.024796
-0.004254
0.007100
0.027261
0.042044
0.063629
0.062676
0.076465
0.085015
0.070961
0.091197
0.138645
0.182205
0.115333
-0.016109
-0.133032
-0.228321
-0.183836
-0.068413
0.036158
0.078042
0.040435
-0.006914
-0.070527
-0.133952
-0.144825
-0.126572
-0.104316
-0.071345
-0.018783
-0.011442
-0.064239
-0.077888
-0.051090
-0.036316
-0.010481
0.058129
0.119308
0.093849
0.050984
-0.006362
-0.081837
-0.099248
-0.033480
0.056007
0.135931
0.164980
0.099573
-0.006831
-0.066155
-0.079889
-0.057511
0.009255
0.054300
0.051479
0.018504
-0.019256
-0.044242
-0.088570
-0.102995
-0.092725
-0.100879
-0.114772
-0.106321
-0.072932
-0.029043
0.011969
0.016996
-0.030549
-0.076979
-0.072472
-0.039185
0.015262
0.057112
0.069532
0.030828
-0.015328
-0.011859
0.033517
0.066123
0.065605
0.064909
0.042040
-0.011282
-0.040662
-0.043200
-0.039159
0.001296
0.033599
0.041270
0.024986
0.000391
0.001331
-0.014928
-0.039646
-0.063837
-0.082506
-0.116954
-0.131922
-0.070872
-0.019856
-0.015427
-0.041968
-0.086507
-0.105127
-0.090524
-0.061535
-0.022077
-0.001829
0.033358
0.088304
0.117377
0.098093
0.071958
0.067474
0.078758
0.066791
0.040293
0.039757
0.058318
0.053131
0.019970
0.004941
-0.048750
-0.108529
-0.080588
-0.033123
-0.032535
-0.030354
0.001351
-0.015372
-0.062442
-0.080215
-0.122131
-0.163205
-0.137811
-0.059738
-0.012454
0.005950
0.038774
0.023748
-0.049232
-0.078181
-0.054857
-0.030736
0.016236
0.102833
0.163037
0.176255
0.165787
0.136693
0.085584
0.045952
0.041867
0.021653
-0.014206
-0.021688
0.009113
0.037192
0.017245
-0.000632
-0.053219
-0.130577
-0.132270
-0.099869
-0.078636
-0.064298
-0.054664
-0.088746
-0.123010
-0.109036
-0.080561
-0.027693
0.040589
0.091180
0.111582
0.086249
0.075736
0.065364
0.029784
0.048056
0.077263
0.115213
0.144791
0.163929
0.145546
0.045173
-0.049327
-0.115769
-0.135553
-0.089659
-0.014895
0.047485
0.049705
0.022261
-0.031582
-0.087489
-0.090171
-0.073105
-0.037059
-0.024528
-0.047158
-0.082849
-0.121458
-0.112909
-0.072737
0.011295
0.098448
0.130773
0.152379
0.139859
0.096571
0.055367
0.058022
0.091712
0.107043
0.142167
0.196728
0.199003
0.143653
0.046490
-0.093702
-0.247055
-0.288938
-0.204105
-0.071934
0.084376
0.185338
0.189625
0.103217
-0.021927
-0.107662
-0.173848
-0.168729
-0.107866
-0.044319
-0.001954
-0.009737
-0.010443
-0.028926
-0.044839
0.001516
0.080472
0.127395
0.130917
0.122885
0.102410
0.055029
0.029827
0.030613
0.060745
0.130433
0.170461
0.156060
0.067846
-0.027934
-0.062404
-0.020630
0.047416
0.039908
-0.014049
-0.042163
-0.076845
-0.071897
-0.037428
-0.029175
-0.033351
-0.025039
-0.003688
-0.015769
-0.029382
-0.023655
-0.023672
0.014213
0.034550
0.044482
0.060048
0.070400
0.073014
0.015602
-0.028058
-0.000337
0.021156
0.061692
0.144280
0.180253
0.158298
0.097974
0.036802
-0.035805
-0.064839
-0.010303
0.033480
0.066898
0.096639
0.082585
0.050542
0.019880
-0.004432
-0.042890
-0.092492
-0.102757
-0.085889
-0.055217
-0.009689
0.013457
0.013953
-0.006928
-0.030655
-0.029613
0.007947
0.052967
0.065338
0.055753
0.047484
0.024709
0.021567
0.049536
0.073134
0.091394
0.111960
0.127469
0.088219
0.039499
0.029520
0.025945
0.033330
0.083011
0.115029
0.094521
0.072299
0.050096
0.012991
-0.025528
-0.058549
-0.085635
-0.105892
-0.098037
-0.056478
-0.022667
-0.028905
-0.063446
-0.098881
-0.108693
-0.070717
-0.001454
0.060283
0.069161
0.042383
0.023789
0.017703
0.041148
0.083650
0.135127
0.173285
0.195384
0.228093
0.186848
0.110151
0.033088
-0.043395
-0.078907
-0.078753
-0.047119
-0.011891
0.031465
0.069066
0.091907
0.067460
-0.006712
-0.066837
-0.113571
-0.141076
-0.111205
-0.092900
-0.094742
-0.090551
-0.058092
-0.013027
-0.011818
0.015369
0.019671
-0.018014
0.004587
0.048242
0.083433
0.108532
0.137104
0.165673
0.158711
0.178304
0.188749
0.114215
0.044447
-0.000433
-0.036751
-0.009552
0.037651
0.027635
-0.031733
-0.075593
-0.082033
-0.081644
-0.058758
-0.025685
-0.015415
-0.037102
-0.059156
-0.076942
-0.129741
-0.152794
-0.124737
-0.070407
0.014218
0.098534
0.142851
0.120617
0.059677
0.012508
-0.030489
-0.036831
0.030540
0.114192
0.168070
0.204330
0.198471
0.126725
0.015239
-0.085485
-0.133203
-0.137933
-0.109337
-0.074354
-0.036355
-0.006155
0.020860
0.051419
0.022742
-0.035394
-0.067157
-0.083268
-0.088531
-0.108624
-0.121720
-0.113839
-0.100954
-0.035703
0.030653
0.066671
0.095613
0.115868
0.118941
0.095015
0.067856
0.031434
-0.005946
0.028830
0.072445
0.106039
0.120352
0.077026
-0.017939
-0.127405
-0.193856
-0.201548
-0.141054
-0.006595
0.083962
0.091610
0.051499
-0.007226
-0.076643
-0.139518
-0.124339
-0.085851
-0.071963
-0.030898
-0.003633
-0.006460
-0.045074
-0.062633
-0.088691
-0.114738
-0.051697
0.000319
0.011645
0.027981
0.036800
0.045166
0.038592
0.031617
0.019080
0.008895
0.062888
0.094666
0.080021
0.016507
-0.052253
-0.079984
-0.095882
-0.032681
0.030018
0.016930
0.013522
-0.025213
-0.073099
-0.106404
-0.109301
-0.087581
-0.096836
-0.091524
-0.084093
-0.076998
-0.044293
-0.016930
0.014131
-0.003784
-0.014628
-0.013687
-0.073559
-0.086306
-0.049905
-0.031344
-0.024237
-0.001695
0.013815
-0.014792
-0.001488
0.058731
0.084972
0.075998
0.030767
-0.008317
-0.044503
-0.047454
0.005694
0.027769
0.026226
0.039459
0.012279
-0.041172
-0.049132
-0.041344
-0.060151
-0.093739
-0.119962
-0.134562
-0.149160
-0.136456
-0.104017
-0.094710
-0.109681
-0.096255
-0.056447
-0.013876
0.029318
0.014642
-0.018477
-0.018889
-0.015467
-0.003862
0.002108
0.067348
0.141284
0.140341
0.119278
0.082815
0.011539
-0.068249
-0.097087
-0.061492
-0.025377
0.027291
0.056080
0.036497
0.000886
-0.034060
-0.063968
-0.140549
-0.168742
-0.120451
-0.100910
-0.100094
-0.117400
-0.130114
-0.165143
-0.163957
-0.084818
-0.018264
0.007780
0.019617
-0.001123
-0.033420
-0.021761
0.029948
0.086836
0.107770
0.123864
0.138184
0.157561
0.166548
0.117932
0.049676
-0.020010
-0.085957
-0.111260
-0.086071
-0.082554
-0.072154
-0.024260
0.002624
-0.015910
-0.046277
-0.074087
-0.109518
-0.122115
-0.093549
-0.100980
-0.141632
-0.138892
-0.116989
-0.088787
-0.046213
0.012959
0.040379
0.030247
0.045043
0.051643
0.035556
0.010933
0.026851
0.077323
0.137318
0.208618
0.216428
0.120143
0.002370
-0.086920
-0.145922
-0.156490
-0.095370
-0.012938
0.023372
0.041772
0.029024
-0.013084
-0.079459
-0.130283
-0.119252
-0.117697
-0.097577
-0.051133
-0.034753
-0.026134
-0.007977
-0.000878
-0.020371
-0.012751
0.050805
0.084091
0.096336
0.104762
0.081676
0.057766
0.042081
0.033129
0.017840
0.013075
0.046803
0.047027
-0.018753
-0.085868
-0.084426
-0.044651
0.016153
0.082784
0.076489
0.000608
-0.055039
-0.060439
-0.045114
-0.034634
-0.015458
0.010147
-0.008977
-0.043048
-0.059415
-0.086085
-0.081192
-0.037774
-0.010874
0.010749
0.031577
0.049913
0.056245
0.046701
0.055698
0.064567
0.067102
0.039311
0.015210
0.037334
0.068362
0.107407
0.082967
0.018015
-0.013608
-0.044129
-0.039864
-0.027481
-0.007806
0.016567
0.023760
0.043748
0.054174
0.048909
0.044703
0.011616
-0.037753
-0.074255
-0.101794
-0.090786
-0.050995
-0.009058
0.007533
-0.030668
-0.064387
-0.058195
-0.061083
-0.050156
0.007898
0.064826
0.085297
0.091839
0.072157
0.022745
0.024718
0.078056
0.124606
0.157239
0.152126
0.115946
0.069386
0.048751
0.034575
0.014990
0.005175
-0.021697
-0.053277
-0.052300
-0.015701
0.045884
0.066820
0.061671
0.031650
-0.034221
-0.082099
-0.092463
-0.070750
-0.077973
-0.090333
-0.084644
-0.065667
-0.015846
0.037599
0.065678
0.029222
-0.011831
0.012378
0.024186
0.057433
0.111046
0.151690
0.180183
0.189445
0.209467
0.155143
0.074481
0.044691
0.015526
0.009337
0.058616
0.078913
0.030802
-0.021057
-0.075686
-0.122561
-0.137866
-0.084810
-0.006545
0.016157
0.005656
-0.026633
-0.091492
-0.143055
-0.124371
-0.077746
-0.024665
0.065528
0.138657
0.134909
0.104133
0.066920
0.022730
0.029012
0.095141
0.127959
0.131109
0.162755
0.190657
0.166541
0.081622
0.012049
-0.026033
-0.059564
-0.043127
-0.002115
0.001109
-0.007772
0.010013
0.030024
0.013574
-0.013755
-0.046416
-0.101630
-0.141881
-0.127612
-0.099136
-0.082988
-0.051032
-0.008567
0.023134
0.053555
0.105508
0.131160
0.109976
0.090622
0.078381
0.071982
0.098930
0.125652
0.130398
0.160079
0.175988
0.162018
0.082893
-0.041049
-0.157455
-0.211216
-0.172567
-0.078675
0.053477
0.155235
0.175232
0.114180
0.003606
-0.090951
-0.140397
-0.140683
-0.078251
-0.025852
-0.006042
-0.010124
-0.048993
-0.085827
-0.090440
-0.035607
0.047251
0.123127
0.154641
0.095818
0.046213
0.044173
0.057178
0.070821
0.067722
0.096613
0.109028
0.122900
0.131868
0.060059
-0.025260
-0.078192
-0.045157
-0.015474
-0.017239
0.034343
0.042645
0.006089
-0.025575
-0.059317
-0.086206
-0.113396
-0.069669
-0.021054
-0.025446
-0.003969
-0.003097
-0.010275
-0.015078
-0.003023
0.032086
0.020216
0.033204
0.041267
0.010628
0.009972
0.012119
0.033642
0.002056
-0.008516
0.087194
0.146563
0.159007
0.163076
0.102343
-0.009400
-0.077908
-0.056300
-0.035295
0.005769
0.101428
0.096006
0.049569
-0.001465
-0.064856
-0.087673
-0.105407
-0.060750
-0.049085
-0.086053
-0.104556
-0.140766
-0.107858
-0.060572
-0.013452
0.042204
0.030735
0.026884
0.020617
0.016207
0.024284
-0.005180
0.030644
0.052353
0.054642
0.102522
0.115707
0.127176
0.095571
0.056382
0.022422
-0.043162
-0.021142
0.035405
0.066700
0.064463
0.048099
0.054179
-0.002044
-0.055836
-0.088007
-0.132970
-0.145000
-0.146966
-0.135852
-0.131644
-0.111802
-0.051980
-0.026895
-0.001998
0.000068
-0.032146
-0.053147
-0.051946
-0.006096
0.033781
0.067573
0.103911
0.115948
0.151234
0.167632
0.162160
0.151816
0.132699
0.076081
-0.021384
-0.094708
-0.136276
-0.121472
-0.071029
-0.005864
0.042735
0.044752
0.027034
-0.003911
-0.058527
-0.110552
-0.152675
-0.179913
-0.203546
-0.198329
-0.141115
-0.069651
-0.021341
0.002936
0.029018
0.020349
-0.022387
-0.030446
-0.015805
-0.000864
0.053547
0.122146
0.133870
0.122272
0.134523
0.162151
0.118028
0.049683
0.005016
-0.111206
-0.187500
-0.137434
-0.031396
0.022195
0.019189
0.031904
-0.006700
-0.075204
-0.109497
-0.131832
-0.156507
-0.168679
-0.128454
-0.086696
-0.061865
-0.017526
0.006007
-0.012112
-0.019361
0.012039
0.025743
0.024203
0.074644
0.108505
0.093331
0.077244
0.060255
-0.013922
-0.072206
-0.013640
0.063960
0.031269
-0.031371
-0.043531
-0.073342
-0.052342
0.018532
0.033553
-0.028104
-0.080745
-0.075547
-0.087100
-0.100920
-0.050193
-0.019162
-0.036378
-0.048559
-0.069874
-0.132767
-0.190786
-0.168419
-0.108667
-0.029236
0.073536
0.132863
0.127449
0.081069
0.049309
-0.002338
-0.055699
-0.034535
-0.006739
0.053504
0.109393
0.086688
0.059506
0.002346
-0.058802
-0.072261
-0.076379
-0.045555
-0.033517
-0.021791
-0.000526
-0.011821
-0.020013
-0.050909
-0.072358
-0.064175
-0.049409
-0.036523
-0.066372
-0.057394
-0.064079
-0.112021
-0.085629
-0.064179
-0.053386
-0.047014
-0.040894
0.003563
-0.000704
0.013589
0.048026
0.035510
0.005952
-0.005448
0.026046
0.062079
0.105640
0.147962
0.115736
0.037518
-0.004841
-0.006092
-0.002397
-0.011312
-0.027803
-0.071330
-0.103917
-0.102512
-0.068929
-0.063867
-0.064011
-0.034892
-0.032079
-0.055665
-0.081684
-0.116530
-0.156206
-0.150570
-0.081334
-0.013733
0.012275
0.016332
0.021854
0.025166
-0.006590
-0.021527
-0.013832
-0.006461
0.035921
0.122707
0.202040
0.172645
0.094259
0.042870
-0.029962
-0.074945
-0.046533
0.018088
0.056123
0.043294
0.044281
-0.001722
-0.094615
-0.117330
-0.092463
-0.076011
-0.079660
-0.090796
-0.122719
-0.183184
-0.176581
-0.120779
-0.058036
0.024327
0.097760
0.135417
0.087958
0.027311
0.020244
-0.007427
0.015153
0.103205
0.152131
0.199377
0.240534
0.210837
0.107377
-0.041608
-0.142740
-0.205541
-0.200899
-0.106980
-0.004060
0.077328
0.100724
0.085957
0.027839
-0.047467
-0.090694
-0.115666
-0.120304
-0.125741
-0.127517
-0.097760
-0.073647
-0.040739
-0.019966
-0.007391
0.031732
0.056122
0.071859
0.070387
0.068244
0.086579
0.097721
0.115322
0.118665
0.122779
0.139206
0.138208
0.089591
-0.002072
-0.062881
-0.093445
-0.065831
-0.002247
-0.001573
-0.008510
-0.038458
-0.064854
-0.069569
-0.082045
-0.058107
-0.053901
-0.074373
-0.070371
-0.059864
-0.047568
-0.034036
0.012311
0.040243
0.008002
0.010404
0.043004
0.087951
0.130668
0.144546
0.116906
0.027117
-0.003747
-0.013696
-0.008385
0.085913
0.134384
0.123306
0.064062
0.005074
-0.011135
-0.036045
0.021219
0.069635
0.025113
-0.001650
-0.025897
-0.029461
-0.062713
-0.041331
0.017434
-0.021138
-0.045819
-0.070305
-0.099254
-0.088515
-0.038456
0.026686
0.024735
0.040750
0.081381
0.065807
0.047516
0.049543
0.055615
0.024967
0.017410
0.060770
0.083814
0.127686
0.171425
0.140939
0.065159
-0.022957
-0.059414
-0.062172
-0.030991
0.036765
0.068846
0.077833
0.058488
0.026240
-0.000636
-0.052291
-0.060595
-0.051278
-0.057502
-0.058092
-0.058657
-0.058785
-0.062537
-0.011251
0.043425
0.020270
-0.025131
-0.053374
-0.042734
0.016007
0.097770
0.120046
0.076576
0.067133
0.070506
0.103470
0.157810
0.197731
0.195181
0.104305
0.020537
-0.001169
-0.007179
0.018017
0.056088
0.031048
-0.040336
-0.081711
-0.070203
-0.066649
-0.085351
-0.070609
-0.059127
-0.070421
-0.041391
-0.007908
-0.037725
-0.072205
-0.054597
-0.032114
-0.026905
0.014877
0.064386
0.070494
0.090499
0.149784
0.157991
0.099048
0.065020
0.066668
0.074781
0.069139
0.067295
0.029234
-0.049364
-0.046856
-0.002274
0.028440
0.044372
0.073577
0.075564
0.021864
-0.031760
-0.076872
-0.131169
-0.161225
-0.151158
-0.131698
-0.113643
-0.059830
0.004795
0.024637
0.027043
0.040935
0.025177
0.011094
0.062922
0.112224
0.112762
0.121744
0.137026
0.147469
0.158735
0.170670
0.153172
0.073590
-0.026051
-0.084117
-0.110943
-0.143740
-0.104600
-0.023532
0.012659
0.024561
0.012365
-0.030792
-0.090188
-0.119357
-0.128079
-0.125683
-0.098849
-0.056364
-0.035025
-0.022459
-0.000923
0.009765
0.008095
0.019371
0.060664
0.100768
0.104328
0.078937
0.060005
0.064767
0.057091
0.053469
0.069386
0.090761
0.043236
-0.027675
-0.039864
-0.042419
-0.025302
0.040978
0.033758
-0.018016
-0.025782
-0.020035
-0.050767
-0.110645
-0.115420
-0.101656
-0.114711
-0.088632
-0.058549
-0.063481
-0.082044
-0.046900
0.004434
0.018959
0.061658
0.081487
0.060773
0.058702
0.073192
0.070344
0.030577
0.046897
0.103073
0.110363
0.095868
0.060190
0.001951
-0.043923
-0.023059
0.035903
0.030980
-0.007265
-0.018123
-0.025374
-0.041162
-0.067295
-0.103338
-0.167722
-0.177543
-0.112846
-0.072564
-0.061632
-0.053377
-0.042562
-0.038457
-0.031894
-0.014036
0.001863
0.013632
0.047136
0.086689
0.083194
0.070610
0.058954
0.032526
0.029333
0.097651
0.146770
0.098670
0.032804
-0.025569
-0.071700
-0.051395
0.013376
0.047859
0.030340
0.027224
0.033977
-0.029541
-0.102916
-0.135107
-0.172741
-0.173718
-0.121080
-0.072315
-0.070792
-0.083541
-0.047416
-0.013592
0.003606
0.034443
0.022922
-0.020335
-0.004367
0.035824
0.058659
0.043924
0.079250
0.145938
0.166138
0.180146
0.132763
0.038950
-0.040257
-0.090294
-0.048887
-0.009796
-0.004570
0.006798
-0.004627
-0.015502
-0.042588
-0.049444
-0.065888
-0.126230
-0.156135
-0.167230
-0.161336
-0.124217
-0.057542
0.012358
0.031349
0.024895
0.020004
0.010366
0.009203
0.033279
0.073186
0.083561
0.062642
0.057668
0.068310
0.062327
0.063752
0.066420
0.029527
-0.018189
-0.042971
-0.052086
-0.032186
0.011970
0.052854
0.047710
-0.003241
-0.028752
-0.039521
-0.082300
-0.107873
-0.110130
-0.117248
-0.125298
-0.103245
-0.044567
-0.019048
-0.019136
-0.017506
-0.019447
-0.017434
0.012772
0.086789
0.107735
0.080455
0.086696
0.077230
0.092389
0.146839
0.175094
0.131004
0.028179
-0.040684
-0.086097
-0.114694
-0.067524
-0.029101
-0.012098
0.008861
0.010290
-0.028797
-0.117008
-0.149504
-0.128309
-0.101271
-0.056009
-0.029707
-0.039676
-0.079965
-0.082991
-0.036898
-0.019564
0.008135
0.050330
0.088512
0.115092
0.111191
0.094810
0.014516
-0.020471
0.030184
0.037799
0.088137
0.125595
0.095235
0.045328
-0.018431
-0.027461
-0.048273
-0.038871
0.013097
0.004719
-0.012786
-0.021193
-0.038157
-0.083027
-0.112182
-0.092930
-0.115438
-0.129051
-0.084792
-0.030717
-0.022829
-0.036187
-0.018525
-0.003872
0.006544
0.051232
0.096866
0.101860
0.107194
0.104629
0.050777
0.041940
0.096829
0.128805
0.105000
0.064610
0.007210
-0.069555
-0.066160
-0.006999
0.010278
0.001193
0.015853
0.030369
-0.022191
-0.073735
-0.104472
-0.164875
-0.180192
-0.137013
-0.085998
-0.051692
-0.031825
0.008886
0.010257
-0.016967
0.000859
0.022716
0.043702
0.070695
0.091731
0.123086
0.090188
0.040593
0.042916
0.063320
0.109452
0.115766
0.046091
-0.026155
-0.070668
-0.056137
0.007345
0.057893
0.061222
0.031599
-0.003145
-0.037695
-0.085137
-0.111284
-0.108501
-0.111199
-0.107707
-0.088638
-0.070361
-0.045482
-0.036572
-0.036029
-0.052795
-0.051686
-0.001744
0.079447
0.144437
0.125305
0.083396
0.080278
0.064080
0.069989
0.109964
0.158229
0.128670
0.031560
-0.013369
-0.058965
-0.066628
-0.007738
0.018439
0.020976
-0.000661
0.008487
0.000784
-0.066625
-0.105221
-0.119538
-0.155362
-0.177423
-0.142727
-0.066254
-0.019313
0.040224
0.076222
0.040228
0.017515
0.000687
0.008710
0.048725
0.060440
0.074718
0.083769
0.069407
0.065857
0.088622
0.113312
0.096441
0.047141
0.009523
-0.018879
-0.038501
-0.017222
0.035810
0.051431
0.016801
-0.013516
-0.041783
-0.077814
-0.091087
-0.104042
-0.114928
-0.095026
-0.060998
-0.024543
-0.028093
-0.051486
-0.075429
-0.091993
-0.047982
0.016747
0.077856
0.106222
0.117203
0.131336
0.106463
0.092080
0.098767
0.087665
0.100835
0.110583
0.054147
-0.039757
-0.086705
-0.036137
0.023609
0.031494
0.016947
-0.017382
-0.064173
-0.080219
-0.052220
-0.042479
-0.087576
-0.115989
-0.116276
-0.105166
-0.081840
-0.057892
-0.033770
-0.040025
-0.029339
0.016668
0.069903
0.104546
0.124023
0.129296
0.100869
0.039376
-0.001467
-0.021651
-0.010283
0.079859
0.150841
0.140369
0.076996
0.019865
-0.014807
-0.040398
-0.018768
0.016287
-0.007763
-0.054281
-0.069439
-0.078838
-0.090072
-0.074043
-0.050797
-0.053885
-0.062311
-0.041839
-0.049137
-0.094985
-0.107345
-0.089978
-0.059772
-0.018388
0.069488
0.153596
0.153864
0.123310
0.095772
0.055344
0.028858
0.053033
0.120132
0.137202
0.083830
0.032470
-0.020239
-0.057198
-0.076929
-0.078934
-0.042854
-0.017209
0.007907
0.005213
-0.037555
-0.058632
-0.070039
-0.068546
-0.070978
-0.093139
-0.108756
-0.132886
-0.139946
-0.086133
0.015670
0.099353
0.128188
0.133380
0.107750
-0.002527
-0.089193
-0.084634
-0.033753
0.034909
0.113097
0.199676
0.199933
0.130690
0.078659
-0.003190
-0.077288
-0.088874
-0.057707
-0.028182
-0.002831
0.028888
0.008815
-0.045059
-0.081724
-0.070067
-0.050888
-0.072880
-0.081555
-0.128285
-0.169028
-0.124467
-0.088436
-0.045157
0.018557
0.072118
0.096471
0.093300
0.092413
0.042505
-0.003857
0.013200
0.049289
0.101689
0.146321
0.160401
0.127562
0.017469
-0.069913
-0.108437
-0.131483
-0.109496
-0.037944
0.044769
0.053662
0.034675
0.019256
-0.049472
-0.088538
-0.063807
-0.037189
-0.078230
-0.154931
-0.159306
-0.110208
-0.059787
-0.000166
0.041990
0.028012
-0.004063
0.043852
0.105903
0.083107
0.036246
0.011809
0.030713
0.071114
0.141386
0.197148
0.142076
0.055810
-0.002456
-0.062288
-0.061320
-0.014135
0.012989
-0.007335
-0.051136
-0.068737
-0.087146
-0.097189
-0.090494
-0.075892
-0.087941
-0.111851
-0.071443
-0.039283
-0.032397
-0.013177
0.003179
0.003916
0.006418
0.052074
0.099233
0.084333
0.023610
-0.016378
-0.014227
0.029371
0.075427
0.118227
0.128432
0.092011
0.083952
0.084408
0.030776
-0.018241
-0.068467
-0.089427
-0.084387
-0.049814
0.010881
0.008101
0.006544
0.001487
-0.047458
-0.106772
-0.145738
-0.122089
-0.122624
-0.109163
-0.026877
0.028173
0.059625
0.076915
0.104051
0.108391
0.072885
0.085716
0.072465
0.042700
0.065158
0.120929
0.145733
0.094436
0.062121
-0.001549
-0.104970
-0.121703
-0.089749
-0.034066
0.028996
0.068572
0.110149
0.072440
0.015594
-0.017956
-0.092886
-0.144741
-0.170718
-0.159817
-0.126825
-0.087740
-0.018311
0.014661
0.033750
0.040089
0.023244
0.037160
0.056539
0.079234
0.089968
0.067751
0.057963
0.058272
0.087870
0.116823
0.113720
0.067021
0.003762
0.002385
0.024525
0.032576
0.025830
-0.028307
-0.082054
-0.097139
-0.076625
-0.028103
-0.004213
-0.002733
-0.023634
-0.061106
-0.079295
-0.092102
-0.086567
-0.063409
-0.040667
-0.019128
0.013409
0.061607
0.106476
0.116286
0.082956
0.000782
-0.051183
-0.018048
0.027994
0.083867
0.143823
0.135907
0.108177
0.109314
0.090713
0.018906
-0.054120
-0.062208
-0.051501
-0.039170
-0.002007
0.053163
0.077644
0.029985
-0.054627
-0.138447
-0.207442
-0.203758
-0.132030
-0.050791
-0.000350
-0.003435
-0.002109
0.020630
0.043472
0.085810
0.113018
0.077513
0.024530
0.010415
0.031322
0.067481
0.123785
0.141103
0.131974
0.081426
-0.008686
-0.082424
-0.137007
-0.089209
0.010184
0.076376
0.095913
0.078953
0.048644
-0.015280
-0.048939
-0.066067
-0.125304
-0.152739
-0.129975
-0.102680
-0.092789
-0.085831
-0.057635
-0.041274
-0.014055
0.048040
0.075272
0.080004
0.080841
0.075497
0.058215
0.034332
0.052300
0.120725
0.166964
0.163951
0.122735
0.078343
0.034902
-0.039271
-0.101977
-0.149796
-0.158547
-0.102614
0.010728
0.115651
0.115534
0.041454
-0.035947
-0.126173
-0.180679
-0.182887
-0.132910
-0.074365
-0.049083
0.003355
0.044565
0.049625
0.043225
0.038748
0.032905
-0.002390
0.000308
0.041864
0.051568
0.073689
0.122321
0.161811
0.145599
0.089476
0.043315
-0.043709
-0.098053
-0.080692
-0.041691
-0.027420
-0.003439
0.041784
0.021756
-0.029096
-0.060129
-0.093418
-0.149481
-0.185720
-0.144299
-0.083012
-0.056508
-0.025271
-0.010888
-0.025760
0.000159
0.048046
0.092431
0.104047
0.111520
0.093786
0.045253
0.044101
0.036658
0.029420
0.087675
0.107324
0.040638
-0.035279
-0.078447
-0.057864
-0.020149
0.042929
0.086464
0.044120
-0.006829
-0.049723
-0.089414
-0.103259
-0.091582
-0.056392
-0.070760
-0.088759
-0.078745
-0.108892
-0.140116
-0.148135
-0.118240
-0.064155
0.034736
0.187005
0.244487
0.183457
0.092288
0.002315
-0.070099
-0.075259
0.022267
0.112207
0.110014
0.101144
0.092882
0.045027
-0.026094
-0.073761
-0.080961
-0.092377
-0.094302
-0.040301
0.008645
0.021418
0.029560
0.020135
-0.027976
-0.088818
-0.123011
-0.136602
-0.118557
-0.054980
-0.028757
-0.025025
-0.035451
-0.043575
-0.030316
-0.033654
-0.020610
-0.008345
0.040948
0.077178
0.053128
0.068177
0.103687
0.131281
0.128146
0.085525
0.025708
-0.030919
-0.041515
0.007535
0.031497
0.034184
0.017381
0.016400
-0.018923
-0.083592
-0.093362
-0.130158
-0.122042
-0.069839
-0.024697
0.006599
-0.002344
-0.013694
-0.055083
-0.110809
-0.128975
-0.094876
-0.002224
0.085569
0.092500
0.068638
0.024947
0.006387
-0.003275
0.029700
0.114725
0.165073
0.178435
0.125939
0.033142
-0.057993
-0.120040
-0.092888
-0.065397
-0.030859
0.043606
0.074648
0.074382
0.020548
-0.051695
-0.114910
-0.195879
-0.203402
-0.166565
-0.120384
-0.071089
-0.023348
0.030894
0.027867
0.040766
0.066605
0.045732
0.038922
0.036528
0.046680
0.065654
0.102604
0.165040
0.167397
0.143835
0.104359
0.060784
-0.010408
-0.129445
-0.171372
-0.151659
-0.107376
-0.037265
0.047683
0.106604
0.089545
0.045804
-0.012149
-0.099235
-0.164706
-0.176096
-0.141533
-0.122192
-0.083625
-0.008915
-0.002036
0.000460
0.033251
0.050704
0.054941
0.071338
0.122250
0.124169
0.069791
0.085100
0.131684
0.174682
0.159405
0.090123
0.013229
-0.090862
-0.127034
-0.069645
-0.024340
-0.025056
-0.009535
0.019987
-0.007149
-0.062914
-0.081378
-0.112939
-0.149852
-0.127193
-0.069082
-0.034871
-0.013977
0.026895
0.010222
-0.031658
-0.049316
-0.041054
0.011670
0.099352
0.183141
0.196299
0.111877
0.068178
0.026390
-0.031290
0.000540
0.038244
0.025543
0.000524
0.042874
0.076189
0.030257
0.017596
0.021699
0.003721
-0.027069
-0.022898
-0.011076
-0.060771
-0.077819
-0.049992
-0.066545
-0.076950
-0.059760
-0.031096
-0.030376
-0.022211
0.006329
-0.014579
0.022548
0.084770
0.101587
0.086007
0.058504
0.061899
0.029045
0.005393
0.041898
0.051780
0.067360
0.070889
0.073482
0.037086
-0.031236
0.003514
0.038072
0.012133
-0.000148
-0.012045
-0.016679
-0.039905
-0.013832
0.036014
0.002391
-0.021839
-0.046080
-0.067929
-0.074442
-0.083156
-0.043712
-0.019787
-0.027587
-0.009519
-0.003494
-0.027178
-0.079174
-0.056822
0.020504
0.058757
0.074273
0.074566
0.086597
0.118338
0.143694
0.155162
0.093804
0.005540
-0.018916
0.001671
0.069368
0.094234
0.078826
0.059507
-0.011816
-0.066046
-0.095250
-0.110185
-0.102853
-0.082569
-0.042834
-0.041931
-0.058290
-0.066346
-0.101706
-0.128477
-0.128334
-0.068555
0.007307
0.049143
0.077921
0.082497
0.043130
-0.029598
-0.018802
0.048316
0.110307
0.175559
0.188507
0.146426
0.047429
-0.011671
-0.020708
-0.000581
0.062808
0.088600
0.062876
-0.006955
-0.048940
-0.045015
-0.041321
-0.022111
-0.029164
-0.073302
-0.158580
-0.234548
-0.227168
-0.184222
-0.118253
-0.029995
0.037786
0.072261
0.059195
0.072477
0.079922
0.062725
0.077232
0.102550
0.119595
0.131341
0.159085
0.183910
0.172988
0.087902
-0.051872
-0.166150
-0.233440
-0.236595
-0.145081
0.007196
0.131075
0.173256
0.109576
0.004339
-0.086441
-0.160164
-0.182033
-0.187278
-0.179642
-0.153331
-0.124302
-0.024974
0.069978
0.117590
0.125184
0.093122
0.076006
0.032436
-0.004129
0.037992
0.072515
0.113437
0.148159
0.187496
0.196077
0.102718
-0.024870
-0.190589
-0.295045
-0.225464
-0.077888
0.074588
0.117923
0.084198
0.033147
-0.065415
-0.126984
-0.160319
-0.162063
-0.127035
-0.061387
0.043757
0.054122
0.013296
-0.012152
-0.038513
-0.033221
-0.033168
0.018461
0.067122
0.109228
0.168763
0.161184
0.094301
0.002297
-0.070735
-0.106416
-0.098763
-0.062193
-0.042656
-0.013749
0.044150
0.084293
0.109849
0.064530
-0.003167
-0.054873
-0.075727
-0.062046
-0.071645
-0.048899
-0.018313
-0.018776
-0.001479
-0.017932
-0.064505
-0.085541
-0.063438
0.007146
0.006449
-0.051261
-0.057559
-0.004127
0.083692
0.128157
0.119136
0.053518
-0.031159
-0.031546
0.008976
0.057767
0.070993
0.076190
0.121516
0.104969
0.053381
0.017771
-0.035302
-0.074007
-0.095277
-0.081534
-0.063676
-0.036476
0.027229
0.055242
0.073922
0.049694
-0.016302
-0.101718
-0.194129
-0.205609
-0.177455
-0.135932
-0.048915
0.054066
0.131835
0.105447
0.025505
-0.046269
-0.100280
-0.057195
0.020034
0.095942
0.164091
0.209543
0.212655
0.144685
0.078840
0.051203
0.015910
-0.012910
-0.023646
-0.031618
-0.025405
0.012271
0.082834
0.063282
0.001994
-0.087104
-0.165568
-0.166581
-0.161221
-0.123786
-0.134381
-0.155000
-0.115779
-0.057784
0.012399
0.048601
0.065057
0.054939
0.011375
0.003013
0.030737
0.054329
0.092270
0.154334
0.210364
0.187194
0.141766
0.090921
0.005010
-0.067428
-0.103341
-0.093586
-0.027877
0.046084
0.104010
0.116638
0.057694
-0.028664
-0.114408
-0.133203
-0.117674
-0.123116
-0.142553
-0.154975
-0.149225
-0.121254
-0.061783
-0.002014
0.020929
0.041532
0.050213
0.054686
0.072852
0.113075
0.164606
0.186241
0.180149
0.193874
0.231083
0.203575
0.069235
-0.086575
-0.211990
-0.267789
-0.238314
-0.153516
-0.057368
0.013105
0.086140
0.113640
0.033735
-0.063319
-0.122131
-0.159404
-0.161171
-0.114162
-0.059809
-0.037496
-0.005899
0.052800
0.078940
0.085276
0.139941
0.179716
0.131084
0.058457
0.050957
0.040424
-0.028266
-0.004547
0.073983
0.082063
0.034010
0.007245
-0.053182
-0.164017
-0.166420
-0.054553
0.006620
0.007766
0.053260
0.087510
0.034345
-0.019900
-0.063124
-0.127890
-0.176228
-0.153002
-0.081180
-0.055096
-0.033514
0.040789
0.098057
0.087347
0.077018
0.073234
0.042134
0.009859
0.030508
0.068469
0.049767
0.025046
0.009259
0.004597
0.022753
0.047189
0.043356
-0.009087
-0.057822
-0.041641
-0.000358
0.015568
0.021978
0.009977
-0.025596
-0.038256
-0.023383
-0.007751
-0.020273
-0.014428
0.018348
0.006762
-0.044575
-0.028114
-0.009582
-0.034934
-0.035544
-0.070754
-0.148774
-0.168032
-0.049425
0.084608
0.128262
0.130192
0.102437
0.014062
-0.036392
0.008923
0.074060
0.101591
0.106511
0.121528
0.090353
0.033560
0.005619
-0.034050
-0.071470
-0.047405
-0.011120
-0.015150
-0.068374
-0.069621
-0.032958
-0.017361
-0.010943
-0.012291
-0.030867
-0.067047
-0.107322
-0.125088
-0.110459
-0.097697
-0.035622
0.041355
0.049908
0.055830
0.038240
0.023808
0.031701
0.028282
0.074804
0.115046
0.138273
0.140710
0.084701
0.036384
-0.009358
0.022867
0.087000
0.099689
0.100772
0.036436
-0.029225
-0.066876
-0.088259
-0.078845
-0.113524
-0.171383
-0.227270
-0.220510
-0.150229
-0.105135
-0.058799
-0.019732
0.018623
0.047629
0.051241
0.028916
0.007409
0.056763
0.116897
0.144706
0.152690
0.151931
0.179408
0.210786
0.203182
0.158275
0.011090
-0.151389
-0.212860
-0.182577
-0.082611
0.063975
0.150594
0.106069
0.003799
-0.106344
-0.184679
-0.225670
-0.201987
-0.142208
-0.116889
-0.103744
-0.056273
-0.038423
-0.030223
0.016527
0.043359
0.065827
0.092874
0.118333
0.102363
0.086917
0.102309
0.118245
0.182581
0.276201
0.282193
0.134728
-0.075704
-0.240660
-0.296107
-0.255986
-0.105847
0.046887
0.096925
0.118956
0.107018
0.030604
-0.100274
-0.176974
-0.170119
-0.141555
-0.070856
0.004892
0.007507
-0.009101
-0.013180
0.014852
0.021205
0.042599
0.130689
0.163796
0.142801
0.157321
0.129343
0.029613
-0.061474
-0.056944
-0.040833
-0.083817
-0.124675
-0.126468
-0.077368
0.018350
0.132851
0.177264
0.139720
0.065917
-0.026332
-0.118592
-0.156538
-0.122176
-0.049149
0.006889
0.021003
0.005856
-0.022952
-0.057541
-0.086969
-0.076868
-0.034519
-0.012962
-0.001611
0.021055
0.072634
0.108465
0.072448
0.025485
-0.001732
-0.019035
0.024773
0.068223
0.068650
0.058905
0.033640
0.063692
0.056015
0.005196
-0.004257
-0.002403
0.019898
0.026358
0.035710
0.030483
-0.049360
-0.091775
-0.085806
-0.086625
-0.033408
0.050377
0.077022
-0.008271
-0.114579
-0.181548
-0.224768
-0.159504
-0.038468
0.065077
0.117436
0.097258
0.049841
-0.027358
-0.105462
-0.100031
-0.003016
0.136013
0.257146
0.326091
0.264996
0.116849
-0.003523
-0.077547
-0.092521
-0.073998
-0.058710
0.004799
0.066388
0.083633
0.071895
0.016752
-0.056673
-0.117920
-0.137795
-0.162991
-0.201673
-0.209326
-0.193238
-0.146173
-0.069507
0.033226
0.077474
0.053138
0.022372
-0.003147
-0.021652
0.008502
0.061355
0.118481
0.162518
0.215804
0.231907
0.165450
0.066265
-0.004264
-0.054878
-0.074615
-0.027841
0.013348
-0.016883
-0.033573
0.008918
0.013231
0.002645
-0.033217
-0.119950
-0.201614
-0.240000
-0.219853
-0.213266
-0.179985
-0.096040
0.010458
0.109910
0.148955
0.117712
0.051231
-0.020144
-0.008370
0.070378
0.159898
0.227851
0.253739
0.268793
0.256708
0.156225
-0.039841
-0.239147
-0.331739
-0.317852
-0.197104
-0.014062
0.106085
0.108773
0.079945
0.018237
-0.080373
-0.145042
-0.171277
-0.152030
-0.116100
-0.045955
0.020613
0.011540
-0.002589
-0.008318
0.006848
0.044696
0.079614
0.100273
0.109997
0.120870
0.120742
0.083981
0.046692
-0.004933
-0.054412
-0.066475
-0.049888
-0.030837
-0.061422
-0.073378
-0.023460
0.022389
0.066707
0.085673
0.030900
-0.077297
-0.150180
-0.134858
-0.093193
-0.037739
0.035083
0.029588
-0.028523
-0.074076
-0.062245
-0.031564
-0.035672
0.024985
0.087407
0.069119
0.034326
0.021303
0.018275
-0.057241
-0.090871
-0.053245
-0.028226
0.035406
0.094660
0.102084
0.071743
0.053488
0.084241
0.056317
0.006853
-0.028913
-0.063114
-0.065444
-0.046486
-0.007596
-0.019167
-0.047235
-0.029425
-0.006206
0.018237
-0.002243
-0.020862
-0.045948
-0.129235
-0.129317
-0.077031
-0.044660
0.014579
0.049893
0.048448
-0.017126
-0.041568
-0.019916
0.005542
0.074886
0.122827
0.154066
0.120401
0.067302
0.055338
0.013469
-0.010540
-0.015501
-0.024155
0.002934
0.034446
0.072869
0.088591
0.075865
0.060291
-0.025677
-0.112225
-0.159400
-0.158798
-0.130597
-0.114730
-0.087916
-0.102246
-0.123204
-0.082590
-0.017314
0.015317
-0.007014
-0.015758
-0.005423
0.006402
0.066231
0.095777
0.102158
0.143547
0.188746
0.228719
0.211856
0.171389
0.096472
-0.012296
-0.033404
-0.025967
0.018549
0.056182
-0.000822
-0.047390
-0.106906
-0.117614
-0.099826
-0.095543
-0.083370
-0.158401
-0.201589
-0.174784
-0.130329
-0.074276
-0.051490
-0.009302
0.029991
0.053696
0.100768
0.093522
0.083077
0.110981
0.135856
0.156990
0.145241
0.170435
0.199871
0.163799
0.115892
0.027693
-0.098149
-0.179317
-0.144600
-0.035955
0.020338
0.027803
0.029141
-0.001993
-0.062211
-0.115468
-0.114395
-0.105541
-0.122232
-0.114402
-0.100559
-0.116691
-0.104453
0.001555
0.099089
0.128323
0.134895
0.138593
0.151773
0.145001
0.157560
0.156323
0.107259
0.141004
0.213950
0.159334
0.000435
-0.199424
-0.342827
-0.349690
-0.204963
0.037509
0.171882
0.187012
0.154972
0.068275
-0.024562
-0.131348
-0.186272
-0.194546
-0.169296
-0.083638
-0.000366
0.034384
0.009629
-0.000629
0.075372
0.145138
0.156232
0.132711
0.075223
0.040658
0.022965
0.024666
-0.019772
-0.071837
-0.021038
0.041109
0.071111
0.051010
0.024166
0.016568
0.010598
0.024294
0.023984
-0.024156
-0.035821
-0.022966
-0.012544
-0.019239
-0.026740
-0.001028
0.002860
-0.015772
-0.052837
-0.077870
-0.077584
-0.071761
-0.045093
-0.019172
0.008435
0.042625
0.084509
0.106613
0.045949
-0.004231
-0.015486
-0.023000
-0.036405
-0.002637
0.094930
0.151752
0.141148
0.073546
0.008655
-0.040836
-0.072884
-0.023463
0.037052
0.089890
0.112459
0.071939
-0.002241
-0.090434
-0.113577
-0.099637
-0.066450
-0.001142
0.009015
-0.023028
-0.082651
-0.144298
-0.146272
-0.113793
-0.032572
0.035211
0.034435
0.031753
0.044899
