-0.011608
-0.186275
-0.322530
-0.355953
-0.252318
-0.040855
0.149181
0.215646
0.153608
0.010929
-0.138417
-0.213098
-0.217596
-0.179709
-0.130073
-0.085482
-0.062433
-0.041024
-0.039819
-0.048309
-0.063215
-0.066493
-0.049576
-0.001029
0.042757
0.064784
0.053218
0.024168
0.018940
0.059320
0.114448
0.179284
0.226965
0.226221
0.198828
0.175142
0.137704
0.101391
0.040885
-0.095961
-0.264196
-0.349748
-0.317312
-0.147944
0.065440
0.188258
0.165538
0.041914
-0.125953
-0.223036
-0.230099
-0.175356
-0.104823
-0.051067
-0.040734
-0.039025
-0.045923
-0.052649
-0.050522
-0.039922
-0.024395
0.017981
0.061446
0.089206
0.103271
0.108115
0.085240
0.098253
0.133411
0.180279
0.209651
0.212468
0.176535
0.134194
0.075193
-0.012364
-0.130274
-0.254704
-0.303235
-0.243975
-0.089070
0.074054
0.168471
0.133532
0.018475
-0.119443
-0.200138
-0.209980
-0.165530
-0.112618
-0.072418
-0.051061
-0.047176
-0.041834
-0.045354
-0.046687
-0.047367
-0.028589
0.004508
0.047354
0.068094
0.074940
0.070658
0.084156
0.095955
0.139184
0.190307
0.217454
0.218091
0.194192
0.141135
0.095002
0.056871
-0.019170
-0.153086
-0.276463
-0.325917
-0.244572
-0.059104
0.116453
0.179284
0.112820
-0.040256
-0.175204
-0.228488
-0.196272
-0.124252
-0.061367
-0.037101
-0.033708
-0.038206
-0.040664
-0.030454
-0.019038
-0.004705
0.022986
0.058870
0.088825
0.115014
0.122597
0.121797
0.132791
0.165600
0.204810
0.223061
0.213607
0.166353
0.113717
0.048766
-0.025917
-0.154451
-0.252257
-0.283249
-0.205836
-0.050340
0.110479
0.171528
0.129291
0.004796
-0.132567
-0.202881
-0.209124
-0.163045
-0.105240
-0.052213
-0.034106
-0.021790
-0.037217
-0.045636
-0.055807
-0.047153
-0.025763
0.021860
0.058246
0.080848
0.078332
0.076948
0.084117
0.106389
0.165087
0.218380
0.245129
0.231369
0.192839
0.131397
0.087667
0.037975
-0.049077
-0.181337
-0.281636
-0.294165
-0.183449
0.001907
0.147938
0.176273
0.086751
-0.062558
-0.181932
-0.218893
-0.185911
-0.118456
-0.060753
-0.032575
-0.023504
-0.028531
-0.034100
-0.037334
-0.035496
-0.025971
0.010818
0.050838
0.086062
0.102425
0.107466
0.103311
0.111319
0.147974
0.196181
0.227728
0.224329
0.182857
0.126912
0.079973
0.034629
-0.047183
-0.170841
-0.272147
-0.288455
-0.185031
-0.005514
0.145433
0.175149
0.084380
-0.068007
-0.188270
-0.227112
-0.185748
-0.116912
-0.056613
-0.029996
-0.023775
-0.031319
-0.033897
-0.037464
-0.032238
-0.018325
0.015949
0.054073
0.087517
0.102536
0.112344
0.109723
0.122304
0.167961
0.220438
0.245183
0.232517
0.178149
0.113955
0.062945
0.011852
-0.101855
-0.219688
-0.288083
-0.256602
-0.111548
0.073761
0.175538
0.166029
0.051860
-0.103037
-0.200005
-0.218712
-0.182295
-0.119596
-0.062603
-0.036401
-0.016199
-0.020108
-0.030803
-0.043154
-0.045234
-0.035292
0.006301
0.047023
0.076511
0.086858
0.086168
0.089980
0.106170
0.156910
0.207690
0.239743
0.234102
0.194230
0.138168
0.095036
0.043511
-0.032908
-0.147439
-0.258237
-0.286026
-0.200561
-0.030538
0.126604
0.183633
0.108610
-0.033646
-0.166173
-0.221430
-0.200953
-0.133104
-0.073471
-0.034791
-0.019965
-0.022250
-0.031463
-0.037789
-0.041305
-0.030432
0.001496
0.042124
0.079079
0.098626
0.105671
0.109966
0.110438
0.144924
0.195971
0.225822
0.233300
0.206961
0.137674
0.087356
0.037780
-0.034275
-0.147329
-0.246185
-0.287842
-0.207058
-0.045024
0.113787
0.171940
0.111886
-0.034134
-0.163705
-0.226766
-0.203160
-0.132906
-0.063684
-0.028247
-0.017392
-0.029717
-0.040697
-0.041377
-0.033176
-0.017238
0.018892
0.050327
0.078760
0.092548
0.105697
0.104803
0.124096
0.161317
0.214537
0.249980
0.248794
0.201756
0.136695
0.076250
0.005177
-0.109255
-0.238228
-0.294499
-0.264080
-0.110028
0.069007
0.185872
0.172088
0.074645
-0.082802
-0.186431
-0.227513
-0.200626
-0.150678
-0.082905
-0.046184
-0.019420
-0.019731
-0.034652
-0.055150
-0.065221
-0.059609
-0.018478
0.034581
0.068982
0.076396
0.063394
0.062705
0.093094
0.144868
0.213139
0.247675
0.243967
0.217110
0.176815
0.132535
0.085199
-0.015132
-0.163912
-0.296991
-0.327570
-0.235469
-0.036575
0.143135
0.213479
0.149162
0.009339
-0.143528
-0.217164
-0.224648
-0.184555
-0.130226
-0.076922
-0.042649
-0.013391
-0.012458
-0.032440
-0.061531
-0.081281
-0.065372
-0.008757
0.051632
0.084149
0.085431
0.065643
0.067463
0.096300
0.150869
0.211649
0.242371
0.231634
0.201518
0.152396
0.104878
0.050712
-0.046162
-0.185774
-0.294458
-0.311822
-0.206823
-0.013895
0.145823
0.189989
0.107471
-0.046775
-0.183091
-0.232837
-0.216536
-0.150931
-0.089883
-0.046824
-0.027543
-0.019358
-0.034856
-0.046606
-0.060954
-0.054279
-0.021403
0.030838
0.071245
0.098469
0.100721
0.099580
0.097913
0.134664
0.185603
0.235651
0.246104
0.225432
0.165647
0.113982
0.027189
-0.088783
-0.242431
-0.324164
-0.312076
-0.163231
0.033737
0.186262
0.204048
0.111335
-0.049731
-0.182922
-0.239304
-0.229117
-0.175720
-0.113267
-0.061523
-0.033681
-0.019582
-0.037883
-0.056301
-0.076979
-0.072833
-0.041908
0.015486
0.054033
0.074527
0.060702
0.052415
0.068198
0.115378
0.180764
0.240536
0.251517
0.239585
0.205587
0.167018
0.114096
0.008468
-0.164533
-0.324597
-0.378888
-0.291212
-0.076723
0.136855
0.240163
0.192131
0.048587
-0.118551
-0.216658
-0.242135
-0.211476
-0.161496
-0.105807
-0.064314
-0.027050
-0.016149
-0.031975
-0.060881
-0.087836
-0.085537
-0.038175
0.026670
0.067449
0.075421
0.053159
0.044748
0.072381
0.123841
0.191153
0.236442
0.241043
0.220157
0.191512
0.153782
0.104133
-0.003338
-0.170789
-0.326789
-0.369915
-0.274299
-0.058904
0.147475
0.232924
0.169605
0.017664
-0.145429
-0.226992
-0.231559
-0.193987
-0.140646
-0.092231
-0.057139
-0.028378
-0.017650
-0.035320
-0.057993
-0.081454
-0.074217
-0.030041
0.033350
0.073678
0.088887
0.070154
0.063085
0.076316
0.132208
0.196540
0.246077
0.245674
0.215434
0.167205
0.127595
0.067047
-0.049455
-0.225164
-0.347766
-0.356927
-0.211449
0.018226
0.199818
0.233442
0.134529
-0.038455
-0.182710
-0.236808
-0.221557
-0.174650
-0.120541
-0.079937
-0.048802
-0.023363
-0.021715
-0.038626
-0.064604
-0.084977
-0.067888
-0.013834
0.045194
0.079492
0.077358
0.050031
0.053175
0.083682
0.155824
0.225737
0.257586
0.239755
0.213444
0.175183
0.138541
0.052947
-0.086483
-0.272099
-0.369530
-0.332964
-0.151382
0.077893
0.230407
0.222271
0.098767
-0.064870
-0.187365
-0.223680
-0.207827
-0.169281
-0.129162
-0.083236
-0.046560
-0.011220
-0.014600
-0.039205
-0.078158
-0.091064
-0.065546
0.003053
0.060573
0.082936
0.060759
0.029116
0.039309
0.097285
0.173839
0.242897
0.254300
0.235458
0.211306
0.197041
0.173816
0.085358
-0.084470
-0.299190
-0.406298
-0.354584
-0.139797
0.110461
0.267022
0.239812
0.104340
-0.073913
-0.184416
-0.217486
-0.197833
-0.170917
-0.132234
-0.088169
-0.037645
0.006217
0.002778
-0.030512
-0.080102
-0.097269
-0.067630
0.011160
0.072982
0.099756
0.069422
0.028546
0.031862
0.091459
0.177467
0.256201
0.273894
0.253541
0.216345
0.200594
0.177002
0.090571
-0.071672
-0.291495
-0.408649
-0.355431
-0.139941
0.118066
0.283590
0.257681
0.115740
-0.061410
-0.175575
-0.206260
-0.189524
-0.169842
-0.146565
-0.101493
-0.047358
0.014494
0.023438
-0.008213
-0.073549
-0.102630
-0.086731
-0.003092
0.069572
0.104801
0.075352
0.027961
0.017202
0.076321
0.162475
0.242997
0.277593
0.254174
0.220526
0.201177
0.191342
0.131955
0.000613
-0.202468
-0.370666
-0.373296
-0.221434
0.030908
0.228208
0.275739
0.161735
0.005014
-0.142251
-0.192594
-0.202142
-0.177421
-0.163068
-0.110466
-0.062532
0.004899
0.021577
-0.001189
-0.062850
-0.100847
-0.099688
-0.029553
0.050856
0.099513
0.088648
0.042381
0.012144
0.049885
0.129490
0.221187
0.272737
0.260663
0.223489
0.199089
0.186129
0.155741
0.043828
-0.134324
-0.329379
-0.381393
-0.281303
-0.044899
0.172416
0.272760
0.194970
0.047108
-0.114191
-0.186986
-0.205300
-0.184229
-0.169900
-0.133656
-0.087532
-0.023195
0.016371
0.008588
-0.041862
-0.095956
-0.112084
-0.065959
0.018330
0.081745
0.091939
0.054675
0.014123
0.031411
0.097016
0.189588
0.253280
0.263042
0.224695
0.199891
0.178053
0.167075
0.080425
-0.074067
-0.274249
-0.380793
-0.329408
-0.130542
0.103578
0.245060
0.225301
0.086293
-0.070684
-0.183240
-0.208650
-0.198482
-0.168095
-0.143397
-0.094483
-0.046615
0.005172
0.004174
-0.029577
-0.085410
-0.106518
-0.078535
0.000343
0.067263
0.093311
0.068240
0.029202
0.029578
0.083487
0.169124
0.245828
0.268278
0.242385
0.206068
0.177029
0.158162
0.084865
-0.060057
-0.261111
-0.385736
-0.355537
-0.168022
0.078386
0.246114
0.247156
0.117745
-0.054015
-0.185074
-0.227683
-0.216726
-0.180543
-0.145543
-0.095983
-0.050565
0.000356
0.004805
-0.024495
-0.079746
-0.107690
-0.089260
-0.013299
0.058932
0.095510
0.077856
0.037810
0.033364
0.083656
0.155590
0.237216
0.268019
0.239056
0.208025
0.173853
0.146575
0.085215
-0.046111
-0.234208
-0.362396
-0.351253
-0.188342
0.053306
0.224697
0.244088
0.126700
-0.039036
-0.176372
-0.220899
-0.215656
-0.177204
-0.141285
-0.094096
-0.056816
-0.010751
-0.004610
-0.022150
-0.065837
-0.092905
-0.082984
-0.019988
0.046897
0.087328
0.080682
0.051031
0.050488
0.086592
0.151097
0.224085
0.247580
0.234233
0.211964
0.179439
0.144117
0.077542
-0.051934
-0.219702
-0.341944
-0.334261
-0.192603
0.028109
0.193827
0.224870
0.123251
-0.035752
-0.174018
-0.222947
-0.215960
-0.173116
-0.130214
-0.084145
-0.045084
-0.008107
-0.008252
-0.027829
-0.063309
-0.081779
-0.063648
-0.004126
0.054063
0.089701
0.087010
0.068306
0.068790
0.098788
0.165209
0.229256
0.255514
0.241233
0.207733
0.157977
0.113269
0.027224
-0.103803
-0.263904
-0.342991
-0.299401
-0.122657
0.086460
0.220366
0.206595
0.084262
-0.081849
-0.197342
-0.230918
-0.208218
-0.157211
-0.107969
-0.064189
-0.029905
-0.008350
-0.020218
-0.040107
-0.069750
-0.072605
-0.040748
0.021115
0.066486
0.091910
0.079160
0.068685
0.079909
0.120277
0.188239
0.242809
0.254123
0.235243
0.198551
0.156028
0.106454
0.000346
-0.153655
-0.306948
-0.349647
-0.260762
-0.052505
0.146402
0.239412
0.182466
0.042562
-0.117488
-0.204825
-0.221984
-0.193566
-0.147156
-0.097682
-0.053171
-0.014169
0.001202
-0.019522
-0.051838
-0.081837
-0.074239
-0.026080
0.042683
0.085546
0.096330
0.071393
0.064916
0.087082
0.140725
0.210420
0.252682
0.250623
0.224861
0.184860
0.147434
0.097019
-0.013476
-0.166406
-0.306404
-0.338232
-0.230291
-0.021629
0.163632
0.234093
0.161903
0.010620
-0.136214
-0.206972
-0.209820
-0.175336
-0.130513
-0.090914
-0.049943
-0.013051
0.001364
-0.015855
-0.046272
-0.074353
-0.062524
-0.013714
0.048851
0.090827
0.102940
0.086256
0.086955
0.105263
0.158833
0.220104
0.256195
0.245328
0.217084
0.161665
0.119941
0.046511
-0.069513
-0.220740
-0.315643
-0.303098
-0.155234
0.048502
0.196553
0.213873
0.111227
-0.046290
-0.173647
-0.217310
-0.207923
-0.158175
-0.109366
-0.064319
-0.034667
-0.012440
-0.022818
-0.036755
-0.061596
-0.068633
-0.044555
0.009102
0.057307
0.086808
0.085849
0.076258
0.088862
0.121121
0.184770
0.234906
0.248070
0.234809
0.193429
0.147013
0.106406
0.022975
-0.114323
-0.262504
-0.340461
-0.284028
-0.102056
0.102969
0.219810
0.195651
0.063194
-0.096435
-0.197395
-0.221173
-0.195398
-0.148126
-0.105616
-0.066065
-0.029075
-0.009206
-0.018824
-0.042567
-0.074286
-0.076910
-0.042254
0.020464
0.071995
0.098374
0.087641
0.079480
0.084079
0.118360
0.183219
0.236323
0.249937
0.227477
0.178615
0.123686
0.073367
-0.023576
-0.153734
-0.281573
-0.320545
-0.240022
-0.052648
0.125102
0.212209
0.160406
0.022976
-0.128890
-0.212181
-0.227079
-0.192403
-0.139277
-0.090722
-0.048581
-0.021742
-0.016924
-0.035678
-0.057596
-0.081397
-0.069553
-0.028577
0.031183
0.071730
0.087232
0.073272
0.075471
0.093928
0.146560
0.210500
0.244729
0.233287
0.201259
0.152875
0.116697
0.057571
-0.055035
-0.212159
-0.327604
-0.329420
-0.193364
0.018653
0.179189
0.211580
0.116921
-0.037068
-0.169286
-0.217392
-0.212338
-0.169381
-0.126552
-0.086783
-0.055728
-0.025302
-0.023405
-0.033383
-0.056994
-0.073986
-0.060892
-0.012023
0.041080
0.076171
0.081482
0.066800
0.076786
0.099127
0.159122
0.219199
0.250561
0.235103
0.194087
0.141818
0.094419
0.018381
-0.101477
-0.252227
-0.329997
-0.292156
-0.131314
0.069805
0.199016
0.190276
0.077444
-0.078185
-0.190890
-0.223374
-0.205600
-0.159623
-0.109925
-0.069057
-0.038956
-0.021324
-0.032552
-0.050576
-0.071065
-0.072320
-0.043076
0.014924
0.059893
0.083853
0.071709
0.060809
0.076218
0.116363
0.181528
0.235606
0.244642
0.219151
0.172967
0.123356
0.078129
-0.003043
-0.131149
-0.269739
-0.324620
-0.258891
-0.080350
0.107520
0.204820
0.163552
0.034973
-0.117770
-0.204119
-0.218954
-0.187062
-0.138987
-0.092923
-0.060540
-0.033068
-0.020125
-0.028510
-0.046102
-0.068945
-0.067545
-0.032960
0.025214
0.068837
0.089408
0.077553
0.076087
0.090871
0.129895
0.187556
0.233626
0.234559
0.213451
0.168350
0.115740
0.058473
-0.040476
-0.177910
-0.294732
-0.310481
-0.211996
-0.021070
0.145773
0.206159
0.135408
-0.002016
-0.146397
-0.210829
-0.215380
-0.176644
-0.129263
-0.082489
-0.050213
-0.021162
-0.017047
-0.032709
-0.056608
-0.076043
-0.063564
-0.015534
0.042913
0.076644
0.085648
0.073287
0.080587
0.105425
0.152092
0.199633
0.227676
0.220081
0.195259
0.158835
0.112024
0.039055
-0.081367
-0.220555
-0.314425
-0.288667
-0.155090
0.036476
0.171187
0.188041
0.089069
-0.053114
-0.170316
-0.209392
-0.199267
-0.154422
-0.106944
-0.065288
-0.037600
-0.018992
-0.024763
-0.039642
-0.055290
-0.058278
-0.033636
0.015968
0.056909
0.080712
0.079364
0.080514
0.098270
0.128441
0.182937
0.224959
0.236072
0.220409
0.184316
0.136556
0.081301
-0.016803
-0.160494
-0.289311
-0.322190
-0.235061
-0.046176
0.132544
0.209715
0.157247
0.024019
-0.122934
-0.199995
-0.210516
-0.176952
-0.128574
-0.083401
-0.053188
-0.023014
-0.014432
-0.025876
-0.045707
-0.065356
-0.061716
-0.020831
0.034364
0.072859
0.089355
0.078659
0.083800
0.101976
0.144535
0.202875
0.235941
0.233078
0.208260
0.164295
0.116104
0.059441
-0.042938
-0.182736
-0.290237
-0.296996
-0.188899
0.004683
0.160473
0.206416
0.131798
-0.011126
-0.150192
-0.207290
-0.207178
-0.163981
-0.109857
-0.066878
-0.038313
-0.010875
-0.012813
-0.027056
-0.048973
-0.065788
-0.049743
0.001289
0.052367
0.086034
0.091227
0.081487
0.095648
0.123632
0.177888
0.231720
0.245508
0.225756
0.194574
0.147358
0.105988
0.032427
-0.090849
-0.238949
-0.310276
-0.271949
-0.106994
0.090414
0.211561
0.194082
0.078969
-0.079130
-0.182953
-0.205744
-0.180779
-0.134348
-0.089469
-0.057237
-0.029417
-0.008062
-0.016007
-0.031090
-0.055620
-0.061209
-0.032801
0.025718
0.069147
0.092078
0.080441
0.073670
0.095606
0.133807
0.194602
0.238149
0.239285
0.218673
0.185466
0.146515
0.106945
0.026894
-0.114642
-0.257982
-0.317001
-0.253090
-0.076049
0.115931
0.210049
0.177532
0.053666
-0.094094
-0.181749
-0.197904
-0.174837
-0.126657
-0.086378
-0.055334
-0.024344
-0.007534
-0.016827
-0.033435
-0.058408
-0.060530
-0.025120
0.031752
0.071739
0.091218
0.077169
0.073849
0.097709
0.141367
0.207559
0.251024
0.249341
0.217591
0.173706
0.131550
0.087281
-0.004529
-0.151195
-0.289206
-0.324098
-0.228545
-0.028370
0.160598
0.230044
0.163150
0.015287
-0.135866
-0.207495
-0.204452
-0.167085
-0.118357
-0.078856
-0.050028
-0.020740
-0.006936
-0.020655
-0.043281
-0.068311
-0.063058
-0.019071
0.041699
0.079800
0.092889
0.073569
0.074563
0.095556
0.145793
0.212707
0.251659
0.246248
0.214820
0.166372
0.121626
0.055932
-0.058695
-0.208058
-0.317118
-0.307549
-0.171723
0.034607
0.191750
0.220990
0.124067
-0.026242
-0.159300
-0.212722
-0.205193
-0.164671
-0.116499
-0.072764
-0.040735
-0.016101
-0.014624
-0.033783
-0.060862
-0.077463
-0.060493
-0.010543
0.047578
0.077582
0.077044
0.054948
0.063173
0.098109
0.151591
0.211004
0.241402
0.223785
0.196375
0.157469
0.115110
0.063399
-0.038013
-0.180974
-0.294603
-0.298987
-0.190762
0.004259
0.158652
0.201184
0.120399
-0.016766
-0.151755
-0.201572
-0.201101
-0.161084
-0.117787
-0.078293
-0.051118
-0.020402
-0.016326
-0.028759
-0.052117
-0.071719
-0.063061
-0.018491
0.035652
0.073053
0.083233
0.069257
0.074768
0.098759
0.145619
0.203504
0.233911
0.220426
0.191839
0.146811
0.097361
0.042010
-0.053007
-0.188204
-0.288703
-0.295465
-0.190100
-0.003571
0.149697
0.189256
0.112438
-0.031473
-0.165582
-0.219983
-0.210583
-0.161978
-0.106204
-0.065379
-0.043708
-0.027316
-0.031827
-0.042622
-0.056658
-0.060850
-0.043188
0.004153
0.047551
0.077510
0.079244
0.078207
0.085347
0.117333
0.164202
0.209610
0.221996
0.206235
0.162586
0.116454
0.068735
-0.003719
-0.124796
-0.250606
-0.304694
-0.250944
-0.092905
0.083860
0.181296
0.155683
0.042558
-0.106029
-0.199962
-0.222563
-0.196496
-0.147692
-0.096427
-0.063212
-0.037831
-0.027741
-0.039898
-0.057905
-0.075934
-0.075413
-0.039352
0.016828
0.056289
0.072373
0.059802
0.056968
0.079969
0.126971
0.188839
0.229200
0.226471
0.192337
0.148652
0.106467
0.052845
-0.039656
-0.172673
-0.294228
-0.311978
-0.216513
-0.031821
0.131022
0.193625
0.124746
-0.003122
-0.142148
-0.209092
-0.217439
-0.183196
-0.146712
-0.100239
-0.068248
-0.033567
-0.022332
-0.034407
-0.065673
-0.086090
-0.081884
-0.035724
0.022371
0.060299
0.065831
0.051955
0.052078
0.083578
0.129667
0.181376
0.208458
0.200545
0.169163
0.137464
0.100628
0.053276
-0.019452
-0.133313
-0.248203
-0.287322
-0.232517
-0.088705
0.068659
0.146383
0.109485
-0.002706
-0.128102
-0.201244
-0.207242
-0.171086
-0.124014
-0.080556
-0.048831
-0.029708
-0.027065
-0.039684
-0.054880
-0.060192
-0.041300
0.000305
0.048024
0.079414
0.095159
0.100105
0.101257
0.112562
0.155326
0.195087
0.215907
0.207716
0.165158
0.108461
0.045179
-0.038566
-0.157435
-0.256664
-0.282534
-0.208203
-0.050843
0.105068
0.173508
0.133790
0.016325
-0.118078
-0.196891
-0.210751
-0.179130
-0.126492
-0.078681
-0.049047
-0.028378
-0.028862
-0.039411
-0.052122
-0.061387
-0.051735
-0.014647
0.027781
0.057680
0.067994
0.062454
0.076257
0.110066
0.152694
0.204317
0.229261
0.216739
0.185210
0.144214
0.098518
0.057243
-0.025035
-0.143949
-0.250432
-0.270460
-0.189237
-0.022345
0.124289
0.179225
0.121569
0.000306
-0.126849
-0.188713
-0.190121
-0.156697
-0.109622
-0.071191
-0.042475
-0.019178
-0.013454
-0.027222
-0.043935
-0.060116
-0.048302
-0.005427
0.047078
0.080404
0.091783
0.082921
0.091383
0.118492
0.158504
0.201196
0.224895
0.209459
0.180518
0.142559
0.096291
0.050685
-0.031313
-0.142364
-0.235638
-0.254159
-0.176846
-0.020993
0.113640
0.157938
0.094581
-0.026717
-0.136633
-0.182936
-0.171797
-0.128562
-0.080041
-0.045394
-0.021827
-0.011226
-0.012588
-0.024633
-0.033070
-0.031957
-0.003380
0.040501
0.082160
0.107475
0.117690
0.117248
0.120354
0.147420
0.185010
0.217470
0.221537
0.191970
0.141494
0.093875
0.040776
-0.033917
-0.148554
-0.235928
-0.250966
-0.160672
-0.004677
0.134493
0.170876
0.110366
-0.017505
-0.134007
-0.189438
-0.180397
-0.141039
-0.091869
-0.056332
-0.033813
-0.018375
-0.016655
-0.024486
-0.038220
-0.045528
-0.030418
0.013417
0.057608
0.086664
0.091747
0.087801
0.103304
0.131128
0.177862
0.222348
0.232351
0.209551
0.169663
0.118987
0.075542
0.023710
-0.062721
-0.173596
-0.244999
-0.232666
-0.124113
0.033613
0.142534
0.149771
0.065051
-0.060513
-0.158490
-0.186795
-0.170128
-0.125008
-0.083708
-0.050576
-0.029480
-0.013656
-0.021665
-0.032836
-0.047490
-0.044644
-0.017586
0.032926
0.068943
0.090496
0.090817
0.097979
0.111855
0.146667
0.183731
0.207350
0.197615
0.171610
0.128033
0.086301
0.044548
-0.007712
-0.096416
-0.185841
-0.234075
-0.201390
-0.091064
0.041394
0.110551
0.089567
-0.004819
-0.108764
-0.169607
-0.174590
-0.145213
-0.102307
-0.065003
-0.037014
-0.019797
-0.019150
-0.029408
-0.036954
-0.035330
-0.014011
0.022732
0.060915
0.088100
0.111528
0.123677
0.132879
0.158149
0.186072
0.200834
0.197785
0.158701
0.110103
0.065306
0.021368
-0.053873
-0.161345
-0.235118
-0.241049
-0.148155
-0.003101
0.112404
0.132959
0.072012
-0.046769
-0.147782
-0.194666
-0.182908
-0.148676
-0.100606
-0.071557
-0.049591
-0.036120
-0.033111
-0.040639
-0.051350
-0.058971
-0.044619
-0.004118
0.036317
0.062669
0.068943
0.067265
0.089063
0.127593
0.168549
0.203836
0.205542
0.171713
0.137319
0.103839
0.069821
0.035443
-0.039622
-0.147201
-0.233695
-0.242575
-0.166855
-0.022609
0.088811
0.118699
0.056060
-0.050607
-0.149330
-0.182039
-0.175407
-0.137917
-0.102513
-0.072113
-0.050702
-0.029269
-0.029775
-0.038999
-0.053894
-0.059363
-0.037742
0.009467
0.054452
0.084363
0.095191
0.094983
0.102175
0.126754
0.160223
0.187027
0.187285
0.162833
0.123586
0.083203
0.043583
-0.007074
-0.089617
-0.186021
-0.243828
-0.220925
-0.118481
0.017437
0.100273
0.089840
0.003910
-0.100891
-0.172990
-0.182733
-0.154165
-0.111275
-0.076656
-0.049905
-0.037038
-0.028243
-0.033014
-0.039676
-0.044200
-0.028791
0.002703
0.046286
0.076728
0.098389
0.108321
0.114951
0.131108
0.164202
0.188419
0.194728
0.177425
0.135570
0.087269
0.040977
-0.026028
-0.125038
-0.217326
-0.250202
-0.198862
-0.068755
0.064035
0.129674
0.099552
0.006229
-0.107489
-0.177179
-0.190631
-0.168549
-0.130503
-0.087206
-0.059753
-0.041524
-0.034213
-0.042912
-0.055127
-0.062206
-0.055664
-0.025472
0.020626
0.052985
0.064393
0.061069
0.073166
0.105333
0.152644
0.192254
0.199547
0.182521
0.144287
0.114670
0.090354
0.062152
0.009735
-0.074362
-0.183345
-0.247699
-0.232463
-0.130853
0.003005
0.093112
0.086759
0.006280
-0.096626
-0.164595
-0.176363
-0.149760
-0.110593
-0.073030
-0.044458
-0.027053
-0.021974
-0.028150
-0.037865
-0.034230
-0.014019
0.028347
0.072697
0.111546
0.131839
0.138882
0.134702
0.143103
0.162292
0.182531
0.187147
0.166834
0.123229
0.071568
0.007036
-0.085278
-0.185840
-0.231563
-0.209013
-0.107991
0.025063
0.114421
0.120768
0.060672
-0.038671
-0.119471
-0.158616
-0.172086
-0.161844
-0.128323
-0.088728
-0.048661
-0.021331
-0.021113
-0.037170
-0.059675
-0.071163
-0.053989
-0.011937
0.033938
0.063907
0.066999
0.055522
0.072645
0.114059
0.171672
0.217518
0.223942
0.193359
0.156650
0.124957
0.098932
0.069445
0.011281
-0.095539
-0.212123
-0.259824
-0.212662
-0.079685
0.064841
0.131623
0.094031
-0.009468
-0.124537
-0.185324
-0.181419
-0.138884
-0.087510
-0.051495
-0.035736
-0.028168
-0.027523
-0.030452
-0.033241
-0.029357
-0.008263
0.043762
0.094912
0.123121
0.130275
0.126385
0.125484
0.153186
0.187616
0.209118
0.207660
0.173294
0.120444
0.077726
0.020435
-0.072526
-0.178031
-0.230628
-0.211998
-0.100860
0.040172
0.137768
0.143247
0.077680
-0.029504
-0.103956
-0.132055
-0.122913
-0.106182
-0.091108
-0.083345
-0.069114
-0.070060
-0.067684
-0.055513
-0.045344
-0.034409
-0.024221
-0.020251
-0.010444
0.006293
0.014911
0.029104
0.054991
0.097400
0.141380
0.176744
0.186984
0.186105
0.179140
0.171190
0.159574
0.140081
0.091968
0.022450
-0.062450
-0.155671
-0.222677
-0.214059
-0.138816
-0.019344
0.080204
0.102716
0.043980
-0.051542
-0.142451
-0.179119
-0.162051
-0.111769
-0.056649
-0.016090
-0.004129
-0.008240
-0.024190
-0.037131
-0.030395
0.001121
0.055599
0.109132
0.141386
0.148510
0.137650
0.129712
0.140932
0.165327
0.189131
0.199178
0.175424
0.133664
0.082059
0.016068
-0.092601
-0.194895
-0.239268
-0.203846
-0.084142
0.056131
0.138561
0.134623
0.063796
-0.040131
-0.106864
-0.129958
-0.119312
-0.104506
-0.088020
-0.081875
-0.063326
-0.059908
-0.066906
-0.069915
-0.061862
-0.047474
-0.022121
-0.004518
0.003633
0.011169
0.008704
0.012490
0.038495
0.089759
0.144205
0.183640
0.193963
0.180496
0.167646
0.167399
0.164354
0.148287
0.099162
0.018952
-0.079291
-0.169327
-0.225484
-0.206144
-0.124839
-0.010738
0.076491
0.099035
0.040360
-0.055646
-0.145705
-0.187823
-0.178300
-0.130179
-0.076146
-0.033318
-0.014968
-0.019530
-0.036357
-0.051588
-0.047849
-0.021651
0.026948
0.080528
0.117803
0.131217
0.124169
0.119629
0.124121
0.150412
0.179749
0.192733
0.174402
0.137870
0.092260
0.041387
-0.015653
-0.111858
-0.196450
-0.219655
-0.172194
-0.056062
0.067641
0.121952
0.098561
0.021435
-0.074212
-0.126911
-0.137394
-0.127402
-0.115088
-0.097986
-0.090755
-0.072832
-0.068443
-0.073039
-0.076345
-0.064547
-0.048779
-0.022977
-0.006655
-0.001421
0.002932
0.009573
0.026285
0.068546
0.125034
0.176088
0.201718
0.200732
0.180768
0.160826
0.146758
0.131600
0.095760
0.026108
-0.068578
-0.178882
-0.241914
-0.223521
-0.122837
0.006648
0.107199
0.118181
0.058150
-0.047660
-0.140047
-0.194107
-0.199507
-0.171541
-0.119442
-0.068782
-0.029019
-0.011402
-0.024211
-0.053924
-0.077964
-0.077417
-0.043590
0.016989
0.072043
0.096355
0.091146
0.077439
0.085788
0.119310
0.165984
0.200345
0.212001
0.187816
0.158060
0.117678
0.069567
-0.004909
-0.105151
-0.217719
-0.256949
-0.209663
-0.081436
0.060730
0.144025
0.123936
0.037337
-0.079264
-0.165226
-0.193465
-0.186227
-0.157277
-0.118509
-0.075332
-0.042333
-0.016096
-0.025094
-0.047885
-0.075412
-0.077754
-0.051499
0.009850
0.057447
0.081831
0.073016
0.064684
0.077885
0.129301
0.184230
0.223280
0.217677
0.189464
0.149646
0.124896
0.091482
0.031470
-0.087902
-0.222880
-0.288418
-0.243054
-0.094868
0.077382
0.175971
0.154898
0.056202
-0.071767
-0.158835
-0.193411
-0.184051
-0.164055
-0.125206
-0.087124
-0.039609
-0.010853
-0.010970
-0.041490
-0.076176
-0.092015
-0.064526
-0.005245
0.050749
0.078696
0.068121
0.049680
0.057485
0.106231
0.170973
0.223099
0.228210
0.199833
0.161675
0.134888
0.117677
0.072478
-0.020577
-0.152066
-0.261915
-0.274340
-0.173489
-0.009231
0.127119
0.166693
0.100042
-0.018154
-0.130542
-0.183050
-0.187402
-0.159638
-0.128321
-0.090762
-0.057754
-0.025009
-0.012046
-0.021667
-0.049442
-0.070413
-0.060407
-0.010760
0.054186
0.093458
0.100507
0.082977
0.083739
0.119633
0.167925
0.212180
0.229974
0.207657
0.166300
0.132133
0.096571
0.039391
-0.059284
-0.192148
-0.272132
-0.249900
-0.124505
0.045030
0.167606
0.171017
0.086031
-0.039417
-0.139457
-0.186715
-0.185148
-0.168565
-0.134929
-0.092818
-0.048955
-0.009874
-0.001740
-0.025436
-0.064526
-0.085558
-0.073675
-0.017209
0.041956
0.079037
0.074296
0.053693
0.051721
0.098576
0.164122
0.222826
0.236367
0.207715
0.167529
0.139268
0.120708
0.086346
0.002447
-0.130270
-0.255567
-0.283209
-0.195236
-0.024928
0.125857
0.181008
0.120182
0.004827
-0.111417
-0.171842
-0.183306
-0.167336
-0.149039
-0.117514
-0.077923
-0.032037
-0.004413
-0.011371
-0.046586
-0.080896
-0.085155
-0.045715
0.019692
0.071129
0.086913
0.070625
0.057841
0.080390
0.136090
0.191464
0.225990
0.217716
0.181943
0.146010
0.123206
0.091979
0.026651
-0.088579
-0.218389
-0.282326
-0.230631
-0.089429
0.074183
0.165902
0.145545
0.044789
-0.077249
-0.166800
-0.193284
-0.182518
-0.156761
-0.121141
-0.081114
-0.044305
-0.011843
-0.010921
-0.038019
-0.070796
-0.081581
-0.054520
0.007406
0.064894
0.090263
0.082451
0.068553
0.079565
0.126195
0.184846
0.224188
0.224264
0.191821
0.152131
0.125540
0.095677
0.028057
-0.083055
-0.224906
-0.291232
-0.247397
-0.097818
0.072525
0.180050
0.158042
0.058513
-0.070472
-0.164021
-0.197577
-0.186567
-0.164233
-0.126165
-0.084954
-0.045134
-0.010403
-0.009853
-0.035655
-0.072145
-0.086458
-0.061714
0.005871
0.063238
0.089920
0.077634
0.058211
0.064936
0.115880
0.180023
0.223279
0.224011
0.191035
0.150664
0.128803
0.109164
0.064287
-0.029659
-0.170506
-0.271976
-0.268660
-0.153723
0.016711
0.148581
0.165219
0.087547
-0.034297
-0.140083
-0.184529
-0.181106
-0.162521
-0.133071
-0.093159
-0.055457
-0.015620
-0.001034
-0.019659
-0.054195
-0.073022
-0.063000
-0.009219
0.053583
0.092339
0.097471
0.085239
0.080178
0.113289
0.170365
0.216422
0.230170
0.205835
0.163215
0.134047
0.106337
0.053303
-0.038891
-0.175057
-0.268194
-0.255873
-0.139090
0.028771
0.155420
0.169076
0.090126
-0.027765
-0.133098
-0.181903
-0.181862
-0.163864
-0.132254
-0.092499
-0.056122
-0.018337
-0.005972
-0.023215
-0.055188
-0.074311
-0.066777
-0.014272
0.045859
0.085586
0.089832
0.075032
0.070343
0.110277
0.167314
0.216758
0.232150
0.208453
0.171557
0.147464
0.122270
0.072792
-0.022577
-0.162079
-0.266647
-0.267215
-0.161271
0.005728
0.139710
0.169556
0.101933
-0.010392
-0.117762
-0.173068
-0.184145
-0.170689
-0.144338
-0.102142
-0.060781
-0.019775
-0.006016
-0.020085
-0.052583
-0.074991
-0.066717
-0.017629
0.042333
0.081759
0.085128
0.067224
0.065192
0.100586
0.157111
0.209038
0.228600
0.203268
0.168924
0.141821
0.118452
0.076017
-0.007942
-0.138078
-0.250677
-0.271663
-0.187305
-0.030396
0.111297
0.160128
0.108518
0.003060
-0.109135
-0.171014
-0.184803
-0.173402
-0.148417
-0.111074
-0.072352
-0.028885
-0.005240
-0.016310
-0.048926
-0.076560
-0.075003
-0.029344
0.034077
0.077258
0.085683
0.069564
0.062882
0.092850
0.150991
0.202894
0.220277
0.198140
0.159599
0.130769
0.115444
0.082141
0.001451
-0.117862
-0.241013
-0.278814
-0.208712
-0.059781
0.083666
0.150438
0.107352
0.006591
-0.104703
-0.170723
-0.186447
-0.171785
-0.146957
-0.113199
-0.075732
-0.037218
-0.011577
-0.020058
-0.045048
-0.071624
-0.067224
-0.029390
0.034964
0.079705
0.096000
0.082901
0.075203
0.096524
0.145498
0.190284
0.214694
0.197366
0.161253
0.127028
0.100820
0.058555
-0.018570
-0.142274
-0.250735
-0.268341
-0.183688
-0.030403
0.107024
0.152709
0.097570
-0.006882
-0.116204
-0.174918
-0.186138
-0.172310
-0.151866
-0.116877
-0.079693
-0.035428
-0.011616
-0.018276
-0.050224
-0.077770
-0.080116
-0.039693
0.020129
0.066468
0.080172
0.068717
0.064328
0.091557
0.140668
0.193618
0.218398
0.206077
0.171989
0.134651
0.108246
0.067632
-0.007865
-0.122066
-0.235454
-0.268525
-0.201631
-0.057687
0.084435
0.149521
0.110786
0.015857
-0.096970
-0.167191
-0.189214
-0.178888
-0.155681
-0.117957
-0.079027
-0.039026
-0.013956
-0.018631
-0.045915
-0.072720
-0.073823
-0.039417
0.020861
0.064931
0.082147
0.072241
0.067991
0.088683
0.140450
0.189628
0.212927
0.201351
0.166392
0.130676
0.111338
0.082365
0.011915
-0.096922
-0.219698
-0.273628
-0.216571
-0.077974
0.068882
0.147585
0.120847
0.026006
-0.082667
-0.159354
-0.182097
-0.176371
-0.154890
-0.123193
-0.078498
-0.038928
-0.007049
-0.012054
-0.038859
-0.070750
-0.072481
-0.041731
0.020409
0.069076
0.089761
0.081028
0.074413
0.092072
0.139741
0.189595
0.216989
0.207201
0.177100
0.141463
0.110390
0.072059
0.006548
-0.107253
-0.226130
-0.266878
-0.207538
-0.063859
0.085112
0.155367
0.122458
0.028300
-0.084766
-0.159494
-0.182233
-0.172790
-0.150426
-0.113931
-0.076400
-0.036006
-0.010572
-0.014076
-0.041122
-0.068036
-0.072446
-0.037813
0.021292
0.067181
0.084806
0.074998
0.063982
0.084667
0.132287
0.185453
0.221625
0.213643
0.180183
0.144308
0.115487
0.084242
0.021851
-0.081313
-0.203096
-0.261497
-0.216066
-0.089134
0.061837
0.147979
0.131034
0.043397
-0.062579
-0.148203
-0.174948
-0.171140
-0.151466
-0.122458
-0.083387
-0.049195
-0.014810
-0.010871
-0.030853
-0.060437
-0.070295
-0.048742
0.007421
0.059169
0.083856
0.079437
0.068304
0.080348
0.121036
0.173345
0.209312
0.213691
0.184716
0.148810
0.119405
0.090038
0.038065
-0.051770
-0.165105
-0.247405
-0.232801
-0.135337
0.012578
0.117260
0.137194
0.064687
-0.034649
-0.132555
-0.171517
-0.179283
-0.155041
-0.125264
-0.081942
-0.048042
-0.013660
-0.008185
-0.024855
-0.052460
-0.065464
-0.045759
0.006709
0.063157
0.092255
0.095440
0.083148
0.092887
0.124772
0.173209
0.203022
0.207313
0.180806
0.145001
0.116587
0.082162
0.017501
-0.072059
-0.181458
-0.242353
-0.205244
-0.096088
0.040904
0.130605
0.127082
0.049082
-0.048398
-0.137699
-0.173033
-0.172344
-0.150972
-0.120776
-0.078632
-0.045593
-0.013855
-0.008934
-0.027094
-0.055762
-0.064824
-0.047523
0.005522
0.055303
0.080654
0.078771
0.072154
0.084467
0.128321
0.182296
0.218252
0.216199
0.182962
0.142469
0.109850
0.081013
0.032257
-0.049490
-0.150055
-0.227985
-0.215628
-0.125582
0.008527
0.107580
0.126325
0.057334
-0.040277
-0.130021
-0.165355
-0.165883
-0.138561
-0.111763
-0.076936
-0.046717
-0.015980
-0.008697
-0.020778
-0.042197
-0.048904
-0.028416
0.017608
0.066840
0.091912
0.097590
0.092173
0.102917
0.133079
0.179537
0.205195
0.205692
0.171945
0.133904
0.097695
0.063413
0.008034
-0.072311
-0.171283
-0.219064
-0.184851
-0.080208
0.047690
0.124424
0.112634
0.034786
-0.066814
-0.146429
-0.167851
-0.155117
-0.124206
-0.093970
-0.062933
-0.039871
-0.015759
-0.014131
-0.024080
-0.041294
-0.041551
-0.020203
0.027492
0.066528
0.088822
0.090514
0.092545
0.108677
0.145976
0.182077
0.202996
0.196717
0.164109
0.129028
0.099904
0.061810
0.014691
-0.065436
-0.157136
-0.210199
-0.183075
-0.092316
0.030413
0.103120
0.100444
0.025124
-0.068165
-0.139639
-0.159326
-0.150416
-0.120114
-0.091185
-0.060903
-0.035775
-0.014649
-0.011596
-0.019315
-0.031432
-0.031451
-0.007305
0.033337
0.073967
0.098553
0.109530
0.114481
0.130561
0.154062
0.185766
0.196376
0.181726
0.145019
0.104434
0.063211
0.029696
-0.019428
-0.090943
-0.165685
-0.192666
-0.153753
-0.058965
0.044638
0.092508
0.062871
-0.019364
-0.104210
-0.156190
-0.155080
-0.129644
-0.096247
-0.069953
-0.043883
-0.030139
-0.019244
-0.020343
-0.022950
-0.024048
-0.004771
0.026248
0.068120
0.098402
0.119945
0.127966
0.138725
0.154715
0.176489
0.189177
0.183866
0.146427
0.103677
0.063745
0.024470
-0.027693
-0.111050
-0.183369
-0.196546
-0.140599
-0.030773
0.071081
0.106742
0.068053
-0.014929
-0.107883
-0.160197
-0.165939
-0.142249
-0.109002
-0.075944
-0.056201
-0.038035
-0.032521
-0.036639
-0.047210
-0.046651
-0.032485
0.003894
0.039836
0.066641
0.074836
0.081653
0.100020
0.135168
0.170683
0.192316
0.191292
0.165966
0.131138
0.102101
0.070076
0.031473
-0.034971
-0.119893
-0.191951
-0.201951
-0.143107
-0.039035
0.053150
0.084470
0.042312
-0.039133
-0.115278
-0.156037
-0.155783
-0.133864
-0.105592
-0.075996
-0.046661
-0.029315
-0.024870
-0.036220
-0.045778
-0.042084
-0.013149
0.027535
0.067508
0.090620
0.101373
0.107829
0.125223
0.146878
0.169602
0.178649
0.166643
0.135970
0.104963
0.073268
0.032692
-0.030718
-0.109572
-0.184015
-0.202477
-0.149588
-0.051327
0.045141
0.086408
0.055835
-0.024636
-0.104106
-0.154602
-0.156106
-0.139354
-0.113121
-0.092317
-0.063901
-0.044869
-0.027195
-0.033359
-0.043135
-0.049906
-0.031444
-0.002032
0.038885
0.063234
0.075607
0.085066
0.103909
0.137510
0.175348
0.196001
0.185642
0.152707
0.112763
0.082436
0.056242
0.011656
-0.052716
-0.135745
-0.199010
-0.192802
-0.123643
-0.018038
0.067456
0.082732
0.031200
-0.053690
-0.130347
-0.164931
-0.162824
-0.139696
-0.108521
-0.074930
-0.048090
-0.027922
-0.028963
-0.045097
-0.055744
-0.050246
-0.022590
0.019123
0.057889
0.076112
0.085864
0.090128
0.111899
0.143692
0.177179
0.186862
0.176503
0.146521
0.115634
0.089679
0.049796
-0.022039
-0.109722
-0.200371
-0.225010
-0.164832
-0.056718
0.050236
0.101095
0.067964
-0.011379
-0.097334
-0.154433
-0.167119
-0.150174
-0.128670
-0.102650
-0.073766
-0.049448
-0.030788
-0.030359
-0.045074
-0.057383
-0.049512
-0.021200
0.023562
0.057835
0.071340
0.076515
0.087960
0.112541
0.153884
0.184233
0.188867
0.170464
0.135245
0.105677
0.080802
0.042723
-0.030181
-0.128521
-0.218124
-0.227543
-0.156368
-0.031754
0.073059
0.108132
0.060412
-0.024450
-0.111912
-0.159554
-0.169462
-0.155107
-0.130222
-0.098616
-0.064642
-0.035477
-0.021639
-0.033111
-0.052954
-0.067486
-0.052796
-0.014624
0.033426
0.061126
0.070651
0.067848
0.079290
0.110679
0.157520
0.189265
0.194022
0.170911
0.136999
0.113791
0.094803
0.047670
-0.036776
-0.145495
-0.237032
-0.232548
-0.143327
-0.010323
0.093631
0.118096
0.056652
-0.029688
-0.111518
-0.155978
-0.162010
-0.151096
-0.132541
-0.101699
-0.068241
-0.037249
-0.016876
-0.028315
-0.051109
-0.067341
-0.056572
-0.019292
0.032892
0.061700
0.070398
0.064618
0.071031
0.101667
0.157449
0.201275
0.216824
0.189398
0.147912
0.118476
0.101393
0.054116
-0.027448
-0.151687
-0.252239
-0.249767
-0.151769
-0.002809
0.115950
0.142208
0.076058
-0.017282
-0.106416
-0.148991
-0.163551
-0.157184
-0.149273
-0.113763
-0.073373
-0.023526
-0.001682
-0.011401
-0.049161
-0.074527
-0.072559
-0.027431
0.030706
0.066893
0.071756
0.054093
0.054571
0.087991
0.150905
0.209990
0.232413
0.203902
0.164943
0.130724
0.116231
0.085096
0.004304
-0.119671
-0.241459
-0.267607
-0.186400
-0.027426
0.110993
0.166770
0.110941
0.013511
-0.088200
-0.137401
-0.157687
-0.153217
-0.150939
-0.124111
-0.082483
-0.026654
0.006340
0.004120
-0.033402
-0.071169
-0.078349
-0.041424
0.021509
0.067998
0.081830
0.061413
0.047634
0.069858
0.129241
0.194627
0.232466
0.221968
0.184386
0.148720
0.128803
0.108479
0.047686
-0.063755
-0.195883
-0.265481
-0.223904
-0.090770
0.067767
0.160117
0.149389
0.061359
-0.041432
-0.118254
-0.151009
-0.161002
-0.153104
-0.136659
-0.090827
-0.039520
0.005911
0.011837
-0.013754
-0.057883
-0.073906
-0.054081
0.003896
0.056901
0.080403
0.066435
0.046192
0.055126
0.105823
0.170417
0.224396
0.232307
0.200679
0.161197
0.134545
0.119199
0.091137
0.005775
-0.119520
-0.236779
-0.254799
-0.167942
-0.006299
0.125976
0.170426
0.108505
0.007135
-0.091341
-0.140208
-0.157204
-0.149991
-0.138700
-0.108269
-0.065401
-0.017376
0.010642
0.004263
-0.029610
-0.065046
-0.067456
-0.028841
0.033773
0.076464
0.085640
0.063796
0.052483
0.076723
0.139342
0.203697
0.238205
0.222260
0.185167
0.147904
0.127381
0.107330
0.042518
-0.078785
-0.219374
-0.280969
-0.227610
-0.072369
0.094136
0.181568
0.151646
0.050052
-0.067454
-0.140961
-0.163658
-0.160994
-0.147008
-0.127334
-0.088110
-0.041210
0.001460
0.005467
-0.016024
-0.060126
-0.073909
-0.051949
0.009492
0.058692
0.084072
0.064827
0.048603
0.064159
0.117432
0.182552
0.229649
0.227960
0.188707
0.149893
0.125845
0.111697
0.068201
-0.030983
-0.176156
-0.272154
-0.260082
-0.136845
0.039355
0.157927
0.167577
0.081810
-0.031960
-0.127174
-0.156823
-0.167986
-0.156821
-0.145336
-0.111630
-0.068532
-0.009294
0.006507
-0.005201
-0.050753
-0.080508
-0.075435
-0.019803
0.036615
0.074859
0.069491
0.044674
0.044456
0.088295
0.152525
0.213134
0.229184
0.201674
0.158863
0.127770
0.110096
0.081543
0.004276
-0.113187
-0.236971
-0.271247
-0.198105
-0.046938
0.095712
0.157814
0.111506
0.010642
-0.097524
-0.165227
-0.183008
-0.173882
-0.150368
-0.113029
-0.069522
-0.030023
-0.003957
-0.014151
-0.042300
-0.068698
-0.065940
-0.029134
0.030134
0.069562
0.076213
0.058817
0.053699
0.082293
0.136961
0.193075
0.222057
0.203802
0.162436
0.128209
0.105990
0.072607
-0.000873
-0.119630
-0.245049
-0.278289
-0.205194
-0.050432
0.097733
0.162812
0.113948
0.010927
-0.099733
-0.165841
-0.185605
-0.173406
-0.155394
-0.119610
-0.078207
-0.036574
-0.008660
-0.012847
-0.041861
-0.069885
-0.073031
-0.040537
0.016546
0.057307
0.070699
0.054970
0.048535
0.072477
0.131173
0.189677
0.220856
0.203222
0.162227
0.123527
0.102600
0.076489
0.014920
-0.093921
-0.221615
-0.272715
-0.222327
-0.079326
0.071979
0.152336
0.121058
0.028791
-0.084499
-0.156027
-0.184728
-0.175941
-0.158750
-0.126066
-0.088335
-0.045122
-0.015018
-0.011882
-0.036401
-0.067366
-0.079185
-0.053025
0.002995
0.051508
0.071584
0.058241
0.047585
0.066500
0.116891
0.177047
