0.141515
0.119190
0.137513
0.153443
0.215368
0.234872
0.232004
0.196319
0.139687
0.055923
0.012415
-0.059205
-0.153612
-0.220983
-0.283738
-0.283640
-0.246570
-0.184247
-0.131510
-0.099703
-0.116793
-0.149747
-0.181645
-0.157110
-0.087145
-0.003184
0.048365
0.091184
0.123642
0.158115
0.162400
0.149900
0.124564
0.131774
0.170443
0.228101
0.245918
0.245964
0.190900
0.128057
0.046197
-0.001696
-0.069333
-0.150232
-0.223837
-0.279813
-0.277083
-0.241862
-0.174920
-0.137881
-0.114604
-0.126662
-0.126589
-0.165349
-0.146391
-0.103230
-0.026410
0.034393
0.106954
0.142724
0.179582
0.159380
0.153169
0.130541
0.140680
0.165431
0.213710
0.217450
0.236200
0.193694
0.151372
0.077333
0.022736
-0.060860
-0.137685
-0.233809
-0.292259
-0.298799
-0.262082
-0.182372
-0.109704
-0.089646
-0.106112
-0.124221
-0.186580
-0.189880
-0.128628
-0.041855
0.060510
0.128319
0.153870
0.174490
0.154731
0.128353
0.122758
0.120356
0.146938
0.220982
0.249239
0.259949
0.216522
0.127708
0.039622
-0.004242
-0.070252
-0.131188
-0.197744
-0.274811
-0.263295
-0.234487
-0.177401
-0.149713
-0.128938
-0.148413
-0.136268
-0.173487
-0.152726
-0.094207
-0.018924
0.043497
0.102970
0.114884
0.146064
0.147592
0.147328
0.132665
0.144710
0.160282
0.222294
0.236143
0.239090
0.191329
0.133176
0.065907
0.026036
-0.025678
-0.116676
-0.220894
-0.291999
-0.283657
-0.243623
-0.185802
-0.160438
-0.141796
-0.131656
-0.110195
-0.133222
-0.152368
-0.134007
-0.077290
0.011293
0.083563
0.125191
0.154996
0.162260
0.153015
0.146288
0.130410
0.145887
0.187788
0.224177
0.237535
0.220556
0.147965
0.089935
0.018521
-0.031019
-0.133563
-0.191673
-0.270970
-0.269729
-0.252072
-0.203344
-0.172509
-0.127849
-0.124463
-0.105272
-0.146102
-0.178781
-0.139550
-0.067410
0.014771
0.095829
0.122394
0.141401
0.153047
0.148189
0.141266
0.137581
0.142797
0.180709
0.233296
0.242081
0.221561
0.155330
0.071079
0.005325
-0.016321
-0.102400
-0.159962
-0.229183
-0.298092
-0.281845
-0.226675
-0.172594
-0.109919
-0.113569
-0.128962
-0.148096
-0.169801
-0.135882
-0.047027
0.001814
0.063380
0.112931
0.138536
0.157179
0.158690
0.128753
0.128044
0.144606
0.177923
0.230266
0.240134
0.221309
0.186589
0.117244
0.029376
0.001583
-0.104308
-0.168977
-0.242665
-0.270766
-0.253909
-0.198844
-0.161352
-0.125445
-0.127723
-0.136243
-0.125846
-0.150229
-0.140874
-0.082101
-0.014583
0.059599
0.122104
0.139087
0.157089
0.152793
0.137858
0.140977
0.153101
0.163245
0.211388
0.220975
0.226903
0.193012
0.133354
0.049925
0.009366
-0.054391
-0.129300
-0.194588
-0.261080
-0.280084
-0.249321
-0.216185
-0.136444
-0.086066
-0.088905
-0.107945
-0.145547
-0.167210
-0.092703
-0.016027
0.052937
0.101233
0.117976
0.140675
0.171828
0.160661
0.152791
0.152213
0.160674
0.202617
0.237557
0.235237
0.208779
0.146574
0.063845
0.004791
-0.036478
-0.118620
-0.174456
-0.246478
-0.261662
-0.237251
-0.192052
-0.152231
-0.112642
-0.124185
-0.117446
-0.139218
-0.131540
-0.088656
-0.015284
0.031884
0.087541
0.108928
0.142719
0.161009
0.165017
0.146848
0.156250
0.165742
0.210134
0.229016
0.222585
0.198589
0.169744
0.112165
0.048362
-0.009348
-0.077656
-0.152901
-0.240577
-0.287649
-0.265500
-0.215311
-0.117631
-0.073831
-0.080883
-0.117286
-0.152424
-0.161731
-0.111701
-0.059463
0.012934
0.081099
0.137070
0.178682
0.194175
0.157662
0.133798
0.120098
0.147544
0.196219
0.253929
0.254157
0.243863
0.172032
0.107734
0.039566
0.008317
-0.043816
-0.120652
-0.203397
-0.262938
-0.256604
-0.215872
-0.163794
-0.116845
-0.093935
-0.103068
-0.104724
-0.135705
-0.119007
-0.067389
0.006926
0.071547
0.129414
0.147574
0.172553
0.165065
0.160848
0.150655
0.165098
0.186770
0.236103
0.247218
0.243491
0.184257
0.130721
0.070391
0.046890
-0.001809
-0.096197
-0.180368
-0.249275
-0.269527
-0.234458
-0.173400
-0.126243
-0.089759
-0.100409
-0.103024
-0.126046
-0.129657
-0.087746
-0.013037
0.044648
0.108003
0.146063
0.171607
0.169307
0.160744
0.143205
0.154653
0.171263
0.215912
0.248464
0.252171
0.219897
0.163853
0.090355
0.020405
-0.011787
-0.075834
-0.153059
-0.229335
-0.257370
-0.251837
-0.187377
-0.148056
-0.115916
-0.107124
-0.108130
-0.124851
-0.125133
-0.110007
-0.046822
0.026990
0.090081
0.136636
0.164430
0.164061
0.159765
0.150190
0.137300
0.147702
0.179367
0.223031
0.259239
0.252815
0.190259
0.116191
0.027915
-0.013792
-0.052081
-0.126717
-0.187266
-0.241637
-0.264418
-0.209179
-0.179759
-0.119980
-0.108641
-0.108987
-0.117668
-0.133004
-0.132111
-0.065713
-0.010807
0.054752
0.099897
0.133588
0.153155
0.168373
0.141659
0.132073
0.131915
0.162114
0.200796
0.230815
0.216560
0.194551
0.134179
0.058994
0.013688
-0.033041
-0.112318
-0.167147
-0.242129
-0.268554
-0.243161
-0.203397
-0.161783
-0.122234
-0.133033
-0.119589
-0.109836
-0.143362
-0.095958
-0.040304
0.008697
0.073907
0.107624
0.122345
0.157039
0.141584
0.132220
0.138311
0.134333
0.170718
0.219419
0.210027
0.198955
0.154362
0.086316
0.034235
0.005906
-0.057220
-0.137231
-0.208492
-0.301381
-0.291826
-0.249049
-0.199121
-0.128539
-0.103749
-0.121045
-0.100588
-0.138329
-0.160375
-0.103830
-0.061536
0.016012
0.097223
0.122743
0.148598
0.160171
0.119097
0.123171
0.122318
0.124674
0.173433
0.212027
0.200700
0.194335
0.118221
0.048384
-0.007369
-0.039489
-0.117244
-0.157981
-0.243070
-0.274276
-0.272018
-0.239897
-0.196651
-0.133521
-0.130615
-0.106111
-0.106479
-0.153165
-0.138660
-0.077713
-0.013901
0.061733
0.100261
0.114643
0.141315
0.128312
0.123216
0.126980
0.119259
0.138047
0.187391
0.203293
0.201326
0.158495
0.092536
0.032936
-0.009425
-0.057654
-0.128722
-0.193997
-0.260361
-0.272573
-0.259529
-0.207940
-0.165190
-0.124400
-0.121555
-0.110036
-0.109786
-0.142452
-0.113518
-0.056053
0.011635
0.075598
0.109780
0.117621
0.129396
0.122582
0.122289
0.133705
0.138461
0.157332
0.185644
0.189314
0.176405
0.139743
0.081850
0.014407
-0.023208
-0.078146
-0.143788
-0.206739
-0.259999
-0.278175
-0.246815
-0.213217
-0.156894
-0.111826
-0.099500
-0.094970
-0.111685
-0.127636
-0.079299
-0.023486
0.026073
0.067989
0.091107
0.114118
0.147075
0.149277
0.143630
0.136450
0.137996
0.158365
0.182282
0.182548
0.172251
0.135957
0.066942
-0.002431
-0.033685
-0.071586
-0.134884
-0.192031
-0.260955
-0.276981
-0.248503
-0.201979
-0.142536
-0.105858
-0.088014
-0.073578
-0.094450
-0.114366
-0.077771
-0.029903
0.030884
0.087014
0.117818
0.138318
0.155124
0.148254
0.143935
0.131971
0.135103
0.162082
0.195081
0.190447
0.175389
0.131086
0.070186
0.009731
-0.022147
-0.083273
-0.129013
-0.192339
-0.254507
-0.266099
-0.242094
-0.178122
-0.115626
-0.079943
-0.077187
-0.068190
-0.099899
-0.085148
-0.055933
-0.015872
0.017677
0.081826
0.116224
0.167623
0.162764
0.152831
0.127289
0.136051
0.141469
0.183434
0.186957
0.195411
0.178019
0.142765
0.063748
0.015497
-0.040097
-0.053060
-0.124114
-0.169631
-0.238467
-0.264927
-0.238554
-0.167722
-0.104098
-0.061078
-0.059003
-0.069052
-0.093360
-0.094935
-0.066228
-0.008890
0.046851
0.102888
0.142809
0.165084
0.159097
0.150053
0.130099
0.125885
0.140432
0.169056
0.196289
0.217196
0.193464
0.142368
0.065073
-0.007942
-0.045316
-0.077775
-0.137323
-0.179863
-0.242403
-0.259695
-0.225580
-0.172782
-0.110802
-0.062836
-0.060182
-0.064321
-0.106883
-0.098149
-0.054451
-0.000464
0.043912
0.085218
0.114271
0.153366
0.165734
0.156083
0.135108
0.125085
0.133662
0.175734
0.185616
0.186415
0.171683
0.123757
0.059823
0.008903
-0.031908
-0.082528
-0.142000
-0.218227
-0.271819
-0.274208
-0.225251
-0.135892
-0.094364
-0.082839
-0.076211
-0.094353
-0.107049
-0.092504
-0.063740
-0.018098
0.034808
0.083136
0.134176
0.156524
0.145568
0.134081
0.114294
0.111119
0.144885
0.174703
0.184907
0.182472
0.150408
0.104484
0.052599
-0.014326
-0.046242
-0.079306
-0.155510
-0.210051
-0.254905
-0.269845
-0.221443
-0.168883
-0.131185
-0.081348
-0.076775
-0.088984
-0.093372
-0.101965
-0.072909
-0.017631
0.020663
0.068025
0.114667
0.135419
0.149949
0.145828
0.113876
0.117466
0.128076
0.148079
0.172025
0.165634
0.147494
0.112090
0.046782
-0.003044
-0.047035
-0.108154
-0.158497
-0.211052
-0.260376
-0.278503
-0.240327
-0.173640
-0.095215
-0.067611
-0.065822
-0.093736
-0.122896
-0.109726
-0.058414
-0.014610
0.038107
0.075756
0.113783
0.139169
0.144170
0.135232
0.127901
0.115188
0.132482
0.161398
0.176703
0.181087
0.156412
0.086592
0.023897
-0.031478
-0.044318
-0.070447
-0.118950
-0.198044
-0.252726
-0.283819
-0.231333
-0.174001
-0.105491
-0.072774
-0.053406
-0.076180
-0.077965
-0.083771
-0.059138
-0.025180
0.023620
0.071662
0.132567
0.162783
0.177246
0.160090
0.139253
0.127339
0.141277
0.155156
0.175599
0.178673
0.161092
0.121218
0.059616
0.006140
-0.031266
-0.084110
-0.143160
-0.197214
-0.254260
-0.255906
-0.215793
-0.145063
-0.081951
-0.046817
-0.054524
-0.062931
-0.112769
-0.081770
-0.047305
0.009210
0.053069
0.106805
0.133714
0.177387
0.165949
0.158860
0.133461
0.130190
0.145900
0.186369
0.188323
0.193451
0.162233
0.114054
0.055565
0.015826
-0.025548
-0.072887
-0.127923
-0.194291
-0.243483
-0.247906
-0.205647
-0.129681
-0.077440
-0.048685
-0.036411
-0.061593
-0.090129
-0.070102
-0.044029
0.006147
0.059437
0.111466
0.159044
0.181073
0.166160
0.155365
0.136439
0.135968
0.157642
0.185658
0.187282
0.200795
0.168665
0.124868
0.046705
-0.007056
-0.048393
-0.078137
-0.141157
-0.194566
-0.252453
-0.240203
-0.188475
-0.116822
-0.070347
-0.054704
-0.065185
-0.075609
-0.110558
-0.070401
-0.035544
0.026749
0.074652
0.119884
0.134150
0.165822
0.150837
0.150898
0.131436
0.133322
0.148320
0.193036
0.190502
0.189723
0.141234
0.087684
0.028266
0.003254
-0.048256
-0.084417
-0.147660
-0.200967
-0.254765
-0.241088
-0.213205
-0.132501
-0.081990
-0.048859
-0.041081
-0.077706
-0.107519
-0.074569
-0.036233
0.014830
0.062865
0.095079
0.141872
0.167653
0.166509
0.151000
0.127783
0.118469
0.149272
0.170934
0.184700
0.184123
0.154311
0.093804
0.025599
-0.031288
-0.066381
-0.107022
-0.149497
-0.196612
-0.243208
-0.241112
-0.196734
-0.130014
-0.077612
-0.070854
-0.076518
-0.101317
-0.093200
-0.056156
-0.013589
0.024138
0.058667
0.093212
0.131515
0.150879
0.153389
0.143078
0.133862
0.139346
0.159146
0.176185
0.182266
0.166908
0.125093
0.056251
0.007810
-0.015942
-0.059331
-0.101114
-0.178845
-0.240585
-0.264040
-0.232932
-0.170330
-0.114362
-0.090015
-0.073432
-0.071881
-0.105909
-0.096859
-0.069897
-0.029072
0.029958
0.079593
0.118220
0.149657
0.143719
0.133515
0.125070
0.117673
0.140044
0.182447
0.184860
0.179874
0.151096
0.100990
0.049427
-0.006015
-0.040399
-0.075573
-0.131153
-0.179041
-0.250613
-0.259333
-0.228024
-0.185764
-0.123968
-0.085030
-0.063421
-0.043987
-0.099799
-0.124493
-0.079098
-0.035711
0.053653
0.110590
0.126083
0.144378
0.158266
0.140509
0.142947
0.117956
0.121357
0.161982
0.186927
0.185271
0.174098
0.101330
0.037762
-0.016117
-0.050998
-0.109695
-0.153103
-0.221001
-0.257489
-0.263998
-0.224033
-0.155058
-0.086389
-0.064630
-0.074294
-0.116523
-0.133813
-0.104427
-0.037617
0.015620
0.054858
0.083434
0.125628
0.151997
0.162877
0.143310
0.117661
0.115835
0.140305
0.173857
0.195441
0.179928
0.136096
0.066008
0.005580
-0.038090
-0.052317
-0.112745
-0.168041
-0.248314
-0.298703
-0.255657
-0.179079
-0.108393
-0.085594
-0.094573
-0.119120
-0.116455
-0.106764
-0.058001
-0.022627
0.014592
0.055657
0.108035
0.135384
0.146791
0.135524
0.125375
0.124911
0.143774
0.165520
0.185781
0.184765
0.164042
0.106039
0.039194
-0.003839
-0.028903
-0.061372
-0.122350
-0.199476
-0.262302
-0.281423
-0.247743
-0.177259
-0.120344
-0.092544
-0.078112
-0.101722
-0.106409
-0.090815
-0.058920
-0.016249
0.032811
0.074696
0.119829
0.142430
0.152645
0.152519
0.143067
0.141385
0.159763
0.176484
0.193497
0.186701
0.151111
0.084884
0.026229
-0.015340
-0.055559
-0.111993
-0.173492
-0.244438
-0.276481
-0.251860
-0.187617
-0.128307
-0.093321
-0.098802
-0.109443
-0.122191
-0.105355
-0.060638
-0.017817
0.017698
0.062380
0.109059
0.147021
0.163758
0.152737
0.140317
0.141576
0.159889
0.182608
0.195496
0.188646
0.159916
0.114342
0.047137
0.004212
-0.007126
-0.076752
-0.149048
-0.225861
-0.293838
-0.278458
-0.222459
-0.158498
-0.090804
-0.068466
-0.084747
-0.103327
-0.125972
-0.107838
-0.047052
0.011056
0.067244
0.119906
0.143424
0.157431
0.162900
0.143285
0.138681
0.159948
0.177674
0.206032
0.210654
0.181503
0.135500
0.078236
0.027638
-0.015685
-0.056813
-0.122901
-0.184435
-0.256549
-0.272780
-0.245776
-0.178446
-0.133222
-0.088142
-0.092597
-0.101908
-0.107935
-0.082266
-0.049177
-0.005344
0.031366
0.080897
0.128323
0.162094
0.169797
0.159927
0.145137
0.157853
0.183580
0.206079
0.210749
0.199905
0.161583
0.095753
0.045206
-0.002774
-0.038566
-0.107609
-0.185343
-0.256435
-0.287019
-0.255071
-0.199230
-0.131949
-0.098229
-0.081600
-0.103022
-0.124382
-0.116632
-0.075553
-0.033645
0.031472
0.075042
0.127391
0.161345
0.174065
0.161329
0.146154
0.136777
0.169981
0.210662
0.233255
0.225066
0.175932
0.095466
0.034340
-0.013564
-0.031699
-0.077957
-0.131820
-0.220278
-0.268089
-0.266205
-0.215579
-0.153897
-0.111019
-0.101623
-0.112150
-0.129591
-0.111452
-0.066081
-0.014315
0.027155
0.069896
0.109965
0.142651
0.159000
0.160020
0.146864
0.148169
0.170135
0.201943
0.225111
0.223195
0.179825
0.120832
0.059888
0.010797
-0.027250
-0.086554
-0.164495
-0.237604
-0.285408
-0.274170
-0.226421
-0.166351
-0.120670
-0.106730
-0.118343
-0.140727
-0.134501
-0.092967
-0.049966
0.011468
0.059242
0.103223
0.143978
0.159758
0.150535
0.141263
0.133587
0.155370
0.192339
0.215422
0.216744
0.187587
0.114876
0.057498
0.001838
-0.034945
-0.083662
-0.155438
-0.250289
-0.296695
-0.298701
-0.233348
-0.169951
-0.120925
-0.119804
-0.137615
-0.166922
-0.144011
-0.096445
-0.040696
-0.001691
0.035170
0.067691
0.121104
0.146647
0.158106
0.137207
0.132399
0.140519
0.181430
0.199860
0.213294
0.173956
0.129526
0.055663
0.010540
-0.029061
-0.054993
-0.137022
-0.194355
-0.301196
-0.326998
-0.277073
-0.198119
-0.128222
-0.100578
-0.122269
-0.154239
-0.149944
-0.127825
-0.070994
-0.027019
0.016535
0.077591
0.137437
0.150906
0.164576
0.134269
0.121295
0.130211
0.165359
0.192470
0.220321
0.194039
0.157671
0.079415
0.006702
-0.037352
-0.067609
-0.152576
-0.226243
-0.296797
-0.306540
-0.256659
-0.177916
-0.144219
-0.123214
-0.152578
-0.169813
-0.155828
-0.118720
-0.066934
-0.006607
0.028481
0.077757
0.122969
0.141002
0.145949
0.140112
0.128144
0.147834
0.186005
0.219556
0.231756
0.204441
0.150095
0.081641
0.028157
-0.025668
-0.053418
-0.121837
-0.204971
-0.263695
-0.293205
-0.263507
-0.205355
-0.151841
-0.115277
-0.124877
-0.153065
-0.155377
-0.118947
-0.068122
-0.007046
0.035794
0.074265
0.119652
0.155803
0.163877
0.153960
0.136668
0.144198
0.178935
0.209759
0.230400
0.221715
0.169279
0.105048
0.037233
-0.013782
-0.050788
-0.123337
-0.194390
-0.271770
-0.301165
-0.281836
-0.194728
-0.141775
-0.090691
-0.094852
-0.131771
-0.150458
-0.128730
-0.090990
-0.020297
0.031623
0.088042
0.144013
0.171432
0.180687
0.179611
0.150996
0.154194
0.178395
0.205201
0.232655
0.219974
0.176491
0.120832
0.050303
-0.003249
-0.038771
-0.102510
-0.186613
-0.261886
-0.294105
-0.260740
-0.183167
-0.132692
-0.095893
-0.111078
-0.155121
-0.152605
-0.115450
-0.062120
-0.000047
0.047011
0.091192
0.142931
0.162105
0.176956
0.172605
0.156799
0.163234
0.198358
0.215111
0.243575
0.223645
0.176979
0.121962
0.063215
0.006758
-0.021870
-0.099182
-0.176637
-0.259506
-0.303411
-0.265516
-0.198738
-0.136069
-0.093074
-0.099879
-0.135388
-0.135512
-0.110384
-0.054108
-0.004701
0.036679
0.077820
0.138834
0.165212
0.194161
0.176927
0.157995
0.159005
0.199283
0.222940
0.256851
0.223821
0.180979
0.107531
0.064131
0.004521
-0.016629
-0.099454
-0.168866
-0.265401
-0.274236
-0.249977
-0.177259
-0.134193
-0.099405
-0.109120
-0.139155
-0.158606
-0.113624
-0.058970
0.004667
0.059023
0.102712
0.142402
0.167284
0.176248
0.173079
0.166761
0.163266
0.206205
0.224277
0.242956
0.222913
0.186970
0.123443
0.062947
0.014213
-0.034664
-0.109569
-0.198952
-0.261577
-0.280391
-0.239316
-0.178041
-0.129984
-0.112569
-0.121697
-0.147888
-0.137541
-0.108551
-0.063096
-0.016768
0.038691
0.089074
0.150313
0.168878
0.178710
0.167804
0.159060
0.164760
0.204739
0.216062
0.235728
0.208414
0.170419
0.113325
0.051046
0.001911
-0.034913
-0.129362
-0.209444
-0.279360
-0.285906
-0.240631
-0.166084
-0.124389
-0.101824
-0.126781
-0.160296
-0.147664
-0.110981
-0.065986
-0.007554
0.034520
0.086072
0.147639
0.170591
0.175797
0.160965
0.137262
0.154346
0.196825
0.219693
0.245083
0.215270
0.157401
0.106725
0.060909
0.018811
-0.030082
-0.116173
-0.203472
-0.264350
-0.273682
-0.229625
-0.170820
-0.127241
-0.103903
-0.115687
-0.148496
-0.143530
-0.110819
-0.050557
0.015996
0.066815
0.106395
0.141037
0.158669
0.169940
0.164799
0.160235
0.181549
0.216713
0.237593
0.244996
0.222286
0.171439
0.109827
0.044451
0.014474
-0.033733
-0.117844
-0.182952
-0.257965
-0.271332
-0.216994
-0.152489
-0.114371
-0.102624
-0.132804
-0.145741
-0.131344
-0.091421
-0.032095
0.016923
0.051959
0.108863
0.165410
0.182089
0.184959
0.166406
0.155331
0.178964
0.213721
0.235364
0.259957
0.225832
0.184151
0.108760
0.032899
-0.000564
-0.016233
-0.069710
-0.134759
-0.229295
-0.269010
-0.255709
-0.193126
-0.129919
-0.089568
-0.094523
-0.104787
-0.105198
-0.086870
-0.052023
-0.011189
0.037103
0.094738
0.147719
0.181594
0.193267
0.183118
0.173413
0.175384
0.192841
0.210216
0.229190
0.227043
0.191645
0.133095
0.054778
0.007395
-0.028768
-0.080040
-0.143608
-0.224119
-0.270328
-0.247955
-0.187146
-0.125217
-0.094777
-0.108294
-0.139405
-0.138868
-0.100229
-0.043974
0.008863
0.048694
0.082116
0.126417
0.148907
0.167980
0.170103
0.163530
0.174297
0.202798
0.217834
0.232963
0.207394
0.163720
0.120765
0.064677
0.009499
-0.007793
-0.086562
-0.165967
-0.246483
-0.280340
-0.254968
-0.173892
-0.133589
-0.092732
-0.108307
-0.141965
-0.143842
-0.109344
-0.082016
-0.021863
0.019196
0.066411
0.127488
0.163345
0.170888
0.174580
0.145798
0.146621
0.173807
0.196976
0.217274
0.212967
0.170309
0.112379
0.056628
0.010346
-0.001497
-0.071355
-0.165772
-0.250585
-0.287100
-0.248868
-0.202276
-0.162328
-0.129870
-0.126755
-0.136118
-0.135579
-0.120890
-0.088278
-0.042967
0.012568
0.063301
0.102615
0.127664
0.144516
0.155831
0.148035
0.145444
0.168036
0.181542
0.204250
0.195232
0.158731
0.106310
0.057216
0.009760
-0.008150
-0.058343
-0.135484
-0.212491
-0.291845
-0.300887
-0.245946
-0.195012
-0.145909
-0.111934
-0.122586
-0.134034
-0.134458
-0.122600
-0.074321
-0.026472
0.025447
0.088697
0.128349
0.135595
0.148693
0.136660
0.131071
0.141320
0.159505
0.176162
0.194428
0.176163
0.137163
0.076086
0.001290
-0.045098
-0.076256
-0.137960
-0.196890
-0.257277
-0.294853
-0.247536
-0.200216
-0.156132
-0.138941
-0.142981
-0.162478
-0.140549
-0.116294
-0.064531
-0.037379
0.009903
0.053123
0.115913
0.127548
0.138714
0.121490
0.118291
0.126774
0.157338
0.164790
0.185076
0.158705
0.141812
0.090445
0.034863
-0.016941
-0.062657
-0.127910
-0.184538
-0.261853
-0.294564
-0.280487
-0.235198
-0.157444
-0.110108
-0.112449
-0.138674
-0.179264
-0.167232
-0.104582
-0.052958
0.008617
0.059210
0.101354
0.132463
0.137594
0.109162
0.099218
0.104000
0.137079
0.175352
0.191689
0.177363
0.155388
0.101466
0.038745
-0.011916
-0.062231
-0.091962
-0.132357
-0.201586
-0.274550
-0.304106
-0.269584
-0.192001
-0.136334
-0.114520
-0.115205
-0.148464
-0.151730
-0.117777
-0.077705
-0.034745
0.012686
0.060463
0.117759
0.146415
0.143984
0.124725
0.101912
0.101936
0.139574
0.170814
0.185624
0.179925
0.137211
0.078540
0.020405
-0.047458
-0.071166
-0.132193
-0.188744
-0.257323
-0.291331
-0.276938
-0.196791
-0.149454
-0.121331
-0.126583
-0.158831
-0.169030
-0.129603
-0.079747
-0.024147
0.010509
0.041358
0.092180
0.131209
0.132636
0.131406
0.101443
0.101142
0.139873
0.174712
0.191283
0.191260
0.152206
0.107438
0.041252
-0.024923
-0.061172
-0.077936
-0.134044
-0.185202
-0.264306
-0.287404
-0.242229
-0.188114
-0.141241
-0.117770
-0.118230
-0.123809
-0.120947
-0.104879
-0.064848
-0.017203
0.035413
0.087638
0.126049
0.135956
0.138573
0.130348
0.127723
0.132904
0.153756
0.175222
0.191968
0.178002
0.143001
0.076969
0.018675
-0.034280
-0.060986
-0.122075
-0.176306
-0.247710
-0.274159
-0.252708
-0.187523
-0.141859
-0.108279
-0.121140
-0.137648
-0.140992
-0.113342
-0.067064
-0.012979
0.023053
0.065053
0.108745
0.136596
0.141603
0.137673
0.126994
0.133544
0.159626
0.184347
0.197525
0.189530
0.151840
0.111056
0.051479
-0.005400
-0.040222
-0.074434
-0.139649
-0.186641
-0.248876
-0.253238
-0.222709
-0.180023
-0.131497
-0.091292
-0.099668
-0.099243
-0.108416
-0.091000
-0.050977
0.002196
0.046022
0.098078
0.128852
0.150562
0.162399
0.152669
0.140667
0.148450
0.160547
0.186608
0.202613
0.185783
0.147008
0.097597
0.037279
-0.010967
-0.056694
-0.107325
-0.155295
-0.215205
-0.251005
-0.230853
-0.173053
-0.120704
-0.083229
-0.087060
-0.112298
-0.123744
-0.099964
-0.046494
0.009847
0.061149
0.099656
0.132485
0.142106
0.142822
0.141994
0.141066
0.153605
0.185181
0.208936
0.221068
0.209613
0.163320
0.116113
0.067566
0.013222
-0.004659
-0.044336
-0.101651
-0.159574
-0.233042
-0.251516
-0.206636
-0.157655
-0.093413
-0.063570
-0.075154
-0.088915
-0.081958
-0.059201
-0.017733
0.014189
0.051998
0.101411
0.148952
0.170709
0.186773
0.170544
0.161364
0.166970
0.183474
0.198892
0.218880
0.201067
0.164080
0.102292
0.035244
-0.014254
-0.027622
-0.072343
-0.109181
-0.173443
-0.218966
-0.221201
-0.171712
-0.116582
-0.071893
-0.069595
-0.091010
-0.095457
-0.070202
-0.012608
0.035846
0.070806
0.086585
0.120938
0.152064
0.172135
0.171061
0.166508
0.162941
0.183555
0.208026
0.229905
0.215493
0.180466
0.131000
0.074794
0.026278
-0.001640
-0.040484
-0.094136
-0.166831
-0.239031
-0.247129
-0.195305
-0.128682
-0.073094
-0.047005
-0.074629
-0.093104
-0.092738
-0.066523
-0.017346
0.029285
0.074262
0.128743
0.164767
0.175145
0.172642
0.150175
0.144265
0.170367
0.201331
0.218071
0.224508
0.202094
0.163024
0.127727
0.059782
-0.001265
-0.035130
-0.088373
-0.128180
-0.173165
-0.220313
-0.225602
-0.172943
-0.137833
-0.083344
-0.060043
-0.078916
-0.075570
-0.061200
-0.042189
0.004158
0.039222
0.069448
0.131254
0.156148
0.171589
0.186245
0.170085
0.164001
0.185386
0.185962
0.199236
0.204814
0.170395
0.133491
0.087696
0.008050
-0.008843
-0.050409
-0.121792
-0.187588
-0.253458
-0.259356
-0.195528
-0.139689
-0.077621
-0.053278
-0.085014
-0.099464
-0.091878
-0.066080
-0.019041
0.022108
0.062917
0.116797
0.152637
0.170828
0.178770
0.158196
0.151278
0.169539
0.185874
0.199843
0.218471
0.193782
0.159809
0.099616
0.041761
-0.004230
-0.050259
-0.124980
-0.166563
-0.236755
-0.242963
-0.195189
-0.144709
-0.108996
-0.083167
-0.097401
-0.107093
-0.110370
-0.077439
-0.022026
0.021237
0.045178
0.086304
0.124682
0.155783
0.177758
0.172764
0.154821
0.157527
0.181753
0.198668
0.218929
0.199589
0.167665
0.119535
0.049549
0.000202
-0.036696
-0.115062
-0.164902
-0.211828
-0.239577
-0.212605
-0.161668
-0.142184
-0.102246
-0.107422
-0.118664
-0.103561
-0.078820
-0.042773
0.007882
0.034307
0.070263
0.124450
0.143362
0.157306
0.158113
0.141681
0.155761
0.189321
0.196542
0.213106
0.204389
0.168389
0.131478
0.076475
-0.000529
-0.022531
-0.108597
-0.161538
-0.219487
-0.247102
-0.242698
-0.181364
-0.156871
-0.097472
-0.084339
-0.110765
-0.125486
-0.120584
-0.087483
-0.015752
0.033892
0.068851
0.115528
0.137246
0.160415
0.162770
0.138468
0.133280
0.161122
0.178485
0.216976
0.212360
0.176330
0.129683
0.072311
0.004132
-0.025450
-0.113426
-0.160062
-0.218337
-0.255989
-0.238738
-0.198011
-0.165408
-0.123848
-0.119691
-0.137430
-0.142269
-0.135672
-0.081408
-0.022516
0.015709
0.051602
0.085070
0.105411
0.132067
0.140829
0.133582
0.134974
0.153835
0.179685
0.201077
0.193445
0.166876
0.113216
0.061165
-0.000404
-0.024544
-0.090029
-0.162007
-0.228918
-0.296384
-0.285555
-0.225159
-0.170373
-0.122338
-0.110958
-0.141640
-0.156042
-0.167605
-0.127632
-0.067462
-0.010484
0.037129
0.094455
0.120396
0.142573
0.136626
0.123834
0.105877
0.122221
0.149271
0.195218
0.205260
0.181782
0.128119
0.057755
-0.011381
-0.038826
-0.120335
-0.190322
-0.263607
-0.305304
-0.283064
-0.217783
-0.165360
-0.120441
-0.134818
-0.172619
-0.190131
-0.181521
-0.127706
-0.053596
-0.011931
0.041818
0.087991
0.116486
0.126743
0.116102
0.087391
0.101406
0.135753
0.180483
0.210640
0.206832
0.155823
0.114107
0.044094
-0.006665
-0.032537
-0.096710
-0.193937
-0.253216
-0.297230
-0.279256
-0.215140
-0.177733
-0.142514
-0.140727
-0.167692
-0.174969
-0.164589
-0.133137
-0.066856
-0.008970
0.032847
0.081003
0.119695
0.130194
0.136578
0.114774
0.109607
0.133060
0.168639
0.195072
0.212956
0.190914
0.147876
0.079605
-0.000058
-0.050687
-0.125582
-0.180561
-0.242415
-0.281687
-0.269211
-0.231066
-0.174627
-0.125837
-0.126975
-0.152192
-0.176758
-0.174619
-0.124124
-0.059610
0.000823
0.057774
0.097522
0.125169
0.140260
0.140223
0.128168
0.135866
0.153139
0.189611
0.214690
0.211550
0.185534
0.136170
0.072209
0.007984
-0.021947
-0.102721
-0.157356
-0.249482
-0.293316
-0.283616
-0.219767
-0.156601
-0.101283
-0.112161
-0.141372
-0.170889
-0.167139
-0.119042
-0.054632
0.002467
0.069692
0.117227
0.154940
0.162289
0.154881
0.133278
0.135846
0.154794
0.194559
0.229234
0.240055
0.213584
0.157618
0.072665
0.016133
-0.027538
-0.094047
-0.175951
-0.251866
-0.283748
-0.253379
-0.172084
-0.116461
-0.091981
-0.113298
-0.160220
-0.178724
-0.164329
-0.100358
-0.027911
0.043254
0.093453
0.140133
0.157904
0.159503
0.150318
0.137575
0.144601
0.179488
0.218924
0.244683
0.244155
0.207651
0.152555
0.084296
0.022509
-0.032158
-0.105374
-0.190270
-0.251637
-0.271324
-0.231867
-0.161826
-0.111742
-0.092355
-0.117401
-0.161265
-0.168382
-0.137544
-0.076234
-0.016767
0.033421
0.083516
0.136190
0.168679
0.182176
0.166271
0.143972
0.152650
0.186527
0.227151
0.251247
0.246481
0.198063
0.147495
0.069211
0.031329
-0.011179
-0.099384
-0.185332
-0.274200
-0.292346
-0.233727
-0.170466
-0.104497
-0.085306
-0.116064
-0.159490
-0.168917
-0.148143
-0.076132
-0.016552
0.045182
0.098800
0.144832
0.167736
0.182120
0.159017
0.141540
0.148710
0.186097
0.227126
0.248773
0.238866
0.203867
0.144792
0.070699
0.023612
-0.043824
-0.142833
-0.216002
-0.284582
-0.257933
-0.211949
-0.143708
-0.109708
-0.113859
-0.144115
-0.170848
-0.176015
-0.139633
-0.075093
-0.010208
0.060114
0.105089
0.142245
0.155708
0.154588
0.146507
0.148245
0.161268
0.201166
0.238451
0.254435
0.238480
0.191634
0.121031
0.054773
0.009523
-0.061441
-0.155166
-0.238961
-0.275320
-0.245471
-0.202261
-0.154589
-0.119566
-0.116823
-0.137800
-0.167733
-0.177930
-0.140103
-0.079723
-0.007522
0.063270
0.112588
0.150667
0.166932
0.168073
0.155689
0.144894
0.161240
0.200472
0.228807
0.238674
0.216635
0.173069
0.113532
0.047644
0.000562
-0.087535
-0.184246
-0.263062
-0.283095
-0.248724
-0.198382
-0.148597
-0.125082
-0.126286
-0.142843
-0.170354
-0.170014
-0.140132
-0.078589
-0.004437
0.073323
0.126462
0.172067
0.173557
0.162282
0.135897
0.134448
0.155014
0.207464
0.238876
0.254049
0.221307
0.170567
0.087427
0.028878
-0.035914
-0.120466
-0.205792
-0.261139
-0.263283
-0.230659
-0.179398
-0.140826
-0.118773
-0.134493
-0.157158
-0.187089
-0.168666
-0.113201
-0.036529
0.026446
0.079825
0.113000
0.158662
0.162839
0.166919
0.143611
0.144366
0.164041
0.220069
0.237761
0.245411
0.195677
0.151809
0.069708
0.016829
-0.056232
-0.136240
-0.218428
-0.261806
-0.268171
-0.226900
-0.167167
-0.121838
-0.114978
-0.147833
-0.188010
-0.190418
-0.150076
-0.081428
-0.015528
0.038979
0.079949
0.128350
0.156517
0.160724
0.150182
0.137507
0.145953
0.192651
0.223873
0.238671
0.231035
0.187734
0.133390
0.066491
0.003959
-0.054773
-0.157438
-0.228606
-0.302926
-0.274722
-0.210230
-0.138795
-0.107527
-0.107318
-0.153556
-0.176908
-0.187851
-0.148521
-0.075494
-0.018751
0.035937
0.101107
0.138581
0.163900
0.171721
0.151219
0.142938
0.159178
0.188700
0.240265
0.254000
0.227287
0.193773
0.118588
0.044883
-0.004719
-0.071843
-0.155913
-0.218979
-0.295253
-0.265800
-0.202674
-0.137027
-0.097981
-0.107978
-0.165118
-0.180546
-0.181845
-0.119387
-0.053404
0.006607
0.047863
0.109154
0.142383
0.177399
0.175381
0.156528
0.142019
0.164183
0.193722
0.240795
0.255394
0.225342
0.167984
0.078512
0.012633
-0.017108
-0.108126
-0.182390
-0.266612
-0.304994
-0.254201
-0.176619
-0.110647
-0.093893
-0.140290
-0.187474
-0.194018
-0.162254
-0.089519
-0.030615
0.016161
0.067611
0.126477
0.166895
0.175917
0.154335
0.130329
0.141212
0.185392
0.232629
0.250272
0.240643
0.207379
0.146906
0.072998
0.020479
-0.054515
-0.146387
-0.216669
-0.280714
-0.271378
-0.216317
-0.155332
-0.111350
-0.109945
-0.148050
-0.168266
-0.185931
-0.158796
-0.080439
-0.020790
0.032573
0.091355
0.134265
0.168122
0.178876
0.153515
0.143204
0.151173
0.183034
0.238180
0.258189
0.236720
0.191037
0.129182
0.060196
0.022964
-0.064796
-0.154879
-0.248903
-0.284061
-0.256945
-0.188890
-0.130100
-0.108673
-0.110578
-0.147152
-0.168743
-0.178363
-0.138634
-0.082485
-0.002638
0.062864
0.123801
0.157118
0.168502
0.151088
0.143894
0.138657
0.171027
0.208200
0.253446
0.253167
0.244537
0.167885
0.111028
0.032973
0.003509
-0.083545
-0.142089
-0.244228
-0.272767
-0.249731
-0.180257
-0.119283
-0.088589
-0.120124
-0.149009
-0.185423
-0.165704
-0.099263
-0.021759
0.019698
0.068433
0.102101
0.150617
0.176971
0.177622
0.153558
0.153682
0.176345
0.228351
0.255108
0.236063
0.202906
0.164694
0.115077
0.051761
0.006131
-0.095251
-0.179704
-0.245250
-0.282450
-0.244582
-0.181653
-0.115283
-0.080652
-0.105830
-0.167343
-0.179792
-0.163013
-0.101556
-0.032133
0.020148
0.071455
0.133724
0.171387
0.179687
0.162975
0.132409
0.134825
0.179699
0.228216
0.258665
0.254204
0.209510
0.165344
0.091663
0.031430
-0.009279
-0.106369
-0.195259
-0.271864
-0.283192
-0.230704
-0.154855
-0.110459
-0.089180
-0.130202
-0.164894
-0.176812
-0.158168
-0.099270
-0.026174
0.020795
0.080505
0.127530
0.164900
0.179818
0.166499
0.138656
0.148413
0.160998
0.208111
0.246238
0.253331
0.215685
0.165859
0.076005
0.023279
-0.042227
-0.126579
-0.194349
-0.257584
-0.282547
-0.227264
-0.169178
-0.114615
-0.105446
-0.129117
-0.156570
-0.159888
-0.164632
-0.101305
-0.041810
0.021304
0.085346
0.140873
0.165909
0.174540
0.151200
0.138421
0.147573
0.175579
0.216437
0.253297
0.243444
0.201623
0.143114
0.060813
0.021471
-0.029816
-0.136642
-0.213581
-0.281528
-0.296855
-0.233728
-0.158243
-0.102679
-0.085819
-0.127473
-0.168260
-0.179559
-0.175909
-0.115950
-0.035557
0.019555
0.099171
0.163270
0.190441
0.182116
0.153995
0.113416
0.133791
0.162459
0.213989
0.246092
0.244208
0.204438
0.161047
0.065561
0.002634
-0.045193
-0.151011
-0.207970
-0.255755
-0.267046
-0.209782
-0.154482
-0.125939
-0.103269
-0.146208
-0.169234
-0.172972
-0.160114
-0.099518
-0.002027
0.037129
0.092416
0.123668
0.145174
0.152874
0.152934
0.123588
0.151464
0.175109
0.221113
0.245174
0.231373
0.184562
0.136419
0.062052
0.015651
-0.034426
-0.133375
-0.197066
-0.248635
-0.264679
-0.224918
-0.174293
-0.128867
-0.100166
-0.123901
-0.142521
-0.161190
-0.171207
-0.122252
-0.038407
0.023579
0.092435
0.134400
0.156257
0.161811
0.142214
0.118698
0.133840
0.158615
0.201258
0.235938
0.234717
0.198207
0.150276
0.084403
0.012127
-0.033999
-0.107796
-0.168629
-0.228915
-0.264516
-0.238506
-0.191216
-0.148497
-0.111869
-0.118337
-0.135171
-0.152268
-0.154470
-0.123161
-0.056170
-0.004622
0.063055
0.113592
0.145580
0.150876
0.144093
0.118379
0.129920
0.154179
0.184833
0.215843
0.218830
0.195642
0.157267
0.097981
0.023320
-0.017534
-0.103794
-0.177374
-0.241020
-0.298088
-0.271856
-0.195693
-0.139072
-0.094663
-0.110622
-0.148496
-0.169759
-0.194124
-0.168759
-0.080448
-0.002925
0.068091
0.113221
0.120638
0.135537
0.141615
0.125098
0.108168
0.115200
0.144307
0.201254
0.212986
0.203981
0.166308
0.112818
0.042123
-0.006443
-0.069691
-0.161004
-0.239795
-0.288428
-0.289914
-0.231863
-0.175220
-0.131842
-0.116710
-0.128904
-0.143187
-0.160767
-0.167594
-0.119950
-0.048860
0.020550
0.084068
0.115785
0.131888
0.134567
0.126083
0.111178
0.116115
0.137822
0.181379
0.204810
0.202186
0.169876
0.121626
0.063965
0.000530
-0.046448
-0.131864
-0.203958
-0.260727
-0.275815
-0.247102
-0.201908
-0.155391
-0.124838
-0.123446
-0.134300
-0.144236
-0.165155
-0.143496
-0.088594
-0.009690
0.062030
0.116381
0.135327
0.148366
0.128207
0.114992
0.104359
0.118683
0.138476
0.181043
0.195902
0.199588
0.153349
0.095701
0.020396
-0.025756
-0.092884
-0.155968
-0.225149
-0.260856
-0.268954
-0.234205
-0.200794
-0.140017
-0.112125
-0.098481
-0.109029
-0.137119
-0.146409
-0.094023
-0.030540
0.038053
0.079154
0.106338
0.137564
0.159408
0.149978
0.132739
0.120233
0.133461
0.175733
0.206562
0.203570
0.172927
0.111091
0.062705
0.017801
-0.025597
-0.108971
-0.181609
-0.231589
-0.270244
-0.241476
-0.193465
-0.139456
-0.099354
-0.095474
-0.110697
-0.119543
-0.145073
-0.121258
-0.049570
0.010715
0.070701
0.126207
0.142956
0.158042
0.144825
0.124934
0.121498
0.142850
0.166481
0.198837
0.209737
0.197803
0.173426
0.121748
0.039870
-0.022173
-0.087048
-0.149461
-0.184855
-0.221453
-0.230480
-0.200364
-0.160211
-0.117172
-0.093068
-0.097986
-0.102938
-0.115084
-0.116995
-0.069346
-0.001771
0.052175
0.106328
0.136895
0.156554
0.160207
0.145441
0.135643
0.140875
0.157149
0.194099
0.217152
0.218536
0.189187
0.140886
0.082903
0.027631
-0.007659
-0.083848
-0.163084
-0.226631
-0.269374
-0.247891
-0.183271
-0.122338
-0.076858
-0.066422
-0.080506
-0.092221
-0.126008
-0.124793
-0.064082
0.012413
0.081696
0.139777
0.162981
0.177854
0.173119
0.148593
0.130997
0.130440
0.152424
0.207060
0.233160
0.225006
0.178609
0.113674
0.065873
0.014462
-0.043160
-0.122951
-0.197581
-0.245561
-0.251356
-0.218292
-0.156281
-0.114758
-0.084689
-0.076918
-0.082131
-0.093792
-0.123023
-0.095568
-0.037207
0.037908
0.099763
0.145614
0.159714
0.175370
0.159848
0.150525
0.133349
0.144934
0.167369
0.211469
0.208578
0.200214
0.162259
0.102526
0.035976
-0.007273
-0.093462
-0.175338
-0.234660
-0.253739
-0.225457
-0.161306
-0.133946
-0.092876
-0.100270
-0.105819
-0.103595
-0.109791
-0.107998
-0.047108
0.015070
0.076742
0.122271
0.128156
0.133768
0.139816
0.136449
0.140107
0.149713
0.157602
0.182395
0.212892
0.206687
0.179301
0.120535
0.047391
-0.002044
-0.044783
-0.121721
-0.183913
-0.247149
-0.251839
-0.224003
-0.178021
-0.136121
-0.094008
-0.079861
-0.078592
-0.107420
-0.132447
-0.106293
-0.036303
0.032904
0.089253
0.118174
0.133283
0.144817
0.145879
0.135670
0.124951
0.122397
0.145256
0.186023
0.207084
0.202911
0.155734
0.088850
0.009806
-0.024906
-0.098694
-0.174411
-0.231875
-0.287636
-0.273386
-0.218148
-0.149666
-0.078667
-0.059151
-0.088782
-0.123915
-0.165152
-0.168517
-0.085240
-0.006824
0.067781
0.122333
0.144046
0.151589
0.148732
0.106940
0.089548
0.101722
0.127835
0.182828
0.215562
0.204677
0.183796
0.123198
0.057301
-0.011309
-0.072295
-0.162649
-0.222486
-0.275285
-0.277265
-0.236313
-0.172699
-0.126101
-0.082627
-0.097275
-0.122334
-0.145750
-0.164192
-0.122295
-0.042445
0.015124
0.073800
0.107450
0.123550
0.141413
0.131189
0.107242
0.109724
0.120807
0.152857
0.184084
0.190999
0.178384
0.136314
0.074281
0.004237
-0.033619
-0.104565
-0.189767
-0.263177
-0.300131
-0.263012
-0.203215
-0.154982
-0.125489
-0.117953
-0.120032
-0.118637
-0.140430
-0.144536
-0.096767
-0.023746
0.053680
0.106945
0.122660
0.128475
0.124333
0.115900
0.114028
0.112577
0.130039
0.171433
0.202089
0.199401
0.161756
0.098081
0.033865
-0.031890
-0.083413
-0.171707
-0.231155
-0.281808
-0.290857
-0.233958
-0.172843
-0.121818
-0.090674
-0.116625
-0.138356
-0.155807
-0.156620
-0.109096
-0.026096
0.031845
0.089622
0.113548
0.122764
0.128213
0.119855
0.103300
0.120469
0.143447
0.174094
0.202724
0.197577
0.169946
0.118866
0.059133
0.004804
-0.015523
-0.111718
-0.196834
-0.263738
-0.294425
-0.268257
-0.202136
-0.146480
-0.088513
-0.085691
-0.101620
-0.116888
-0.149426
-0.138959
-0.071110
-0.004259
0.059365
0.112811
0.143847
0.167969
0.154186
0.126686
0.106552
0.119393
0.145980
0.199182
0.208445
0.203023
0.154740
0.122963
0.053462
0.002466
-0.080305
-0.175760
-0.252442
-0.272793
-0.258725
-0.188800
-0.137190
-0.105363
-0.091144
-0.109392
-0.125565
-0.136965
-0.133304
-0.080056
-0.001638
0.058475
0.112580
0.134375
0.139134
0.141804
0.137942
0.124556
0.138496
0.163878
0.190092
0.214116
0.224561
0.205959
0.155375
0.076182
0.005832
-0.021314
-0.096885
-0.174155
-0.248655
-0.270273
-0.245758
-0.159129
-0.102776
-0.072995
-0.076065
-0.099836
-0.113372
-0.132061
-0.118289
-0.047615
0.038860
0.098856
0.158271
0.167273
0.167411
0.158505
0.147056
0.126506
0.143237
0.170920
0.231148
0.256052
0.246466
0.186484
0.135873
0.047756
0.005414
-0.064527
-0.141858
-0.206633
-0.241822
-0.234939
-0.169037
-0.123477
-0.082448
-0.067442
-0.086164
-0.104335
-0.120408
-0.111314
-0.041982
0.032408
0.085261
0.130722
0.142805
0.154954
0.163265
0.160009
0.148524
0.163986
0.182292
0.215607
0.237419
0.239693
0.201033
0.146965
0.077167
0.024243
-0.011654
-0.099704
-0.175324
-0.224064
-0.252370
-0.213057
-0.138405
-0.099178
-0.065528
-0.070102
-0.085639
-0.091553
-0.097647
-0.082001
-0.011917
0.038607
0.095087
0.146842
0.171855
0.178225
0.181351
0.154705
0.147295
0.159621
0.190436
0.218570
0.238200
0.214214
0.174620
0.135257
0.060457
0.008609
-0.067189
-0.161159
-0.215030
-0.258490
-0.244012
-0.184591
-0.111944
-0.078164
-0.044923
-0.071586
-0.095501
-0.125811
-0.120009
-0.060809
0.027208
0.086155
0.142872
0.159863
0.163496
0.158526
0.159077
0.144140
0.155997
0.170741
0.206519
0.217150
0.227888
0.193695
0.146752
0.069201
0.008874
-0.043330
-0.113824
-0.179915
-0.219210
-0.235087
-0.205674
-0.153853
-0.118734
-0.086812
-0.090939
-0.092804
-0.109360
-0.118202
-0.086873
-0.005875
0.052780
0.112407
0.129455
0.136667
0.134790
0.139554
0.133808
0.150377
0.164204
0.199677
0.220536
0.213048
0.182617
0.151193
0.093726
0.030070
-0.003405
-0.067408
-0.149207
-0.196625
-0.253734
-0.248613
-0.206193
-0.156521
-0.111114
-0.084275
-0.097615
-0.089587
-0.103702
-0.107074
-0.055178
-0.009259
0.033874
0.086881
0.118531
0.144961
0.161216
0.147735
0.140416
0.147012
0.150323
0.171583
0.188611
0.180281
0.172488
0.127824
0.058822
0.001964
-0.037517
-0.089429
-0.154439
-0.216997
-0.277848
-0.253351
-0.211051
-0.143618
-0.097319
-0.077970
-0.087030
-0.093037
-0.119825
-0.096362
-0.052406
0.004271
0.059629
0.109514
0.124721
0.151705
0.149767
0.142966
0.129967
0.134366
0.148073
0.189045
0.195709
0.187540
0.146256
0.094235
0.028802
-0.025281
-0.085468
-0.137581
-0.197500
-0.242581
-0.252805
-0.223708
-0.178931
-0.124948
-0.104699
-0.095496
-0.112217
-0.121832
