0.055924
0.040580
0.028277
0.013413
-0.001108
-0.010944
-0.022802
-0.033257
-0.047481
-0.060310
-0.072577
-0.079081
-0.081378
-0.080807
-0.075914
-0.071880
-0.069561
-0.070527
-0.072730
-0.074899
-0.074334
-0.073986
-0.071185
-0.069712
-0.066682
-0.063770
-0.060185
-0.055081
-0.050324
-0.044465
-0.042038
-0.043143
-0.052193
-0.057942
-0.059091
-0.058587
-0.052451
-0.046554
-0.040613
-0.039038
-0.035404
-0.036616
-0.037451
-0.034460
-0.028997
-0.021843
-0.015941
-0.010784
-0.010130
-0.007074
-0.002452
0.002091
0.009316
0.014765
0.020828
0.026368
0.033098
0.042521
0.053195
0.069024
0.084112
0.095725
0.101284
0.099106
0.093598
0.090536
0.091199
0.094393
0.101772
0.111960
0.121508
0.127624
0.126496
0.122236
0.114990
0.108379
0.097617
0.088218
0.072547
0.057170
0.040687
0.029164
0.015430
0.004838
-0.004591
-0.014302
-0.026708
-0.043045
-0.057971
-0.074258
-0.079686
-0.080479
-0.074224
-0.070799
-0.066574
-0.063221
-0.066751
-0.070012
-0.071993
-0.070512
-0.069931
-0.066254
-0.065625
-0.065825
-0.063038
-0.058421
-0.052169
-0.043285
-0.035724
-0.034735
-0.040414
-0.053162
-0.060271
-0.062376
-0.057061
-0.050625
-0.040781
-0.035179
-0.033567
-0.031745
-0.034602
-0.033834
-0.030245
-0.023456
-0.018600
-0.015318
-0.014806
-0.013452
-0.008946
-0.000519
0.007319
0.015888
0.022029
0.026807
0.031300
0.037824
0.047131
0.059744
0.076788
0.092757
0.101700
0.103485
0.101480
0.094013
0.092612
0.095201
0.100108
0.109480
0.119832
0.126511
0.129141
0.129582
0.127000
0.122858
0.113661
0.102036
0.088670
0.068943
0.049655
0.034704
0.023932
0.013738
0.008175
0.000525
-0.012892
-0.029376
-0.046820
-0.063779
-0.075701
-0.079659
-0.078632
-0.074504
-0.069721
-0.067975
-0.067969
-0.068059
-0.068434
-0.067343
-0.064860
-0.063743
-0.064065
-0.064921
-0.065205
-0.064166
-0.060071
-0.053132
-0.045452
-0.040062
-0.038457
-0.044300
-0.054255
-0.060193
-0.062262
-0.058555
-0.051611
-0.042629
-0.038827
-0.035816
-0.035274
-0.036403
-0.034774
-0.030345
-0.023584
-0.018116
-0.012755
-0.011187
-0.009776
-0.004567
0.003736
0.010989
0.018170
0.024205
0.028420
0.033665
0.041175
0.051941
0.066464
0.084789
0.099169
0.105585
0.103839
0.098140
0.092940
0.091848
0.098070
0.105307
0.114217
0.124269
0.129882
0.132263
0.130159
0.125599
0.115504
0.101903
0.089725
0.071151
0.057150
0.039302
0.030525
0.017635
0.007944
-0.002454
-0.015445
-0.026604
-0.046984
-0.056758
-0.073228
-0.079424
-0.083947
-0.080973
-0.076821
-0.074129
-0.067355
-0.067596
-0.065596
-0.065756
-0.066307
-0.067502
-0.067335
-0.068079
-0.066911
-0.064154
-0.059545
-0.054188
-0.048754
-0.043088
-0.041309
-0.038467
-0.045491
-0.053627
-0.062022
-0.063282
-0.060235
-0.053514
-0.041766
-0.036699
-0.032673
-0.032168
-0.033711
-0.035513
-0.032337
-0.025974
-0.018600
-0.012235
-0.008451
-0.007281
-0.003466
0.003103
0.011174
0.021095
0.027991
0.035303
0.041164
0.050902
0.060786
0.075955
0.091731
0.103421
0.109857
0.107542
0.100342
0.094693
0.094133
0.101170
0.112839
0.125211
0.129971
0.131948
0.128081
0.120799
0.114755
0.107948
0.099683
0.085781
0.068810
0.048188
0.028699
0.015830
0.004052
-0.004635
-0.011371
-0.024203
-0.037175
-0.059412
-0.074656
-0.085323
-0.087044
-0.082414
-0.077365
-0.069209
-0.070069
-0.068731
-0.069692
-0.070348
-0.069315
-0.068729
-0.066661
-0.068268
-0.068701
-0.068339
-0.064909
-0.056607
-0.049029
-0.041872
-0.038174
-0.038796
-0.042947
-0.054283
-0.062237
-0.064971
-0.065363
-0.059296
-0.051965
-0.042477
-0.037173
-0.031871
-0.028664
-0.031454
-0.029890
-0.028563
-0.024891
-0.020753
-0.015565
-0.009079
-0.003208
0.004990
0.011159
0.017592
0.024644
0.030143
0.037036
0.045116
0.056667
0.071056
0.086955
0.101559
0.107659
0.107389
0.104391
0.099906
0.098807
0.102455
0.108898
0.119715
0.130246
0.137216
0.137021
0.132549
0.124876
0.113796
0.102892
0.088803
0.072838
0.054962
0.038003
0.022776
0.003530
-0.007487
-0.021201
-0.029803
-0.042229
-0.053981
-0.067683
-0.081700
-0.087097
-0.090133
-0.083241
-0.078835
-0.070435
-0.065735
-0.065892
-0.067607
-0.069990
-0.071021
-0.071331
-0.068984
-0.066812
-0.064474
-0.061216
-0.055736
-0.051070
-0.045104
-0.041977
-0.040067
-0.040949
-0.047006
-0.056913
-0.064001
-0.063793
-0.063307
-0.056216
-0.047683
-0.039854
-0.034579
-0.028509
-0.026435
-0.028175
-0.025373
-0.021085
-0.018610
-0.014420
-0.010714
-0.006788
-0.000657
0.009970
0.017316
0.024389
0.032473
0.039167
0.047758
0.059803
0.071908
0.086855
0.100764
0.109089
0.109656
0.104324
0.099017
0.097976
0.102202
0.112378
0.126791
0.138486
0.145089
0.144735
0.137723
0.125329
0.115323
0.102756
0.090830
0.075121
0.057187
0.036372
0.017979
0.001325
-0.013258
-0.023921
-0.035009
-0.045577
-0.059975
-0.075428
-0.089368
-0.095759
-0.094572
-0.089609
-0.079450
-0.071592
-0.068263
-0.070091
-0.072281
-0.075354
-0.076923
-0.074707
-0.070952
-0.068931
-0.065864
-0.062805
-0.059799
-0.054755
-0.050343
-0.045866
-0.044171
-0.045943
-0.052364
-0.062467
-0.068898
-0.071771
-0.066876
-0.060060
-0.051612
-0.043702
-0.038324
-0.035057
-0.034084
-0.032807
-0.032496
-0.027415
-0.023561
-0.019661
-0.014479
-0.010084
-0.002829
0.005157
0.014972
0.020800
0.026722
0.033783
0.043773
0.058116
0.073068
0.090870
0.105138
0.112910
0.110861
0.103688
0.094995
0.094229
0.100310
0.112798
0.128245
0.139237
0.144445
0.141540
0.138521
0.130056
0.119366
0.104842
0.085805
0.066465
0.045790
0.028277
0.012152
-0.002457
-0.015421
-0.026325
-0.040413
-0.057053
-0.074185
-0.087227
-0.096701
-0.099887
-0.099542
-0.094146
-0.084713
-0.076243
-0.071839
-0.072486
-0.073513
-0.077965
-0.079017
-0.079798
-0.077845
-0.073774
-0.067964
-0.062358
-0.057163
-0.052160
-0.050131
-0.049529
-0.051708
-0.055706
-0.059903
-0.066084
-0.073292
-0.076769
-0.075512
-0.068738
-0.059989
-0.049553
-0.044098
-0.040765
-0.037630
-0.038912
-0.038100
-0.037361
-0.029062
-0.022335
-0.014032
-0.007985
-0.001962
0.006416
0.014106
0.022714
0.027427
0.034683
0.044043
0.056149
0.071741
0.090394
0.103311
0.112288
0.110014
0.103950
0.097828
0.097059
0.105954
0.119940
0.134078
0.145850
0.147310
0.142924
0.134809
0.129970
0.120798
0.110133
0.094560
0.071843
0.044553
0.019997
0.002042
-0.015717
-0.026623
-0.034875
-0.047126
-0.059869
-0.079874
-0.096181
-0.106428
-0.107950
-0.099571
-0.090441
-0.076883
-0.072779
-0.070974
-0.073026
-0.077919
-0.080407
-0.079281
-0.074535
-0.069711
-0.066597
-0.062393
-0.059841
-0.052706
-0.049151
-0.043737
-0.041734
-0.045430
-0.050702
-0.060333
-0.067047
-0.074998
-0.075762
-0.075670
-0.071907
-0.064025
-0.053252
-0.043905
-0.036791
-0.031693
-0.031404
-0.034019
-0.036772
-0.037261
-0.034406
-0.025169
-0.014845
-0.003158
0.008422
0.017753
0.023409
0.029462
0.035080
0.041929
0.054714
0.072790
0.090847
0.107083
0.114346
0.113261
0.110677
0.107747
0.107504
0.110515
0.120875
0.131674
0.143728
0.149342
0.148388
0.142214
0.136390
0.126056
0.114754
0.095825
0.069671
0.044723
0.019648
-0.001596
-0.025792
-0.039371
-0.050040
-0.056005
-0.063927
-0.079158
-0.090448
-0.103263
-0.103398
-0.100009
-0.086303
-0.077861
-0.070159
-0.066519
-0.071368
-0.078294
-0.083527
-0.082561
-0.077229
-0.067055
-0.059368
-0.054782
-0.052810
-0.049492
-0.045491
-0.043886
-0.041712
-0.043327
-0.046097
-0.056560
-0.061408
-0.067695
-0.072817
-0.073163
-0.071783
-0.066212
-0.061287
-0.054050
-0.046775
-0.037683
-0.027976
-0.024588
-0.023637
-0.027168
-0.031654
-0.028429
-0.024548
-0.012892
-0.002545
0.011404
0.018974
0.024535
0.031142
0.037623
0.050065
0.065850
0.083320
0.098032
0.107706
0.110574
0.108396
0.106103
0.108269
0.112400
0.123892
0.133492
0.143093
0.149101
0.149308
0.145158
0.138693
0.133265
0.120098
0.106111
0.080471
0.056515
0.031435
0.008821
-0.013148
-0.033020
-0.045073
-0.059248
-0.068685
-0.083168
-0.093767
-0.100879
-0.099438
-0.091498
-0.083256
-0.069743
-0.064375
-0.061248
-0.066075
-0.074412
-0.080382
-0.080768
-0.076901
-0.070187
-0.062367
-0.053166
-0.045849
-0.038607
-0.034874
-0.032888
-0.031794
-0.036004
-0.040831
-0.049251
-0.055075
-0.060918
-0.062786
-0.067045
-0.065128
-0.063159
-0.058608
-0.051701
-0.044376
-0.035552
-0.030212
-0.024116
-0.023198
-0.023598
-0.023262
-0.021764
-0.018575
-0.015323
-0.007341
0.003086
0.015694
0.029022
0.038666
0.044643
0.050806
0.060320
0.073913
0.090454
0.106615
0.117768
0.120541
0.117783
0.108540
0.105299
0.109737
0.124312
0.142237
0.157722
0.162929
0.157474
0.146838
0.133449
0.122061
0.111266
0.095794
0.075352
0.051378
0.025316
-0.002428
-0.023695
-0.039638
-0.050068
-0.056839
-0.068067
-0.077975
-0.090673
-0.095732
-0.092187
-0.082814
-0.067853
-0.059913
-0.052598
-0.056493
-0.064971
-0.073243
-0.078478
-0.075418
-0.067445
-0.056575
-0.049354
-0.041891
-0.037590
-0.033777
-0.029926
-0.027528
-0.027497
-0.031786
-0.039421
-0.048703
-0.056003
-0.058889
-0.060378
-0.061100
-0.056576
-0.052806
-0.047176
-0.043486
-0.036683
-0.029703
-0.023118
-0.015133
-0.016036
-0.015412
-0.017791
-0.017390
-0.013779
-0.007836
0.002716
0.013530
0.028237
0.039244
0.046014
0.051601
0.056663
0.067445
0.081126
0.097891
0.112714
0.119573
0.120891
0.117614
0.113273
0.112290
0.118365
0.132051
0.144892
0.153944
0.155230
0.149269
0.139181
0.129371
0.118791
0.104306
0.086031
0.063666
0.040512
0.010945
-0.015935
-0.032563
-0.045061
-0.053659
-0.061734
-0.072578
-0.085379
-0.094380
-0.093357
-0.088555
-0.077844
-0.063564
-0.056993
-0.055188
-0.062808
-0.071168
-0.078284
-0.078816
-0.072048
-0.062448
-0.053838
-0.047653
-0.042890
-0.038054
-0.035292
-0.031303
-0.028998
-0.031220
-0.037013
-0.046185
-0.054591
-0.059040
-0.060979
-0.063225
-0.060946
-0.057574
-0.054566
-0.050421
-0.047770
-0.040499
-0.032345
-0.021840
-0.017554
-0.017600
-0.018488
-0.020773
-0.018957
-0.014557
-0.007581
0.001741
0.013410
0.026182
0.036125
0.044700
0.050184
0.060179
0.071595
0.086114
0.100511
0.110191
0.112992
0.114853
0.114125
0.112461
0.112889
0.121052
0.133991
0.143822
0.153947
0.151260
0.143800
0.132243
0.122580
0.110214
0.091988
0.071643
0.046512
0.022013
-0.002972
-0.024287
-0.043414
-0.054513
-0.059438
-0.068544
-0.077547
-0.086758
-0.091324
-0.093382
-0.086059
-0.075079
-0.066876
-0.064169
-0.063445
-0.067790
-0.075931
-0.078198
-0.076501
-0.067513
-0.059893
-0.049910
-0.042688
-0.040430
-0.038478
-0.036491
-0.033719
-0.035542
-0.037495
-0.042752
-0.048632
-0.053771
-0.055289
-0.058876
-0.062763
-0.060568
-0.058632
-0.053018
-0.048936
-0.041311
-0.036382
-0.030251
-0.022436
-0.022156
-0.020156
-0.020712
-0.017559
-0.013089
-0.008419
-0.001286
0.004291
0.016092
0.027084
0.038325
0.046756
0.056703
0.067230
0.080908
0.094270
0.104585
0.110952
0.115037
0.115368
0.113171
0.111288
0.113501
0.123308
0.135657
0.147119
0.148976
0.147629
0.137705
0.128474
0.118027
0.097739
0.077510
0.054355
0.033085
0.009092
-0.015155
-0.030003
-0.047412
-0.053881
-0.063871
-0.075234
-0.083768
-0.092177
-0.089908
-0.085816
-0.076479
-0.067035
-0.064320
-0.061732
-0.066481
-0.071545
-0.075313
-0.075418
-0.068687
-0.062939
-0.055594
-0.049140
-0.044343
-0.039610
-0.038604
-0.035376
-0.036043
-0.038227
-0.041401
-0.048452
-0.052741
-0.055344
-0.058391
-0.061981
-0.062305
-0.062166
-0.058628
-0.053894
-0.047626
-0.037759
-0.028759
-0.018528
-0.018765
-0.019486
-0.024027
-0.024865
-0.023430
-0.016938
-0.007149
0.004052
0.017319
0.028678
0.036444
0.041359
0.048020
0.057395
0.072519
0.087749
0.100134
0.107288
0.109158
0.109939
0.109950
0.110595
0.114874
0.124220
0.135455
0.142904
0.144756
0.140372
0.133997
0.126510
0.116653
0.100435
0.079611
0.057570
0.033378
0.010266
-0.012252
-0.031407
-0.046864
-0.058613
-0.067458
-0.081525
-0.091193
-0.097781
-0.097971
-0.092858
-0.084223
-0.073669
-0.071010
-0.068715
-0.071488
-0.076087
-0.080350
-0.079296
-0.077357
-0.072109
-0.064446
-0.057902
-0.050689
-0.045132
-0.039676
-0.037230
-0.036339
-0.039231
-0.045674
-0.052130
-0.057978
-0.060559
-0.064218
-0.067716
-0.067202
-0.064587
-0.058924
-0.054179
-0.046752
-0.040494
-0.032072
-0.023977
-0.024223
-0.024067
-0.026053
-0.025637
-0.022724
-0.017917
-0.010415
-0.001742
0.010526
0.018366
0.026794
0.034817
0.044078
0.057605
0.069956
0.084794
0.095501
0.101660
0.104125
0.104358
0.103521
0.103284
0.106086
0.114242
0.124560
0.136149
0.144073
0.144293
0.139477
0.130544
0.119525
0.104258
0.084555
0.061630
0.037947
0.017487
-0.002181
-0.020689
-0.036690
-0.050993
-0.060299
-0.070683
-0.081215
-0.089990
-0.094939
-0.093784
-0.088636
-0.078516
-0.072930
-0.069252
-0.067862
-0.071372
-0.075973
-0.078613
-0.078190
-0.074088
-0.067343
-0.058071
-0.051528
-0.047124
-0.041663
-0.038562
-0.036163
-0.038474
-0.042651
-0.049771
-0.055789
-0.059367
-0.064585
-0.067487
-0.067314
-0.064545
-0.059301
-0.053821
-0.045538
-0.038421
-0.030030
-0.023276
-0.023193
-0.025230
-0.027891
-0.027673
-0.024635
-0.019880
-0.009905
0.002507
0.016978
0.028660
0.036613
0.040617
0.044200
0.052079
0.063902
0.081765
0.098367
0.109689
0.115897
0.113930
0.109387
0.106290
0.106423
0.115203
0.128368
0.139444
0.143858
0.143489
0.137649
0.128137
0.120410
0.110744
0.097593
0.075764
0.051630
0.024899
-0.000525
-0.024233
-0.041385
-0.051292
-0.056842
-0.064180
-0.073785
-0.083193
-0.089037
-0.090357
-0.083670
-0.072923
-0.065026
-0.061657
-0.062027
-0.068252
-0.075916
-0.079157
-0.076184
-0.068621
-0.059768
-0.052511
-0.047832
-0.043614
-0.039391
-0.035643
-0.034620
-0.033968
-0.036740
-0.044288
-0.051818
-0.056249
-0.060556
-0.064404
-0.063929
-0.061674
-0.056885
-0.050922
-0.044858
-0.037499
-0.031770
-0.023553
-0.019310
-0.021441
-0.024077
-0.027705
-0.026609
-0.023736
-0.014469
-0.003404
0.009987
0.024787
0.035550
0.041161
0.044859
0.049091
0.060439
0.074557
0.090734
0.104015
0.113564
0.117575
0.115425
0.111989
0.108245
0.110795
0.123557
0.136447
0.147584
0.150556
0.146429
0.135139
0.121957
0.110143
0.093729
0.075432
0.057463
0.037791
0.014347
-0.008326
-0.028471
-0.045368
-0.057542
-0.062313
-0.070134
-0.079564
-0.085107
-0.087237
-0.086704
-0.082986
-0.074727
-0.068310
-0.063211
-0.061885
-0.065662
-0.071590
-0.076469
-0.073614
-0.066091
-0.056783
-0.050469
-0.043887
-0.041362
-0.039059
-0.038879
-0.039801
-0.041141
-0.043076
-0.045798
-0.050834
-0.053588
-0.057954
-0.062571
-0.061701
-0.060866
-0.055815
-0.049501
-0.042286
-0.035857
-0.030275
-0.023315
-0.022594
-0.021891
-0.023054
-0.021446
-0.017496
-0.011768
-0.002875
0.004111
0.016451
0.026566
0.035684
0.042739
0.048752
0.058305
0.070312
0.085327
0.096484
0.105897
0.112513
0.114090
0.112411
0.109689
0.110899
0.118485
0.130094
0.139449
0.144481
0.144998
0.139331
0.129299
0.118670
0.106177
0.088540
0.069733
0.044781
0.019518
-0.004457
-0.023994
-0.036990
-0.048480
-0.055695
-0.066333
-0.075802
-0.086548
-0.090340
-0.089373
-0.084300
-0.074549
-0.069307
-0.065494
-0.068452
-0.071360
-0.076000
-0.076337
-0.072142
-0.065747
-0.058408
-0.053133
-0.049104
-0.047168
-0.042540
-0.039468
-0.036169
-0.036838
-0.039284
-0.045454
-0.053002
-0.058185
-0.064733
-0.066734
-0.064191
-0.059738
-0.054874
-0.050656
-0.043540
-0.038650
-0.031212
-0.024587
-0.023000
-0.021796
-0.025852
-0.026918
-0.024673
-0.017675
-0.007707
0.003667
0.014359
0.021689
0.027267
0.033068
0.039889
0.049274
0.062709
0.077415
0.089405
0.096721
0.101159
0.103305
0.106681
0.110648
0.112993
0.117438
0.120433
0.126952
0.131841
0.134516
0.135150
0.129425
0.122573
0.109527
0.091372
0.067814
0.044274
0.028931
0.010900
-0.002831
-0.019000
-0.035545
-0.052883
-0.068093
-0.077840
-0.088102
-0.088989
-0.085284
-0.081327
-0.074299
-0.071943
-0.069080
-0.069723
-0.067716
-0.065959
-0.068001
-0.068618
-0.070665
-0.069265
-0.063546
-0.056527
-0.047930
-0.040991
-0.034012
-0.032577
-0.034168
-0.038091
-0.045861
-0.050324
-0.052927
-0.057297
-0.061194
-0.063770
-0.064647
-0.062320
-0.056964
-0.048494
-0.039109
-0.029769
-0.024240
-0.023627
-0.025461
-0.028033
-0.029534
-0.026978
-0.020496
-0.013708
-0.002912
0.007687
0.017086
0.024798
0.032885
0.039294
0.046181
0.057775
0.070539
0.083039
0.095164
0.102009
0.104674
0.106346
0.105601
0.104072
0.108560
0.116438
0.126286
0.132617
0.139021
0.138445
0.131648
0.124672
0.111526
0.097564
0.079860
0.060200
0.044543
0.024217
0.008785
-0.010307
-0.026861
-0.040228
-0.054708
-0.063082
-0.076358
-0.081524
-0.085838
-0.086497
-0.081321
-0.076897
-0.070032
-0.065732
-0.064000
-0.064716
-0.068331
-0.070361
-0.069811
-0.067038
-0.063601
-0.058489
-0.050126
-0.043737
-0.039910
-0.038095
-0.038762
-0.038441
-0.042680
-0.046869
-0.051793
-0.056219
-0.062242
-0.066568
-0.068336
-0.064962
-0.057134
-0.044722
-0.033380
-0.028089
-0.023099
-0.023342
-0.026712
-0.029397
-0.028689
-0.024319
-0.019452
-0.008297
-0.002218
0.007192
0.013605
0.019688
0.025531
0.032375
0.042068
0.052542
0.066847
0.080755
0.093221
0.101814
0.104439
0.100708
0.100095
0.103341
0.110842
0.120592
0.131306
0.138279
0.141378
0.140696
0.136420
0.128994
0.121696
0.112088
0.097483
0.076755
0.051733
0.030309
0.011925
-0.001462
-0.013451
-0.029765
-0.042913
-0.059730
-0.073010
-0.085021
-0.089452
-0.088404
-0.082985
-0.075459
-0.068363
-0.064905
-0.065720
-0.067052
-0.068415
-0.070626
-0.070123
-0.069472
-0.065271
-0.061349
-0.054240
-0.047813
-0.041656
-0.035189
-0.032766
-0.033644
-0.038450
-0.046128
-0.052648
-0.057648
-0.063368
-0.064258
-0.064303
-0.060980
-0.055275
-0.044634
-0.032920
-0.025918
-0.021387
-0.025604
-0.030561
-0.036139
-0.037184
-0.032608
-0.020548
-0.004311
0.007725
0.017221
0.021783
0.024048
0.026862
0.033754
0.043399
0.055667
0.070390
0.085959
0.100743
0.109629
0.112006
0.109788
0.109008
0.108259
0.109657
0.114859
0.122772
0.132413
0.141475
0.146599
0.143538
0.135509
0.125871
0.113414
0.097427
0.076776
0.055099
0.034230
0.014958
-0.001710
-0.013663
-0.027687
-0.040323
-0.051889
-0.063348
-0.073523
-0.080876
-0.083524
-0.083600
-0.075822
-0.068731
-0.063938
-0.062241
-0.062864
-0.065164
-0.069835
-0.069705
-0.069409
-0.066450
-0.059261
-0.050690
-0.044716
-0.040689
-0.037961
-0.037489
-0.036579
-0.037590
-0.042724
-0.048255
-0.055354
-0.063182
-0.066737
-0.068006
-0.064412
-0.053955
-0.039707
-0.027651
-0.022415
-0.019561
-0.025176
-0.031415
-0.035141
-0.034734
-0.029477
-0.018947
-0.006686
0.002849
0.013007
0.018664
0.025156
0.032465
0.039672
0.047121
0.056132
0.068461
0.084410
0.100506
0.113777
0.117300
0.116664
0.112754
0.108140
0.108634
0.116370
0.130179
0.141907
0.150473
0.151752
0.142045
0.131843
0.120960
0.109814
0.096173
0.075964
0.055195
0.029423
0.005850
-0.012902
-0.028789
-0.037920
-0.049739
-0.057524
-0.070874
-0.085395
-0.091493
-0.095134
-0.086754
-0.076997
-0.065407
-0.060979
-0.062689
-0.064578
-0.073548
-0.075589
-0.076259
-0.070949
-0.064118
-0.059538
-0.052362
-0.049554
-0.046114
-0.042335
-0.038722
-0.037822
-0.042726
-0.048528
-0.056396
-0.062823
-0.068248
-0.069848
-0.066223
-0.061977
-0.055372
-0.048531
-0.039866
-0.033265
-0.027084
-0.025177
-0.026314
-0.028551
-0.031344
-0.030685
-0.027112
-0.017469
-0.006999
0.004691
0.014045
0.020315
0.026649
0.032718
0.041934
0.053741
0.068211
0.082671
0.094473
0.102358
0.106294
0.106889
0.109057
0.110436
0.113792
0.118315
0.124052
0.130526
0.137063
0.141618
0.137712
0.133732
0.123592
0.107590
0.085354
0.061753
0.040368
0.017444
0.000893
-0.018842
-0.032901
-0.048310
-0.061705
-0.073500
-0.087637
-0.093574
-0.098105
-0.093312
-0.085866
-0.077399
-0.068534
-0.067834
-0.066623
-0.070104
-0.075413
-0.078211
-0.078769
-0.077196
-0.074145
-0.066352
-0.059622
-0.053021
-0.047366
-0.042380
-0.040304
-0.041248
-0.045939
-0.050983
-0.057828
-0.061328
-0.068516
-0.074040
-0.074939
-0.074545
-0.066621
-0.060790
-0.051002
-0.044781
-0.034993
-0.028514
-0.029293
-0.030861
-0.034590
-0.034713
-0.032655
-0.026482
-0.018602
-0.007457
0.009218
0.020808
0.030379
0.035414
0.040844
0.050811
0.063366
0.078693
0.093438
0.104102
0.110269
0.109520
0.106652
0.102698
0.106106
0.114251
0.124472
0.134513
0.138792
0.139919
0.135919
0.129457
0.119532
0.104232
0.087559
0.060619
0.037563
0.013452
-0.012659
-0.030320
-0.042459
-0.054242
-0.066435
-0.076533
-0.087673
-0.098224
-0.099835
-0.093604
-0.084722
-0.073473
-0.065063
-0.064249
-0.068663
-0.075459
-0.081087
-0.082706
-0.080278
-0.075254
-0.067624
-0.061647
-0.056761
-0.050900
-0.046100
-0.041699
-0.038719
-0.038357
-0.043486
-0.049594
-0.056189
-0.060964
-0.064626
-0.070962
-0.070673
-0.070733
-0.065810
-0.059442
-0.050799
-0.041127
-0.034832
-0.026668
-0.025279
-0.026529
-0.027945
-0.029688
-0.027559
-0.023953
-0.016191
-0.007283
0.005792
0.019581
0.030000
0.040176
0.048162
0.056775
0.067545
0.078086
0.091263
0.102194
0.109233
0.111094
0.110380
0.110241
0.110408
0.114954
0.126943
0.137778
0.145933
0.147194
0.145419
0.134467
0.119868
0.105992
0.089200
0.067790
0.046985
0.024514
0.003851
-0.016767
-0.033746
-0.048581
-0.061812
-0.067639
-0.076068
-0.081867
-0.088682
-0.089229
-0.081051
-0.071147
-0.062692
-0.059231
-0.057300
-0.061311
-0.068041
-0.072005
-0.073936
-0.070108
-0.061172
-0.053322
-0.045947
-0.041084
-0.035728
-0.032671
-0.031481
-0.029681
-0.031163
-0.035620
-0.043451
-0.050146
-0.054998
-0.061518
-0.062217
-0.061353
-0.054198
-0.044579
-0.037451
-0.028817
-0.026341
-0.020604
-0.017407
-0.015875
-0.016355
-0.018826
-0.017287
-0.015757
-0.009702
-0.002364
0.008011
0.023084
0.035398
0.047416
0.054143
0.059664
0.066294
0.076369
0.088665
0.099006
0.109628
0.116518
0.121068
0.120977
0.118412
0.118793
0.123819
0.134361
0.143339
0.148555
0.148049
0.142061
0.133852
0.118671
0.099072
0.080328
0.058139
0.040654
0.019700
0.000457
-0.017264
-0.036283
-0.047896
-0.061522
-0.069413
-0.075727
-0.079346
-0.077682
-0.077822
-0.070909
-0.066066
-0.060872
-0.058149
-0.058128
-0.059708
-0.066443
-0.068406
-0.067901
-0.064590
-0.057597
-0.049623
-0.041834
-0.036475
-0.033166
-0.032412
-0.033310
-0.036186
-0.040250
-0.045189
-0.048730
-0.052811
-0.058891
-0.063347
-0.062880
-0.059386
-0.051215
-0.043538
-0.037971
-0.033101
-0.027236
-0.022747
-0.021681
-0.021396
-0.021445
-0.021709
-0.020449
-0.015173
-0.009719
0.001737
0.015283
0.028185
0.037523
0.044966
0.049147
0.054235
0.063769
0.076946
0.090815
0.101045
0.108479
0.111085
0.112520
0.113193
0.113910
0.118738
0.124952
0.133004
0.139568
0.139843
0.136838
0.129047
0.118122
0.104758
0.086553
0.068045
0.047401
0.030726
0.013033
-0.005755
-0.022599
-0.042004
-0.056248
-0.065558
-0.074570
-0.079833
-0.081134
-0.078332
-0.076252
-0.071782
-0.067017
-0.064243
-0.063812
-0.063831
-0.065554
-0.068968
-0.070603
-0.069698
-0.064343
-0.056664
-0.049294
-0.042075
-0.038137
-0.036307
-0.036077
-0.038194
-0.041467
-0.045343
-0.050109
-0.053569
-0.060174
-0.064734
-0.066673
-0.064916
-0.057457
-0.050753
-0.040047
-0.033186
-0.027290
-0.025046
-0.026298
-0.028436
-0.029657
-0.027990
-0.023245
-0.015411
-0.007237
0.000745
0.010009
0.017401
0.024267
0.031149
0.038851
0.049849
0.059886
0.071961
0.082141
0.089865
0.094956
0.098604
0.100964
0.104760
0.108613
0.111901
0.114486
0.120426
0.126914
0.131520
0.130707
0.126101
0.117081
0.106734
0.091218
0.075241
0.055376
0.036106
0.018770
0.000166
-0.015147
-0.033791
-0.045594
-0.057844
-0.068225
-0.075602
-0.082047
-0.081257
-0.081307
-0.076564
-0.071048
-0.066446
-0.063806
-0.065773
-0.068854
-0.072856
-0.074003
-0.073060
-0.069048
-0.062907
-0.056873
-0.050427
-0.045104
-0.042493
-0.040102
-0.039804
-0.040964
-0.043604
-0.050217
-0.056140
-0.063831
-0.068721
-0.068577
-0.066334
-0.055756
-0.042972
-0.031510
-0.026364
-0.024923
-0.028542
-0.036092
-0.039191
-0.039555
-0.033921
-0.023228
-0.009134
0.001476
0.008696
0.013475
0.014527
0.018448
0.023205
0.031560
0.042528
0.055047
0.068642
0.080382
0.089564
0.093479
0.093522
0.094635
0.095289
0.097614
0.097927
0.103876
0.111777
0.120034
0.124759
0.124554
0.117606
0.107684
0.101192
0.087972
0.074627
0.059910
0.043984
0.028643
0.012023
-0.002640
-0.017214
-0.031022
-0.039826
-0.051186
-0.061144
-0.070760
-0.077007
-0.076276
-0.074404
-0.069722
-0.064825
-0.062829
-0.063087
-0.066698
-0.070506
-0.074568
-0.074832
-0.070005
-0.065523
-0.060077
-0.056059
-0.050660
-0.046670
-0.044808
-0.041825
-0.041978
-0.045277
-0.053614
-0.057916
-0.058890
-0.057434
-0.050715
-0.046062
-0.039332
-0.037033
-0.033584
-0.034322
-0.035945
-0.032031
-0.028063
-0.022523
-0.017940
-0.014382
-0.011922
-0.007483
-0.000023
0.005319
0.012048
0.017622
0.023484
0.029962
0.037880
0.047027
0.058661
0.072472
0.085469
0.095591
0.100243
0.099345
0.095081
0.092317
0.090610
0.096811
0.103131
0.113026
0.121463
0.125802
0.125177
0.117859
0.111517
0.099563
0.089080
0.076989
0.060757
0.043627
0.027066
0.013228
0.000894
-0.008751
-0.017500
-0.027817
-0.039632
-0.051490
-0.063068
-0.071677
-0.074146
-0.072350
-0.065627
-0.060912
-0.058383
-0.060159
-0.064637
-0.069689
-0.071799
-0.071782
-0.068997
-0.064922
-0.061286
-0.055278
-0.052154
-0.047247
-0.044941
-0.043571
-0.044632
-0.046203
-0.050195
-0.055277
-0.056643
-0.054885
-0.050774
-0.046122
-0.040434
-0.037492
-0.034305
-0.034077
-0.034530
-0.034032
-0.030808
-0.024980
-0.021457
-0.016734
-0.012704
-0.008382
-0.003108
0.002391
0.008811
0.015224
0.022546
0.028833
0.036493
0.045343
0.055345
0.069300
0.082957
0.094146
0.098712
0.099363
0.096638
0.092465
0.091207
0.094470
0.102505
0.109181
0.114835
0.119009
0.119235
0.117369
0.106966
0.095827
0.080177
0.066363
0.051443
0.035810
0.026057
0.013367
0.004462
-0.007412
-0.018429
-0.031075
-0.046992
-0.056326
-0.069327
-0.074838
-0.076508
-0.072465
-0.067738
-0.064680
-0.061672
-0.062063
-0.065424
-0.070174
-0.073396
-0.073713
-0.071923
-0.069916
-0.068421
-0.064718
-0.059461
-0.053313
-0.049836
-0.046502
-0.047377
-0.046842
-0.050177
-0.054571
-0.056852
-0.057781
-0.054086
-0.050868
-0.047305
-0.044540
-0.040867
-0.037758
-0.036040
-0.032460
-0.030357
-0.025853
-0.023067
-0.019419
-0.016867
-0.013450
-0.008721
-0.002672
0.003278
0.012094
0.020500
0.028276
0.035518
0.045055
0.054408
0.067947
0.082102
0.091576
0.094150
0.095218
0.091310
0.088563
0.087134
0.092997
0.102105
0.113726
0.120357
0.121657
0.115138
0.106990
0.099256
0.093261
0.084034
0.072536
0.055190
0.040991
0.021500
0.007916
-0.004770
-0.014249
-0.021021
-0.032007
-0.044014
-0.061099
-0.073271
-0.079052
-0.078775
-0.074791
-0.066184
-0.060604
-0.059536
-0.063334
-0.068766
-0.074881
-0.076746
-0.074678
-0.072587
-0.070507
-0.067658
-0.064211
-0.061329
-0.055855
-0.052543
-0.049014
-0.045956
-0.048097
-0.053737
-0.060127
-0.062913
-0.062256
-0.058489
-0.053790
-0.048449
-0.043757
-0.039645
-0.036784
-0.033276
-0.029514
-0.026668
-0.023778
-0.022428
-0.020625
-0.019103
-0.014085
-0.008499
0.001049
0.006897
0.016591
0.022548
0.030300
0.039072
0.050827
0.065025
0.079002
0.091256
0.096805
0.096491
0.092437
0.087944
0.087113
0.092463
0.101352
0.111733
0.121669
0.127371
0.126142
0.122186
0.115821
0.107257
0.096493
0.083978
0.067956
0.054030
0.037423
0.021520
0.007830
-0.006145
-0.015706
-0.029436
-0.041052
-0.056715
-0.069308
-0.076972
-0.080955
-0.077520
-0.072198
-0.065533
-0.061395
-0.059929
-0.063203
-0.068158
-0.072695
-0.073030
-0.072197
-0.069615
-0.067004
-0.063170
-0.059293
-0.055837
-0.051675
-0.048545
-0.047214
-0.048632
-0.051427
-0.056385
-0.058293
-0.058199
-0.055402
-0.052620
-0.049253
-0.045164
-0.042708
-0.041215
-0.036613
-0.033434
-0.028438
-0.024704
-0.021492
-0.019218
-0.015377
-0.009968
-0.005082
0.001706
0.007944
0.014997
0.022802
0.029565
0.038003
0.046801
0.060166
0.076674
0.092770
0.104573
0.111244
0.112000
0.106179
0.102202
0.098164
0.100359
0.108498
0.120753
0.133836
0.139616
0.140995
0.133818
0.125266
0.111990
0.098232
0.082526
0.063820
0.048143
0.028614
0.013902
-0.002376
-0.015668
-0.029379
-0.042654
-0.053277
-0.065933
-0.075571
-0.080768
-0.080115
-0.075877
-0.070312
-0.063678
-0.060698
-0.059995
-0.063503
-0.064514
-0.069297
-0.069818
-0.070014
-0.066897
-0.062461
-0.058464
-0.052791
-0.048653
-0.042812
-0.041679
-0.038944
-0.041321
-0.044353
-0.052213
-0.062395
-0.064539
-0.062525
-0.055427
-0.047386
-0.039557
-0.033802
-0.029806
-0.024739
-0.028316
-0.028980
-0.025106
-0.020508
-0.014987
-0.008462
-0.004443
-0.000276
0.007400
0.015171
0.021715
0.028985
0.037695
0.045782
0.058395
0.071046
0.084373
0.099640
0.112158
0.117558
0.116500
0.111579
0.105948
0.104459
0.111683
0.123030
0.137430
0.147411
0.151127
0.146696
0.138626
0.128375
0.113660
0.099972
0.080477
0.057779
0.036836
0.016107
-0.001367
-0.019872
-0.028674
-0.039715
-0.051441
-0.062686
-0.077475
-0.084219
-0.087008
-0.082632
-0.074555
-0.065323
-0.059359
-0.059694
-0.061768
-0.068288
-0.073750
-0.074601
-0.073104
-0.068177
-0.062728
-0.057802
-0.051383
-0.045900
-0.041519
-0.037724
-0.038735
-0.041589
-0.049261
-0.055962
-0.065125
-0.075063
-0.075696
-0.074804
-0.061553
-0.047305
-0.032331
-0.026026
-0.026814
-0.029278
-0.037087
-0.038434
-0.037521
-0.031521
-0.019291
-0.008219
0.001073
0.003944
0.008876
0.014400
0.021904
0.033263
0.042854
0.053316
0.066669
0.079877
0.094421
0.106932
0.112722
0.114638
0.111711
0.109126
0.107531
0.112639
0.122131
0.133279
0.146648
0.150951
0.147109
0.138157
0.131563
0.118933
0.106466
0.085836
0.061475
0.037348
0.012757
-0.005878
-0.026159
-0.038974
-0.049808
-0.059521
-0.067647
-0.084822
-0.093525
-0.097693
-0.093348
-0.084743
-0.075568
-0.065662
-0.065176
-0.065436
-0.072401
-0.079985
-0.082982
-0.081278
-0.074718
-0.067921
-0.061888
-0.054408
-0.049736
-0.044317
-0.042105
-0.041648
-0.045089
-0.050176
-0.057359
-0.064332
-0.073695
-0.078410
-0.078525
-0.074193
-0.062913
-0.049344
-0.037378
-0.032134
-0.029698
-0.029889
-0.034617
-0.036934
-0.036162
-0.032597
-0.024016
-0.013806
-0.005702
-0.000430
0.007218
0.015028
0.023580
0.032940
0.042116
0.053454
0.067542
0.084290
0.101662
0.113774
0.119019
0.115919
0.112341
0.106472
0.105676
0.112240
0.126369
0.141603
0.151707
0.155856
0.151161
0.142353
0.131349
0.116239
0.097786
0.077474
0.051355
0.024061
-0.003040
-0.028238
-0.045555
-0.054870
-0.060818
-0.069405
-0.080811
-0.089739
-0.096892
-0.098148
-0.090817
-0.078332
-0.068153
-0.061743
-0.063843
-0.073014
-0.083016
-0.088131
-0.085297
-0.078990
-0.069920
-0.059871
-0.052440
-0.048489
-0.046951
-0.045508
-0.042423
-0.041971
-0.044071
-0.051087
-0.060151
-0.066590
-0.074550
-0.077339
-0.075793
-0.070571
-0.060165
-0.050203
-0.040135
-0.034665
-0.029403
-0.026722
-0.030659
-0.032606
-0.037234
-0.036092
-0.030204
-0.019740
-0.007832
0.003836
0.014278
0.021553
0.028357
0.036320
0.046282
0.059471
0.074330
0.090108
0.104675
0.115480
0.119655
0.119795
0.117367
0.116296
0.116227
0.120751
0.128737
0.139634
0.150719
0.156991
0.156412
0.148145
0.131323
0.110952
0.090156
0.066371
0.039876
0.014147
-0.008489
-0.033841
-0.054038
-0.066822
-0.077345
-0.084390
-0.090311
-0.092668
-0.094276
-0.090061
-0.082682
-0.071132
-0.062857
-0.060003
-0.064738
-0.073753
-0.082941
-0.087356
-0.084814
-0.077680
-0.066408
-0.054823
-0.045864
-0.040232
-0.037919
-0.035361
-0.036260
-0.037540
-0.041779
-0.049002
-0.055396
-0.061312
-0.068654
-0.073269
-0.070207
-0.066407
-0.057302
-0.050262
-0.041088
-0.034539
-0.028228
-0.023512
-0.025628
-0.027386
-0.030887
-0.032348
-0.029175
-0.021725
-0.007367
0.008329
0.024997
0.034505
0.038537
0.041629
0.047584
0.060456
0.080143
0.102536
0.118694
0.126116
0.122367
0.112130
0.105387
0.107971
0.119604
0.134150
0.147858
0.156198
0.157099
0.150821
0.142310
0.134149
0.128574
0.116555
0.096406
0.066921
0.032198
-0.000252
-0.025637
-0.044024
-0.057313
-0.063459
-0.070656
-0.082331
-0.090520
-0.099014
-0.097158
-0.086815
-0.071035
-0.059504
-0.056974
-0.059866
-0.071719
-0.081854
-0.088061
-0.089203
-0.081163
-0.070894
-0.058914
-0.053691
-0.048545
-0.044380
-0.039092
-0.034798
-0.034604
-0.038614
-0.045318
-0.055265
-0.062233
-0.065937
-0.066548
-0.069070
-0.066652
-0.065575
-0.061788
-0.055020
-0.046825
-0.035322
-0.030008
-0.022204
-0.022473
-0.028231
-0.028979
-0.031455
-0.026178
-0.019350
-0.006614
0.005392
0.017362
0.027711
0.031942
0.038125
0.046450
0.059758
0.078707
0.097800
0.116036
0.122098
0.122002
0.115341
0.105524
0.103026
0.107875
0.119384
0.137188
0.150744
0.157691
0.155516
0.149213
0.140864
0.126801
0.111396
0.088157
0.060803
0.031258
0.001803
-0.024301
-0.044470
-0.056120
-0.063103
-0.070934
-0.077266
-0.085215
-0.091863
-0.092924
-0.085857
-0.075484
-0.066663
-0.061645
-0.061318
-0.069335
-0.078762
-0.084732
-0.085005
-0.079764
-0.070132
-0.059413
-0.050558
-0.045253
-0.041041
-0.038532
-0.036482
-0.037225
-0.041003
-0.047321
-0.053024
-0.058624
-0.062239
-0.064709
-0.068211
-0.065474
-0.062869
-0.056679
-0.052679
-0.046363
-0.038256
-0.032017
-0.023500
-0.022932
-0.022811
-0.026193
-0.029262
-0.025966
-0.021260
-0.010690
0.002254
0.018456
0.032087
0.039708
0.043222
0.044840
0.051203
0.064277
0.082853
0.103167
0.117145
0.122589
0.119915
0.112020
0.107103
0.108106
0.117281
0.131920
0.145147
0.153042
0.151995
0.144151
0.135820
0.127063
0.114693
0.094930
0.070152
0.041150
0.011782
-0.013234
-0.032971
-0.048003
-0.058553
-0.065506
-0.076490
-0.086069
-0.091989
-0.094370
-0.087306
-0.075360
-0.063084
-0.057730
-0.058197
-0.062456
-0.072071
-0.078115
-0.080900
-0.076950
-0.069354
-0.060363
-0.052466
-0.046084
-0.040984
-0.036278
-0.031899
-0.029426
-0.031894
-0.036327
-0.045829
-0.053970
-0.059070
-0.058165
-0.062038
-0.062087
-0.057998
-0.055034
-0.048924
-0.045047
-0.037349
-0.029554
-0.020942
-0.013902
-0.016166
-0.019091
-0.023579
-0.022043
-0.017592
-0.012448
-0.001488
0.010494
0.025762
0.036125
0.043834
0.050223
0.058495
0.070959
0.084197
0.096142
0.105137
0.111337
0.115448
0.116820
0.115107
0.116753
0.121041
0.131022
0.140212
0.149318
0.151831
0.150095
0.143750
0.131452
0.116209
0.096701
0.073457
0.049785
0.025832
0.002014
-0.020975
-0.041201
-0.059247
-0.068842
-0.076091
-0.079111
-0.081225
-0.084363
-0.080955
-0.074526
-0.065227
-0.060460
-0.057777
-0.058490
-0.064380
-0.071550
-0.077435
-0.079951
-0.074811
-0.065566
-0.052850
-0.042479
-0.035056
-0.031755
-0.031064
-0.032574
-0.035943
-0.040669
-0.047093
-0.052733
-0.056309
-0.057195
-0.058356
-0.060222
-0.057852
-0.055528
-0.049468
-0.045453
-0.040275
-0.034671
-0.029769
-0.022827
-0.021310
-0.019825
-0.021171
-0.020974
-0.017549
-0.012042
-0.004802
0.004548
0.017499
0.028160
0.038475
0.045651
0.050914
0.059592
0.072502
0.087042
0.100730
0.109485
0.113016
0.113042
0.109663
0.108578
0.110534
0.120300
0.134091
0.142994
0.149234
0.144867
0.138858
0.129004
0.120596
0.105047
0.086748
0.062588
0.037391
0.012813
-0.013946
-0.036603
-0.055924
-0.067255
-0.074297
-0.083532
-0.084371
-0.088638
-0.083570
-0.077616
-0.068940
-0.059827
-0.057829
-0.059323
-0.064731
-0.073433
-0.080097
-0.084589
-0.080913
-0.072783
-0.059337
-0.047163
-0.038933
-0.033714
-0.032412
-0.033642
-0.035804
-0.040903
-0.045641
-0.051753
-0.055770
-0.059519
-0.061868
-0.065639
-0.063650
-0.059063
-0.049925
-0.044304
-0.040385
-0.038676
-0.036404
-0.031830
-0.027554
-0.024312
-0.020270
-0.018770
-0.015999
-0.015391
-0.013035
-0.007329
0.006085
0.022023
0.035665
0.045496
0.050508
0.055344
0.064886
0.077468
0.089825
0.101941
0.109930
0.113042
0.112484
0.110934
0.108373
0.113361
0.124216
0.135220
0.141739
0.141963
0.137772
0.125719
0.117405
0.105058
0.087370
0.066569
0.040806
0.018085
-0.009199
-0.033115
-0.052879
-0.067133
-0.072456
-0.080103
-0.082134
-0.083437
-0.084760
-0.079333
-0.070532
-0.060538
-0.058454
-0.060011
-0.064228
-0.072512
-0.079339
-0.080765
-0.080129
-0.071970
-0.061476
-0.049735
-0.041939
-0.037738
-0.035645
-0.036501
-0.037361
-0.041379
-0.047467
-0.054578
-0.060169
-0.061963
-0.060531
-0.062500
-0.064122
-0.060841
-0.058220
-0.051562
-0.047254
-0.040797
-0.036137
-0.030618
-0.023892
-0.025815
-0.023963
-0.023245
-0.019366
-0.014025
-0.012122
-0.006337
-0.000454
0.012677
0.023956
0.036347
0.048605
0.058101
0.069346
0.082302
0.089817
0.094194
0.095366
0.099698
0.103716
0.110080
0.114130
0.118953
0.125532
0.132969
0.137394
0.139917
0.137453
0.132407
0.124709
0.114730
0.093823
0.070049
0.046043
0.025049
0.005280
-0.014028
-0.033746
-0.056005
-0.070328
-0.082342
-0.087721
-0.086761
-0.080485
-0.071578
-0.064016
-0.056995
-0.057101
-0.059296
-0.062842
-0.066948
-0.071247
-0.074303
-0.075714
-0.073476
-0.065257
-0.055134
-0.041913
-0.033512
-0.027373
-0.025970
-0.029637
-0.035965
-0.043339
-0.050229
-0.055062
-0.055692
-0.055926
-0.060999
-0.062970
-0.063280
-0.056804
-0.047884
-0.039231
-0.034827
-0.033002
-0.027813
-0.025266
-0.023862
-0.021701
-0.021259
-0.017385
-0.014578
-0.010689
-0.005997
0.003338
0.015550
0.028953
0.039886
0.048090
0.055032
0.064486
0.075933
0.087608
0.094210
0.097459
0.099924
0.103547
0.109986
0.114177
0.117923
0.125250
0.133573
0.141687
0.144218
0.141339
0.135368
0.128966
0.117827
0.100239
0.077908
0.055007
0.033574
0.017093
-0.004797
-0.026164
-0.046737
-0.062220
-0.070859
-0.077518
-0.080173
-0.079304
-0.074432
-0.066900
-0.060247
-0.056652
-0.058431
-0.059053
-0.062647
-0.067839
-0.073534
-0.073853
-0.071314
-0.063984
-0.053695
-0.042716
-0.035256
-0.028570
-0.028538
-0.030742
-0.033777
-0.039846
-0.046851
-0.051508
-0.055911
-0.054779
-0.058165
-0.059267
-0.060052
-0.054891
-0.048953
-0.042344
-0.038272
-0.035587
-0.028831
-0.023369
-0.021764
-0.020082
-0.019509
-0.018815
-0.015078
-0.011056
-0.006878
0.001941
0.015009
0.025893
0.035063
0.042209
0.048230
0.056392
0.068337
0.080434
0.090823
0.098902
0.103786
0.108169
0.111137
0.112031
0.112635
0.117642
0.127199
0.135696
0.140478
0.140167
0.137057
0.128065
0.120434
0.107239
0.085602
0.063500
0.042072
0.024450
0.004143
-0.013943
-0.033136
-0.053748
-0.065323
-0.077000
-0.083178
-0.084764
-0.077112
-0.068982
-0.064834
-0.059693
-0.058608
-0.059940
-0.062559
-0.065238
-0.068363
-0.071427
-0.070165
-0.067189
-0.062578
-0.052120
-0.041352
-0.032951
-0.029127
-0.028215
-0.030236
-0.035675
-0.042892
-0.051041
-0.055828
-0.058646
-0.060979
-0.060649
-0.062425
-0.057444
-0.051912
-0.045483
-0.040393
-0.035605
-0.027480
-0.023803
-0.021545
-0.022137
-0.023365
-0.022378
-0.020557
-0.014862
-0.008279
0.002950
0.015177
0.023588
0.030383
0.034518
0.040371
0.049507
0.061908
0.075793
0.088943
0.098156
0.101120
0.102018
0.104598
0.109257
0.113576
0.119078
0.125116
0.131719
0.136779
0.139702
0.136470
0.128837
0.124169
0.115960
0.099478
0.077835
0.054724
0.035329
0.014800
-0.003736
-0.023898
-0.044688
-0.060176
-0.071864
-0.078603
-0.083568
-0.082526
-0.075559
-0.069308
-0.064741
-0.060305
-0.059554
-0.061837
-0.064251
-0.068784
-0.075521
-0.077090
-0.074151
-0.067517
-0.058008
-0.047771
-0.037964
-0.032094
-0.030236
-0.031411
-0.034864
-0.038883
-0.046065
-0.051518
-0.058697
-0.065689
-0.067802
-0.068292
-0.064561
-0.055749
-0.040484
-0.027046
-0.021155
-0.018615
-0.021314
-0.027830
-0.032247
-0.034835
-0.030817
-0.024198
-0.011883
-0.000807
0.008657
0.016296
0.022821
0.029252
0.036864
0.043297
0.050715
0.060361
0.072750
0.084363
0.095800
0.101561
0.106320
0.109832
0.112210
0.112658
0.114171
0.119479
0.126635
0.133765
0.137417
0.135816
0.131395
0.125650
0.117188
0.101388
0.083135
0.058721
0.038010
0.017479
-0.002900
-0.024237
-0.042689
-0.053766
-0.065095
-0.072411
-0.076928
-0.079762
-0.074389
-0.072037
