0.030413
0.068896
0.023181
0.031934
0.070424
0.046368
0.034988
-0.003588
-0.031902
-0.047535
0.022860
0.076559
0.096194
0.076401
0.008845
-0.046757
-0.057914
-0.017551
-0.012951
-0.028979
-0.010153
0.016880
0.042488
0.051560
0.092094
0.096379
0.015442
-0.097477
-0.162956
-0.185094
-0.119199
0.016157
0.121155
0.153194
0.091235
-0.024048
-0.116535
-0.102179
-0.070426
-0.021450
0.090667
0.126918
0.064622
0.067681
0.025386
-0.094224
-0.116164
-0.098482
-0.046499
0.024418
0.091568
0.072262
0.065834
0.046765
-0.024661
-0.081289
-0.113198
-0.028694
0.062095
0.170438
0.171534
0.114211
-0.032076
-0.098914
-0.138670
-0.086295
0.005593
0.081621
0.117451
0.083596
0.060057
0.006756
-0.053611
-0.122256
-0.163009
-0.112722
-0.056371
0.062629
0.157993
0.167234
0.065245
-0.039359
-0.124979
-0.128088
-0.097379
-0.005639
0.050379
-0.026694
0.004994
-0.047894
-0.037907
-0.010158
-0.010591
-0.045460
-0.031292
0.036755
0.050029
0.061808
0.046879
-0.016377
-0.102703
-0.122321
-0.091555
-0.092063
0.005710
0.073189
0.067605
0.073225
0.077273
-0.029829
-0.066757
-0.071992
-0.123016
-0.058568
0.024687
0.101143
0.112650
0.124597
0.037190
-0.055402
-0.096628
-0.179180
-0.163556
-0.037080
0.067097
0.134262
0.170822
0.081524
-0.048353
-0.125190
-0.195822
-0.163060
-0.008369
0.128814
0.158339
0.168268
0.116434
0.011828
-0.044904
-0.064386
-0.096253
-0.113305
-0.071511
-0.028615
-0.067002
-0.007248
0.069441
0.089793
0.158749
0.109501
-0.050784
-0.185287
-0.210684
-0.167083
-0.083882
0.066492
0.093212
0.029567
0.038417
-0.019153
-0.062399
-0.018751
-0.007985
-0.042419
-0.008679
-0.030103
-0.062309
-0.057770
-0.037960
-0.028242
-0.024181
0.014970
-0.010224
0.032596
-0.013961
-0.004463
-0.047688
-0.052247
-0.072406
-0.067977
-0.044040
0.004299
0.057106
0.073911
0.084168
0.057546
-0.037223
-0.092632
-0.053176
-0.055920
-0.013208
0.036201
0.032865
-0.000698
0.025472
-0.003674
0.005253
0.063878
0.068044
-0.021141
-0.032180
-0.025195
-0.035161
0.032298
0.086062
0.044000
-0.012775
-0.044498
-0.123285
-0.094135
-0.012732
0.060500
0.017873
-0.033605
-0.094399
-0.124290
-0.036176
0.061290
0.120239
0.073498
-0.006505
-0.105398
-0.112592
-0.082514
-0.000425
0.019827
0.000018
-0.056907
-0.093444
-0.084535
0.005437
0.114898
0.126322
0.078935
-0.066051
-0.168287
-0.201148
-0.140290
0.015525
0.159599
0.205966
0.149911
0.048470
-0.117236
-0.119733
-0.074420
-0.029986
-0.002619
0.061122
-0.028581
-0.075479
-0.018994
0.003686
0.015830
0.056680
0.037243
-0.041436
0.029779
0.015740
0.024519
0.081181
0.081915
0.009679
-0.081231
-0.153489
-0.148658
-0.042917
0.106752
0.159126
0.209032
0.049732
-0.107605
-0.194792
-0.217121
-0.108229
0.082217
0.154020
0.083132
0.090917
-0.004437
-0.101871
-0.058833
-0.024625
-0.039389
0.023921
0.045312
0.002956
0.005640
0.023220
-0.048227
-0.043238
-0.043910
-0.122586
-0.053617
-0.005228
0.014330
0.018854
0.033414
-0.019377
-0.068791
-0.032276
-0.032700
-0.022593
0.021717
0.044099
-0.048023
-0.086327
-0.039106
-0.017313
0.066363
0.168047
0.143376
0.037358
-0.017308
-0.137195
-0.140599
-0.036747
0.034283
0.040487
0.069813
0.075454
0.018617
0.064222
0.077283
0.041753
-0.013585
-0.029084
-0.095846
-0.072612
0.066288
0.121411
0.123871
0.064345
-0.036482
-0.113764
-0.127303
-0.084180
-0.045962
0.034371
0.044855
0.043010
0.033042
-0.001687
-0.035416
0.000936
-0.010801
0.001596
0.009954
0.017968
-0.025446
0.007608
0.033560
-0.029879
-0.008817
-0.003060
-0.049291
-0.037995
0.023693
-0.075588
-0.064260
-0.040846
-0.027119
-0.010656
0.057621
0.026190
-0.022874
0.053670
0.038191
0.034324
0.043329
0.038540
-0.003530
0.040909
0.001888
-0.024873
-0.026326
0.023430
0.064164
0.073454
0.081773
0.047359
0.022805
-0.003447
-0.000620
-0.017746
0.053981
0.035940
-0.000216
-0.047120
-0.062071
-0.070929
-0.039936
0.041762
0.097161
0.101082
0.060596
0.011114
-0.097426
-0.115361
-0.036843
0.039641
0.061228
0.070717
0.000025
-0.085629
-0.087971
-0.061142
0.031351
0.097140
0.077958
-0.020985
-0.071074
-0.082063
-0.077258
0.021254
0.064027
0.017388
0.004505
-0.014411
-0.010806
0.076245
0.135496
0.054626
-0.026590
-0.114228
-0.189323
-0.114917
0.040301
0.137588
0.219657
0.225650
0.084267
-0.027666
-0.065317
-0.079245
-0.029869
0.041574
-0.003791
0.013808
0.079942
0.046537
0.018351
0.088244
0.043620
0.006544
0.020375
-0.055698
-0.122028
-0.065201
-0.021493
-0.017927
0.058364
0.093926
0.091271
0.174942
0.157337
0.069337
-0.044049
-0.142175
-0.244621
-0.223688
-0.035648
0.058055
0.218589
0.212161
0.095492
-0.081220
-0.176166
-0.156469
-0.136005
0.009023
0.076446
0.143995
0.090248
0.089709
-0.017622
-0.100596
-0.065122
0.001819
0.036923
0.056918
0.081255
0.005725
0.006491
0.014247
0.057539
-0.012604
0.031926
0.030502
-0.055891
-0.083997
-0.092385
-0.088110
0.002484
0.101225
0.136707
0.136546
0.096097
0.037378
-0.053165
-0.057806
-0.058006
-0.077804
-0.072804
-0.051232
0.011563
0.047190
0.155028
0.142751
0.107366
-0.023097
-0.100142
-0.079980
-0.043606
0.090883
0.142784
0.167110
0.040424
-0.048877
-0.137523
-0.108159
-0.041577
0.027655
0.012072
-0.015402
-0.014776
-0.009214
0.034033
-0.005297
-0.024487
-0.101413
-0.123313
-0.073168
0.001898
0.070123
0.098943
0.127045
0.064328
-0.019206
-0.076057
-0.051372
-0.050913
-0.029967
0.017083
0.052659
0.027678
0.051529
0.078640
0.024276
0.059000
0.042298
-0.004083
-0.045206
-0.008277
-0.022634
0.013322
0.059664
0.039969
0.057466
0.053577
0.075432
0.066534
-0.014528
-0.053141
-0.072911
-0.119280
-0.079138
-0.014135
0.039999
0.089847
0.136256
0.044277
-0.046719
-0.027698
-0.073424
-0.022388
0.020958
0.028698
-0.059248
-0.078721
-0.099916
-0.046188
0.061545
0.115591
0.078619
0.013893
-0.055616
-0.132951
-0.087454
-0.034568
0.023604
0.035355
0.093179
0.079989
0.109613
0.061741
0.020492
-0.030160
-0.118885
-0.145948
-0.141767
-0.082418
0.036943
0.144612
0.115050
0.039324
0.004012
-0.106448
-0.127447
-0.095138
-0.059320
0.006763
0.131023
0.118495
0.009268
0.014347
-0.024823
-0.014665
0.022451
-0.007366
-0.047657
-0.024218
0.007873
-0.005809
0.089919
0.112122
0.055852
0.036087
-0.091818
-0.174998
-0.121769
-0.012967
0.078435
0.187564
0.128567
-0.002655
-0.076659
-0.084703
-0.110233
-0.082330
-0.033619
-0.055737
-0.009529
0.053630
0.094346
0.074567
0.071308
-0.011718
-0.103973
-0.149956
-0.095644
-0.029473
0.042579
0.090914
0.030911
0.010724
-0.012236
-0.017692
0.008072
0.021512
-0.006972
-0.092842
-0.100054
-0.071953
-0.064112
-0.084103
0.027382
0.009570
0.046752
0.118290
0.130029
0.017359
-0.021121
-0.097631
-0.140069
-0.079224
0.014965
0.059538
0.121876
0.166870
0.108594
0.071539
-0.005238
-0.048591
-0.079888
-0.069060
-0.045300
0.012422
0.030103
0.085570
0.094908
0.046918
-0.045946
-0.078805
-0.094526
-0.101174
0.004313
0.022772
-0.003599
-0.021704
0.032465
-0.039648
0.017661
0.019542
-0.030717
-0.069692
-0.086993
-0.089781
-0.015180
0.121219
0.143780
0.109553
0.009245
-0.127346
-0.171700
-0.072400
0.025506
0.101043
0.142772
0.055292
-0.080420
-0.121701
-0.126449
-0.094980
0.004163
0.045668
0.031597
0.053624
0.043676
0.019964
0.006149
0.000276
-0.039825
-0.015226
0.041392
0.068581
0.058755
0.042338
-0.004602
-0.038514
-0.025356
-0.009150
0.014534
0.027826
0.019263
-0.053135
-0.018274
0.037724
0.043659
0.091118
0.086458
-0.004816
-0.127852
-0.128233
-0.127156
-0.057657
0.092276
0.108606
0.032072
0.042136
-0.001240
-0.022571
0.059558
0.067355
-0.055472
-0.053174
-0.012866
-0.072513
0.054187
0.111659
0.027374
0.031321
0.011476
-0.116630
-0.118280
-0.014183
-0.103042
-0.017971
0.128553
0.085592
0.045662
0.096487
-0.109823
-0.218166
-0.143863
-0.162663
-0.073774
0.127673
0.168127
0.093063
0.133207
0.000946
-0.080416
-0.045042
-0.042642
-0.052248
-0.002245
-0.016667
-0.013962
0.047871
0.097872
0.152878
0.161360
0.089545
-0.001520
-0.046621
-0.107153
-0.068933
-0.023488
0.005567
-0.017757
-0.003116
0.004488
0.059804
0.116884
0.114121
0.117315
0.070435
0.018550
-0.117008
-0.136542
-0.134677
-0.052648
0.062786
0.193720
0.231053
0.155739
0.067413
-0.105512
-0.204548
-0.182283
-0.109911
-0.042274
0.055281
0.078902
0.027711
-0.001873
-0.003043
-0.057315
-0.068052
-0.063168
-0.094205
-0.074909
-0.015326
-0.022134
0.004914
0.066545
0.074349
0.045448
0.049156
-0.025422
-0.065747
-0.047487
-0.007590
-0.008612
0.044247
0.057655
0.028631
0.047866
0.047222
-0.007117
-0.062542
-0.016615
-0.006660
0.054246
0.089304
0.079038
0.035282
0.034124
-0.012405
-0.071547
-0.059049
0.002568
0.019191
0.089527
0.096501
0.072321
0.050480
0.028612
-0.035508
-0.110595
-0.093013
-0.060536
0.042887
0.138001
0.103811
0.018617
-0.003874
-0.025092
0.021794
0.025705
0.070894
-0.035986
-0.059298
-0.095620
-0.105990
-0.047374
0.036814
0.113418
0.073684
0.076335
-0.060493
-0.092950
-0.087800
-0.070381
-0.051477
0.050379
0.103693
0.006725
0.020216
-0.047162
-0.086520
-0.107582
-0.029176
-0.002045
0.025711
0.061034
0.025973
0.040213
0.034043
0.007821
-0.001883
0.019175
0.005431
0.004410
-0.001331
0.010347
0.006316
0.019960
0.076077
0.072038
0.076414
0.062085
0.034153
-0.031925
-0.025545
0.000690
-0.003549
0.054537
0.072192
0.012129
0.024942
-0.002212
-0.071839
-0.026252
0.053706
0.041525
0.046526
0.070930
-0.028098
-0.040372
0.028036
0.000502
-0.006940
0.053332
0.005078
-0.029938
0.026260
0.015457
-0.097147
-0.035452
-0.040234
-0.076845
0.023343
0.094702
0.018849
-0.059270
-0.081850
-0.207921
-0.177994
-0.028831
0.041127
0.112204
0.167883
0.055075
-0.030976
-0.080667
-0.127990
-0.123956
-0.040453
-0.027980
0.025865
0.078900
0.042968
0.056373
0.061524
0.026270
-0.001213
-0.002388
-0.049305
-0.049370
-0.009734
0.052405
0.124526
0.135358
0.086752
0.011595
-0.048368
-0.060451
-0.030619
0.036872
0.076203
0.097718
0.037637
-0.025336
-0.103118
-0.108399
-0.029815
0.001576
0.015217
0.048646
0.011883
-0.016994
0.000864
0.031222
0.016075
0.024035
-0.003313
-0.013293
-0.019173
-0.004151
0.003155
0.002085
0.028416
-0.014205
-0.069796
-0.095604
-0.063134
-0.059080
-0.001042
0.091818
0.053804
0.042045
0.009720
-0.093379
-0.137772
-0.132153
-0.083839
-0.026610
0.114217
0.090534
0.040012
0.010643
-0.079424
-0.080187
-0.059908
-0.056982
-0.048813
0.039827
-0.003855
-0.005088
0.063318
0.056611
0.005014
-0.017848
0.004819
-0.011699
0.033665
0.044453
0.043985
-0.049408
-0.058718
-0.025537
0.033565
0.093063
0.060884
-0.038369
-0.095177
-0.008493
0.032562
0.162503
0.205314
0.083750
-0.095283
-0.189022
-0.263820
-0.201741
0.040025
0.145156
0.152117
0.105881
-0.022220
-0.181083
-0.148018
-0.106042
-0.047863
0.018838
0.038090
-0.072496
-0.093377
-0.100823
-0.090550
0.020458
0.078996
0.029925
-0.021339
-0.032214
-0.075477
-0.023521
0.006580
-0.021358
-0.025736
-0.073868
-0.106688
-0.043035
0.052937
0.082575
0.122136
0.102094
-0.026171
-0.079485
-0.058864
-0.049163
0.012243
0.087101
0.059019
0.007186
-0.067936
-0.040616
0.005312
0.036696
0.041081
0.033360
-0.038079
-0.062483
-0.012389
0.031290
0.125944
0.164527
0.039356
-0.113743
-0.169652
-0.216815
-0.086169
0.070471
0.110426
0.079031
0.039804
-0.069681
-0.145001
-0.087786
-0.024014
0.001607
0.057203
-0.038940
-0.117790
-0.157062
-0.100799
0.000647
0.092971
0.095693
0.000551
-0.060627
-0.106275
-0.059458
-0.006602
0.073098
0.052542
0.009296
-0.053755
-0.072448
-0.079239
-0.022772
0.062948
0.072079
0.072620
0.066985
-0.005189
-0.011718
0.046951
-0.024014
-0.067107
-0.068522
-0.034296
0.006928
0.143723
0.200886
0.129464
0.055123
0.022405
-0.018543
-0.013740
0.029029
-0.031637
-0.065312
-0.121706
-0.142489
-0.149736
0.010887
0.175759
0.179266
0.125711
0.038236
-0.096916
-0.195534
-0.167677
-0.164089
-0.128177
-0.024358
0.040956
0.050929
0.125007
0.092669
-0.036656
-0.083714
-0.098711
-0.195048
-0.136789
-0.005350
0.015671
0.090190
0.193292
0.153305
0.058204
0.035721
-0.018088
-0.079669
-0.042821
0.013736
-0.011694
0.008789
0.037121
0.019106
-0.020486
0.041560
0.061308
0.084636
0.146377
0.173456
0.187658
0.256395
0.180561
0.006472
-0.141473
-0.275977
-0.335557
-0.186540
0.090181
0.225483
0.260939
0.173191
-0.106229
-0.295608
-0.276563
-0.209086
-0.073663
0.107897
0.162992
0.097433
0.008550
-0.073842
-0.128156
-0.105158
-0.072091
-0.077057
-0.100846
-0.108067
-0.085803
-0.016394
0.081081
0.161810
0.165985
0.083297
-0.015818
-0.098926
-0.080781
0.033453
0.100378
0.138360
0.121433
0.016978
-0.065479
-0.012416
0.025038
0.057342
0.171792
0.214479
0.174862
0.170120
0.166643
0.108941
0.131832
0.097652
-0.017468
-0.009006
0.027508
-0.011803
0.000983
0.034057
-0.096370
-0.188134
-0.201097
-0.227664
-0.174353
0.007997
0.089808
0.076603
0.067896
-0.006394
-0.088533
-0.113184
-0.086942
-0.076011
-0.017660
0.032538
-0.015270
-0.077328
-0.075717
-0.093010
-0.075655
0.004193
-0.007233
-0.039028
-0.045676
-0.061117
-0.068996
0.014759
0.081586
0.114959
0.205838
0.179973
0.130764
0.035321
-0.095493
-0.158427
-0.106684
-0.018806
0.102485
0.214388
0.184970
0.171125
0.173755
0.155840
0.182385
0.206063
0.127876
0.055642
-0.007544
-0.058718
-0.045858
0.009769
0.020833
0.036713
-0.091144
-0.227403
-0.270019
-0.241320
-0.122731
0.021113
0.075504
-0.013412
-0.049213
-0.078379
-0.079820
-0.001718
0.089944
0.014812
-0.061142
-0.064744
-0.114274
-0.125435
-0.081207
-0.039888
-0.097712
-0.064919
-0.064307
-0.074245
-0.025191
0.042357
0.023518
0.013651
-0.025781
-0.096830
0.027523
0.145927
0.229464
0.225562
0.085532
-0.119268
-0.156521
-0.100317
-0.001188
0.177788
0.217891
0.184767
0.143304
0.121053
0.156105
0.264363
0.245775
0.161879
0.066594
-0.083899
-0.165357
-0.105291
-0.032268
0.065093
0.105437
0.006737
-0.098264
-0.190052
-0.274848
-0.271735
-0.167308
-0.095479
0.004681
0.019685
0.012768
0.031204
0.015691
-0.036324
-0.033605
-0.058950
-0.104075
-0.063212
-0.093311
-0.130448
-0.113034
-0.097730
-0.111257
0.008544
0.060732
0.083629
0.065722
-0.019998
-0.115275
-0.134084
-0.058311
0.058883
0.145357
0.190137
0.173741
0.107182
0.020186
-0.015737
-0.074396
-0.091991
-0.023955
0.062221
0.169856
0.247944
0.247088
0.238874
0.244148
0.142643
0.057955
0.010392
-0.064452
-0.088208
0.001404
0.016501
-0.000177
0.026666
-0.024417
-0.142289
-0.165136
-0.190736
-0.210499
-0.124153
-0.007904
0.010340
0.038486
0.037448
-0.037292
-0.085007
-0.084908
-0.079102
-0.039893
0.031981
0.038807
0.005888
-0.056574
-0.174916
-0.206030
-0.136766
-0.096648
-0.031769
0.021772
0.050033
-0.014957
-0.011544
-0.036697
-0.048862
0.020455
0.079935
0.133239
0.138010
0.117554
0.025003
-0.005517
-0.011755
0.018133
-0.001140
0.015967
0.067776
0.142060
0.258458
0.362567
0.391779
0.284755
0.158425
-0.005061
-0.136398
-0.124033
-0.070276
-0.008867
0.141365
0.161714
0.052445
-0.016924
-0.167595
-0.318217
-0.301075
-0.208126
-0.146531
0.048501
0.174600
0.115116
0.118169
0.087874
-0.139183
-0.260695
-0.269956
-0.262281
-0.102223
0.154392
0.159431
0.129998
0.043627
-0.148402
-0.292452
-0.211438
-0.171416
-0.091121
0.053734
0.054017
0.039521
0.133279
0.161912
0.096647
0.074781
-0.034606
-0.118626
-0.020736
0.138367
0.229224
0.259275
0.169135
-0.035202
-0.118121
-0.051757
0.132736
0.300189
0.360482
0.276153
0.168953
0.021852
-0.057737
-0.007879
0.038052
0.086517
0.106611
0.147736
0.076031
0.033032
-0.023531
-0.149734
-0.291751
-0.353138
-0.324905
-0.244451
0.006448
0.262322
0.318347
0.238733
0.029982
-0.213538
-0.406955
-0.361592
-0.219471
-0.019748
0.184766
0.237543
0.102473
-0.078194
-0.146905
-0.206890
-0.156607
-0.022223
0.070111
0.009244
0.015545
-0.005401
-0.047638
-0.000350
0.106890
0.120186
0.103415
0.135398
0.093719
0.078426
0.081414
0.056845
-0.022049
-0.074916
-0.057442
0.029948
0.157800
0.282874
0.369227
0.355602
0.211777
0.018668
-0.038641
-0.005474
0.055950
0.117372
0.078430
-0.075642
-0.172201
-0.128238
-0.045117
-0.037310
-0.017355
-0.070450
-0.148296
-0.150620
-0.081169
-0.028468
0.046776
0.042426
-0.055810
-0.154670
-0.161802
-0.099684
0.024830
0.164726
0.144785
0.033171
-0.145171
-0.307197
-0.307604
-0.176319
0.006615
0.120515
0.128220
0.026279
-0.045279
-0.096487
-0.077239
-0.021174
-0.008749
0.013618
0.116087
0.182906
0.143663
0.136711
0.064528
-0.070523
-0.125777
-0.110235
-0.004059
0.181053
0.364996
0.406390
0.357401
0.258410
0.069484
-0.027777
-0.025719
-0.092651
-0.076196
0.032776
0.072069
0.135913
0.145882
-0.033916
-0.267590
-0.361788
-0.453378
-0.320000
-0.033876
0.168075
0.252237
0.276573
0.141034
-0.123986
-0.232707
-0.325529
-0.334947
-0.191716
0.008189
0.063997
0.083296
0.093899
-0.036001
-0.150879
-0.128649
-0.127072
-0.192886
-0.083984
-0.056132
-0.086647
0.048054
0.115059
0.067454
0.137581
0.101308
-0.052919
-0.020549
0.009777
-0.014151
0.063973
0.120047
0.000810
0.023426
0.075808
0.084659
0.163519
0.200978
0.183445
0.201775
0.153463
0.052627
0.031274
-0.023973
-0.026912
0.065974
0.042182
-0.045012
-0.044194
-0.098010
-0.205297
-0.153555
-0.109716
-0.124839
-0.052197
-0.009074
-0.027681
-0.040805
-0.024881
-0.092566
-0.144478
-0.139910
-0.129201
-0.082601
0.013714
0.147720
0.155703
0.033543
-0.133424
-0.294941
-0.369779
-0.267419
-0.055572
0.113023
0.201280
0.176983
0.001956
-0.109090
-0.104425
-0.047886
0.026896
0.097966
0.094431
0.053991
0.029818
0.008541
-0.008620
-0.054044
-0.079365
-0.027486
0.128353
0.237807
0.311964
0.289820
0.230427
0.079803
-0.046421
-0.066028
-0.072134
-0.014292
0.045354
0.104755
0.109582
0.170603
0.074853
-0.106285
-0.221086
-0.308843
-0.391386
-0.291538
-0.119554
-0.023567
0.125702
0.217660
0.154812
0.040893
-0.066175
-0.287172
-0.361459
-0.253346
-0.080900
0.073691
0.193505
0.141558
-0.021500
-0.154629
-0.244962
-0.211779
-0.125718
-0.027258
0.041382
0.069110
0.039922
-0.018486
-0.033547
-0.024004
0.010273
0.066308
0.075795
0.060322
0.050424
0.004089
-0.056303
-0.063167
0.009511
0.109653
0.214782
0.254268
0.223864
0.197656
0.125293
0.030913
-0.006064
0.057132
0.025406
-0.045824
-0.040671
0.002887
0.040399
0.132254
0.133696
-0.129441
-0.365927
-0.473544
-0.422338
-0.214860
0.154881
0.326878
0.276572
0.139162
-0.108213
-0.346259
-0.376084
-0.281443
-0.140290
0.061421
0.202215
0.126922
0.044239
-0.050723
-0.180157
-0.230461
-0.163699
-0.149443
-0.073045
0.049570
0.084197
0.105451
0.112575
0.094176
0.027905
-0.068960
-0.139232
-0.105589
-0.040538
0.036203
0.124034
0.110419
0.054598
0.063594
0.111431
0.102931
0.126094
0.066806
0.095126
0.178080
0.191313
0.196163
0.188480
0.032544
-0.154853
-0.122128
-0.091693
-0.042100
0.101599
0.157077
-0.001040
-0.142283
-0.306377
-0.424003
-0.303344
-0.057084
0.075920
0.182672
0.206573
0.048450
-0.088261
-0.127808
-0.206170
-0.209831
-0.109883
-0.034963
0.059046
0.085918
0.017708
-0.029818
-0.068939
-0.151100
-0.149062
-0.119562
-0.116358
-0.042083
0.061438
0.096838
0.162123
0.213858
0.073961
-0.053052
-0.119461
-0.226938
-0.206568
-0.012612
0.112201
0.182854
0.282911
0.232433
0.142467
0.113380
0.078533
0.079794
0.133956
0.111989
0.050332
0.055434
0.073422
0.069417
0.073753
0.018171
-0.077807
-0.080673
-0.029638
-0.037099
-0.109509
-0.190661
-0.226755
-0.172078
-0.090650
0.012705
0.058989
0.107750
0.078204
-0.012079
-0.057739
-0.120360
-0.168087
-0.139903
-0.066723
0.006447
0.072237
0.033723
-0.006739
-0.059498
-0.127678
-0.168622
-0.087891
-0.081981
-0.039936
0.038422
0.034084
0.043058
0.112790
0.098694
0.076189
0.053846
-0.067402
-0.122109
-0.083932
-0.050068
0.073310
0.214982
0.247692
0.270911
0.242589
0.072717
-0.020197
0.007357
-0.010540
0.074750
0.217628
0.251180
0.184043
0.103106
-0.055190
-0.150901
-0.094591
-0.032765
0.025443
0.046960
-0.076196
-0.254207
-0.266381
-0.190461
-0.034943
0.178868
0.265907
0.160954
0.036463
-0.158856
-0.328568
-0.275302
-0.150836
-0.059645
0.119998
0.163071
0.040403
-0.013176
-0.121662
-0.244603
-0.189720
-0.079935
-0.074958
0.000358
0.065284
0.021622
0.082947
0.141100
0.053164
0.001566
0.042288
-0.027344
-0.065778
0.006215
-0.048694
-0.019808
0.126857
0.223739
0.241774
0.312385
0.216232
-0.017823
-0.018325
0.064069
0.069974
0.194992
0.282024
0.160341
0.079252
0.016244
-0.103496
-0.051586
0.043611
-0.054550
-0.110515
-0.179362
-0.305494
-0.267119
-0.060719
0.087132
0.204752
0.244144
0.077555
-0.128758
-0.269286
-0.307493
-0.200525
-0.036884
0.103955
0.127075
0.062125
-0.061207
-0.149065
-0.211984
-0.157050
-0.083990
-0.047872
0.010910
0.036749
0.016295
-0.028854
-0.027480
-0.014891
0.029045
0.079104
0.098424
0.132849
0.126839
0.104782
0.020377
-0.051513
-0.074925
-0.050461
0.055808
0.210047
0.331386
0.283749
0.216919
0.129907
0.066960
0.050381
0.102098
0.072342
0.036712
0.013488
-0.057581
-0.077184
0.044469
0.105380
0.115276
0.136638
-0.049886
-0.293346
-0.365903
-0.286740
-0.148084
0.154270
0.294630
0.176601
0.029372
-0.132175
-0.249342
-0.225121
-0.099572
-0.074265
-0.040718
-0.035894
-0.067576
-0.074768
-0.018191
0.016064
0.004888
-0.021341
-0.097176
-0.131917
-0.077117
0.040513
0.092804
0.125464
0.127570
0.076317
0.033656
0.046573
0.108156
0.118491
0.066196
-0.013291
-0.074640
-0.092018
0.046437
0.249582
0.346504
0.363129
0.242728
0.002745
-0.098441
-0.074099
0.032249
0.258533
0.345671
0.143672
-0.045525
-0.169993
-0.252622
-0.060828
0.155110
0.125854
0.041886
-0.126162
-0.311263
-0.291539
-0.059137
0.076373
0.223330
0.202273
-0.022630
-0.205273
-0.217287
-0.149566
-0.009273
0.098109
-0.002250
-0.123446
-0.210625
-0.175877
-0.057918
0.089421
0.122072
0.047407
-0.059476
-0.172313
-0.182430
-0.057491
0.092257
0.177939
0.196485
0.106007
0.007028
0.019411
0.099756
0.163771
0.134797
0.015909
-0.110204
-0.156949
-0.036993
0.207119
0.416011
0.448508
0.291200
0.005621
-0.198570
-0.215353
-0.016513
0.241161
0.428808
0.333550
0.049039
-0.136066
-0.316009
-0.280699
-0.136563
0.042480
0.071590
0.082829
-0.033764
-0.082917
0.013210
0.034077
0.018556
-0.076412
-0.212339
-0.283344
-0.112560
0.054568
0.168593
0.252323
0.089096
-0.136467
-0.288887
-0.286602
-0.192122
0.015044
0.148296
0.101220
0.024031
-0.081466
-0.113591
-0.055690
0.054988
0.092965
0.118367
0.106520
0.037296
0.005302
0.013926
0.038837
0.017874
0.021634
-0.008370
0.046644
0.109706
0.162117
0.186634
0.164622
0.090617
0.032578
0.009692
0.029259
0.148749
0.259847
0.264691
0.164825
0.002474
-0.253867
-0.321641
-0.205744
-0.097739
0.025343
0.083602
0.058240
-0.023329
0.025294
-0.035207
-0.058330
-0.073720
-0.104741
-0.147720
-0.128045
-0.044765
-0.001289
0.110695
0.074306
-0.005881
-0.146867
-0.244558
-0.264354
-0.151215
0.018374
0.110303
0.119965
0.030111
-0.082057
-0.164149
-0.115012
-0.030985
0.062869
0.108622
0.100087
0.033867
-0.009873
-0.007645
0.016628
0.077014
0.115759
0.095682
-0.003811
-0.057380
-0.007341
0.079680
0.155260
0.188642
0.134336
-0.001463
-0.064619
-0.076280
0.042759
0.209164
0.308446
0.223629
0.056417
-0.175148
-0.355137
-0.334912
-0.207122
-0.067300
0.055438
0.135893
0.115937
0.087753
0.068648
-0.016175
-0.095972
-0.172264
-0.243985
-0.236148
-0.170907
-0.062997
0.029674
0.127972
0.156026
0.076968
-0.128570
-0.303478
-0.338370
-0.284889
-0.105387
0.075433
0.131718
0.089530
0.060972
-0.012785
-0.065286
-0.054738
-0.051126
0.013881
0.084991
0.058665
0.014058
-0.004861
-0.047366
-0.019101
0.040398
0.076309
0.114497
0.111183
0.055267
0.071422
0.024532
-0.070433
-0.039474
0.013656
0.011971
0.095795
0.191026
0.078361
-0.006754
-0.084679
-0.181097
-0.211673
-0.051883
0.016029
0.096112
0.094996
0.010048
-0.158177
-0.176713
-0.094668
-0.078167
0.004426
0.040127
-0.013471
-0.130984
-0.097730
-0.153660
-0.123831
-0.047544
-0.021201
-0.081434
-0.061611
-0.095516
-0.157625
-0.080875
-0.052025
-0.049257
-0.015181
-0.009869
-0.083709
-0.047898
-0.033002
-0.049613
0.043241
0.059296
0.074267
0.094121
0.064395
-0.004713
0.014223
-0.006142
-0.051255
0.047852
0.049805
0.086633
0.141366
0.076893
0.002634
0.043186
0.031807
-0.001552
0.125613
0.042689
-0.030620
-0.020482
-0.123070
-0.136793
0.044824
0.118193
0.087884
0.143423
-0.005005
-0.178541
-0.152236
-0.113306
-0.113320
0.038992
0.114787
0.032755
0.013864
-0.023048
-0.096111
-0.091802
-0.025608
-0.112140
-0.106759
-0.109987
-0.106757
-0.047190
0.031303
0.037618
0.004813
-0.015556
-0.089009
-0.072309
-0.021432
-0.000518
0.026409
0.041064
0.028790
0.018669
0.033634
0.002138
0.047557
0.057838
0.009043
0.001680
0.018569
0.026734
0.037211
0.146304
0.144396
0.130582
0.135699
0.078366
-0.044070
-0.103103
-0.095186
-0.079763
0.058405
0.142197
0.129128
0.110357
0.058117
-0.055438
-0.084912
-0.060824
-0.058482
-0.006964
0.140521
0.074921
0.053861
0.005162
-0.085882
-0.118381
-0.011188
0.034255
0.022744
0.070577
0.021974
-0.072705
-0.052037
-0.089959
-0.097190
-0.047728
0.007727
-0.002406
0.017100
0.003855
-0.033618
-0.032294
-0.024432
-0.009516
-0.004713
0.011055
-0.005101
0.031829
0.036397
0.061298
0.103036
0.103247
0.081877
0.015152
-0.020215
-0.067001
-0.023864
0.065080
0.117528
0.133903
0.132897
0.068160
-0.000551
0.018079
0.049767
0.031226
0.072899
0.025097
-0.037288
-0.017495
0.012950
-0.013478
0.060217
0.088245
0.012412
0.013009
-0.011733
-0.058582
-0.014702
0.081027
0.020494
0.016421
-0.001948
-0.059937
-0.073036
0.018412
0.028397
0.006387
-0.000171
-0.040638
-0.078311
-0.081669
0.004249
0.050316
0.043748
0.025025
-0.047004
-0.101240
-0.069555
-0.032835
-0.027129
0.035255
0.042177
-0.000458
0.008824
0.008051
-0.011171
0.039291
0.052693
-0.007320
0.019097
-0.014575
-0.043422
0.060344
0.103630
0.053782
0.106384
0.071530
-0.047769
-0.032558
0.023524
0.009473
0.102521
0.129250
-0.024146
-0.051813
-0.037836
-0.049095
0.008901
0.152844
0.116234
0.014000
-0.031020
-0.131964
-0.199843
-0.087812
-0.020552
0.022916
0.113086
0.075851
0.007240
-0.000717
-0.025936
-0.125815
-0.073822
-0.054351
-0.045468
0.011432
0.057366
0.065216
0.061937
0.040751
-0.084002
-0.099988
-0.114273
-0.060589
0.029798
0.075682
0.057666
-0.009576
-0.067909
-0.134759
-0.052428
0.026927
0.087740
0.086917
0.024361
-0.051562
-0.071767
-0.078184
-0.051610
0.003423
0.039933
0.059211
0.063803
0.072014
0.091456
0.025765
-0.028760
-0.090640
-0.132483
-0.120800
-0.000608
0.090473
0.163842
0.157810
0.036240
-0.072792
-0.126845
-0.137538
-0.135319
-0.027872
0.013481
0.066483
0.074896
0.044873
-0.034166
-0.046617
-0.056318
-0.104062
-0.088371
-0.064047
0.006647
0.022319
0.095859
0.048521
0.004876
-0.040891
-0.104262
-0.077630
-0.063648
0.020696
0.055858
0.075826
-0.010371
-0.083748
-0.124030
-0.092303
-0.054039
0.057096
0.017767
0.000022
0.003029
-0.028860
-0.051682
-0.024153
0.032105
-0.006057
0.028368
-0.000223
-0.079700
-0.044733
0.000456
-0.010273
0.013580
0.028434
-0.039533
-0.009023
0.008173
0.038307
0.046016
0.102031
0.026249
-0.033258
-0.040296
-0.017247
-0.028098
-0.013859
0.062836
0.035926
0.050915
0.095033
0.031014
-0.095213
-0.082372
-0.081030
-0.044910
0.038438
0.107338
0.073505
0.066396
0.005605
-0.107214
-0.123559
-0.053914
-0.012769
0.047128
0.034374
-0.007271
-0.059289
-0.078125
-0.085119
0.007494
0.027776
0.014684
0.001685
-0.015673
-0.031390
0.003562
0.003298
0.018852
0.031549
-0.038512
-0.100932
-0.056866
-0.028121
0.019554
0.087246
0.057870
0.003287
-0.044892
-0.065919
-0.094487
-0.054309
0.011470
0.052129
0.093401
0.061746
0.016557
-0.037074
-0.044963
0.008653
0.021073
0.066330
0.081415
0.088780
0.070397
0.053297
-0.014110
-0.094723
-0.105601
-0.068666
0.041884
0.099594
0.129576
0.123520
0.105839
0.032751
-0.032064
-0.089133
-0.127065
-0.052380
-0.034037
0.024814
0.110629
0.106626
0.028850
0.005721
-0.048274
-0.090379
-0.032742
0.021885
0.020965
0.062321
0.058298
-0.009400
-0.025555
-0.033670
-0.040269
-0.015135
0.036399
-0.012525
-0.007031
0.013758
-0.025075
-0.054577
-0.015321
0.012914
0.035727
0.061214
0.020674
-0.036338
-0.044701
-0.036028
-0.033646
0.016598
0.035956
0.054518
0.048408
0.025039
-0.026297
-0.054917
-0.070679
-0.019847
0.021105
0.023323
-0.002520
-0.007896
0.002942
0.026098
0.043863
0.040642
0.053295
0.043715
0.017663
0.032227
0.018802
0.021418
0.007352
-0.002619
-0.035429
0.002401
0.032035
0.049612
0.082879
0.091283
0.058705
0.024485
-0.024944
-0.084864
-0.088645
-0.072638
0.015092
0.134822
0.182527
0.133387
0.036898
-0.093080
-0.195812
-0.146369
-0.072687
-0.008817
0.059524
0.060545
0.029294
0.021407
0.031558
-0.045613
-0.019993
-0.045041
-0.125177
-0.097340
0.019416
0.079240
0.135119
0.159385
0.028227
-0.054798
-0.115756
-0.162875
-0.124240
-0.012430
0.042328
0.129116
0.202304
0.060999
-0.040254
-0.113706
-0.161293
-0.133461
0.006048
0.033228
0.016212
0.069571
0.006972
-0.003159
0.003765
0.019274
-0.051298
-0.000984
-0.001195
0.009034
0.033265
0.082890
0.053660
0.011108
-0.011248
-0.064595
-0.060559
0.015257
0.083247
0.054995
0.053458
-0.001965
-0.046515
0.010675
0.073707
0.016023
0.000543
-0.031034
-0.100338
-0.016933
0.118292
0.134259
0.120628
0.052680
-0.057884
-0.180735
-0.134645
-0.057659
0.036937
0.097384
0.115961
0.044680
-0.058193
-0.055923
-0.056114
-0.069406
-0.079998
-0.035996
-0.032020
-0.026825
0.012204
0.013314
0.006197
0.013226
-0.026590
-0.047034
-0.062674
-0.039317
0.026490
0.124251
0.133026
0.039673
-0.045716
-0.116143
-0.170331
-0.079303
0.048437
0.058028
0.099788
0.065935
-0.037066
-0.069103
-0.062675
-0.097365
-0.073729
0.039787
0.026662
0.098691
0.133393
0.044519
-0.045065
-0.048034
-0.138100
-0.133431
0.031955
0.083360
0.078823
0.113603
0.044682
-0.091860
-0.098577
-0.073129
-0.070522
0.030437
0.078869
0.028494
0.033702
0.078259
0.046286
0.049306
-0.000897
-0.066782
-0.119507
-0.053872
0.024278
0.076718
0.070016
0.057025
0.003586
-0.074297
-0.115252
-0.090807
-0.087652
0.018978
0.065418
0.045631
0.049557
-0.018591
-0.030865
-0.026072
0.032042
0.001558
0.031832
-0.022521
-0.076032
-0.058417
-0.036675
-0.050190
-0.000091
-0.011637
-0.034597
0.052668
0.053944
0.023566
0.031203
0.008128
-0.084268
-0.060396
-0.045287
-0.015200
0.059847
0.067470
0.011657
-0.053157
-0.118519
-0.130200
-0.016424
0.083860
0.092313
0.100279
-0.026614
-0.098589
-0.085310
-0.058958
0.024813
0.139204
0.135331
0.078550
0.041775
-0.035723
-0.084694
-0.017407
-0.011708
-0.053104
-0.052265
-0.044848
-0.026111
0.068909
0.085406
0.065171
0.025680
0.012319
-0.016792
0.054819
0.094877
0.087575
0.038533
-0.040599
-0.064813
-0.068344
-0.037889
0.025052
0.075888
0.052442
0.001550
-0.047927
-0.051569
-0.062277
-0.037008
-0.017300
-0.019620
-0.046121
-0.005635
-0.011891
-0.029441
-0.002411
0.029581
0.002332
0.024999
0.056365
-0.028806
-0.036287
0.006126
-0.001577
-0.019140
0.043099
0.015803
-0.029836
0.044192
-0.024046
-0.098404
-0.100800
-0.029102
-0.042345
0.068443
0.103414
0.089825
0.088086
0.048798
0.003631
-0.051772
-0.063178
-0.070892
-0.009191
0.025285
0.098691
0.161180
0.117480
0.028958
-0.082955
-0.190523
-0.226539
-0.112673
-0.022698
0.128371
0.227813
0.200045
0.048575
-0.007257
-0.067054
-0.095848
-0.003259
0.041263
0.029177
0.046985
0.092356
0.070469
0.088511
0.094475
-0.006170
-0.085152
-0.089907
-0.097159
-0.035378
0.109889
0.145027
0.088915
0.042232
-0.063953
-0.212736
-0.175692
-0.033714
0.067524
0.165666
0.186611
0.067424
-0.030699
-0.062635
-0.108235
-0.141538
-0.062126
-0.036066
0.011269
0.086116
0.103287
0.035416
0.045965
0.013523
-0.004442
-0.030389
-0.047121
-0.185594
-0.166395
-0.031224
0.073923
0.159255
0.190721
0.090470
-0.061530
-0.087479
-0.081052
-0.055933
0.036974
0.056766
0.003367
0.052954
0.090242
0.075185
0.110016
0.093614
-0.049343
-0.115772
-0.119220
-0.167618
-0.020612
0.150504
0.153242
0.146778
0.109988
-0.102498
-0.155407
-0.085477
-0.130153
-0.042554
0.123025
0.115734
0.133891
0.180102
0.068361
-0.032957
0.025761
-0.007891
-0.082255
-0.029986
-0.008669
0.006687
0.095205
0.152782
0.102539
0.011080
-0.068345
-0.134939
-0.122338
-0.052850
0.048077
0.082142
0.064533
0.040581
-0.001546
-0.067911
-0.046316
-0.016735
0.011498
0.014133
0.008059
-0.018801
-0.036211
0.006490
0.027552
-0.011583
-0.054379
-0.030053
-0.086236
-0.025527
0.097793
0.091511
0.056143
0.078951
-0.006375
-0.111138
-0.052549
-0.036912
-0.084893
0.053930
0.117629
0.066126
0.095319
0.145314
-0.013774
-0.016211
0.022720
-0.084514
-0.058817
0.018842
-0.003788
-0.016811
0.110738
0.003125
-0.044179
0.015991
-0.004208
-0.023091
0.069348
0.028749
-0.041239
0.002193
-0.038285
-0.072655
0.034816
0.075135
0.003930
0.118396
0.107150
0.086238
0.069428
0.026603
-0.116893
-0.076296
-0.000204
-0.026262
0.100330
0.061978
-0.004659
-0.062855
0.008691
-0.035339
0.022465
0.044901
-0.040669
-0.019836
-0.010644
-0.021623
-0.037727
0.032262
-0.032038
-0.015277
-0.030979
-0.025561
-0.007052
0.033269
-0.001904
-0.013982
-0.027366
-0.054718
-0.002915
-0.000357
-0.025672
-0.048448
-0.046540
-0.073843
-0.025323
0.039120
0.117152
0.089132
-0.023473
-0.102123
-0.116649
-0.062758
0.025071
0.141421
0.127713
0.105604
0.059216
-0.063527
-0.088536
-0.071610
-0.069467
-0.032673
0.045461
0.084566
0.064720
0.095022
0.034044
-0.021706
-0.060291
-0.092309
-0.013895
0.039751
0.097383
0.132551
0.091025
0.032205
-0.009613
-0.101652
-0.120188
-0.078208
-0.043365
-0.009839
0.115706
0.102809
0.081768
0.081993
-0.007516
-0.111635
-0.122778
-0.067060
0.009692
0.111630
0.082977
-0.016501
-0.065002
-0.112519
-0.099674
0.026985
0.057411
0.024175
0.028557
-0.048039
-0.110743
-0.076357
-0.067259
-0.040484
0.021609
0.051288
0.003448
0.014585
0.060811
0.090295
0.055525
0.016222
-0.066509
-0.127829
-0.085830
-0.008438
0.064684
0.088460
0.085861
-0.039494
-0.128408
-0.135633
-0.076136
0.023707
0.123648
0.136467
0.057632
-0.038619
-0.154283
-0.135167
-0.065213
0.032081
0.115564
0.162295
0.106101
0.010064
-0.001699
-0.050092
-0.062345
-0.004852
0.031394
0.022272
0.065861
0.053217
0.011398
0.020870
0.025004
-0.075659
-0.046539
0.026573
0.011571
0.057677
0.109677
0.031189
-0.042279
-0.021485
-0.116074
-0.120391
-0.051529
-0.008298
0.064189
0.163542
0.094836
-0.001489
-0.061465
-0.191675
-0.221621
-0.079986
-0.024500
0.047128
0.146325
0.058089
-0.006612
0.003185
-0.077529
-0.092985
-0.010514
-0.038426
-0.053939
0.036972
0.051588
0.074783
0.115312
0.058846
-0.051061
-0.065483
-0.099656
-0.132855
-0.027330
0.061090
0.091269
0.119777
0.119619
-0.022642
-0.092926
-0.064102
-0.085314
-0.066400
0.015894
0.034465
-0.012057
0.056255
0.055832
0.024165
0.069364
0.002926
-0.135343
-0.100844
-0.059465
-0.052008
0.107885
0.201240
0.111849
0.066750
-0.012359
-0.146396
-0.112436
0.019440
0.024409
0.109587
0.114672
0.014224
-0.044519
-0.020706
-0.036633
-0.044139
0.007645
-0.032105
-0.025264
0.015747
0.086946
0.125965
0.163918
0.096122
-0.038396
-0.146685
-0.193316
-0.164649
-0.032874
0.091080
0.118311
0.060681
-0.030335
-0.092438
-0.085913
-0.020116
0.056489
0.117578
0.056862
-0.050486
-0.127598
-0.139845
-0.122297
0.023631
0.130387
0.046386
0.050028
0.050739
-0.003912
-0.026155
0.013380
-0.046113
-0.084566
-0.021550
-0.079384
-0.063708
0.032372
0.059493
0.054977
0.103634
0.020078
-0.093820
-0.087328
-0.076527
0.007531
0.123705
0.139424
0.037699
-0.015436
-0.082454
-0.110468
-0.019011
0.056285
0.044096
0.022361
0.025603
-0.054923
-0.031477
0.020990
0.014655
-0.032002
0.000852
-0.059380
-0.059308
0.041567
0.061536
0.089990
0.085644
0.038770
-0.073824
-0.033021
-0.040081
0.023731
0.105983
0.081796
0.017450
0.041036
0.010472
-0.020333
0.003705
-0.061976
-0.116290
-0.059297
-0.054359
-0.028246
0.058932
0.079352
0.045836
0.052867
-0.020307
-0.106641
-0.086377
-0.098553
-0.087652
-0.012371
0.053689
-0.013479
0.032544
0.036619
-0.023306
-0.010854
0.026073
-0.054918
-0.087029
-0.030102
-0.028627
0.008899
0.090797
0.077966
-0.003545
-0.052691
-0.096256
-0.141272
-0.076612
-0.015863
0.019293
0.047899
0.042735
-0.006085
-0.015604
-0.065714
-0.078476
-0.070055
-0.065859
-0.053473
0.017474
0.066552
0.039673
0.047139
0.029854
0.004690
0.001578
0.039586
0.017443
0.000813
0.019556
0.016872
0.006797
-0.025780
-0.031851
-0.051749
-0.044902
-0.032480
0.011045
0.044965
0.072178
0.082952
0.041899
0.001938
-0.062338
-0.120878
-0.113518
-0.067368
0.017962
0.120784
0.182853
0.133568
0.066003
-0.035021
-0.150871
-0.201099
-0.182266
-0.142018
-0.042719
0.071801
0.142184
0.123031
0.013548
-0.054711
-0.104158
-0.142278
-0.085776
0.001140
0.018643
0.074716
0.091384
0.042239
-0.010262
-0.029226
-0.121091
-0.134447
-0.070521
-0.020289
0.032401
0.125376
0.061437
-0.014014
-0.032199
-0.053607
-0.104376
-0.062066
-0.064043
-0.041912
0.024056
0.027570
0.059346
0.040621
0.011190
-0.003649
0.048795
-0.043220
-0.074436
-0.034997
-0.081350
-0.045734
0.039278
0.031926
-0.007990
0.099582
0.046393
-0.045780
-0.022218
-0.065455
-0.146252
-0.053326
0.044597
0.002096
0.073858
0.094463
-0.009489
-0.056865
-0.037500
-0.084270
-0.066304
0.045761
0.054216
0.041286
0.054097
0.004991
-0.082529
-0.068286
-0.056932
-0.057269
0.007794
0.066515
0.066469
0.083712
0.079108
0.011519
-0.074457
-0.089146
-0.126090
-0.099619
0.029773
0.080608
0.105453
0.104049
0.058299
-0.053028
-0.086737
-0.083648
-0.078229
-0.030905
0.015208
0.009685
-0.003316
0.005955
-0.038255
-0.054664
-0.019981
-0.003088
-0.006074
-0.005417
-0.009461
-0.067399
-0.063691
-0.027681
-0.061340
-0.028957
0.019808
0.044815
0.054555
0.104516
-0.013509
-0.064963
-0.046324
-0.061239
0.011879
0.086372
0.080762
0.030908
0.045608
-0.043052
-0.055281
0.031953
0.027982
0.073413
0.127692
0.044694
-0.066113
-0.058408
-0.128806
-0.100231
0.027131
0.083838
0.065927
0.097583
0.040811
-0.040094
-0.012648
-0.037669
-0.042017
0.016019
0.068848
0.071263
0.068542
0.001311
-0.063446
-0.014875
0.041777
0.074133
0.074200
0.042403
-0.012458
-0.004063
-0.004830
0.038675
0.098918
0.032505
0.002576
-0.005290
-0.090414
-0.058543
0.054906
0.033644
0.025015
0.079374
-0.011528
0.000546
0.099898
0.021106
-0.050632
-0.021091
-0.090966
-0.137436
0.005876
0.073813
0.111446
0.174093
0.065151
-0.085225
-0.133120
-0.119316
-0.062269
0.070324
0.130267
0.118260
0.064463
0.011768
-0.022256
-0.041432
-0.027813
0.010795
-0.017537
-0.042842
0.001257
-0.005876
0.059847
0.150958
0.136992
0.037675
-0.016309
-0.123929
-0.124633
-0.016043
0.090252
0.168821
0.182858
0.102788
-0.009518
-0.050850
-0.058839
-0.003581
0.080074
0.101611
0.070600
-0.019445
-0.099023
-0.119552
-0.051263
0.052833
0.175509
0.184784
0.119800
0.067937
-0.026465
-0.069991
-0.025205
-0.002860
0.024135
0.127720
0.137561
0.107039
0.092623
0.051297
-0.041722
-0.039820
-0.049760
-0.061426
-0.000171
0.092700
0.126502
0.159826
0.125845
0.017287
-0.087324
-0.129765
-0.162807
-0.069251
0.083428
0.150132
0.147145
0.158878
0.041649
-0.051388
-0.049180
-0.060286
-0.095088
-0.010272
0.006399
0.019468
0.124187
0.115552
0.042118
0.018421
-0.053475
-0.150155
-0.080300
-0.003282
0.014393
0.145616
0.193013
0.112438
0.033767
-0.059774
-0.164891
-0.158038
-0.051906
0.027694
0.097868
0.164461
0.155364
0.065020
0.041471
-0.005043
-0.064542
-0.105648
-0.026135
0.006226
0.066490
0.142552
0.114069
0.032712
