-0.023506
-0.066855
-0.101381
-0.120915
-0.106681
-0.079422
-0.039350
0.002120
0.027785
0.037424
0.040278
0.058797
0.071867
0.081022
0.095469
0.093812
0.093507
0.105407
0.118581
0.113180
0.115786
0.120700
0.136236
0.152755
0.177459
0.213372
0.206222
0.205944
0.209059
0.197982
0.157797
0.108838
0.072317
-0.022552
-0.089997
-0.169887
-0.275563
-0.322681
-0.288272
-0.201832
-0.068601
0.079817
0.128548
0.083552
-0.020180
-0.173560
-0.304165
-0.339536
-0.303334
-0.226950
-0.113549
-0.032507
-0.001029
0.016537
0.017243
-0.012652
-0.040783
-0.067329
-0.106703
-0.117465
-0.094396
-0.064549
-0.023652
0.020601
0.038809
0.038771
0.052800
0.061625
0.079914
0.103799
0.112859
0.096666
0.072931
0.086676
0.090252
0.116966
0.160395
0.180385
0.183824
0.172455
0.168194
0.154894
0.179181
0.232059
0.243212
0.206357
0.162260
0.060817
-0.031771
-0.103378
-0.154304
-0.234384
-0.275874
-0.275423
-0.245175
-0.121629
0.018532
0.116618
0.124164
0.056960
-0.109445
-0.271980
-0.351610
-0.355664
-0.268633
-0.138708
-0.027027
0.019807
0.039169
0.015535
-0.027777
-0.048330
-0.070912
-0.097380
-0.105062
-0.094076
-0.083035
-0.038257
0.013372
0.040434
0.051932
0.052354
0.053024
0.060245
0.089342
0.108454
0.112967
0.103993
0.077290
0.066714
0.086401
0.138238
0.186389
0.209070
0.210906
0.196134
0.158820
0.157846
0.184611
0.233518
0.211962
0.174612
0.108467
0.004793
-0.071619
-0.121468
-0.175091
-0.259056
-0.270113
-0.266395
-0.195028
-0.048886
0.083660
0.138589
0.098379
-0.017129
-0.209201
-0.330179
-0.364066
-0.316577
-0.199888
-0.064414
0.012303
0.030525
0.035083
-0.007681
-0.046270
-0.062595
-0.085151
-0.109226
-0.101813
-0.084165
-0.066523
-0.005639
0.042759
0.059208
0.065601
0.066022
0.050006
0.060678
0.092314
0.111805
0.116939
0.125811
0.099815
0.085349
0.109219
0.116815
0.151176
0.191983
0.205645
0.193760
0.186568
0.179412
0.204915
0.229675
0.204574
0.138276
0.078277
-0.032382
-0.123521
-0.167747
-0.240003
-0.278929
-0.250837
-0.189947
-0.095029
0.035291
0.118400
0.095583
0.024620
-0.112294
-0.262661
-0.338984
-0.322648
-0.257621
-0.137996
-0.024660
0.026803
0.040596
0.032853
-0.016645
-0.059139
-0.075620
-0.094736
-0.106744
-0.085466
-0.063979
-0.039516
0.005934
0.042796
0.053303
0.066690
0.069238
0.053675
0.068282
0.099513
0.111947
0.107099
0.112847
0.104893
0.105868
0.125921
0.141625
0.147646
0.166954
0.183717
0.178608
0.197357
0.223241
0.243354
0.207221
0.168215
0.089727
0.004093
-0.058449
-0.109670
-0.154013
-0.227989
-0.246880
-0.250681
-0.182887
-0.058184
0.059885
0.116700
0.080306
-0.026890
-0.193063
-0.300896
-0.340844
-0.295921
-0.190327
-0.076958
-0.004976
0.020129
0.023997
-0.009023
-0.035868
-0.057196
-0.082833
-0.102912
-0.093654
-0.069160
-0.050498
-0.006917
0.023401
0.029818
0.033667
0.044354
0.058075
0.090460
0.119183
0.118989
0.096674
0.088610
0.097339
0.099393
0.104263
0.127733
0.139545
0.155731
0.175867
0.186895
0.203930
0.219377
0.226161
0.233162
0.175955
0.119097
0.056766
-0.007236
-0.074869
-0.122684
-0.200383
-0.280756
-0.277344
-0.237806
-0.124596
0.014800
0.120621
0.118211
0.038567
-0.099749
-0.259431
-0.334318
-0.331654
-0.260421
-0.158041
-0.049998
0.001481
0.020747
0.026924
-0.000503
-0.037897
-0.072343
-0.102518
-0.124700
-0.105296
-0.075351
-0.037829
0.013522
0.041412
0.048584
0.049085
0.055797
0.053437
0.069343
0.094217
0.095863
0.104788
0.094521
0.094256
0.103311
0.112178
0.139576
0.144576
0.155882
0.176441
0.202468
0.200163
0.212362
0.226141
0.187537
0.144102
0.090164
0.028578
-0.018257
-0.056970
-0.104981
-0.205854
-0.262889
-0.285900
-0.242583
-0.116038
0.027621
0.110460
0.103657
0.018656
-0.140523
-0.269539
-0.323759
-0.307759
-0.225989
-0.121897
-0.045609
-0.011842
0.013272
0.004473
-0.010470
-0.031150
-0.060926
-0.099181
-0.108312
-0.093672
-0.068248
-0.025395
0.016945
0.029604
0.034469
0.036390
0.042606
0.069361
0.104443
0.127402
0.122998
0.099273
0.078672
0.072922
0.087801
0.126400
0.160341
0.165912
0.172132
0.157437
0.157512
0.179943
0.214558
0.250078
0.229260
0.160159
0.064495
0.002293
-0.062697
-0.086965
-0.115217
-0.205519
-0.265570
-0.282306
-0.226468
-0.100285
0.062343
0.148767
0.117320
0.005558
-0.177507
-0.322457
-0.366202
-0.305717
-0.200813
-0.073234
0.001998
0.011937
0.006894
-0.007438
-0.030515
-0.045937
-0.063421
-0.096690
-0.107488
-0.086673
-0.057228
-0.009194
0.034817
0.046328
0.039863
0.052126
0.056297
0.074576
0.101131
0.112702
0.093282
0.081897
0.087174
0.081371
0.112199
0.155494
0.176309
0.169134
0.170779
0.167183
0.167140
0.182919
0.206275
0.223116
0.216876
0.150179
0.080086
0.003494
-0.073896
-0.124108
-0.200716
-0.272860
-0.295589
-0.258149
-0.156532
-0.008128
0.118640
0.144911
0.078541
-0.070331
-0.236805
-0.348592
-0.360823
-0.291173
-0.172346
-0.052174
0.020597
0.038656
0.026737
-0.006943
-0.043602
-0.072308
-0.092571
-0.108195
-0.094702
-0.061800
-0.026287
0.009701
0.037986
0.030759
0.026593
0.036156
0.054607
0.089588
0.123373
0.130692
0.114003
0.103485
0.089803
0.081487
0.095942
0.115065
0.142767
0.176785
0.198451
0.198620
0.204289
0.181255
0.187470
0.213027
0.184856
0.125616
0.065445
-0.017480
-0.123492
-0.172684
-0.252050
-0.292474
-0.260706
-0.178693
-0.073734
0.044101
0.120366
0.077530
-0.008414
-0.141910
-0.275188
-0.340208
-0.311851
-0.237183
-0.128822
-0.012411
0.027892
0.032119
0.012390
-0.026854
-0.070801
-0.082216
-0.092595
-0.101610
-0.075400
-0.048560
-0.023208
0.005251
0.034217
0.036127
0.043466
0.059147
0.068930
0.081825
0.098254
0.105138
0.105793
0.112442
0.111198
0.111887
0.122022
0.120921
0.134147
0.150230
0.186885
0.203457
0.201433
0.209958
0.199491
0.183741
0.156390
0.119288
0.054564
-0.015062
-0.101354
-0.206151
-0.305846
-0.324123
-0.284629
-0.160452
-0.004029
0.113459
0.136761
0.068740
-0.062963
-0.217445
-0.305758
-0.326216
-0.281245
-0.187971
-0.088983
-0.019467
0.018373
0.036661
0.012406
-0.016465
-0.054670
-0.088729
-0.107728
-0.091305
-0.066486
-0.040394
-0.009485
0.010385
0.017626
0.041022
0.073335
0.091405
0.101949
0.107721
0.082588
0.079661
0.096884
0.109993
0.110264
0.133714
0.129336
0.129524
0.147260
0.166393
0.196805
0.210065
0.212365
0.220202
0.214340
0.168682
0.108886
0.066955
-0.010145
-0.078061
-0.128982
-0.232217
-0.296704
-0.286183
-0.220279
-0.102334
0.046923
0.130011
0.097420
0.010492
-0.138448
-0.278847
-0.334474
-0.304777
-0.232569
-0.123892
-0.026421
0.005859
0.017937
0.012979
-0.014178
-0.043902
-0.056189
-0.088336
-0.109623
-0.095298
-0.066719
-0.024354
0.031659
0.052255
0.048281
0.053252
0.065289
0.070071
0.092958
0.102298
0.087549
0.094845
0.114189
0.117854
0.139483
0.151023
0.137782
0.135218
0.143096
0.162084
0.173465
0.201592
0.239606
0.245248
0.234172
0.173344
0.085175
-0.002413
-0.090232
-0.153282
-0.235204
-0.286227
-0.293321
-0.240491
-0.123637
0.017202
0.122384
0.133447
0.060607
-0.090415
-0.245301
-0.341097
-0.351525
-0.280112
-0.165388
-0.050852
0.012669
0.037955
0.023193
-0.005776
-0.038035
-0.061575
-0.088831
-0.102091
-0.095265
-0.083669
-0.049482
0.005216
0.043457
0.060464
0.068174
0.064185
0.063208
0.076849
0.092022
0.100186
0.111578
0.125599
0.111589
0.116462
0.128182
0.118772
0.134325
0.162407
0.182827
0.210424
0.215248
0.232343
0.233668
0.209184
0.164677
0.109129
0.025822
-0.067036
-0.140929
-0.239761
-0.311985
-0.306299
-0.246469
-0.124017
0.023681
0.132082
0.130107
0.058671
-0.081306
-0.236594
-0.330701
-0.336261
-0.282185
-0.180170
-0.065249
0.001958
0.032858
0.039434
0.008877
-0.036413
-0.066880
-0.093020
-0.110547
-0.097904
-0.077075
-0.045574
-0.001141
0.036448
0.051527
0.060933
0.063930
0.069869
0.081910
0.104359
0.106976
0.104409
0.117292
0.114859
0.111470
0.133089
0.134728
0.139291
0.158330
0.184246
0.197955
0.212620
0.220388
0.235552
0.220167
0.155459
0.094722
0.023133
-0.071042
-0.143245
-0.221890
-0.303551
-0.312552
-0.246957
-0.131754
0.013253
0.131686
0.140242
0.057214
-0.077228
-0.235130
-0.339775
-0.345295
-0.279884
-0.179459
-0.063839
0.009452
0.027400
0.026437
0.002885
-0.038483
-0.068788
-0.089451
-0.108006
-0.094929
-0.066646
-0.043754
-0.006570
0.028196
0.038702
0.039783
0.054734
0.075280
0.086450
0.106856
0.111967
0.111192
0.112353
0.119756
0.112582
0.120847
0.138403
0.130818
0.155355
0.178527
0.190308
0.200049
0.250948
0.251114
0.203936
0.170866
0.073318
-0.003694
-0.081969
-0.123461
-0.216564
-0.276296
-0.278106
-0.260033
-0.143487
-0.005609
0.106724
0.119341
0.071814
-0.073244
-0.234264
-0.320316
-0.345103
-0.287520
-0.178591
-0.062756
-0.010671
0.024964
0.018824
-0.017254
-0.039373
-0.061781
-0.088385
-0.107941
-0.091889
-0.084865
-0.051716
-0.001014
0.027116
0.036406
0.042674
0.052384
0.065460
0.100585
0.122095
0.110137
0.081105
0.068107
0.068563
0.106365
0.167687
0.186029
0.172194
0.164159
0.143393
0.145216
0.169794
0.207197
0.241745
0.233279
0.174394
0.089774
0.028327
-0.058312
-0.105274
-0.160953
-0.258023
-0.304559
-0.295848
-0.211131
-0.075664
0.084586
0.143992
0.099404
-0.020018
-0.189581
-0.318117
-0.353318
-0.299122
-0.208646
-0.089978
-0.012662
0.007284
0.006410
-0.010250
-0.038533
-0.063465
-0.074555
-0.098637
-0.097909
-0.075053
-0.049754
-0.020663
0.009525
0.026992
0.027360
0.041471
0.058130
0.072929
0.102182
0.114094
0.106925
0.107172
0.123683
0.109079
0.098856
0.114740
0.118597
0.129042
0.164585
0.190946
0.195744
0.215007
0.263447
0.234365
0.180206
0.118457
0.028090
-0.066905
-0.127448
-0.179278
-0.285819
-0.300072
-0.278175
-0.206392
-0.060822
0.086450
0.141573
0.098242
0.000014
-0.186317
-0.320974
-0.363120
-0.327323
-0.236158
-0.104269
-0.013917
0.007149
0.027612
0.006037
-0.034426
-0.055012
-0.072413
-0.109543
-0.113179
-0.082656
-0.069754
-0.029773
0.015856
0.028929
0.030456
0.044178
0.055183
0.070516
0.102398
0.119700
0.105956
0.092777
0.091339
0.083001
0.101363
0.127932
0.128482
0.129843
0.156032
0.175284
0.190832
0.211603
0.217890
0.243973
0.216728
0.145439
0.078751
-0.025067
-0.099315
-0.156766
-0.207711
-0.277200
-0.268689
-0.228470
-0.140933
-0.004304
0.096978
0.113915
0.042349
-0.075424
-0.238635
-0.333684
-0.342058
-0.281421
-0.169781
-0.049202
0.019236
0.021049
0.015921
-0.025816
-0.061129
-0.072661
-0.080249
-0.093998
-0.084123
-0.067309
-0.054810
-0.014667
0.017787
0.030484
0.038860
0.055954
0.058701
0.088389
0.116998
0.112795
0.094984
0.096276
0.087098
0.086309
0.113826
0.129981
0.143932
0.157935
0.179758
0.181308
0.172097
0.181002
0.219901
0.216425
0.201207
0.158919
0.073148
-0.017288
-0.088447
-0.153325
-0.233989
-0.270856
-0.269156
-0.231667
-0.114112
0.009258
0.093139
0.099073
0.038575
-0.104815
-0.240032
-0.313192
-0.325530
-0.260232
-0.145274
-0.048094
0.004723
0.033385
0.014884
-0.027282
-0.046454
-0.065423
-0.082480
-0.088047
-0.080277
-0.084158
-0.051776
-0.005847
0.022445
0.046867
0.067367
0.065822
0.063134
0.079383
0.097176
0.094441
0.106462
0.112363
0.100043
0.107791
0.119903
0.109317
0.127257
0.144850
0.161860
0.190433
0.202048
0.184431
0.201080
0.234937
0.199700
0.143116
0.083759
-0.017596
-0.124285
-0.147084
-0.217364
-0.270041
-0.241506
-0.199200
-0.126641
-0.006592
0.087417
0.065071
0.019428
-0.090598
-0.237710
-0.314283
-0.307009
-0.255985
-0.158254
-0.032475
0.010539
0.024082
0.018460
-0.020684
-0.060854
-0.064067
-0.075387
-0.094726
-0.072707
-0.053827
-0.037053
0.000171
0.030857
0.032674
0.038429
0.058751
0.063973
0.083372
0.109589
0.112981
0.111931
0.121922
0.117810
0.094989
0.111851
0.113515
0.116252
0.134516
0.153761
0.181624
0.198810
0.221678
0.246572
0.246678
0.173379
0.095113
0.019689
-0.055005
-0.096552
-0.111485
-0.173444
-0.242592
-0.244066
-0.228453
-0.134959
-0.001516
0.097879
0.088144
0.016217
-0.122595
-0.273038
-0.329671
-0.306518
-0.225620
-0.113234
-0.014338
0.010922
0.006769
-0.005751
-0.035540
-0.050303
-0.054130
-0.068580
-0.091634
-0.076866
-0.064401
-0.036151
0.007053
0.041243
0.040378
0.041627
0.053662
0.056144
0.086229
0.119611
0.114182
0.106000
0.106871
0.086166
0.086550
0.113499
0.140712
0.150049
0.177026
0.185783
0.186360
0.177362
0.152985
0.176802
0.192410
0.200150
0.152202
0.099932
0.015235
-0.081949
-0.143182
-0.238183
-0.283821
-0.286107
-0.219551
-0.119940
0.009841
0.102970
0.096510
0.033128
-0.100140
-0.230012
-0.316108
-0.313029
-0.256506
-0.153778
-0.042878
0.016202
0.040498
0.026863
-0.004495
-0.051105
-0.074833
-0.090825
-0.096974
-0.077271
-0.052593
-0.024745
0.002085
0.031902
0.038212
0.044059
0.072925
0.088377
0.098437
0.115014
0.107142
0.085251
0.095357
0.102253
0.094669
0.103990
0.117013
0.133069
0.159801
0.185748
0.200002
0.213238
0.214922
0.217747
0.214415
0.155371
0.105002
0.036888
-0.019061
-0.087487
-0.124469
-0.199834
-0.251994
-0.243447
-0.199519
-0.095862
0.014549
0.088803
0.061691
-0.013032
-0.137733
-0.258134
-0.302561
-0.276655
-0.198787
-0.106661
-0.015894
0.005835
0.009610
-0.007285
-0.031002
-0.051948
-0.059143
-0.073281
-0.087992
-0.080688
-0.066325
-0.035626
0.007323
0.042912
0.056093
0.062984
0.071448
0.065096
0.080111
0.103166
0.107144
0.088755
0.100336
0.090874
0.093475
0.127168
0.140374
0.144633
0.169674
0.210300
0.192242
0.190257
0.188962
0.188547
0.185473
0.156887
0.090611
0.044483
-0.018524
-0.080279
-0.133288
-0.217809
-0.270782
-0.273104
-0.206985
-0.096467
0.026229
0.098137
0.068077
-0.017686
-0.152824
-0.261002
-0.313117
-0.277887
-0.204199
-0.107067
-0.026777
0.007895
0.010703
-0.001035
-0.024298
-0.046641
-0.060778
-0.082243
-0.100013
-0.094177
-0.071203
-0.025584
0.024199
0.056612
0.051084
0.056764
0.066316
0.068107
0.081580
0.090683
0.080908
0.097175
0.108126
0.121290
0.127084
0.127823
0.116225
0.140081
0.172229
0.197749
0.222018
0.189625
0.178922
0.186018
0.195804
0.152429
0.115052
0.054858
-0.072403
-0.148201
-0.252363
-0.320667
-0.314559
-0.223384
-0.110130
0.017315
0.121266
0.099547
0.024121
-0.092931
-0.220152
-0.312744
-0.316729
-0.273058
-0.195215
-0.071299
0.007812
0.042471
0.044047
0.013250
-0.050887
-0.087668
-0.105123
-0.118275
-0.091320
-0.050277
-0.023783
-0.000898
0.026773
0.022109
0.025729
0.049613
0.061878
0.075947
0.110801
0.117795
0.095166
0.102676
0.102058
0.082124
0.104102
0.137455
0.135250
0.163050
0.189846
0.185982
0.181671
0.212529
0.218846
0.210185
0.182796
0.122923
0.037910
-0.039949
-0.105246
-0.174804
-0.245548
-0.272720
-0.261842
-0.194668
-0.069759
0.045746
0.104948
0.089183
-0.008262
-0.154871
-0.270638
-0.322393
-0.308519
-0.219892
-0.111826
-0.025679
0.022284
0.036817
0.006687
-0.028339
-0.053530
-0.077359
-0.092947
-0.087392
-0.080335
-0.066373
-0.033520
0.001092
0.029379
0.046480
0.056676
0.065481
0.069270
0.090248
0.105937
0.095530
0.087798
0.102723
0.109439
0.104866
0.117677
0.125938
0.142727
0.155111
0.171477
0.202405
0.221637
0.230315
0.257398
0.215241
0.149514
0.072952
-0.007778
-0.082550
-0.127822
-0.166479
-0.248795
-0.256016
-0.234329
-0.156570
-0.034695
0.080170
0.106082
0.045259
-0.059689
-0.219506
-0.313321
-0.322584
-0.261431
-0.168067
-0.053196
0.008407
0.013542
0.016577
-0.008954
-0.035011
-0.051233
-0.064784
-0.095566
-0.097243
-0.076131
-0.056982
-0.010457
0.036327
0.049193
0.044481
0.052639
0.059564
0.062370
0.098320
0.110272
0.081646
0.095188
0.113077
0.114744
0.138521
0.154684
0.123110
0.103410
0.144356
0.172975
0.197295
0.246393
0.260952
0.237496
0.194993
0.097828
0.028283
-0.014435
-0.059084
-0.101421
-0.167931
-0.251740
-0.293946
-0.252626
-0.142303
-0.002698
0.111624
0.120131
0.028733
-0.115871
-0.253973
-0.329045
-0.310449
-0.225749
-0.129855
-0.044767
-0.000732
0.003253
-0.002692
-0.011064
-0.026891
-0.050218
-0.072709
-0.097096
-0.096087
-0.069786
-0.030258
0.009755
0.036511
0.036616
0.019516
0.033159
0.064657
0.099448
0.129735
0.126669
0.090412
0.063301
0.066955
0.088215
0.132116
0.154451
0.162752
0.164582
0.161430
0.187673
0.200555
0.235789
0.239628
0.210666
0.150034
0.070918
0.020622
-0.043425
-0.082658
-0.134322
-0.217435
-0.274132
-0.273993
-0.209745
-0.089666
0.047966
0.110024
0.078927
-0.023817
-0.170436
-0.285438
-0.319919
-0.278025
-0.197979
-0.098200
-0.027457
-0.001163
0.008912
-0.001070
-0.026084
-0.051225
-0.068769
-0.092537
-0.100319
-0.086219
-0.061655
-0.031297
0.010677
0.031479
0.034114
0.044497
0.050073
0.063896
0.086440
0.113896
0.103943
0.096615
0.084874
0.089733
0.103605
0.124470
0.123285
0.133026
0.158300
0.177313
0.202380
0.206241
0.222630
0.226276
0.202025
0.126672
0.076345
-0.009318
-0.086723
-0.124722
-0.177088
-0.243820
-0.257216
-0.224733
-0.168578
-0.044193
0.060020
0.081904
0.036455
-0.062368
-0.205274
-0.302404
-0.310890
-0.273278
-0.186092
-0.077280
-0.010548
0.007350
0.017820
-0.007583
-0.047539
-0.060361
-0.072477
-0.093294
-0.088031
-0.074339
-0.066248
-0.036690
0.010528
0.034763
0.051177
0.070221
0.073421
0.066279
0.084286
0.086741
0.074263
0.093832
0.107338
0.114335
0.120305
0.126137
0.110867
0.118868
0.150063
0.187695
0.210184
0.228278
0.265113
0.222678
0.169060
0.092796
0.014924
-0.038623
-0.086281
-0.111261
-0.187994
-0.237074
-0.259054
-0.225252
-0.126380
-0.000663
0.087020
0.078564
0.007753
-0.133115
-0.259739
-0.315410
-0.294337
-0.216609
-0.114760
-0.030841
-0.010708
-0.005123
-0.017768
-0.031426
-0.037841
-0.041423
-0.065930
-0.091196
-0.091321
-0.085060
-0.053164
0.000063
0.038067
0.049925
0.050443
0.052059
0.055173
0.078255
0.088983
0.090342
0.084929
0.095409
0.108189
0.113499
0.129503
0.145368
0.142653
0.147106
0.173290
0.190165
0.191261
0.226890
0.235756
0.187051
0.127178
0.079486
0.021094
-0.027363
-0.058247
-0.115092
-0.218386
-0.266953
-0.275249
-0.223158
-0.090103
0.043888
0.103480
0.078234
-0.011224
-0.165777
-0.273408
-0.303755
-0.273577
-0.196124
-0.099432
-0.037188
-0.016867
0.006690
-0.001785
-0.022695
-0.036185
-0.055761
-0.088409
-0.096491
-0.082938
-0.068718
-0.032327
0.010744
0.034060
0.046176
0.060513
0.069524
0.077875
0.089185
0.090310
0.077975
0.083127
0.096552
0.105714
0.129577
0.140516
0.131491
0.138447
0.145484
0.157736
0.208606
0.214335
0.200835
0.210910
0.203719
0.118286
0.074738
0.058998
-0.035063
-0.079334
-0.128276
-0.238182
-0.296583
-0.253308
-0.191201
-0.081374
0.068028
0.105355
0.047703
-0.035012
-0.165989
-0.285290
-0.295499
-0.249173
-0.196851
-0.093671
-0.017653
-0.008805
0.004602
0.013589
-0.025206
-0.046597
-0.050125
-0.087356
-0.099277
-0.069488
-0.055686
-0.024297
0.031114
0.050567
0.037069
0.064150
0.067742
0.064628
0.089163
0.106768
0.084685
0.087000
0.112215
0.090765
0.107471
0.127529
0.124403
0.131793
0.171801
0.185461
0.190297
0.226765
0.214457
0.188044
0.191342
0.121294
0.061992
0.036992
-0.026927
-0.095004
-0.147585
-0.221620
-0.278305
-0.241408
-0.158540
-0.058808
0.049646
0.094884
0.032889
-0.065692
-0.173789
-0.271748
-0.294512
-0.236000
-0.170383
-0.096329
-0.019409
0.002118
-0.003773
-0.001352
-0.019925
-0.048606
-0.055849
-0.071106
-0.093282
-0.082393
-0.056443
-0.026559
0.015597
0.047330
0.050592
0.061649
0.079790
0.084660
0.096446
0.097385
0.082395
0.089025
0.102379
0.106202
0.111680
0.120017
0.128760
0.145611
0.161145
0.192897
0.204680
0.208313
0.226625
0.218093
0.156770
0.119168
0.080489
0.009271
-0.041484
-0.087352
-0.171781
-0.256638
-0.253917
-0.237280
-0.152387
-0.017962
0.068734
0.074548
0.028583
-0.074895
-0.215660
-0.273339
-0.277178
-0.241656
-0.157664
-0.067476
-0.028631
-0.003004
0.016173
-0.013619
-0.033629
-0.041406
-0.068347
-0.092309
-0.079305
-0.074633
-0.060284
-0.008093
0.022316
0.033277
0.051246
0.064587
0.068435
0.090157
0.115481
0.092971
0.083637
0.084249
0.080463
0.095283
0.123790
0.138555
0.133560
0.152778
0.169884
0.176018
0.189246
0.192527
0.204342
0.189589
0.172870
0.133716
0.071849
0.031808
-0.032868
-0.092776
-0.164561
-0.235905
-0.267933
-0.246503
-0.153790
-0.046653
0.056305
0.082133
0.032814
-0.074391
-0.192138
-0.269539
-0.286194
-0.234650
-0.158940
-0.073736
-0.017835
0.008612
0.006040
-0.011331
-0.030144
-0.051304
-0.063478
-0.077713
-0.081765
-0.076087
-0.051770
-0.012736
0.021559
0.044298
0.058421
0.066405
0.069652
0.074445
0.076118
0.079475
0.077162
0.090325
0.117140
0.128324
0.121321
0.127526
0.123843
0.124162
0.158724
0.195253
0.197792
0.205225
0.225539
0.205421
0.142584
0.120709
0.053358
-0.016873
-0.048648
-0.103485
-0.198150
-0.263039
-0.256977
-0.247207
-0.126707
0.010217
0.080116
0.078297
0.018964
-0.117682
-0.250729
-0.286321
-0.291343
-0.230596
-0.128560
-0.049969
-0.020774
0.012301
0.012923
-0.026242
-0.032546
-0.053617
-0.086597
-0.096824
-0.076704
-0.067892
-0.028793
0.018660
0.026435
0.024120
0.029778
0.038718
0.057411
0.086897
0.112211
0.105916
0.104459
0.105244
0.090560
0.089960
0.104740
0.119880
0.135531
0.147807
0.167429
0.186353
0.181534
0.204087
0.215041
0.201345
0.171987
0.109223
0.034988
-0.043042
-0.089139
-0.148882
-0.217005
-0.255521
-0.256218
-0.212705
-0.099419
0.019564
0.084762
0.077168
-0.002100
-0.145230
-0.265908
-0.314059
-0.299500
-0.219309
-0.109362
-0.028196
0.005003
0.014797
-0.005036
-0.037524
-0.052095
-0.064601
-0.082140
-0.082972
-0.068762
-0.060136
-0.032779
0.004326
0.016628
0.024694
0.042362
0.054658
0.070895
0.104128
0.120856
0.097731
0.077066
0.058449
0.063542
0.100829
0.146865
0.161185
0.169574
0.174896
0.158787
0.152705
0.167039
0.187560
0.208278
0.210257
0.162716
0.088557
0.027018
-0.048755
-0.106494
-0.158041
-0.231927
-0.275940
-0.263846
-0.191671
-0.076582
0.049893
0.108075
0.068127
-0.031881
-0.173411
-0.282915
-0.319238
-0.269264
-0.187677
-0.083566
-0.009472
0.014264
0.011908
-0.007157
-0.035888
-0.056185
-0.063385
-0.081755
-0.087615
-0.076350
-0.056905
-0.021312
0.021952
0.047630
0.043837
0.046010
0.046301
0.055097
0.079995
0.115125
0.113441
0.110426
0.113694
0.096341
0.085969
0.110515
0.134821
0.136345
0.182326
0.205731
0.194444
0.200941
0.215850
0.201358
0.171061
0.128529
0.060823
-0.007152
-0.065749
-0.124549
-0.199227
-0.251885
-0.254007
-0.223590
-0.118977
-0.003309
0.074179
0.078458
0.020367
-0.105207
-0.223665
-0.282790
-0.286192
-0.225934
-0.131329
-0.047908
-0.006238
0.015134
0.006259
-0.018823
-0.032521
-0.051164
-0.075292
-0.088878
-0.082554
-0.075866
-0.038880
0.010078
0.037317
0.045217
0.049743
0.049791
0.062838
0.087587
0.108834
0.113434
0.104797
0.103890
0.104306
0.101392
0.109176
0.128655
0.139088
0.159315
0.187694
0.199594
0.202367
0.196823
0.191958
0.165533
0.155787
0.114555
0.058433
0.011661
-0.066048
-0.144972
-0.238793
-0.270636
-0.272505
-0.190623
-0.068986
0.031638
0.085697
0.059796
-0.023783
-0.147176
-0.228794
-0.276436
-0.260614
-0.196933
-0.122471
-0.052824
-0.006126
0.022019
0.010610
-0.003859
-0.039819
-0.066955
-0.084587
-0.082303
-0.068928
-0.049492
-0.017951
0.006806
0.029618
0.034667
0.042645
0.058597
0.068918
0.091785
0.103418
0.109275
0.109163
0.117635
0.105949
0.102323
0.103484
0.111570
0.149663
0.186474
0.212849
0.217009
0.196495
0.198263
0.187629
0.184120
0.132795
0.078948
0.026657
-0.062761
-0.118078
-0.196929
-0.262247
-0.276635
-0.227417
-0.133889
-0.018874
0.083755
0.087229
0.031420
-0.081064
-0.203667
-0.288325
-0.296968
-0.247533
-0.169103
-0.070614
-0.009462
0.016641
0.017793
0.004025
-0.027099
-0.050030
-0.070511
-0.099955
-0.099082
-0.080854
-0.045023
0.005166
0.047097
0.053096
0.049061
0.050613
0.049467
0.061220
0.090584
0.109655
0.127473
0.134538
0.104335
0.091387
0.091937
0.109249
0.130564
0.168192
0.198080
0.196688
0.202254
0.204716
0.206482
0.189050
0.176581
0.116671
0.046632
-0.038737
-0.130221
-0.206327
-0.278114
-0.278836
-0.243387
-0.142367
-0.027267
0.070487
0.101473
0.055266
-0.045116
-0.180725
-0.268766
-0.310210
-0.278793
-0.204586
-0.107105
-0.027913
0.017822
0.035758
0.011316
-0.020737
-0.057931
-0.084490
-0.102376
-0.094797
-0.076660
-0.051775
-0.013149
0.016125
0.030091
0.035450
0.049184
0.062713
0.082743
0.106667
0.114680
0.105611
0.096636
0.081329
0.086279
0.122010
0.133795
0.140734
0.160577
0.166468
0.175054
0.194597
0.200164
0.218062
0.245905
0.172518
0.092867
0.041721
-0.044153
-0.110131
-0.129508
-0.201127
-0.277757
-0.255546
-0.213661
-0.121477
0.025121
0.118149
0.089177
0.010471
-0.118910
-0.277956
-0.332254
-0.299945
-0.231191
-0.127002
-0.018546
0.005373
0.001140
0.003455
-0.030811
-0.054888
-0.051481
-0.071007
-0.100285
-0.085735
-0.069823
-0.051347
0.005526
0.039422
0.039918
0.046454
0.062837
0.060924
0.087237
0.128329
0.113346
0.090818
0.092579
0.083472
0.075611
0.102022
0.128710
0.146136
0.186450
0.211539
0.192026
0.178988
0.208756
0.209169
0.198825
0.145419
0.087750
-0.004417
-0.081776
-0.131729
-0.198472
-0.253806
-0.258586
-0.228973
-0.154125
-0.027168
0.069534
0.089925
0.048879
-0.063111
-0.209266
-0.305462
-0.325582
-0.287491
-0.183584
-0.070798
-0.002287
0.021990
0.021969
-0.014042
-0.048233
-0.064670
-0.080593
-0.096741
-0.086858
-0.071110
-0.054646
-0.017261
0.015583
0.030359
0.043048
0.050148
0.056392
0.062980
0.090581
0.107475
0.104575
0.121321
0.113518
0.085680
0.086669
0.090172
0.101740
0.143574
0.201225
0.215705
0.223148
0.209684
0.195442
0.188133
0.148794
0.122262
0.048872
-0.013362
-0.105852
-0.172539
-0.252389
-0.282811
-0.245574
-0.180348
-0.060953
0.029905
0.082629
0.044093
-0.032090
-0.148366
-0.251231
-0.293612
-0.286422
-0.223776
-0.141343
-0.050066
-0.006394
0.020737
0.012534
-0.020865
-0.050243
-0.074323
-0.091986
-0.100219
-0.080882
-0.067270
-0.038618
0.000046
0.024033
0.032447
0.042602
0.056336
0.067235
0.079128
0.097428
0.096907
0.094774
0.091167
0.091870
0.092594
0.106539
0.129049
0.131918
0.154208
0.170435
0.187198
0.206853
0.242587
0.227056
0.180980
0.148566
0.049735
-0.003229
-0.062796
-0.105925
-0.175705
-0.234748
-0.263635
-0.257684
-0.163010
-0.046228
0.060554
0.093735
0.050280
-0.074935
-0.213434
-0.292631
-0.316240
-0.258775
-0.168198
-0.078149
-0.029417
0.001957
-0.000980
-0.017332
-0.028523
-0.048589
-0.071029
-0.090609
-0.094013
-0.090263
-0.064250
-0.014605
0.020219
0.043089
0.044354
0.044643
0.044356
0.065139
0.093201
0.108552
0.100784
0.093382
0.083394
0.094134
0.112698
0.137044
0.153761
0.157413
0.154951
0.163980
0.175870
0.199908
0.235044
0.235985
0.190960
0.125493
0.058894
-0.024407
-0.089134
-0.141953
-0.223920
-0.284320
-0.277804
-0.227300
-0.114043
0.029880
0.115376
0.103477
0.021525
-0.122197
-0.264533
-0.325485
-0.308954
-0.241846
-0.139774
-0.047397
-0.006272
0.012730
0.016603
-0.008711
-0.033741
-0.053617
-0.084483
-0.107526
-0.097790
-0.080231
-0.046151
0.004149
0.037730
0.045545
0.052050
0.061276
0.064237
0.086362
0.111866
0.099890
0.091248
0.094876
0.093116
0.105985
0.135686
0.147938
0.146715
0.166387
0.175452
0.177714
0.193520
0.211638
0.232699
0.235449
0.188715
0.104180
0.012637
-0.068650
-0.136250
-0.175336
-0.222896
-0.247602
-0.224892
-0.164822
-0.061119
0.040857
0.102301
0.066923
-0.026960
-0.163674
-0.280375
-0.324270
-0.286440
-0.195743
-0.090329
-0.002524
0.023687
0.019578
-0.001957
-0.030311
-0.047635
-0.057188
-0.069308
-0.082582
-0.072092
-0.061119
-0.030808
0.015578
0.050660
0.059933
0.068262
0.076149
0.073957
0.095538
0.111780
0.100555
0.097379
0.092309
0.105738
0.124434
0.153137
0.156088
0.164744
0.166758
0.179282
0.195869
0.194733
0.233007
0.244759
0.207594
0.145123
0.064773
-0.021503
-0.106994
-0.134815
-0.197282
-0.249286
-0.239136
-0.202403
-0.119400
0.005595
0.102016
0.093379
0.032042
-0.093136
-0.241413
-0.316040
-0.307321
-0.242771
-0.138248
-0.022586
0.020144
0.028445
0.016144
-0.018860
-0.048494
-0.050240
-0.061978
-0.084345
-0.072101
-0.064470
-0.043013
0.003316
0.039122
0.047542
0.059312
0.078236
0.079516
0.104013
0.121368
0.118337
0.098946
0.096812
0.097333
0.092188
0.130586
0.153905
0.160678
0.166257
0.185589
0.202321
0.209872
0.219431
0.239005
0.214762
0.151527
0.102518
0.026991
-0.036294
-0.093865
-0.144966
-0.240841
-0.274271
-0.254019
-0.189433
-0.055065
0.069071
0.119839
0.075187
-0.024461
-0.177647
-0.287955
-0.310212
-0.275794
-0.189413
-0.085725
-0.012056
0.006147
0.019261
0.003514
-0.018681
-0.029326
-0.045322
-0.075354
-0.090122
-0.077248
-0.065979
-0.025684
0.026188
0.050555
0.061896
0.067707
0.072131
0.073373
0.095921
0.110132
0.112419
0.117567
0.120524
0.115449
0.119966
0.131987
0.140728
0.157300
0.185504
0.193812
0.198980
0.218499
0.225362
0.207497
0.181463
0.134343
0.064511
0.001881
-0.075885
-0.156774
-0.244117
-0.291907
-0.283591
-0.211005
-0.079717
0.040340
0.111112
0.091677
-0.001071
-0.141576
-0.255877
-0.305066
-0.292718
-0.217708
-0.126623
-0.050654
-0.006559
0.017894
0.011453
-0.006561
-0.025977
-0.054895
-0.081317
-0.095543
-0.088089
-0.074011
-0.032247
0.011661
0.037231
0.051310
0.050986
0.053964
0.062601
0.097194
0.114626
0.116288
0.106660
0.095939
0.093033
0.093992
0.115284
0.135995
0.168051
0.175994
0.192928
0.183532
0.204549
0.245057
0.230874
0.224025
0.147557
0.056105
-0.031599
-0.107487
-0.163333
-0.219972
-0.252590
-0.263452
-0.214853
-0.121075
-0.004094
0.083495
0.096350
0.027223
-0.109882
-0.244697
-0.330097
-0.330753
-0.260450
-0.150097
-0.052123
0.003111
0.017487
-0.001339
-0.026045
-0.047895
-0.059147
-0.076371
-0.091433
-0.097151
-0.087289
-0.060765
-0.018897
0.022309
0.041579
0.057773
0.066045
0.071180
0.081519
0.096291
0.107103
0.088725
0.085667
0.082843
0.092100
0.130660
0.146968
0.155522
0.162083
0.168668
0.173192
0.192491
0.208257
0.215958
0.200179
0.155422
0.074543
0.013033
-0.050931
-0.115281
-0.167900
-0.240976
-0.286341
-0.273806
-0.196801
-0.075951
0.045843
0.110072
0.063764
-0.045840
-0.192021
-0.300272
-0.333250
-0.282971
-0.193893
-0.100302
-0.031257
-0.011033
-0.010491
-0.016323
-0.028167
-0.046095
-0.063904
-0.087602
-0.104521
-0.095146
-0.067647
-0.021416
0.016318
0.035711
0.037684
0.047403
0.057524
0.075157
0.101284
0.114376
0.095402
0.082844
0.082575
0.080053
0.115568
0.148691
0.147981
0.151988
0.147560
0.160026
0.192171
0.211588
0.239255
0.245910
0.180343
0.110578
0.029708
-0.057069
-0.125216
-0.160441
-0.228872
-0.280034
-0.258897
-0.213038
-0.104559
0.028496
0.110573
0.084170
-0.003109
-0.148051
-0.291008
-0.340076
-0.312116
-0.234272
-0.124559
-0.025160
0.003560
0.008728
0.000358
-0.032690
-0.050785
-0.054935
-0.076126
-0.098581
-0.090991
-0.083620
-0.053084
-0.003445
0.034659
0.045201
0.063907
0.080790
0.079781
0.088412
0.100624
0.093432
0.085366
0.100831
0.097470
0.124954
0.144754
0.126743
0.129704
0.148806
0.164527
0.189302
0.242223
0.245758
0.247557
0.199436
0.115103
0.038539
-0.036884
-0.099391
-0.153759
-0.206732
-0.274589
-0.271891
-0.219687
-0.110204
0.020018
0.113464
0.107482
0.011516
-0.127061
-0.269532
-0.340502
-0.321019
-0.241248
-0.138758
-0.048608
0.000915
0.007219
0.005490
-0.016920
-0.037999
-0.059134
-0.077587
-0.103408
-0.103224
-0.083573
-0.045372
0.002754
0.038560
0.047564
0.051658
0.050936
0.056260
0.084640
0.113159
0.121470
0.119152
0.094894
0.073461
0.068185
0.104379
0.128823
0.176675
0.194791
0.195473
0.181272
0.186937
0.199100
0.228694
0.223572
0.166917
0.099273
0.004581
-0.088825
-0.155050
-0.194184
-0.251159
-0.256549
-0.216144
-0.154869
-0.043193
0.059372
0.099725
0.049474
-0.046115
-0.192545
-0.306779
-0.333989
-0.293373
-0.200419
-0.085316
0.000601
0.021296
0.020968
-0.006350
-0.048906
-0.066365
-0.075220
-0.086908
-0.086518
-0.066798
-0.061710
-0.034355
0.003984
0.021642
0.042196
0.061402
0.068557
0.082289
0.115736
0.118161
0.112998
0.105572
0.090036
0.071042
0.091793
0.116114
0.136546
0.174920
0.180452
0.184542
0.194962
0.215266
0.226928
0.225005
0.188578
0.110132
0.025339
-0.045838
-0.121586
-0.158206
-0.194309
-0.234821
-0.230758
-0.183664
-0.105914
-0.010727
0.072358
0.067714
-0.008320
-0.123704
-0.248222
-0.319403
-0.304330
-0.230195
-0.140065
-0.045881
0.003040
0.009287
-0.000925
-0.020127
-0.048842
-0.062759
-0.075090
-0.090836
-0.087495
-0.070266
-0.048387
-0.008172
0.022193
0.027735
0.041582
0.067638
0.079582
0.101588
0.124979
0.115145
0.087348
0.064258
0.060974
0.084565
0.119049
0.167668
0.185969
0.193670
0.168925
0.147916
0.166421
0.197686
0.242320
0.224843
0.178802
0.101948
0.018718
-0.056772
-0.119055
-0.163438
-0.246382
-0.276929
-0.268797
-0.199673
-0.073512
0.058800
0.124793
0.086426
-0.016492
-0.182034
-0.301611
-0.338137
-0.295039
-0.201204
-0.090590
-0.014504
0.005702
0.017281
0.001267
-0.018304
-0.032297
-0.053608
-0.090369
-0.109085
-0.095403
-0.076441
-0.028337
0.022806
0.051860
0.055342
0.064051
0.068548
0.071874
0.092291
0.106865
0.105039
0.101937
0.103933
0.098001
0.116789
0.150809
0.149426
0.149304
0.155014
0.164931
0.179675
0.211357
0.244522
0.247709
0.204520
0.126309
0.036150
-0.039629
-0.090234
-0.124749
-0.176317
-0.237171
-0.251048
-0.231786
-0.140751
-0.012909
0.088627
0.105730
0.036325
-0.098139
-0.245722
-0.318189
-0.314535
-0.242651
-0.136031
-0.040550
0.002311
0.008959
0.001378
-0.021632
-0.032494
-0.040611
-0.056640
-0.080822
-0.083414
-0.079849
-0.056781
-0.008817
0.031696
0.048660
0.061817
0.078912
0.083501
0.097797
0.111422
0.099685
0.088594
0.087411
0.099630
0.109258
0.149284
0.159502
0.139947
0.136127
0.144922
0.175800
0.219165
0.242769
0.236751
0.211666
0.168682
0.090617
0.042879
-0.011369
-0.087438
-0.164330
-0.265872
-0.319510
-0.302880
-0.191011
-0.040907
0.097960
0.157770
0.094244
-0.039587
-0.199250
-0.304764
-0.332396
-0.277887
-0.190232
-0.101913
-0.031992
0.002465
0.017608
0.014964
0.002300
-0.027296
-0.060265
-0.093122
-0.110791
-0.102283
-0.068857
-0.018612
0.021729
0.047726
0.050663
0.054426
0.069371
0.081496
0.095830
0.113745
0.117876
0.089530
0.086442
0.087564
0.097863
0.133257
0.147183
0.166181
0.176981
0.190058
0.192359
0.194792
0.232458
0.227946
0.203233
0.154173
0.077330
-0.007027
-0.082780
-0.137380
-0.212839
-0.263379
-0.264571
-0.228927
-0.130506
-0.001055
0.093826
0.105887
0.048228
-0.082112
-0.226669
-0.308556
-0.320989
-0.267622
-0.166677
-0.064218
-0.005273
0.025943
0.029223
-0.003080
-0.032780
-0.052886
-0.076381
-0.093264
-0.089473
-0.078710
-0.053788
-0.007763
0.030191
0.042644
0.050409
0.059431
0.064719
0.082255
0.117424
0.124241
0.102336
0.086501
0.076312
0.085495
0.128438
0.152402
0.143729
0.159473
0.162266
0.169529
0.195457
0.213145
0.237249
0.241214
0.205516
0.123102
0.049233
-0.027692
-0.091906
-0.133420
-0.189158
-0.250994
-0.259279
-0.215634
-0.123255
0.004857
0.102566
0.103817
0.023570
-0.107524
-0.246608
-0.319906
-0.306068
-0.234509
-0.135014
-0.036479
0.012856
0.018399
0.010022
-0.016781
-0.039567
-0.048909
-0.058077
-0.075442
-0.075792
-0.068606
-0.050530
-0.012278
0.032473
0.051369
0.060678
0.078454
0.081053
0.083060
0.100724
0.110685
0.099988
0.095543
0.100509
0.101230
0.120725
0.132801
0.140139
0.153758
0.174579
0.197486
0.205863
0.210619
0.219716
0.203642
0.178849
0.121075
0.051645
-0.015670
-0.076098
-0.131172
-0.183056
-0.234370
-0.239359
-0.203157
-0.115954
-0.014039
0.062454
0.067905
0.001139
-0.108511
-0.222402
-0.284560
-0.284530
-0.225779
-0.140134
-0.054734
0.000450
0.019038
0.014036
-0.009379
-0.033558
-0.055960
-0.074137
-0.089758
-0.083590
-0.065765
-0.030399
0.009631
0.038886
0.053171
0.060116
0.065588
0.068771
0.082832
0.102887
0.109558
0.095893
0.096691
0.093040
0.090545
0.111505
0.131493
0.154193
0.164861
0.175487
0.190755
0.209485
0.210642
0.219677
0.226230
0.143479
0.098665
0.041420
-0.013698
-0.069064
-0.099916
-0.179554
-0.270072
-0.263563
-0.240565
-0.137525
-0.003808
0.093585
0.079082
0.006608
-0.116322
-0.264061
-0.305142
-0.282893
-0.213301
-0.126777
-0.036145
-0.015628
-0.006860
0.005688
-0.014266
-0.029171
-0.041382
-0.069972
-0.103277
-0.092884
-0.073008
-0.036810
0.019983
0.047627
0.043269
0.043227
0.052838
0.055386
0.086331
0.118791
0.109036
0.082996
0.068765
0.061088
0.084706
0.125288
0.180081
0.208209
0.192382
0.158467
0.137132
0.161631
0.188971
0.236205
0.205360
0.162190
0.079026
-0.011632
-0.044564
-0.087666
-0.107557
-0.187430
-0.242189
-0.280357
-0.247725
-0.129510
-0.004391
0.098370
0.088014
0.003569
-0.160804
-0.281895
-0.330253
-0.295877
-0.194039
-0.094925
-0.024550
-0.010877
-0.008834
-0.028842
-0.032286
-0.033540
-0.049039
-0.072516
-0.101752
-0.105894
-0.092323
-0.035352
0.015417
0.049507
0.051789
0.048211
0.042319
0.048657
0.091389
0.116139
0.113158
0.096688
0.068742
0.046763
0.068560
0.111636
0.164274
0.197743
0.196259
0.183883
0.163645
0.154641
0.178414
0.215631
0.201103
0.163842
0.084889
-0.015433
-0.094035
-0.141321
-0.175826
-0.236954
-0.243149
-0.239770
-0.186383
-0.079403
0.028490
0.078060
0.048483
-0.043569
-0.201190
-0.301734
-0.333968
-0.292402
-0.190154
-0.074874
-0.005562
0.008693
0.005339
-0.034205
-0.056275
-0.061200
-0.070493
-0.085139
-0.085084
-0.081965
-0.073128
-0.027194
0.014847
0.038937
0.051354
0.054931
0.051611
0.064372
0.098019
0.102693
0.077442
0.072985
0.073906
0.078448
0.120066
0.153513
0.178163
0.183869
0.179282
0.151011
0.124683
0.140768
0.165390
0.205227
0.202329
0.153443
0.083541
-0.004262
-0.069608
-0.127577
-0.184517
-0.258059
-0.281414
-0.271921
-0.190341
-0.060979
0.055201
0.100315
0.054111
-0.061883
-0.215397
-0.309268
-0.333107
-0.276544
-0.172064
-0.070418
-0.009324
0.006701
0.002931
-0.026608
-0.038255
-0.047211
-0.063477
-0.085600
-0.096109
-0.096797
-0.067464
-0.009405
0.031721
0.051538
0.053955
0.046751
0.042263
0.068376
0.098636
0.105457
0.105446
0.098382
0.083536
0.081871
0.102648
0.123400
0.160367
0.186446
0.196981
0.191804
0.168978
0.175896
0.180629
0.204426
0.200325
0.131827
0.066789
-0.033304
-0.120575
-0.196603
-0.256431
-0.288981
-0.261448
-0.182499
-0.078306
0.033885
0.094639
0.075288
-0.015166
-0.144253
-0.264844
-0.330082
-0.311125
-0.238512
-0.130335
-0.031448
0.029825
0.036487
0.017310
-0.020401
-0.056091
-0.072692
-0.082831
-0.092135
-0.084096
-0.067950
-0.038282
0.004084
0.043133
0.060049
0.081857
0.083398
0.082304
0.078386
0.088224
0.081926
0.081360
0.109772
0.117789
0.142361
0.159706
0.174709
0.167749
0.151918
0.152177
0.156487
0.190097
0.244829
0.259127
0.194962
0.145114
0.064210
-0.020324
-0.071438
-0.115537
-0.208148
-0.286470
-0.290709
-0.267526
-0.142535
0.022647
0.133033
0.138484
0.063420
-0.098205
-0.269537
-0.336473
-0.327337
-0.252647
-0.136402
-0.037588
-0.005030
0.014131
0.021931
-0.004198
-0.017089
-0.030308
-0.069612
-0.102525
-0.096314
-0.089486
-0.051182
0.016348
0.051975
0.057136
0.055904
0.051913
0.051269
0.090075
0.123548
0.123610
0.120206
0.124289
0.105739
0.102802
0.125626
0.126292
0.133878
0.163779
0.171829
0.190132
0.227322
0.241027
0.243717
0.238379
0.185092
0.096342
0.030801
-0.060802
-0.141597
-0.195558
-0.256966
-0.281036
-0.233799
-0.136630
-0.024254
0.086444
0.127858
0.063493
-0.052144
-0.190864
-0.299982
-0.332953
-0.276217
-0.189560
-0.086585
-0.003081
0.031220
0.029207
