0.287684
0.312147
0.363659
0.215403
-0.051085
-0.207216
-0.242576
-0.093652
0.098730
0.208322
0.125074
-0.106155
-0.314478
-0.390945
-0.274368
-0.070241
0.047983
0.077216
-0.046072
-0.134034
-0.187884
-0.148618
-0.092698
-0.012137
0.025414
0.035531
0.030174
-0.002042
-0.063377
-0.090147
-0.099452
-0.051560
-0.004880
0.037384
0.026871
0.002930
-0.016036
0.015686
0.081390
0.156641
0.215898
0.246234
0.259592
0.272112
0.300395
0.357119
0.299835
0.033791
-0.164030
-0.253551
-0.155655
0.035926
0.195360
0.169401
-0.021434
-0.257094
-0.381535
-0.335198
-0.136467
0.008235
0.077155
-0.013235
-0.122184
-0.181584
-0.147934
-0.100950
-0.034481
0.005270
0.013878
0.022012
0.008546
-0.032756
-0.069805
-0.091194
-0.077859
-0.041983
0.009164
0.029632
0.025891
0.005274
0.003058
0.051894
0.115799
0.190615
0.239619
0.275983
0.291909
0.323590
0.362997
0.325349
0.038337
-0.165351
-0.263993
-0.177599
0.022271
0.206669
0.202356
0.008645
-0.249470
-0.394191
-0.373428
-0.160214
0.000331
0.083492
0.009711
-0.113263
-0.167407
-0.166124
-0.149411
-0.057151
0.002431
0.028935
0.037653
0.020791
-0.034951
-0.093534
-0.112974
-0.091815
-0.035829
0.029018
0.032099
0.014726
-0.020610
-0.011757
0.048970
0.120793
0.191939
0.240893
0.270717
0.289187
0.322990
0.366136
0.318907
0.025012
-0.176680
-0.265098
-0.170217
0.034305
0.209577
0.196672
-0.010792
-0.266340
-0.402848
-0.366784
-0.146795
0.011512
0.085869
0.003098
-0.128657
-0.177012
-0.166743
-0.118355
-0.046814
0.005700
0.012143
0.013592
0.002485
-0.035999
-0.082545
-0.099372
-0.095097
-0.047647
-0.000884
0.024573
0.006606
-0.016849
-0.020924
0.039679
0.105385
0.186553
0.220674
0.256329
0.261730
0.294392
0.327816
0.363451
0.164796
-0.093915
-0.236687
-0.233213
-0.070090
0.130824
0.209205
0.081353
-0.164119
-0.356096
-0.400477
-0.248426
-0.055267
0.049985
0.045386
-0.080082
-0.157418
-0.171744
-0.136816
-0.099240
-0.026039
-0.001068
0.019465
0.023193
0.000339
-0.062367
-0.101249
-0.117886
-0.077474
-0.018275
0.038416
0.027169
0.009076
-0.025635
0.007997
0.071105
0.161677
0.223735
0.275571
0.280134
0.301504
0.326529
0.360613
0.156161
-0.095619
-0.240367
-0.242475
-0.073261
0.139966
0.225549
0.095892
-0.159604
-0.364709
-0.416716
-0.257356
-0.054282
0.063356
0.051863
-0.083246
-0.184995
-0.209380
-0.137848
-0.067976
0.007151
0.009492
0.008021
-0.002089
-0.026650
-0.065975
-0.077349
-0.088789
-0.064973
-0.034045
0.013024
0.012188
0.009079
-0.007879
0.026029
0.075518
0.156432
0.209789
0.261026
0.275390
0.311859
0.348846
0.371790
0.127677
-0.122877
-0.266931
-0.242254
-0.053387
0.165051
0.237560
0.087619
-0.184881
-0.389473
-0.425025
-0.243060
-0.041255
0.075979
0.046712
-0.094692
-0.200760
-0.207882
-0.133747
-0.055182
0.016893
0.013745
0.008381
-0.010132
-0.034943
-0.065121
-0.076251
-0.075510
-0.054389
-0.023313
0.012376
0.011165
0.010566
-0.000587
0.039408
0.089504
0.168585
0.219542
0.270530
0.291422
0.323939
0.347690
0.342247
0.077308
-0.151178
-0.266672
-0.198798
-0.008229
0.188231
0.217080
0.039389
-0.229411
-0.396312
-0.398030
-0.192378
-0.011805
0.080654
0.022829
-0.116388
-0.184754
-0.163531
-0.131156
-0.059550
0.009406
0.015884
0.014923
0.005119
-0.023070
-0.067383
-0.094857
-0.094559
-0.059236
-0.002302
0.023625
0.009002
-0.007437
-0.017529
0.040938
0.109858
0.184910
0.231444
0.266406
0.273472
0.309474
0.354234
0.346943
0.089905
-0.139795
-0.264660
-0.206160
-0.007602
0.193434
0.220788
0.040274
-0.231651
-0.395879
-0.388861
-0.187487
-0.008628
0.079806
0.015463
-0.116853
-0.197835
-0.197670
-0.111561
-0.031684
0.024402
0.017679
0.009859
-0.003946
-0.037725
-0.064126
-0.074030
-0.066615
-0.037095
-0.012830
0.020186
0.014850
0.007121
0.013462
0.054551
0.112878
0.177215
0.237575
0.274772
0.307148
0.332369
0.370612
0.289946
-0.009867
-0.186173
-0.272334
-0.149785
0.060595
0.234508
0.192482
-0.027575
-0.292269
-0.418265
-0.360988
-0.128551
0.020019
0.091556
-0.016939
-0.146175
-0.212464
-0.178925
-0.112337
-0.008142
0.028399
0.019491
0.001732
-0.017157
-0.054498
-0.069669
-0.078501
-0.063719
-0.041068
0.001154
0.008813
0.009816
-0.006103
0.018025
0.062224
0.135168
0.194345
0.253067
0.275282
0.304490
0.326262
0.367550
0.206585
-0.068811
-0.225839
-0.252979
-0.093087
0.112252
0.232972
0.131654
-0.115541
-0.345505
-0.418153
-0.295177
-0.078363
0.042450
0.062278
-0.075105
-0.170698
-0.224040
-0.160458
-0.073291
0.010882
0.023221
0.012302
-0.006701
-0.030690
-0.069418
-0.075759
-0.077805
-0.045891
-0.025700
0.004788
0.009877
0.002510
-0.005808
0.030527
0.081016
0.152875
0.211168
0.260364
0.285765
0.314133
0.328979
0.333767
0.104097
-0.130405
-0.250606
-0.211261
-0.030202
0.159902
0.213070
0.058800
-0.192699
-0.380594
-0.401293
-0.229181
-0.038765
0.056490
0.028668
-0.107364
-0.184362
-0.203693
-0.140176
-0.065896
0.014812
0.019866
0.014034
-0.008125
-0.042344
-0.078855
-0.083742
-0.078616
-0.042944
-0.015843
0.012730
0.001357
-0.006732
0.001649
0.056182
0.120467
0.182044
0.235691
0.266738
0.288775
0.314090
0.352295
0.257621
-0.027768
-0.203831
-0.272785
-0.139461
0.065653
0.226107
0.168420
-0.057306
-0.313007
-0.424865
-0.347915
-0.121306
0.019938
0.075732
-0.047639
-0.158221
-0.236060
-0.184559
-0.102438
0.000499
0.031858
0.019725
-0.006982
-0.031974
-0.074769
-0.075116
-0.072563
-0.043383
-0.030967
0.001063
0.007089
0.006748
-0.000631
0.035973
0.087105
0.155121
0.209335
0.254434
0.282517
0.319915
0.348009
0.328023
0.058325
-0.158034
-0.275081
-0.192246
-0.001396
0.198938
0.220054
0.033147
-0.234021
-0.404416
-0.400748
-0.193623
-0.013975
0.080264
0.005496
-0.123548
-0.215887
-0.217302
-0.132381
-0.033249
0.039191
0.034881
0.012244
-0.020024
-0.060117
-0.081798
-0.073057
-0.045904
-0.020504
0.002830
0.017067
0.008061
0.004288
0.028641
0.081239
0.140091
0.206142
0.260625
0.294620
0.330405
0.357069
0.335226
0.068531
-0.159857
-0.275326
-0.200365
0.005014
0.205536
0.235701
0.050441
-0.224558
-0.400100
-0.399777
-0.195247
-0.012897
0.084541
0.015525
-0.122193
-0.200827
-0.207400
-0.133060
-0.038307
0.033355
0.039689
0.021538
-0.004291
-0.051882
-0.081806
-0.078647
-0.055278
-0.019057
0.009739
0.027699
0.018618
0.001708
0.021181
0.076599
0.150918
0.216822
0.269967
0.300831
0.329774
0.356478
0.330333
0.077578
-0.151105
-0.261400
-0.191225
0.004502
0.204319
0.233422
0.052655
-0.213070
-0.386465
-0.387040
-0.194156
-0.013344
0.074532
0.014223
-0.115462
-0.191919
-0.205590
-0.139358
-0.027618
0.050666
0.053352
0.028275
-0.006925
-0.050283
-0.079212
-0.065832
-0.036770
-0.000568
0.020545
0.025134
0.012743
0.005450
0.033697
0.099920
0.162283
0.224357
0.273531
0.305315
0.332089
0.362482
0.308381
0.034411
-0.164355
-0.251712
-0.153856
0.048438
0.220525
0.212279
0.010751
-0.237800
-0.378379
-0.342705
-0.144760
0.003132
0.070483
-0.015555
-0.130520
-0.191015
-0.177844
-0.092236
-0.015532
0.041356
0.029721
0.025414
0.001174
-0.036178
-0.061934
-0.060006
-0.038909
-0.002867
0.015560
0.041839
0.023766
0.027758
0.048267
0.114909
0.169704
0.242634
0.277866
0.314811
0.332618
0.365030
0.243170
-0.025009
-0.188792
-0.239707
-0.107758
0.094513
0.227380
0.169528
-0.055812
-0.277973
-0.378863
-0.291249
-0.093914
0.030872
0.062213
-0.052435
-0.154981
-0.201660
-0.166093
-0.081924
0.018232
0.053161
0.036119
0.016278
-0.024777
-0.063244
-0.069282
-0.049120
-0.018621
0.012530
0.028854
0.029125
0.017966
0.025462
0.068607
0.135002
0.191519
0.257825
0.292520
0.325365
0.338229
0.349564
0.155944
-0.092967
-0.226791
-0.214599
-0.045197
0.147920
0.230944
0.104223
-0.138239
-0.331554
-0.376541
-0.233154
-0.045878
0.055228
0.033539
-0.091423
-0.179436
-0.213972
-0.138823
-0.046869
0.043076
0.048618
0.029117
-0.002061
-0.040585
-0.073748
-0.060928
-0.038093
0.001733
0.015855
0.030620
0.014971
0.013002
0.034747
0.098297
0.161114
0.222401
0.267227
0.300089
0.325312
0.345623
0.288190
0.036963
-0.164801
-0.248254
-0.153752
0.042381
0.202247
0.197481
0.001797
-0.242944
-0.378338
-0.337304
-0.144799
0.009345
0.066060
-0.021505
-0.143409
-0.197032
-0.185495
-0.101200
-0.019172
0.039963
0.034333
0.021528
-0.011616
-0.051391
-0.076976
-0.067010
-0.042571
0.002891
0.024560
0.038736
0.014579
0.015575
0.046756
0.118979
0.184143
0.243800
0.278011
0.312152
0.325792
0.336312
0.188688
-0.063480
-0.217298
-0.232570
-0.082198
0.111809
0.220676
0.125107
-0.110059
-0.321509
-0.386001
-0.270391
-0.070064
0.042228
0.048528
-0.075646
-0.169907
-0.226809
-0.169085
-0.061852
0.032771
0.056544
0.030279
-0.004373
-0.044873
-0.082384
-0.069242
-0.043772
-0.003736
0.012032
0.015581
0.011248
0.000860
0.027507
0.082556
0.143049
0.196031
0.254105
0.288365
0.321626
0.345861
0.303354
0.061695
-0.158606
-0.264459
-0.188674
0.008208
0.195225
0.210079
0.032658
-0.228659
-0.385225
-0.366479
-0.177078
-0.004659
0.070417
0.002308
-0.131323
-0.215281
-0.201369
-0.111356
-0.021485
0.034373
0.027532
0.013507
-0.011199
-0.047043
-0.074160
-0.069970
-0.053053
-0.022167
0.003646
0.029651
0.022268
0.020726
0.036013
0.091879
0.157549
0.235884
0.279377
0.321268
0.334550
0.341485
0.194275
-0.063963
-0.217916
-0.247824
-0.095731
0.100853
0.217596
0.137837
-0.092807
-0.316548
-0.396762
-0.293171
-0.090195
0.033906
0.054074
-0.063675
-0.180150
-0.244912
-0.161490
-0.065420
0.031047
0.050474
0.025374
-0.010660
-0.048831
-0.073044
-0.062806
-0.042214
-0.015575
-0.011786
0.012473
0.007093
0.011807
0.032135
0.074887
0.129801
0.192111
0.255029
0.294866
0.336450
0.354981
0.298232
0.045985
-0.176540
-0.269277
-0.179039
0.023676
0.199531
0.206474
0.015422
-0.241690
-0.391581
-0.360074
-0.170535
-0.000071
0.063068
-0.009209
-0.139740
-0.195130
-0.192708
-0.117124
-0.039301
0.030799
0.033145
0.022382
-0.008551
-0.051661
-0.085687
-0.079462
-0.060547
-0.016198
0.008322
0.025530
0.003506
0.003387
0.026001
0.098710
0.166459
0.229850
0.267379
0.297535
0.319607
0.346262
0.234025
-0.033014
-0.210568
-0.259283
-0.126070
0.076203
0.219510
0.161370
-0.066492
-0.303849
-0.404139
-0.316898
-0.109177
0.025844
0.059691
-0.050580
-0.161060
-0.202958
-0.179703
-0.094924
-0.007857
0.042778
0.032258
0.013198
-0.023719
-0.066800
-0.086284
-0.070852
-0.043815
-0.002373
0.014330
0.024413
0.004441
0.008409
0.038577
0.118341
0.186614
0.252863
0.279091
0.311159
0.325489
0.334421
0.151921
-0.103654
-0.244544
-0.238059
-0.064255
0.137240
0.235920
0.108391
-0.148010
-0.356773
-0.406760
-0.260035
-0.050530
0.060077
0.050320
-0.086564
-0.179654
-0.216170
-0.155900
-0.072873
0.023290
0.049806
0.033660
-0.001459
-0.044129
-0.086362
-0.088372
-0.061380
-0.016265
0.013235
0.022183
0.002248
-0.007136
0.017701
0.078485
0.154162
0.208083
0.255806
0.283907
0.319445
0.337623
0.300020
0.045972
-0.172920
-0.269171
-0.178712
0.025548
0.203014
0.208469
0.007934
-0.249367
-0.392265
-0.357041
-0.156590
0.007927
0.068337
-0.006852
-0.136369
-0.188764
-0.182872
-0.114034
-0.034222
0.033064
0.032590
0.020573
-0.005501
-0.046413
-0.085512
-0.083514
-0.060442
-0.013076
0.015561
0.021875
-0.000480
-0.009674
0.024117
0.096428
0.169237
0.224464
0.260945
0.281330
0.307376
0.338512
0.290954
0.039979
-0.172290
-0.260006
-0.167912
0.030421
0.199787
0.196287
-0.009030
-0.257116
-0.391432
-0.346842
-0.149648
0.008949
0.062535
-0.016718
-0.136439
-0.173127
-0.148020
-0.108257
-0.043722
0.007895
0.019493
0.019531
0.009629
-0.025908
-0.074346
-0.090876
-0.078064
-0.032384
0.014879
0.023310
0.011485
-0.006185
0.024306
0.086553
0.158831
0.216483
0.256142
0.286764
0.312054
0.336284
0.299936
0.055131
-0.163791
-0.260915
-0.171531
0.019291
0.193100
0.198096
0.004643
-0.240954
-0.384226
-0.351566
-0.164245
-0.002084
0.057854
-0.009335
-0.125813
-0.184788
-0.186333
-0.126404
-0.028338
0.035616
0.038996
0.018898
-0.007682
-0.048825
-0.082577
-0.073508
-0.043563
-0.003657
0.011099
0.004587
-0.004357
-0.004793
0.038422
0.099435
0.161393
0.218230
0.260975
0.281942
0.311560
0.342092
0.278034
0.021535
-0.176983
-0.254032
-0.149820
0.045834
0.205751
0.182720
-0.024613
-0.259554
-0.378366
-0.322597
-0.135341
0.008502
0.052908
-0.033030
-0.146578
-0.173596
-0.152925
-0.097179
-0.032305
0.015161
0.021276
0.020537
0.003077
-0.031305
-0.074179
-0.078447
-0.065532
-0.014297
0.020146
0.029506
0.009185
0.003680
0.036852
0.105702
0.172691
0.231850
0.266138
0.291180
0.308019
0.333898
0.252608
-0.001179
-0.185643
-0.245330
-0.121611
0.073283
0.218189
0.168657
-0.049093
-0.280591
-0.381942
-0.304184
-0.106290
0.024757
0.058130
-0.040186
-0.144269
-0.199447
-0.169971
-0.078969
0.006704
0.047327
0.030074
0.012165
-0.019263
-0.054132
-0.070411
-0.055431
-0.026065
0.003362
0.007823
0.009767
-0.001715
0.013218
0.053651
0.118603
0.174157
0.233963
0.263022
0.299907
0.321861
0.339926
0.212023
-0.050730
-0.212220
-0.233376
-0.083012
0.114022
0.228507
0.136825
-0.097468
-0.309347
-0.378552
-0.270940
-0.075085
0.038477
0.044906
-0.065165
-0.156422
-0.171920
-0.128928
-0.075227
-0.019048
0.019453
0.021863
0.020796
-0.001780
-0.044028
-0.076756
-0.081631
-0.057859
-0.010225
0.020690
0.026784
0.008080
0.008456
0.043903
0.112221
0.175382
0.231872
0.257929
0.285980
0.305177
0.322017
0.215397
-0.028349
-0.191106
-0.227170
-0.090554
0.090981
0.211989
0.134721
-0.082526
-0.292121
-0.367484
-0.272804
-0.086437
0.027337
0.039760
-0.060966
-0.158439
-0.212617
-0.141514
-0.053041
0.022915
0.038333
0.014088
-0.005584
-0.031498
-0.051294
-0.057900
-0.041985
-0.017921
-0.002883
0.011997
0.011634
0.009084
0.032979
0.069468
0.120633
0.169396
0.226300
0.253494
0.292403
0.314238
0.313785
0.147075
-0.089096
-0.220540
-0.208230
-0.045513
0.135598
0.209434
0.083660
-0.140660
-0.322164
-0.353403
-0.225106
-0.047188
0.039571
0.022881
-0.087003
-0.152801
-0.159130
-0.108747
-0.059010
-0.006965
0.003907
0.007917
0.011207
-0.002528
-0.045573
-0.075762
-0.084919
-0.058654
-0.015967
0.017249
0.024049
0.013876
0.014588
0.047416
0.104241
0.171267
0.228605
0.259066
0.278842
0.287635
0.296069
0.190651
-0.026547
-0.169026
-0.198078
-0.079619
0.081241
0.177261
0.104254
-0.087896
-0.271721
-0.339182
-0.257231
-0.093330
0.008043
0.023722
-0.073842
-0.166912
-0.190315
-0.110964
-0.042437
0.014227
0.012822
-0.001798
-0.013936
-0.022109
-0.031791
-0.035790
-0.037808
-0.037724
-0.028282
0.002965
0.020454
0.030495
0.040263
0.064538
0.112694
0.170126
0.229046
0.271316
0.303019
0.305769
0.282900
0.100127
-0.101757
-0.207553
-0.174025
-0.018172
0.135906
0.184422
0.052137
-0.159345
-0.317900
-0.335190
-0.198698
-0.042970
0.036936
0.008225
-0.106729
-0.179289
-0.171103
-0.103050
-0.039914
0.017956
0.022744
0.010846
-0.005039
-0.024086
-0.049324
-0.056233
-0.050975
-0.028655
0.000695
0.020725
0.019071
0.018932
0.030775
0.070885
0.132844
0.197268
0.240860
0.273871
0.291048
0.297763
0.256985
0.064862
-0.118294
-0.207252
-0.145332
0.009777
0.151939
0.163301
0.010054
-0.195613
-0.327935
-0.309574
-0.160456
-0.022194
0.033038
-0.020041
-0.128869
-0.184700
-0.150199
-0.081795
-0.021789
0.020383
0.012710
0.000738
-0.016695
-0.025624
-0.044070
-0.048450
-0.046527
-0.027936
-0.004514
0.017141
0.017817
0.023019
0.038967
0.083623
0.137832
0.204986
0.252590
0.285268
0.295718
0.295472
0.218801
0.010391
-0.149055
-0.198772
-0.103818
0.050291
0.166632
0.129436
-0.046130
-0.243396
-0.334657
-0.281690
-0.124797
-0.006461
0.029937
-0.051822
-0.152160
-0.187202
-0.136892
-0.067491
-0.014362
0.019870
0.006199
-0.002577
-0.017473
-0.031763
-0.049508
-0.050029
-0.045891
-0.022553
0.000299
0.021463
0.019443
0.030857
0.049081
0.103623
0.156134
0.217918
0.259969
0.299308
0.311866
0.298707
0.151179
-0.069761
-0.206402
-0.197608
-0.052559
0.116681
0.190816
0.086699
-0.126932
-0.310968
-0.351634
-0.236313
-0.064126
0.028418
0.014313
-0.104918
-0.187422
-0.189719
-0.113280
-0.038767
0.018954
0.016911
0.000098
-0.016081
-0.024971
-0.040294
-0.043004
-0.046446
-0.035948
-0.013856
0.015507
0.022018
0.029819
0.043686
0.080607
0.133371
0.194895
0.249778
0.292066
0.314876
0.311483
0.222627
-0.002449
-0.167577
-0.214733
-0.103518
0.059494
0.181896
0.134984
-0.054445
-0.262612
-0.350951
-0.288456
-0.119733
-0.000158
0.024686
-0.067737
-0.173760
-0.199422
-0.139550
-0.064020
0.001975
0.021878
0.008359
-0.010884
-0.020578
-0.035551
-0.045292
-0.043329
-0.038981
-0.016782
0.008748
0.025636
0.024180
0.032899
0.057613
0.114085
0.172201
0.230202
0.277691
0.307861
0.312682
0.274204
0.087027
-0.112756
-0.211850
-0.155614
-0.003901
0.148167
0.172150
0.029758
-0.184793
-0.331935
-0.332598
-0.190537
-0.042023
0.018874
-0.028651
-0.133506
-0.196360
-0.174259
-0.082916
-0.017079
0.023638
0.012311
-0.000738
-0.016767
-0.021642
-0.036069
-0.034631
-0.030911
-0.011878
0.005727
0.027927
0.028032
0.044388
0.061420
0.112661
0.169580
0.237560
0.285253
0.326821
0.333418
0.282904
0.072000
-0.132693
-0.233235
-0.166266
0.006627
0.168573
0.185113
0.027565
-0.202865
-0.351796
-0.341374
-0.181963
-0.025179
0.042352
-0.015640
-0.141190
-0.209688
-0.176162
-0.094095
-0.016665
0.030470
0.023559
0.008595
-0.015592
-0.033781
-0.048307
-0.041550
-0.036235
-0.018893
0.007270
0.028645
0.027470
0.037327
0.052261
0.099462
0.164741
0.237450
0.286930
0.326541
0.329436
0.287268
0.094553
-0.118941
-0.222896
-0.174859
-0.003338
0.149369
0.188246
0.037507
-0.182859
-0.344034
-0.343970
-0.205093
-0.039645
0.033859
-0.001045
-0.144930
-0.203680
-0.185280
-0.091628
-0.018974
0.034776
0.025693
0.004791
-0.023760
-0.034328
-0.046358
-0.031689
-0.030350
-0.007165
0.006676
0.019112
0.020792
0.038307
0.059737
0.112912
0.175476
0.240536
0.283827
0.321942
0.332310
0.290644
0.084767
-0.126997
-0.232966
-0.172869
0.005277
0.165519
0.180241
0.023682
-0.202409
-0.350335
-0.341620
-0.184768
-0.030307
0.037446
-0.015863
-0.143160
-0.216483
-0.176808
-0.084163
-0.006381
0.033581
0.023195
0.002048
-0.021281
-0.037125
-0.045330
-0.033953
-0.026681
-0.012146
0.008156
0.021444
0.021698
0.037295
0.057263
0.105009
0.169120
0.243293
0.287583
0.326803
0.333623
0.279911
0.072847
-0.131345
-0.224923
-0.156789
0.012720
0.163255
0.173463
0.013348
-0.209506
-0.349321
-0.331934
-0.179869
-0.026263
0.033132
-0.028287
-0.163441
-0.209885
-0.170566
-0.074859
-0.006216
0.032800
0.017003
-0.006738
-0.023402
-0.030850
-0.036514
-0.028892
-0.026842
-0.005343
0.011645
0.027157
0.031912
0.045359
0.064892
0.120818
0.188778
0.250065
0.302167
0.328636
0.331077
0.246003
0.016687
-0.164438
-0.225763
-0.119306
0.054321
0.184422
0.148624
-0.038229
-0.253697
-0.360350
-0.303842
-0.128931
-0.000907
0.030702
-0.062936
-0.181516
-0.206944
-0.140092
-0.052938
0.009532
0.029651
0.012478
-0.007926
-0.021269
-0.031366
-0.034437
-0.030438
-0.022457
0.000014
0.020580
0.027436
0.031684
0.043261
0.077291
0.134590
0.207850
0.264583
0.310511
0.327234
0.324691
0.206919
-0.023270
-0.176052
-0.207702
-0.083793
0.084721
0.190680
0.120493
-0.084450
-0.285080
-0.365046
-0.277066
-0.100326
0.011791
0.023478
-0.089768
-0.195350
-0.209336
-0.129176
-0.040988
0.027309
0.035572
0.009496
-0.018343
-0.029938
-0.037356
-0.029881
-0.020500
-0.010486
0.006338
0.022210
0.025107
0.041248
0.056136
0.095469
0.148615
0.214734
0.265836
0.316179
0.334120
0.316949
0.151079
-0.073632
-0.204093
-0.195677
-0.043992
0.122415
0.194088
0.076803
-0.138558
-0.316774
-0.354773
-0.236482
-0.069375
0.015412
-0.005375
-0.129843
-0.192450
-0.182511
-0.094852
-0.032298
0.022749
0.017994
0.004009
-0.011017
-0.018181
-0.032171
-0.029055
-0.029010
-0.009555
0.007441
0.034329
0.037754
0.051675
0.059509
0.102538
0.165442
0.235177
0.293409
0.335379
0.336548
0.268344
0.041247
-0.144986
-0.225948
-0.135399
0.027868
0.170758
0.162457
-0.007618
-0.225434
-0.348878
-0.323330
-0.163978
-0.029392
0.028332
-0.048918
-0.159042
-0.202042
-0.150871
-0.069840
-0.008157
0.026656
0.021156
0.004565
-0.008589
-0.024551
-0.034369
-0.036496
-0.028134
-0.004370
0.022505
0.037844
0.035226
0.042442
0.068866
0.125103
0.195232
0.255897
0.304230
0.322145
0.315690
0.207021
-0.013925
-0.168790
-0.201728
-0.088732
0.072293
0.181506
0.120634
-0.071934
-0.271061
-0.356270
-0.283935
-0.120302
-0.005066
-0.003244
-0.101927
-0.183455
-0.195361
-0.112940
-0.044960
0.008089
0.013459
0.001763
-0.007785
-0.008647
-0.014641
-0.021189
-0.023705
-0.010854
0.000662
0.029622
0.044082
0.061272
0.069172
0.100049
0.147792
0.218143
0.277840
0.320812
0.327445
0.285003
0.081464
-0.122637
-0.216100
-0.156831
0.002020
0.157017
0.167484
0.014048
-0.199811
-0.334469
-0.327504
-0.182320
-0.043305
0.014129
-0.042203
-0.159206
-0.205615
-0.156961
-0.072947
-0.012937
0.022573
0.014558
-0.001332
-0.012362
-0.024315
-0.034341
-0.030744
-0.021116
-0.002995
0.019109
0.032690
0.037923
0.050294
0.065716
0.114170
0.182900
0.247748
0.294071
0.313198
0.301740
0.207260
-0.004477
-0.155642
-0.195349
-0.089773
0.061374
0.163985
0.110138
-0.069814
-0.258534
-0.340351
-0.281269
-0.128236
-0.021871
-0.004427
-0.095977
-0.184211
-0.196490
-0.123990
-0.050110
0.004375
0.017513
0.004295
-0.010490
-0.019634
-0.029639
-0.031037
-0.026301
-0.014804
0.002168
0.025350
0.033696
0.042559
0.057708
0.090822
0.147143
0.208768
0.259169
0.294930
0.304768
0.280673
0.125710
-0.074737
-0.191935
-0.174351
-0.032208
0.111981
0.162516
0.042008
-0.155401
-0.311725
-0.332154
-0.216993
-0.069287
0.000568
-0.035537
-0.145376
-0.195573
-0.170852
-0.085369
-0.022200
0.018963
0.011077
-0.001360
-0.015815
-0.018914
-0.030073
-0.031375
-0.026956
-0.004519
0.015173
0.031473
0.030178
0.041816
0.061549
0.113822
0.172935
0.232602
0.274861
0.293298
0.291070
0.233204
0.054067
-0.114649
-0.183091
-0.120071
0.020232
0.137976
0.127786
-0.021307
-0.206770
-0.317735
-0.296531
-0.163055
-0.042334
-0.004972
-0.073982
-0.159299
-0.184614
-0.133398
-0.060314
-0.005769
0.021576
0.007778
-0.004730
-0.013898
-0.018884
-0.024997
-0.025885
-0.013236
0.003070
0.026336
0.037685
0.041571
0.051365
0.076615
0.134001
0.198229
0.255854
0.290867
0.298256
0.270979
0.160387
-0.025603
-0.146661
-0.159261
-0.053854
0.080326
0.146549
0.070771
-0.102354
-0.261255
-0.316555
-0.241928
-0.100274
-0.013606
-0.018158
-0.109248
-0.176579
-0.175897
-0.102159
-0.035967
0.013843
0.021901
0.007238
-0.009047
-0.019818
-0.025764
-0.027750
-0.021146
-0.004859
0.013024
0.029170
0.031028
0.041019
0.061500
0.105450
0.159254
0.210276
0.254352
0.280782
0.283975
0.247824
0.114323
-0.060003
-0.153668
-0.135791
-0.017770
0.105781
0.136776
0.025816
-0.155664
-0.289521
-0.302044
-0.193383
-0.060984
-0.011264
-0.051137
-0.129959
-0.174587
-0.144514
-0.073633
-0.015651
0.015510
0.013738
0.004292
-0.004337
-0.008059
-0.014123
-0.022215
-0.017432
-0.004386
0.019619
0.038448
0.039413
0.047905
0.068147
0.115690
0.167974
0.225900
0.263668
0.282277
0.273844
0.217736
0.062623
-0.089009
-0.153539
-0.103807
0.016565
0.116640
0.108990
-0.022192
-0.190693
-0.295941
-0.278931
-0.165183
-0.052062
-0.008360
-0.054866
-0.138788
-0.170272
-0.129461
-0.063115
-0.006671
0.025274
0.021539
0.009562
-0.007332
-0.015445
-0.021446
-0.016582
-0.003467
0.014421
0.033530
0.039506
0.045501
0.055441
0.086991
0.141976
0.200367
0.250528
0.274496
0.280594
0.251421
0.147363
-0.017097
-0.128286
-0.142625
-0.050385
0.069391
0.126584
0.051600
-0.107772
-0.253724
-0.300187
-0.227978
-0.104973
-0.025465
-0.023051
-0.100935
-0.163419
-0.161109
-0.095965
-0.033485
0.013687
0.026184
0.019266
0.004930
-0.009035
-0.021601
-0.021086
-0.010877
0.004791
0.023084
0.037257
0.036335
0.047507
0.065121
0.107404
0.163273
0.219903
0.253056
0.270909
0.263180
0.211285
0.078192
-0.063922
-0.140821
-0.111668
-0.004040
0.092284
0.097183
-0.011308
-0.170174
-0.276794
-0.279054
-0.180689
-0.068907
-0.020128
-0.057268
-0.130885
-0.163186
-0.133655
-0.070224
-0.011217
0.022769
0.022057
0.007765
-0.006816
-0.014387
-0.020510
-0.016338
-0.003332
0.015373
0.028199
0.034403
0.041249
0.055546
0.087423
0.135828
0.194529
0.236593
0.266557
0.269382
0.247656
0.137632
-0.024705
-0.135885
-0.149573
-0.054965
0.066728
0.122671
0.049021
-0.112087
-0.260999
-0.305554
-0.231830
-0.101315
-0.017473
-0.019552
-0.098869
-0.166722
-0.164561
-0.104376
-0.033286
0.021386
0.034297
0.022075
-0.000476
-0.015262
-0.024681
-0.019800
-0.008306
0.010391
0.025366
0.032727
0.032547
0.045447
0.067052
0.106480
0.158918
0.211667
0.246561
0.261247
0.250978
0.194234
0.060361
-0.078386
-0.140501
-0.102293
0.001709
0.087957
0.080689
-0.033309
-0.180860
-0.272897
-0.266501
-0.169906
-0.067194
-0.026091
-0.061322
-0.128372
-0.155004
-0.124983
-0.065875
-0.012356
0.021376
0.023681
0.010313
-0.002812
-0.015405
-0.023694
-0.018869
-0.004073
0.015145
0.031483
0.036165
0.037537
0.052435
0.082966
0.129336
0.185227
0.232609
0.262497
0.262924
0.230679
0.130894
-0.016675
-0.121117
-0.138225
-0.046807
0.057862
0.102847
0.032393
-0.114225
-0.245817
-0.284742
-0.219363
-0.106359
-0.036698
-0.039528
-0.107006
-0.154341
-0.147737
-0.091295
-0.028860
0.012128
0.019870
0.012076
0.000310
-0.007189
-0.015159
-0.015646
-0.009393
0.007438
0.022243
0.032677
0.039770
0.049073
0.061085
0.100833
0.154257
0.213366
0.250167
0.267196
0.247453
0.182683
0.042752
-0.087731
-0.143769
-0.093001
0.009433
0.093275
0.073344
-0.047832
-0.195495
-0.274678
-0.255761
-0.153065
-0.059067
-0.031403
-0.078160
-0.141509
-0.158248
-0.117019
-0.052937
-0.002556
0.019204
0.015600
0.001622
-0.005608
-0.010796
-0.017026
-0.014195
-0.004634
0.014117
0.030375
0.035963
0.039446
0.052446
0.083263
0.130076
0.185238
0.227964
0.259317
0.258223
0.222480
0.122115
-0.018708
-0.118063
-0.126419
-0.043689
0.052203
0.089462
0.024533
-0.113022
-0.236578
-0.277221
-0.214132
-0.108567
-0.041276
-0.047179
-0.104418
-0.148147
-0.141315
-0.089071
-0.032746
0.007675
0.019698
0.014691
0.002803
-0.007290
-0.017456
-0.019451
-0.011631
0.004737
0.023092
0.034361
0.038280
0.045020
0.061003
0.096314
0.148295
0.207758
0.243748
0.254678
0.238092
0.178315
0.055772
-0.068809
-0.131661
-0.097045
-0.004580
0.075215
0.068533
-0.035215
-0.173310
-0.264855
-0.259025
-0.171310
-0.076934
-0.036006
-0.070693
-0.127500
-0.154028
-0.124691
-0.066856
-0.014603
0.015544
0.015666
0.006449
-0.002445
-0.010728
-0.018081
-0.015278
-0.004537
0.012828
0.030408
0.038176
0.043283
0.053181
0.079353
0.122035
0.177011
0.229081
0.251010
0.246548
0.205620
0.112301
-0.018366
-0.102790
-0.113162
-0.039627
0.046317
0.076496
0.009847
-0.113171
-0.223831
-0.257767
-0.204832
-0.113287
-0.055910
-0.056223
-0.101836
-0.138718
-0.131251
-0.087763
-0.035877
0.002077
0.015716
0.014098
0.008855
-0.000586
-0.012864
-0.017386
-0.007038
0.015681
0.036875
0.047251
0.047998
0.053663
0.070946
0.109346
0.165630
0.218835
0.247196
0.246976
0.217772
0.142983
0.017527
-0.088383
-0.122182
-0.067780
0.022216
0.076580
0.046112
-0.073804
-0.199913
-0.261434
-0.227165
-0.133930
-0.056876
-0.041440
-0.084551
-0.135589
-0.144712
-0.106764
-0.046301
0.000422
0.024065
0.020847
0.010461
-0.002598
-0.007917
-0.014411
-0.004889
0.011927
0.031447
0.044301
0.049241
0.054705
0.068710
0.101448
0.149376
0.200178
0.237845
0.244130
0.226042
0.163609
0.048172
-0.066098
-0.119978
-0.086869
0.004967
0.068857
0.050191
-0.049871
-0.169541
-0.244795
-0.230872
-0.152608
-0.077340
-0.054969
-0.082509
-0.125852
-0.135830
-0.105553
-0.057018
-0.016144
0.006396
0.014231
0.018452
0.013814
0.004541
-0.008101
-0.008956
0.002092
0.024237
0.049207
0.059589
0.060951
0.062850
0.088120
0.135820
0.192254
0.233478
0.247355
0.227095
0.164614
0.062127
-0.048171
-0.106302
-0.086775
-0.008339
0.056411
0.052416
-0.029539
-0.150809
-0.232910
-0.234795
-0.167407
-0.086367
-0.052431
-0.070092
-0.116869
-0.137456
-0.117225
-0.064266
-0.016041
0.013129
0.019854
0.019664
0.010629
0.002771
-0.005889
-0.005352
0.006624
0.027081
0.047020
0.059218
0.061663
0.069833
0.092203
0.135666
0.185801
0.228987
0.245352
0.228180
0.164342
0.059062
-0.055448
-0.113606
-0.086733
-0.004139
0.059829
0.053933
-0.034189
-0.150386
-0.232338
-0.234746
-0.169301
-0.093328
-0.053905
-0.068016
-0.109663
-0.131974
-0.117305
-0.075326
-0.029611
0.006163
0.029838
0.034040
0.025875
0.003987
-0.012477
-0.013837
0.009231
0.041161
0.065095
0.072519
0.069520
0.068960
0.095931
0.145900
0.203639
0.240868
0.243218
0.207925
0.127463
0.008791
-0.087150
-0.111773
-0.063638
0.018034
0.065744
0.032391
-0.077790
-0.186863
-0.242415
-0.216866
-0.142696
-0.074848
-0.053123
-0.080065
-0.125371
-0.136707
-0.109198
-0.059520
-0.013949
0.021387
0.034358
0.034308
0.021818
0.002876
-0.011937
-0.002749
0.024176
0.055596
0.076054
0.083226
0.076366
0.079425
0.108920
0.161395
0.218838
0.249184
0.240608
0.176993
0.068269
-0.049607
-0.112480
-0.097698
-0.019607
0.055206
0.064035
-0.015407
-0.135078
-0.226063
-0.239585
-0.182593
-0.101242
-0.051286
-0.059989
-0.109003
-0.142518
-0.131390
-0.087737
-0.034883
0.007476
0.029889
0.035824
0.029090
0.012820
-0.002037
-0.006028
0.009777
0.038586
0.066942
0.082101
0.082167
0.079748
0.095484
0.138351
0.194511
0.231587
0.238821
0.203082
0.111831
-0.007673
-0.095497
-0.116116
-0.059551
0.024277
0.065931
0.019521
-0.089614
-0.197612
-0.247366
-0.215239
-0.134323
-0.067364
-0.051798
-0.090599
-0.136094
-0.144195
-0.111928
-0.056294
-0.004179
0.027375
0.037474
0.037095
0.025548
0.011689
0.002364
0.011755
0.032561
0.062198
0.083593
0.094695
0.094960
0.104128
0.132213
0.178918
0.219931
0.236334
0.199717
0.109775
-0.014738
-0.107735
-0.124195
-0.063842
0.023188
0.060981
0.014366
-0.096596
-0.203985
-0.247951
-0.214469
-0.131898
-0.065264
-0.051915
-0.090874
-0.135978
-0.146829
-0.115939
-0.060166
-0.006497
0.032455
0.049411
0.048449
0.033518
0.015614
0.006880
0.017438
0.043575
0.073186
0.091777
0.095458
0.097995
0.114199
0.144978
0.190562
0.222630
0.225763
0.168913
0.063435
-0.059290
-0.127812
-0.111139
-0.029615
0.045845
0.050782
-0.024834
-0.136581
-0.223886
-0.236190
-0.179921
-0.099681
-0.054131
-0.063499
-0.107784
-0.141448
-0.138987
-0.100471
-0.046154
0.002166
0.035627
0.050752
0.046433
0.024942
0.008201
0.005335
0.025344
0.056079
0.081744
0.093160
0.097248
0.099669
0.118083
0.155018
0.198683
0.226347
0.216304
0.139969
0.019472
-0.091904
-0.133215
-0.085708
0.003143
0.059489
0.032060
-0.062883
-0.172863
-0.236273
-0.218507
-0.150445
-0.078522
-0.053308
-0.078590
-0.120739
-0.142801
-0.124670
-0.082305
-0.026033
0.019061
0.052788
0.058263
0.044681
0.020799
0.009529
0.018796
0.045627
0.078752
0.101595
0.106953
0.103788
0.111406
0.141316
0.181469
0.220152
0.226444
0.176551
0.067810
-0.052397
-0.123082
-0.116120
-0.040097
0.038109
0.052211
-0.016999
-0.129966
-0.219290
-0.236927
-0.181120
-0.099885
-0.050588
-0.058027
-0.102133
-0.138863
-0.136624
-0.098774
-0.044116
0.007647
0.040662
0.055443
0.051251
0.034034
0.017304
0.014334
0.033146
0.062819
0.094622
0.108274
0.110868
0.107186
0.120326
0.154314
0.200338
0.228256
0.209985
0.127384
-0.001028
-0.105014
-0.131305
-0.073435
0.013552
0.056103
0.019175
-0.084379
-0.186962
-0.233444
-0.202082
-0.128416
-0.066603
-0.049769
-0.080597
-0.120931
-0.134506
-0.110458
-0.063007
-0.012422
0.030017
0.058207
0.066268
0.052803
0.032338
0.021486
0.035740
0.062235
0.091511
0.108959
0.117008
0.118611
0.128278
0.152254
0.187402
0.211498
0.205680
0.144302
0.037715
-0.067219
-0.118184
-0.093345
-0.014597
0.044602
0.031604
-0.057412
-0.161702
-0.225221
-0.211567
-0.142066
-0.071461
-0.045361
-0.071555
-0.117429
-0.136604
-0.116746
-0.067099
-0.012828
0.029376
0.052330
0.060450
0.054845
0.041887
0.030837
0.038102
0.059101
0.087356
0.110611
0.120636
0.120750
0.126187
0.147185
0.183760
0.209662
0.211238
0.156483
0.055504
-0.057280
-0.118475
-0.102062
-0.026465
0.040957
0.038389
-0.041421
-0.148640
-0.218631
-0.216770
-0.155298
-0.080944
-0.044824
-0.062658
-0.109460
-0.137314
-0.122929
-0.075410
-0.022113
0.022580
0.050574
0.061579
0.058247
0.041776
0.030819
0.034140
0.055321
0.081577
0.106140
0.120078
0.120648
0.125175
0.142310
0.175610
0.205562
0.212967
0.159795
0.058169
-0.055478
-0.119510
-0.103985
-0.029227
0.037427
0.036406
-0.040340
-0.149649
-0.221699
-0.218049
-0.155502
-0.080678
-0.048081
-0.068259
-0.115230
-0.140744
-0.127077
-0.082637
-0.027515
0.016944
0.043880
0.055868
0.053542
0.040819
0.030271
0.031191
0.048704
0.073894
0.099970
0.114785
0.121953
0.125330
0.135157
0.164884
0.198313
0.211498
0.164147
0.067577
-0.046400
-0.117543
-0.109100
-0.041733
0.031732
0.035647
-0.035681
-0.144861
-0.220563
-0.224183
-0.165716
-0.090566
-0.054443
-0.071719
-0.113588
-0.140127
-0.128838
-0.088655
-0.036358
0.006734
0.036829
0.052605
0.052805
0.040878
0.029377
0.029434
0.046372
0.072384
0.097409
0.110954
0.110728
0.114390
0.132543
0.165105
0.198920
0.206781
0.164564
0.067195
-0.040373
-0.112215
-0.115124
-0.050740
0.020167
0.035503
-0.026680
-0.132788
-0.215488
-0.233418
-0.179460
-0.102205
-0.053783
-0.061729
-0.108161
-0.144581
-0.141460
-0.100537
-0.042118
0.007651
0.037046
0.047676
0.044559
0.034143
0.027925
0.033216
0.047639
0.065716
0.087511
0.101998
0.110212
0.118790
0.135927
0.159807
0.181510
0.189414
0.156250
0.073515
-0.031561
-0.105690
-0.112241
-0.062375
0.006673
0.024312
-0.027674
-0.126400
-0.209856
-0.228969
-0.183785
-0.109482
-0.061517
-0.063988
-0.103705
-0.140855
-0.141382
-0.106837
-0.047943
0.005684
0.039415
0.049588
0.046387
0.033423
0.025431
0.029149
0.046754
0.069818
0.092643
0.109974
0.114078
0.118016
0.134914
0.163387
0.189458
0.196695
0.156917
0.069159
-0.039187
-0.111134
-0.114247
-0.055556
0.010952
0.022092
-0.036533
-0.136932
-0.215285
-0.228793
-0.179660
-0.108618
-0.065284
-0.071529
-0.112048
-0.143193
-0.138519
-0.099115
-0.044405
0.000850
0.030852
0.045578
0.048409
0.037706
0.027956
0.028035
0.044589
0.068122
0.091842
0.106299
0.115414
0.121479
0.135787
0.162439
0.187420
0.194038
0.152887
0.063366
-0.041655
-0.112431
-0.109546
-0.049401
0.015256
0.019606
-0.045055
-0.145586
-0.219802
-0.227688
-0.175067
-0.103874
-0.063765
-0.075592
-0.117622
-0.147010
-0.139080
-0.096761
-0.040030
0.007981
0.036756
0.048455
0.047673
0.037655
0.027583
0.030273
0.050188
0.078095
0.106321
0.120282
0.124124
0.124414
0.137790
0.168584
0.200520
0.202840
0.145511
0.040336
-0.069617
-0.126930
-0.106348
-0.034026
0.024169
0.012085
-0.069260
-0.170824
-0.230730
-0.218615
-0.154542
-0.090759
-0.067058
-0.089487
-0.127629
-0.145816
-0.125211
-0.080477
-0.031330
0.008927
0.034592
0.048583
0.049634
0.039806
0.030370
0.034382
0.052306
0.078937
0.105418
0.119669
0.125197
0.129046
0.148371
0.179539
0.207860
0.196942
0.128703
0.015470
-0.094600
-0.136662
-0.097092
-0.015249
0.037237
0.006069
-0.091217
-0.199261
-0.243810
-0.214679
-0.136856
-0.071533
-0.061573
-0.098566
-0.141848
-0.150034
-0.119030
-0.066605
-0.014915
0.022079
0.046401
0.059293
0.058283
0.046469
0.037619
0.043223
0.064630
0.092762
0.120383
0.135609
0.144441
0.148402
0.166821
0.193852
0.210439
0.175319
0.077679
-0.046419
-0.133845
-0.134586
-0.059651
0.021785
0.035113
-0.038943
-0.153915
-0.238799
-0.243146
-0.173930
-0.089882
-0.051075
-0.069772
-0.121842
-0.154081
-0.141493
-0.093536
-0.039167
0.004148
0.035051
0.054097
0.061726
0.053462
0.042453
0.039416
0.052743
0.077695
0.107673
0.130611
0.146220
0.155781
0.169125
0.194271
0.219643
0.204826
0.120355
-0.018494
-0.129430
-0.150697
-0.076839
0.021246
0.054431
-0.009198
-0.132389
-0.237786
-0.261383
-0.195586
-0.096554
-0.042026
-0.058259
-0.116156
-0.159909
-0.155260
-0.109963
-0.054092
-0.007126
0.024430
0.044495
0.058568
0.056182
0.044594
0.034867
0.039799
0.061267
0.093968
0.122272
0.140005
0.147171
0.157045
0.181068
0.214122
0.230330
0.182355
0.056242
-0.080487
-0.152096
-0.121834
-0.024605
0.050867
0.042648
-0.055812
-0.177973
-0.254676
-0.242336
-0.155954
-0.070968
-0.041483
-0.075642
-0.131982
-0.158073
-0.140822
-0.093438
-0.037606
0.011863
0.045669
0.062809
0.063602
0.046337
0.027557
0.026021
0.045288
0.075270
0.108689
0.131826
0.136010
0.136489
0.156120
0.195061
0.235087
0.230673
0.150783
0.005416
-0.124595
-0.164366
-0.092385
0.015995
0.071214
0.023626
-0.098858
-0.221952
-0.270271
-0.222247
-0.124228
-0.048391
-0.045603
-0.097313
-0.150323
-0.161287
-0.127732
-0.072818
-0.019156
0.023057
0.056220
0.068407
0.062358
0.040412
0.021824
0.026838
0.055317
0.094441
0.122634
0.133576
0.132054
0.135998
0.166394
0.207579
0.240710
0.211563
0.106715
-0.040536
-0.138466
-0.140645
-0.051847
0.038558
0.060112
-0.013393
-0.134527
-0.227943
-0.244440
-0.187338
-0.102049
-0.052173
-0.060090
-0.107086
-0.142532
-0.141617
-0.108677
-0.059773
-0.007535
0.035442
0.065779
0.073133
0.059459
0.034464
0.023009
0.035521
0.067559
0.101891
0.124353
0.131432
0.131170
0.143963
0.174938
0.212235
0.230043
0.188777
0.078546
-0.057272
-0.135803
-0.116786
-0.029503
0.048418
0.042542
-0.044322
-0.158956
-0.232298
-0.230222
-0.160331
-0.082297
-0.050945
-0.076552
-0.124165
-0.148199
-0.133093
-0.088082
-0.039168
0.006905
0.044641
0.068205
0.073917
0.057500
0.037438
0.032120
0.051238
0.082286
0.113437
0.132690
0.143221
0.143245
0.159046
0.188542
0.215459
0.211552
0.141520
0.020437
-0.094626
-0.132413
-0.082163
0.003361
0.049815
0.010642
-0.091780
-0.192873
-0.240845
-0.203770
-0.122304
-0.059175
-0.050233
-0.089830
-0.134770
-0.146447
-0.116095
-0.064372
-0.013999
0.027900
0.056141
0.070314
0.065952
0.049135
0.035134
0.040657
0.063963
0.098475
0.125387
0.137730
0.142028
0.148803
0.167716
0.200872
0.225324
0.191148
0.090197
-0.034117
-0.118703
-0.113262
-0.038925
0.032822
0.033115
-0.039987
-0.145317
-0.219314
-0.220552
-0.158817
-0.087927
-0.055713
-0.076077
-0.115884
-0.140409
-0.129939
-0.090155
-0.040707
0.003417
0.040053
0.065226
0.072758
0.059119
0.044180
0.040727
0.056803
0.082264
0.111439
0.130417
0.138948
0.141846
0.154373
0.180798
0.208060
0.207057
0.142159
0.028912
-0.075046
-0.121762
-0.082807
-0.007992
0.039387
0.006485
-0.091371
-0.188891
-0.231471
-0.194364
-0.119896
-0.060361
-0.057744
-0.098803
-0.137161
-0.139584
-0.104850
-0.055423
-0.010601
0.024160
0.051988
0.067547
0.074701
0.066597
0.057162
0.059340
0.073388
0.101828
0.129415
0.146996
0.152145
0.159402
0.174735
0.195154
0.196575
0.148711
0.052088
-0.055258
-0.111651
-0.092617
-0.020564
0.026703
0.008563
-0.075379
-0.173318
-0.222960
-0.198596
-0.127002
-0.064534
-0.050311
-0.085064
-0.129379
-0.144014
-0.115961
-0.062804
-0.011946
0.022598
0.045022
0.060835
0.067198
0.064872
0.061968
0.065110
0.073674
0.094297
0.117905
0.139117
0.151372
0.159098
0.168690
0.185589
0.188609
0.152010
0.069091
-0.027521
-0.094465
-0.096711
-0.039782
0.015095
0.011476
-0.058133
-0.152525
-0.213134
-0.206453
-0.143668
-0.076018
-0.048273
-0.073324
-0.119215
-0.142201
-0.123336
-0.076298
-0.025226
0.012807
0.038786
0.056790
0.067210
0.064266
0.058485
0.056425
0.068277
0.090613
0.117755
0.137736
