-0.225814
-0.186905
-0.131259
-0.072716
-0.020429
-0.001122
0.007694
0.017025
0.015240
0.000355
-0.006231
-0.018548
-0.039002
-0.061645
-0.071916
-0.077057
-0.074567
-0.048552
-0.018228
0.004744
0.019499
0.023418
0.015025
-0.005140
-0.023237
-0.038572
-0.059319
-0.073536
-0.085944
-0.101979
-0.112519
-0.116300
-0.110144
-0.103046
-0.093118
-0.088141
-0.090208
-0.090236
-0.085912
-0.075302
-0.052126
-0.021992
0.002535
0.015860
0.017766
0.015775
0.012188
0.019286
0.037416
0.065923
0.094568
0.113138
0.122282
0.131189
0.142875
0.156769
0.182127
0.214249
0.241092
0.264771
0.279263
0.272436
0.255842
0.221497
0.138700
0.034961
-0.061653
-0.139326
-0.207612
-0.226607
-0.199212
-0.163114
-0.112140
-0.056437
-0.013212
-0.000725
0.012124
0.023421
0.013626
-0.004739
-0.011316
-0.027812
-0.048622
-0.061804
-0.059406
-0.059428
-0.050316
-0.025509
-0.005200
0.005511
0.014044
0.016176
0.004817
-0.013749
-0.025563
-0.045275
-0.067572
-0.083146
-0.095819
-0.109837
-0.113666
-0.109664
-0.101828
-0.095666
-0.089757
-0.091440
-0.097157
-0.097692
-0.088749
-0.070921
-0.043598
-0.012129
0.009991
0.017890
0.015631
0.011920
0.011684
0.022568
0.047665
0.081098
0.108084
0.122218
0.129357
0.136888
0.140327
0.159430
0.194787
0.224509
0.253006
0.279350
0.295444
0.284588
0.257550
0.184250
0.078325
-0.025914
-0.112804
-0.191886
-0.238686
-0.228257
-0.195262
-0.148339
-0.087412
-0.028756
0.000537
0.014364
0.024834
0.018225
-0.005225
-0.017394
-0.026961
-0.043527
-0.056952
-0.059860
-0.063417
-0.065748
-0.046545
-0.022450
-0.004329
0.010444
0.019743
0.011856
-0.008587
-0.027788
-0.046216
-0.068245
-0.079795
-0.088240
-0.100911
-0.109729
-0.110662
-0.112548
-0.112280
-0.106011
-0.102490
-0.103012
-0.098249
-0.085711
-0.070575
-0.053919
-0.027390
-0.007761
0.002460
0.005694
0.010576
0.014610
0.023328
0.042833
0.066654
0.085607
0.098931
0.106954
0.118776
0.132332
0.152867
0.184059
0.215833
0.241435
0.265997
0.285048
0.289424
0.271812
0.228667
0.137637
0.025676
-0.076519
-0.161699
-0.232086
-0.245204
-0.213421
-0.166197
-0.109997
-0.049531
-0.005207
0.004010
0.012249
0.016729
0.005373
-0.011321
-0.014639
-0.026173
-0.045273
-0.060352
-0.062024
-0.067377
-0.058780
-0.032237
-0.007251
0.007703
0.017231
0.018193
0.003974
-0.017562
-0.030461
-0.046922
-0.066091
-0.078996
-0.090246
-0.103337
-0.111484
-0.110122
-0.105583
-0.101945
-0.097804
-0.098634
-0.102975
-0.097448
-0.080280
-0.059858
-0.032372
-0.003969
0.013308
0.016609
0.015771
0.016988
0.020930
0.033535
0.056501
0.079806
0.097114
0.109127
0.121192
0.136556
0.154805
0.177821
0.207277
0.231938
0.258191
0.283522
0.292736
0.284848
0.259477
0.186363
0.075871
-0.033499
-0.126503
-0.204926
-0.243612
-0.215749
-0.172380
-0.119771
-0.061814
-0.013399
0.002059
0.006327
0.017347
0.015309
0.000197
-0.003410
-0.011880
-0.033719
-0.053064
-0.057469
-0.060783
-0.058364
-0.033989
-0.006829
0.006346
0.016080
0.019524
0.009674
-0.009470
-0.021343
-0.031780
-0.050080
-0.064605
-0.077021
-0.095734
-0.109373
-0.112929
-0.109663
-0.104661
-0.096694
-0.093512
-0.098062
-0.093881
-0.081742
-0.069266
-0.044920
-0.013062
0.008801
0.015167
0.015947
0.016580
0.017105
0.026501
0.048423
0.073684
0.097045
0.111040
0.119281
0.130912
0.146880
0.174015
0.207853
0.234551
0.259145
0.281301
0.293529
0.284741
0.262271
0.201026
0.098900
-0.007529
-0.104096
-0.188645
-0.244240
-0.233809
-0.196697
-0.142414
-0.080545
-0.022697
0.002648
0.010056
0.016308
0.013096
-0.004493
-0.011094
-0.017474
-0.035016
-0.052028
-0.062480
-0.067221
-0.068396
-0.048870
-0.021236
-0.001866
0.012735
0.019954
0.012188
-0.005502
-0.021879
-0.034858
-0.053373
-0.067813
-0.078748
-0.097026
-0.111145
-0.116360
-0.115339
-0.111294
-0.104822
-0.100897
-0.105645
-0.104300
-0.091119
-0.074892
-0.053199
-0.020781
0.005075
0.014410
0.011207
0.008223
0.005171
0.010288
0.030917
0.060082
0.086120
0.105306
0.116326
0.123444
0.129915
0.148015
0.182180
0.215121
0.244646
0.272956
0.288741
0.286393
0.265499
0.224276
0.135609
0.031599
-0.066997
-0.147192
-0.221834
-0.239623
-0.216982
-0.178278
-0.119438
-0.057030
-0.010344
0.002604
0.011888
0.013384
-0.004658
-0.023076
-0.026946
-0.039790
-0.053623
-0.063094
-0.062669
-0.068897
-0.062429
-0.036076
-0.014044
0.002754
0.015457
0.017685
0.002641
-0.021992
-0.037481
-0.057331
-0.075592
-0.086572
-0.097043
-0.107609
-0.116005
-0.117895
-0.115437
-0.115686
-0.112899
-0.115407
-0.113418
-0.102182
-0.086742
-0.063782
-0.035361
-0.010504
0.001208
0.001409
0.000712
0.002390
0.011536
0.031202
0.058265
0.083271
0.098003
0.105223
0.113953
0.125688
0.146559
0.181291
0.210327
0.233549
0.258474
0.279638
0.280536
0.268057
0.242891
0.161308
0.050151
-0.056243
-0.141477
-0.224257
-0.253568
-0.223307
-0.181566
-0.131461
-0.070093
-0.025023
-0.015437
-0.011635
-0.000392
-0.009225
-0.025303
-0.023253
-0.033113
-0.052575
-0.066830
-0.067943
-0.070610
-0.065976
-0.036312
-0.012148
0.000579
0.010936
0.011615
-0.003727
-0.026520
-0.039404
-0.054961
-0.074140
-0.085366
-0.097885
-0.113190
-0.122470
-0.124418
-0.122366
-0.122398
-0.120515
-0.119948
-0.117891
-0.107436
-0.091262
-0.071056
-0.042271
-0.013921
0.000704
0.002649
0.001429
0.002923
0.008969
0.025462
0.052879
0.080066
0.099809
0.112104
0.119833
0.123974
0.139813
0.170170
0.200299
0.226506
0.256022
0.283002
0.290011
0.278326
0.247949
0.164745
0.057343
-0.047034
-0.129266
-0.203378
-0.240312
-0.217366
-0.188437
-0.141907
-0.087521
-0.039714
-0.020138
-0.008003
0.006571
0.001985
-0.018005
-0.020824
-0.032868
-0.050416
-0.063854
-0.062110
-0.060852
-0.058816
-0.036463
-0.015934
-0.005397
0.003514
0.007893
0.000244
-0.019840
-0.031101
-0.045488
-0.066979
-0.081879
-0.093637
-0.106118
-0.115212
-0.115566
-0.111243
-0.115062
-0.116732
-0.119322
-0.118369
-0.108001
-0.088118
-0.062646
-0.032503
-0.005822
0.009675
0.009850
0.007698
0.009696
0.019536
0.042019
0.073881
0.100394
0.114164
0.117745
0.123009
0.131115
0.155567
0.193860
0.226173
0.257166
0.287572
0.300924
0.292216
0.271844
0.230515
0.142326
0.040285
-0.053940
-0.134880
-0.212953
-0.230209
-0.209959
-0.176144
-0.125606
-0.062573
-0.019389
-0.005880
0.006277
0.012314
-0.003714
-0.019102
-0.018091
-0.028212
-0.041706
-0.049034
-0.049297
-0.056741
-0.052319
-0.028887
-0.010279
0.004892
0.017300
0.020853
0.004471
-0.014172
-0.029703
-0.048673
-0.064666
-0.073378
-0.082665
-0.095206
-0.102733
-0.105002
-0.107739
-0.111370
-0.112093
-0.115035
-0.108656
-0.091271
-0.070528
-0.045221
-0.015436
0.006710
0.012355
0.012349
0.013817
0.020602
0.038282
0.070781
0.100732
0.118031
0.127351
0.131132
0.134716
0.146651
0.180434
0.216348
0.234781
0.257955
0.277173
0.284439
0.276697
0.268130
0.220265
0.124883
0.027986
-0.066089
-0.151229
-0.224243
-0.221145
-0.197483
-0.156276
-0.100446
-0.041123
-0.014110
-0.006159
0.003667
0.004263
-0.013283
-0.013384
-0.008485
-0.018795
-0.030551
-0.038192
-0.044662
-0.055965
-0.043796
-0.018318
-0.000932
0.015379
0.027818
0.022572
-0.000954
-0.019321
-0.034774
-0.054480
-0.067181
-0.073190
-0.082412
-0.094813
-0.101347
-0.103148
-0.108045
-0.111506
-0.112375
-0.112434
-0.102378
-0.086766
-0.065056
-0.038803
-0.010087
0.011260
0.018792
0.019741
0.021080
0.026552
0.041624
0.067929
0.096141
0.119920
0.134129
0.145776
0.153249
0.156001
0.177860
0.196298
0.220455
0.255054
0.282336
0.298101
0.291526
0.269869
0.191588
0.085697
-0.008391
-0.092641
-0.176301
-0.217653
-0.205533
-0.184866
-0.148186
-0.092802
-0.036883
-0.017203
0.001146
0.014784
0.006233
-0.015275
-0.017692
-0.022868
-0.037897
-0.042952
-0.039110
-0.045740
-0.050266
-0.032990
-0.016401
-0.006213
0.010062
0.023933
0.018165
-0.000314
-0.012185
-0.032437
-0.054938
-0.069515
-0.079513
-0.090166
-0.096429
-0.097145
-0.095965
-0.099971
-0.103669
-0.111788
-0.116081
-0.106111
-0.085493
-0.060866
-0.030728
-0.001366
0.013263
0.012936
0.011468
0.011967
0.020156
0.043475
0.076398
0.101088
0.115103
0.124137
0.131584
0.139006
0.154044
0.186103
0.214782
0.235217
0.260181
0.279024
0.283944
0.268921
0.242327
0.165354
0.072479
-0.024887
-0.105896
-0.185728
-0.223116
-0.215829
-0.187541
-0.140322
-0.081222
-0.031976
-0.012761
-0.000753
0.002580
-0.006075
-0.023829
-0.022899
-0.027345
-0.035367
-0.044748
-0.049687
-0.059765
-0.060394
-0.041945
-0.020766
-0.003699
0.010355
0.017585
0.006124
-0.014373
-0.030615
-0.050259
-0.066833
-0.077525
-0.083796
-0.093554
-0.102263
-0.108578
-0.110988
-0.113237
-0.113691
-0.119053
-0.121686
-0.107626
-0.087523
-0.063999
-0.033898
-0.005555
0.008142
0.009475
0.008108
0.008114
0.013609
0.035988
0.067305
0.093931
0.111575
0.118993
0.125110
0.128149
0.143644
0.174919
0.203449
0.235523
0.263219
0.281414
0.277287
0.256946
0.211858
0.114712
0.017850
-0.073501
-0.152836
-0.220002
-0.233142
-0.215142
-0.180780
-0.131115
-0.067624
-0.029665
-0.012410
0.002716
0.003136
-0.012531
-0.027680
-0.031615
-0.045324
-0.056269
-0.062327
-0.063498
-0.068372
-0.060632
-0.041009
-0.025065
-0.009419
0.003848
0.008877
-0.001784
-0.017124
-0.031821
-0.053320
-0.072990
-0.086836
-0.099693
-0.110345
-0.113433
-0.115834
-0.115286
-0.111401
-0.104880
-0.106212
-0.112216
-0.110269
-0.095706
-0.077421
-0.049464
-0.017020
0.006575
0.013809
0.012450
0.010028
0.008400
0.018749
0.050375
0.082692
0.105772
0.115600
0.123577
0.127209
0.136675
0.164838
0.197667
0.228818
0.261029
0.282871
0.278778
0.255906
0.200353
0.101031
-0.004370
-0.091320
-0.162998
-0.221339
-0.227180
-0.206445
-0.169679
-0.123047
-0.062954
-0.023794
-0.005000
0.010954
0.013419
-0.006930
-0.024301
-0.031979
-0.044685
-0.057825
-0.061609
-0.060318
-0.066080
-0.059855
-0.039103
-0.022714
-0.007755
0.007312
0.012712
0.000184
-0.015960
-0.032298
-0.055890
-0.076580
-0.089265
-0.101247
-0.110256
-0.111404
-0.111599
-0.113334
-0.111130
-0.104812
-0.104970
-0.108511
-0.102855
-0.086988
-0.070752
-0.043496
-0.012607
0.007761
0.016081
0.018449
0.019527
0.020325
0.033421
0.062050
0.089127
0.109742
0.121503
0.129134
0.136925
0.154623
0.183000
0.212148
0.241304
0.264618
0.285249
0.277867
0.256733
0.185224
0.072792
-0.036666
-0.131514
-0.210355
-0.250173
-0.238679
-0.193845
-0.137475
-0.078503
-0.022233
-0.003988
0.009547
0.015565
0.013137
-0.002661
-0.013776
-0.023765
-0.041394
-0.059364
-0.064359
-0.069178
-0.066437
-0.046925
-0.020367
0.000497
0.013661
0.019993
0.014817
-0.003994
-0.020733
-0.038965
-0.058237
-0.074936
-0.087844
-0.101748
-0.110282
-0.113718
-0.112118
-0.107855
-0.098624
-0.090964
-0.090678
-0.095124
-0.095497
-0.084003
-0.064053
-0.037617
-0.005514
0.019253
0.029639
0.029356
0.026363
0.023943
0.035308
0.064622
0.097048
0.117195
0.130240
0.140969
0.148822
0.166016
0.199654
0.228094
0.257677
0.285125
0.295548
0.281885
0.240498
0.150163
0.035373
-0.071368
-0.151501
-0.219057
-0.237398
-0.211676
-0.165018
-0.110679
-0.056601
-0.011468
0.004102
0.017832
0.026628
0.022039
0.007677
-0.000183
-0.015944
-0.038565
-0.055552
-0.059094
-0.063548
-0.056623
-0.031973
-0.006690
0.010880
0.021742
0.026864
0.015767
-0.005041
-0.020315
-0.038581
-0.057650
-0.073930
-0.086827
-0.100681
-0.108778
-0.109890
-0.105340
-0.097588
-0.086128
-0.078368
-0.077961
-0.082909
-0.082509
-0.070641
-0.051235
-0.021539
0.011457
0.033303
0.040314
0.037810
0.035237
0.036879
0.054205
0.087045
0.116579
0.134965
0.148124
0.157365
0.158723
0.170587
0.199075
0.232745
0.268083
0.300248
0.310735
0.286307
0.220649
0.106111
-0.019379
-0.120306
-0.193728
-0.232532
-0.222130
-0.187288
-0.130549
-0.082858
-0.030635
0.001033
0.020505
0.038969
0.045427
0.035657
0.020502
-0.002125
-0.026734
-0.054618
-0.066358
-0.066850
-0.063419
-0.042511
-0.016721
0.004947
0.018204
0.025489
0.026744
0.012215
-0.003389
-0.017857
-0.041727
-0.064056
-0.081819
-0.097182
-0.109087
-0.111549
-0.103802
-0.096655
-0.089389
-0.080020
-0.078648
-0.082428
-0.083213
-0.073300
-0.055547
-0.030694
0.001187
0.021823
0.027871
0.028772
0.029859
0.032275
0.046175
0.077177
0.108078
0.127129
0.137979
0.145091
0.150672
0.161781
0.192839
0.228769
0.259917
0.285421
0.299543
0.287262
0.250954
0.160257
0.038615
-0.075462
-0.164369
-0.232911
-0.247909
-0.217167
-0.163143
-0.102090
-0.044158
0.003547
0.015768
0.026526
0.034559
0.031005
0.015771
0.002844
-0.017330
-0.045121
-0.069734
-0.075574
-0.076343
-0.067120
-0.038837
-0.008512
0.012317
0.022776
0.026350
0.015810
-0.006917
-0.023231
-0.042179
-0.064787
-0.084258
-0.099410
-0.114417
-0.123023
-0.120273
-0.108968
-0.099348
-0.088015
-0.081367
-0.084125
-0.087839
-0.084723
-0.070154
-0.050170
-0.021411
0.007059
0.021045
0.024533
0.026289
0.029294
0.037770
0.060552
0.090609
0.112610
0.124387
0.133954
0.141288
0.152114
0.176717
0.207331
0.238081
0.265747
0.285237
0.281632
0.257246
0.178567
0.059624
-0.062470
-0.159639
-0.229985
-0.255920
-0.230607
-0.178604
-0.115270
-0.060886
-0.013080
0.006010
0.017877
0.028110
0.031909
0.021215
0.006788
-0.014652
-0.044156
-0.074011
-0.087667
-0.089402
-0.079896
-0.053033
-0.020095
0.003582
0.015478
0.018129
0.009224
-0.012544
-0.029427
-0.046613
-0.067296
-0.086263
-0.103967
-0.119593
-0.130667
-0.129071
-0.118675
-0.106521
-0.093501
-0.085893
-0.085800
-0.089535
-0.088837
-0.073549
-0.052304
-0.023546
0.003773
0.017816
0.019696
0.017835
0.021116
0.032224
0.055751
0.086833
0.109819
0.121597
0.126513
0.133732
0.147781
0.176647
0.213077
0.246257
0.267079
0.278190
0.271594
0.240850
0.155794
0.039658
-0.070442
-0.164883
-0.237349
-0.254861
-0.230291
-0.179192
-0.115633
-0.052082
-0.003931
0.010645
0.024451
0.033113
0.029305
0.015697
0.004202
-0.015337
-0.043938
-0.070935
-0.082760
-0.089807
-0.081342
-0.054888
-0.023455
0.000656
0.015737
0.022719
0.014775
-0.005183
-0.022571
-0.042301
-0.063185
-0.081567
-0.097588
-0.113711
-0.125374
-0.125533
-0.116920
-0.105518
-0.090989
-0.080809
-0.077020
-0.080267
-0.078235
-0.065553
-0.047866
-0.021842
0.005514
0.021455
0.025230
0.024040
0.028671
0.040053
0.063617
0.095659
0.119110
0.131570
0.134935
0.139022
0.152770
0.176340
0.211274
0.249995
0.277807
0.298537
0.288308
0.243880
0.149351
0.024575
-0.090866
-0.181309
-0.238021
-0.240272
-0.211411
-0.156892
-0.096165
-0.043289
-0.003376
0.013871
0.034283
0.044441
0.042896
0.031945
0.012277
-0.018396
-0.049419
-0.074643
-0.084614
-0.086015
-0.068358
-0.041212
-0.014495
0.006760
0.018273
0.020892
0.012826
-0.001421
-0.016001
-0.037038
-0.059056
-0.080327
-0.100295
-0.117804
-0.125638
-0.121939
-0.110716
-0.098350
-0.085860
-0.080265
-0.080847
-0.081808
-0.072167
-0.054948
-0.033422
-0.006812
0.015093
0.024968
0.025819
0.026460
0.031590
0.048506
0.077757
0.106688
0.124767
0.133661
0.136749
0.140994
0.154737
0.178953
0.215407
0.253075
0.284287
0.299116
0.286842
0.235715
0.130594
-0.003292
-0.111925
-0.201188
-0.246855
-0.245353
-0.207780
-0.142040
-0.084940
-0.027234
0.007644
0.022575
0.038546
0.045541
0.040726
0.028089
0.007041
-0.018450
-0.053788
-0.077178
-0.087167
-0.087390
-0.065882
-0.036094
-0.006621
0.012181
0.021506
0.023424
0.009340
-0.006308
-0.021207
-0.041421
-0.063528
-0.083438
-0.103059
-0.120083
-0.127063
-0.119329
-0.107724
-0.095591
-0.083964
-0.079257
-0.080628
-0.079992
-0.068072
-0.051329
-0.027378
0.002953
0.023173
0.028927
0.028774
0.031412
0.038681
0.056325
0.082850
0.107247
0.121172
0.127863
0.132638
0.141544
0.165064
0.201405
0.235232
0.269038
0.284711
0.286617
0.266174
0.210634
0.104075
-0.019916
-0.119074
-0.204041
-0.251371
-0.243440
-0.199307
-0.134385
-0.071258
-0.011157
0.019304
0.026363
0.036233
0.037731
0.027315
0.017342
0.002664
-0.021056
-0.053930
-0.075000
-0.084358
-0.087005
-0.065820
-0.033340
-0.003002
0.015711
0.025749
0.023901
0.004426
-0.015911
-0.031450
-0.052096
-0.071230
-0.087359
-0.104351
-0.118907
-0.124683
-0.119811
-0.112582
-0.104105
-0.094651
-0.089120
-0.081752
-0.069700
-0.053653
-0.036292
-0.016001
0.002841
0.011195
0.011589
0.014668
0.023430
0.040470
0.064648
0.089802
0.105615
0.111463
0.115957
0.122814
0.138377
0.159448
0.203157
0.248127
0.276782
0.296128
0.295884
0.273641
0.204886
0.085636
-0.028818
-0.131802
-0.217189
-0.260171
-0.247450
-0.201166
-0.138373
-0.071320
-0.008290
0.015051
0.027451
0.035488
0.032542
0.018091
0.008446
-0.002514
-0.028483
-0.057710
-0.076532
-0.091063
-0.093745
-0.071633
-0.038736
-0.008094
0.013654
0.025108
0.020276
0.000090
-0.018661
-0.037317
-0.057275
-0.073419
-0.087824
-0.105733
-0.121349
-0.127036
-0.128634
-0.124116
-0.111590
-0.098073
-0.088902
-0.078818
-0.064767
-0.050644
-0.038228
-0.021758
-0.007091
-0.000900
0.001933
0.008044
0.020123
0.035730
0.056693
0.079214
0.093679
0.100702
0.107320
0.112957
0.126901
0.154893
0.195710
0.235708
0.262750
0.277234
0.274693
0.254865
0.210165
0.117973
0.008291
-0.087464
-0.166096
-0.225994
-0.238522
-0.214472
-0.162310
-0.104439
-0.041562
0.000181
0.016608
0.027630
0.029330
0.018394
0.002924
-0.008205
-0.024983
-0.047238
-0.065836
-0.074407
-0.081333
-0.071314
-0.047557
-0.019078
0.002999
0.017900
0.021506
0.006265
-0.014998
-0.034114
-0.056221
-0.074909
-0.089961
-0.101756
-0.113655
-0.119946
-0.120769
-0.118503
-0.112329
-0.103436
-0.094435
-0.082548
-0.067998
-0.053373
-0.039275
-0.021382
-0.005117
0.003851
0.011866
0.020726
0.031265
0.045228
0.064640
0.087172
0.100793
0.108475
0.113734
0.119157
0.133760
0.163684
0.203355
0.234316
0.259524
0.276422
0.270765
0.249367
0.208617
0.115900
0.006812
-0.088614
-0.165391
-0.225050
-0.235995
-0.206973
-0.156447
-0.102964
-0.041506
-0.002429
0.010988
0.022737
0.027771
0.019278
0.005755
-0.002864
-0.017290
-0.041376
-0.058587
-0.065719
-0.072337
-0.063637
-0.040495
-0.013565
0.005460
0.018167
0.023006
0.008142
-0.011640
-0.027468
-0.047760
-0.066557
-0.082350
-0.094846
-0.108963
-0.118491
-0.116317
-0.109902
-0.102101
-0.089963
-0.081451
-0.077542
-0.071266
-0.058679
-0.044668
-0.027653
-0.004275
0.013810
0.020725
0.025233
0.030428
0.036110
0.047527
0.070283
0.092410
0.106910
0.116950
0.124954
0.131783
0.148574
0.181539
0.218303
0.245771
0.265121
0.267640
0.250935
0.218903
0.163626
0.067218
-0.029775
-0.103984
-0.164042
-0.202322
-0.202134
-0.175451
-0.133278
-0.089580
-0.037571
-0.007580
0.007157
0.020146
0.021735
0.009404
-0.004284
-0.017445
-0.031418
-0.047932
-0.052468
-0.056268
-0.058275
-0.045578
-0.026431
-0.008914
0.005772
0.017667
0.016177
0.000142
-0.015622
-0.036461
-0.061695
-0.080927
-0.091566
-0.101004
-0.108289
-0.108944
-0.106081
-0.105236
-0.101253
-0.095002
-0.088781
-0.079693
-0.061704
-0.045204
-0.031544
-0.015688
0.000388
0.008346
0.013103
0.020738
0.032733
0.046238
0.067912
0.087774
0.100331
0.108071
0.112984
0.116464
0.129540
0.159839
0.201271
0.229562
0.255040
0.269174
0.263192
0.246617
0.212438
0.140348
0.040061
-0.052244
-0.123623
-0.189214
-0.215873
-0.205864
-0.170017
-0.120695
-0.067859
-0.023463
-0.003701
0.008962
0.016577
0.010260
-0.000461
-0.009133
-0.020866
-0.032771
-0.046107
-0.051128
-0.058193
-0.054177
-0.037413
-0.018134
0.000514
0.013663
0.016090
0.004541
-0.014131
-0.033025
-0.054138
-0.070941
-0.082242
-0.092160
-0.100906
-0.106738
-0.108276
-0.106753
-0.104272
-0.097127
-0.090810
-0.085269
-0.074390
-0.062285
-0.048872
-0.031871
-0.009407
0.007962
0.014827
0.022316
0.031750
0.039716
0.053918
0.074517
0.094273
0.107626
0.119488
0.127633
0.130900
0.144013
0.174991
0.211809
0.234883
0.253830
0.270133
0.263428
0.239412
0.187899
0.097148
-0.007094
-0.093284
-0.158540
-0.210518
-0.213603
-0.186534
-0.141742
-0.095208
-0.041347
-0.010089
0.001498
0.010191
0.017544
0.007064
-0.005329
-0.011961
-0.026069
-0.042780
-0.051646
-0.053539
-0.056039
-0.044147
-0.021792
-0.002259
0.010802
0.019508
0.015853
-0.001008
-0.018210
-0.036237
-0.056255
-0.073151
-0.084718
-0.095850
-0.106857
-0.108530
-0.106435
-0.103293
-0.097395
-0.089958
-0.085072
-0.080845
-0.068702
-0.054171
-0.039300
-0.020980
-0.000726
0.010649
0.014822
0.018585
0.027299
0.037616
0.053838
0.076415
0.094929
0.105503
0.112637
0.121252
0.127766
0.140104
0.173059
0.214186
0.237005
0.253447
0.262665
0.254858
0.226840
0.176353
0.091124
-0.003153
-0.080037
-0.136881
-0.187120
-0.191800
-0.177552
-0.142405
-0.102006
-0.053065
-0.021186
-0.008385
0.006662
0.012365
-0.000614
-0.012542
-0.020456
-0.032356
-0.042972
-0.047116
-0.046506
-0.052399
-0.043666
-0.025662
-0.011960
0.001508
0.012182
0.012073
-0.001938
-0.019145
-0.036705
-0.060883
-0.076910
-0.086219
-0.094735
-0.101102
-0.101586
-0.100156
-0.102800
-0.103547
-0.098714
-0.094431
-0.087083
-0.071490
-0.057840
-0.044112
-0.025128
-0.005277
0.005070
0.011019
0.021190
0.030921
0.041285
0.058358
0.078596
0.093358
0.105160
0.116824
0.120516
0.125639
0.142139
0.174252
0.209583
0.234282
0.254335
0.265806
0.257857
0.227163
0.167788
0.080457
-0.012156
-0.092666
-0.148383
-0.194853
-0.200070
-0.186374
-0.148942
-0.106819
-0.060077
-0.024629
-0.005414
0.007120
0.013558
0.002065
-0.013741
-0.025785
-0.035754
-0.044701
-0.051088
-0.049626
-0.050734
-0.045886
-0.031587
-0.015229
-0.004105
0.004448
0.006281
-0.003581
-0.021065
-0.039265
-0.060547
-0.079855
-0.091068
-0.097095
-0.103216
-0.107604
-0.108004
-0.107446
-0.107712
-0.103546
-0.097631
-0.088475
-0.072526
-0.058538
-0.045331
-0.028509
-0.009411
0.004111
0.011606
0.020486
0.029948
0.039745
0.057704
0.077231
0.092717
0.103077
0.114474
0.122177
0.130199
0.149801
0.179446
0.214020
0.241362
0.259792
0.266669
0.257377
0.232265
0.163776
0.065854
-0.025703
-0.102395
-0.174961
-0.215215
-0.205638
-0.185712
-0.145564
-0.091994
-0.040495
-0.022192
-0.008203
0.005125
0.001263
-0.014200
-0.014735
-0.019951
-0.033540
-0.043880
-0.046930
-0.054572
-0.060372
-0.044946
-0.027607
-0.013276
0.003127
0.013507
0.009323
-0.009429
-0.022576
-0.043275
-0.064498
-0.077238
-0.083126
-0.093944
-0.103413
-0.109063
-0.110840
-0.114355
-0.111161
-0.103475
-0.096699
-0.084294
-0.066800
-0.051012
-0.039154
-0.024419
-0.005957
0.004116
0.011235
0.019032
0.029969
0.039796
0.058073
0.079385
0.093175
0.102127
0.113623
0.120508
0.133208
0.154937
0.186152
0.213670
0.238501
0.257158
0.261769
0.254458
0.227750
0.154628
0.055603
-0.041281
-0.113539
-0.181165
-0.211042
-0.197318
-0.173758
-0.130745
-0.083608
-0.038902
-0.018803
-0.000469
0.015733
0.012673
-0.002864
-0.009906
-0.025011
-0.040456
-0.050509
-0.051433
-0.055250
-0.053541
-0.036787
-0.021369
-0.008735
0.004602
0.011332
0.004860
-0.009761
-0.024572
-0.044945
-0.066914
-0.079615
-0.088070
-0.098860
-0.104053
-0.105116
-0.108503
-0.111008
-0.109518
-0.103441
-0.095868
-0.079064
-0.058465
-0.045086
-0.030859
-0.013439
-0.001052
0.006889
0.016322
0.030167
0.041443
0.056247
0.076130
0.091765
0.101613
0.115097
0.127052
0.134953
0.148504
0.175574
0.211412
0.241833
0.268846
0.282196
0.277597
0.246450
0.168562
0.059745
-0.042130
-0.122896
-0.192704
-0.223375
-0.208805
-0.181176
-0.135384
-0.081810
-0.032450
-0.011297
0.006920
0.021687
0.018455
0.003640
-0.001114
-0.015853
-0.034788
-0.050137
-0.054851
-0.062123
-0.063192
-0.045227
-0.026077
-0.011741
0.003837
0.014335
0.010618
-0.004493
-0.017383
-0.037374
-0.060151
-0.075692
-0.086896
-0.100617
-0.108957
-0.111089
-0.113379
-0.114334
-0.109309
-0.102414
-0.097763
-0.086191
-0.066372
-0.050115
-0.036562
-0.019050
-0.002109
0.007554
0.015424
0.023499
0.033072
0.044776
0.063872
0.083347
0.098624
0.110133
0.122913
0.134765
0.146731
0.167870
0.196098
0.222447
0.249552
0.269109
0.265113
0.253908
0.197045
0.090469
-0.017112
-0.102700
-0.170112
-0.216750
-0.210083
-0.181322
-0.143870
-0.099793
-0.046178
-0.018545
0.001507
0.022604
0.032941
0.019564
0.005950
-0.008290
-0.032523
-0.053524
-0.061351
-0.063538
-0.065259
-0.052196
-0.030736
-0.015120
-0.002595
0.009745
0.012844
0.002204
-0.008118
-0.022984
-0.045474
-0.067051
-0.080916
-0.095064
-0.106358
-0.107717
-0.107139
-0.106780
-0.103682
-0.097818
-0.094086
-0.086396
-0.070704
-0.050999
-0.035503
-0.020672
-0.005582
0.003571
0.008864
0.015895
0.029083
0.041656
0.058725
0.079709
0.097366
0.108285
0.119715
0.132613
0.141846
0.161731
0.195964
0.225036
0.246337
0.265831
0.269939
0.252442
0.210651
0.125300
0.014909
-0.082677
-0.151779
-0.200802
-0.210957
-0.190496
-0.147412
-0.102558
-0.053885
-0.015200
0.004443
0.022206
0.032027
0.027004
0.013354
-0.001096
-0.020325
-0.041648
-0.055593
-0.059810
-0.062795
-0.055081
-0.036324
-0.017025
-0.000776
0.011968
0.019403
0.012316
-0.000666
-0.015326
-0.038201
-0.060749
-0.078546
-0.090890
-0.104871
-0.109481
-0.108548
-0.106932
-0.103874
-0.095940
-0.090149
-0.083946
-0.071960
-0.052878
-0.038380
-0.026348
-0.009278
0.004947
0.012308
0.018641
0.029055
0.040240
0.054147
0.075063
0.090222
0.101557
0.113069
0.126161
0.132389
0.147126
0.175804
0.212899
0.237606
0.260074
0.272650
0.263837
0.228873
0.149146
0.041151
-0.064469
-0.143027
-0.197549
-0.213840
-0.203909
-0.161038
-0.115334
-0.064546
-0.023315
0.005237
0.025185
0.035895
0.036637
0.024404
0.004552
-0.017729
-0.039495
-0.058798
-0.068598
-0.071331
-0.063228
-0.046959
-0.025764
-0.004879
0.006825
0.014684
0.011962
-0.000057
-0.015798
-0.036265
-0.055793
-0.077420
-0.093321
-0.106002
-0.112538
-0.113464
-0.110352
-0.106841
-0.101503
-0.094944
-0.088626
-0.080830
-0.064915
-0.045177
-0.030701
-0.014068
0.001467
0.010015
0.013449
0.020474
0.032514
0.045673
0.066684
0.087416
0.099371
0.107575
0.118743
0.128199
0.142252
0.169167
0.207815
0.234432
0.256221
0.271887
0.267946
0.241537
0.165907
0.052964
-0.057390
-0.148419
-0.211899
-0.232578
-0.219241
-0.168063
-0.115382
-0.062104
-0.019839
0.000182
0.016729
0.026118
0.031139
0.025647
0.012145
-0.006419
-0.033249
-0.060432
-0.075368
-0.082329
-0.072998
-0.051462
-0.024112
-0.000789
0.010778
0.015796
0.010458
-0.003155
-0.015813
-0.031321
-0.048522
-0.068500
-0.086542
-0.103699
-0.115515
-0.119985
-0.116450
-0.108901
-0.099205
-0.090114
-0.081555
-0.077419
-0.071067
-0.053774
-0.037114
-0.019944
-0.003515
0.010109
0.015599
0.017562
0.026349
0.036284
0.051921
0.073830
0.092726
0.103803
0.113910
0.122292
0.130529
0.151141
0.186001
0.220480
0.243890
0.263067
0.271028
0.251985
0.205147
0.117621
0.005627
-0.092611
-0.161458
-0.199859
-0.207299
-0.185565
-0.136532
-0.092766
-0.050879
-0.015897
0.007083
0.025514
0.035788
0.037523
0.024246
0.000041
-0.024058
-0.049281
-0.067208
-0.071155
-0.066087
-0.052211
-0.033544
-0.010806
0.004257
0.010843
0.014279
0.008045
-0.003919
-0.020051
-0.039748
-0.061597
-0.082654
-0.099664
-0.110077
-0.114075
-0.112269
-0.106107
-0.100997
-0.095899
-0.091248
-0.085327
-0.076199
-0.056732
-0.036288
-0.019850
-0.006982
0.003222
0.007456
0.008996
0.019875
0.035212
0.054058
0.078029
0.098173
0.109178
0.114265
0.120251
0.129360
0.147776
0.178068
0.216131
0.240506
0.259415
0.269839
0.262711
0.234035
0.163234
0.053531
-0.058216
-0.143233
-0.201522
-0.219847
-0.202117
-0.154166
-0.103666
-0.060432
-0.021738
-0.004515
0.009643
0.022698
0.032011
0.028211
0.015209
-0.006207
-0.034310
-0.061566
-0.071470
-0.070404
-0.058377
-0.034706
-0.009903
0.007285
0.013193
0.014583
0.007186
-0.006946
-0.018258
-0.033812
-0.053436
-0.074048
-0.091199
-0.107403
-0.115600
-0.116213
-0.110265
-0.104817
-0.098650
-0.091585
-0.087110
-0.078387
-0.061610
-0.043181
-0.028128
-0.013569
-0.000807
0.004462
0.008232
0.019783
0.035087
0.053983
0.078106
0.096816
0.104025
0.109639
0.117441
0.126620
0.146569
0.174332
0.209956
0.239371
0.260316
0.271970
0.266571
0.243813
0.183664
0.078648
-0.028596
-0.115417
-0.184708
-0.219031
-0.213492
-0.177396
-0.128336
-0.078951
-0.028894
-0.003072
0.016125
0.028803
0.033044
0.023130
0.010966
-0.005599
-0.026410
-0.049201
-0.059600
-0.065980
-0.063889
-0.047455
-0.025593
-0.005251
0.007697
0.016348
0.014871
-0.000118
-0.013277
-0.032760
-0.054498
-0.073103
-0.086559
-0.099343
-0.107544
-0.111776
-0.111338
-0.110785
-0.103478
-0.095321
-0.088143
-0.075841
-0.059109
-0.043042
-0.032608
-0.021634
-0.008393
0.000536
0.008643
0.019928
0.033684
0.044768
0.062011
0.080802
0.094633
0.106394
0.121447
0.132097
0.146747
0.164880
0.192824
0.222001
0.241814
0.261915
0.264761
0.251872
0.210788
0.118209
0.008870
-0.087498
-0.159970
-0.204082
-0.207320
-0.183622
-0.142498
-0.099073
-0.052963
-0.023355
-0.003783
0.017287
0.029514
0.028576
0.017291
0.000970
-0.025402
-0.049038
-0.062076
-0.065636
-0.063164
-0.047872
-0.027621
-0.010215
0.002053
0.008383
0.007857
-0.002740
-0.012852
-0.028404
-0.048319
-0.068399
-0.086159
-0.100529
-0.109716
-0.113275
-0.114000
-0.110169
-0.104745
-0.100622
-0.094752
-0.084706
-0.068630
-0.054359
-0.040909
-0.025990
-0.010923
0.000907
0.010922
0.022805
0.035989
0.048882
0.067995
0.084625
0.094633
0.103179
0.115768
0.128215
0.145707
0.171045
0.206950
0.231816
0.252339
0.262070
0.262215
0.252396
0.209444
0.120032
0.009407
-0.086372
-0.163941
-0.223001
-0.224916
-0.193576
-0.146264
-0.092318
-0.039194
-0.007949
-0.001200
0.009861
0.020711
0.013271
0.007290
0.000211
-0.019691
-0.043683
-0.062137
-0.067915
-0.074393
-0.060937
-0.033644
-0.011567
0.003451
0.013117
0.012756
-0.001774
-0.015191
-0.027379
-0.045450
-0.064376
-0.078626
-0.094168
-0.106127
-0.111721
-0.113916
-0.112585
-0.108233
-0.099542
-0.095819
-0.090951
-0.076875
-0.056164
-0.037153
-0.023566
-0.007554
0.001195
0.004140
0.009626
0.021634
0.034298
0.051403
0.075315
0.094100
0.101123
0.109806
0.116967
0.125936
0.145878
0.177222
0.216659
0.243462
0.266916
0.274987
0.263725
0.229446
0.144134
0.037797
-0.062661
-0.139053
-0.191167
-0.207349
-0.186570
-0.156468
-0.115011
-0.070726
-0.034728
-0.013935
0.010126
0.027055
0.029344
0.014663
0.002052
-0.023715
-0.048851
-0.062515
-0.063523
-0.061918
-0.053468
-0.034589
-0.020149
-0.009458
0.000949
0.007395
0.000972
-0.009387
-0.020481
-0.041103
-0.065630
-0.084560
-0.098485
-0.109082
-0.109993
-0.110105
-0.112307
-0.113605
-0.111006
-0.106381
-0.097403
-0.079000
-0.054677
-0.037711
-0.025979
-0.015049
-0.008202
-0.004607
0.003474
0.020267
0.037019
0.055898
0.076088
0.090044
0.098709
0.109187
0.121810
0.139437
0.159463
0.193501
0.223780
0.242048
0.258904
0.266711
0.262572
0.230710
0.148327
0.040017
-0.067668
-0.147785
-0.211966
-0.231257
-0.202955
-0.160970
-0.108680
-0.060953
-0.025059
-0.011812
-0.000335
0.016383
0.020186
0.011933
0.007146
-0.012945
-0.037316
-0.062556
-0.073376
-0.075058
-0.068040
-0.042726
-0.018531
-0.002517
0.005673
0.006181
-0.002780
-0.018285
-0.030299
-0.043701
-0.061328
-0.076620
-0.089662
-0.103870
-0.112013
-0.117299
-0.118415
-0.118445
-0.110619
-0.101104
-0.092112
-0.076535
-0.056571
-0.040845
-0.028262
-0.015882
-0.004260
0.001375
0.008740
0.021487
0.034664
0.051434
0.070939
0.087951
0.096296
0.105401
0.114924
0.128674
0.147387
0.178092
0.216239
0.241618
0.263220
0.272935
0.260361
0.231228
0.159781
0.059907
-0.042650
-0.122972
-0.176005
-0.207445
-0.193535
-0.164774
-0.122445
-0.079844
-0.038657
-0.014800
0.003938
0.017184
0.026097
0.012548
0.002022
-0.016843
-0.037152
-0.053886
-0.062566
-0.062818
-0.059132
-0.043623
-0.023806
-0.010674
0.000604
0.007800
0.005794
-0.006840
-0.020699
-0.038454
-0.058701
-0.077828
-0.089032
-0.098171
-0.103559
-0.107285
-0.109759
-0.114329
-0.115728
-0.110402
-0.102183
-0.087061
-0.061937
-0.040274
-0.027216
-0.018939
-0.010161
-0.006038
0.000491
0.014410
0.031235
0.047962
0.070490
0.088138
0.096009
0.102101
0.111752
0.121086
0.138927
0.164794
0.201281
0.229661
0.255002
0.267582
0.263902
0.240970
0.189171
0.095362
-0.005159
-0.090848
-0.150026
-0.196303
-0.199954
-0.180492
-0.147780
-0.108965
-0.065080
-0.030452
-0.009033
0.012683
0.026874
0.018294
0.002222
-0.013649
-0.034491
-0.052429
-0.060442
-0.057962
-0.056498
-0.046945
-0.030200
-0.017678
-0.007783
0.001163
0.006185
-0.001189
-0.012592
-0.027240
-0.048985
-0.071524
-0.086468
-0.096549
-0.103162
-0.105668
-0.107082
-0.112090
-0.116167
-0.109978
-0.103677
-0.092845
-0.071367
-0.046791
-0.032113
-0.023036
-0.012340
-0.006241
-0.001466
0.010394
0.027455
0.042605
0.059373
0.076060
0.087186
0.094140
0.107818
0.122382
0.139387
0.160162
0.189369
0.218798
0.238447
0.255491
0.263625
0.252619
0.223470
0.159267
0.061666
-0.034823
-0.112159
-0.160524
-0.190881
-0.179890
-0.156224
-0.121106
-0.086778
-0.050674
-0.028065
-0.008470
0.011684
0.023423
0.011721
-0.002293
-0.019222
-0.039803
-0.054941
-0.058196
-0.052935
-0.046581
-0.031987
-0.013237
-0.004289
0.002268
0.006132
0.004249
-0.004984
-0.016431
-0.030965
-0.051782
-0.071585
-0.085317
-0.093783
-0.099167
-0.098727
-0.100245
-0.104888
-0.107707
-0.105560
-0.099601
-0.086118
-0.061075
-0.035050
-0.014671
-0.005677
-0.001131
-0.002233
0.000284
0.013268
0.032165
0.052638
0.074360
0.089837
0.096746
0.099086
0.108789
0.123505
0.148391
0.177766
0.210636
0.233489
0.247300
0.257723
0.258373
0.243685
0.214934
0.146951
0.049610
-0.044538
-0.111387
-0.160216
-0.182894
-0.169707
-0.143919
-0.111429
-0.078454
-0.041421
-0.021697
-0.003193
0.014650
0.021110
0.008873
-0.004042
-0.020422
-0.035349
-0.047353
-0.044048
-0.039874
-0.035867
-0.022163
-0.009215
-0.001801
0.005072
0.009673
0.008646
-0.001281
-0.012294
-0.030508
-0.054194
-0.073724
-0.083060
-0.089191
-0.090208
-0.089925
-0.093253
-0.101147
-0.106980
-0.105516
-0.097750
-0.077416
-0.049057
-0.025586
-0.010022
-0.003637
-0.002340
-0.001063
0.004971
0.022895
0.044587
0.064848
0.084524
0.097838
0.104985
0.111895
0.123988
0.141376
0.161063
0.181139
0.203635
0.225034
0.244481
0.254820
0.258826
0.247707
0.212328
0.127614
0.032168
-0.057438
-0.121533
-0.165866
-0.174542
-0.162315
-0.143233
-0.114378
-0.082525
-0.051859
-0.025601
0.004476
0.026566
0.031640
0.017770
-0.003187
-0.031626
-0.050046
-0.058503
-0.053867
-0.044079
-0.031009
-0.017173
-0.008895
-0.004781
-0.000263
0.003077
0.002393
-0.002653
-0.015051
-0.035125
-0.060381
-0.080461
-0.092123
-0.098436
-0.096616
-0.093760
-0.094012
-0.098919
-0.104115
-0.107225
-0.102577
-0.084089
-0.054542
-0.029181
-0.014355
-0.006232
-0.003630
-0.005496
-0.002201
0.013305
0.032885
0.055199
0.078801
0.092959
0.096415
0.099800
0.108194
0.121676
0.143887
0.172291
0.202868
0.224389
0.239539
0.248461
0.244065
0.230173
0.200599
0.129714
0.039162
-0.050348
-0.111290
-0.165056
-0.186293
-0.173651
-0.153872
-0.121739
-0.086545
-0.050458
-0.028704
-0.008683
0.010049
0.011594
-0.002311
-0.011586
-0.030040
-0.044488
-0.053816
-0.052836
-0.050503
-0.045510
-0.031707
-0.019789
-0.011585
-0.002972
0.000353
-0.002530
-0.012618
-0.026263
-0.046140
-0.066925
-0.081027
-0.090148
-0.097671
-0.099949
-0.102421
-0.106377
-0.110626
-0.113696
-0.111741
-0.103908
-0.085259
-0.059956
-0.038741
-0.024587
-0.015686
-0.010285
-0.008251
-0.003000
0.008759
0.026357
0.043738
0.064461
0.082175
0.091657
0.099234
0.110111
0.125821
0.142790
0.165767
0.198669
0.223922
0.241416
0.257842
0.260370
0.248743
0.198727
0.105691
0.006144
-0.084710
-0.148104
-0.196369
-0.199946
-0.183141
-0.154089
-0.115768
-0.074031
-0.045072
-0.021674
0.001872
0.018717
0.012048
0.000445
-0.011136
-0.031662
-0.046571
-0.053008
-0.053750
-0.055297
-0.048660
-0.032811
-0.024038
-0.013729
-0.003014
0.002180
-0.004007
-0.012844
-0.027081
-0.050899
-0.072592
-0.085432
-0.095323
-0.104084
-0.105255
-0.105294
-0.110826
-0.115597
-0.113667
-0.110370
-0.101499
-0.082702
-0.057653
-0.038167
-0.024152
-0.011666
-0.006595
-0.005658
-0.001123
0.010626
0.024092
0.040188
0.058483
0.074730
0.085724
0.096730
0.107115
0.123881
0.144420
0.170487
0.201569
0.221430
0.238989
0.251126
0.249498
0.232937
0.187869
0.099744
-0.004319
-0.089854
-0.152223
-0.199757
-0.203994
-0.181258
-0.145467
-0.109634
-0.066051
-0.034614
-0.016070
0.002522
0.017275
0.011806
0.000811
-0.010107
-0.027107
-0.046757
-0.057422
-0.058854
-0.061086
-0.052207
-0.033138
-0.016330
-0.005654
0.004040
0.009464
0.000271
-0.011502
-0.025977
-0.046909
-0.067481
-0.082216
-0.092027
-0.100829
-0.103362
-0.102043
-0.105209
-0.109511
-0.107147
-0.104797
-0.095614
-0.076477
-0.051974
-0.033241
-0.021314
-0.011294
-0.007028
-0.004730
0.001524
0.012876
0.027195
0.042514
0.060384
0.073888
0.082842
0.093887
0.107266
0.123981
0.140119
0.153719
0.186226
0.209995
0.231447
0.246218
0.250795
0.235924
0.197046
0.116870
0.015352
-0.076801
-0.131599
-0.166807
-0.176463
-0.166301
-0.140787
-0.113452
-0.086235
-0.051286
-0.023347
0.005219
0.028549
0.035142
0.017869
-0.008992
-0.032862
-0.049075
-0.059054
-0.053054
-0.044286
-0.035253
-0.026260
-0.018183
-0.011959
-0.007881
0.001120
0.005770
0.001647
-0.009272
-0.031395
-0.058312
-0.082818
-0.095758
-0.099956
-0.098155
-0.092710
-0.092254
-0.098194
-0.101914
-0.103580
-0.095247
-0.078127
-0.052336
-0.028967
-0.015209
-0.008693
-0.006892
-0.006063
-0.000480
0.013821
0.033987
0.051727
0.068188
0.082449
0.088479
0.096169
0.110375
0.130952
0.155931
0.173121
0.197788
0.220799
0.231837
0.244165
0.254430
0.245598
0.204895
0.118916
0.015008
-0.082137
-0.153050
-0.188911
-0.191714
-0.173799
-0.133671
-0.096046
-0.060040
-0.033968
-0.008132
0.016425
0.033850
0.039896
0.031228
0.007706
-0.020041
-0.044034
-0.060495
-0.063923
-0.057928
-0.041458
-0.025036
-0.009074
0.002067
0.007359
0.011370
0.009250
0.004723
-0.006687
-0.028252
-0.051990
-0.075808
-0.091028
-0.099554
-0.101178
-0.096225
-0.094397
-0.095892
-0.095603
-0.094201
-0.085761
-0.071774
-0.049124
-0.027078
-0.013418
-0.004059
0.000841
0.002873
0.006095
0.014826
0.031813
0.048868
0.067242
0.080719
0.089509
0.097574
0.109419
0.127458
0.155121
0.177452
0.202267
0.224727
0.239437
0.246952
0.245165
0.233438
0.191358
0.103465
-0.000018
-0.086168
-0.149138
-0.183173
-0.176111
-0.151716
-0.118159
-0.085363
-0.054672
-0.032616
-0.016017
0.010724
0.031532
0.034721
0.026199
0.006748
-0.022909
-0.047652
-0.061116
-0.061213
-0.056570
-0.039665
-0.021340
-0.008008
0.000117
0.005059
0.009783
0.007367
0.003503
-0.007292
-0.028347
-0.051661
-0.075080
-0.091273
-0.100367
-0.100480
-0.095034
-0.090645
-0.091568
-0.091670
-0.092789
-0.087214
-0.075551
-0.053399
-0.029528
-0.013979
-0.004124
-0.000782
-0.001547
-0.001677
0.005826
0.021584
0.038319
0.057685
0.073331
0.080385
0.085742
0.097986
0.118192
0.143718
0.163185
0.188293
0.210528
0.221729
0.227994
0.236741
0.226872
0.193788
0.128402
0.035119
-0.062210
-0.130657
-0.161447
-0.168233
-0.157689
-0.127603
-0.095222
-0.075679
-0.052655
-0.029294
-0.005134
0.014113
0.029402
0.025073
0.002424
-0.025898
-0.046688
-0.063810
-0.066270
-0.055566
-0.039476
-0.026187
-0.013552
-0.006289
-0.004466
-0.003847
-0.002538
-0.004229
-0.013484
-0.029295
-0.050472
-0.076242
-0.093859
-0.103420
-0.104601
-0.101026
-0.095022
-0.096566
-0.101209
-0.102470
-0.098877
-0.088396
-0.064489
-0.040535
-0.021134
-0.009076
-0.004345
-0.003888
-0.004450
0.001701
0.016431
0.034594
0.055592
0.070575
0.082563
0.091070
0.102758
0.119629
0.145465
0.163917
0.180775
0.197460
0.210488
0.219497
0.225795
0.223079
0.201294
0.131855
0.037049
-0.057995
-0.125869
-0.168487
-0.177224
-0.157240
-0.130089
-0.103699
-0.081266
-0.060668
-0.043003
-0.017311
0.010194
0.027628
0.022732
0.007728
-0.021936
-0.048527
-0.064813
-0.064567
-0.053771
-0.040775
-0.024327
-0.014330
