0.180420
0.211700
0.152008
0.055725
-0.006409
-0.006897
0.023895
0.044464
0.040039
0.051300
0.070831
0.070343
0.029266
-0.013763
-0.043091
-0.027466
0.000397
0.002838
-0.022583
-0.037750
-0.031830
-0.003967
0.022430
0.017029
0.003815
-0.001038
-0.009827
-0.020599
-0.039703
-0.058807
-0.074371
-0.079803
-0.071960
-0.082245
-0.082245
-0.089600
-0.093018
-0.106201
-0.091553
0.003326
0.154999
0.227356
0.190155
0.087433
0.000000
-0.004944
0.024384
0.044464
0.042450
0.044952
0.065399
0.084045
0.048859
-0.001526
-0.036285
-0.028442
0.002838
0.016052
-0.010773
-0.032318
-0.032318
-0.010315
0.020905
0.017517
0.008698
0.004303
0.000397
-0.009338
-0.027954
-0.050964
-0.070496
-0.079376
-0.076385
-0.075897
-0.093079
-0.083252
-0.094513
-0.101837
-0.091553
-0.033844
0.104584
0.207733
0.197937
0.117310
0.025848
-0.013275
0.007721
0.032654
0.043915
0.040527
0.053711
0.074707
0.056213
0.009186
-0.026978
-0.040192
-0.015228
0.003326
-0.007874
-0.031342
-0.030396
-0.019135
0.006256
0.016541
0.002838
-0.003479
-0.006409
-0.011810
-0.024536
-0.045105
-0.067078
-0.077362
-0.082245
-0.073395
-0.086121
-0.085632
-0.093018
-0.100372
-0.095917
-0.062622
0.071808
0.201416
0.218048
0.143738
0.047394
-0.008850
0.001862
0.031189
0.043427
0.041504
0.057190
0.080627
0.070831
0.020905
-0.021545
-0.036774
-0.014252
0.009674
0.006256
-0.024048
-0.037262
-0.021057
0.003815
0.021393
0.008698
0.000885
0.001373
-0.005432
-0.020111
-0.040192
-0.056366
-0.066040
-0.070496
-0.075836
-0.084656
-0.088623
-0.093475
-0.094452
-0.109619
-0.087585
0.014099
0.171112
0.232269
0.178955
0.072754
-0.008850
-0.015228
0.018005
0.044464
0.042450
0.044464
0.062469
0.075684
0.043915
-0.001526
-0.032318
-0.030396
-0.001526
0.012634
-0.012787
-0.033844
-0.030396
-0.012299
0.017029
0.019958
-0.001038
-0.005432
-0.006897
-0.010315
-0.023071
-0.045593
-0.062225
-0.078400
-0.078888
-0.076324
-0.087097
-0.096405
-0.094452
-0.093964
-0.109131
-0.043091
0.103149
0.213654
0.217072
0.122253
0.017029
-0.017181
0.001862
0.033203
0.045441
0.038086
0.053711
0.074219
0.061584
0.015564
-0.026489
-0.034821
-0.008850
0.011658
0.007233
-0.017670
-0.027466
-0.016205
0.005768
0.014587
0.003326
0.000000
0.003815
0.000397
-0.009827
-0.033356
-0.055389
-0.073883
-0.081268
-0.078339
-0.082733
-0.087097
-0.100372
-0.096405
-0.112122
-0.091553
0.043915
0.191620
0.232758
0.161316
0.045929
-0.023560
-0.013763
0.023895
0.041962
0.037598
0.043915
0.067413
0.072296
0.034180
-0.013763
-0.042114
-0.026489
0.002350
0.008209
-0.012787
-0.035309
-0.030884
-0.002991
0.012634
0.003815
-0.000549
0.000885
0.004303
-0.001038
-0.025513
-0.054840
-0.072906
-0.079315
-0.075836
-0.074371
-0.078827
-0.088623
-0.097382
-0.106689
-0.088623
-0.001038
0.152008
0.239075
0.196991
0.093811
0.000397
-0.020111
0.012146
0.039063
0.039551
0.043915
0.060120
0.075195
0.050812
-0.001526
-0.033356
-0.032318
-0.004944
0.015564
-0.001526
-0.024048
-0.024048
-0.009827
0.013123
0.014099
0.000885
0.000397
0.001373
-0.003479
-0.015717
-0.040192
-0.067078
-0.083191
-0.089600
-0.081268
-0.084656
-0.091553
-0.089111
-0.096954
-0.102875
-0.061249
0.084015
0.214630
0.225891
0.129486
0.016052
-0.029419
0.000885
0.037598
0.042450
0.032654
0.044952
0.068390
0.062958
0.017517
-0.025024
-0.037750
-0.017181
0.011658
0.006256
-0.024536
-0.032806
-0.017670
0.008209
0.015564
0.000397
-0.005432
-0.004944
-0.001526
-0.008850
-0.026978
-0.050964
-0.072449
-0.087097
-0.082733
-0.080780
-0.089600
-0.093475
-0.094940
-0.101349
-0.078827
0.019470
0.164734
0.237640
0.180420
0.069366
-0.011810
-0.019623
0.018494
0.042938
0.047394
0.050812
0.066925
0.075684
0.047882
-0.003967
-0.031830
-0.028931
-0.001526
0.017517
-0.002991
-0.025513
-0.024536
-0.006897
0.016541
0.013123
0.000885
-0.000000
-0.000549
0.002350
-0.012787
-0.040680
-0.062622
-0.082733
-0.083679
-0.080780
-0.091553
-0.096893
-0.095917
-0.101349
-0.093964
-0.028931
0.111969
0.219482
0.204834
0.102173
0.003815
-0.024536
0.005768
0.041016
0.043915
0.042450
0.056213
0.068878
0.055725
0.006256
-0.035309
-0.041168
-0.013275
0.012146
0.000397
-0.027954
-0.030884
-0.009827
0.011658
0.011658
-0.002502
-0.008362
-0.001038
0.000397
-0.013763
-0.035309
-0.058807
-0.076324
-0.087097
-0.083191
-0.091553
-0.102814
-0.092041
-0.096405
-0.102814
-0.073883
0.063446
0.198486
0.229279
0.149078
0.041962
-0.017670
-0.006897
0.028290
0.047882
0.045929
0.052246
0.071320
0.070831
0.026825
-0.018646
-0.036774
-0.019623
0.010620
0.017029
-0.009338
-0.029419
-0.021545
0.001862
0.017517
0.008209
0.001862
-0.000549
0.001862
-0.003479
-0.022583
-0.049988
-0.075836
-0.090088
-0.083191
-0.082733
-0.095428
-0.100372
-0.094940
-0.095428
-0.089111
-0.002014
0.142212
0.222473
0.183838
0.083527
-0.002014
-0.017670
0.013123
0.042450
0.047394
0.047882
0.062469
0.066437
0.040527
0.000000
-0.031830
-0.030396
-0.001526
0.014099
-0.001038
-0.025513
-0.029907
-0.012787
0.009674
0.010620
0.002350
-0.002502
0.001862
0.000397
-0.015717
-0.039215
-0.068054
-0.083679
-0.082245
-0.077850
-0.086609
-0.095917
-0.093018
-0.088074
-0.087585
-0.048035
0.067413
0.193085
0.206299
0.134430
0.040039
-0.016205
-0.001526
0.038086
0.051300
0.049347
0.054199
0.064911
0.058167
0.018982
-0.016205
-0.033356
-0.015228
0.013123
0.016052
-0.012299
-0.023560
-0.018158
0.002838
0.013123
0.003326
-0.002502
-0.002991
-0.000549
-0.011322
-0.030884
-0.056366
-0.079803
-0.091064
-0.083679
-0.092041
-0.097870
-0.090088
-0.096893
-0.100861
-0.079315
0.034668
0.170135
0.217560
0.163757
0.060120
-0.008850
-0.004456
0.022919
0.039551
0.039063
0.048370
0.068878
0.066437
0.033203
-0.011322
-0.035309
-0.022583
0.005768
0.014099
-0.008362
-0.023560
-0.020111
-0.002502
0.008209
0.002838
0.000397
0.004303
0.004303
-0.007874
-0.028931
-0.053375
-0.071472
-0.084656
-0.083191
-0.084167
-0.091553
-0.094452
-0.091553
-0.097870
-0.104248
-0.027466
0.133453
0.230255
0.197937
0.089447
-0.004944
-0.022583
0.013123
0.047882
0.052246
0.048859
0.064911
0.077209
0.052734
0.007721
-0.030884
-0.027954
0.002350
0.024384
0.005280
-0.024048
-0.025513
-0.006409
0.015564
0.016052
0.003326
-0.000549
-0.000000
-0.002991
-0.018646
-0.039215
-0.064087
-0.082245
-0.086609
-0.083679
-0.094452
-0.100861
-0.080780
-0.093964
-0.100372
-0.052887
0.070343
0.196014
0.211700
0.130463
0.029755
-0.017670
0.000397
0.036133
0.047882
0.044464
0.052734
0.068390
0.057678
0.018005
-0.030396
-0.040192
-0.017670
0.013611
0.013123
-0.018646
-0.033356
-0.022034
0.002838
0.016052
0.003326
-0.003967
-0.004456
-0.005432
-0.015717
-0.034821
-0.062622
-0.077362
-0.082245
-0.083679
-0.093964
-0.097870
-0.091553
-0.094940
-0.089600
-0.068054
0.042938
0.182861
0.223938
0.158386
0.046906
-0.019623
-0.009827
0.029266
0.056213
0.051300
0.049347
0.068878
0.074219
0.036621
-0.014252
-0.043579
-0.025513
0.010162
0.019470
-0.006897
-0.026978
-0.021545
0.003326
0.021881
0.012634
0.000885
-0.004944
-0.004944
-0.012299
-0.027954
-0.053375
-0.072449
-0.077362
-0.076874
-0.080841
-0.092102
-0.087646
-0.095978
-0.092102
-0.090637
-0.016693
0.132538
0.220093
0.183899
0.088531
-0.002991
-0.013763
0.016541
0.044952
0.047394
0.043427
0.058655
0.072357
0.045441
-0.002991
-0.034821
-0.029419
0.002838
0.021393
-0.000000
-0.032806
-0.031830
-0.006409
0.017029
0.016541
0.004303
-0.005920
-0.007874
-0.011322
-0.022034
-0.042603
-0.067139
-0.082794
-0.084229
-0.083679
-0.097870
-0.094452
-0.091064
-0.102814
-0.099396
-0.035309
0.111969
0.214142
0.199951
0.110504
0.007721
-0.019135
0.011658
0.042450
0.044464
0.040527
0.052734
0.081604
0.066437
0.017517
-0.028931
-0.038239
-0.008362
0.023895
0.007233
-0.026001
-0.033356
-0.009338
0.019958
0.024384
0.006744
-0.007385
-0.009827
-0.009338
-0.020599
-0.045105
-0.065063
-0.076813
-0.076324
-0.072906
-0.080292
-0.086609
-0.088623
-0.097382
-0.106201
-0.082733
0.035156
0.179443
0.223450
0.151031
0.043427
-0.019623
-0.004944
0.030731
0.046906
0.040039
0.041504
0.065399
0.070831
0.033691
-0.012787
-0.038727
-0.018158
0.016052
0.019958
-0.012299
-0.037750
-0.024536
0.009186
0.025848
0.011169
-0.007385
-0.008362
-0.003967
-0.013275
-0.028931
-0.050476
-0.068054
-0.073395
-0.074860
-0.077911
-0.094025
-0.100922
-0.091125
-0.095001
-0.091064
-0.003479
0.134918
0.220520
0.185791
0.086945
-0.002014
-0.013275
0.019470
0.042938
0.042450
0.046906
0.065887
0.087433
0.061584
0.006744
-0.029907
-0.029419
0.006744
0.022430
-0.000000
-0.029419
-0.029907
0.000000
0.020447
0.013611
-0.002502
-0.007874
-0.003967
-0.007874
-0.024536
-0.050964
-0.073883
-0.087097
-0.082245
-0.073883
-0.092529
-0.093475
-0.100861
-0.108643
-0.111145
-0.060760
0.085480
0.204346
0.213654
0.123718
0.014099
-0.023560
0.001862
0.038086
0.048859
0.042450
0.053223
0.077698
0.065399
0.018982
-0.025513
-0.038239
-0.010315
0.015564
0.007233
-0.024048
-0.035797
-0.016205
0.011658
0.019958
0.007233
-0.002502
-0.005920
-0.003967
-0.010773
-0.034332
-0.059296
-0.080780
-0.080780
-0.072906
-0.081268
-0.096893
-0.096405
-0.097870
-0.099396
-0.078827
0.028290
0.179932
0.228333
0.168182
0.058167
-0.023560
-0.015228
0.025360
0.047394
0.043915
0.050323
0.069855
0.080139
0.041962
-0.006409
-0.033844
-0.021545
0.013611
0.018494
-0.011810
-0.032318
-0.023071
0.009186
0.025360
0.012146
-0.002991
-0.006409
-0.005920
-0.007874
-0.025024
-0.051453
-0.075348
-0.080292
-0.072906
-0.071960
-0.083679
-0.087585
-0.093018
-0.107666
-0.097870
-0.029419
0.114868
0.213654
0.192108
0.103149
0.009186
-0.013275
0.015076
0.037598
0.039063
0.039551
0.053223
0.071320
0.056213
0.011169
-0.026001
-0.030396
-0.008362
0.017029
0.001862
-0.025024
-0.032806
-0.011810
0.015076
0.015564
-0.001526
-0.011810
-0.013275
-0.010315
-0.015717
-0.036285
-0.063110
-0.081268
-0.087585
-0.079315
-0.088623
-0.099884
-0.096405
-0.094452
-0.109619
-0.084167
0.053711
0.194550
0.227844
0.151062
0.041962
-0.019135
-0.003479
0.033203
0.044952
0.040039
0.052246
0.075684
0.081604
0.038086
-0.010773
-0.033356
-0.013275
0.018982
0.016541
-0.015717
-0.033844
-0.019135
0.014587
0.025848
0.011169
-0.004456
-0.006409
-0.004456
-0.008362
-0.028931
-0.054840
-0.075897
-0.089661
-0.081818
-0.087646
-0.092590
-0.090149
-0.101410
-0.100922
-0.087646
-0.001038
0.151581
0.224060
0.180481
0.084076
-0.000000
-0.013275
0.019958
0.041962
0.041016
0.047394
0.063019
0.076233
0.049347
0.000397
-0.031830
-0.030396
-0.004944
0.015076
-0.002991
-0.026978
-0.028931
-0.004456
0.018005
0.018005
0.001373
-0.006409
-0.006897
-0.008362
-0.019623
-0.042603
-0.071960
-0.082733
-0.083679
-0.079315
-0.092529
-0.095917
-0.090576
-0.094452
-0.094940
-0.050964
0.084503
0.200439
0.210236
0.124207
0.027313
-0.018158
0.005768
0.037109
0.045441
0.042450
0.052734
0.073242
0.067902
0.023895
-0.014740
-0.032806
-0.010773
0.019958
0.007233
-0.019135
-0.029419
-0.013275
0.018005
0.025848
0.008209
-0.008850
-0.009338
-0.004456
-0.012299
-0.032806
-0.060272
-0.078339
-0.087585
-0.089111
-0.092041
-0.099884
-0.098846
-0.091064
-0.096893
-0.087585
0.007233
0.152985
0.222473
0.166229
0.064423
-0.012299
-0.012299
0.020905
0.043427
0.040527
0.043915
0.059143
0.072754
0.044464
-0.001526
-0.033844
-0.023560
0.008209
0.016541
-0.002991
-0.026978
-0.026978
0.004791
0.023407
0.011169
-0.004456
-0.011810
-0.004456
-0.001526
-0.014740
-0.038727
-0.067627
-0.088684
-0.086670
-0.082733
-0.091064
-0.089600
-0.093964
-0.102325
-0.108154
-0.034332
0.115845
0.215607
0.202881
0.111511
0.014587
-0.010315
0.016052
0.040039
0.043427
0.045441
0.060608
0.076660
0.064423
0.018982
-0.020111
-0.028931
-0.002014
0.016541
0.007721
-0.017670
-0.031830
-0.019135
0.017029
0.023895
0.002838
-0.010315
-0.009827
-0.002991
-0.005920
-0.028442
-0.060272
-0.082733
-0.089111
-0.083679
-0.079803
-0.089111
-0.094452
-0.100372
-0.100372
-0.086609
0.002838
0.154999
0.221985
0.171112
0.067902
-0.007385
-0.015717
0.016541
0.040527
0.040527
0.042938
0.056213
0.067902
0.040527
-0.000000
-0.029907
-0.028442
0.001862
0.017029
-0.005920
-0.022034
-0.025513
-0.004456
0.011658
0.005768
-0.003479
-0.004944
-0.000000
0.001862
-0.013275
-0.045105
-0.071960
-0.092529
-0.090088
-0.083191
-0.088074
-0.094940
-0.105713
-0.101349
-0.093475
-0.032318
0.102661
0.211212
0.208710
0.119751
0.021881
-0.010773
0.006744
0.033691
0.045929
0.049347
0.062469
0.076172
0.062073
0.015564
-0.017181
-0.027466
-0.001038
0.021393
0.006256
-0.015717
-0.021057
-0.005432
0.019470
0.011658
-0.004456
-0.012787
-0.005432
0.004303
-0.004944
-0.030396
-0.062225
-0.086121
-0.093475
-0.084656
-0.092041
-0.089600
-0.089600
-0.101349
-0.103790
-0.080780
0.041016
0.176544
0.216095
0.154510
0.054688
-0.012787
-0.007385
0.023407
0.040039
0.044952
0.048859
0.063995
0.070404
0.033203
-0.006897
-0.030884
-0.020599
0.011658
0.016541
-0.005432
-0.022583
-0.021545
0.004303
0.018005
0.000885
-0.011322
-0.008362
0.000885
-0.001526
-0.021545
-0.050964
-0.078339
-0.093964
-0.094940
-0.092529
-0.094452
-0.095428
-0.093964
-0.097382
-0.095428
-0.019623
0.117798
0.214630
0.190643
0.100708
0.011658
-0.012787
0.013123
0.042938
0.050812
0.049347
0.057190
0.071320
0.051788
0.010162
-0.021545
-0.024048
0.001862
0.020905
0.007233
-0.018646
-0.023560
-0.003479
0.019470
0.012146
-0.007874
-0.013275
-0.004456
0.001373
-0.007874
-0.037750
-0.067139
-0.093536
-0.103851
-0.095001
-0.094513
-0.093079
-0.100922
-0.101410
-0.095490
-0.056854
0.067963
0.196136
0.214264
0.136414
0.037109
-0.009827
0.002350
0.033203
0.049835
0.046417
0.049347
0.064911
0.066925
0.027802
-0.015228
-0.034332
-0.014252
0.011658
0.012146
-0.013275
-0.029419
-0.016693
0.012634
0.019470
-0.001038
-0.014252
-0.012299
-0.002502
-0.000549
-0.022034
-0.052399
-0.078339
-0.085632
-0.079315
-0.091553
-0.097870
-0.096405
-0.093475
-0.101349
-0.081268
0.029266
0.162781
0.223938
0.175995
0.074707
-0.002502
-0.007874
0.021881
0.042450
0.044952
0.051788
0.062958
0.073242
0.045929
0.000000
-0.029419
-0.024536
0.005280
0.020447
-0.001526
-0.026978
-0.029419
-0.003479
0.019958
0.006744
-0.010773
-0.013275
-0.006409
-0.003479
-0.019135
-0.047546
-0.074371
-0.090088
-0.090576
-0.089111
-0.096893
-0.095917
-0.094940
-0.095428
-0.099884
-0.047546
0.094299
0.196503
0.198486
0.116333
0.021881
-0.018158
-0.002502
0.034180
0.047882
0.049347
0.057678
0.072296
0.056213
0.014099
-0.020599
-0.028931
-0.004456
0.017029
0.008209
-0.017181
-0.025513
-0.009338
0.017517
0.013123
-0.002014
-0.007874
-0.006409
0.000000
-0.005920
-0.030396
-0.059296
-0.085144
-0.090576
-0.077362
-0.090576
-0.090088
-0.097870
-0.105225
-0.097870
-0.061737
0.062958
0.188690
0.210724
0.143250
0.049347
-0.004944
0.001373
0.029755
0.049835
0.057678
0.061584
0.077698
0.072754
0.028290
-0.007874
-0.025513
-0.007874
0.014587
0.010620
-0.010773
-0.026978
-0.020599
0.011169
0.020447
0.001862
-0.009827
-0.012299
-0.009338
-0.013275
-0.029907
-0.055878
-0.082245
-0.091553
-0.085632
-0.095917
-0.099884
-0.100372
-0.093018
-0.086609
-0.090088
-0.008850
0.128510
0.207275
0.175995
0.082092
-0.003479
-0.015228
0.015564
0.045929
0.050323
0.046417
0.052734
0.067902
0.048370
0.006744
-0.028931
-0.029907
0.003326
0.019958
0.000000
-0.018158
-0.027466
-0.002991
0.019958
0.008209
-0.007385
-0.017670
-0.011322
-0.004944
-0.014252
-0.042114
-0.069031
-0.088623
-0.082733
-0.081268
-0.090576
-0.091064
-0.103302
-0.094452
-0.082733
-0.040680
0.096252
0.206787
0.201904
0.126556
0.027313
-0.012299
0.004303
0.039063
0.056702
0.057678
0.061584
0.073730
0.059631
0.016541
-0.016205
-0.029907
-0.003479
0.020905
0.011658
-0.015228
-0.027466
-0.014252
0.017517
0.014587
-0.003967
-0.013763
-0.013763
-0.008850
-0.015228
-0.038239
-0.063110
-0.082733
-0.087097
-0.083191
-0.091064
-0.091064
-0.092529
-0.102325
-0.091064
-0.073883
0.039063
0.185852
0.213776
0.144287
0.044464
-0.020111
-0.004456
0.030731
0.049835
0.049347
0.049347
0.067902
0.072754
0.031677
-0.008850
-0.034332
-0.018646
0.017029
0.019958
-0.009827
-0.028442
-0.026489
0.007233
0.027802
0.006744
-0.012299
-0.016693
-0.012299
-0.014252
-0.027954
-0.058807
-0.079803
-0.090088
-0.075836
-0.078827
-0.098846
-0.105225
-0.110657
-0.097382
-0.079315
0.015564
0.151520
0.220520
0.170135
0.077209
-0.002502
-0.012787
0.019470
0.045929
0.054688
0.061584
0.072296
0.081116
0.050812
0.001373
-0.029419
-0.025513
0.003815
0.019958
-0.003967
-0.028442
-0.026978
-0.003967
0.022430
0.013611
-0.007385
-0.016693
-0.011810
-0.011810
-0.024536
-0.052399
-0.073883
-0.081268
-0.075836
-0.070496
-0.085144
-0.087585
-0.092529
-0.104248
-0.099396
-0.053864
0.088959
0.205322
0.198486
0.117310
0.022430
-0.012299
0.007721
0.041016
0.046417
0.046417
0.054688
0.075195
0.065399
0.015076
-0.024536
-0.032318
-0.004944
0.022430
0.010162
-0.022034
-0.031342
-0.019623
0.007233
0.016052
-0.005432
-0.016693
-0.012299
-0.006409
-0.005920
-0.031830
-0.063599
-0.078339
-0.078827
-0.066589
-0.079803
-0.090088
-0.105225
-0.107666
-0.093475
-0.072449
0.042450
0.171600
0.210236
0.152985
0.057678
-0.002502
0.002350
0.027802
0.049835
0.053223
0.055725
0.070343
0.076172
0.036133
-0.003479
-0.024536
-0.012299
0.011169
0.008209
-0.012299
-0.026001
-0.020111
0.004791
0.018982
0.002350
-0.011810
-0.015228
-0.009827
-0.014252
-0.026978
-0.056854
-0.079315
-0.088074
-0.084656
-0.085144
-0.101349
-0.098846
-0.101349
-0.100372
-0.104248
-0.019623
0.131439
0.223938
0.191132
0.084991
-0.004944
-0.016205
0.018005
0.046417
0.042938
0.046417
0.061584
0.085968
0.065887
0.009186
-0.029419
-0.029907
0.003815
0.021393
0.003815
-0.025024
-0.032318
-0.009827
0.020447
0.017029
-0.002014
-0.014740
-0.010773
-0.006409
-0.016205
-0.047058
-0.074371
-0.086609
-0.083191
-0.072906
-0.087097
-0.094940
-0.098358
-0.103790
-0.088074
-0.048523
0.085968
0.204346
0.211212
0.133453
0.031189
-0.015228
0.000000
0.032654
0.049347
0.056213
0.058167
0.074219
0.067413
0.026337
-0.010315
-0.028442
-0.010773
0.015076
0.005280
-0.016205
-0.028931
-0.017181
0.010620
0.018005
0.001373
-0.010773
-0.016693
-0.015228
-0.022034
-0.040192
-0.065063
-0.077362
-0.083191
-0.077850
-0.093018
-0.095428
-0.091064
-0.107666
-0.101837
-0.079803
0.043915
0.184326
0.222473
0.150055
0.045441
-0.019623
-0.006897
0.029266
0.046417
0.047394
0.054199
0.071320
0.076660
0.034180
-0.011322
-0.035797
-0.022034
0.015076
0.017517
-0.013763
-0.036774
-0.035309
-0.000549
0.025360
0.011169
-0.003967
-0.012299
-0.014252
-0.014740
-0.030884
-0.057343
-0.076813
-0.080780
-0.069031
-0.077362
-0.098846
-0.095917
-0.091553
-0.094452
-0.101837
-0.008850
0.150543
0.230255
0.197449
0.081116
-0.009827
-0.015717
0.020905
0.050323
0.053223
0.051300
0.069366
0.085968
0.058655
0.006256
-0.031342
-0.027466
0.007233
0.022430
0.001862
-0.029419
-0.040192
-0.010773
0.018982
0.018494
0.001862
-0.011810
-0.016205
-0.019135
-0.035309
-0.052887
-0.068054
-0.085632
-0.081757
-0.079803
-0.091064
-0.091064
-0.098846
-0.094940
-0.101837
-0.041168
0.111481
0.211212
0.200928
0.112457
0.013123
-0.021545
0.005768
0.040527
0.051300
0.048859
0.059631
0.082092
0.072296
0.018982
-0.025024
-0.038239
-0.001038
0.026337
0.009674
-0.021057
-0.038239
-0.023560
0.014099
0.020905
0.003815
-0.008362
-0.013763
-0.010773
-0.021545
-0.047546
-0.069031
-0.081268
-0.082245
-0.074371
-0.091064
-0.089600
-0.089600
-0.096405
-0.099396
-0.069031
0.065887
0.195038
0.222961
0.143738
0.031189
-0.025024
-0.001526
0.037109
0.055725
0.052734
0.057678
0.076172
0.077698
0.034668
-0.012299
-0.037750
-0.018646
0.018005
0.014099
-0.017670
-0.037262
-0.030396
0.002838
0.023407
0.011658
-0.003479
-0.014252
-0.019623
-0.024048
-0.039215
-0.057831
-0.076324
-0.083679
-0.079315
-0.074860
-0.089600
-0.088074
-0.100861
-0.099884
-0.095428
-0.008850
0.152008
0.224426
0.180908
0.077698
-0.009338
-0.014252
0.018494
0.042938
0.049347
0.044464
0.065887
0.080627
0.050812
0.000000
-0.029419
-0.026001
0.011169
0.021881
-0.004456
-0.032806
-0.040680
-0.013275
0.015076
0.010620
0.001862
-0.007385
-0.011322
-0.011322
-0.027954
-0.049500
-0.070496
-0.082733
-0.080292
-0.075836
-0.088074
-0.079803
-0.084656
-0.093964
-0.092041
-0.035797
0.113434
0.211212
0.202881
0.113922
0.015564
-0.013275
0.007721
0.038574
0.048370
0.052246
0.064911
0.083069
0.065399
0.014099
-0.022583
-0.031342
-0.002502
0.022430
0.006744
-0.022034
-0.034332
-0.024048
0.006256
0.013123
-0.000000
-0.007874
-0.015717
-0.021545
-0.031830
-0.049500
-0.067566
-0.082245
-0.087158
-0.080353
-0.093079
-0.092102
-0.093964
-0.098358
-0.097382
-0.052399
0.078186
0.197449
0.214630
0.131439
0.024384
-0.023071
0.003326
0.036133
0.046417
0.041504
0.051300
0.071808
0.074219
0.027313
-0.018646
-0.034821
-0.010773
0.020905
0.014099
-0.023071
-0.041626
-0.027466
0.002838
0.018982
0.005280
-0.005920
-0.006409
-0.012787
-0.024048
-0.043579
-0.062225
-0.077362
-0.082733
-0.080780
-0.082245
-0.084686
-0.084167
-0.088074
-0.106689
-0.079315
0.036133
0.182861
0.226868
0.162292
0.053711
-0.008850
-0.000000
0.029266
0.048859
0.047394
0.056213
0.078735
0.087006
0.043427
-0.004456
-0.033356
-0.019135
0.014587
0.021393
-0.009338
-0.036285
-0.038727
-0.009338
0.016052
0.011169
-0.003479
-0.012299
-0.017670
-0.025513
-0.042603
-0.058807
-0.071472
-0.079803
-0.077362
-0.081268
-0.090088
-0.080780
-0.095428
-0.100861
-0.094452
-0.016205
0.133453
0.217072
0.192596
0.089447
0.001862
-0.013275
0.018005
0.043427
0.049835
0.049835
0.062958
0.080627
0.056213
0.009674
-0.025024
-0.024048
0.008698
0.025360
-0.001526
-0.030884
-0.041168
-0.018646
0.009674
0.013123
0.001862
-0.007874
-0.012787
-0.017181
-0.029419
-0.049500
-0.069519
-0.084656
-0.080292
-0.084167
-0.091553
-0.088623
-0.089111
-0.085632
-0.099884
-0.032806
0.099243
0.211700
0.212677
0.118286
0.013123
-0.019623
0.007721
0.042450
0.051300
0.050323
0.067413
0.084015
0.069855
0.018494
-0.025513
-0.032318
-0.005432
0.020905
0.006256
-0.025513
-0.040680
-0.025024
0.005280
0.012634
0.002350
-0.006409
-0.009827
-0.019135
-0.032806
-0.052887
-0.068054
-0.078339
-0.079315
-0.082245
-0.086121
-0.093475
-0.087097
-0.079803
-0.099396
-0.068542
0.047882
0.178955
0.217560
0.150055
0.043915
-0.012787
-0.003479
0.033203
0.047882
0.043427
0.051300
0.070343
0.075684
0.036621
-0.011322
-0.038239
-0.014740
0.017029
0.016541
-0.008850
-0.034332
-0.035797
-0.002502
0.014099
0.009186
-0.002014
-0.006409
-0.012787
-0.022583
-0.040192
-0.064087
-0.085632
-0.087097
-0.073883
-0.082245
-0.086121
-0.080780
-0.092529
-0.091064
-0.070984
0.041016
0.181885
0.222961
0.163757
0.057190
-0.016205
-0.009827
0.029266
0.048370
0.050323
0.054688
0.076172
0.084503
0.044952
-0.005432
-0.036774
-0.024048
0.013123
0.016052
-0.013275
-0.036774
-0.039703
-0.007385
0.021881
0.010620
-0.003479
-0.012299
-0.017181
-0.026978
-0.044617
-0.067139
-0.081329
-0.085693
-0.080841
-0.085693
-0.093536
-0.081329
-0.082306
-0.087158
-0.091614
0.002350
0.156006
0.222595
0.175568
0.066986
-0.014740
-0.019135
0.019470
0.043915
0.044952
0.048370
0.068451
0.085052
0.052246
-0.001038
-0.038727
-0.032318
0.005280
0.020447
-0.004944
-0.036774
-0.038727
-0.012787
0.014587
0.014099
0.000000
-0.006409
-0.011810
-0.021057
-0.036285
-0.056854
-0.073883
-0.077362
-0.074371
-0.083191
-0.093964
-0.087097
-0.082733
-0.081268
-0.079803
-0.005920
0.125092
0.213165
0.194061
0.102173
0.011658
-0.014252
0.009674
0.041962
0.051788
0.052246
0.068878
0.086945
0.070343
0.017029
-0.024048
-0.035797
-0.011810
0.016052
0.004303
-0.031342
-0.041626
-0.023560
0.007233
0.012634
0.000397
-0.006409
-0.014740
-0.026978
-0.039703
-0.061737
-0.080780
-0.083191
-0.074371
-0.076813
-0.092529
-0.093964
-0.076813
-0.080780
-0.094940
-0.038727
0.098206
0.213165
0.201416
0.117310
0.010162
-0.025513
0.002838
0.046417
0.049347
0.047394
0.057190
0.084991
0.077698
0.023407
-0.026489
-0.040192
-0.010315
0.021881
0.011169
-0.023560
-0.042114
-0.031830
-0.000000
0.011169
0.005280
-0.002991
-0.003967
-0.016693
-0.032806
-0.052399
-0.073883
-0.086121
-0.080780
-0.075348
-0.084167
-0.079315
-0.083679
-0.089600
-0.089111
-0.047058
0.089935
0.202393
0.216125
0.129486
0.024384
-0.020599
0.001862
0.038086
0.052734
0.047882
0.060120
0.082581
0.081604
0.034668
-0.018158
-0.035797
-0.014252
0.011658
0.006256
-0.023560
-0.042603
-0.029907
-0.000549
0.011658
0.006256
-0.000000
-0.006409
-0.016693
-0.030396
-0.051453
-0.074371
-0.086609
-0.081757
-0.069519
-0.079803
-0.088074
-0.086609
-0.096405
-0.100372
-0.065552
0.046906
0.176544
0.221497
0.155487
0.050323
-0.020599
-0.011810
0.025360
0.049347
0.042450
0.054688
0.074219
0.087433
0.046417
-0.009338
-0.035309
-0.020599
0.009674
0.021393
-0.007385
-0.040192
-0.037262
-0.007385
0.014587
0.013611
0.004791
-0.003967
-0.013763
-0.027466
-0.045593
-0.072449
-0.085632
-0.080780
-0.069031
-0.082733
-0.090088
-0.083679
-0.090576
-0.100372
-0.075348
0.038574
0.175995
0.226868
0.171112
0.063446
-0.007874
-0.006409
0.025848
0.047882
0.045929
0.050323
0.069366
0.088959
0.055725
-0.001526
-0.029907
-0.026978
0.002838
0.016052
-0.009338
-0.038727
-0.040192
-0.012787
0.009186
0.008698
0.001373
-0.005920
-0.010773
-0.026978
-0.050964
-0.076324
-0.087097
-0.086609
-0.075348
-0.087097
-0.094452
-0.084656
-0.081268
-0.083679
-0.084167
0.007721
0.145203
0.221985
0.181946
0.076233
-0.012787
-0.017670
0.017517
0.049835
0.048370
0.045441
0.059631
0.083069
0.064423
0.009674
-0.031830
-0.033844
0.000397
0.017517
0.000397
-0.026489
-0.035309
-0.013275
0.010620
0.009674
-0.000549
-0.005432
-0.004456
-0.017670
-0.038727
-0.063599
-0.074860
-0.076324
-0.077850
-0.079803
-0.094452
-0.083191
-0.079315
-0.088074
-0.083191
-0.004456
0.147125
0.219482
0.187714
0.091888
0.001373
-0.016693
0.015564
0.043427
0.048370
0.049347
0.065918
0.089447
0.068878
0.013123
-0.031830
-0.034332
-0.000549
0.014587
-0.003967
-0.032318
-0.044067
-0.022034
0.011658
0.010620
0.001862
0.000397
-0.002014
-0.020111
-0.046082
-0.070557
-0.080841
-0.082306
-0.074432
-0.082794
-0.108215
-0.100922
-0.089661
-0.092102
-0.092102
-0.008850
0.133026
0.220093
0.193695
0.098755
-0.002991
-0.026978
0.009186
0.047394
0.054688
0.046906
0.052734
0.075745
0.068939
0.022430
-0.022583
-0.037262
-0.007874
0.017029
-0.000549
-0.028931
-0.040680
-0.023071
0.010162
0.017517
0.009674
-0.000000
-0.004456
-0.014740
-0.038727
-0.067078
-0.091553
-0.093964
-0.084656
-0.086609
-0.091064
-0.098358
-0.094452
-0.093018
-0.077362
0.022919
0.150055
0.215118
0.188690
0.099731
0.008698
-0.010773
0.012634
0.046417
0.054199
0.056702
0.066925
0.082581
0.067413
0.018982
-0.023560
-0.031342
-0.003479
0.009186
-0.007385
-0.032806
-0.042114
-0.023071
0.007721
0.015076
0.013611
0.007233
-0.002014
-0.025513
-0.048035
-0.070496
-0.091064
-0.089600
-0.074371
-0.083679
-0.090088
-0.088623
-0.092041
-0.095428
-0.098846
-0.005432
0.125580
0.205322
0.188690
0.103638
0.011658
-0.009827
0.011658
0.039551
0.048370
0.049347
0.060120
0.085480
0.072754
0.024384
-0.019623
-0.034821
-0.010315
0.008209
-0.001038
-0.027954
-0.038727
-0.024536
0.000885
0.010620
0.006256
-0.001038
-0.003967
-0.012299
-0.031830
-0.062622
-0.089600
-0.095428
-0.078339
-0.070496
-0.078339
-0.088623
-0.093475
-0.095917
-0.096893
-0.031830
0.104584
0.213654
0.209747
0.126556
0.021881
-0.009827
0.008698
0.044464
0.056213
0.049835
0.050812
0.074219
0.073730
0.027802
-0.014252
-0.031830
-0.002991
0.018982
0.003326
-0.030396
-0.047058
-0.033356
0.000885
0.008209
0.001862
-0.004456
-0.004456
-0.005920
-0.026489
-0.054840
-0.080780
-0.096405
-0.090088
-0.077850
-0.091064
-0.087097
-0.086609
-0.103302
-0.103790
-0.047546
0.089935
0.210236
0.214630
0.135376
0.028778
-0.015717
-0.000549
0.030731
0.045929
0.047394
0.049835
0.075195
0.078674
0.036133
-0.007874
-0.033356
-0.012299
0.012146
0.006256
-0.025024
-0.041168
-0.031830
0.000000
0.010162
0.007721
0.003815
-0.002014
-0.010315
-0.026978
-0.050964
-0.076324
-0.094452
-0.092041
-0.086121
-0.082245
-0.079315
-0.086121
-0.087585
-0.106689
-0.055389
0.077209
0.199951
0.219971
0.148102
0.048370
-0.002502
0.002350
0.032166
0.048370
0.047394
0.058655
0.074219
0.084503
0.046906
-0.003479
-0.034332
-0.017181
0.010162
0.010162
-0.019135
-0.041626
-0.031342
0.000000
0.015076
0.007721
-0.009338
-0.010315
-0.008850
-0.023560
-0.053864
-0.084656
-0.099884
-0.087097
-0.079315
-0.085144
-0.085144
-0.102814
-0.101837
-0.107666
-0.083252
0.050812
0.185852
0.221130
0.168243
0.058655
-0.005432
-0.003479
0.024872
0.049347
0.044952
0.043427
0.069855
0.083069
0.046417
-0.002014
-0.035309
-0.024048
0.010162
0.013123
-0.013275
-0.045105
-0.038727
-0.000000
0.016052
0.009186
0.000885
-0.006897
-0.005432
-0.018646
-0.043579
-0.071472
-0.092529
-0.089111
-0.084656
-0.088074
-0.080780
-0.085632
-0.094940
-0.100372
-0.086121
0.043915
0.193085
0.232269
0.174530
0.067413
-0.001038
0.003815
0.032654
0.047394
0.039063
0.043427
0.067902
0.087921
0.054199
0.003326
-0.032318
-0.022034
0.018005
0.015564
-0.018646
-0.047058
-0.041168
-0.005432
0.018494
0.012634
-0.003479
-0.006409
-0.006897
-0.022034
-0.047546
-0.081818
-0.094513
-0.089661
-0.080353
-0.082306
-0.083252
-0.087158
-0.101898
-0.109680
-0.090637
0.030243
0.172089
0.227844
0.174530
0.071320
-0.003479
-0.007385
0.020447
0.042938
0.040527
0.046906
0.070343
0.091400
0.059631
0.005768
-0.029907
-0.024048
0.011169
0.015564
-0.013275
-0.048035
-0.050476
-0.021057
0.011658
0.011169
0.002838
-0.003479
-0.008850
-0.023071
-0.045593
-0.076324
-0.096405
-0.094940
-0.086609
-0.083191
-0.063599
-0.077362
-0.094452
-0.106689
-0.085144
0.046906
0.183350
0.217560
0.163269
0.066437
0.006256
0.009674
0.038086
0.051300
0.052246
0.053223
0.080139
0.091400
0.055237
0.004303
-0.030884
-0.020599
0.017517
0.015564
-0.017670
-0.053864
-0.049011
-0.013275
0.013123
0.010162
-0.004456
-0.011810
-0.011322
-0.026489
-0.053864
-0.081757
-0.100372
-0.091553
-0.088623
-0.086121
-0.080292
-0.085632
-0.103302
-0.115509
-0.063110
0.061096
0.190155
0.215607
0.147125
0.048859
-0.000549
0.007721
0.035645
0.047882
0.051788
0.060120
0.081116
0.091400
0.046417
-0.004456
-0.033356
-0.017670
0.014099
0.012634
-0.026001
-0.056366
-0.053375
-0.014252
0.013611
0.009186
-0.002991
-0.012299
-0.015717
-0.031830
-0.054840
-0.080292
-0.097382
-0.082733
-0.083191
-0.072449
-0.073395
-0.092529
-0.093964
-0.106201
-0.046082
0.087921
0.201904
0.209259
0.135376
0.042938
0.002350
0.012146
0.039551
0.051788
0.050812
0.061096
0.078186
0.082581
0.041962
-0.007385
-0.035309
-0.015228
0.015564
0.011658
-0.023071
-0.055389
-0.051453
-0.011810
0.017029
0.014099
0.000000
-0.011810
-0.016205
-0.032318
-0.054840
-0.085144
-0.097870
-0.092041
-0.090576
-0.076813
-0.081757
-0.093475
-0.107666
-0.115509
-0.047546
0.094299
0.200439
0.194061
0.120728
0.031677
0.002838
0.013123
0.041016
0.056702
0.060120
0.071808
0.084015
0.077209
0.030731
-0.015717
-0.039703
-0.014252
0.018005
0.011169
-0.023560
-0.055878
-0.051453
-0.009827
0.021393
0.021393
0.005768
-0.006897
-0.015228
-0.029907
-0.054840
-0.086121
-0.100372
-0.092529
-0.081268
-0.060272
-0.077850
-0.094452
-0.116486
-0.118927
-0.028442
0.131927
0.221008
0.195038
0.106049
0.022919
0.006744
0.026337
0.048859
0.055725
0.060608
0.071320
0.088959
0.076660
0.022919
-0.020599
-0.029907
0.000885
0.022430
0.006744
-0.031342
-0.062225
-0.047058
-0.005920
0.018494
0.014099
0.001862
-0.013763
-0.020111
-0.035797
-0.064575
-0.102325
-0.112122
-0.104248
-0.092102
-0.067627
-0.082306
-0.091614
-0.117035
-0.109131
-0.010315
0.128510
0.211700
0.180420
0.092377
0.020447
0.005768
0.031189
0.057190
0.057678
0.059631
0.070831
0.080627
0.066437
0.020905
-0.017670
-0.027466
0.000000
0.023407
0.003815
-0.033844
-0.055389
-0.046570
-0.010315
0.018005
0.013611
0.001862
-0.012787
-0.024048
-0.042114
-0.063110
-0.093964
-0.103790
-0.101837
-0.089600
-0.066040
-0.076355
-0.075348
-0.119415
-0.113098
0.002838
0.149078
0.223450
0.179932
0.082092
0.015564
0.014587
0.041962
0.062469
0.058655
0.062958
0.076233
0.090973
0.072815
0.017517
-0.026489
-0.026001
0.010162
0.027802
0.007721
-0.036285
-0.059784
-0.041626
-0.009827
0.007233
0.004303
-0.002991
-0.007385
-0.020599
-0.039215
-0.070007
-0.104736
-0.115509
-0.103790
-0.078339
-0.064575
-0.082733
-0.097382
-0.124756
-0.104736
0.000000
0.142212
0.217072
0.172577
0.084015
0.013123
0.006744
0.032166
0.055237
0.054688
0.062469
0.072296
0.080627
0.061584
0.013611
-0.024048
-0.023560
0.005768
0.023407
0.010162
-0.029419
-0.053864
-0.044067
-0.011322
0.008698
0.009674
0.002350
-0.007874
-0.023560
-0.041626
-0.070496
-0.106201
-0.115021
-0.103302
-0.072906
-0.066589
-0.069031
-0.088623
-0.122406
-0.102814
0.021881
0.179443
0.233734
0.172577
0.074707
0.005280
0.004303
0.039551
0.060120
0.055237
0.064423
0.080139
0.086945
0.064423
0.004791
-0.028442
-0.021057
0.014099
0.027802
0.001373
-0.041168
-0.061249
-0.039703
-0.002014
0.009674
0.003815
-0.006897
-0.013763
-0.024536
-0.044067
-0.080292
-0.115021
-0.121918
-0.106689
-0.073883
-0.074860
-0.076324
-0.103302
-0.145813
-0.089111
0.046417
0.184326
0.226379
0.159851
0.058655
0.003815
0.008698
0.040527
0.057678
0.060120
0.070892
0.081177
0.092438
0.059631
0.002350
-0.028442
-0.015228
0.019958
0.034180
0.004303
-0.040192
-0.052887
-0.029419
-0.002014
0.006744
-0.000549
-0.008850
-0.010773
-0.026001
-0.052887
-0.092041
-0.115997
-0.119904
-0.104248
-0.074860
-0.072906
-0.076813
-0.109131
-0.119904
-0.054352
0.080139
0.218506
0.218079
0.136353
0.036621
-0.010315
0.009674
0.047394
0.065399
0.069366
0.077209
0.087921
0.091888
0.047882
-0.007874
-0.030884
-0.009827
0.026825
0.027313
-0.003479
-0.043579
-0.055878
-0.024536
0.002838
0.006744
-0.004456
-0.015228
-0.024536
-0.037750
-0.056854
-0.096405
-0.125244
-0.126709
-0.095917
-0.069519
-0.076324
-0.086121
-0.133606
-0.119415
-0.030396
0.107025
0.214630
0.191132
0.106537
0.026337
-0.003479
0.017517
0.042450
0.058655
0.071320
0.084503
0.095276
0.084503
0.031677
-0.018646
-0.026001
-0.000549
0.032166
0.028290
-0.011810
-0.048035
-0.047546
-0.018646
0.005768
0.001373
-0.006897
-0.009827
-0.018646
-0.032318
-0.056366
-0.098358
-0.115997
-0.122894
-0.095917
-0.070007
-0.079315
-0.091064
-0.125732
-0.103790
0.016541
0.154510
0.222961
0.186279
0.083069
0.007233
-0.005432
0.022430
0.059631
0.073242
0.081604
0.096252
0.094299
0.072296
0.016052
-0.030396
-0.023560
0.005768
0.029266
0.017517
-0.023071
-0.050476
-0.041626
-0.016693
0.001862
0.000000
-0.009338
-0.018646
-0.033356
-0.049988
-0.076324
-0.108154
-0.115509
-0.108643
-0.084167
-0.077362
-0.079803
-0.097382
-0.139923
-0.093964
0.027802
0.172577
0.227844
0.161804
0.055725
-0.004456
0.004303
0.042450
0.065887
0.067413
0.076172
0.086456
0.089447
0.069855
0.004791
-0.032318
-0.019623
0.014587
0.037109
0.011169
-0.032806
-0.053375
-0.039215
-0.010315
0.004303
-0.003967
-0.011322
-0.013763
-0.022034
-0.043579
-0.076813
-0.112610
-0.120880
-0.110107
-0.076324
-0.073883
-0.085144
-0.102325
-0.126709
-0.058319
0.077209
0.195038
0.213776
0.130524
0.035156
0.002350
0.014099
0.049835
0.073730
0.077698
0.090912
0.092865
0.077728
0.047882
-0.008362
-0.027466
-0.008362
0.016052
0.028778
0.000397
-0.039703
-0.052399
-0.035797
-0.009827
-0.001038
-0.008362
-0.014740
-0.019623
-0.037750
-0.054840
-0.085144
-0.113098
-0.115021
-0.105225
-0.071472
-0.069519
-0.061737
-0.095428
-0.135040
-0.078827
0.076660
0.209747
0.213654
0.120728
0.013611
-0.014740
0.019470
0.061096
0.072296
0.068878
0.083069
0.093353
0.079163
0.043915
-0.017670
-0.032318
-0.000000
0.035645
0.029266
-0.006897
-0.049988
-0.049011
-0.025513
-0.009827
-0.002991
-0.001526
-0.006409
-0.011322
-0.030884
-0.054840
-0.082733
-0.109619
-0.107178
-0.092529
-0.071472
-0.068542
-0.076324
-0.100861
-0.114532
-0.044617
0.087921
0.195038
0.193085
0.108490
0.025360
-0.002014
0.025848
0.062958
0.075684
0.075195
0.084991
0.085968
0.074707
0.036133
-0.014740
-0.024048
-0.003479
0.024872
0.020905
-0.011322
-0.046082
-0.044617
-0.025513
-0.012299
-0.008850
-0.010315
-0.014740
-0.017181
-0.035309
-0.055878
-0.088074
-0.113647
-0.109680
-0.094025
-0.068604
-0.069031
-0.081268
-0.104248
-0.112610
-0.048523
0.104584
0.204346
0.181396
0.095276
0.014587
-0.005920
0.025360
0.060608
0.074219
0.069855
0.082092
0.083069
0.067902
0.034180
-0.013275
-0.020111
0.003815
0.031189
0.022430
-0.009338
-0.046570
-0.042603
-0.023560
-0.012787
-0.007874
-0.002991
-0.003479
-0.015717
-0.035309
-0.061737
-0.091553
-0.112122
-0.099396
-0.093964
-0.072449
-0.067078
-0.071472
-0.092041
-0.113098
-0.036774
0.098206
0.193573
0.179443
0.093353
0.015076
0.002838
0.037109
0.069855
0.076660
0.070892
0.080688
0.081177
0.070404
0.025360
-0.020111
-0.019135
0.013123
0.039063
0.025360
-0.012787
-0.051941
-0.046570
-0.030884
-0.014740
-0.010315
-0.009338
-0.011322
-0.017181
-0.035797
-0.059784
-0.093018
-0.110107
-0.104736
-0.096405
-0.064575
-0.063599
-0.082245
-0.106201
-0.106201
-0.016693
0.120239
0.196503
0.159363
0.074707
0.010620
0.010620
0.040039
0.065887
0.072296
0.069855
0.079651
0.081116
0.063934
0.018494
-0.021545
-0.023560
0.015076
0.037109
0.018005
-0.023560
-0.052887
-0.050476
-0.033356
-0.016205
-0.013275
-0.007874
-0.007385
-0.020599
-0.041168
-0.065063
-0.097870
-0.103790
-0.096405
-0.085144
-0.066040
-0.067566
-0.074860
-0.091553
-0.089111
0.002350
0.142700
0.203369
0.160339
0.070343
0.008209
0.005280
0.041016
0.078674
0.080627
0.079163
0.082581
0.084015
0.065399
0.015564
-0.021545
-0.019623
0.020447
0.032166
0.011658
-0.031830
-0.057343
-0.050476
-0.031830
-0.018158
-0.017670
-0.012299
-0.012299
-0.023560
-0.047058
-0.077850
-0.106201
-0.105713
-0.094452
-0.086121
-0.063599
-0.065063
-0.076813
-0.100372
-0.073883
0.024384
0.144714
0.190643
0.134918
0.047394
-0.001526
0.012146
0.048859
0.072357
0.072357
0.075745
0.077698
0.082581
0.056213
0.006744
-0.025024
-0.011322
0.024384
0.035156
0.006744
-0.034332
-0.050964
-0.041626
-0.027954
-0.015717
-0.017181
-0.014740
-0.014740
-0.025024
-0.047058
-0.081757
-0.112122
-0.106201
-0.089142
-0.071472
-0.049988
-0.070007
-0.088623
-0.093475
-0.051941
0.058655
0.164246
0.176544
0.118774
0.041016
0.008209
0.021881
0.052246
0.072754
0.078186
0.090424
0.085480
0.078674
0.047394
0.001373
-0.017181
-0.004456
0.028290
0.028778
0.000885
-0.037262
-0.053864
-0.044617
-0.033844
-0.020111
-0.017181
-0.012299
-0.018158
-0.034821
-0.058319
-0.089172
-0.110718
-0.103851
-0.088135
-0.079865
-0.052399
-0.061249
-0.085693
-0.096954
-0.053375
0.074280
0.174103
0.171173
0.096802
0.016052
-0.002991
0.025360
0.064972
0.078735
0.073792
0.081665
0.080688
0.080688
0.038086
-0.006409
-0.020599
0.002350
0.039063
0.029755
-0.004944
-0.040680
-0.049500
-0.036774
-0.022034
-0.017181
-0.021545
-0.015717
-0.013763
-0.029419
-0.056854
-0.097870
-0.113098
-0.098846
-0.073883
-0.072449
-0.061737
-0.062225
-0.086121
-0.094452
-0.026489
0.099243
0.181396
0.168182
0.092865
0.023407
0.005768
0.038574
0.064911
0.074219
0.076172
0.080139
0.080627
0.072754
0.024384
-0.012299
-0.012787
0.016541
0.036621
0.019470
-0.017670
-0.049988
-0.044067
