-0.061726
0.003008
-0.011775
-0.063259
-0.125564
-0.149004
-0.166122
-0.158795
-0.170466
-0.168632
-0.154558
-0.108134
-0.040841
0.005130
0.045597
0.031935
0.024372
0.016992
0.049256
0.089896
0.142723
0.166130
0.167025
0.149391
0.141314
0.165293
0.205748
0.256038
0.300049
0.321999
0.312958
0.298867
0.290524
0.320817
0.356863
0.401684
0.355424
0.291596
0.097783
-0.131882
-0.302539
-0.453685
-0.410054
-0.318046
-0.162361
-0.024094
0.081297
0.136058
0.154463
0.159892
0.109893
0.026333
-0.104963
-0.276015
-0.404235
-0.428408
-0.378085
-0.239584
-0.094601
-0.004361
0.010502
-0.022004
-0.087444
-0.122991
-0.135173
-0.139485
-0.131674
-0.145246
-0.137926
-0.125212
-0.062839
-0.015711
0.044697
0.064632
0.054498
0.048585
0.045585
0.075031
0.109833
0.149268
0.162494
0.172639
0.169365
0.181588
0.213649
0.258472
0.296536
0.320378
0.306001
0.276983
0.281762
0.309802
0.360672
0.397159
0.383686
0.300214
0.158179
-0.055252
-0.234881
-0.369533
-0.391511
-0.313611
-0.212125
-0.069618
0.024988
0.110260
0.149165
0.161308
0.131430
0.049448
-0.067943
-0.213248
-0.343064
-0.386151
-0.354046
-0.257764
-0.122728
-0.039379
0.001028
-0.017713
-0.051529
-0.103842
-0.116837
-0.138074
-0.139481
-0.138350
-0.131951
-0.104465
-0.058373
-0.013281
0.013537
0.037422
0.021393
0.026831
0.041539
0.071331
0.106686
0.145529
0.151925
0.154947
0.162527
0.187111
0.226239
0.261930
0.290216
0.289000
0.286935
0.278569
0.282216
0.314344
0.340895
0.358660
0.348444
0.287148
0.181243
0.001949
-0.179020
-0.329584
-0.388162
-0.342882
-0.255323
-0.112300
-0.003603
0.080701
0.128985
0.137306
0.114648
0.053235
-0.047993
-0.180951
-0.304350
-0.367754
-0.359996
-0.276871
-0.153003
-0.054950
-0.004455
-0.021276
-0.067147
-0.116636
-0.139315
-0.143592
-0.131893
-0.126384
-0.123278
-0.107556
-0.088447
-0.048365
-0.007892
0.021074
0.032892
0.032821
0.030341
0.046178
0.078103
0.115120
0.154225
0.170509
0.175642
0.178650
0.187816
0.201166
0.238556
0.262213
0.275895
0.283297
0.290378
0.280113
0.299450
0.317291
0.334513
0.312797
0.235805
0.067601
-0.159119
-0.319658
-0.428263
-0.383508
-0.291924
-0.140944
-0.027331
0.053309
0.093515
0.104089
0.107394
0.068301
-0.008491
-0.135799
-0.271845
-0.372201
-0.378275
-0.314702
-0.189107
-0.083665
-0.022482
-0.037033
-0.080602
-0.123736
-0.142407
-0.128870
-0.119876
-0.113831
-0.131651
-0.124616
-0.124556
-0.077732
-0.037943
0.003456
0.023258
0.020614
0.024301
0.038057
0.070457
0.106603
0.154303
0.163480
0.161579
0.166296
0.167591
0.194583
0.222215
0.245428
0.251644
0.255015
0.248418
0.250704
0.276949
0.290242
0.313454
0.310829
0.245474
0.133727
-0.038401
-0.209423
-0.317741
-0.355549
-0.299177
-0.234522
-0.116600
-0.050762
0.014846
0.063088
0.072328
0.076648
0.018617
-0.067710
-0.205544
-0.301510
-0.357034
-0.339119
-0.251285
-0.163574
-0.090682
-0.072704
-0.094081
-0.115459
-0.128724
-0.125533
-0.112500
-0.113877
-0.126122
-0.140794
-0.132142
-0.115032
-0.058453
-0.021811
0.012197
0.020414
0.016769
0.023516
0.041683
0.083219
0.124564
0.158607
0.155961
0.157869
0.154356
0.154995
0.189660
0.223944
0.242537
0.245822
0.247174
0.234397
0.256986
0.287033
0.300706
0.322912
0.289727
0.196574
0.071261
-0.126610
-0.265085
-0.349293
-0.354793
-0.305856
-0.215817
-0.113797
-0.051858
0.042764
0.062137
0.088421
0.057367
-0.028608
-0.148675
-0.269807
-0.335930
-0.356114
-0.279905
-0.211099
-0.136642
-0.102026
-0.112885
-0.121640
-0.122710
-0.117871
-0.101564
-0.108574
-0.130066
-0.156765
-0.152666
-0.129064
-0.074596
-0.020970
0.000004
0.015208
0.000521
0.013436
0.033703
0.083781
0.132644
0.165348
0.172613
0.147544
0.135442
0.124167
0.151876
0.194139
0.240688
0.258699
0.252455
0.235048
0.233510
0.238504
0.268207
0.308085
0.289156
0.231543
0.118459
-0.070226
-0.220305
-0.313019
-0.331870
-0.295210
-0.232684
-0.148515
-0.107662
-0.022783
0.020382
0.065174
0.071666
0.008851
-0.091178
-0.236290
-0.322198
-0.363243
-0.315246
-0.238618
-0.169065
-0.130725
-0.129536
-0.129180
-0.121559
-0.102253
-0.089451
-0.097530
-0.124311
-0.164217
-0.173964
-0.150402
-0.100608
-0.028772
0.003842
0.019807
0.003903
0.006460
0.024519
0.077777
0.128372
0.161331
0.173884
0.153778
0.145437
0.136250
0.161581
0.192741
0.225487
0.247227
0.241417
0.229071
0.241426
0.271063
0.313081
0.342325
0.315992
0.224675
0.071605
-0.141837
-0.297766
-0.406743
-0.384811
-0.328807
-0.219987
-0.107495
-0.047620
0.044798
0.070165
0.106494
0.082171
0.010238
-0.126212
-0.267198
-0.359551
-0.394868
-0.333041
-0.244053
-0.160577
-0.108799
-0.098315
-0.104850
-0.111648
-0.108137
-0.106326
-0.118013
-0.135180
-0.172836
-0.166080
-0.152581
-0.101543
-0.043158
-0.015431
0.002154
-0.004806
0.015052
0.037294
0.101077
0.142166
0.178857
0.174441
0.147688
0.132692
0.119649
0.153002
0.200493
0.250298
0.260626
0.243262
0.214038
0.217394
0.248289
0.282888
0.310203
0.303029
0.223105
0.116219
-0.051964
-0.190487
-0.297484
-0.310364
-0.275377
-0.245644
-0.139955
-0.107993
-0.020095
0.036489
0.072912
0.083904
0.026145
-0.079677
-0.219392
-0.303533
-0.353749
-0.303563
-0.222699
-0.151018
-0.108318
-0.100576
-0.114986
-0.116874
-0.103608
-0.086757
-0.084135
-0.096874
-0.136478
-0.154419
-0.143731
-0.111851
-0.045832
-0.012933
0.016871
0.013021
0.026709
0.035688
0.073012
0.109559
0.139577
0.167798
0.165627
0.171258
0.168695
0.177613
0.203469
0.228882
0.244783
0.240365
0.229596
0.230935
0.272979
0.290176
0.321222
0.317658
0.251432
0.178088
0.020592
-0.116704
-0.242394
-0.303182
-0.286191
-0.261154
-0.175801
-0.105552
-0.036598
0.040434
0.072944
0.095173
0.052265
-0.041555
-0.163271
-0.258829
-0.315683
-0.293602
-0.223201
-0.161359
-0.101091
-0.094803
-0.099259
-0.110135
-0.101902
-0.086161
-0.078003
-0.081371
-0.112693
-0.127695
-0.128604
-0.105620
-0.051301
-0.016087
0.009138
0.023604
0.026194
0.050068
0.090919
0.136726
0.176339
0.206603
0.192624
0.186549
0.168133
0.167508
0.200137
0.224374
0.251819
0.258012
0.237746
0.236753
0.264386
0.294366
0.330301
0.328651
0.274183
0.169182
-0.005097
-0.154261
-0.276375
-0.310750
-0.257374
-0.223839
-0.125958
-0.079730
-0.028361
0.039819
0.071935
0.101908
0.064381
-0.028414
-0.171025
-0.274252
-0.332652
-0.309391
-0.222587
-0.148875
-0.093431
-0.081745
-0.102133
-0.110399
-0.105259
-0.082093
-0.070973
-0.068179
-0.102744
-0.121576
-0.124540
-0.104714
-0.049485
-0.012852
0.016391
0.025256
0.034867
0.054257
0.098151
0.143548
0.176079
0.204475
0.193312
0.186188
0.192733
0.203934
0.226733
0.263030
0.253837
0.245415
0.254379
0.263293
0.318099
0.372914
0.342371
0.307552
0.195366
-0.016100
-0.143467
-0.298685
-0.352672
-0.284063
-0.245596
-0.142166
-0.058189
-0.005935
0.062543
0.108891
0.124468
0.093313
0.021478
-0.131149
-0.275896
-0.359883
-0.372508
-0.296277
-0.174983
-0.090914
-0.049769
-0.047643
-0.089495
-0.107691
-0.102675
-0.100011
-0.081032
-0.086127
-0.109557
-0.115588
-0.106521
-0.072580
-0.025520
0.018083
0.024781
0.039334
0.042452
0.060549
0.106741
0.146139
0.170031
0.187181
0.191057
0.177733
0.192893
0.197321
0.226276
0.266601
0.275318
0.288100
0.290593
0.292681
0.310477
0.315268
0.257299
0.222353
0.112310
-0.022431
-0.123796
-0.241295
-0.259976
-0.241688
-0.210515
-0.124323
-0.078734
-0.015849
0.040103
0.070787
0.089453
0.047314
-0.020423
-0.145941
-0.246840
-0.320487
-0.313365
-0.258767
-0.171987
-0.106242
-0.076397
-0.077378
-0.102542
-0.110440
-0.115724
-0.104235
-0.095388
-0.101492
-0.107839
-0.116568
-0.104087
-0.068520
-0.032942
0.002999
0.017670
0.029498
0.039235
0.067548
0.099382
0.127806
0.147111
0.154993
0.170010
0.181361
0.216995
0.239871
0.270204
0.284628
0.265609
0.254508
0.243399
0.265446
0.310113
0.322734
0.281095
0.239725
0.113915
-0.035399
-0.145381
-0.283136
-0.292391
-0.267233
-0.239678
-0.132744
-0.091469
-0.021168
0.046377
0.082212
0.102236
0.065551
-0.008375
-0.141775
-0.248133
-0.327892
-0.324345
-0.272940
-0.188815
-0.118944
-0.086187
-0.085499
-0.112416
-0.124776
-0.131985
-0.123224
-0.107303
-0.105440
-0.106229
-0.105288
-0.099392
-0.077687
-0.055047
-0.031354
-0.015692
0.011492
0.030088
0.068219
0.099269
0.124978
0.143975
0.147028
0.149627
0.164308
0.183260
0.204011
0.232545
0.231740
0.239533
0.231472
0.240715
0.274944
0.323170
0.358125
0.324064
0.273013
0.184158
0.026815
-0.090145
-0.229625
-0.312005
-0.308287
-0.305703
-0.217489
-0.144768
-0.057922
0.030501
0.083882
0.112829
0.092460
0.037372
-0.078868
-0.188414
-0.295546
-0.351041
-0.329519
-0.275853
-0.188256
-0.111904
-0.072537
-0.064762
-0.073937
-0.117099
-0.132066
-0.137735
-0.147260
-0.127394
-0.123023
-0.114521
-0.093190
-0.080517
-0.057996
-0.036782
-0.016888
0.006609
0.035376
0.059532
0.076860
0.108001
0.121386
0.142647
0.156980
0.162718
0.174531
0.188364
0.194763
0.215638
0.229577
0.233284
0.268993
0.276267
0.303740
0.328772
0.287525
0.243112
0.178955
0.035585
-0.089087
-0.225131
-0.325437
-0.324352
-0.298602
-0.211378
-0.113238
-0.038323
0.030212
0.062804
0.077694
0.057618
0.014964
-0.066861
-0.184353
-0.274893
-0.343278
-0.337444
-0.275434
-0.193319
-0.111287
-0.075374
-0.070557
-0.099324
-0.134045
-0.149542
-0.146181
-0.136611
-0.121197
-0.116670
-0.114771
-0.100328
-0.087221
-0.058679
-0.035915
-0.016669
0.003172
0.023637
0.046212
0.068550
0.094298
0.120732
0.139812
0.148396
0.166744
0.174242
0.186568
0.206353
0.211428
0.214248
0.227298
0.232933
0.264224
0.294135
0.308669
0.299719
0.246126
0.182869
0.059638
-0.068745
-0.193721
-0.285260
-0.298504
-0.281314
-0.222627
-0.132173
-0.073869
0.003597
0.052035
0.072099
0.079304
0.034678
-0.037201
-0.147377
-0.249358
-0.318093
-0.324680
-0.280807
-0.199205
-0.127074
-0.084960
-0.079498
-0.110018
-0.132249
-0.142941
-0.134572
-0.108366
-0.097229
-0.090193
-0.094628
-0.097643
-0.092549
-0.069652
-0.046536
-0.018777
0.004480
0.023304
0.048933
0.082636
0.108762
0.136587
0.162183
0.178273
0.193060
0.200154
0.196659
0.196801
0.201196
0.204794
0.237527
0.269956
0.312192
0.338068
0.342292
0.302965
0.241527
0.164703
0.006735
-0.121915
-0.258668
-0.333961
-0.325262
-0.290703
-0.181431
-0.097714
-0.000995
0.061287
0.091044
0.111175
0.079036
0.038498
-0.057608
-0.169269
-0.277165
-0.344513
-0.334016
-0.274031
-0.170395
-0.098619
-0.063371
-0.069267
-0.100863
-0.121903
-0.130141
-0.109118
-0.095213
-0.077153
-0.083338
-0.093661
-0.095959
-0.087899
-0.050598
-0.020687
0.014281
0.031520
0.050510
0.073201
0.108072
0.143232
0.170871
0.197258
0.194305
0.191305
0.186939
0.182908
0.201768
0.219893
0.240887
0.263626
0.274894
0.286108
0.306787
0.309889
0.278277
0.252779
0.131020
-0.026845
-0.168289
-0.299780
-0.324789
-0.301544
-0.224580
-0.134795
-0.061882
0.003427
0.044603
0.084535
0.096588
0.084318
0.023963
-0.088607
-0.212375
-0.302918
-0.336359
-0.296943
-0.203288
-0.123712
-0.072475
-0.075014
-0.098108
-0.126430
-0.124009
-0.108577
-0.084897
-0.072270
-0.078040
-0.093635
-0.098206
-0.093851
-0.062181
-0.026644
-0.004571
0.015812
0.020628
0.040066
0.067924
0.121103
0.166232
0.202426
0.209727
0.206705
0.194317
0.185227
0.190247
0.194912
0.210098
0.231766
0.252403
0.278434
0.305645
0.316963
0.294632
0.250480
0.179547
0.045652
-0.093164
-0.200302
-0.278531
-0.275995
-0.238474
-0.187421
-0.109490
-0.056531
0.006381
0.054360
0.083228
0.082677
0.045104
-0.036817
-0.160865
-0.252363
-0.305826
-0.299121
-0.221655
-0.151027
-0.098399
-0.089658
-0.103852
-0.128507
-0.127265
-0.110935
-0.087725
-0.062409
-0.069009
-0.079458
-0.092838
-0.096261
-0.080565
-0.047300
-0.022859
-0.001446
0.014638
0.030036
0.058743
0.092999
0.128945
0.163635
0.188302
0.210084
0.226304
0.226007
0.213764
0.205051
0.196505
0.198024
0.226181
0.253084
0.277171
0.290899
0.276114
0.217374
0.176157
0.076634
-0.057167
-0.139209
-0.241358
-0.263979
-0.241178
-0.214781
-0.139666
-0.077917
-0.019986
0.030482
0.059074
0.059465
0.029641
-0.029674
-0.143076
-0.227535
-0.285264
-0.290762
-0.228715
-0.161083
-0.107687
-0.094905
-0.103089
-0.136262
-0.137005
-0.124349
-0.100357
-0.068830
-0.065641
-0.075793
-0.094253
-0.103107
-0.098136
-0.062201
-0.031256
-0.004367
0.015775
0.023357
0.040546
0.073932
0.108095
0.140381
0.168658
0.191437
0.194092
0.196565
0.188535
0.176917
0.182912
0.186923
0.211669
0.235154
0.257685
0.271450
0.274776
0.243078
0.205115
0.142349
0.016701
-0.105015
-0.213751
-0.284935
-0.278108
-0.234943
-0.183534
-0.098088
-0.054253
-0.006545
0.028500
0.039090
0.036879
0.001198
-0.082353
-0.192827
-0.269727
-0.319757
-0.280665
-0.205438
-0.135092
-0.095076
-0.097967
-0.127858
-0.149684
-0.141503
-0.122246
-0.079484
-0.062103
-0.064725
-0.083106
-0.100575
-0.110377
-0.082956
-0.051463
-0.024867
-0.003447
0.009513
0.020900
0.045511
0.078563
0.115714
0.149820
0.159350
0.161601
0.163263
0.169068
0.181035
0.203489
0.206295
0.210800
0.223600
0.222831
0.241060
0.267128
0.277108
0.256459
0.227344
0.138377
-0.000179
-0.127509
-0.228790
-0.272992
-0.240776
-0.214531
-0.165159
-0.108667
-0.091524
-0.024897
0.013612
0.047162
0.055068
0.010757
-0.091492
-0.211919
-0.283609
-0.314223
-0.254501
-0.170611
-0.111223
-0.090239
-0.108401
-0.146328
-0.156595
-0.133819
-0.101813
-0.060359
-0.050657
-0.071890
-0.093026
-0.113041
-0.103431
-0.063761
-0.030452
-0.004358
0.004904
0.008161
0.016849
0.047562
0.077641
0.111747
0.135529
0.149605
0.159158
0.171314
0.185296
0.194105
0.207345
0.203014
0.198578
0.192161
0.209069
0.229563
0.246682
0.270644
0.267304
0.222888
0.186606
0.099821
-0.032285
-0.113433
-0.198530
-0.220435
-0.192718
-0.196244
-0.139208
-0.114992
-0.076043
-0.020397
0.010304
0.039564
0.018765
-0.028800
-0.135367
-0.214791
-0.256693
-0.250609
-0.187218
-0.135589
-0.111343
-0.117636
-0.136684
-0.156939
-0.134303
-0.099714
-0.067386
-0.041194
-0.057828
-0.083226
-0.097829
-0.100334
-0.072862
-0.034707
-0.013271
-0.004685
0.001322
0.002936
0.029733
0.071281
0.103192
0.137392
0.143081
0.139358
0.139303
0.149619
0.164873
0.193654
0.207736
0.206666
0.204003
0.198108
0.209785
0.235399
0.257760
0.268153
0.287238
0.251401
0.200380
0.143811
0.009772
-0.098741
-0.160529
-0.222872
-0.202825
-0.202175
-0.165852
-0.132455
-0.095236
-0.031298
-0.000521
0.058479
0.038503
0.001124
-0.100952
-0.193190
-0.242088
-0.242578
-0.188358
-0.139135
-0.099308
-0.114638
-0.125680
-0.144167
-0.134758
-0.092269
-0.061357
-0.038256
-0.043845
-0.068943
-0.084064
-0.084637
-0.061051
-0.034965
-0.008975
-0.008082
-0.000946
0.011163
0.032763
0.080827
0.116204
0.147708
0.145248
0.139434
0.130401
0.140162
0.157451
0.184937
0.208938
0.215908
0.213659
0.196084
0.206706
0.218437
0.244906
0.262901
0.268124
0.257458
0.227877
0.184218
0.119185
0.010039
-0.102003
-0.167949
-0.195089
-0.161764
-0.145022
-0.100933
-0.084322
-0.082505
-0.043536
-0.026614
0.015235
0.025538
-0.010308
-0.093420
-0.181460
-0.246474
-0.244486
-0.185708
-0.127837
-0.085509
-0.092262
-0.122356
-0.147727
-0.134322
-0.101914
-0.054161
-0.025514
-0.033859
-0.061035
-0.086022
-0.099240
-0.072492
-0.037123
-0.004990
0.015937
0.019051
0.025945
0.047155
0.091030
0.125860
0.150221
0.143252
0.130879
0.118209
0.129123
0.155573
0.193534
0.222163
0.220874
0.205565
0.184667
0.182056
0.196014
0.227765
0.263066
0.261198
0.259875
0.239569
0.186766
0.139974
0.026539
-0.083916
-0.148895
-0.191632
-0.183393
-0.183796
-0.144810
-0.137817
-0.105474
-0.052805
-0.029867
0.025486
0.013936
-0.033686
-0.106641
-0.184078
-0.232812
-0.216221
-0.176553
-0.139326
-0.112548
-0.132527
-0.147185
-0.148308
-0.122304
-0.080066
-0.041801
-0.037387
-0.059406
-0.087013
-0.106586
-0.100991
-0.065433
-0.038691
-0.006119
0.004068
0.009014
0.023017
0.047471
0.087878
0.118940
0.135452
0.130103
0.130061
0.130087
0.157331
0.173637
0.197019
0.204998
0.182439
0.179093
0.169567
0.184602
0.223075
0.251303
0.247499
0.253758
0.227647
0.177008
0.151593
0.053890
-0.063808
-0.136262
-0.205489
-0.198601
-0.177662
-0.157586
-0.115772
-0.109000
-0.075866
-0.051537
-0.011027
0.005665
-0.015997
-0.079010
-0.168673
-0.235487
-0.254118
-0.216633
-0.172050
-0.126930
-0.121031
-0.140129
-0.153039
-0.145996
-0.116082
-0.071390
-0.048725
-0.055225
-0.082321
-0.111775
-0.123948
-0.097893
-0.061656
-0.024338
-0.000121
0.001082
0.008234
0.023651
0.057392
0.101587
0.137214
0.145669
0.142119
0.127840
0.122775
0.142586
0.162911
0.187851
0.196704
0.188359
0.167214
0.179296
0.186158
0.210338
0.246722
0.247496
0.244219
0.205860
0.142435
0.040201
-0.085181
-0.169940
-0.221633
-0.212829
-0.198158
-0.169428
-0.130350
-0.123570
-0.070398
-0.039427
0.003023
0.022166
0.002248
-0.075779
-0.186167
-0.245882
-0.285536
-0.236983
-0.175474
-0.136129
-0.113265
-0.132127
-0.151382
-0.145865
-0.117128
-0.085987
-0.049337
-0.057118
-0.089528
-0.109762
-0.129658
-0.109713
-0.068387
-0.038712
-0.017075
-0.010162
-0.010423
0.010360
0.052344
0.093107
0.131673
0.138907
0.123569
0.118186
0.113758
0.138419
0.169868
0.190712
0.196659
0.181274
0.161926
0.165423
0.185744
0.216238
0.249971
0.260760
0.252541
0.197751
0.132101
0.019157
-0.104237
-0.170733
-0.228412
-0.209935
-0.204808
-0.187444
-0.143156
-0.140224
-0.070047
-0.023975
0.023615
0.048808
0.012492
-0.084128
-0.194068
-0.261792
-0.303230
-0.237075
-0.188644
-0.141888
-0.116381
-0.140892
-0.152320
-0.138193
-0.113544
-0.076271
-0.043991
-0.062445
-0.088127
-0.107635
-0.127014
-0.098000
-0.061256
-0.037336
-0.011185
-0.014031
-0.008392
0.010869
0.053008
0.099140
0.149606
0.156744
0.143795
0.130819
0.117522
0.138399
0.166722
0.196091
0.204973
0.197302
0.177430
0.171316
0.184229
0.208346
0.249372
0.272547
0.270115
0.208514
0.142713
0.011672
-0.121253
-0.166524
-0.223526
-0.189000
-0.182911
-0.167269
-0.144063
-0.138802
-0.071852
-0.028842
0.042721
0.052216
0.017346
-0.080738
-0.200598
-0.263896
-0.281795
-0.222720
-0.159073
-0.117824
-0.117382
-0.140506
-0.159607
-0.143390
-0.100152
-0.055339
-0.026446
-0.036543
-0.077270
-0.102232
-0.122256
-0.092228
-0.049191
-0.012233
0.009567
0.006450
0.005474
0.011847
0.059578
0.104266
0.156043
0.171409
0.165665
0.151207
0.136744
0.146353
0.173180
0.197520
0.208111
0.211467
0.194406
0.186487
0.196825
0.216563
0.247832
0.284317
0.268408
0.227379
0.150013
-0.000411
-0.110814
-0.183567
-0.223778
-0.178445
-0.186791
-0.151509
-0.139228
-0.133932
-0.061392
-0.019494
0.053209
0.058054
0.015315
-0.099550
-0.200759
-0.269817
-0.272665
-0.203480
-0.156302
-0.115020
-0.119394
-0.149073
-0.157614
-0.132205
-0.092935
-0.040788
-0.022904
-0.044862
-0.079510
-0.104656
-0.116642
-0.070522
-0.037245
-0.000721
0.013883
0.003811
0.009636
0.030533
0.087873
0.136471
0.183076
0.181520
0.169691
0.154381
0.149366
0.174836
0.200702
0.224897
0.227388
0.208633
0.194331
0.185967
0.209083
0.250847
0.302661
0.311641
0.258742
0.191683
0.036316
-0.101400
-0.170731
-0.235983
-0.207214
-0.214325
-0.190953
-0.169372
-0.153991
-0.064896
-0.006923
0.086995
0.101249
0.054702
-0.063801
-0.186241
-0.278674
-0.291066
-0.235121
-0.188152
-0.134075
-0.136911
-0.153724
-0.155078
-0.132029
-0.091318
-0.040237
-0.027248
-0.043711
-0.078787
-0.102240
-0.109966
-0.067990
-0.036910
-0.007617
0.002954
-0.009583
0.003682
0.027758
0.093514
0.149580
0.194920
0.192848
0.177511
0.154464
0.148434
0.175912
0.212182
0.233576
0.228903
0.212782
0.192713
0.199144
0.219208
0.262365
0.306420
0.324275
0.286551
0.213656
0.075114
-0.085208
-0.175264
-0.248575
-0.244138
-0.246573
-0.206401
-0.176072
-0.138270
-0.048785
-0.000387
0.090396
0.100236
0.065177
-0.034219
-0.177398
-0.255538
-0.298251
-0.260377
-0.200677
-0.157950
-0.137464
-0.144563
-0.144083
-0.127802
-0.085551
-0.050317
-0.028174
-0.038477
-0.076094
-0.093226
-0.106119
-0.078460
-0.044069
-0.015937
-0.006795
-0.007706
0.005236
0.027936
0.096144
0.147321
0.190472
0.198493
0.177174
0.159474
0.151814
0.176451
0.206840
0.232612
0.220776
0.192452
0.169139
0.167230
0.209454
0.261446
0.308436
0.332777
0.301847
0.226414
0.136422
-0.012825
-0.124859
-0.186747
-0.226292
-0.227452
-0.233077
-0.198516
-0.185724
-0.106675
-0.031213
0.034785
0.098137
0.062090
-0.008615
-0.122769
-0.220825
-0.265790
-0.249320
-0.212393
-0.180703
-0.161983
-0.174954
-0.174863
-0.148086
-0.108450
-0.053933
-0.027135
-0.037533
-0.072303
-0.102582
-0.114306
-0.096005
-0.055371
-0.035688
-0.011945
-0.016242
-0.008717
0.017537
0.062020
0.124706
0.164593
0.188957
0.175463
0.164566
0.160854
0.172206
0.194970
0.211493
0.203422
0.180502
0.180382
0.184045
0.218955
0.253314
0.293320
0.300041
0.285524
0.227418
0.152857
0.024670
-0.112711
-0.185790
-0.258592
-0.251035
-0.256110
-0.195297
-0.162652
-0.095926
-0.020205
0.021255
0.082579
0.062242
0.023465
-0.098947
-0.197128
-0.275023
-0.302331
-0.249210
-0.215006
-0.164090
-0.140321
-0.144275
-0.130639
-0.110367
-0.088609
-0.057019
-0.046149
-0.063597
-0.082468
-0.091498
-0.107568
-0.066777
-0.051960
-0.028705
-0.014934
-0.013732
0.003868
0.036307
0.093505
0.130236
0.179858
0.170975
0.166171
0.152194
0.152206
0.176084
0.199359
0.219493
0.211411
0.208103
0.193337
0.207743
0.232110
0.261793
0.307598
0.313934
0.259423
0.194805
0.031929
-0.124752
-0.203532
-0.292517
-0.269399
-0.257253
-0.223884
-0.168913
-0.128839
-0.040563
0.015250
0.090956
0.085993
0.031493
-0.087930
-0.210842
-0.276857
-0.297060
-0.235289
-0.188980
-0.147595
-0.144861
-0.158147
-0.160607
-0.134568
-0.092512
-0.052175
-0.035965
-0.054369
-0.088513
-0.105427
-0.114626
-0.080377
-0.055541
-0.034778
-0.025482
-0.032586
-0.013592
0.014686
0.084817
0.133666
0.183444
0.185349
0.167865
0.151683
0.138141
0.154635
0.178797
0.194862
0.189363
0.194119
0.185631
0.186580
0.215725
0.233489
0.267530
0.279021
0.233440
0.176613
0.042929
-0.118139
-0.185106
-0.268512
-0.247445
-0.216759
-0.209959
-0.148474
-0.146589
-0.084115
-0.032315
0.026047
0.050719
0.026112
-0.066126
-0.176132
-0.247175
-0.312184
-0.254877
-0.226053
-0.186739
-0.150703
-0.166466
-0.158706
-0.130796
-0.102428
-0.064004
-0.035262
-0.056490
-0.080373
-0.098277
-0.120482
-0.090761
-0.055286
-0.040333
-0.006771
-0.016742
-0.008289
0.014284
0.064777
0.111267
0.170680
0.188052
0.177372
0.175670
0.154111
0.178791
0.187656
0.199240
0.200262
0.195218
0.185265
0.190341
0.209569
0.235274
0.286193
0.271525
0.234734
0.138506
-0.034447
-0.138376
-0.221213
-0.266185
-0.210959
-0.231067
-0.188986
-0.165948
-0.147729
-0.059051
0.000219
0.071047
0.073264
0.026371
-0.118995
-0.205927
-0.293784
-0.307905
-0.234424
-0.207992
-0.155605
-0.144248
-0.152596
-0.145978
-0.107051
-0.085559
-0.045253
-0.036366
-0.068781
-0.083895
-0.098273
-0.098378
-0.050118
-0.029794
-0.010906
-0.004510
-0.016463
-0.004695
0.038153
0.104191
0.158860
0.210883
0.198086
0.189873
0.172096
0.171289
0.195462
0.218170
0.230087
0.214869
0.208226
0.173432
0.196014
0.234869
0.271783
0.309507
0.265715
0.173386
0.001886
-0.131391
-0.220155
-0.274417
-0.213570
-0.226665
-0.182155
-0.155580
-0.150504
-0.056744
-0.000349
0.075978
0.090454
0.040160
-0.089810
-0.182289
-0.269081
-0.305911
-0.240329
-0.230030
-0.178993
-0.153812
-0.160633
-0.132242
-0.099591
-0.073818
-0.049037
-0.040480
-0.078571
-0.087415
-0.092581
-0.093065
-0.039248
-0.024147
-0.011289
-0.007808
-0.019616
-0.008219
0.038868
0.101934
0.147399
0.203434
0.197546
0.191417
0.193683
0.180026
0.206665
0.216382
0.221053
0.222956
0.190697
0.182352
0.184695
0.213424
0.258464
0.278251
0.248266
0.159451
0.000417
-0.131225
-0.212088
-0.266154
-0.199188
-0.203984
-0.161382
-0.140013
-0.150826
-0.078823
-0.036863
0.035695
0.056458
0.023953
-0.096301
-0.197046
-0.288658
-0.305391
-0.246833
-0.205772
-0.140183
-0.130127
-0.137714
-0.144018
-0.132919
-0.110298
-0.067529
-0.046346
-0.049485
-0.066676
-0.079926
-0.090111
-0.053943
-0.036620
-0.013141
-0.002231
-0.010237
0.009807
0.041944
0.102272
0.143629
0.197654
0.187741
0.184699
0.171935
0.157147
0.185384
0.201103
0.224964
0.222146
0.216289
0.186567
0.197480
0.223853
0.246489
0.277917
0.243465
0.165791
0.022292
-0.107804
-0.191140
-0.238855
-0.198942
-0.204688
-0.181115
-0.166485
-0.178921
-0.098377
-0.050444
0.022993
0.045909
-0.006079
-0.100715
-0.183221
-0.244898
-0.242950
-0.195526
-0.176955
-0.140811
-0.155793
-0.172669
-0.160264
-0.130720
-0.082220
-0.038980
-0.032876
-0.057350
-0.085347
-0.101121
-0.093021
-0.043754
-0.016214
0.010427
0.015071
-0.000183
0.015368
0.049220
0.109583
0.159249
0.205658
0.200903
0.190548
0.183478
0.175126
0.204935
0.223987
0.236579
0.230464
0.210715
0.189526
0.197561
0.220104
0.254087
0.269504
0.227093
0.134028
-0.024086
-0.126827
-0.212841
-0.229101
-0.193881
-0.206623
-0.161654
-0.171750
-0.142528
-0.072968
-0.017435
0.048576
0.038053
-0.022589
-0.125140
-0.203060
-0.246668
-0.223738
-0.185207
-0.157539
-0.137207
-0.158110
-0.163525
-0.148836
-0.112889
-0.062227
-0.032795
-0.030210
-0.056045
-0.077966
-0.085202
-0.066769
-0.025834
-0.007741
0.017061
0.005881
0.007771
0.031599
0.074146
0.132910
0.184341
0.214756
0.205531
0.201791
0.181898
0.190507
0.210133
0.226634
0.237118
0.230584
0.209966
0.203854
0.206157
0.236894
0.254477
0.240589
0.190289
0.053763
-0.082670
-0.168693
-0.227033
-0.189908
-0.160570
-0.151363
-0.117021
-0.146730
-0.104775
-0.059616
0.001569
0.048051
0.038395
-0.061653
-0.164325
-0.231116
-0.272570
-0.196571
-0.152465
-0.113625
-0.109270
-0.142911
-0.170913
-0.148589
-0.110248
-0.050529
-0.000411
-0.010735
-0.041839
-0.072435
-0.099292
-0.069573
-0.022248
0.002057
0.030789
0.015738
0.015832
0.037906
0.095923
0.150128
0.210382
0.220705
0.202787
0.186309
0.164389
0.182684
0.210915
0.245110
0.246768
0.235581
0.203902
0.192653
0.222309
0.262563
0.283258
0.264986
0.190577
0.027582
-0.100108
-0.185299
-0.236269
-0.179123
-0.177078
-0.162679
-0.139937
-0.163386
-0.092875
-0.025693
0.053865
0.087910
0.052394
-0.066660
-0.180560
-0.245154
-0.268650
-0.190159
-0.143288
-0.114413
-0.121722
-0.156791
-0.175443
-0.139000
-0.087324
-0.031216
0.005318
-0.018359
-0.057312
-0.082048
-0.096152
-0.056392
-0.013802
0.008722
0.019194
0.003393
0.001412
0.023827
0.092834
0.148750
0.211305
0.219953
0.202225
0.183437
0.171797
0.187506
0.212121
0.238574
0.228940
0.230689
0.205521
0.193534
0.222271
0.248295
0.268768
0.250846
0.188150
0.060552
-0.076572
-0.159498
-0.211284
-0.173943
-0.161495
-0.158429
-0.137898
-0.172827
-0.118278
-0.061009
0.014610
0.064369
0.055190
-0.037641
-0.159121
-0.228829
-0.278246
-0.213905
-0.155595
-0.117536
-0.114792
-0.150255
-0.186957
-0.166981
-0.119019
-0.062991
-0.007240
-0.015900
-0.051559
-0.081513
-0.106626
-0.086680
-0.033883
-0.008938
0.017938
0.006964
-0.000628
0.005001
0.057527
0.108186
0.173537
0.202798
0.187374
0.175661
0.152003
0.159051
0.185933
0.220214
0.228065
0.231076
0.206733
0.189366
0.199848
0.216015
0.266122
0.272393
0.235186
0.168370
0.011230
-0.115453
-0.188684
-0.214913
-0.164515
-0.155017
-0.138348
-0.147685
-0.166191
-0.115706
-0.059989
0.025631
0.059769
0.032705
-0.070651
-0.191415
-0.259376
-0.275853
-0.210302
-0.147306
-0.109209
-0.124390
-0.158593
-0.188587
-0.162578
-0.106508
-0.048452
-0.007042
-0.026785
-0.068156
-0.105936
-0.119302
-0.089043
-0.039673
-0.007740
0.006741
-0.005260
-0.011140
0.005550
0.064891
0.121529
0.173080
0.180745
0.163339
0.135771
0.125822
0.148932
0.182512
0.224608
0.230493
0.214438
0.193015
0.179573
0.183666
0.222387
0.243821
0.263613
0.229740
0.167486
0.085833
-0.054193
-0.120693
-0.167967
-0.170244
-0.146816
-0.166210
-0.154208
-0.169824
-0.142963
-0.079159
-0.023199
0.029969
0.019652
-0.044777
-0.146918
-0.213332
-0.249715
-0.211960
-0.156107
-0.124995
-0.120664
-0.154018
-0.179784
-0.173902
-0.127711
-0.075383
-0.029116
-0.026964
-0.060000
-0.089865
-0.106384
-0.094571
-0.047754
-0.021155
-0.000147
-0.007016
-0.015701
-0.005299
0.044498
0.103882
0.153349
0.175906
0.153592
0.134054
0.116457
0.135725
0.180005
0.220841
0.239591
0.225923
0.194983
0.177367
0.174186
0.192350
0.236155
0.260708
0.253381
0.206418
0.137183
0.017179
-0.081765
-0.135575
-0.167547
-0.164251
-0.200182
-0.193837
-0.214101
-0.187486
-0.107254
-0.042455
0.044386
0.051638
0.009637
-0.092116
-0.181076
-0.236772
-0.226274
-0.180057
-0.153363
-0.137726
-0.166442
-0.194942
-0.186965
-0.148792
-0.090547
-0.034956
-0.025208
-0.048582
-0.083304
-0.103089
-0.100385
-0.053505
-0.027351
0.000571
-0.006593
-0.021741
-0.020686
0.009469
0.075369
0.127001
0.173578
0.167377
0.145804
0.123959
0.128825
0.155484
0.197418
0.235527
0.230174
0.207907
0.176917
0.160879
0.169279
0.205489
0.242451
0.269359
0.255074
0.190945
0.115713
-0.023490
-0.114996
-0.159173
-0.160736
-0.157669
-0.162862
-0.163978
-0.198755
-0.159800
-0.109616
-0.032920
0.050062
0.055197
0.008825
-0.091565
-0.190373
-0.246552
-0.228592
-0.188444
-0.152102
-0.132585
-0.166913
-0.183538
-0.172770
-0.136934
-0.069989
-0.023335
-0.016490
-0.043764
-0.078261
-0.110044
-0.095401
-0.057145
-0.026757
0.005720
-0.005190
-0.013822
-0.011138
0.019771
0.076336
0.138624
0.176071
0.179022
0.170702
0.146908
0.157488
0.178698
0.196166
0.223682
0.213802
0.188174
0.180835
0.184802
0.203416
0.248047
0.276231
0.273734
0.228399
0.155614
0.033796
-0.084801
-0.146851
-0.181695
-0.157287
-0.172137
-0.165170
-0.168311
-0.173909
-0.105963
-0.047659
0.032339
0.068851
0.037227
-0.052735
-0.163173
-0.231204
-0.253455
-0.203266
-0.157527
-0.131209
-0.131052
-0.169378
-0.179041
-0.160664
-0.111975
-0.054582
-0.019452
-0.029247
-0.061404
-0.087156
-0.105323
-0.074943
-0.044907
-0.018145
-0.003048
-0.013747
-0.010874
0.001697
0.050430
0.098240
0.150858
0.167015
0.153392
0.139563
0.126723
0.145581
0.178850
0.208141
0.215159
0.204765
0.180793
0.178124
0.180808
0.208650
0.241513
0.265812
0.252137
0.204795
0.139233
0.003735
-0.087877
-0.149950
-0.181190
-0.150316
-0.167928
-0.158821
-0.160688
-0.167581
-0.104724
-0.052327
0.019525
0.043031
0.016242
-0.075194
-0.174255
-0.229879
-0.245976
-0.187279
-0.144983
-0.115573
-0.127449
-0.160235
-0.177560
-0.158341
-0.109361
-0.058368
-0.018539
-0.029736
-0.057008
-0.083474
-0.098741
-0.072074
-0.042326
-0.016244
-0.007967
-0.018076
-0.016533
0.005091
0.062764
0.112987
0.161938
0.171668
0.152374
0.137882
0.123949
0.148405
0.182214
0.213858
0.220041
0.201707
0.168991
0.153404
0.161391
0.194592
0.243394
0.275088
0.256048
0.195624
0.110710
-0.036147
-0.114175
-0.161370
-0.169709
-0.147286
-0.161771
-0.164784
-0.185869
-0.163333
-0.111904
-0.038170
0.021681
0.031359
-0.011971
-0.104032
-0.177329
-0.221120
-0.203981
-0.162470
-0.132712
-0.126797
-0.153368
-0.181126
-0.175434
-0.142513
-0.083251
-0.035632
-0.018215
-0.038553
-0.066814
-0.088523
-0.088086
-0.054377
-0.033404
-0.003572
-0.009525
-0.012380
-0.013737
0.015925
0.067272
0.126443
0.166543
0.166550
0.158718
0.133948
0.133813
0.155695
0.184434
0.199923
0.203003
0.181101
0.169211
0.159586
0.169515
0.201847
0.231919
0.246242
0.206203
0.167275
0.062073
-0.045900
-0.102855
-0.153690
-0.145410
-0.147076
-0.169126
-0.169573
-0.192348
-0.162173
-0.101858
-0.044091
0.004976
-0.002214
-0.052629
-0.126140
-0.177846
-0.198781
-0.171081
-0.142319
-0.130077
-0.140405
-0.173838
-0.186004
-0.166110
-0.116156
-0.061663
-0.026041
-0.027705
-0.055576
-0.078787
-0.094539
-0.076233
-0.046104
-0.021330
-0.005161
-0.011506
-0.014755
-0.004822
0.032940
0.084569
0.134679
0.156521
0.148351
0.138493
0.126188
0.139891
0.175360
0.202123
0.218959
0.209935
0.181235
0.160935
0.154482
0.172914
0.214546
0.247963
0.238800
0.195771
0.121288
-0.010360
-0.098021
-0.145000
-0.167430
-0.141277
-0.156286
-0.161932
-0.179975
-0.178497
-0.127009
-0.063982
0.002806
0.020267
-0.013973
-0.096482
-0.163772
-0.208609
-0.191964
-0.153525
-0.127517
-0.123754
-0.155218
-0.187338
-0.183980
-0.147697
-0.085968
-0.028914
-0.014034
-0.031364
-0.067242
-0.090921
-0.093576
-0.055657
-0.028773
0.001317
0.004622
-0.007348
-0.007123
0.014578
0.062422
0.119058
0.158337
0.165489
0.162436
0.140961
0.145958
0.162122
0.185152
0.214335
0.214974
0.202596
0.182560
0.161880
0.172824
0.201063
0.239541
0.246564
0.220226
0.155054
0.031878
-0.073738
-0.136355
-0.154177
-0.136162
-0.138143
-0.148298
-0.174155
-0.190933
-0.150256
-0.088332
-0.006037
0.036976
0.030397
-0.050279
-0.140060
-0.206490
-0.220874
-0.178925
-0.142913
-0.120264
-0.137692
-0.171552
-0.185580
-0.156174
-0.103726
-0.038177
-0.005398
-0.016932
-0.052866
-0.087149
-0.098602
-0.069135
-0.029249
0.001400
0.012952
-0.001265
-0.013934
-0.004917
0.038790
0.096361
0.151720
0.173871
0.171600
0.152206
0.147133
0.163158
0.189907
0.222222
0.222827
0.207968
0.185238
0.156537
0.165791
0.196526
0.232332
0.268359
0.240017
0.186742
0.088786
-0.042804
-0.108347
-0.154872
-0.151349
-0.154615
-0.171783
-0.180511
-0.207882
-0.157843
-0.101675
-0.014802
0.042848
0.036850
-0.022376
-0.113866
-0.180855
-0.210757
-0.174984
-0.149506
-0.126593
-0.142894
-0.179699
-0.195568
-0.173564
-0.120043
-0.050526
-0.011171
-0.011654
-0.043459
-0.076979
-0.093472
-0.072365
-0.033287
-0.007982
0.014692
-0.004288
-0.009849
-0.009458
0.033666
0.088561
0.142571
0.173838
0.174066
0.159925
0.151602
0.170672
0.194042
0.230291
0.232950
0.217499
0.187047
0.161420
0.158026
0.192171
0.235971
0.278929
0.264949
0.205051
0.118002
-0.027889
-0.097094
-0.137354
-0.144865
-0.137636
-0.161762
-0.183618
-0.209422
-0.178923
-0.115328
-0.021601
0.049835
0.057446
0.008109
-0.094934
-0.177286
-0.209991
-0.190285
-0.149945
-0.126351
-0.135299
-0.174841
-0.195045
-0.180710
-0.132277
-0.058573
-0.015827
-0.003720
-0.034969
-0.072559
-0.090662
-0.076416
-0.033808
-0.003749
0.018366
0.002799
-0.004316
-0.003310
0.035748
0.093236
0.142586
0.175900
0.173439
0.159774
0.155168
0.168204
0.198367
0.230475
0.242547
0.226325
0.199497
0.173612
0.172732
0.206719
0.245000
0.274250
0.237631
0.186381
0.058264
-0.067262
-0.122936
-0.172056
-0.144144
-0.151558
-0.164735
-0.173631
-0.195970
-0.142926
-0.076287
0.014432
0.065841
0.065464
-0.021807
-0.139913
-0.207235
-0.253455
-0.199111
-0.148808
-0.121451
-0.124831
-0.163083
-0.193526
-0.174410
-0.124594
-0.061872
-0.002522
-0.005066
-0.038402
-0.072655
-0.101975
-0.079630
-0.034568
-0.005259
0.015938
0.000382
-0.015337
-0.010688
0.037595
0.090868
0.158577
0.185199
0.179414
0.168179
0.152244
0.174302
0.203721
0.235918
0.240996
0.226069
0.182190
0.161397
0.168262
0.202479
0.258307
0.254483
0.219944
0.134377
-0.020015
-0.115813
-0.170712
-0.188912
-0.139339
-0.157100
-0.158559
-0.177859
-0.189570
-0.125852
-0.049805
0.033489
0.064796
0.037437
-0.075640
-0.170272
-0.235360
-0.235622
-0.176279
-0.131247
-0.118566
-0.141937
-0.186665
-0.204442
-0.164832
-0.107263
-0.031912
0.002383
-0.014017
-0.057210
-0.091675
-0.108166
-0.068865
-0.027332
0.007228
0.015641
-0.005146
-0.016998
-0.005543
0.040943
0.103931
0.168780
0.196950
0.196174
0.178526
0.173923
0.176515
0.208383
0.229187
0.228804
0.216339
0.185292
0.171511
0.179542
0.217452
0.240029
0.226096
0.184477
0.063800
-0.063163
-0.136620
-0.197270
-0.164334
-0.152793
-0.158673
-0.144152
-0.183962
-0.147921
-0.091970
-0.019570
0.046444
0.053731
-0.022672
-0.122325
-0.205475
-0.250989
-0.201834
-0.153570
-0.110655
-0.116244
-0.155986
-0.201806
-0.195060
-0.153267
-0.078383
-0.009847
0.005718
-0.019289
-0.061424
-0.097349
-0.088434
-0.043356
-0.009068
0.025173
0.013172
-0.002039
-0.012954
0.019885
0.073465
0.146876
0.189904
0.196015
0.179387
0.149989
0.154231
0.173934
0.214120
0.234107
0.236153
0.204508
0.172923
0.161929
0.175198
0.223576
0.243770
0.220840
0.168550
0.036009
-0.084919
-0.148515
-0.181701
-0.150891
-0.139894
-0.147677
-0.164697
-0.186994
-0.158248
-0.094905
-0.014080
0.030818
0.033294
-0.045505
-0.138197
-0.199197
-0.223110
-0.176085
-0.129732
-0.109716
-0.123737
-0.169005
-0.198146
-0.180187
-0.128749
-0.059129
-0.009036
-0.006507
-0.039518
-0.073452
-0.098278
-0.076922
-0.035251
0.004048
0.025762
0.014394
-0.001632
-0.006280
0.030256
0.085102
0.150451
0.176976
0.178706
0.161394
0.144250
0.156829
0.180617
0.212098
0.227354
0.218959
0.190225
0.164539
0.166106
0.190359
0.232583
0.249832
0.220885
0.164863
0.048748
-0.061170
-0.123979
-0.161003
-0.151760
-0.160833
-0.175003
-0.189923
-0.201595
-0.151911
-0.086037
-0.007276
0.034379
0.022641
-0.046935
-0.127916
-0.180515
-0.195301
-0.157711
-0.133335
-0.122388
-0.146571
-0.184091
-0.193440
-0.167274
-0.110236
-0.046218
-0.009153
-0.013668
-0.045072
-0.076075
-0.087908
-0.060938
-0.022693
0.008012
0.021562
0.004778
-0.002361
0.005882
0.045786
0.099720
0.147711
0.167612
0.160083
0.151622
0.144797
0.161034
0.190967
0.216371
0.212190
0.200026
0.166950
0.147209
0.162846
0.179910
0.225590
0.246612
0.220485
0.175904
0.095504
-0.023810
-0.078631
-0.116700
-0.132860
-0.136801
-0.174558
-0.198220
-0.221858
-0.187960
-0.127240
-0.043921
0.014609
0.018783
-0.025275
-0.098221
-0.158527
-0.178318
-0.157139
-0.139710
-0.127747
-0.153182
-0.185048
-0.196605
-0.169877
-0.118272
-0.049394
-0.016908
-0.016539
-0.042855
-0.076296
-0.081995
-0.061414
-0.020591
0.007964
0.026070
0.007879
-0.000869
-0.001007
0.031860
0.086486
0.133210
0.161010
0.158115
0.144046
0.136939
0.156318
0.181790
0.211093
0.218747
0.190748
0.166038
0.129032
0.126343
0.164837
0.198571
0.253469
0.254513
0.197475
0.132716
0.012693
-0.082806
-0.103658
-0.124734
-0.125152
-0.140282
-0.186142
-0.225135
-0.221377
-0.180223
-0.101824
-0.013448
0.012053
-0.001680
-0.066551
-0.140181
-0.172771
-0.158892
-0.140084
-0.118091
-0.127786
-0.175782
-0.193306
-0.195193
-0.152215
-0.080233
-0.029115
-0.013184
-0.026620
-0.070991
-0.090272
-0.079880
-0.047667
-0.002290
0.021145
0.016621
-0.000779
-0.007855
0.004514
0.059642
0.110152
0.155593
0.164798
0.152596
0.141310
0.143371
0.166725
0.196786
0.214777
0.202358
0.180893
0.145165
0.135714
0.147789
0.179199
0.222191
0.239795
0.211039
0.154468
0.062970
-0.041989
-0.083539
-0.119297
-0.119530
-0.140912
-0.174003
-0.205975
-0.227035
-0.185856
-0.132515
-0.046241
-0.005953
-0.005199
-0.042962
-0.107344
-0.143521
-0.148518
-0.135961
-0.127494
-0.131997
-0.168981
-0.191981
-0.190758
-0.158022
-0.094664
-0.041212
-0.021972
-0.025459
-0.059909
-0.078607
-0.072682
-0.047575
-0.008461
0.015773
0.020652
0.003015
0.000363
0.004061
0.052214
0.090375
0.129824
0.146878
0.137127
0.140556
0.146471
0.178639
0.206894
0.223550
0.212422
0.191576
0.158355
0.151318
0.163520
0.190310
0.230842
0.244870
0.218907
0.166155
0.088425
-0.017241
-0.066821
-0.101201
-0.121905
-0.143794
-0.181203
-0.212724
-0.227648
-0.185011
-0.125087
-0.042306
0.005864
0.001752
-0.031434
-0.094558
-0.138745
-0.142160
-0.132070
-0.125150
-0.131675
-0.166376
-0.196059
-0.190764
-0.158285
-0.100053
-0.041681
-0.025815
-0.031422
-0.062490
-0.085704
-0.079060
-0.050228
-0.014022
0.010650
0.012508
-0.006893
-0.010451
-0.000877
0.040786
0.089842
0.128464
0.150015
0.145268
0.140126
0.145784
0.168882
0.198106
0.219076
0.212493
0.186596
0.157454
0.137056
0.150312
0.177241
0.214552
0.233483
0.215796
0.163985
0.087900
-0.009431
-0.075746
-0.107275
-0.133427
-0.150994
-0.184491
-0.207937
-0.228711
-0.186999
-0.135568
-0.059193
-0.003591
-0.006791
