0.208332
0.180315
0.107738
0.066484
0.042851
0.026374
0.056080
0.153376
0.180691
0.250406
0.200055
0.031705
-0.154405
-0.224087
-0.272002
-0.168652
-0.027689
0.029922
0.013028
-0.020373
-0.125346
-0.171889
-0.198085
-0.211534
-0.206122
-0.114029
-0.053010
0.042056
0.179886
0.215121
0.244656
0.220779
0.154625
0.042349
0.013296
0.023076
0.085473
0.201457
0.273502
0.257350
0.205300
-0.061032
-0.231319
-0.312692
-0.304888
-0.183178
-0.011917
0.062197
0.086988
0.047244
-0.048690
-0.164598
-0.264922
-0.327569
-0.309463
-0.165497
-0.025048
0.114675
0.233251
0.253423
0.221121
0.184880
0.102954
0.027479
-0.015473
0.005468
0.054888
0.171773
0.215646
0.259206
0.212027
0.105285
-0.096603
-0.237943
-0.280194
-0.233097
-0.082445
0.032587
0.066008
0.035135
-0.064918
-0.171272
-0.243001
-0.263795
-0.248927
-0.160434
-0.053500
0.046730
0.135831
0.170585
0.183697
0.185122
0.166846
0.096247
0.065418
0.023064
0.041216
0.100999
0.171804
0.208930
0.238965
0.164845
-0.009249
-0.195098
-0.256314
-0.283538
-0.151786
-0.026426
0.030412
0.026228
-0.012892
-0.133631
-0.197412
-0.229755
-0.263845
-0.225650
-0.126420
-0.038559
0.062306
0.175693
0.240000
0.231809
0.221330
0.127723
0.024815
0.004496
0.031557
0.099568
0.179603
0.228554
0.205351
0.149455
0.046175
-0.149980
-0.210072
-0.240349
-0.216255
-0.098714
-0.013791
0.017224
-0.007092
-0.047022
-0.150586
-0.230269
-0.247535
-0.277716
-0.187694
-0.069727
0.048476
0.148762
0.214805
0.222326
0.187117
0.149142
0.084010
-0.009318
-0.013947
0.030277
0.110362
0.218966
0.268900
0.225918
0.141777
-0.000152
-0.174163
-0.244947
-0.246564
-0.177689
-0.075184
0.012826
0.013955
-0.012213
-0.081524
-0.195486
-0.282221
-0.281562
-0.251089
-0.135448
0.015136
0.076963
0.131355
0.189876
0.203568
0.182101
0.156887
0.097407
0.025012
0.018081
0.071576
0.153078
0.250088
0.278682
0.205199
0.060445
-0.179525
-0.303254
-0.313615
-0.218964
-0.066409
0.040556
0.042281
0.007675
-0.061256
-0.130592
-0.205884
-0.276415
-0.332799
-0.293500
-0.110161
0.046267
0.194657
0.279990
0.252296
0.194860
0.153200
0.070301
-0.002969
-0.024258
0.012810
0.060060
0.189548
0.253906
0.277424
0.224123
0.064353
-0.153757
-0.278630
-0.313424
-0.241836
-0.088926
0.013285
0.037246
0.009179
-0.061738
-0.182731
-0.239500
-0.275287
-0.265783
-0.155191
-0.062344
0.032364
0.146370
0.220298
0.261255
0.240187
0.169839
0.044902
-0.031624
-0.036094
-0.010060
0.131258
0.254720
0.294183
0.269260
0.150007
-0.025775
-0.208504
-0.278900
-0.266043
-0.178959
-0.042519
0.030082
0.012504
-0.031481
-0.125550
-0.196287
-0.230764
-0.234480
-0.218229
-0.125960
-0.025987
0.061170
0.128966
0.187639
0.194004
0.196563
0.171916
0.086287
0.043064
0.046776
0.041926
0.102270
0.184866
0.198832
0.190759
0.123039
-0.001348
-0.134033
-0.203634
-0.213750
-0.152284
-0.042560
0.016464
-0.010019
-0.089853
-0.175228
-0.228865
-0.233280
-0.206242
-0.157393
-0.079249
0.009641
0.071306
0.117312
0.194740
0.190802
0.178122
0.142943
0.045376
0.007212
0.031098
0.095613
0.186267
0.270948
0.236931
0.194003
0.060320
-0.116975
-0.217935
-0.235075
-0.183930
-0.076531
0.012491
0.044729
-0.005859
-0.094898
-0.195383
-0.246259
-0.260999
-0.236146
-0.174240
-0.073845
0.041823
0.131284
0.190014
0.199634
0.186876
0.160827
0.107501
0.022041
-0.001118
0.009907
0.074774
0.193858
0.276319
0.270136
0.230665
0.087867
-0.112744
-0.214701
-0.253717
-0.202535
-0.099083
0.001279
0.027510
0.006209
-0.077222
-0.176510
-0.234162
-0.250948
-0.239547
-0.167194
-0.067478
0.035676
0.085026
0.139380
0.161196
0.190702
0.204160
0.149561
0.054666
0.001819
0.001011
0.066526
0.202933
0.295022
0.294460
0.222339
0.071814
-0.118640
-0.229979
-0.254207
-0.202411
-0.103586
-0.006057
0.020349
-0.003949
-0.088881
-0.161430
-0.219275
-0.243616
-0.228490
-0.173310
-0.085573
0.012164
0.080983
0.138761
0.196834
0.216333
0.191726
0.151604
0.061396
0.024398
0.014870
0.044204
0.169293
0.241388
0.261953
0.218066
0.100236
-0.077839
-0.194239
-0.244390
-0.220236
-0.125898
-0.029151
-0.001911
0.002721
-0.078839
-0.156714
-0.217825
-0.226722
-0.231721
-0.163970
-0.077150
-0.024397
0.075686
0.174743
0.222679
0.250613
0.231793
0.104346
-0.004426
-0.024697
0.001679
0.102360
0.242720
0.273607
0.272738
0.198762
0.050414
-0.131146
-0.202534
-0.247714
-0.231017
-0.096434
-0.020370
0.001064
0.009794
-0.072427
-0.172009
-0.232687
-0.260708
-0.258704
-0.168207
-0.037558
0.065280
0.139560
0.182521
0.189159
0.178923
0.180572
0.098766
0.029295
0.022793
0.007278
0.078525
0.222051
0.285448
0.290356
0.214372
0.048069
-0.186057
-0.255267
-0.265311
-0.191795
-0.045582
0.016475
-0.006679
-0.042098
-0.125889
-0.202939
-0.213293
-0.222428
-0.226927
-0.161621
-0.069873
0.007402
0.108314
0.228809
0.257897
0.221754
0.199264
0.057723
-0.009676
0.005439
0.044243
0.137347
0.243618
0.271700
0.237933
0.157172
0.004923
-0.189088
-0.236152
-0.251368
-0.172923
-0.060809
0.013244
0.019769
-0.026474
-0.130253
-0.224901
-0.263797
-0.263262
-0.216222
-0.109496
0.014803
0.086020
0.147900
0.180383
0.184106
0.189374
0.138557
0.053809
-0.007150
-0.011054
0.046254
0.170013
0.286331
0.311052
0.267416
0.144718
-0.061545
-0.229629
-0.276009
-0.252601
-0.135117
-0.012181
0.040229
0.029327
-0.017020
-0.145697
-0.218630
-0.279491
-0.278878
-0.243110
-0.122058
-0.012263
0.086864
0.122870
0.185793
0.196991
0.238410
0.186078
0.100684
0.002009
-0.038281
0.015929
0.153288
0.259799
0.296529
0.257533
0.121466
-0.066600
-0.210105
-0.236301
-0.209390
-0.116725
-0.033600
-0.007193
-0.037075
-0.078901
-0.171544
-0.186578
-0.212869
-0.209284
-0.201070
-0.136104
-0.034866
0.053317
0.138292
0.232452
0.234650
0.225075
0.154879
0.061553
-0.007239
0.030562
0.104496
0.170976
0.261714
0.269449
0.181033
0.058063
-0.124847
-0.231805
-0.243872
-0.185567
-0.097520
-0.002043
0.012176
-0.021321
-0.082256
-0.175190
-0.231109
-0.256621
-0.259092
-0.202496
-0.083356
0.038822
0.130408
0.190975
0.232524
0.228172
0.187857
0.098274
0.030557
-0.013982
-0.004399
0.076935
0.179683
0.269267
0.304310
0.247977
0.043069
-0.146464
-0.271250
-0.275555
-0.170386
-0.040868
0.016767
0.027463
-0.031727
-0.129721
-0.210084
-0.239718
-0.252293
-0.212259
-0.154669
-0.064612
0.020294
0.114826
0.189221
0.242740
0.239633
0.176331
0.092241
0.009919
-0.014432
0.054202
0.161028
0.239805
0.290812
0.259556
0.121528
-0.078758
-0.216427
-0.261790
-0.221696
-0.089125
-0.007235
0.027417
0.024079
-0.066275
-0.178003
-0.242852
-0.266052
-0.270137
-0.178562
-0.074163
0.015774
0.092438
0.122624
0.138255
0.178638
0.195878
0.157265
0.087326
0.052447
-0.001755
0.079655
0.178913
0.246917
0.285752
0.228611
0.066494
-0.114728
-0.224001
-0.244504
-0.183693
-0.068128
-0.005133
-0.004066
-0.024666
-0.103704
-0.193396
-0.227779
-0.240817
-0.247856
-0.161440
-0.075117
-0.010242
0.073572
0.154030
0.210801
0.249618
0.213526
0.120463
0.030628
-0.007297
-0.024130
0.067135
0.189128
0.274583
0.291722
0.233221
0.046410
-0.143144
-0.245860
-0.257615
-0.185333
-0.062833
-0.013676
-0.007891
-0.029280
-0.109245
-0.200162
-0.227003
-0.257129
-0.232568
-0.168076
-0.064941
0.008461
0.099966
0.178745
0.221280
0.257868
0.219808
0.118200
0.019879
-0.022697
-0.000866
0.093298
0.228288
0.295542
0.291753
0.142761
-0.084884
-0.226293
-0.287185
-0.211845
-0.110709
-0.002148
0.001442
-0.029051
-0.100303
-0.179511
-0.204175
-0.229594
-0.253900
-0.205045
-0.135069
-0.006329
0.101242
0.211999
0.235030
0.237772
0.190513
0.071229
0.028641
-0.009937
0.010348
0.112709
0.184900
0.267459
0.298476
0.201922
0.000804
-0.161496
-0.272545
-0.269165
-0.171164
-0.065938
-0.036003
-0.031290
-0.052987
-0.119649
-0.128447
-0.170060
-0.273120
-0.264581
-0.222441
-0.120794
0.027443
0.184357
0.248505
0.285539
0.251357
0.154736
0.057611
0.001261
-0.040318
0.018167
0.122519
0.212446
0.280582
0.248069
0.122802
-0.071640
-0.188947
-0.241926
-0.203213
-0.111620
-0.036866
-0.034251
-0.048528
-0.117005
-0.175391
-0.207183
-0.214037
-0.209249
-0.159629
-0.106248
-0.024297
0.083045
0.179354
0.254986
0.270038
0.195336
0.074860
-0.000257
-0.033235
0.035693
0.146983
0.225054
0.278805
0.249989
0.099197
-0.059951
-0.190595
-0.232611
-0.204280
-0.122214
-0.051041
-0.037373
-0.046037
-0.089777
-0.152287
-0.194227
-0.221955
-0.230407
-0.196809
-0.124657
-0.034647
0.104926
0.196949
0.262199
0.274589
0.192562
0.087382
-0.010326
-0.021568
0.005948
0.115191
0.218576
0.274463
0.294091
0.147086
-0.035806
-0.172795
-0.254619
-0.214031
-0.151484
-0.044997
-0.041794
-0.024978
-0.074585
-0.134465
-0.159689
-0.211249
-0.247223
-0.215068
-0.175358
-0.043995
0.069600
0.179141
0.266404
0.283624
0.220688
0.129107
0.013618
-0.011476
0.027556
0.096045
0.180665
0.249251
0.265320
0.142555
-0.005898
-0.148480
-0.222476
-0.188670
-0.121801
-0.048977
-0.021931
-0.047777
-0.103749
-0.160597
-0.179091
-0.199693
-0.215826
-0.191801
-0.145945
-0.055257
0.051827
0.169689
0.274491
0.290084
0.238017
0.151277
0.017349
-0.023182
-0.006418
0.082477
0.199826
0.274646
0.280929
0.117627
-0.042296
-0.182655
-0.215388
-0.166001
-0.096065
-0.067846
-0.059473
-0.060233
-0.069025
-0.090180
-0.125290
-0.199968
-0.274866
-0.262883
-0.187896
-0.051567
0.114730
0.233464
0.279955
0.275997
0.189176
0.091844
0.003522
-0.018156
0.032475
0.111716
0.192055
0.252206
0.226261
0.156370
-0.005750
-0.108254
-0.194134
-0.188456
-0.150156
-0.088125
-0.055772
-0.035925
-0.061871
-0.110460
-0.173624
-0.209130
-0.264145
-0.212763
-0.142484
-0.019183
0.095238
0.218001
0.274154
0.280674
0.237889
0.115193
0.016710
-0.018121
0.002159
0.096537
0.201988
0.282807
0.222572
0.068099
-0.082361
-0.196402
-0.180486
-0.132126
-0.057792
-0.053134
-0.073591
-0.093086
-0.122619
-0.137980
-0.158226
-0.215807
-0.229522
-0.201989
-0.112539
0.019277
0.156024
0.266602
0.290765
0.253864
0.163828
0.054863
-0.019645
-0.000122
0.058111
0.157816
0.236753
0.257094
0.114223
-0.017231
-0.152794
-0.203005
-0.149227
-0.065353
-0.026007
-0.028737
-0.058248
-0.116453
-0.167891
-0.191481
-0.217294
-0.218866
-0.168340
-0.117390
-0.023985
0.099477
0.196289
0.261228
0.260586
0.170103
0.064498
-0.021639
-0.033545
0.017595
0.142493
0.238301
0.302267
0.268295
0.083495
-0.074840
-0.216057
-0.244301
-0.181954
-0.090994
-0.020237
-0.009415
-0.033354
-0.074721
-0.128393
-0.186278
-0.239367
-0.268803
-0.242668
-0.156543
-0.029852
0.142264
0.279516
0.333717
0.319295
0.208803
0.052369
-0.049998
-0.050832
0.020311
0.110934
0.223612
0.265328
0.165166
0.054628
-0.097673
-0.185075
-0.163882
-0.122878
-0.077421
-0.049920
-0.057317
-0.093429
-0.115917
-0.142394
-0.197840
-0.216425
-0.211253
-0.172186
-0.065672
0.061622
0.157017
0.245113
0.281753
0.224452
0.137821
0.037382
-0.033353
-0.016556
0.084740
0.174839
0.282586
0.289432
0.102047
-0.036423
-0.198572
-0.239693
-0.158683
-0.072163
-0.023749
-0.023447
-0.064623
-0.098985
-0.127913
-0.156735
-0.216028
-0.239952
-0.220859
-0.159348
-0.035949
0.111956
0.234746
0.337069
0.312828
0.205503
0.073458
-0.023687
-0.060479
0.017418
0.121912
0.201070
0.281354
0.179481
0.045114
-0.081504
-0.190086
-0.180111
-0.131473
-0.075926
-0.040578
-0.033250
-0.052641
-0.109601
-0.142008
-0.214783
-0.249143
-0.230680
-0.174846
-0.071868
0.060848
0.202120
0.296568
0.342614
0.259356
0.128921
0.014931
-0.063698
-0.039479
0.075363
0.173040
0.265019
0.237484
0.102612
-0.052287
-0.173683
-0.189109
-0.148655
-0.057192
-0.045474
-0.051186
-0.074379
-0.111870
-0.136925
-0.146538
-0.181098
-0.188288
-0.186772
-0.127151
-0.023132
0.130521
0.283661
0.331263
0.292955
0.187212
0.032691
-0.069071
-0.019168
0.080809
0.193682
0.280735
0.231856
0.050155
-0.072153
-0.195708
-0.196114
-0.105083
-0.039043
-0.028724
-0.035623
-0.050678
-0.098426
-0.087606
-0.134013
-0.223721
-0.239801
-0.221226
-0.152506
0.004287
0.151910
0.247554
0.296380
0.269143
0.181289
0.072250
-0.026548
-0.027423
0.040797
0.130861
0.218315
0.278595
0.185128
0.037883
-0.107440
-0.201491
-0.185590
-0.119763
-0.044762
-0.022399
-0.029915
-0.066932
-0.114137
-0.138365
-0.204330
-0.233357
-0.236315
-0.183551
-0.058808
0.092569
0.240151
0.315289
0.318560
0.244206
0.095711
-0.004878
-0.046253
-0.027494
0.073901
0.181622
0.284113
0.229959
0.114663
-0.065369
-0.179830
-0.179967
-0.158738
-0.071352
-0.041199
-0.036912
-0.052827
-0.092978
-0.139578
-0.203475
-0.231334
-0.239911
-0.198446
-0.080914
0.032596
0.196381
0.302964
0.331668
0.249984
0.161037
0.026215
-0.066018
-0.041126
0.058360
0.132385
0.278613
0.257127
0.117155
-0.017158
-0.168748
-0.210615
-0.152086
-0.067233
-0.039751
-0.022971
-0.054833
-0.108233
-0.135769
-0.153623
-0.221901
-0.230067
-0.215169
-0.131273
-0.004061
0.164036
0.235333
0.280004
0.249058
0.160502
0.083929
0.022869
-0.035662
0.004775
0.093025
0.178940
0.291806
0.206966
0.071616
-0.117989
-0.222012
-0.204218
-0.116085
-0.022336
-0.010245
-0.058480
-0.106681
-0.152844
-0.142797
-0.167186
-0.193816
-0.217681
-0.208651
-0.117349
0.024137
0.199247
0.302681
0.343920
0.265968
0.126681
-0.002546
-0.051313
-0.033172
0.084167
0.167904
0.260609
0.203214
0.065690
-0.072899
-0.181219
-0.150940
-0.123949
-0.063171
-0.050571
-0.071045
-0.081446
-0.098159
-0.138904
-0.188164
-0.241906
-0.267282
-0.242435
-0.099764
0.031207
0.218319
0.342444
0.319841
0.230668
0.097278
-0.011632
-0.057531
-0.014180
0.062461
0.113528
0.229056
0.245850
0.141984
0.042878
-0.128948
-0.200192
-0.193326
-0.141300
-0.077743
-0.043111
-0.039743
-0.093624
-0.122068
-0.166169
-0.226001
-0.219038
-0.206177
-0.144333
-0.035991
0.079926
0.186305
0.281248
0.312223
0.235935
0.118750
-0.011191
-0.066494
-0.015955
0.082615
0.208327
0.246768
0.171128
0.015455
-0.150234
-0.187208
-0.154109
-0.067183
-0.022430
-0.053676
-0.119297
-0.162676
-0.156087
-0.143755
-0.177781
-0.180941
-0.218802
-0.174744
-0.057458
0.092620
0.243004
0.329260
0.294794
0.188105
0.066166
-0.047520
-0.078298
0.009761
0.106149
0.213563
0.265224
0.156360
0.031667
-0.138183
-0.182694
-0.166709
-0.107432
-0.069191
-0.066216
-0.096057
-0.100752
-0.109697
-0.113490
-0.185909
-0.226403
-0.242594
-0.191013
-0.054593
0.064115
0.189522
0.303811
0.297663
0.228347
0.135601
-0.012283
-0.074743
-0.032370
0.070548
0.149587
0.273454
0.182225
0.055303
-0.089046
-0.183478
-0.186555
-0.111087
-0.050426
-0.040102
-0.065114
-0.112575
-0.161431
-0.151938
-0.181569
-0.197062
-0.203394
-0.183377
-0.093629
0.032932
0.186405
0.281154
0.302897
0.230712
0.110471
-0.004640
-0.058233
-0.029284
0.065394
0.163838
0.237896
0.225246
0.116496
-0.028096
-0.156801
-0.167787
-0.161360
-0.095191
-0.065983
-0.075586
-0.104834
-0.136603
-0.158473
-0.167749
-0.168550
-0.160099
-0.169517
-0.111532
-0.054610
0.061965
0.215782
0.299305
0.306343
0.217515
0.074397
-0.065785
-0.038072
0.037082
0.126317
0.257882
0.234782
0.085169
-0.043687
-0.179041
-0.182458
-0.107596
-0.018166
-0.026737
-0.047712
-0.112953
-0.190213
-0.172072
-0.149179
-0.174827
-0.176940
-0.198656
-0.149832
-0.040827
0.095935
0.233658
0.319647
0.294916
0.177172
0.056067
-0.023199
-0.027938
0.029344
0.119464
0.220241
0.234702
0.125039
-0.001133
-0.147729
-0.170877
-0.133366
-0.061561
-0.041890
-0.052217
-0.101485
-0.144112
-0.150607
-0.136854
-0.166791
-0.195494
-0.209137
-0.178585
-0.058123
0.053909
0.195915
0.303138
0.323397
0.239044
0.089087
-0.023738
-0.062001
-0.010530
0.104856
0.197684
0.286732
0.184594
0.050388
-0.091288
-0.183703
-0.159429
-0.111408
-0.072350
-0.068866
-0.081840
-0.105083
-0.151915
-0.122459
-0.144467
-0.176039
-0.177130
-0.196392
-0.122837
-0.011380
0.137573
0.268601
0.338646
0.290678
0.187769
0.035985
-0.069690
-0.059394
0.051414
0.120997
0.251334
0.219781
0.099517
-0.018891
-0.133799
-0.157801
-0.099403
-0.058445
-0.073511
-0.080184
-0.112612
-0.152110
-0.137119
-0.152732
-0.193545
-0.176133
-0.177378
-0.112112
-0.018871
0.110341
0.216474
0.294751
0.290410
0.196470
0.077610
-0.051573
-0.055131
0.057934
0.156330
0.274369
0.281590
0.106358
-0.036329
-0.196370
-0.202745
-0.138424
-0.053664
-0.025489
-0.045799
-0.077177
-0.116354
-0.140967
-0.130253
-0.195315
-0.218998
-0.231525
-0.174040
-0.050618
0.102807
0.255944
0.327184
0.305520
0.193459
0.057946
-0.015460
-0.021883
0.041892
0.130609
0.189708
0.247637
0.131106
0.038752
-0.082053
-0.152286
-0.135545
-0.086796
-0.058358
-0.051308
-0.067012
-0.117796
-0.168279
-0.149495
-0.197123
-0.203243
-0.168946
-0.151247
-0.066786
0.028244
0.139390
0.240306
0.303562
0.256148
0.185561
0.036707
-0.046442
-0.022292
0.077651
0.174012
0.296194
0.247709
0.084428
-0.067759
-0.208819
-0.196602
-0.117366
-0.023882
-0.010550
-0.024575
-0.075396
-0.142731
-0.185118
-0.210198
-0.249401
-0.222456
-0.187711
-0.087918
0.035805
0.192541
0.302656
0.313160
0.246515
0.119928
-0.030840
-0.074906
-0.022546
0.083788
0.182543
0.267378
0.286898
0.139734
0.047660
-0.101942
-0.178717
-0.143612
-0.133536
-0.090336
-0.055560
-0.054104
-0.087032
-0.123929
-0.145940
-0.205249
-0.196243
-0.178226
-0.147498
-0.069070
0.011228
0.115299
0.255798
0.344057
0.282004
0.166232
0.042643
-0.056942
0.000079
0.092753
0.184577
0.265057
0.193891
0.054513
-0.083105
-0.168430
-0.163590
-0.091416
-0.015844
-0.021943
-0.047727
-0.111718
-0.186160
-0.185627
-0.184917
-0.203573
-0.159882
-0.152015
-0.085698
0.013047
0.140462
0.239135
0.319338
0.306286
0.170786
0.029943
-0.058309
-0.051159
0.082201
0.189611
0.295305
0.243460
0.092222
-0.063042
-0.180741
-0.153958
-0.109265
-0.050631
-0.051536
-0.098598
-0.117044
-0.126036
-0.128867
-0.131867
-0.177551
-0.209727
-0.215500
-0.119158
-0.028374
0.133418
0.266318
0.317682
0.311675
0.193077
0.020830
-0.012988
-0.036060
0.044766
0.141347
0.217465
0.237273
0.113683
0.022116
-0.108527
-0.143958
-0.107587
-0.076274
-0.046732
-0.061415
-0.106812
-0.158957
-0.195631
-0.185392
-0.179412
-0.147371
-0.145874
-0.095962
-0.042006
0.068519
0.207618
0.262645
0.294986
0.224388
0.072482
-0.027246
-0.034465
0.006968
0.148821
0.245324
0.292879
0.168120
0.029268
-0.117874
-0.185104
-0.134780
-0.071582
-0.055189
-0.037385
-0.089010
-0.121964
-0.140594
-0.157435
-0.190882
-0.215065
-0.215178
-0.191024
-0.058890
0.081160
0.203069
0.295757
0.320533
0.214161
0.145846
-0.006774
-0.064017
-0.009031
0.075056
0.169728
0.313420
0.238167
0.097443
-0.037607
-0.180597
-0.176635
-0.107382
-0.051036
-0.067340
-0.063816
-0.127602
-0.173366
-0.161985
-0.165019
-0.201089
-0.169726
-0.180429
-0.100690
0.001302
0.169772
0.252570
0.329580
0.261681
0.135779
0.013213
-0.053154
-0.035139
0.077756
0.161860
0.257766
0.270176
0.140219
0.032988
-0.097367
-0.170778
-0.156729
-0.105618
-0.088504
-0.038522
-0.042068
-0.108944
-0.184923
-0.174812
-0.232127
-0.186223
-0.153693
-0.134983
-0.044627
0.037749
0.155010
0.274890
0.304586
0.223513
0.106594
0.009830
-0.016593
0.013281
0.121925
0.173334
0.269142
0.196815
0.070830
-0.028759
-0.142653
-0.168488
-0.117238
-0.078351
-0.065008
-0.034027
-0.068993
-0.156810
-0.172764
-0.194336
-0.234722
-0.170315
-0.151215
-0.096320
-0.002601
0.111002
0.218076
0.286894
0.257360
0.129827
-0.003082
-0.043355
-0.019240
0.069720
0.200056
0.258422
0.305210
0.177922
0.036979
-0.059852
-0.174425
-0.170352
-0.126209
-0.077639
-0.045744
-0.024581
-0.079637
-0.171130
-0.196759
-0.227035
-0.240751
-0.172121
-0.157839
-0.079152
0.005385
0.127002
0.222508
0.314430
0.284598
0.171380
0.054787
-0.037687
-0.033580
0.065402
0.154488
0.243542
0.277373
0.124916
0.009926
-0.109460
-0.171876
-0.142433
-0.083140
-0.061652
-0.055774
-0.066676
-0.124506
-0.190183
-0.186867
-0.234488
-0.222955
-0.163543
-0.120402
-0.024057
0.084193
0.172051
0.238213
0.290804
0.200510
0.113599
0.016038
0.002928
0.023008
0.121072
0.193046
0.271487
0.203407
0.069880
-0.057674
-0.178504
-0.171370
-0.115506
-0.046195
-0.030144
-0.056150
-0.128913
-0.204171
-0.220974
-0.197298
-0.204327
-0.146314
-0.138637
-0.066178
-0.007217
0.142162
0.242913
0.310405
0.253586
0.125582
-0.004813
-0.047446
-0.001027
0.095412
0.200440
0.259156
0.254801
0.094151
0.012662
-0.110319
-0.158390
-0.141530
-0.086620
-0.091390
-0.045189
-0.060108
-0.118777
-0.173296
-0.179272
-0.242652
-0.217823
-0.181772
-0.138362
-0.027245
0.093970
0.194277
0.240514
0.282597
0.194750
0.096603
0.007292
-0.011188
0.022643
0.136592
0.207057
0.289118
0.180604
0.063882
-0.069352
-0.193890
-0.162997
-0.100791
-0.040958
-0.019751
-0.045113
-0.137911
-0.212703
-0.217234
-0.208468
-0.212653
-0.161532
-0.157839
-0.079112
0.016464
0.154812
0.260401
0.324870
0.268075
0.095340
-0.024999
-0.055473
-0.027544
0.113953
0.228585
0.274719
0.249865
0.088973
-0.031425
-0.128411
-0.167036
-0.139694
-0.096663
-0.055188
-0.049283
-0.048322
-0.105823
-0.174492
-0.192380
-0.242160
-0.225389
-0.180029
-0.110413
-0.016000
0.075773
0.167411
0.235062
0.279415
0.187222
0.084725
0.009314
-0.020067
0.053717
0.137260
0.215213
0.266288
0.179985
0.041858
-0.071039
-0.160337
-0.172721
-0.099667
-0.031787
-0.037125
-0.029527
-0.121348
-0.208708
-0.227833
-0.226448
-0.209870
-0.153322
-0.117918
-0.043609
0.030449
0.143599
0.207650
0.262424
0.224592
0.114023
0.045832
-0.004763
0.019599
0.093622
0.165819
0.229664
0.239617
0.071847
-0.000262
-0.150022
-0.184527
-0.132609
-0.045572
-0.005803
0.013354
-0.064445
-0.181383
-0.256266
-0.252783
-0.248565
-0.171945
-0.105726
-0.089385
0.003326
0.065243
0.171201
0.256254
0.303082
0.161714
0.063702
-0.013326
-0.022423
0.038248
0.192588
0.252431
0.293882
0.159724
-0.005592
-0.138918
-0.207491
-0.168541
-0.099720
-0.011653
-0.006543
-0.042100
-0.123071
-0.199435
-0.232939
-0.208169
-0.197456
-0.143227
-0.132024
-0.045624
0.038966
0.151823
0.221967
0.281593
0.213256
0.118865
0.017297
-0.038329
0.024337
0.120410
0.204468
0.274939
0.211698
0.047077
-0.051759
-0.177737
-0.159123
-0.094217
-0.058964
-0.050154
-0.030092
-0.098047
-0.152204
-0.183348
-0.200408
-0.231234
-0.194697
-0.179520
-0.104993
0.016238
0.119717
0.234199
0.296210
0.263536
0.151142
0.052822
-0.016457
-0.040481
0.060178
0.161674
0.233918
0.288953
0.120552
0.009248
-0.135411
-0.209358
-0.141850
-0.070344
-0.018598
-0.017104
-0.068365
-0.155419
-0.226536
-0.199367
-0.215288
-0.178574
-0.152310
-0.130006
-0.039300
0.056949
0.189970
0.289208
0.312538
0.185820
0.063942
-0.016767
-0.053233
0.038373
0.159443
0.197218
0.247308
0.160223
0.024326
-0.061882
-0.140664
-0.147312
-0.101278
-0.035002
-0.048166
-0.033206
-0.085112
-0.200727
-0.226052
-0.246181
-0.247888
-0.168175
-0.120772
-0.021100
0.075529
0.173177
0.224227
0.256712
0.212914
0.100319
0.042809
-0.015445
-0.025615
0.078308
0.187163
0.260215
0.270215
0.115679
-0.040330
-0.204126
-0.212831
-0.143063
-0.035333
0.005880
-0.007822
-0.114149
-0.215263
-0.247865
-0.195800
-0.169415
-0.124285
-0.127234
-0.119490
-0.031619
0.109868
0.257109
0.300975
0.257591
0.111252
-0.013283
-0.070182
-0.003901
0.106005
0.233279
0.280154
0.251392
0.085660
-0.017216
-0.125366
-0.175256
-0.119935
-0.079999
-0.052946
-0.043450
-0.073290
-0.133780
-0.171768
-0.199197
-0.230612
-0.223571
-0.182307
-0.126633
-0.018669
0.084695
0.194229
0.251671
0.277522
0.177362
0.081621
0.003313
-0.023021
0.030845
0.120911
0.185215
0.260709
0.199405
0.072925
-0.046956
-0.164827
-0.177378
-0.112335
-0.044962
-0.041818
-0.035988
-0.131031
-0.217678
-0.212462
-0.203546
-0.185000
-0.110058
-0.115114
-0.096796
-0.039607
0.069380
0.190311
0.288542
0.282023
0.151528
0.037452
-0.016359
0.006767
0.105234
0.218542
0.223389
0.220052
0.077483
-0.050398
-0.148239
-0.146596
-0.114455
-0.044922
-0.018902
-0.043495
-0.096596
-0.168755
-0.226990
-0.224402
-0.207134
-0.188866
-0.154297
-0.106734
-0.000853
0.103971
0.225862
0.259514
0.241228
0.139176
0.050646
-0.009903
0.004037
0.059902
0.145089
0.201238
0.272612
0.174597
0.048168
-0.068172
-0.186097
-0.176737
-0.123530
-0.074349
-0.028927
-0.002994
-0.075264
-0.153125
-0.204643
-0.247319
-0.239328
-0.181835
-0.153308
-0.065779
0.039837
0.153058
0.253604
0.305703
0.216537
0.084188
-0.006264
-0.044840
0.045494
0.140440
0.221135
0.259697
0.228938
0.075795
-0.014721
-0.125878
-0.169942
-0.144927
-0.076658
-0.052574
-0.030695
-0.049843
-0.155669
-0.205750
-0.198620
-0.221721
-0.178539
-0.137624
-0.126648
-0.042807
0.045523
0.142540
0.222412
0.305107
0.210173
0.115722
0.047743
0.003037
0.029286
0.131453
0.176860
0.232532
0.195389
0.046331
-0.038424
-0.141594
-0.168948
-0.129995
-0.058555
-0.015519
0.009027
-0.046425
-0.162085
-0.241645
-0.257709
-0.262914
-0.191141
-0.125332
-0.057687
0.049716
0.145139
0.208100
0.254183
0.260784
0.146299
0.061244
-0.038166
-0.021085
0.041386
0.180475
0.266198
0.297962
0.193257
0.017841
-0.133573
-0.206533
-0.183448
-0.101467
-0.007626
-0.015655
-0.024713
-0.123496
-0.200028
-0.222832
-0.207668
-0.225601
-0.162997
-0.144386
-0.038011
0.070199
0.206248
0.248090
0.276092
0.193702
0.076752
0.023131
-0.023609
0.036811
0.123069
0.204086
0.260468
0.250902
0.079767
-0.006378
-0.145515
-0.183605
-0.149554
-0.070417
-0.041912
-0.025630
-0.080108
-0.168732
-0.208554
-0.206332
-0.193579
-0.136579
-0.111142
-0.109645
-0.030016
0.053437
0.178473
0.251094
0.283221
0.163590
0.093268
-0.000308
0.015796
0.081435
0.162574
0.208871
0.223688
0.149354
0.015096
-0.048480
-0.140678
-0.130868
-0.094996
-0.081541
-0.072727
-0.031493
-0.085523
-0.130342
-0.175261
-0.231116
-0.256195
-0.209577
-0.172900
-0.056783
0.095366
0.183366
0.261199
0.255068
0.205064
0.068268
-0.003717
-0.054585
0.016010
0.121613
0.208295
0.247592
0.268314
0.139457
0.037251
-0.036297
-0.146705
-0.163891
-0.158838
-0.125820
-0.081562
-0.005346
-0.045389
-0.106922
-0.172477
-0.257561
-0.283398
-0.205609
-0.159296
-0.037007
0.087800
0.175085
0.205201
0.282615
0.213978
0.112014
0.063096
-0.008986
0.022411
0.078134
0.179675
0.238130
0.255725
0.151033
0.002844
-0.120975
-0.203035
-0.181446
-0.097774
-0.061508
0.001782
-0.026189
-0.105192
-0.173858
-0.226976
-0.247082
-0.220535
-0.162435
-0.105015
-0.010925
0.075443
0.161925
0.223433
0.272497
0.211781
0.131145
0.033035
-0.052786
-0.019216
0.087421
0.182656
0.292100
0.269183
0.108077
-0.005888
-0.141775
-0.179444
-0.121416
-0.076435
-0.065339
-0.064899
-0.091130
-0.162131
-0.163043
-0.170559
-0.202026
-0.197431
-0.175190
-0.107857
0.002295
0.125707
0.245339
0.269774
0.232808
0.122532
0.005774
-0.025359
0.008554
0.084038
0.195073
0.220501
0.228512
0.185705
0.047511
-0.016603
-0.131939
-0.159930
-0.143941
-0.110779
-0.065577
-0.021011
-0.044210
-0.117161
-0.184728
-0.237177
-0.276121
-0.211869
-0.157795
-0.059588
0.066938
0.133484
0.223632
0.241191
0.219300
0.140529
0.055294
-0.024863
0.007861
0.069909
0.174438
0.238194
0.281806
0.178065
0.043274
-0.075715
-0.205557
-0.188153
-0.109749
-0.053359
-0.017566
-0.017933
-0.133376
-0.192355
-0.219082
-0.224018
-0.204427
-0.119177
-0.134225
-0.058365
0.022408
0.113591
0.224354
0.303527
0.251464
0.127560
0.043447
-0.041794
0.009204
0.105549
0.178892
0.245754
0.237882
0.086580
-0.010756
-0.133864
-0.171434
-0.133034
-0.060761
-0.049974
-0.046820
-0.078602
-0.180030
-0.197463
-0.177976
-0.184807
-0.159393
-0.137320
-0.142785
-0.045516
0.063636
0.188430
0.259333
0.288055
0.187454
0.062196
-0.026576
-0.061326
0.032558
0.153369
0.231082
0.283057
0.201279
0.056574
-0.016257
-0.136864
-0.152887
-0.128435
-0.114990
-0.097829
-0.037384
-0.081669
-0.128148
-0.144722
-0.196275
-0.232285
-0.198421
-0.177945
-0.112042
0.023406
0.119738
0.217217
0.278138
0.269609
0.129651
0.072554
0.005025
0.000478
0.065992
0.159092
0.202041
0.263455
0.151563
0.042230
-0.093733
-0.173432
-0.170950
-0.114091
-0.056900
-0.032347
-0.050479
-0.138109
-0.195719
-0.216944
-0.216608
-0.181160
-0.139084
-0.118845
-0.039840
0.023906
0.157037
0.235291
0.290013
0.206068
0.091839
0.009201
-0.013185
0.047025
0.153950
0.221858
0.234552
0.149417
0.022122
-0.048854
-0.127980
-0.113155
-0.085214
-0.064694
-0.070719
-0.058904
-0.101763
-0.169802
-0.191030
-0.220029
-0.242825
-0.160437
-0.124029
-0.063608
0.038214
0.106754
0.197091
0.222810
0.216440
0.116381
0.059074
0.002691
0.022136
0.087475
0.157927
0.210381
0.248518
0.139736
0.038922
-0.064779
-0.165003
-0.153803
-0.120564
-0.087266
-0.037273
-0.008547
-0.097304
-0.170847
-0.225959
-0.258650
-0.245383
-0.154861
-0.134245
-0.039201
0.047187
0.140878
0.217905
0.268669
0.207116
0.125427
0.043617
0.000215
0.033041
0.086267
0.171851
0.194985
0.213667
0.105536
0.000098
-0.116479
-0.165985
-0.130687
-0.089879
-0.059885
-0.021540
-0.108151
-0.178840
-0.213064
-0.218539
-0.193266
-0.159150
-0.131631
-0.111822
-0.009212
0.075641
0.202290
0.286397
0.265330
0.145673
0.048278
-0.021309
0.018327
0.091901
0.198580
0.236979
0.207169
0.078627
-0.059036
-0.148506
-0.158333
-0.087317
-0.039960
-0.027733
-0.039646
-0.105440
-0.192223
-0.205920
-0.215164
-0.206812
-0.178558
-0.155455
-0.117563
-0.003809
0.085628
0.203011
0.267954
0.241255
0.141087
0.068335
0.000774
0.027347
0.066628
0.144330
0.207799
0.220087
0.141869
0.042825
-0.070650
-0.171379
-0.143936
-0.128409
-0.071119
-0.020860
-0.043014
-0.124036
-0.183901
-0.219207
-0.223669
-0.190204
-0.127726
-0.134333
-0.050463
-0.004875
0.102125
0.194939
0.261326
0.242910
0.127300
0.043867
-0.009180
0.026642
0.104265
0.175811
0.211760
0.185237
0.073287
-0.019442
-0.108390
-0.135072
-0.103656
-0.059743
-0.012828
0.009171
-0.069135
-0.183566
-0.275019
-0.318756
-0.270642
-0.183390
-0.075813
-0.021485
0.040270
0.074535
0.117925
0.186788
0.228495
0.203483
0.119327
0.005818
0.019596
0.061641
0.174522
0.285423
0.260922
0.145450
-0.050543
-0.200803
-0.251929
-0.147359
-0.022476
0.040503
0.025361
-0.080255
-0.215192
-0.236041
-0.227635
-0.175089
-0.152276
-0.143246
-0.141844
-0.073968
0.035957
0.162891
0.242981
0.276268
0.201822
0.062576
-0.002154
-0.018943
0.039523
0.158324
0.216798
0.227003
0.201823
0.081060
-0.051623
-0.137708
-0.151700
-0.137196
-0.065171
-0.019081
-0.053553
-0.106772
-0.191354
-0.220695
-0.212718
-0.169787
-0.149962
-0.127141
-0.105036
-0.037341
0.060719
0.201885
0.277295
0.292777
0.174114
0.055720
-0.001126
0.014371
0.088260
0.175351
0.192808
0.182588
0.098770
-0.008873
-0.062667
-0.118521
-0.088315
-0.083848
-0.036658
-0.042780
-0.063320
-0.162023
-0.225527
-0.253361
-0.230516
-0.193737
-0.125069
-0.097931
-0.018089
0.067228
0.159879
0.221678
0.249645
0.199777
0.093964
0.061648
0.042811
0.053369
0.136673
0.175774
0.215527
0.169213
0.031565
-0.037879
-0.146040
-0.138967
-0.081069
-0.038022
-0.020312
-0.037898
-0.111310
-0.220203
-0.236902
-0.237693
-0.213528
-0.146899
-0.110738
-0.070158
0.015733
0.096956
0.175574
0.271716
0.276823
0.162658
0.075088
-0.007382
0.003850
0.076833
0.166375
0.234948
0.245111
0.126951
0.013895
-0.084749
-0.170421
-0.125596
-0.102637
-0.039060
-0.031587
-0.043390
-0.138042
-0.199890
-0.220474
-0.226723
-0.201506
-0.146652
-0.125371
-0.031258
0.049375
0.152677
0.216901
0.274549
0.232772
0.120214
0.061130
-0.001735
0.021035
0.099787
0.179106
0.242076
0.245305
0.111854
-0.005298
-0.124710
-0.163094
-0.150079
-0.080067
-0.021267
-0.022520
-0.074795
-0.190343
-0.250813
-0.252631
-0.213187
-0.152955
-0.101854
-0.078047
-0.014408
0.057302
0.178111
0.254173
0.288892
0.182563
0.069764
-0.011221
0.001222
0.073780
0.174167
0.253156
0.252790
0.170062
0.045180
-0.060859
-0.160096
-0.153628
-0.109617
-0.063288
-0.033104
-0.050271
-0.143513
-0.192260
-0.202061
-0.204230
-0.184243
-0.134356
-0.136049
-0.080765
0.000212
0.102842
0.182148
0.253656
0.238251
0.144486
0.080787
0.035728
0.030423
0.116147
0.158620
0.191237
0.199639
0.144263
0.047591
-0.013074
-0.122536
-0.149149
-0.110325
-0.094754
-0.043415
-0.017204
-0.110519
-0.202591
-0.235481
-0.260765
-0.213736
-0.132680
-0.093682
-0.051705
0.045909
0.104000
0.185236
0.270876
0.240614
0.126373
0.085207
0.009659
0.041207
0.093392
0.175502
0.212893
0.241971
0.158080
0.018781
-0.073201
-0.163478
-0.169973
-0.107937
-0.048055
-0.025398
-0.050521
-0.149262
-0.230773
-0.235602
-0.217232
-0.188231
-0.132110
-0.110677
-0.027723
0.059004
0.164808
0.241617
0.249717
0.184425
0.074951
0.005399
-0.020841
0.026474
0.137856
0.225600
0.247233
0.259258
0.144930
0.019773
-0.052589
-0.147784
-0.155641
-0.115914
-0.093027
-0.069850
-0.059697
-0.121925
-0.196115
-0.199708
-0.220863
-0.221623
-0.149792
-0.113355
-0.027387
0.063580
0.132281
0.217472
0.247464
0.205326
0.128536
0.051269
0.003329
0.016444
0.097615
0.178064
0.220629
0.260032
0.145165
0.021199
-0.016719
-0.144334
-0.136167
-0.127273
-0.114933
-0.067792
-0.038288
-0.115046
-0.182565
-0.202988
-0.227137
-0.222870
-0.131353
-0.114324
-0.046685
0.044604
0.092493
0.145032
0.233646
0.216424
0.164906
0.137496
0.061029
0.072909
0.085670
0.140777
0.164125
0.213098
0.158853
0.044943
-0.018608
-0.137248
-0.190953
-0.128423
-0.105847
-0.036076
-0.013393
-0.112897
-0.208608
-0.254599
-0.247784
-0.219074
-0.110297
-0.098061
-0.055007
0.045833
0.130107
0.215931
0.291878
0.203094
0.114674
0.029837
-0.014869
0.033823
0.107166
0.176528
0.208242
0.233055
0.205989
0.087568
0.010628
-0.122163
-0.217818
-0.189669
-0.176558
-0.081200
-0.030629
-0.073887
-0.156877
-0.201795
-0.236864
-0.211834
-0.147698
-0.103573
-0.062271
0.031933
0.102175
0.190856
0.239323
0.224849
0.141061
0.068592
0.018840
0.008062
0.077815
0.165124
0.193717
0.209862
0.190153
0.080137
0.014479
-0.058727
-0.141700
-0.164834
-0.149474
-0.137115
-0.064023
-0.061971
-0.131483
-0.179723
-0.235256
-0.245305
-0.193778
-0.120287
-0.046727
0.022644
0.107413
0.169324
0.216742
0.225881
0.162593
0.087991
0.009411
-0.017648
0.029473
0.139535
0.218317
0.274686
0.266998
0.134466
0.012204
-0.101151
-0.202320
-0.197447
-0.169038
-0.115718
-0.057190
-0.061934
-0.121240
-0.146934
-0.178400
-0.223176
-0.212910
-0.197721
-0.160052
-0.050763
0.064687
0.197475
0.255877
0.271602
0.170231
0.084600
0.043917
-0.000409
0.040546
0.087777
0.122451
0.208076
0.232799
0.215751
0.108203
0.013032
-0.143223
-0.237892
-0.208783
-0.188643
-0.083559
-0.016812
-0.086051
-0.145576
-0.192813
-0.243630
-0.199288
-0.143924
-0.126747
-0.068167
0.009018
0.069502
0.177856
0.259380
0.251067
0.190320
0.109719
0.006518
0.019564
0.070386
0.144676
0.222630
0.248265
0.157055
0.011269
-0.077934
-0.189303
-0.176359
-0.109788
-0.092515
-0.053914
-0.069579
-0.175468
-0.201962
-0.211992
-0.215101
-0.183003
-0.148940
-0.127915
-0.048622
0.043775
0.118112
0.233543
0.260698
0.192364
0.119514
0.038505
0.013411
0.035340
0.100217
0.193904
0.198334
0.218067
0.119173
0.008354
-0.050157
-0.165422
-0.161720
-0.132909
-0.108597
-0.048882
-0.065267
-0.135712
-0.197906
-0.246198
-0.237955
-0.211861
-0.147589
-0.105710
-0.036622
0.049558
0.126119
0.223615
0.244989
0.191859
0.133340
0.066665
0.032498
0.046150
0.087127
0.143750
0.193283
0.214568
0.133615
0.029908
-0.072003
-0.175631
-0.146859
-0.124718
-0.078756
-0.052270
-0.089842
-0.187629
-0.216475
-0.227570
-0.226212
-0.176932
-0.129511
-0.133435
-0.029351
0.057316
0.142472
0.222257
0.222974
0.174461
0.142176
0.076854
0.004403
0.073207
0.109774
0.167805
0.233080
0.231593
0.110542
0.012314
-0.119420
-0.213542
-0.165879
-0.112765
-0.068200
-0.011686
-0.060688
-0.187787
-0.227055
-0.251361
-0.249260
-0.190667
-0.145043
-0.122428
0.003774
0.103652
0.197735
0.250807
0.238320
0.118211
0.056966
0.005512
-0.013406
0.086650
0.140678
0.178497
0.219587
0.206693
0.149527
0.068792
-0.003652
-0.132376
-0.204076
-0.205226
-0.198480
-0.068399
-0.000274
-0.058573
-0.130686
-0.199303
-0.280191
-0.225997
-0.146692
-0.100624
-0.035223
0.021917
0.054131
0.129337
0.213000
0.240727
0.190517
0.129492
0.039950
0.019202
0.073209
0.121793
0.198470
0.228906
0.175200
0.080275
-0.018733
-0.094735
-0.171264
-0.147725
-0.122799
-0.099478
-0.013268
-0.078600
-0.153757
-0.197544
-0.262409
-0.241450
-0.188752
-0.133593
-0.050450
0.046687
0.098017
0.122385
0.208014
0.223456
0.168657
0.151921
0.065696
0.024003
0.058387
0.106116
0.183293
0.231922
0.237217
0.112413
0.011136
-0.088898
-0.198691
-0.180608
-0.125350
-0.099559
-0.036726
-0.059554
-0.161712
-0.207084
-0.232652
-0.230528
-0.187568
-0.136613
-0.079157
-0.007221
0.099846
0.199857
0.241543
0.247576
0.145873
0.053515
-0.012344
0.000759
0.060265
0.142262
0.197134
0.213951
0.220381
0.177732
0.089081
-0.015091
-0.131789
-0.200827
-0.213171
-0.162984
-0.080757
-0.046508
-0.069631
-0.122759
-0.199758
-0.254496
-0.228319
-0.182715
-0.108815
-0.015777
0.046393
0.122016
0.199149
0.229454
0.228588
0.183223
0.116916
0.038226
0.061222
0.062243
0.131126
0.226644
0.221258
0.166750
0.042895
-0.079853
-0.171747
-0.179174
-0.112579
-0.088168
-0.029432
-0.061907
-0.171302
-0.188196
-0.232036
-0.228103
-0.179548
-0.142162
-0.110304
-0.024417
0.082273
0.178424
0.253254
0.255460
0.157899
0.066873
-0.000432
-0.022927
0.053500
0.135259
0.186228
0.234950
0.225027
0.194467
0.095644
0.002130
-0.084988
-0.211351
-0.191986
-0.174608
-0.127600
-0.025969
-0.076925
-0.124416
-0.183147
-0.242881
-0.237953
-0.187539
-0.109270
-0.038035
0.041606
0.144487
0.187475
0.228472
0.206527
0.110358
0.069042
0.011193
0.033468
0.088784
0.149715
0.215670
0.197340
0.220122
0.154229
0.036218
-0.036740
-0.161012
-0.222363
-0.178341
-0.150763
-0.053275
-0.022503
-0.089813
-0.147849
-0.210561
-0.247983
-0.221763
-0.148228
-0.090090
-0.021152
0.066065
0.131177
0.186798
0.240539
0.193611
0.152940
0.082305
0.051621
0.051268
0.093709
0.161715
0.205387
0.197516
0.187081
0.041137
-0.041464
-0.116612
-0.202694
-0.159295
-0.099792
-0.071599
-0.047777
-0.125540
-0.194133
-0.227327
-0.196812
-0.163780
-0.144597
-0.090990
-0.069928
0.023621
0.135560
0.208581
0.265190
0.195490
0.120591
0.040477
0.004308
0.050127
0.114881
0.183640
0.224327
0.215164
0.169449
0.068447
-0.023078
-0.103473
-0.177428
-0.166997
-0.154654
-0.101972
-0.069298
-0.097042
-0.144242
-0.178913
-0.215993
-0.177535
-0.179493
-0.117080
-0.071185
0.013065
0.091396
0.173219
0.226170
0.231100
0.195191
0.118498
0.046180
0.036443
0.057352
0.100169
0.190882
0.205227
0.198440
0.104427
-0.007224
-0.094335
-0.142442
-0.154314
-0.114607
-0.089416
-0.070680
-0.133502
-0.192018
-0.215806
-0.213099
-0.164354
-0.141541
-0.109459
-0.088194
-0.018042
0.066517
0.176302
0.238987
0.241085
0.168622
0.094379
0.043923
0.048446
0.092356
0.154049
0.175036
0.174855
0.153688
0.081854
0.015263
-0.056271
-0.149949
-0.165450
-0.145837
-0.111828
-0.046233
-0.084706
-0.145367
-0.200398
-0.232906
-0.213448
-0.169805
-0.111971
-0.068611
0.017074
0.091396
0.162900
0.232113
0.211835
0.163473
0.106112
0.042550
0.019267
0.082487
0.144478
0.205688
0.229334
0.193496
0.104650
-0.015402
-0.122958
-0.170119
-0.160855
-0.100776
-0.055784
-0.049169
-0.139283
-0.203220
-0.232397
-0.243367
-0.183555
-0.148698
-0.111193
-0.065380
0.019864
0.113258
0.207702
0.235437
0.192909
0.117520
0.059779
0.025714
0.058775
0.102334
0.170744
0.202716
0.208664
0.182787
0.091208
0.007455
-0.098182
-0.169195
-0.171494
-0.141494
-0.083107
-0.047906
-0.101856
-0.159409
-0.199805
-0.227324
-0.198125
-0.163823
-0.137657
-0.070800
-0.008497
0.056531
0.163544
0.224368
