-0.029175
-0.060820
-0.118055
-0.159252
-0.172594
-0.152594
-0.119880
-0.092003
-0.079833
-0.069643
-0.069439
-0.064673
-0.059724
-0.053673
-0.047021
-0.029972
0.001376
0.031598
0.054258
0.063665
0.073233
0.088372
0.114318
0.142757
0.171821
0.188745
0.193785
0.202114
0.206511
0.207398
0.189603
0.134426
0.031912
-0.076077
-0.164217
-0.192059
-0.162975
-0.102454
-0.044009
-0.026053
-0.051089
-0.106579
-0.147730
-0.168496
-0.150287
-0.122618
-0.093054
-0.075840
-0.064528
-0.062760
-0.055591
-0.047306
-0.044062
-0.037606
-0.030216
-0.010289
0.017169
0.042024
0.061312
0.081712
0.099343
0.122663
0.148129
0.169449
0.187592
0.195083
0.199143
0.205076
0.204405
0.183863
0.135404
0.044568
-0.058648
-0.141762
-0.176654
-0.159176
-0.105981
-0.051906
-0.030792
-0.049420
-0.098764
-0.143657
-0.163065
-0.153114
-0.122423
-0.087682
-0.065618
-0.054967
-0.054827
-0.058609
-0.057753
-0.053807
-0.042716
-0.025487
0.004508
0.031791
0.051974
0.062760
0.076355
0.095843
0.123998
0.152778
0.174581
0.186997
0.191106
0.190644
0.202189
0.203031
0.190535
0.145050
0.049052
-0.057740
-0.145894
-0.184973
-0.163207
-0.107461
-0.052000
-0.027838
-0.046373
-0.094252
-0.137963
-0.160669
-0.150834
-0.126023
-0.095680
-0.076267
-0.061001
-0.055453
-0.052112
-0.049036
-0.048205
-0.043078
-0.029094
-0.004386
0.025480
0.048238
0.061534
0.077984
0.092611
0.116938
0.143672
0.167751
0.187397
0.195736
0.198472
0.201112
0.201957
0.184378
0.142413
0.051118
-0.049510
-0.143210
-0.183081
-0.169017
-0.112402
-0.055127
-0.026744
-0.044971
-0.091980
-0.140129
-0.163507
-0.155329
-0.129159
-0.097139
-0.077698
-0.063227
-0.058296
-0.054257
-0.051237
-0.048106
-0.044813
-0.032973
-0.014921
0.015895
0.040127
0.060667
0.076374
0.095653
0.116355
0.141322
0.159808
0.177534
0.181605
0.187153
0.191868
0.195444
0.182543
0.144638
0.062353
-0.038280
-0.129185
-0.174645
-0.166991
-0.117676
-0.064906
-0.036319
-0.049580
-0.089697
-0.131957
-0.151091
-0.147048
-0.123239
-0.097461
-0.081875
-0.069585
-0.063622
-0.056774
-0.049299
-0.044177
-0.041205
-0.032625
-0.014561
0.014072
0.037040
0.059547
0.072919
0.092826
0.109961
0.134493
0.160720
0.178872
0.189810
0.192168
0.192677
0.191043
0.176943
0.140317
0.059134
-0.038881
-0.128498
-0.176057
-0.172222
-0.126412
-0.074230
-0.041133
-0.051470
-0.090812
-0.133196
-0.159592
-0.156742
-0.133497
-0.106093
-0.084542
-0.069401
-0.065170
-0.059578
-0.056642
-0.050495
-0.044858
-0.030554
-0.011724
0.016679
0.036512
0.051728
0.063877
0.081867
0.105308
0.136954
0.161966
0.180618
0.184275
0.185029
0.186735
0.187841
0.174148
0.135500
0.053786
-0.046272
-0.132920
-0.179344
-0.171163
-0.123752
-0.068607
-0.040987
-0.051376
-0.094860
-0.140007
-0.163608
-0.157245
-0.131907
-0.098108
-0.078241
-0.067804
-0.066173
-0.067467
-0.065147
-0.058492
-0.051324
-0.032930
-0.011648
0.015371
0.033028
0.048557
0.061014
0.080382
0.103116
0.131177
0.155430
0.177690
0.186194
0.188778
0.190455
0.186751
0.173110
0.130206
0.048804
-0.051092
-0.136164
-0.180672
-0.168055
-0.119850
-0.067741
-0.041759
-0.055390
-0.098845
-0.140610
-0.161105
-0.153809
-0.126029
-0.097392
-0.078591
-0.068969
-0.065461
-0.061575
-0.053868
-0.050083
-0.043174
-0.034833
-0.013844
0.011123
0.034546
0.050228
0.069874
0.091235
0.116095
0.145810
0.168209
0.185760
0.187332
0.184845
0.181913
0.181444
0.166643
0.131061
0.046068
-0.052051
-0.140605
-0.182615
-0.170899
-0.118002
-0.062960
-0.038402
-0.055735
-0.103448
-0.142560
-0.164361
-0.150155
-0.122888
-0.090105
-0.073640
-0.063192
-0.062656
-0.060913
-0.056945
-0.050704
-0.043935
-0.029460
-0.005673
0.020124
0.044025
0.058483
0.073839
0.090763
0.111487
0.142521
0.166134
0.183196
0.188860
0.189181
0.186256
0.186450
0.169650
0.127128
0.040489
-0.061280
-0.148838
-0.187837
-0.171131
-0.114524
-0.055273
-0.030683
-0.048699
-0.096771
-0.146499
-0.166564
-0.153648
-0.119870
-0.086916
-0.067064
-0.061543
-0.060744
-0.060302
-0.052775
-0.045422
-0.036917
-0.024065
-0.001682
0.024668
0.045905
0.065026
0.081751
0.099724
0.121420
0.142932
0.162851
0.180377
0.189841
0.192362
0.195932
0.186388
0.164714
0.111493
0.019150
-0.076457
-0.153585
-0.181136
-0.157950
-0.102670
-0.054473
-0.035793
-0.060528
-0.103945
-0.140892
-0.152777
-0.140174
-0.112339
-0.088358
-0.073403
-0.064880
-0.058170
-0.051559
-0.041938
-0.039251
-0.036385
-0.028146
-0.002473
0.023677
0.049132
0.064964
0.079567
0.094866
0.118802
0.144405
0.172147
0.189106
0.193717
0.194982
0.189777
0.183879
0.161793
0.111464
0.017133
-0.078298
-0.159004
-0.179871
-0.151678
-0.091731
-0.043213
-0.030663
-0.062124
-0.112454
-0.146893
-0.156511
-0.135442
-0.104419
-0.082254
-0.070496
-0.065093
-0.061743
-0.052611
-0.041158
-0.036279
-0.029798
-0.020969
0.002990
0.029467
0.058324
0.078789
0.099170
0.111496
0.129405
0.144221
0.163070
0.181001
0.191575
0.197958
0.199822
0.185166
0.157666
0.096801
0.002870
-0.087476
-0.157402
-0.178363
-0.151926
-0.095672
-0.048868
-0.032521
-0.061532
-0.105348
-0.143507
-0.151178
-0.137451
-0.106824
-0.081805
-0.067043
-0.060844
-0.055768
-0.051104
-0.042213
-0.036028
-0.029864
-0.017665
0.007113
0.031894
0.058980
0.079506
0.101193
0.115790
0.135469
0.150167
0.169320
0.181046
0.190836
0.195075
0.198459
0.183371
0.152406
0.077267
-0.018601
-0.110149
-0.168365
-0.173195
-0.137448
-0.079449
-0.042140
-0.038076
-0.072198
-0.116773
-0.150011
-0.154209
-0.134781
-0.098756
-0.074333
-0.060731
-0.058043
-0.058780
-0.054752
-0.047223
-0.037314
-0.026460
-0.006128
0.015921
0.035783
0.054955
0.071488
0.091587
0.113124
0.135842
0.157770
0.178129
0.184101
0.191999
0.191349
0.189697
0.171400
0.137846
0.058946
-0.033713
-0.124313
-0.175250
-0.172490
-0.127700
-0.070443
-0.037399
-0.045925
-0.087674
-0.130936
-0.156787
-0.151495
-0.125185
-0.092851
-0.074472
-0.063913
-0.062452
-0.061588
-0.053196
-0.044528
-0.033236
-0.022807
-0.005434
0.017352
0.034671
0.053656
0.070966
0.094626
0.119971
0.148498
0.168871
0.184278
0.186828
0.186890
0.187854
0.187133
0.173741
0.131259
0.046617
-0.051653
-0.136656
-0.178105
-0.165453
-0.117259
-0.065531
-0.041477
-0.055326
-0.098142
-0.136940
-0.157080
-0.148547
-0.124352
-0.097139
-0.080257
-0.066603
-0.062721
-0.053999
-0.050367
-0.044282
-0.039851
-0.025605
-0.003087
0.025034
0.046111
0.066489
0.083194
0.102480
0.125586
0.149254
0.170255
0.186004
0.195482
0.200275
0.204680
0.194823
0.166376
0.102946
0.006694
-0.092591
-0.168936
-0.190545
-0.163509
-0.105658
-0.052804
-0.038543
-0.063608
-0.112553
-0.154152
-0.168652
-0.153497
-0.123057
-0.091436
-0.072446
-0.061808
-0.062774
-0.059428
-0.054142
-0.044361
-0.031933
-0.012192
0.009915
0.028772
0.042103
0.058309
0.083031
0.114895
0.152077
0.178131
0.190778
0.189513
0.185688
0.190151
0.198143
0.192620
0.158237
0.071699
-0.039161
-0.138814
-0.191937
-0.186502
-0.136466
-0.077102
-0.045218
-0.055862
-0.097334
-0.143565
-0.165635
-0.160205
-0.134405
-0.103747
-0.085385
-0.072600
-0.067861
-0.064457
-0.060489
-0.052233
-0.046784
-0.032546
-0.010663
0.015966
0.039615
0.058307
0.076160
0.101082
0.125751
0.152813
0.174475
0.188323
0.194644
0.199851
0.204897
0.205220
0.182247
0.122890
0.014711
-0.093652
-0.181024
-0.205456
-0.176893
-0.112762
-0.060832
-0.043396
-0.072344
-0.119964
-0.158801
-0.169706
-0.154027
-0.126542
-0.099801
-0.085116
-0.071283
-0.065414
-0.056361
-0.051509
-0.046509
-0.041480
-0.022714
0.001662
0.025257
0.049373
0.069710
0.092891
0.114641
0.138792
0.162714
0.182920
0.195985
0.204197
0.209775
0.209765
0.194598
0.151093
0.061866
-0.048179
-0.146450
-0.203112
-0.195003
-0.145713
-0.081472
-0.043873
-0.054180
-0.097516
-0.143003
-0.172681
-0.164200
-0.139331
-0.106898
-0.084120
-0.069236
-0.064882
-0.060232
-0.057382
-0.051515
-0.046847
-0.033765
-0.014310
0.013250
0.034096
0.056169
0.076007
0.100701
0.125159
0.154793
0.173291
0.193717
0.201870
0.210146
0.214832
0.212410
0.188136
0.128327
0.022719
-0.091401
-0.177675
-0.208527
-0.180390
-0.114818
-0.058202
-0.035958
-0.064199
-0.121428
-0.164510
-0.179458
-0.159607
-0.119802
-0.086234
-0.068311
-0.061218
-0.063215
-0.059736
-0.053012
-0.044008
-0.037172
-0.024576
-0.002724
0.023766
0.049309
0.076101
0.100864
0.123197
0.144093
0.165110
0.182072
0.198159
0.205677
0.216669
0.218019
0.211829
0.171051
0.085053
-0.033047
-0.140209
-0.203295
-0.199910
-0.148990
-0.076278
-0.035826
-0.042171
-0.089877
-0.143357
-0.172321
-0.165976
-0.136481
-0.101677
-0.082455
-0.070310
-0.064913
-0.061323
-0.052106
-0.046329
-0.043362
-0.033392
-0.014764
0.012789
0.040378
0.061655
0.084407
0.107799
0.128918
0.154013
0.175540
0.192201
0.204294
0.212985
0.221428
0.221742
0.203216
0.141925
0.035001
-0.081608
-0.178286
-0.208345
-0.182273
-0.117181
-0.056441
-0.033946
-0.062601
-0.111744
-0.157088
-0.171255
-0.155085
-0.123799
-0.094980
-0.076907
-0.066748
-0.058995
-0.052960
-0.044781
-0.041266
-0.034240
-0.021202
0.004672
0.029624
0.052191
0.072948
0.096814
0.118656
0.145341
0.170648
0.195908
0.213819
0.218695
0.222512
0.221795
0.207254
0.172578
0.086728
-0.031106
-0.136864
-0.204715
-0.199676
-0.147765
-0.075684
-0.033551
-0.038226
-0.089763
-0.143554
-0.178106
-0.174361
-0.142396
-0.101808
-0.077253
-0.062373
-0.058508
-0.057033
-0.050890
-0.043911
-0.037855
-0.026646
-0.008689
0.017180
0.043103
0.067936
0.094685
0.118383
0.138779
0.165710
0.182628
0.202343
0.213733
0.219740
0.227329
0.222936
0.197570
0.131563
0.018684
-0.096072
-0.186813
-0.206773
-0.178183
-0.104513
-0.050625
-0.033765
-0.068986
-0.120449
-0.166493
-0.170920
-0.151620
-0.113103
-0.086645
-0.068380
-0.061607
-0.056280
-0.052171
-0.045656
-0.042044
-0.036697
-0.020798
0.006036
0.034989
0.062249
0.082862
0.103618
0.122118
0.144709
0.165675
0.194109
0.209195
0.228104
0.237167
0.242473
0.225894
0.176277
0.072573
-0.049190
-0.159613
-0.217580
-0.199229
-0.139876
-0.066067
-0.026323
-0.040260
-0.095615
-0.150688
-0.183466
-0.174468
-0.140812
-0.101321
-0.075833
-0.060169
-0.056584
-0.053483
-0.048226
-0.043868
-0.035546
-0.027566
-0.008947
0.016510
0.044119
0.068257
0.094583
0.116525
0.140146
0.161393
0.179309
0.194500
0.207124
0.218049
0.228267
0.224677
0.199093
0.129763
0.017067
-0.098371
-0.188516
-0.211908
-0.181033
-0.110181
-0.052434
-0.032553
-0.064774
-0.113745
-0.159996
-0.172662
-0.156692
-0.121131
-0.090075
-0.068769
-0.059365
-0.056149
-0.054070
-0.051447
-0.048931
-0.040752
-0.023293
0.006446
0.034493
0.056560
0.073644
0.094134
0.114014
0.144952
0.168584
0.193082
0.204035
0.211486
0.219226
0.225786
0.216521
0.178348
0.089216
-0.034288
-0.144479
-0.211079
-0.202559
-0.146220
-0.070594
-0.034072
-0.040699
-0.094108
-0.144868
-0.173236
-0.166639
-0.137353
-0.102596
-0.083895
-0.070870
-0.062602
-0.056777
-0.045867
-0.041865
-0.040909
-0.035885
-0.015672
0.014244
0.045104
0.070593
0.086968
0.103088
0.120561
0.143648
0.172625
0.196749
0.210940
0.214572
0.215408
0.210206
0.189606
0.133052
0.030120
-0.082353
-0.179672
-0.212329
-0.187805
-0.117650
-0.056056
-0.029501
-0.058476
-0.111698
-0.162089
-0.175939
-0.159879
-0.122005
-0.090420
-0.070579
-0.063657
-0.061306
-0.059100
-0.052614
-0.049259
-0.042075
-0.028080
-0.003991
0.022687
0.049706
0.070148
0.093563
0.112139
0.134883
0.158092
0.184172
0.201475
0.213170
0.218918
0.220143
0.205230
0.171897
0.094406
-0.015085
-0.121402
-0.199843
-0.210415
-0.170988
-0.100681
-0.048557
-0.039095
-0.078524
-0.132959
-0.175365
-0.181550
-0.154014
-0.115922
-0.085238
-0.069811
-0.064903
-0.065298
-0.059375
-0.054366
-0.046829
-0.041639
-0.021559
0.005845
0.032544
0.057995
0.075844
0.095045
0.112326
0.135775
0.158324
0.184475
0.198130
0.208782
0.210872
0.209095
0.190658
0.146961
0.048335
-0.063856
-0.166821
-0.215612
-0.200620
-0.136227
-0.069292
-0.035776
-0.052313
-0.107163
-0.157753
-0.181009
-0.170573
-0.131979
-0.095093
-0.076388
-0.066800
-0.068187
-0.066196
-0.058752
-0.050503
-0.042095
-0.028677
-0.008108
0.015746
0.039846
0.057218
0.076351
0.097561
0.116500
0.142390
0.167664
0.184972
0.197741
0.202600
0.204813
0.200486
0.176673
0.119210
0.013713
-0.090365
-0.180925
-0.208886
-0.180441
-0.115396
-0.059073
-0.037445
-0.068303
-0.117503
-0.162584
-0.175494
-0.159540
-0.121281
-0.091068
-0.073266
-0.064241
-0.063932
-0.059849
-0.049672
-0.048682
-0.041662
-0.030951
-0.006780
0.023976
0.051903
0.066873
0.085710
0.098862
0.120766
0.143877
0.166062
0.182295
0.190805
0.196677
0.201246
0.195311
0.168968
0.101865
-0.004565
-0.109685
-0.188659
-0.200937
-0.164351
-0.096723
-0.048406
-0.035453
-0.072267
-0.120425
-0.162054
-0.166897
-0.150033
-0.113686
-0.089307
-0.072183
-0.065588
-0.061843
-0.058848
-0.049941
-0.046319
-0.037778
-0.023787
0.000006
0.027304
0.050464
0.066246
0.083921
0.101421
0.125763
0.148119
0.171596
0.185700
0.195755
0.197185
0.195890
0.183125
0.153850
0.084101
-0.016003
-0.114810
-0.184182
-0.190017
-0.151434
-0.085516
-0.041216
-0.037413
-0.077049
-0.123526
-0.158459
-0.159250
-0.134940
-0.102917
-0.079587
-0.066215
-0.064200
-0.060583
-0.054330
-0.050825
-0.044912
-0.034174
-0.017733
0.012059
0.039061
0.055930
0.069374
0.076645
0.093668
0.121355
0.149278
0.171155
0.182647
0.182566
0.184757
0.187872
0.181142
0.153320
0.087576
-0.012639
-0.110127
-0.176234
-0.183164
-0.141434
-0.080608
-0.039355
-0.037669
-0.072164
-0.118553
-0.146403
-0.149024
-0.128019
-0.099037
-0.077965
-0.065998
-0.059384
-0.055870
-0.050519
-0.044568
-0.041092
-0.032672
-0.015167
0.010408
0.039437
0.056694
0.070718
0.082004
0.098649
0.120601
0.145502
0.163548
0.176312
0.175334
0.178634
0.178727
0.172594
0.148095
0.089936
-0.001708
-0.093807
-0.160659
-0.177487
-0.142214
-0.087601
-0.042058
-0.033457
-0.063247
-0.109530
-0.140650
-0.147840
-0.129744
-0.102392
-0.081756
-0.069879
-0.063905
-0.059468
-0.052446
-0.042233
-0.038270
-0.032253
-0.021872
-0.000707
0.028071
0.046243
0.062874
0.075571
0.096540
0.121504
0.147776
0.165900
0.176500
0.175574
0.174810
0.174586
0.168975
0.147061
0.095023
0.008036
-0.085184
-0.152759
-0.177654
-0.148814
-0.096191
-0.049316
-0.036761
-0.062833
-0.106433
-0.139751
-0.149807
-0.132480
-0.103915
-0.080034
-0.066988
-0.064132
-0.062166
-0.059798
-0.051393
-0.043948
-0.032581
-0.014883
0.011141
0.034577
0.051140
0.061980
0.076291
0.095271
0.120789
0.145692
0.164901
0.172543
0.174910
0.178334
0.181884
0.175105
0.150812
0.093144
0.001374
-0.091530
-0.161348
-0.178441
-0.148143
-0.092813
-0.048219
-0.035557
-0.062502
-0.106884
-0.142401
-0.154411
-0.140795
-0.114056
-0.089402
-0.073884
-0.064164
-0.060960
-0.055404
-0.050319
-0.042118
-0.032769
-0.017572
0.004195
0.027012
0.044234
0.058259
0.075377
0.095418
0.126859
0.150043
0.173097
0.179332
0.179301
0.175752
0.179262
0.170314
0.151024
0.092366
-0.001153
-0.097192
-0.168813
-0.186062
-0.152290
-0.092441
-0.049011
-0.039176
-0.072507
-0.117628
-0.149718
-0.156361
-0.135303
-0.105900
-0.083086
-0.072906
-0.067080
-0.064982
-0.056438
-0.047578
-0.036905
-0.030038
-0.017331
0.000934
0.024594
0.046020
0.066079
0.086354
0.104793
0.128350
0.145496
0.163133
0.172382
0.179463
0.182561
0.186713
0.175874
0.148836
0.087883
-0.007398
-0.097274
-0.164169
-0.180585
-0.147980
-0.093119
-0.048508
-0.035706
-0.065813
-0.110864
-0.145492
-0.156260
-0.140366
-0.110920
-0.085964
-0.069175
-0.060932
-0.058170
-0.054402
-0.050346
-0.047600
-0.035487
-0.017337
0.010683
0.035119
0.054786
0.067770
0.083465
0.102817
0.129496
0.157181
0.176839
0.184461
0.187224
0.184440
0.184706
0.178062
0.151588
0.090974
-0.008375
-0.120890
-0.190713
-0.205470
-0.160156
-0.093309
-0.044189
-0.041618
-0.082032
-0.131858
-0.166612
-0.164440
-0.141834
-0.109545
-0.086392
-0.073503
-0.068626
-0.061746
-0.054155
-0.042353
-0.034342
-0.028454
-0.013101
0.014374
0.039506
0.065696
0.085276
0.101879
0.120492
0.141855
0.165025
0.190913
0.206382
0.212929
0.216670
0.210277
0.196331
0.156283
0.080012
-0.028364
-0.126923
-0.190392
-0.193220
-0.144444
-0.078888
-0.035922
-0.037435
-0.078437
-0.130881
-0.164867
-0.166809
-0.139374
-0.102947
-0.075479
-0.064136
-0.062887
-0.062886
-0.057990
-0.045930
-0.034187
-0.020092
-0.006116
0.016272
0.035794
0.060430
0.087852
0.113860
0.140436
0.161108
0.180803
0.196956
0.210164
0.216000
0.222133
0.215810
0.196747
0.153266
0.069443
-0.037179
-0.131360
-0.188559
-0.187539
-0.138963
-0.078851
-0.038381
-0.041404
-0.084332
-0.130188
-0.161748
-0.159371
-0.132950
-0.098434
-0.075583
-0.061175
-0.059024
-0.057609
-0.052067
-0.045751
-0.035007
-0.020350
0.000658
0.026211
0.048876
0.065541
0.086895
0.110956
0.138696
0.169072
0.191038
0.205022
0.210231
0.212891
0.215556
0.216756
0.199485
0.146769
0.051324
-0.061453
-0.155537
-0.197642
-0.176729
-0.121118
-0.060526
-0.034436
-0.054753
-0.100653
-0.143452
-0.163482
-0.146100
-0.119329
-0.092187
-0.076386
-0.068773
-0.063263
-0.054927
-0.047400
-0.041719
-0.035179
-0.023383
0.000648
0.030401
0.058868
0.080638
0.101911
0.118056
0.139819
0.166200
0.190226
0.210613
0.219737
0.220865
0.222677
0.216956
0.193905
0.134685
0.029074
-0.086004
-0.181047
-0.213594
-0.186918
-0.112947
-0.048446
-0.020201
-0.050865
-0.105984
-0.155187
-0.172523
-0.155467
-0.122011
-0.092805
-0.076722
-0.068254
-0.062897
-0.054229
-0.044538
-0.035974
-0.027889
-0.015492
0.006428
0.032199
0.055572
0.075593
0.094104
0.112636
0.140762
0.168641
0.198979
0.215016
0.223257
0.221495
0.219265
0.205217
0.172503
0.099476
-0.008962
-0.116359
-0.194946
-0.208100
-0.168445
-0.095202
-0.042504
-0.031128
-0.076504
-0.131983
-0.175393
-0.178292
-0.150545
-0.110790
-0.083256
-0.071722
-0.069474
-0.068505
-0.057856
-0.046424
-0.034369
-0.029661
-0.015492
0.003675
0.032323
0.057450
0.082964
0.107578
0.129279
0.153476
0.174588
0.190979
0.199928
0.206540
0.210755
0.216629
0.199481
0.162460
0.072248
-0.041768
-0.146503
-0.204430
-0.202722
-0.148164
-0.081288
-0.044038
-0.050508
-0.093022
-0.139349
-0.168195
-0.164428
-0.140853
-0.108575
-0.088603
-0.074814
-0.068059
-0.063004
-0.054787
-0.048924
-0.043265
-0.035069
-0.014075
0.013850
0.040517
0.062490
0.081990
0.101799
0.127810
0.155640
0.179465
0.197765
0.203645
0.205347
0.206295
0.205900
0.191058
0.149779
0.059975
-0.053030
-0.155842
-0.210578
-0.202133
-0.145793
-0.078481
-0.041785
-0.051705
-0.098551
-0.145103
-0.170288
-0.161819
-0.132897
-0.102584
-0.084234
-0.076180
-0.071100
-0.065613
-0.055133
-0.047081
-0.039413
-0.029924
-0.009052
0.017005
0.043831
0.065837
0.083778
0.103193
0.123987
0.152158
0.175040
0.197529
0.203332
0.210471
0.208481
0.205874
0.184751
0.133769
0.034909
-0.078544
-0.173633
-0.219517
-0.195361
-0.132187
-0.062723
-0.033054
-0.053720
-0.110947
-0.160305
-0.183562
-0.166561
-0.127329
-0.093674
-0.074015
-0.071722
-0.071983
-0.070161
-0.055274
-0.046455
-0.030849
-0.023666
-0.003730
0.015351
0.042681
0.069648
0.097638
0.123541
0.144905
0.163785
0.178762
0.192771
0.204568
0.212719
0.213925
0.205468
0.170044
0.106316
0.000073
-0.105574
-0.188641
-0.211795
-0.183392
-0.116354
-0.062997
-0.042352
-0.075183
-0.131998
-0.177940
-0.193722
-0.170818
-0.133544
-0.100271
-0.082198
-0.076618
-0.078185
-0.071850
-0.063495
-0.049702
-0.036187
-0.017863
0.007872
0.034052
0.061380
0.084901
0.109129
0.129805
0.154868
0.177148
0.201011
0.217282
0.230498
0.235833
0.236651
0.219798
0.174665
0.081791
-0.044678
-0.161990
-0.234967
-0.232577
-0.172850
-0.091578
-0.042861
-0.045819
-0.099453
-0.160652
-0.195719
-0.193088
-0.158395
-0.116065
-0.091049
-0.078190
-0.075592
-0.073851
-0.062850
-0.050600
-0.040254
-0.024743
-0.005384
0.019590
0.040569
0.064242
0.083102
0.108787
0.135641
0.167134
0.190497
0.211439
0.217127
0.226291
0.228228
0.225428
0.204248
0.154901
0.048637
-0.070930
-0.178953
-0.228693
-0.212086
-0.144853
-0.076930
-0.039833
-0.060552
-0.116656
-0.168735
-0.192631
-0.179462
-0.142827
-0.104532
-0.086292
-0.074710
-0.077028
-0.069379
-0.061122
-0.051790
-0.044567
-0.031723
-0.011631
0.021267
0.051313
0.078547
0.097640
0.113516
0.136442
0.160197
0.187285
0.210501
0.224675
0.233415
0.235550
0.225914
0.196349
0.131378
0.019009
-0.101272
-0.198627
-0.233877
-0.201241
-0.128304
-0.062255
-0.031798
-0.065664
-0.127510
-0.176864
-0.200538
-0.176288
-0.137155
-0.099733
-0.078029
-0.068597
-0.071970
-0.061244
-0.056494
-0.044577
-0.033753
-0.016043
0.006094
0.034955
0.060634
0.084338
0.108653
0.129248
0.153280
0.178570
0.199021
0.217485
0.225611
0.229104
0.226423
0.213021
0.179353
0.106595
-0.007473
-0.119979
-0.202658
-0.222913
-0.184244
-0.114245
-0.058860
-0.044808
-0.082315
-0.138155
-0.178006
-0.188899
-0.162556
-0.122344
-0.092337
-0.078677
-0.073689
-0.072760
-0.065803
-0.054306
-0.045721
-0.035764
-0.018753
0.009319
0.040068
0.067056
0.085975
0.104312
0.124938
0.153138
0.178666
0.203054
0.219910
0.229147
0.231525
0.226933
0.210412
0.170972
0.085896
-0.031799
-0.144967
-0.220004
-0.227723
-0.175761
-0.100347
-0.044361
-0.043271
-0.089896
-0.149728
-0.189176
-0.188821
-0.155959
-0.115854
-0.089330
-0.076737
-0.074079
-0.068577
-0.055825
-0.043624
-0.038026
-0.031803
-0.020042
0.006496
0.036101
0.067122
0.094387
0.120030
0.143425
0.167646
0.189635
0.212247
0.224987
0.230294
0.229918
0.226023
0.207040
0.158211
0.060901
-0.062017
-0.171742
-0.228826
-0.219995
-0.154342
-0.082897
-0.040790
-0.054455
-0.108501
-0.166601
-0.194572
-0.183411
-0.145658
-0.103163
-0.082561
-0.074625
-0.076732
-0.072244
-0.060614
-0.045683
-0.032450
-0.022015
-0.003243
0.018622
0.042256
0.068452
0.095097
0.117995
0.145559
0.171297
0.192428
0.208622
0.215978
0.219228
0.228625
0.224116
0.204211
0.145155
0.034431
-0.089270
-0.191577
-0.230613
-0.203856
-0.133382
-0.064280
-0.037055
-0.063493
-0.122542
-0.174505
-0.191523
-0.174865
-0.135309
-0.098894
-0.081322
-0.078539
-0.079081
-0.072991
-0.060799
-0.048146
-0.035539
-0.023576
0.000490
0.027374
0.054648
0.083710
0.107742
0.129453
0.152322
0.174505
0.197792
0.215865
0.227084
0.236436
0.239896
0.229185
0.194542
0.116048
-0.003390
-0.124216
-0.210977
-0.231098
-0.189937
-0.112519
-0.054216
-0.040350
-0.081092
-0.138188
-0.183902
-0.191334
-0.167728
-0.124960
-0.095260
-0.076681
-0.073797
-0.076264
-0.070165
-0.061819
-0.046574
-0.030845
-0.010655
0.017343
0.042373
0.062200
0.083278
0.105645
0.128844
0.158079
0.185143
0.211468
0.228300
0.237504
0.236441
0.238898
0.216789
0.173959
0.079675
-0.043777
-0.155861
-0.224592
-0.220249
-0.164342
-0.086426
-0.043514
-0.046619
-0.100513
-0.154138
-0.192846
-0.186106
-0.157912
-0.115709
-0.091624
-0.076114
-0.072903
-0.067593
-0.059548
-0.051305
-0.038989
-0.032800
-0.014586
0.011370
0.040776
0.066410
0.092525
0.113829
0.137572
0.163528
0.189477
0.211970
0.226289
0.232621
0.233214
0.224192
0.198393
0.148665
0.051371
-0.062541
-0.167584
-0.220427
-0.211351
-0.149983
-0.079551
-0.041203
-0.053248
-0.109506
-0.164134
-0.195639
-0.185260
-0.146710
-0.100667
-0.075459
-0.064481
-0.069967
-0.071773
-0.064021
-0.051378
-0.038748
-0.022989
-0.003577
0.017753
0.044416
0.070027
0.097446
0.125468
0.149592
0.174166
0.196059
0.211689
0.222512
0.226597
0.229246
0.223717
0.196510
0.138200
0.034618
-0.081855
-0.179500
-0.223653
-0.199361
-0.133457
-0.067964
-0.040244
-0.067294
-0.121776
-0.171066
-0.187485
-0.170337
-0.132225
-0.095312
-0.079151
-0.073170
-0.075049
-0.070875
-0.060618
-0.048846
-0.038074
-0.022281
-0.000858
0.029846
0.056322
0.080647
0.098327
0.116123
0.139170
0.163164
0.191036
0.216228
0.229619
0.235284
0.233354
0.217887
0.189085
0.121508
0.014361
-0.101232
-0.192496
-0.224979
-0.192624
-0.123100
-0.055682
-0.032264
-0.063306
-0.125407
-0.175355
-0.193877
-0.170199
-0.128909
-0.092216
-0.075452
-0.071607
-0.071720
-0.064110
-0.051112
-0.037729
-0.029689
-0.018030
0.001067
0.030559
0.059320
0.087258
0.110812
0.130705
0.149026
0.171954
0.193831
0.216428
0.229968
0.235122
0.233718
0.216400
0.178732
0.101253
-0.007934
-0.120061
-0.195856
-0.216672
-0.175076
-0.105904
-0.049291
-0.039199
-0.076008
-0.136554
-0.180244
-0.188525
-0.163476
-0.118004
-0.087155
-0.072034
-0.070985
-0.074557
-0.067459
-0.054577
-0.041732
-0.028915
-0.016578
0.003866
0.031864
0.058985
0.086362
0.108101
0.130958
0.153172
0.177171
0.194342
0.213772
0.223128
0.227709
0.227895
0.215355
0.178134
0.100289
-0.014654
-0.131827
-0.208040
-0.224911
-0.178279
-0.101479
-0.045378
-0.036042
-0.079562
-0.140530
-0.183588
-0.185022
-0.154733
-0.109751
-0.081432
-0.070944
-0.074369
-0.074973
-0.068018
-0.051912
-0.037216
-0.025722
-0.008676
0.014603
0.041063
0.065618
0.090428
0.108115
0.127117
0.146817
0.172542
0.196033
0.214686
0.223506
0.230083
0.229520
0.211117
0.172070
0.089643
-0.023363
-0.133194
-0.204197
-0.215364
-0.168459
-0.096813
-0.044301
-0.038323
-0.080208
-0.137091
-0.178603
-0.184224
-0.159933
-0.115264
-0.085147
-0.068202
-0.066607
-0.070027
-0.066118
-0.056022
-0.044184
-0.027380
-0.011052
0.011918
0.035517
0.057977
0.085148
0.108002
0.134898
0.163517
0.185971
0.204342
0.210118
0.213994
0.217810
0.221551
0.211648
0.178026
0.093358
-0.024347
-0.137795
-0.210238
-0.216210
-0.166910
-0.092351
-0.043998
-0.042614
-0.087870
-0.143803
-0.180765
-0.181561
-0.154753
-0.111577
-0.085446
-0.070467
-0.072540
-0.072583
-0.066249
-0.053552
-0.040285
-0.024843
-0.009172
0.018177
0.044108
0.070139
0.092633
0.110270
0.130513
0.151149
0.174779
0.195725
0.215410
0.226997
0.233433
0.232181
0.208931
0.164533
0.074860
-0.039064
-0.146649
-0.210988
-0.218190
-0.163220
-0.094215
-0.043183
-0.042235
-0.087475
-0.147564
-0.187573
-0.191215
-0.159250
-0.113928
-0.079791
-0.066103
-0.065201
-0.071324
-0.069188
-0.059726
-0.043264
-0.026441
-0.004762
0.021466
0.045617
0.063892
0.083445
0.100802
0.129576
0.157537
0.184004
0.201472
0.211884
0.211713
0.220344
0.219713
0.209106
0.172104
0.082878
-0.036552
-0.148232
-0.218919
-0.216119
-0.156428
-0.083183
-0.036389
-0.041924
-0.094937
-0.152413
-0.186376
-0.182473
-0.145296
-0.105680
-0.083417
-0.073979
-0.075898
-0.071049
-0.058594
-0.043619
-0.034589
-0.027421
-0.018803
0.005284
0.033606
0.064470
0.095102
0.117060
0.133568
0.151289
0.171479
0.194150
0.214018
0.225745
0.228161
0.223594
0.202258
0.166309
0.080883
-0.028622
-0.138858
-0.211398
-0.219316
-0.170128
-0.095288
-0.044092
-0.041363
-0.091733
-0.150370
-0.192417
-0.189435
-0.157085
-0.110538
-0.083877
-0.072014
-0.074823
-0.076737
-0.069206
-0.058667
-0.045275
-0.031189
-0.013663
0.008327
0.036473
0.060563
0.085769
0.107389
0.125179
0.149232
0.171203
0.192723
0.211759
0.225373
0.233357
0.231869
0.210687
0.163465
0.069048
-0.046053
-0.153685
-0.214686
-0.214597
-0.161883
-0.090485
-0.042466
-0.048040
-0.094157
-0.153948
-0.191575
-0.191695
-0.157069
-0.115577
-0.083840
-0.071033
-0.070909
-0.071791
-0.067160
-0.055535
-0.044243
-0.032241
-0.015407
0.011252
0.040517
0.066986
0.089007
0.110459
0.130434
0.150954
0.176384
0.197012
0.213725
0.219017
0.224246
0.221955
0.206052
0.167891
0.076088
-0.038770
-0.152490
-0.219345
-0.218167
-0.159008
-0.087284
-0.035865
-0.041980
-0.092196
-0.154547
-0.191603
-0.187558
-0.152873
-0.107824
-0.083708
-0.071521
-0.072145
-0.073782
-0.066598
-0.056945
-0.046666
-0.033202
-0.018214
0.005896
0.036580
0.062826
0.091271
0.110915
0.131516
0.152495
0.171376
0.189443
0.203317
0.214084
0.223012
0.223581
0.207560
0.165726
0.076165
-0.037816
-0.147171
-0.213115
-0.216731
-0.166982
-0.094721
-0.046161
-0.046373
-0.093605
-0.150962
-0.188157
-0.185686
-0.155281
-0.113635
-0.087338
-0.078146
-0.076653
-0.072017
-0.062507
-0.051154
-0.041482
-0.032718
-0.015631
0.010501
0.040804
0.072067
0.095116
0.112055
0.126263
0.144721
0.170395
0.198398
0.212672
0.223533
0.223871
0.224922
0.207021
0.171096
0.085642
-0.028673
-0.142113
-0.212799
-0.219040
-0.167524
-0.094493
-0.042103
-0.040390
-0.086084
-0.144855
-0.185021
-0.190680
-0.160794
-0.117566
-0.086459
-0.071983
-0.070418
-0.073182
-0.067218
-0.058160
-0.046553
-0.033539
-0.016248
0.007620
0.036398
0.059578
0.085175
0.109185
0.129021
0.148045
0.165290
0.181403
0.197906
0.209473
0.221499
0.228717
0.215165
0.177847
0.090856
-0.026623
-0.140547
-0.211683
-0.218300
-0.164492
-0.093344
-0.040387
-0.040115
-0.085124
-0.146152
-0.184775
-0.189686
-0.160094
-0.119371
-0.091193
-0.078816
-0.077893
-0.075219
-0.063943
-0.050468
-0.038434
-0.028191
-0.018319
0.003740
0.035671
0.062751
0.090693
0.110284
0.124473
0.143314
0.162567
0.182558
0.202944
0.213826
0.219644
0.219559
0.205303
0.171256
0.104252
-0.003865
-0.113633
-0.196603
-0.221086
-0.181793
-0.108239
-0.046674
-0.027717
-0.063641
-0.125388
-0.173050
-0.188366
-0.162272
-0.123650
-0.087979
-0.072671
-0.068274
-0.073339
-0.065912
-0.056336
-0.041296
-0.029388
-0.013499
0.004551
0.030007
0.052218
0.076965
0.097678
0.121714
0.149086
0.172055
0.189786
0.202294
0.211816
0.216535
0.223819
0.214190
0.185678
0.115389
0.002691
-0.110783
-0.192743
-0.215651
-0.176555
-0.106071
-0.051466
-0.034867
-0.071471
-0.128264
-0.176655
-0.189573
-0.169024
-0.125156
-0.089825
-0.070519
-0.063331
-0.065297
-0.061465
-0.051939
-0.040970
-0.030638
-0.017197
0.001824
0.030508
0.056202
0.084019
0.107651
0.127839
0.150565
0.166349
0.182070
0.197291
0.207668
0.217422
0.222541
0.213191
0.179639
0.110984
0.005231
-0.101097
-0.183612
-0.206872
-0.177952
-0.111786
-0.057279
-0.039088
-0.069433
-0.122475
-0.167646
-0.179508
-0.161093
-0.119077
-0.084259
-0.068083
-0.065932
-0.069682
-0.068224
-0.057127
-0.047112
-0.031897
-0.018031
0.005554
0.031929
0.060135
0.082815
0.103207
0.117534
0.136352
0.156495
0.180961
0.201115
0.215763
0.223238
0.224578
0.212394
0.184273
0.126043
0.028564
-0.081151
-0.172585
-0.212738
-0.190246
-0.125315
-0.059583
-0.030996
-0.054993
-0.110525
-0.165347
-0.186280
-0.169780
-0.127674
-0.089795
-0.067814
-0.065391
-0.067669
-0.066967
-0.056836
-0.042682
-0.031908
-0.021415
-0.004736
0.019897
0.047233
0.077327
0.102448
0.122684
0.143127
0.160152
0.180304
0.200541
0.213205
0.222236
0.225067
0.213563
0.187350
0.132667
0.031558
-0.077236
-0.169084
-0.212586
-0.190856
-0.128612
-0.067112
-0.036262
-0.059652
-0.115882
-0.165138
-0.188184
-0.169613
-0.127204
-0.088212
-0.071699
-0.067883
-0.072458
-0.069336
-0.057451
-0.043334
-0.033080
-0.020697
-0.005170
0.023360
0.050234
0.078486
0.098486
0.114937
0.131671
0.153695
0.179128
0.207494
0.223168
0.229616
0.224739
0.209748
0.180556
0.128240
0.031956
-0.074197
-0.169809
-0.215963
-0.197586
-0.132912
-0.064632
-0.028824
-0.053632
-0.112683
-0.170972
-0.199366
-0.180568
-0.134045
-0.087128
-0.059051
-0.056493
-0.067375
-0.074569
-0.068106
-0.053572
-0.033641
-0.019544
-0.000160
0.026966
0.056344
0.081279
0.102831
0.118560
0.133895
0.153466
0.176860
0.199032
0.215968
0.222515
0.223788
0.214405
0.189722
0.138314
0.038612
-0.074862
-0.174996
-0.223419
-0.199243
-0.132608
-0.060101
-0.024311
-0.045831
-0.105810
-0.163971
-0.193052
-0.177222
-0.134516
-0.091946
-0.070463
-0.065453
-0.070141
-0.070352
-0.057537
-0.046317
-0.036033
-0.028277
-0.012398
0.013958
0.051615
0.080748
0.104638
0.118059
0.130084
0.145843
0.168476
0.195105
0.214825
0.226653
0.227049
0.216439
0.182478
0.130984
0.030316
-0.074411
-0.173306
-0.218463
-0.199438
-0.137654
-0.068405
-0.034811
-0.054429
-0.109154
-0.164324
-0.193231
-0.179211
-0.140654
-0.098267
-0.074103
-0.066152
-0.067444
-0.070611
-0.062156
-0.048820
-0.036940
-0.022914
-0.008299
0.015271
0.044581
0.069728
0.094644
0.114101
0.131467
0.150886
0.172251
0.196618
0.211440
0.220003
0.221532
0.212103
0.192727
0.145060
0.055687
-0.055087
-0.158730
-0.216322
-0.207754
-0.148959
-0.074582
-0.032932
-0.042464
-0.100324
-0.158180
-0.194112
-0.183638
-0.143924
-0.099938
-0.076222
-0.070977
-0.076959
-0.076415
-0.067001
-0.049055
-0.035661
-0.024333
-0.009134
0.014833
0.041303
0.073998
0.102034
0.124850
0.146885
0.163355
0.180938
0.203180
0.219650
0.231548
0.236939
0.225138
0.196151
0.134683
0.028932
-0.087683
-0.184213
-0.230299
-0.204015
-0.134609
-0.062613
-0.027459
-0.051479
-0.119780
-0.176764
-0.205453
-0.184637
-0.134931
-0.089032
-0.065551
-0.062605
-0.073639
-0.073711
-0.060738
-0.043554
-0.026735
-0.013240
0.000860
0.021639
0.047350
0.076279
0.107206
0.133713
0.154869
0.176121
0.190109
0.208455
0.217988
0.230726
0.235799
0.229180
0.198518
0.124141
0.007546
-0.116872
-0.208368
-0.234455
-0.193824
-0.116965
-0.052356
-0.032528
-0.070112
-0.133376
-0.184313
-0.198139
-0.172932
-0.129440
-0.090985
-0.069422
-0.066139
-0.065918
-0.065577
-0.058470
-0.050433
-0.039046
-0.023278
0.006709
0.038717
0.065629
0.088535
0.108501
0.127785
0.152389
0.177529
0.200170
0.216806
0.221135
0.226085
0.230534
0.222703
0.183439
0.098383
-0.028674
-0.149261
-0.228295
-0.233130
-0.175387
-0.093993
-0.039181
-0.039773
-0.092185
-0.155606
-0.196017
-0.192849
-0.157224
-0.112242
-0.081511
-0.073436
-0.075048
-0.076361
-0.067609
-0.053514
-0.043135
-0.032905
-0.017880
0.002532
0.030697
0.058818
0.087358
0.113487
0.137771
0.161325
0.182696
0.202126
0.220100
0.227679
0.234968
0.232254
0.213794
0.169514
0.067358
-0.054985
-0.172888
-0.236500
-0.228786
-0.158798
-0.076933
-0.029321
-0.043762
-0.107796
-0.170745
-0.210952
-0.195468
-0.152393
-0.099928
-0.071811
-0.059924
-0.067619
-0.068791
-0.065410
-0.050032
-0.038604
-0.028095
-0.010599
0.016764
0.048419
0.074244
0.096371
0.113448
0.134378
0.155781
0.178946
0.201263
0.214894
0.223910
0.225036
0.224959
0.199419
0.146402
0.036256
-0.086582
-0.193049
-0.240327
-0.212535
-0.134240
-0.059396
-0.027024
-0.054923
-0.121423
-0.178195
-0.201770
-0.183545
-0.139420
-0.095612
-0.071823
-0.062901
-0.065515
-0.067169
-0.059037
-0.051738
-0.041197
-0.026736
-0.005152
0.024772
0.053818
0.080154
0.105656
0.125155
0.146660
0.167889
0.186806
0.203965
0.214519
0.223608
0.232246
0.224946
0.197851
0.125412
0.006666
-0.112868
-0.206581
-0.228159
-0.188294
-0.110496
-0.047476
-0.031960
-0.074483
-0.136806
-0.187876
-0.196903
-0.166029
-0.118628
-0.082868
-0.064385
-0.066688
-0.071407
-0.072226
-0.058728
-0.048527
-0.030417
-0.015002
0.007903
0.032365
0.059092
0.077872
0.099968
0.117546
0.146104
0.168938
0.193145
0.206618
0.212415
0.213817
0.217786
0.211051
0.186129
0.116603
0.001783
-0.116840
-0.208054
-0.228243
-0.182303
-0.101279
-0.039368
-0.026412
-0.074726
-0.138258
-0.184324
-0.189540
-0.154183
-0.106928
-0.074982
-0.063101
-0.064887
-0.068142
-0.061566
-0.053046
-0.040319
-0.027073
-0.018191
0.003404
0.029688
0.056732
0.083205
0.105124
0.123690
0.149176
0.170802
0.190811
0.206121
0.212037
0.216281
0.218929
0.207263
0.174776
0.103378
-0.009417
-0.121544
-0.201128
-0.217229
-0.171402
-0.098854
-0.043909
-0.037774
-0.079507
-0.142614
-0.180347
-0.185464
-0.149863
-0.103008
-0.071446
-0.060064
-0.062799
-0.070142
-0.063861
-0.049757
-0.035799
-0.019899
-0.009892
0.010289
0.032431
0.062321
0.092694
0.119622
0.139305
0.160554
0.179071
0.200898
0.214671
0.223182
0.222642
0.218935
0.202714
0.163959
0.078110
-0.035535
-0.147690
-0.216576
-0.214956
-0.154996
-0.078115
-0.027309
-0.038661
-0.095455
-0.156724
-0.192117
-0.178858
-0.136037
-0.090231
-0.065041
-0.060559
-0.070668
-0.073275
-0.062316
-0.044914
-0.029570
-0.018860
-0.006020
0.014630
0.044557
0.072601
0.101032
0.122814
0.143476
0.161961
0.179371
0.200740
0.218759
0.233712
0.241956
0.237696
0.207411
0.141369
0.029901
-0.092079
-0.188079
-0.226857
-0.196828
-0.124023
-0.053875
-0.026928
-0.055858
-0.120712
-0.176100
-0.199739
-0.179098
-0.133180
-0.090411
-0.067843
-0.064128
-0.066703
-0.064963
-0.055509
-0.043125
-0.031085
-0.019046
0.002086
0.029898
0.060986
0.087757
0.109791
0.128496
0.148878
0.169665
0.188004
0.204833
0.214448
0.221107
0.225513
0.212367
0.180284
0.102949
-0.014024
-0.128255
-0.216112
-0.229465
-0.183804
-0.101347
-0.044199
-0.030672
-0.081732
-0.145150
-0.189998
-0.193467
-0.158906
-0.105190
-0.070258
-0.059801
-0.067161
-0.079722
-0.075295
-0.058735
-0.039424
-0.019598
-0.003672
0.013550
0.031345
0.055643
0.082279
0.113381
0.140626
0.166110
0.180358
0.193890
0.202420
0.216026
0.224527
0.231928
0.210132
0.159984
0.055759
-0.071331
-0.179709
-0.235161
-0.220834
-0.148923
-0.073620
-0.035227
-0.054200
-0.113632
-0.174460
-0.202035
-0.187800
-0.145870
-0.097800
-0.074581
-0.063102
-0.066433
-0.069380
-0.064889
-0.051583
-0.040490
-0.023696
-0.004492
0.022476
0.051535
0.076851
0.098595
0.118051
0.138355
0.160269
0.184473
0.202165
0.219281
0.224458
0.224975
0.215841
0.186384
0.116912
0.005427
-0.116144
-0.212706
-0.240452
-0.201503
-0.118298
-0.047859
-0.027768
-0.071646
-0.142456
-0.202323
-0.211671
-0.178841
-0.119391
-0.078699
-0.064614
-0.069555
-0.079950
-0.079046
-0.064644
-0.047259
-0.031241
-0.013622
0.006590
0.029262
0.054760
0.078464
0.104984
0.130248
0.159485
0.180544
0.202161
0.210623
0.217650
0.219229
0.221863
0.204328
0.165195
0.061634
-0.062848
-0.177057
-0.240711
-0.225494
-0.154527
-0.075051
-0.033649
-0.055106
-0.120199
-0.181064
-0.212496
-0.194751
-0.144834
-0.097753
-0.070200
-0.063163
-0.068408
-0.074133
-0.065376
-0.054732
-0.041604
-0.029605
-0.008971
0.019905
0.051470
0.079664
0.103367
0.126594
0.144606
0.165160
0.188036
0.208164
0.221013
0.225280
0.227503
0.215748
0.185742
0.106908
-0.004331
-0.130414
-0.218603
-0.239845
-0.191613
-0.108400
-0.043473
-0.032537
-0.084133
-0.153589
-0.205766
-0.206847
-0.168127
-0.111366
-0.077446
-0.061335
-0.067683
-0.073305
-0.071146
-0.058393
-0.046042
-0.032114
-0.016630
0.007531
0.041697
0.068007
0.094937
0.116576
0.136852
0.161868
0.185174
0.208355
0.222826
0.232155
0.232254
0.229000
0.208621
0.151670
0.048383
-0.075859
-0.190263
-0.242218
-0.219062
-0.145240
-0.061372
-0.025172
-0.051089
-0.121137
-0.186158
-0.215066
-0.187536
-0.134884
-0.081624
-0.058445
-0.057137
-0.070781
-0.072671
-0.064840
-0.048095
-0.028504
-0.012576
0.003722
0.029763
0.052672
0.084200
0.115813
0.141270
0.161641
0.181194
0.195057
0.214127
0.229159
0.244430
0.248891
0.236673
0.186058
0.087286
-0.046222
-0.169261
-0.241922
-0.233271
-0.167013
-0.080306
-0.026562
-0.039665
-0.098891
-0.172724
-0.214280
-0.208895
-0.161781
-0.104890
-0.064145
-0.054006
-0.059815
-0.070345
-0.067666
-0.052944
-0.035682
-0.020559
-0.001698
0.022987
0.052750
0.081062
0.110857
0.135703
0.158802
0.174663
0.194509
0.213611
0.230540
0.245150
0.252211
0.243167
0.205830
0.121233
-0.009755
-0.135818
-0.228854
-0.244944
-0.189966
-0.102846
-0.032738
-0.022510
-0.078404
-0.150060
-0.203591
-0.211545
-0.168496
-0.112381
-0.068891
-0.053150
-0.056240
-0.065869
-0.065136
-0.055301
-0.038783
-0.025006
-0.007351
0.019597
0.046545
0.073673
0.101290
0.128268
0.152289
0.172843
0.193847
0.213609
0.230503
0.240514
0.248949
0.247339
0.222800
0.154326
0.034350
-0.098095
-0.208954
-0.248110
-0.215132
-0.128455
-0.051438
-0.020693
-0.060985
-0.132909
-0.194889
-0.211413
-0.179495
-0.123473
-0.078256
-0.057396
-0.056644
-0.066876
-0.068466
-0.056917
-0.042255
-0.027977
-0.013896
0.008806
0.034821
0.064904
0.092190
0.121574
0.143073
0.166367
0.188129
0.208170
0.228923
0.244706
0.256737
0.260898
0.244540
0.190259
0.078513
-0.062224
-0.190315
-0.256156
-0.235782
-0.154894
-0.058794
-0.012308
-0.036732
-0.113649
-0.188199
