-0.394843
-0.416104
-0.325545
-0.190784
-0.043501
0.010550
0.039309
0.093453
0.122817
0.161539
0.140525
0.014196
-0.115003
-0.224287
-0.255646
-0.187593
-0.136260
-0.097924
-0.076655
-0.081672
-0.026766
0.031985
0.044218
0.010161
-0.123309
-0.240799
-0.256770
-0.212704
-0.110012
-0.038532
-0.041004
-0.040563
-0.031882
0.000038
0.077100
0.119827
0.150279
0.161026
0.128038
0.135942
0.199809
0.260602
0.343102
0.376425
0.411963
0.460512
0.313313
0.093840
-0.152337
-0.384470
-0.403453
-0.316991
-0.193040
-0.033652
0.026194
0.051772
0.107963
0.123569
0.155665
0.139975
0.012678
-0.109275
-0.213394
-0.254082
-0.184313
-0.136796
-0.098593
-0.062784
-0.065154
-0.011681
0.041927
0.036584
-0.006986
-0.108157
-0.200602
-0.223589
-0.205058
-0.138334
-0.068814
-0.043488
-0.028015
-0.009279
0.021070
0.081462
0.117012
0.140207
0.150865
0.134194
0.153493
0.206741
0.251024
0.329659
0.367012
0.425683
0.492078
0.349455
0.125548
-0.145378
-0.389305
-0.410422
-0.327675
-0.194958
-0.036697
0.021985
0.054754
0.113012
0.134790
0.173629
0.151639
0.021836
-0.101674
-0.215575
-0.253064
-0.184811
-0.136131
-0.091054
-0.063187
-0.067581
-0.013935
0.037219
0.046277
0.013270
-0.093049
-0.202222
-0.241037
-0.217711
-0.141709
-0.063919
-0.038761
-0.028391
-0.009221
0.017381
0.070082
0.107662
0.132901
0.149101
0.140959
0.153993
0.206465
0.254919
0.309552
0.351481
0.399808
0.480207
0.383422
0.158838
-0.100972
-0.357057
-0.415109
-0.332259
-0.208959
-0.053637
0.019027
0.038563
0.090547
0.122832
0.161448
0.162346
0.046294
-0.088132
-0.202646
-0.259885
-0.201228
-0.140008
-0.101371
-0.065617
-0.068957
-0.028468
0.030379
0.043034
0.013178
-0.079622
-0.181815
-0.227743
-0.220951
-0.157898
-0.087026
-0.051406
-0.034286
-0.012998
0.014167
0.069756
0.109180
0.132883
0.146157
0.130702
0.135362
0.177396
0.219266
0.284691
0.342325
0.388128
0.485329
0.409875
0.195879
-0.059297
-0.334944
-0.424887
-0.360891
-0.249997
-0.089973
0.000761
0.028154
0.087483
0.123034
0.158655
0.169491
0.060121
-0.073956
-0.192856
-0.265258
-0.222329
-0.162968
-0.120619
-0.076323
-0.074501
-0.039628
0.016766
0.031063
0.006221
-0.071958
-0.171005
-0.224940
-0.229639
-0.181535
-0.108296
-0.061843
-0.039209
-0.018627
0.005889
0.055984
0.097932
0.124120
0.139994
0.128352
0.134168
0.172240
0.217962
0.281315
0.334909
0.375652
0.462024
0.391378
0.183115
-0.061466
-0.329557
-0.420587
-0.358724
-0.250849
-0.096303
-0.008607
0.015419
0.072191
0.107260
0.141171
0.153289
0.049637
-0.083697
-0.197737
-0.266813
-0.222746
-0.162063
-0.123251
-0.079350
-0.079303
-0.053444
0.000310
0.013614
-0.003037
-0.073629
-0.167752
-0.218562
-0.228222
-0.188040
-0.122071
-0.082079
-0.056125
-0.027786
0.003625
0.051250
0.087139
0.102816
0.119906
0.116187
0.126169
0.167956
0.213805
0.263141
0.315902
0.343718
0.430230
0.412153
0.219084
-0.014684
-0.289834
-0.428154
-0.375176
-0.272616
-0.122306
-0.014486
0.003314
0.048392
0.093122
0.122086
0.153529
0.075663
-0.061098
-0.175143
-0.261446
-0.240056
-0.165581
-0.134264
-0.098203
-0.091059
-0.072369
-0.006307
0.024394
0.001047
-0.082020
-0.195435
-0.244940
-0.216102
-0.148516
-0.082033
-0.061634
-0.072768
-0.061060
-0.024101
0.036732
0.094002
0.116054
0.127655
0.117211
0.115578
0.163361
0.221832
0.276244
0.330221
0.341213
0.420128
0.417417
0.229953
0.009389
-0.269612
-0.427589
-0.380810
-0.276472
-0.121756
-0.004896
0.010513
0.049757
0.090214
0.120275
0.162029
0.091895
-0.047189
-0.166822
-0.265425
-0.249096
-0.172755
-0.133405
-0.088713
-0.076025
-0.061286
0.004590
0.021287
-0.002653
-0.051410
-0.150478
-0.206401
-0.211392
-0.184958
-0.110672
-0.063675
-0.055492
-0.033069
-0.009938
0.041303
0.103643
0.129760
0.143066
0.133394
0.124026
0.161905
0.213012
0.269711
0.327135
0.357696
0.440286
0.426676
0.243130
0.020372
-0.247756
-0.397002
-0.364261
-0.276469
-0.130106
-0.013578
0.020199
0.067440
0.104421
0.127652
0.155675
0.089307
-0.034361
-0.145547
-0.235921
-0.231025
-0.170938
-0.131416
-0.089273
-0.070865
-0.044960
0.015624
0.036677
-0.004966
-0.087430
-0.181574
-0.213647
-0.179708
-0.122825
-0.069580
-0.048864
-0.054925
-0.040746
0.000162
0.064707
0.129994
0.164080
0.163822
0.141602
0.137727
0.189461
0.253565
0.306097
0.349729
0.378942
0.447785
0.381654
0.182552
-0.053770
-0.301511
-0.388914
-0.330062
-0.220779
-0.073758
0.010690
0.036679
0.077705
0.107530
0.140443
0.152843
0.066107
-0.059896
-0.173861
-0.239927
-0.209774
-0.152257
-0.112329
-0.074097
-0.063441
-0.025791
0.021237
0.023025
-0.006575
-0.075422
-0.164375
-0.200377
-0.187014
-0.132223
-0.067065
-0.039971
-0.038579
-0.017239
0.020921
0.081861
0.133860
0.160745
0.161424
0.145020
0.146076
0.203594
0.263742
0.330459
0.368797
0.399934
0.454424
0.342537
0.130547
-0.106823
-0.333051
-0.386082
-0.314477
-0.200698
-0.055852
0.022222
0.049434
0.097009
0.119147
0.140440
0.135233
0.033697
-0.084597
-0.185883
-0.239158
-0.197145
-0.148980
-0.108527
-0.068002
-0.056287
-0.012726
0.036868
0.029992
-0.010066
-0.094286
-0.198422
-0.226090
-0.196793
-0.133545
-0.059249
-0.038001
-0.037599
-0.012459
0.022742
0.084359
0.136959
0.160418
0.157442
0.136087
0.143028
0.202088
0.258734
0.325303
0.362217
0.413821
0.462034
0.321873
0.105494
-0.143904
-0.370107
-0.388749
-0.315519
-0.193329
-0.042692
0.013328
0.045860
0.097470
0.116343
0.151693
0.132725
0.013883
-0.101952
-0.210053
-0.250341
-0.195847
-0.154626
-0.106418
-0.075115
-0.069198
-0.014326
0.027534
0.022837
-0.010976
-0.101094
-0.190487
-0.225316
-0.207838
-0.140922
-0.073534
-0.053133
-0.042942
-0.018941
0.027214
0.096555
0.143143
0.162291
0.151934
0.129366
0.146085
0.198279
0.244623
0.313741
0.345180
0.414980
0.450201
0.299349
0.080373
-0.187683
-0.384138
-0.385238
-0.302788
-0.173380
-0.044072
-0.001113
0.035264
0.087613
0.116040
0.154045
0.117789
-0.007920
-0.126975
-0.228615
-0.248169
-0.188250
-0.153726
-0.111738
-0.091408
-0.077189
-0.012743
0.032432
0.016797
-0.036419
-0.142365
-0.228711
-0.228375
-0.185345
-0.113555
-0.058090
-0.063080
-0.057184
-0.026589
0.018392
0.091445
0.136239
0.147201
0.136920
0.116181
0.147523
0.215734
0.276956
0.342037
0.359374
0.425105
0.435260
0.256935
0.037243
-0.230762
-0.414602
-0.392738
-0.305878
-0.164627
-0.027600
0.009445
0.050782
0.096310
0.114289
0.150164
0.097994
-0.033265
-0.148479
-0.249288
-0.254325
-0.190037
-0.151711
-0.102642
-0.084151
-0.070219
-0.008261
0.021849
0.005419
-0.053902
-0.153440
-0.223524
-0.238874
-0.201103
-0.127202
-0.069478
-0.048718
-0.037084
-0.017179
0.030461
0.091186
0.131722
0.153472
0.141021
0.124250
0.157309
0.205754
0.270898
0.334803
0.369032
0.443206
0.405658
0.212953
-0.017151
-0.272484
-0.400973
-0.368396
-0.281181
-0.145285
-0.037642
0.003147
0.059788
0.104011
0.131253
0.148782
0.070230
-0.055077
-0.163285
-0.247058
-0.230945
-0.182610
-0.153136
-0.111094
-0.096789
-0.062882
0.007002
0.021918
-0.008208
-0.068869
-0.186056
-0.232943
-0.210461
-0.169787
-0.091460
-0.063810
-0.073265
-0.042208
-0.012255
0.044498
0.112115
0.131971
0.144518
0.130641
0.116137
0.167506
0.228683
0.294142
0.353847
0.377385
0.459299
0.399151
0.182419
-0.057243
-0.322255
-0.428089
-0.363943
-0.261659
-0.109364
-0.009811
0.018697
0.075156
0.113076
0.138674
0.151217
0.054826
-0.077558
-0.189539
-0.263286
-0.231547
-0.175667
-0.138184
-0.091635
-0.081456
-0.046237
0.014300
0.017218
-0.019908
-0.084885
-0.185445
-0.222478
-0.203398
-0.158206
-0.089153
-0.057962
-0.060981
-0.030956
0.004089
0.064133
0.124061
0.147627
0.152083
0.138719
0.134196
0.189428
0.242059
0.301399
0.347623
0.390546
0.457760
0.358855
0.145193
-0.103735
-0.349223
-0.410285
-0.340160
-0.220786
-0.069713
0.006576
0.032515
0.079824
0.107685
0.140588
0.139693
0.036944
-0.089535
-0.198456
-0.253989
-0.206591
-0.156348
-0.117857
-0.083163
-0.077054
-0.032096
0.019797
0.001167
-0.047834
-0.126589
-0.192647
-0.186375
-0.153926
-0.111856
-0.071168
-0.067475
-0.060126
-0.021088
0.025965
0.095246
0.141228
0.151160
0.148331
0.129616
0.146293
0.215671
0.265412
0.326009
0.351603
0.407399
0.459997
0.322070
0.110748
-0.157158
-0.382001
-0.399921
-0.321706
-0.187774
-0.041184
0.009579
0.043061
0.097398
0.123105
0.165518
0.140022
0.013481
-0.107479
-0.220703
-0.250563
-0.190575
-0.154499
-0.107987
-0.080244
-0.072070
-0.008688
0.037282
0.025641
-0.016916
-0.109979
-0.187240
-0.206959
-0.193375
-0.134908
-0.077576
-0.057964
-0.038825
-0.010879
0.031793
0.101524
0.141521
0.156405
0.152896
0.133373
0.156527
0.216383
0.265329
0.332482
0.357476
0.414105
0.461628
0.320009
0.104856
-0.157214
-0.376262
-0.390370
-0.308000
-0.179505
-0.036858
0.012950
0.042999
0.095119
0.120393
0.158985
0.135557
0.014004
-0.102087
-0.207692
-0.237146
-0.174535
-0.141725
-0.105083
-0.081494
-0.077838
-0.012960
0.028097
0.002265
-0.054751
-0.147415
-0.196488
-0.170661
-0.133096
-0.089248
-0.064766
-0.075312
-0.061236
-0.019392
0.032281
0.102424
0.136540
0.151962
0.155569
0.141736
0.177468
0.236793
0.275477
0.334504
0.354522
0.409447
0.454323
0.295585
0.072697
-0.178300
-0.384202
-0.377064
-0.285331
-0.160870
-0.018859
0.019393
0.048444
0.104372
0.123323
0.159184
0.126711
-0.007233
-0.118398
-0.217213
-0.238122
-0.169939
-0.138378
-0.099827
-0.074489
-0.069624
-0.008439
0.033633
0.024884
-0.022151
-0.116658
-0.185467
-0.203131
-0.195179
-0.142161
-0.089558
-0.061238
-0.026363
0.001862
0.038007
0.090113
0.116426
0.136055
0.133196
0.126234
0.161970
0.220619
0.271954
0.324506
0.346677
0.407412
0.459804
0.327899
0.110730
-0.157363
-0.379266
-0.399984
-0.317884
-0.186484
-0.045540
0.006410
0.040495
0.093375
0.122936
0.160476
0.133001
0.008718
-0.111874
-0.218179
-0.247793
-0.184113
-0.144943
-0.113829
-0.090006
-0.085992
-0.025763
0.022043
-0.001201
-0.056446
-0.141540
-0.200532
-0.182687
-0.149102
-0.101666
-0.068283
-0.077409
-0.068982
-0.027831
0.023531
0.098258
0.136355
0.143168
0.145416
0.128747
0.151940
0.221833
0.257675
0.311869
0.340375
0.384630
0.449476
0.316519
0.093021
-0.160720
-0.392011
-0.409187
-0.312610
-0.184316
-0.037183
0.009128
0.022978
0.079517
0.108369
0.148519
0.133768
0.000647
-0.126998
-0.227550
-0.259758
-0.186555
-0.143436
-0.117473
-0.093316
-0.092085
-0.034282
0.030455
0.026145
-0.024472
-0.121650
-0.226047
-0.242521
-0.200318
-0.129299
-0.057841
-0.051426
-0.059786
-0.034210
0.006875
0.079336
0.136619
0.151860
0.137769
0.121060
0.138602
0.206939
0.272755
0.331697
0.355128
0.422689
0.428189
0.260463
0.043575
-0.232284
-0.408677
-0.394037
-0.308690
-0.158551
-0.029740
0.010068
0.050126
0.088585
0.111445
0.145263
0.091016
-0.032439
-0.150844
-0.243604
-0.238252
-0.175082
-0.144677
-0.112890
-0.108343
-0.093741
-0.020863
0.017057
-0.014542
-0.082423
-0.178698
-0.218544
-0.187470
-0.142756
-0.089692
-0.067599
-0.080960
-0.065185
-0.024416
0.038996
0.110422
0.136534
0.141380
0.125124
0.109860
0.162103
0.232123
0.288153
0.342128
0.354547
0.418635
0.400659
0.211029
-0.006320
-0.267162
-0.410397
-0.368719
-0.276511
-0.131560
-0.013133
0.012417
0.053738
0.091513
0.110641
0.142307
0.074389
-0.053774
-0.160610
-0.248965
-0.235290
-0.176259
-0.147466
-0.105936
-0.093880
-0.066108
0.006707
0.034253
0.007376
-0.062396
-0.163369
-0.222822
-0.219695
-0.180284
-0.107523
-0.063026
-0.053928
-0.038735
-0.011389
0.039597
0.100035
0.129564
0.141628
0.125043
0.124070
0.169809
0.227692
0.280688
0.333814
0.363051
0.441899
0.424316
0.238912
0.012242
-0.259986
-0.411307
-0.378158
-0.285872
-0.136411
-0.019799
0.012648
0.060672
0.102100
0.130622
0.162314
0.093012
-0.035989
-0.155149
-0.251026
-0.245501
-0.191991
-0.152569
-0.101896
-0.087612
-0.050008
0.005768
-0.001724
-0.033727
-0.084947
-0.152593
-0.159573
-0.150724
-0.134897
-0.100263
-0.090185
-0.076298
-0.028400
0.015925
0.085793
0.143858
0.167082
0.170838
0.152213
0.163085
0.225551
0.272647
0.324579
0.351100
0.382303
0.446321
0.323571
0.113432
-0.130359
-0.358514
-0.385988
-0.305933
-0.187968
-0.047023
0.010600
0.033866
0.084893
0.108683
0.141875
0.132746
0.020363
-0.095657
-0.197349
-0.244007
-0.192739
-0.150735
-0.114902
-0.081686
-0.076316
-0.020671
0.024841
0.013114
-0.012976
-0.100600
-0.190914
-0.197832
-0.175183
-0.107479
-0.045558
-0.049848
-0.047796
-0.019504
0.020917
0.106788
0.158264
0.174982
0.165859
0.132424
0.146200
0.216131
0.276662
0.353949
0.384172
0.432083
0.459485
0.299863
0.078163
-0.177710
-0.382382
-0.387907
-0.306503
-0.176460
-0.032251
0.023478
0.062416
0.116067
0.134625
0.163565
0.128873
0.003460
-0.117770
-0.222493
-0.251080
-0.195718
-0.151012
-0.100944
-0.072174
-0.055198
0.005228
0.041572
0.022027
-0.035022
-0.147451
-0.211057
-0.200496
-0.155149
-0.082403
-0.042355
-0.047405
-0.033969
-0.009142
0.047305
0.132884
0.185206
0.200145
0.177407
0.139956
0.173206
0.240801
0.308528
0.371436
0.398624
0.459735
0.380571
0.176174
-0.053993
-0.303831
-0.393457
-0.342082
-0.241000
-0.090609
0.005417
0.039361
0.087554
0.113028
0.132322
0.144082
0.057183
-0.059478
-0.163390
-0.238305
-0.207085
-0.157486
-0.127435
-0.083561
-0.079946
-0.045316
0.018044
0.029830
0.001132
-0.065654
-0.165300
-0.211894
-0.202509
-0.157130
-0.086004
-0.045144
-0.039960
-0.014558
0.010713
0.064832
0.124053
0.150782
0.161042
0.148295
0.142897
0.196414
0.250486
0.319241
0.366293
0.412716
0.467579
0.348744
0.125075
-0.126905
-0.358230
-0.403403
-0.326861
-0.211785
-0.069480
0.000898
0.031891
0.091099
0.122270
0.153580
0.141737
0.028688
-0.099337
-0.203113
-0.253890
-0.202195
-0.153992
-0.123522
-0.091694
-0.085974
-0.039250
0.024721
0.022552
-0.040002
-0.132954
-0.210971
-0.207689
-0.155760
-0.105316
-0.064927
-0.061979
-0.064284
-0.033292
0.012552
0.076920
0.131153
0.151765
0.148922
0.128672
0.142779
0.210801
0.271763
0.336056
0.362033
0.421457
0.450299
0.285991
0.066595
-0.204548
-0.406952
-0.403068
-0.320728
-0.179220
-0.038544
0.006211
0.048411
0.097622
0.120317
0.155685
0.115838
-0.012301
-0.130008
-0.238104
-0.259367
-0.194208
-0.154456
-0.114229
-0.093011
-0.087052
-0.024898
0.023557
0.016026
-0.032247
-0.127952
-0.211042
-0.226107
-0.198250
-0.131219
-0.074900
-0.063392
-0.051532
-0.023322
0.021264
0.092174
0.133514
0.150511
0.140224
0.116719
0.138988
0.199174
0.254471
0.318380
0.353480
0.427845
0.450219
0.285057
0.056452
-0.217879
-0.413955
-0.408657
-0.321392
-0.177352
-0.043104
0.004234
0.043483
0.093491
0.124497
0.161266
0.117140
-0.014398
-0.145882
-0.252361
-0.265675
-0.197924
-0.151086
-0.112711
-0.096185
-0.083753
-0.023838
0.021773
0.007504
-0.057953
-0.164421
-0.223203
-0.209495
-0.158843
-0.096747
-0.065343
-0.070742
-0.058365
-0.022751
0.036200
0.107916
0.146571
0.156131
0.139274
0.120161
0.163442
0.233986
0.288907
0.343790
0.361958
0.432985
0.398872
0.201498
-0.027971
-0.294939
-0.427148
-0.379092
-0.276995
-0.122771
-0.008476
0.019467
0.065603
0.104510
0.126627
0.151238
0.073117
-0.062555
-0.175004
-0.262103
-0.241475
-0.166310
-0.132423
-0.095380
-0.088117
-0.072571
-0.007154
0.028082
0.006130
-0.061689
-0.170799
-0.239746
-0.225993
-0.174540
-0.100766
-0.053900
-0.055503
-0.041771
-0.010145
0.038659
0.103782
0.133751
0.142824
0.130783
0.118505
0.161716
0.225087
0.278678
0.335384
0.355698
0.436366
0.423692
0.231001
0.004854
-0.269377
-0.422823
-0.383538
-0.289038
-0.137807
-0.017957
0.010868
0.059652
0.104672
0.132047
0.162262
0.088683
-0.045971
-0.164243
-0.257939
-0.244941
-0.174649
-0.134885
-0.093859
-0.086015
-0.069763
-0.006108
0.023329
-0.010639
-0.086939
-0.181280
-0.216146
-0.184234
-0.133095
-0.083106
-0.063757
-0.071954
-0.054540
-0.010463
0.053309
0.120937
0.147973
0.149326
0.127124
0.113805
0.162370
0.231886
0.285816
0.334904
0.345785
0.422852
0.416435
0.234053
0.016400
-0.257252
-0.415902
-0.376181
-0.282665
-0.128049
-0.006519
0.015280
0.057942
0.097036
0.126261
0.165752
0.096624
-0.040999
-0.160268
-0.257004
-0.243974
-0.171422
-0.136895
-0.095316
-0.087327
-0.071720
-0.001401
0.030470
0.011223
-0.046486
-0.155759
-0.220564
-0.212129
-0.167661
-0.090969
-0.049207
-0.056001
-0.039972
-0.007420
0.053146
0.129598
0.158979
0.161337
0.136400
0.117979
0.164345
0.230000
0.287959
0.343492
0.356920
0.424967
0.406081
0.225513
0.014652
-0.249017
-0.398540
-0.366681
-0.281636
-0.131638
-0.009644
0.022884
0.069694
0.105487
0.126221
0.157318
0.090688
-0.036559
-0.150334
-0.246471
-0.238824
-0.172126
-0.137069
-0.090800
-0.076356
-0.057988
0.004328
0.029586
-0.005876
-0.084916
-0.178421
-0.210119
-0.174190
-0.118151
-0.067077
-0.051716
-0.063307
-0.046882
-0.005061
0.060126
0.129485
0.160441
0.158879
0.137003
0.129678
0.182573
0.253174
0.307214
0.340264
0.363383
0.438255
0.404577
0.220665
-0.021035
-0.294997
-0.423690
-0.378980
-0.261489
-0.094283
0.014075
0.043073
0.080419
0.107551
0.140152
0.162231
0.083188
-0.045823
-0.171111
-0.256461
-0.231958
-0.163606
-0.117581
-0.072258
-0.069709
-0.047722
0.006203
0.031340
0.020068
-0.053244
-0.163783
-0.230833
-0.227943
-0.164044
-0.080277
-0.035932
-0.031348
-0.024447
-0.000033
0.055539
0.114071
0.150775
0.161251
0.139109
0.126595
0.166003
0.229229
0.301793
0.352129
0.388902
0.467756
0.411648
0.208243
-0.035457
-0.305558
-0.418772
-0.366477
-0.257742
-0.102490
0.001564
0.034030
0.084768
0.125513
0.157211
0.174406
0.084659
-0.057488
-0.182174
-0.261623
-0.230761
-0.154528
-0.113035
-0.083134
-0.079034
-0.057818
0.009133
0.038578
0.009402
-0.066371
-0.182391
-0.235924
-0.207872
-0.147251
-0.068512
-0.034985
-0.046150
-0.032990
-0.005812
0.048501
0.118813
0.151226
0.159729
0.147523
0.135248
0.183161
0.244161
0.291137
0.342106
0.365540
0.443841
0.403376
0.208939
-0.023155
-0.292976
-0.415449
-0.366386
-0.262123
-0.106055
-0.000927
0.026295
0.073119
0.110754
0.143249
0.170117
0.090044
-0.045675
-0.168328
-0.256172
-0.234070
-0.163984
-0.126057
-0.085443
-0.079861
-0.058718
0.008149
0.032574
-0.000401
-0.084224
-0.190004
-0.220269
-0.187150
-0.130663
-0.070342
-0.052351
-0.059568
-0.038480
-0.004449
0.060308
0.123526
0.153135
0.161153
0.137506
0.127412
0.183089
0.240711
0.308694
0.350871
0.367006
0.438702
0.367134
0.180554
-0.042690
-0.306345
-0.404130
-0.359842
-0.257930
-0.095685
0.001222
0.035459
0.089806
0.113954
0.142814
0.153573
0.060888
-0.061886
-0.179065
-0.255234
-0.221281
-0.160615
-0.121933
-0.083121
-0.081503
-0.054610
0.006443
0.028286
0.007888
-0.064902
-0.163745
-0.217396
-0.215259
-0.164065
-0.093422
-0.052543
-0.041076
-0.026939
-0.004298
0.044146
0.101548
0.137548
0.152410
0.142935
0.138904
0.182932
0.237534
0.289317
0.339111
0.362596
0.438063
0.395911
0.198455
-0.031887
-0.295776
-0.412607
-0.361374
-0.260567
-0.109910
-0.006265
0.022564
0.072899
0.113748
0.143634
0.162016
0.073577
-0.063334
-0.176894
-0.252338
-0.221648
-0.150892
-0.116807
-0.092681
-0.094230
-0.074239
-0.005523
0.023070
-0.001542
-0.080460
-0.190517
-0.226523
-0.194211
-0.132195
-0.064574
-0.048712
-0.064004
-0.054402
-0.023379
0.042738
0.114634
0.142211
0.149866
0.129737
0.120252
0.173714
0.237776
0.294583
0.344195
0.354014
0.429083
0.403288
0.223238
0.000724
-0.278244
-0.422931
-0.387264
-0.288617
-0.124876
-0.007270
0.026963
0.074138
0.107032
0.133128
0.157929
0.080882
-0.045182
-0.165156
-0.256504
-0.240104
-0.175095
-0.129240
-0.082224
-0.082580
-0.064530
-0.010576
0.019036
0.018404
-0.046496
-0.159127
-0.229008
-0.247155
-0.195595
-0.110472
-0.057092
-0.037250
-0.026056
-0.013223
0.037396
0.091206
0.133822
0.158925
0.137129
0.127198
0.167711
0.214698
0.282006
0.341771
0.364104
0.446234
0.408785
0.209249
-0.014222
-0.286944
-0.418861
-0.373418
-0.282951
-0.130294
-0.017680
0.011944
0.070829
0.112920
0.140127
0.171036
0.085706
-0.050735
-0.168036
-0.262618
-0.235800
-0.167735
-0.132434
-0.096515
-0.098928
-0.080674
-0.009002
0.020006
0.007124
-0.068553
-0.184398
-0.226046
-0.203765
-0.147739
-0.075832
-0.058510
-0.066152
-0.046746
-0.013719
0.053095
0.119645
0.140945
0.147914
0.129163
0.122656
0.180138
0.244027
0.295526
0.343186
0.350941
0.428323
0.399577
0.208254
-0.011544
-0.285330
-0.420051
-0.372205
-0.274440
-0.112202
-0.000261
0.022753
0.069235
0.103889
0.131878
0.164481
0.082662
-0.047836
-0.166448
-0.255001
-0.228941
-0.155765
-0.120815
-0.087897
-0.097250
-0.080618
-0.009396
0.030225
0.026779
-0.044414
-0.165150
-0.236613
-0.235767
-0.175035
-0.086602
-0.038226
-0.037892
-0.033180
-0.019340
0.027375
0.091990
0.133650
0.156870
0.145885
0.133488
0.171755
0.228228
0.286898
0.348658
0.370649
0.444641
0.416141
0.227139
0.006108
-0.261800
-0.406946
-0.378437
-0.288534
-0.138968
-0.019068
0.018072
0.072358
0.117678
0.146651
0.173178
0.097312
-0.036489
-0.155126
-0.249463
-0.238693
-0.169912
-0.130399
-0.094495
-0.091706
-0.077638
-0.005134
0.034165
0.012161
-0.063907
-0.176449
-0.221685
-0.197274
-0.144520
-0.079542
-0.053215
-0.059614
-0.041784
-0.007029
0.055269
0.124328
0.153350
0.154985
0.130711
0.121463
0.173091
0.239701
0.296817
0.350911
0.361513
0.431640
0.405633
0.218082
0.004041
-0.268620
-0.415416
-0.377874
-0.283874
-0.122059
-0.000553
0.029190
0.077745
0.112959
0.134519
0.165017
0.088463
-0.040869
-0.154605
-0.250677
-0.236442
-0.163418
-0.124998
-0.088512
-0.093094
-0.084111
-0.013261
0.024657
0.015913
-0.037228
-0.144647
-0.211792
-0.212962
-0.172780
-0.095480
-0.044917
-0.043260
-0.031237
-0.008919
0.046272
0.119183
0.158907
0.167714
0.149606
0.126901
0.164649
0.225818
0.281728
0.344130
0.377372
0.452370
0.396937
0.196794
-0.040680
-0.299436
-0.405915
-0.359970
-0.259419
-0.111208
-0.013716
0.020885
0.075551
0.116706
0.149846
0.166089
0.076739
-0.055124
-0.177808
-0.258974
-0.231416
-0.163212
-0.118667
-0.083427
-0.088338
-0.067055
-0.007720
0.020947
-0.007660
-0.095661
-0.191026
-0.218462
-0.187283
-0.125103
-0.073969
-0.057757
-0.061321
-0.044684
-0.003234
0.067094
0.124824
0.154278
0.150334
0.120413
0.121854
0.184722
0.254648
0.318086
0.350687
0.368747
0.435972
0.368307
0.175752
-0.050486
-0.318704
-0.418878
-0.368003
-0.262566
-0.093970
0.005639
0.034583
0.087051
0.110520
0.140933
0.158224
0.061991
-0.066726
-0.186030
-0.266849
-0.227604
-0.156693
-0.114554
-0.083546
-0.096912
-0.076433
-0.012663
0.024404
0.019053
-0.055658
-0.164532
-0.231455
-0.229379
-0.166988
-0.087371
-0.042672
-0.035252
-0.028194
-0.005275
0.051886
0.110503
0.144946
0.155004
0.124617
0.115618
0.166433
0.231100
0.299198
0.347954
0.375630
0.450810
0.402516
0.211764
-0.031080
-0.306100
-0.432537
-0.389368
-0.279487
-0.111239
0.003024
0.038131
0.082335
0.112300
0.144028
0.167234
0.083841
-0.048952
-0.180523
-0.272620
-0.249772
-0.177633
-0.121024
-0.084072
-0.095101
-0.074839
-0.011738
0.016220
-0.006691
-0.077314
-0.171622
-0.203453
-0.185833
-0.138959
-0.080899
-0.055406
-0.055778
-0.035052
-0.004120
0.063679
0.133362
0.171053
0.170173
0.142443
0.136435
0.192272
0.252641
0.317600
0.352279
0.380070
0.440081
0.335435
0.134081
-0.099438
-0.344782
-0.406021
-0.346794
-0.235899
-0.073565
0.007523
0.039779
0.091784
0.112610
0.145242
0.145749
0.039454
-0.083545
-0.199381
-0.263233
-0.214004
-0.151922
-0.105288
-0.073305
-0.085664
-0.053839
-0.001589
0.019954
0.006605
-0.080246
-0.182694
-0.231128
-0.221367
-0.150085
-0.074309
-0.039430
-0.029853
-0.022950
0.000418
0.060402
0.112348
0.150692
0.152892
0.120026
0.123790
0.177739
0.242537
0.322743
0.361604
0.392627
0.458251
0.362823
0.166570
-0.073543
-0.335768
-0.418294
-0.369874
-0.257762
-0.091164
0.002110
0.042483
0.096387
0.119906
0.154547
0.157709
0.056822
-0.069326
-0.194117
-0.269468
-0.229925
-0.166710
-0.112702
-0.073519
-0.084766
-0.063052
-0.022140
-0.014426
-0.029156
-0.092043
-0.162303
-0.183509
-0.173984
-0.132603
-0.085335
-0.066540
-0.050808
-0.022228
0.014362
0.080904
0.131868
0.159432
0.162179
0.140483
0.148573
0.208483
0.265656
0.337485
0.362032
0.405453
0.441406
0.293773
0.083990
-0.163120
-0.375505
-0.393104
-0.322515
-0.199027
-0.050764
0.008118
0.047511
0.100448
0.120622
0.155604
0.128215
0.008584
-0.109580
-0.221083
-0.257602
-0.195742
-0.144090
-0.094461
-0.074942
-0.083370
-0.043824
-0.007190
-0.005571
-0.030387
-0.115882
-0.194474
-0.213307
-0.190384
-0.121786
-0.060081
-0.044338
-0.034145
-0.021558
0.008651
0.075325
0.125312
0.159189
0.158763
0.133003
0.149387
0.203738
0.257411
0.326996
0.356534
0.415894
0.455755
0.304701
0.085994
-0.177700
-0.392626
-0.408187
-0.331633
-0.198487
-0.048323
0.010251
0.052127
0.103103
0.127223
0.165474
0.132572
0.010943
-0.113371
-0.231000
-0.260684
-0.199216
-0.142906
-0.089087
-0.072808
-0.082027
-0.039225
-0.002921
-0.011755
-0.057919
-0.140576
-0.191994
-0.181477
-0.148789
-0.102274
-0.074181
-0.073866
-0.061903
-0.025411
0.029559
0.099299
0.140145
0.157415
0.139453
0.121721
0.150183
0.228003
0.293719
0.353776
0.367699
0.414317
0.434876
0.271413
0.060867
-0.203309
-0.407271
-0.405346
-0.324583
-0.174987
-0.021939
0.027961
0.066551
0.106100
0.124340
0.165553
0.125968
0.002315
-0.126347
-0.243936
-0.266290
-0.194640
-0.133910
-0.076220
-0.064591
-0.076554
-0.033692
0.004851
0.018398
-0.011759
-0.114534
-0.206276
-0.237773
-0.208835
-0.123371
-0.053220
-0.033347
-0.027917
-0.017408
0.016412
0.078717
0.127656
0.157782
0.149987
0.125804
0.145176
0.207743
0.276239
0.346646
0.369439
0.416949
0.442757
0.296505
0.086613
-0.173924
-0.392129
-0.413913
-0.340478
-0.198576
-0.039598
0.026673
0.069258
0.110724
0.129884
0.165676
0.136657
0.022243
-0.106915
-0.229541
-0.269384
-0.209644
-0.141497
-0.078318
-0.056277
-0.071141
-0.040841
-0.007820
-0.009218
-0.042541
-0.135190
-0.198430
-0.198040
-0.163789
-0.098470
-0.055752
-0.052462
-0.040763
-0.023369
0.019556
0.090524
0.137960
0.165298
0.157859
0.133441
0.161992
0.226416
0.290452
0.361872
0.372200
0.431884
0.437385
0.257239
0.046740
-0.226638
-0.417461
-0.399302
-0.317473
-0.159548
-0.010819
0.031498
0.076476
0.111672
0.128460
0.170325
0.119767
-0.006332
-0.130587
-0.250385
-0.263640
-0.192673
-0.133068
-0.069889
-0.057959
-0.065581
-0.024859
-0.001134
0.008247
-0.029191
-0.129087
-0.201214
-0.230444
-0.201902
-0.122134
-0.063315
-0.034136
-0.017575
-0.006056
0.031830
0.084784
0.123588
0.155174
0.141347
0.121361
0.146307
0.204644
0.277067
0.339813
0.371631
0.448358
0.451496
0.290603
0.072440
-0.216316
-0.406473
-0.414478
-0.342827
-0.183556
-0.042316
0.016791
0.077350
0.117221
0.148644
0.187883
0.130358
0.006959
-0.128914
-0.253423
-0.267853
-0.203040
-0.136302
-0.070478
-0.060543
-0.064794
-0.029693
0.002522
0.004478
-0.050458
-0.151975
-0.222463
-0.227733
-0.179480
-0.104156
-0.057354
-0.046889
-0.042365
-0.022461
0.027280
0.096833
0.144251
0.165739
0.144088
0.115647
0.141366
0.209514
0.285097
0.356764
0.378283
0.429797
0.424829
0.255063
0.045611
-0.219892
-0.403919
-0.404735
-0.330715
-0.180009
-0.033600
0.026151
0.082127
0.122967
0.141768
0.171319
0.116915
-0.009605
-0.134799
-0.250371
-0.266092
-0.198535
-0.134861
-0.076011
-0.064291
-0.069140
-0.026491
0.006199
0.011681
-0.032657
-0.127533
-0.202792
-0.233546
-0.210509
-0.134929
-0.069020
-0.034449
-0.020502
-0.011951
0.019610
0.071756
0.117689
0.154541
0.148525
0.135530
0.148709
0.195098
0.259669
0.332869
0.373252
0.447045
0.458182
0.290931
0.066000
-0.212702
-0.409357
-0.412744
-0.340242
-0.191165
-0.048393
0.011837
0.070801
0.119779
0.147753
0.182572
0.127085
0.001331
-0.129032
-0.245230
-0.265455
-0.204903
-0.146336
-0.084089
-0.068731
-0.071506
-0.035708
-0.002702
0.002552
-0.046811
-0.148081
-0.211809
-0.219181
-0.175853
-0.105737
-0.061596
-0.045736
-0.033106
-0.016317
0.025007
0.085407
0.130866
0.160950
0.151912
0.132631
0.159441
0.215494
0.279197
0.348457
0.372091
0.438522
0.412554
0.230625
0.012778
-0.252257
-0.404937
-0.386401
-0.304701
-0.154681
-0.029651
0.019214
0.073028
0.110638
0.137514
0.166440
0.099913
-0.025373
-0.149305
-0.254009
-0.252233
-0.184412
-0.130116
-0.076542
-0.073984
-0.074741
-0.029279
-0.000718
0.002627
-0.035833
-0.134746
-0.210913
-0.236794
-0.202744
-0.120434
-0.057883
-0.036381
-0.025498
-0.015973
0.020958
0.082011
0.128585
0.158378
0.149428
0.129898
0.146972
0.202336
0.270100
0.345072
0.373731
0.440587
0.431092
0.245772
0.031905
-0.243569
-0.413849
-0.397931
-0.323507
-0.169003
-0.035448
0.015492
0.077051
0.120887
0.146064
0.175956
0.107828
-0.023233
-0.149389
-0.260815
-0.262635
-0.194305
-0.135863
-0.073356
-0.068367
-0.073563
-0.034283
-0.009685
-0.022022
-0.071627
-0.156995
-0.200733
-0.191894
-0.154121
-0.099293
-0.066024
-0.060889
-0.040780
-0.009910
0.042396
0.104584
0.142507
0.155929
0.143131
0.138473
0.189911
0.260107
0.316670
0.350277
0.372174
0.438973
0.373603
0.181921
-0.058607
-0.326946
-0.429662
-0.378430
-0.259627
-0.087044
0.012359
0.044159
0.083792
0.104612
0.141082
0.157932
0.070072
-0.057768
-0.188960
-0.269298
-0.231720
-0.154344
-0.088211
-0.051366
-0.076894
-0.074537
-0.035944
-0.002811
0.005728
-0.057638
-0.160297
-0.223950
-0.233060
-0.171387
-0.088928
-0.040974
-0.024363
-0.022194
-0.013582
0.035471
0.092497
0.145040
0.165834
0.144721
0.136873
0.173604
0.237700
0.310495
0.363037
0.390648
0.452710
0.381849
0.181735
-0.045694
-0.303485
-0.408293
-0.368460
-0.273917
-0.114911
-0.008448
0.037204
0.094511
0.121129
0.150829
0.162944
0.074669
-0.046017
-0.169032
-0.255109
-0.231352
-0.171379
-0.115391
-0.069239
-0.072828
-0.058054
-0.016127
-0.004490
-0.023353
-0.091847
-0.175930
-0.200067
-0.181349
-0.131824
-0.079298
-0.062580
-0.055613
-0.034105
0.002594
0.066886
0.120197
0.153567
0.161927
0.140003
0.152536
0.206684
0.266605
0.326038
0.351620
0.366799
0.436482
0.357616
0.169590
-0.056756
-0.324298
-0.413391
-0.361644
-0.252731
-0.074651
0.017179
0.047492
0.091745
0.105412
0.139100
0.158503
0.064442
-0.055479
-0.181111
-0.262157
-0.222945
-0.154499
-0.089962
-0.038443
-0.055131
-0.048520
-0.021766
-0.011483
-0.010901
-0.067988
-0.155932
-0.209002
-0.224866
-0.171382
-0.095237
-0.046516
-0.021643
-0.006740
0.009113
0.059866
0.105002
0.141376
0.150888
0.131707
0.135131
0.180751
0.238073
0.310308
0.363499
0.401865
0.473406
0.385027
0.176708
-0.063257
-0.328645
-0.415570
-0.364632
-0.262906
-0.101015
-0.005398
0.036833
0.101235
0.135077
0.171654
0.177159
0.068262
-0.067790
-0.193670
-0.269828
-0.226343
-0.156753
-0.099817
-0.059418
-0.068314
-0.049240
-0.005179
-0.001910
-0.033257
-0.107823
-0.186548
-0.198622
-0.171044
-0.118660
-0.070083
-0.059886
-0.056572
-0.032167
0.008375
0.079706
0.138089
0.168413
0.162375
0.135901
0.148226
0.214043
0.280685
0.342192
0.361066
0.385860
0.433704
0.313475
0.114883
-0.125326
-0.357631
-0.399965
-0.333546
-0.209068
-0.047022
0.020501
0.050083
0.091342
0.104899
0.145211
0.139739
0.032909
-0.086269
-0.208336
-0.259325
-0.200957
-0.137785
-0.080687
-0.052751
-0.077397
-0.054904
-0.021274
-0.011178
-0.018314
-0.090344
-0.178391
-0.216431
-0.210665
-0.144680
-0.070225
-0.036282
-0.024938
-0.019044
-0.000885
0.058879
0.111998
0.153031
0.162038
0.139262
0.143351
0.196503
0.252118
0.326801
0.375099
0.417633
0.452519
0.309636
0.084378
-0.159203
-0.371067
-0.398096
-0.323890
-0.206432
-0.064569
0.004364
0.048060
0.105479
0.134945
0.165454
0.137787
0.020046
-0.108954
-0.219244
-0.258666
-0.200502
-0.138814
-0.095733
-0.067293
-0.083588
-0.064510
-0.024340
-0.035334
-0.058726
-0.117321
-0.178495
-0.175796
-0.154209
-0.118702
-0.079487
-0.073687
-0.057849
-0.012783
0.030270
0.092675
0.139847
0.151740
0.143904
0.142425
0.173224
0.244869
0.300824
0.343299
0.354178
0.416290
0.415734
0.241241
0.028405
-0.248124
-0.421307
-0.396038
-0.308283
-0.143647
-0.009139
0.024681
0.068159
0.098668
0.124387
0.165687
0.104151
-0.023957
-0.151972
-0.260947
-0.255313
-0.179091
-0.122454
-0.066852
-0.062614
-0.065341
-0.030222
-0.014460
-0.016922
-0.057024
-0.143887
-0.205866
-0.227850
-0.193522
-0.118868
-0.065826
-0.042156
-0.027044
-0.008852
0.039078
0.091066
0.125984
0.141302
0.123145
0.119463
0.163390
0.230392
0.299286
0.360128
0.379003
0.448827
0.407903
0.211296
-0.016882
-0.291547
-0.428304
-0.391007
-0.295694
-0.132753
-0.013512
0.026429
0.080325
0.114375
0.143543
0.169982
0.088139
-0.044195
-0.178154
-0.273582
-0.252905
-0.175434
-0.117552
-0.071611
-0.076295
-0.065644
-0.027300
-0.022866
-0.047136
-0.096964
-0.168304
-0.190072
-0.176991
-0.142534
-0.096105
-0.076601
-0.074230
-0.045512
-0.005166
0.061575
0.121388
0.149969
0.150314
0.130707
0.135313
0.197029
0.265398
0.328566
0.359568
0.377511
0.429514
0.334573
0.136431
-0.096460
-0.346657
-0.419648
-0.365139
-0.250467
-0.081728
0.008445
0.044871
0.089095
0.103458
0.134861
0.138468
0.043861
-0.076427
-0.198120
-0.267897
-0.229232
-0.162425
-0.106352
-0.066561
-0.068176
-0.048890
-0.012259
-0.000840
-0.015594
-0.084449
-0.182350
-0.239984
-0.242290
-0.178421
-0.093515
-0.042566
-0.025746
-0.019617
-0.005158
0.045050
0.099097
0.143190
0.157253
0.137996
0.139024
0.187778
0.247789
0.334603
0.374577
0.419080
0.481907
0.340419
0.124136
-0.136926
-0.391600
-0.428231
-0.366423
-0.242629
-0.070860
0.003149
0.048704
0.106455
0.122125
0.161622
0.149764
0.028446
-0.097380
-0.224515
-0.278523
-0.216309
-0.155108
-0.099899
-0.072768
-0.084970
-0.050530
-0.019301
-0.020371
-0.052313
-0.128479
-0.188751
-0.195481
-0.175578
-0.121613
-0.080627
-0.064450
-0.049881
-0.025949
0.011414
0.074813
0.121365
0.153082
0.155485
0.141200
0.164255
0.227544
0.282339
0.345467
0.363003
0.416204
0.457899
0.293883
0.074840
-0.196334
-0.422739
-0.421365
-0.337679
-0.189081
-0.026403
0.019809
0.057101
0.105080
0.124205
0.173378
0.139552
0.005985
-0.125194
-0.249103
-0.276782
-0.201225
-0.139538
-0.085849
-0.071437
-0.090607
-0.045533
0.003445
0.025191
0.007981
-0.102193
-0.215660
-0.257740
-0.234735
-0.141277
-0.058192
-0.032557
-0.019549
-0.012678
0.016823
0.089902
0.146920
0.179719
0.172201
0.144675
0.158911
0.217681
0.283470
0.364876
0.402824
0.473278
0.444405
0.233271
-0.004021
-0.277646
-0.434204
-0.396038
-0.308749
-0.155793
-0.023896
0.023585
0.088265
0.135479
0.160900
0.184000
0.102064
-0.038913
-0.168093
-0.262525
-0.248430
-0.171335
-0.123255
-0.079322
-0.073393
-0.072720
-0.035971
-0.016991
-0.030728
-0.068946
-0.143456
-0.180823
-0.175954
-0.145863
-0.098305
-0.067927
-0.056807
-0.027373
0.010644
0.067379
0.124657
0.158541
0.168971
0.160809
0.162634
0.216271
0.275677
0.341837
0.376613
0.400468
0.462828
0.353227
0.139895
-0.104569
-0.362276
-0.421576
-0.349386
-0.231668
-0.061423
0.017167
0.048525
0.103750
0.122316
0.161591
0.164182
0.048628
-0.080445
-0.208276
-0.272227
-0.213400
-0.142630
-0.090072
-0.057137
-0.077394
-0.059715
-0.003926
0.010021
-0.015261
-0.096182
-0.191509
-0.210962
-0.185882
-0.127062
-0.064939
-0.047111
-0.042946
-0.019531
0.014907
0.088220
0.151232
0.177476
0.167609
0.142778
0.151723
0.223320
0.288966
0.354238
0.381068
0.439720
0.463901
0.324314
0.108320
-0.176371
-0.396643
-0.425742
-0.353215
-0.196044
-0.041447
0.026653
0.076215
0.114243
0.140188
0.184164
0.146590
0.030760
-0.109236
-0.240105
-0.268930
-0.206630
-0.135929
-0.074276
-0.062123
-0.067107
-0.043817
-0.003839
0.014158
-0.007947
-0.098683
-0.200403
-0.235550
-0.208033
-0.129836
-0.057568
-0.034295
-0.024661
-0.007870
0.029690
0.099051
0.157959
0.184151
0.170123
0.145048
0.161941
0.226500
0.299961
0.367720
0.402571
0.476188
0.439493
0.239677
0.007394
-0.273439
-0.424546
-0.397894
-0.309827
-0.146749
-0.019959
0.029003
0.087742
0.123759
0.153101
0.184680
0.110583
-0.019847
-0.155122
-0.263708
-0.256002
-0.180854
-0.121335
-0.070215
-0.070996
-0.073953
-0.029462
-0.010444
-0.024368
-0.066315
-0.149299
-0.187812
-0.181234
-0.151118
-0.097171
-0.067614
-0.064034
-0.040764
-0.010261
0.050307
0.119419
0.157294
0.168757
0.155923
0.151472
0.205144
0.269665
0.333749
0.375292
0.404938
0.472861
0.366171
0.150444
-0.110480
-0.374716
-0.440115
-0.372860
-0.244731
-0.071866
0.011463
0.049556
0.099715
0.124301
0.164895
0.166476
0.054900
-0.082204
-0.217872
-0.284137
-0.228478
-0.146438
-0.085924
-0.054373
-0.074645
-0.056873
-0.017985
0.012315
0.003595
-0.076684
-0.183122
-0.249335
-0.250826
-0.174049
-0.091118
-0.038679
-0.025870
-0.019824
0.001253
0.056260
0.109052
0.153934
0.158200
0.141956
0.148437
0.199900
0.262348
0.342762
0.380673
0.444185
0.487092
0.335754
0.106903
-0.178649
-0.421435
-0.444674
-0.371587
-0.222627
-0.056188
0.009367
0.059504
0.112723
0.135834
0.185476
0.155602
0.030458
-0.109811
-0.248276
-0.290438
-0.221188
-0.146943
-0.079369
-0.060432
-0.076876
-0.049555
-0.020961
-0.018890
-0.049669
-0.133096
-0.190684
-0.201681
-0.177148
-0.121296
-0.085320
-0.073499
-0.056549
-0.031668
0.020229
0.085899
0.129299
0.155456
0.150625
0.134575
0.173242
0.244993
0.305856
0.365799
0.369602
0.434808
0.433170
0.246395
0.024606
-0.264059
-0.447998
-0.422851
-0.328794
-0.156573
-0.004626
0.034291
0.076772
0.108304
0.126645
0.174486
0.119560
-0.016029
-0.151132
-0.277126
-0.280263
-0.192449
-0.118383
-0.053810
-0.056628
-0.071702
-0.041293
-0.015411
0.010159
-0.020085
-0.120770
-0.205384
-0.260136
-0.244009
-0.156767
-0.085674
-0.037125
-0.012409
-0.007718
0.023134
0.068539
0.103542
0.141254
0.138344
0.127529
0.155633
0.211101
0.277153
0.352461
0.379570
0.464958
0.462880
0.267053
0.034898
-0.267416
-0.454067
-0.432039
-0.346225
-0.175625
-0.032217
0.015000
0.075479
0.120371
0.151108
0.198548
0.134337
-0.009973
-0.157182
-0.286848
-0.290931
-0.201734
-0.126094
-0.058985
-0.063713
-0.074170
-0.038049
-0.027078
-0.027134
-0.068754
-0.160747
-0.204167
-0.210605
-0.175015
-0.105337
-0.072718
-0.064748
-0.049252
-0.028658
0.030129
0.097373
0.136490
0.158092
0.144225
0.128246
0.173767
0.248089
0.315751
0.370832
0.388217
0.457411
0.400234
0.189070
-0.046097
-0.329993
-0.452915
-0.401556
-0.295232
-0.113783
0.004521
0.040846
0.091609
0.115485
0.147243
0.175627
0.090268
-0.050789
-0.194137
-0.297768
-0.267178
-0.176721
-0.095788
-0.040614
-0.055174
-0.059505
-0.029566
-0.007892
0.009349
-0.040321
-0.145324
-0.227439
-0.273422
-0.230884
-0.135058
-0.066626
-0.023072
-0.012507
-0.010036
0.027526
0.072103
0.111050
0.148437
0.136654
0.128230
0.163894
0.217117
0.288043
0.357655
0.381149
0.462308
0.437105
0.241041
0.007354
-0.280526
-0.439815
-0.411074
-0.319534
-0.155049
-0.023674
0.025504
0.083633
0.128137
0.158580
0.190617
0.114008
-0.025586
-0.163887
-0.276745
-0.266710
-0.187510
-0.123309
-0.066749
-0.069328
-0.063584
-0.030161
-0.021338
-0.032117
-0.082921
-0.156430
-0.186578
-0.185889
-0.152145
-0.103949
-0.079549
-0.069178
-0.044072
-0.007331
0.055049
0.111486
0.143655
0.155717
0.145875
0.144863
0.200316
0.259337
0.322191
0.356447
0.371065
0.457419
0.381106
0.183639
-0.058473
-0.344687
-0.439450
-0.382044
-0.270761
-0.088680
0.006050
0.040649
0.094523
0.116391
0.157577
0.178895
0.077038
-0.058951
-0.200365
-0.290268
-0.243574
-0.162051
-0.093756
-0.051259
-0.076561
-0.064816
-0.029754
-0.006009
-0.008599
-0.082471
-0.174293
-0.212379
-0.206250
-0.143028
-0.079122
-0.049385
-0.040450
-0.027635
-0.001116
0.062046
0.117788
0.157434
0.163870
0.138676
0.138342
