0.266548
0.357493
0.414631
0.435443
0.443269
0.476937
0.481692
0.202305
-0.082122
-0.390649
-0.537808
-0.453640
-0.200852
0.131483
0.316728
0.350376
0.175861
-0.064512
-0.300956
-0.359839
-0.335478
-0.224949
-0.119908
-0.058440
-0.058325
-0.035322
0.031915
0.083336
0.182571
0.186856
0.127605
0.010360
-0.099941
-0.172856
-0.170887
-0.110397
-0.077517
-0.050669
-0.112741
-0.185045
-0.220566
-0.191599
-0.135508
-0.070119
-0.058911
-0.094175
-0.135171
-0.162469
-0.128883
-0.050809
0.032621
0.096490
0.121959
0.117184
0.134184
0.183478
0.271556
0.387659
0.451463
0.483382
0.484107
0.519333
0.437134
0.123369
-0.152593
-0.456472
-0.526023
-0.418478
-0.115000
0.179723
0.348969
0.332882
0.145048
-0.105831
-0.319844
-0.355660
-0.325385
-0.205799
-0.110942
-0.053293
-0.057415
-0.005723
0.050936
0.114315
0.204265
0.182952
0.112146
-0.013236
-0.107076
-0.177967
-0.154341
-0.097662
-0.062501
-0.055241
-0.142305
-0.194336
-0.220095
-0.175495
-0.114030
-0.057909
-0.066489
-0.097714
-0.136026
-0.149612
-0.100786
-0.023825
0.057571
0.102959
0.115484
0.113149
0.136922
0.195551
0.294903
0.400497
0.450560
0.486797
0.482461
0.523383
0.420850
0.100171
-0.172454
-0.474681
-0.519148
-0.396545
-0.085195
0.196583
0.353921
0.315700
0.124329
-0.121332
-0.309335
-0.331341
-0.299641
-0.186951
-0.102488
-0.059377
-0.067613
-0.003968
0.059333
0.131042
0.209654
0.179141
0.097101
-0.025177
-0.111898
-0.175098
-0.140597
-0.103963
-0.079872
-0.095961
-0.167330
-0.190954
-0.190378
-0.136040
-0.083304
-0.054558
-0.081610
-0.116428
-0.143308
-0.129987
-0.066202
0.014064
0.080877
0.112133
0.119853
0.125026
0.173888
0.249183
0.354845
0.446140
0.487769
0.507006
0.530348
0.529431
0.222088
-0.062679
-0.394233
-0.556242
-0.472862
-0.222734
0.121914
0.320007
0.371392
0.196104
-0.032502
-0.283361
-0.346641
-0.332991
-0.228336
-0.120594
-0.055854
-0.057200
-0.036739
0.037700
0.084898
0.191139
0.196343
0.133046
0.021609
-0.082267
-0.151825
-0.151179
-0.100218
-0.095541
-0.096971
-0.166010
-0.194544
-0.190896
-0.142412
-0.090559
-0.060820
-0.087508
-0.127867
-0.149218
-0.139640
-0.075014
0.013230
0.081453
0.113127
0.117514
0.110297
0.136261
0.213362
0.318392
0.428186
0.484876
0.518030
0.527683
0.568136
0.329155
0.016649
-0.299973
-0.541220
-0.518112
-0.326805
0.015939
0.255193
0.370870
0.250773
0.053332
-0.206059
-0.325132
-0.324773
-0.256503
-0.152852
-0.083693
-0.068226
-0.066729
0.015161
0.069158
0.165179
0.205764
0.155614
0.057769
-0.052606
-0.126759
-0.157245
-0.117414
-0.118598
-0.131484
-0.174999
-0.187070
-0.174500
-0.124793
-0.081315
-0.063957
-0.088548
-0.133094
-0.150722
-0.136360
-0.077711
0.010087
0.075808
0.102365
0.111149
0.112217
0.135577
0.217886
0.319836
0.422916
0.472508
0.502709
0.508577
0.550352
0.358774
0.043557
-0.250110
-0.521564
-0.523179
-0.359690
-0.027828
0.224409
0.357759
0.261608
0.062282
-0.186598
-0.325617
-0.331189
-0.261812
-0.143052
-0.073977
-0.050044
-0.070182
-0.008909
0.041029
0.132640
0.197956
0.163446
0.079605
-0.032562
-0.115591
-0.164018
-0.142615
-0.157123
-0.168342
-0.182168
-0.172884
-0.141818
-0.094215
-0.070275
-0.075534
-0.116286
-0.165083
-0.172221
-0.131567
-0.054078
0.047981
0.110821
0.126897
0.111353
0.098542
0.111264
0.195985
0.312002
0.430176
0.492111
0.516756
0.514727
0.538682
0.297954
0.005552
-0.282977
-0.521569
-0.501415
-0.326899
-0.009976
0.217078
0.343313
0.235293
0.049836
-0.191106
-0.312510
-0.324096
-0.261639
-0.152359
-0.085312
-0.051528
-0.057484
0.009516
0.045414
0.130836
0.178690
0.138038
0.062400
-0.034340
-0.112203
-0.162361
-0.149840
-0.191979
-0.199385
-0.187345
-0.159435
-0.118460
-0.072762
-0.066831
-0.089590
-0.130222
-0.174391
-0.161351
-0.117069
-0.036185
0.051256
0.102713
0.114029
0.105983
0.098237
0.122685
0.216853
0.330313
0.445256
0.500385
0.515799
0.516837
0.517244
0.244046
-0.034917
-0.331198
-0.528712
-0.487647
-0.276777
0.026630
0.240215
0.334982
0.205242
0.008801
-0.224066
-0.322894
-0.328319
-0.242480
-0.137932
-0.070248
-0.052471
-0.049169
0.003922
0.037411
0.132742
0.168566
0.131157
0.056388
-0.033919
-0.119487
-0.177858
-0.193070
-0.225544
-0.205372
-0.164185
-0.120461
-0.081844
-0.063122
-0.086214
-0.126322
-0.164401
-0.181880
-0.145718
-0.077448
0.010016
0.080157
0.115481
0.108218
0.098255
0.105448
0.157204
0.254102
0.365496
0.451551
0.490978
0.497218
0.544156
0.463210
0.141980
-0.111000
-0.431883
-0.528471
-0.445252
-0.168562
0.092031
0.282475
0.288327
0.128297
-0.087810
-0.281428
-0.321988
-0.299695
-0.187193
-0.105532
-0.051820
-0.070148
-0.041395
-0.003557
0.049739
0.148483
0.156781
0.113192
0.027461
-0.056043
-0.155260
-0.202127
-0.236575
-0.236986
-0.186765
-0.133937
-0.089993
-0.064961
-0.077068
-0.115866
-0.153935
-0.183008
-0.172140
-0.111158
-0.035459
0.047512
0.103517
0.117004
0.101801
0.105015
0.118027
0.197434
0.302468
0.410970
0.466595
0.498329
0.501493
0.541247
0.329632
0.044356
-0.241493
-0.493662
-0.501015
-0.350122
-0.049616
0.164973
0.307600
0.213521
0.045112
-0.188382
-0.305272
-0.325551
-0.255012
-0.155151
-0.085253
-0.057265
-0.076388
-0.019816
0.009158
0.094498
0.154090
0.141587
0.074629
-0.008480
-0.091178
-0.180133
-0.220613
-0.253108
-0.219183
-0.166957
-0.104523
-0.066833
-0.059131
-0.099153
-0.142188
-0.180604
-0.190082
-0.144046
-0.066468
0.010471
0.072688
0.106900
0.098360
0.088629
0.101652
0.149364
0.241536
0.344463
0.436477
0.483746
0.493809
0.522175
0.506837
0.203447
-0.048531
-0.358212
-0.508710
-0.460920
-0.235538
0.037552
0.228272
0.292576
0.152891
-0.042869
-0.258054
-0.321032
-0.312884
-0.211950
-0.115336
-0.053504
-0.061195
-0.053515
-0.009072
0.020834
0.120332
0.145841
0.122016
0.040651
-0.033952
-0.155585
-0.237673
-0.242075
-0.239448
-0.157600
-0.090807
-0.050009
-0.061760
-0.097986
-0.156165
-0.181891
-0.183286
-0.143982
-0.068669
-0.009876
0.042915
0.069502
0.079879
0.072211
0.100947
0.123107
0.194752
0.288200
0.370587
0.425875
0.453266
0.473946
0.515679
0.410589
0.122096
-0.128279
-0.416135
-0.482666
-0.402095
-0.145281
0.085032
0.257274
0.243412
0.095031
-0.107699
-0.281010
-0.317427
-0.283653
-0.171359
-0.097275
-0.046197
-0.064729
-0.038717
-0.004947
0.049826
0.131769
0.132513
0.095702
0.008353
-0.068434
-0.196705
-0.247190
-0.259120
-0.217307
-0.128893
-0.070226
-0.040121
-0.067250
-0.113070
-0.171309
-0.183698
-0.182894
-0.124047
-0.051071
0.014917
0.068721
0.094406
0.099936
0.092368
0.115657
0.135977
0.229215
0.321024
0.408733
0.455174
0.472090
0.488830
0.495124
0.264613
0.008594
-0.268618
-0.454477
-0.447730
-0.277500
-0.015967
0.168556
0.262278
0.157200
-0.008629
-0.208036
-0.291093
-0.293843
-0.214340
-0.124896
-0.066136
-0.060433
-0.068617
-0.021325
0.011425
0.095959
0.139406
0.119515
0.048479
-0.052784
-0.181518
-0.244841
-0.234181
-0.191100
-0.110175
-0.054246
-0.050595
-0.088584
-0.134619
-0.179445
-0.181588
-0.151624
-0.098427
-0.039326
0.004834
0.035627
0.058525
0.080355
0.098073
0.131502
0.153594
0.206930
0.271794
0.343401
0.399377
0.443188
0.460752
0.515351
0.431514
0.140152
-0.092112
-0.385848
-0.465888
-0.401145
-0.165308
0.060195
0.227921
0.230835
0.090192
-0.093193
-0.263603
-0.296823
-0.272035
-0.165904
-0.091018
-0.038390
-0.050865
-0.027252
-0.002026
0.040326
0.116592
0.116795
0.082816
-0.006521
-0.133088
-0.242446
-0.242589
-0.206271
-0.127176
-0.055356
-0.037264
-0.070616
-0.121216
-0.173747
-0.193778
-0.169072
-0.117931
-0.050634
0.001495
0.031792
0.055277
0.071322
0.096775
0.121640
0.146179
0.178943
0.251790
0.308546
0.379379
0.417854
0.448816
0.466101
0.490598
0.278280
0.038848
-0.224895
-0.428334
-0.428387
-0.293574
-0.047190
0.131551
0.240317
0.146915
0.005147
-0.185801
-0.276618
-0.281238
-0.212022
-0.124113
-0.064157
-0.042794
-0.056391
-0.011157
0.004422
0.076450
0.115549
0.100496
0.042014
-0.077133
-0.195027
-0.245894
-0.215233
-0.162649
-0.076821
-0.034624
-0.055769
-0.100938
-0.148814
-0.184249
-0.172218
-0.124484
-0.070101
-0.014987
0.014091
0.033112
0.053010
0.083794
0.117750
0.152662
0.177025
0.219505
0.275590
0.336126
0.394304
0.434113
0.447120
0.488557
0.395907
0.122394
-0.102599
-0.363952
-0.434139
-0.353549
-0.134959
0.064306
0.201959
0.188064
0.054759
-0.107831
-0.244597
-0.272686
-0.241277
-0.154922
-0.092508
-0.051769
-0.059296
-0.032466
0.007831
0.044589
0.108137
0.101820
0.060078
-0.043565
-0.149583
-0.223430
-0.214391
-0.161074
-0.101780
-0.041348
-0.046237
-0.085557
-0.133861
-0.173081
-0.179661
-0.139291
-0.081619
-0.030024
0.013931
0.033023
0.055136
0.074236
0.105448
0.124686
0.158214
0.193125
0.260443
0.325438
0.379417
0.416733
0.428391
0.450514
0.460738
0.251848
0.026917
-0.231208
-0.405821
-0.407908
-0.262746
-0.042415
0.134054
0.222612
0.137067
-0.005738
-0.187732
-0.278257
-0.288378
-0.213099
-0.128299
-0.056138
-0.034070
-0.035875
-0.004901
0.012637
0.067724
0.094500
0.074943
-0.020544
-0.114828
-0.191663
-0.212396
-0.153760
-0.105093
-0.049651
-0.043776
-0.081826
-0.136131
-0.165979
-0.179168
-0.141024
-0.080875
-0.040350
-0.001197
0.015590
0.030129
0.052293
0.094653
0.115603
0.149851
0.176573
0.220481
0.280806
0.345197
0.392270
0.433487
0.441640
0.469366
0.349848
0.098101
-0.132266
-0.359005
-0.408000
-0.324959
-0.109226
0.059678
0.188766
0.152794
0.037407
-0.123731
-0.234853
-0.262005
-0.221504
-0.148888
-0.092382
-0.054452
-0.060887
-0.023137
0.006754
0.055637
0.097783
0.089248
0.028256
-0.080625
-0.165151
-0.210911
-0.182923
-0.128134
-0.076737
-0.047890
-0.067930
-0.116500
-0.157655
-0.176094
-0.160311
-0.105800
-0.055189
-0.009371
0.015714
0.031065
0.048959
0.078952
0.108114
0.133383
0.162224
0.199461
0.258152
0.319987
0.380756
0.416221
0.438037
0.473624
0.418815
0.167225
-0.059897
-0.320187
-0.430128
-0.376049
-0.180342
0.033422
0.183631
0.200185
0.071100
-0.088274
-0.240716
-0.275457
-0.244714
-0.153834
-0.085251
-0.045593
-0.056275
-0.052005
-0.019715
0.017014
0.086160
0.104008
0.081436
-0.005764
-0.115966
-0.204800
-0.218978
-0.181125
-0.122706
-0.057068
-0.044183
-0.068579
-0.115827
-0.158700
-0.180074
-0.153245
-0.099466
-0.045793
0.005350
0.028917
0.048549
0.064354
0.092235
0.106950
0.129662
0.156470
0.210872
0.277600
0.357945
0.411883
0.446742
0.471630
0.498265
0.298758
0.050420
-0.204045
-0.424128
-0.436866
-0.311073
-0.079272
0.109193
0.230738
0.162742
0.032819
-0.146710
-0.249042
-0.267909
-0.212618
-0.134511
-0.075884
-0.050420
-0.064935
-0.020967
0.003038
0.064179
0.109795
0.098616
0.048751
-0.037732
-0.144394
-0.216955
-0.212692
-0.182662
-0.115662
-0.057786
-0.047298
-0.074873
-0.109259
-0.151153
-0.164647
-0.139556
-0.104166
-0.046438
0.004260
0.040298
0.068266
0.088305
0.095773
0.108360
0.126197
0.165594
0.234801
0.321582
0.386484
0.436538
0.464024
0.511871
0.439450
0.168069
-0.072533
-0.364051
-0.470715
-0.414823
-0.188640
0.042323
0.226760
0.243436
0.110256
-0.068960
-0.240105
-0.289187
-0.262245
-0.159313
-0.094010
-0.039149
-0.055912
-0.056250
-0.026699
0.009375
0.087639
0.111057
0.094298
0.025288
-0.063116
-0.182071
-0.215859
-0.213523
-0.172189
-0.097191
-0.054710
-0.053757
-0.077030
-0.112039
-0.155423
-0.153185
-0.134298
-0.093675
-0.031022
0.015885
0.053092
0.080409
0.097525
0.093724
0.110218
0.124141
0.185414
0.265808
0.361754
0.438403
0.492091
0.516657
0.527997
0.286430
0.020000
-0.252377
-0.455036
-0.451191
-0.297632
-0.045627
0.140279
0.255878
0.167349
0.023356
-0.158621
-0.254416
-0.272678
-0.207639
-0.134557
-0.083632
-0.061124
-0.073661
-0.032542
0.003415
0.072082
0.112778
0.114830
0.053094
-0.013616
-0.110983
-0.195862
-0.208677
-0.207268
-0.155597
-0.096506
-0.057442
-0.062645
-0.076699
-0.122958
-0.152928
-0.156340
-0.136151
-0.086090
-0.019703
0.035930
0.070717
0.092513
0.084822
0.090023
0.105643
0.144968
0.216098
0.304866
0.382712
0.437506
0.477506
0.518121
0.478088
0.201957
-0.036911
-0.343611
-0.481451
-0.445714
-0.238930
0.001811
0.198020
0.262411
0.139965
-0.019191
-0.209825
-0.277786
-0.274996
-0.178163
-0.107033
-0.046705
-0.057110
-0.065008
-0.038615
-0.009789
0.075258
0.114538
0.115619
0.057725
-0.003827
-0.111692
-0.208539
-0.227785
-0.233491
-0.167951
-0.094167
-0.054079
-0.051424
-0.077084
-0.126448
-0.158573
-0.152873
-0.129928
-0.063000
0.000134
0.053333
0.082093
0.093348
0.074055
0.082139
0.105055
0.155641
0.239737
0.329558
0.392636
0.441703
0.467068
0.500858
0.428463
0.151158
-0.075348
-0.364183
-0.470268
-0.408160
-0.196943
0.026188
0.203123
0.236563
0.107271
-0.040030
-0.209632
-0.264027
-0.245458
-0.159123
-0.098501
-0.039791
-0.057673
-0.058483
-0.025802
0.001235
0.077539
0.100604
0.094846
0.037622
-0.025637
-0.143086
-0.197564
-0.210281
-0.200928
-0.134220
-0.085188
-0.062142
-0.067859
-0.083165
-0.127400
-0.131121
-0.132412
-0.112910
-0.061882
-0.007971
0.036112
0.076304
0.097387
0.088265
0.095922
0.098701
0.144304
0.226293
0.321431
0.399000
0.447838
0.465926
0.488139
0.431005
0.155908
-0.062575
-0.335553
-0.458114
-0.414193
-0.217920
0.001070
0.190255
0.249259
0.137365
-0.006284
-0.185281
-0.262434
-0.261495
-0.178973
-0.116904
-0.048447
-0.050547
-0.050638
-0.022600
0.002566
0.066140
0.099819
0.092846
0.038296
-0.035210
-0.157432
-0.213833
-0.220194
-0.188892
-0.115760
-0.052300
-0.043682
-0.065533
-0.097754
-0.143715
-0.149585
-0.127890
-0.088274
-0.036089
0.014673
0.040410
0.064026
0.074459
0.078475
0.103602
0.128434
0.185802
0.257510
0.338294
0.387078
0.438710
0.468570
0.515634
0.372059
0.092748
-0.154102
-0.422799
-0.473917
-0.374413
-0.127830
0.078427
0.246187
0.215182
0.079363
-0.088163
-0.234505
-0.267004
-0.223964
-0.134585
-0.086369
-0.044267
-0.071980
-0.056057
-0.026450
0.026025
0.091832
0.108731
0.082222
0.006195
-0.086172
-0.192514
-0.216662
-0.199716
-0.148787
-0.080882
-0.044143
-0.057723
-0.089705
-0.128867
-0.156231
-0.143765
-0.112127
-0.071558
-0.017974
0.024187
0.050907
0.075159
0.084203
0.091176
0.111363
0.144838
0.202175
0.279244
0.355445
0.409340
0.463386
0.502283
0.477300
0.208913
-0.034391
-0.326429
-0.471145
-0.432184
-0.242539
-0.006465
0.178260
0.244772
0.131044
-0.013061
-0.180605
-0.249726
-0.246151
-0.164946
-0.108448
-0.062322
-0.064691
-0.075805
-0.039291
-0.001314
0.071612
0.107604
0.100235
0.045512
-0.028178
-0.138498
-0.201660
-0.205358
-0.186818
-0.123902
-0.068779
-0.054505
-0.071229
-0.094529
-0.132687
-0.139848
-0.121943
-0.099968
-0.056633
-0.008459
0.032309
0.069497
0.097128
0.091787
0.099566
0.105212
0.146478
0.213417
0.301964
0.376575
0.438770
0.471839
0.506045
0.403769
0.120970
-0.120369
-0.387531
-0.474289
-0.394543
-0.169365
0.043484
0.218298
0.227144
0.104213
-0.054930
-0.205450
-0.252446
-0.222970
-0.135840
-0.083331
-0.041969
-0.064476
-0.065306
-0.035226
0.007859
0.081165
0.112108
0.095915
0.034924
-0.035539
-0.149136
-0.199787
-0.211392
-0.192028
-0.128861
-0.073703
-0.052343
-0.059818
-0.079510
-0.119012
-0.131785
-0.128089
-0.108966
-0.055485
-0.000175
0.047374
0.082426
0.098259
0.083449
0.086621
0.093457
0.145356
0.227385
0.328576
0.400129
0.456638
0.475746
0.497284
0.350983
0.075514
-0.156463
-0.410070
-0.459394
-0.364767
-0.139143
0.063805
0.225800
0.213641
0.091791
-0.063035
-0.206504
-0.246526
-0.214283
-0.140333
-0.089468
-0.050647
-0.071239
-0.055598
-0.024113
0.026738
0.092782
0.114865
0.089161
0.027654
-0.055736
-0.168379
-0.209817
-0.212784
-0.175956
-0.101883
-0.049959
-0.046160
-0.061333
-0.098459
-0.135540
-0.138075
-0.118264
-0.082422
-0.024875
0.024686
0.058448
0.081014
0.081972
0.069985
0.081304
0.104177
0.170317
0.254185
0.341606
0.392785
0.435857
0.442794
0.474671
0.309532
0.068182
-0.161436
-0.404807
-0.444737
-0.353921
-0.124080
0.074454
0.243967
0.211822
0.093859
-0.075606
-0.216475
-0.255744
-0.218688
-0.142065
-0.082135
-0.036156
-0.064185
-0.038878
-0.021398
0.025493
0.087844
0.105063
0.080274
0.025710
-0.061480
-0.180742
-0.200512
-0.207292
-0.160082
-0.089357
-0.044836
-0.046909
-0.058353
-0.097647
-0.132252
-0.124309
-0.109582
-0.073622
-0.021265
0.018940
0.049126
0.082538
0.085626
0.081646
0.088504
0.105354
0.168886
0.254205
0.343439
0.403653
0.453685
0.472823
0.483906
0.279153
0.025627
-0.227022
-0.434307
-0.443447
-0.309158
-0.074235
0.116922
0.249645
0.184283
0.055381
-0.114354
-0.226471
-0.246332
-0.187565
-0.108375
-0.061801
-0.038225
-0.067731
-0.049766
-0.028295
0.031849
0.090594
0.108651
0.075944
0.009270
-0.087782
-0.183442
-0.207216
-0.200298
-0.146952
-0.082176
-0.040647
-0.045525
-0.066466
-0.105290
-0.132076
-0.129075
-0.106766
-0.071469
-0.018354
0.024588
0.056816
0.082034
0.086205
0.086095
0.095140
0.118288
0.174610
0.249429
0.335309
0.393771
0.442483
0.479465
0.476986
0.249147
0.015300
-0.250828
-0.439166
-0.437271
-0.287516
-0.063654
0.128330
0.241676
0.162215
0.043287
-0.130532
-0.224145
-0.237278
-0.171543
-0.105576
-0.056549
-0.051809
-0.074006
-0.052689
-0.023892
0.046681
0.103533
0.114938
0.076984
0.004338
-0.110859
-0.196752
-0.211028
-0.194783
-0.129050
-0.060480
-0.036563
-0.050478
-0.082064
-0.122281
-0.140747
-0.124172
-0.095988
-0.051018
-0.004325
0.027867
0.051471
0.066939
0.070323
0.078792
0.101756
0.131834
0.193560
0.263308
0.336779
0.378295
0.415394
0.430572
0.449631
0.267014
0.046858
-0.187378
-0.398804
-0.420403
-0.311462
-0.101651
0.081076
0.223592
0.170005
0.060125
-0.098676
-0.215297
-0.241628
-0.193278
-0.122620
-0.072932
-0.039993
-0.060930
-0.041521
-0.018188
0.032503
0.085086
0.095028
0.068368
0.004107
-0.093881
-0.181166
-0.199991
-0.191358
-0.137298
-0.072076
-0.045641
-0.056910
-0.079592
-0.115509
-0.134897
-0.118653
-0.092810
-0.056154
-0.008425
0.024663
0.050525
0.071616
0.076110
0.078246
0.094155
0.122335
0.180961
0.256703
0.335049
0.384025
0.428967
0.449449
0.470169
0.279132
0.043661
-0.200753
-0.411266
-0.430929
-0.313972
-0.091183
0.095726
0.231936
0.174377
0.055472
-0.109316
-0.223009
-0.242656
-0.188451
-0.112293
-0.071234
-0.044686
-0.072142
-0.052276
-0.025394
0.030828
0.088767
0.097096
0.072191
-0.001307
-0.096758
-0.182879
-0.202344
-0.185671
-0.133820
-0.069568
-0.045422
-0.057959
-0.086924
-0.121436
-0.144609
-0.127522
-0.095208
-0.054855
-0.005323
0.026303
0.052880
0.070984
0.073034
0.068468
0.081503
0.110375
0.174537
0.255914
0.344538
0.405343
0.443796
0.467882
0.456541
0.234254
0.000985
-0.245615
-0.426585
-0.408576
-0.268175
-0.056573
0.114080
0.213444
0.138963
0.024219
-0.127635
-0.217766
-0.227747
-0.172913
-0.109310
-0.073589
-0.055261
-0.076034
-0.047654
-0.018358
0.044048
0.094783
0.098543
0.063180
-0.009093
-0.109385
-0.181022
-0.193850
-0.177855
-0.123568
-0.066062
-0.049522
-0.069809
-0.097619
-0.133836
-0.146566
-0.121281
-0.089515
-0.048931
-0.002451
0.024035
0.048490
0.068925
0.074930
0.087318
0.109350
0.147539
0.209163
0.281376
0.336486
0.383316
0.432893
0.484115
0.434051
0.192634
-0.029475
-0.312337
-0.437337
-0.406926
-0.224295
-0.016469
0.158600
0.208614
0.103971
-0.024638
-0.175032
-0.219947
-0.206010
-0.125695
-0.080047
-0.055727
-0.071572
-0.084397
-0.051645
-0.004667
0.076033
0.112358
0.101198
0.048478
-0.047471
-0.149609
-0.193318
-0.185672
-0.151223
-0.088512
-0.050911
-0.059264
-0.084253
-0.117270
-0.140349
-0.132082
-0.096897
-0.062611
-0.019331
0.015971
0.040487
0.062883
0.081028
0.090090
0.106444
0.125015
0.176113
0.241144
0.320786
0.389960
0.442995
0.484590
0.482106
0.263080
0.023331
-0.232000
-0.414425
-0.413405
-0.271020
-0.062129
0.108150
0.203299
0.127652
0.008331
-0.138201
-0.210286
-0.207675
-0.150707
-0.089725
-0.062630
-0.063339
-0.086833
-0.060770
-0.022548
0.048224
0.112551
0.113175
0.078970
0.003384
-0.109789
-0.181126
-0.192408
-0.173814
-0.117533
-0.062564
-0.051127
-0.067150
-0.094084
-0.130739
-0.139304
-0.117542
-0.089490
-0.043535
0.005373
0.039740
0.068359
0.086817
0.087298
0.095050
0.104822
0.143905
0.211023
0.289161
0.351153
0.405215
0.448961
0.490852
0.369586
0.128778
-0.099805
-0.343815
-0.406384
-0.349656
-0.158472
0.014104
0.157367
0.159611
0.065522
-0.062593
-0.179740
-0.203078
-0.187464
-0.120251
-0.083305
-0.064555
-0.075224
-0.059821
-0.030120
0.017264
0.084914
0.096617
0.082046
0.021072
-0.073341
-0.155235
-0.182375
-0.171690
-0.132846
-0.073546
-0.057030
-0.065397
-0.095506
-0.130008
-0.146732
-0.128030
-0.095977
-0.054742
-0.009609
0.021867
0.053017
0.073347
0.088572
0.100593
0.114528
0.132826
0.182407
0.241845
0.309875
0.371787
0.418956
0.472830
0.437988
0.212215
-0.004458
-0.256334
-0.388990
-0.369688
-0.222657
-0.037203
0.111421
0.166144
0.083565
-0.029440
-0.163532
-0.210884
-0.202122
-0.141618
-0.087838
-0.061303
-0.070440
-0.082293
-0.050651
-0.017618
0.060089
0.100010
0.095885
0.046480
-0.045631
-0.140028
-0.189902
-0.173446
-0.145360
-0.081525
-0.053516
-0.064275
-0.095439
-0.132553
-0.152762
-0.137519
-0.095356
-0.063113
-0.016374
0.007308
0.034940
0.059962
0.082449
0.098603
0.114048
0.133261
0.171723
0.233974
0.301602
0.373272
0.423527
0.462594
0.453819
0.232549
0.014325
-0.224793
-0.379724
-0.367847
-0.244046
-0.057734
0.076010
0.151104
0.074355
-0.020569
-0.150132
-0.196786
-0.192392
-0.143050
-0.088360
-0.068314
-0.070185
-0.086366
-0.049901
-0.018298
0.054049
0.105000
0.100581
0.064457
-0.022566
-0.116756
-0.174324
-0.173051
-0.151723
-0.098282
-0.060615
-0.068297
-0.088840
-0.121455
-0.146886
-0.140934
-0.104669
-0.068536
-0.022600
0.008873
0.032674
0.055358
0.072253
0.086724
0.104018
0.119175
0.151949
0.207862
0.267903
0.323321
0.376608
0.414317
0.456082
0.365186
0.143429
-0.066293
-0.299063
-0.377427
-0.330736
-0.166948
-0.001095
0.126886
0.140459
0.050313
-0.064408
-0.173412
-0.195363
-0.172553
-0.111655
-0.073779
-0.064293
-0.078035
-0.074115
-0.040522
0.010078
0.080993
0.104252
0.088672
0.025056
-0.073492
-0.149707
-0.182065
-0.161100
-0.121801
-0.066209
-0.055102
-0.073702
-0.107986
-0.141885
-0.150164
-0.124956
-0.081406
-0.041281
0.000359
0.019530
0.036492
0.051079
0.069440
0.088926
0.115051
0.145914
0.190213
0.250164
0.303905
0.355591
0.395984
0.452858
0.429824
0.228076
0.017975
-0.231894
-0.368560
-0.365490
-0.229827
-0.044473
0.099276
0.161057
0.087763
-0.027732
-0.158911
-0.206504
-0.202409
-0.140832
-0.084753
-0.061452
-0.068526
-0.075284
-0.050560
-0.013352
0.062970
0.102184
0.099464
0.058109
-0.037369
-0.125154
-0.173254
-0.164513
-0.133349
-0.076849
-0.054074
-0.067221
-0.099303
-0.134590
-0.148082
-0.133054
-0.091459
-0.051743
-0.010694
0.010207
0.031899
0.048666
0.069289
0.089806
0.109172
0.128148
0.157897
0.206312
0.264762
0.324010
0.380098
0.419104
0.454006
0.330218
0.110097
-0.103971
-0.313611
-0.360088
-0.298897
-0.126164
0.023948
0.132564
0.117500
0.027129
-0.088885
-0.179574
-0.188420
-0.165940
-0.102865
-0.072548
-0.060951
-0.074351
-0.061529
-0.027745
0.021547
0.085823
0.095539
0.076385
-0.001370
-0.087554
-0.150313
-0.160526
-0.134677
-0.101478
-0.057053
-0.062388
-0.080477
-0.111369
-0.132227
-0.132963
-0.099767
-0.059749
-0.023567
0.011338
0.028373
0.050425
0.064091
0.082341
0.094733
0.113957
0.142934
0.189048
0.249408
0.302253
0.360727
0.394630
0.431165
0.372896
0.160375
-0.029370
-0.253153
-0.335693
-0.311328
-0.166939
-0.008127
0.107042
0.137054
0.052146
-0.054379
-0.170310
-0.194969
-0.186080
-0.121465
-0.075270
-0.055132
-0.062832
-0.062546
-0.035536
-0.003327
0.067200
0.091969
0.080751
0.020632
-0.065866
-0.132852
-0.155436
-0.128513
-0.099211
-0.054906
-0.053068
-0.074426
-0.108198
-0.134578
-0.139359
-0.112123
-0.067941
-0.033468
0.002924
0.017720
0.042124
0.058697
0.078561
0.094987
0.109669
0.127270
0.161668
0.216360
0.275240
0.324873
0.368631
0.395165
0.405857
0.257410
0.059028
-0.139762
-0.304897
-0.315786
-0.240757
-0.073941
0.043857
0.121574
0.082167
-0.006964
-0.115278
-0.177568
-0.177797
-0.152766
-0.093002
-0.071247
-0.062273
-0.068815
-0.044024
-0.013646
0.041593
0.089354
0.084160
0.047041
-0.041019
-0.109783
-0.158245
-0.140399
-0.108113
-0.065833
-0.041223
-0.061233
-0.093353
-0.134930
-0.147523
-0.138285
-0.088250
-0.045817
-0.003648
0.019150
0.030033
0.040709
0.047619
0.068711
0.088556
0.120697
0.152823
0.203372
0.253299
0.292272
0.336646
0.352758
0.388639
0.336263
0.150567
-0.027130
-0.223225
-0.302005
-0.282253
-0.153807
-0.019565
0.081744
0.097854
0.033289
-0.060356
-0.157314
-0.179052
-0.173937
-0.127168
-0.084946
-0.064255
-0.066957
-0.053830
-0.024247
0.007524
0.065013
0.082411
0.048203
-0.022905
-0.091098
-0.144050
-0.138414
-0.098971
-0.066490
-0.038823
-0.053930
-0.089886
-0.127251
-0.147710
-0.135545
-0.090090
-0.046186
-0.009114
0.012837
0.013611
0.025916
0.042524
0.066321
0.092554
0.117763
0.140462
0.180462
0.221938
0.261442
0.308234
0.341495
0.370002
0.369153
0.216185
0.035397
-0.156878
-0.286806
-0.290998
-0.200846
-0.051784
0.052642
0.106836
0.053548
-0.036832
-0.143053
-0.185812
-0.181192
-0.139791
-0.082714
-0.059675
-0.056015
-0.060643
-0.041318
-0.014460
0.036257
0.074739
0.048504
-0.006605
-0.071624
-0.126815
-0.135029
-0.102955
-0.068237
-0.039634
-0.042449
-0.077515
-0.118336
-0.145015
-0.140554
-0.105260
-0.058148
-0.019085
0.007474
0.017331
0.023982
0.038188
0.053987
0.077880
0.102814
0.119735
0.145268
0.183187
0.222094
0.264174
0.298489
0.325363
0.344188
0.312636
0.144689
-0.012169
-0.189745
-0.280338
-0.258150
-0.163334
-0.025842
0.064913
0.099776
0.038508
-0.047349
-0.149304
-0.181222
-0.173903
-0.131575
-0.072709
-0.051176
-0.045938
-0.046606
-0.027196
-0.007692
0.037435
0.033903
-0.005266
-0.042307
-0.095217
-0.110448
-0.101092
-0.067809
-0.050652
-0.042728
-0.067694
-0.101756
-0.123700
-0.126007
-0.094273
-0.058897
-0.023222
-0.005613
0.006590
0.012859
0.037685
0.059990
0.080217
0.101345
0.108815
0.123117
0.156003
0.196145
0.242036
0.285563
0.314913
0.323714
0.342571
0.237749
0.073241
-0.082299
-0.236792
-0.262617
-0.219669
-0.085664
0.023366
0.099853
0.079560
0.005389
-0.100813
-0.175616
-0.180952
-0.158835
-0.097680
-0.056385
-0.042020
-0.051730
-0.042008
-0.030294
0.001636
0.031785
0.002095
-0.021319
-0.063951
-0.097435
-0.101498
-0.071839
-0.050121
-0.041408
-0.046338
-0.083923
-0.109870
-0.122678
-0.104870
-0.069425
-0.027434
-0.002091
0.007823
0.010334
0.015226
0.037529
0.056963
0.088745
0.112732
0.131725
0.152350
0.178558
0.203336
0.237631
0.269028
0.286957
0.313296
0.309808
0.172577
0.029620
-0.136224
-0.238154
-0.241474
-0.162015
-0.036975
0.048372
0.087897
0.032624
-0.040787
-0.140376
-0.172337
-0.169005
-0.128444
-0.074131
-0.045737
-0.044154
-0.047677
-0.031164
-0.018991
0.009235
0.003801
-0.018884
-0.044174
-0.073363
-0.082821
-0.074308
-0.053660
-0.054360
-0.054418
-0.074838
-0.100033
-0.108709
-0.103317
-0.080217
-0.049256
-0.022639
-0.013225
-0.002217
0.009861
0.033629
0.062351
0.089943
0.109192
0.121980
0.135356
0.156492
0.183827
0.213316
0.242730
0.266459
0.282278
0.312810
0.247283
0.105673
-0.034153
-0.191292
-0.234304
-0.219459
-0.105897
-0.006854
0.066030
0.067704
0.001344
-0.082520
-0.162651
-0.167785
-0.157519
-0.097647
-0.059925
-0.044862
-0.052798
-0.049041
-0.035721
-0.028231
-0.007492
-0.021796
-0.035557
-0.056058
-0.062471
-0.059623
-0.050466
-0.044993
-0.055954
-0.071564
-0.099678
-0.104449
-0.098548
-0.075966
-0.043550
-0.018727
-0.012264
-0.011041
-0.003248
0.011391
0.043615
0.076297
0.102160
0.117635
0.127650
0.140687
0.162347
0.196887
0.230816
0.260789
0.290072
0.322999
0.300628
0.146564
0.006582
-0.165123
-0.240274
-0.232960
-0.139259
-0.015407
0.056852
0.089965
0.024812
-0.056259
-0.155753
-0.176939
-0.174990
-0.125011
-0.069173
-0.047615
-0.041730
-0.048479
-0.033526
-0.029411
-0.010840
-0.018423
-0.029105
-0.046375
-0.061662
-0.059118
-0.054220
-0.046556
-0.059374
-0.065559
-0.090487
-0.102393
-0.096010
-0.082711
-0.058740
-0.035289
-0.020685
-0.014466
0.003731
0.019954
0.048533
0.071585
0.093201
0.106450
0.121341
0.142069
0.170486
0.203611
0.230738
0.256883
0.273562
0.298742
0.292419
0.159231
0.021602
-0.136725
-0.225894
-0.231299
-0.149242
-0.034752
0.041432
0.069178
0.017019
-0.061321
-0.152045
-0.171120
-0.164564
-0.116996
-0.070407
-0.045388
-0.048798
-0.053305
-0.036721
-0.026295
-0.007487
-0.010436
-0.027134
-0.048379
-0.061513
-0.062721
-0.050447
-0.043623
-0.056526
-0.068635
-0.094741
-0.106769
-0.101205
-0.082162
-0.058344
-0.035435
-0.023972
-0.020165
-0.006968
0.008630
0.040313
0.070475
0.092355
0.102134
0.108293
0.122147
0.149382
0.185298
0.221658
0.242580
0.263177
0.273421
0.293298
0.203025
0.066029
-0.072052
-0.197155
-0.220568
-0.185448
-0.074976
0.008272
0.063839
0.043051
-0.020176
-0.113701
-0.167231
-0.172122
-0.146406
-0.087997
-0.052400
-0.042601
-0.046058
-0.040496
-0.037541
-0.028667
-0.025428
-0.034590
-0.046071
-0.055034
-0.060048
-0.053815
-0.047152
-0.056797
-0.066606
-0.085307
-0.105202
-0.105963
-0.091766
-0.071781
-0.042686
-0.017614
-0.009398
0.001350
0.013069
0.029939
0.050509
0.073977
0.093040
0.113114
0.129616
0.150118
0.176104
0.201541
0.232820
0.264126
0.284299
0.308800
0.224661
0.074760
-0.067964
-0.206724
-0.234097
-0.193462
-0.075300
0.018679
0.071223
0.053052
-0.022991
-0.117897
-0.175740
-0.170963
-0.145067
-0.081428
-0.044502
-0.041201
-0.049220
-0.045699
-0.035403
-0.023091
-0.009234
-0.021941
-0.036255
-0.051171
-0.059185
-0.055548
-0.045440
-0.047444
-0.059323
-0.077315
-0.102713
-0.109810
-0.094630
-0.067811
-0.034876
-0.011985
-0.005903
-0.002529
0.007426
0.024690
0.056668
0.085654
0.105798
0.117550
0.128107
0.140505
0.160196
0.188839
0.216687
0.245859
0.264093
0.279796
0.259442
0.133218
0.002276
-0.136691
-0.207380
-0.202656
-0.127071
-0.021692
0.040274
0.064348
0.012096
-0.064876
-0.144076
-0.162436
-0.148924
-0.109015
-0.059042
-0.041864
-0.040831
-0.045576
-0.035031
-0.033440
-0.025844
-0.023439
-0.033115
-0.039681
-0.049043
-0.048429
-0.047326
-0.047177
-0.058140
-0.068921
-0.083711
-0.090834
-0.079527
-0.065054
-0.039365
-0.022421
-0.011094
-0.005279
0.008935
0.022439
0.049129
0.077007
0.099832
0.115839
0.119910
0.127919
0.139849
0.162265
0.190282
0.216183
0.245299
0.269045
0.288554
0.213944
0.074875
-0.062815
-0.182753
-0.213027
-0.175779
-0.068796
0.017639
0.066267
0.052398
-0.018792
-0.104102
-0.157667
-0.158687
-0.135816
-0.078496
-0.041968
-0.035879
-0.037406
-0.034652
-0.037792
-0.043616
-0.029351
-0.036463
-0.036689
-0.036676
-0.036293
-0.033904
-0.037885
-0.048121
-0.068221
-0.083183
-0.095985
-0.082407
-0.067508
-0.042756
-0.019716
-0.010020
-0.006579
0.001322
0.013439
0.036440
0.069289
0.096075
0.119790
0.133144
0.136531
0.146304
0.159025
0.184879
0.217076
0.251772
0.277763
0.292297
0.199744
0.055741
-0.088993
-0.199775
-0.215540
-0.166602
-0.046879
0.032182
0.066965
0.034798
-0.045753
-0.130372
-0.168075
-0.152879
-0.121818
-0.064036
-0.039400
-0.042203
-0.047714
-0.042283
-0.023975
-0.002956
-0.004461
-0.022223
-0.043618
-0.062222
-0.065151
-0.056417
-0.038728
-0.037795
-0.043720
-0.063988
-0.090822
-0.102332
-0.092732
-0.066592
-0.033945
-0.004377
0.003645
0.005994
0.013888
0.031422
0.056760
0.087985
0.117236
0.136962
0.151157
0.159881
0.165640
0.180096
0.206850
0.242080
0.273318
0.297131
0.216159
0.068684
-0.080923
-0.205179
-0.224050
-0.174493
-0.051781
0.034953
0.064954
0.034909
-0.051253
-0.140749
-0.180407
-0.159226
-0.122158
-0.060499
-0.031914
-0.039577
-0.053204
-0.053744
-0.036745
-0.011242
-0.000895
-0.013848
-0.031124
-0.057091
-0.072816
-0.067763
-0.052612
-0.045504
-0.050566
-0.068908
-0.097219
-0.108836
-0.100877
-0.075050
-0.044093
-0.015085
0.000790
0.005244
0.014000
0.024681
0.046582
0.073208
0.099171
0.118197
0.133836
0.149848
0.161840
0.176765
0.194409
0.221766
0.245549
0.265306
0.233586
0.109773
-0.026351
-0.156752
-0.215816
-0.196237
-0.113771
-0.007515
0.043460
0.048442
-0.006472
-0.090720
-0.152522
-0.161151
-0.135154
-0.093645
-0.046734
-0.040638
-0.046829
-0.049691
-0.040706
-0.025519
-0.016567
-0.010363
-0.027157
-0.042296
-0.064833
-0.066540
-0.061465
-0.057115
-0.052351
-0.062585
-0.079268
-0.094850
-0.091571
-0.083582
-0.056795
-0.027924
-0.007973
0.008887
0.020173
0.033614
0.047449
0.068671
0.084764
0.104157
0.125469
0.146945
0.170027
0.188633
0.209695
0.227585
0.242609
0.264185
0.237841
0.118887
-0.016167
-0.146429
-0.209940
-0.197326
-0.114975
-0.007187
0.047723
0.058840
0.002543
-0.085697
-0.158150
-0.173675
-0.150163
-0.100142
-0.046252
-0.030783
-0.036377
-0.043562
-0.039054
-0.025319
-0.010677
-0.008634
-0.022870
-0.038956
-0.061318
-0.063898
-0.055098
-0.046516
-0.045088
-0.052276
-0.072252
-0.094935
-0.097123
-0.087423
-0.060845
-0.028442
-0.004058
0.010255
0.017831
0.025752
0.040840
0.069149
0.096195
0.116686
0.127466
0.136107
0.145486
0.166221
0.194663
0.229061
0.260996
0.288833
0.255191
0.122301
-0.018013
-0.161646
-0.223773
-0.207592
-0.116637
-0.006666
0.049390
0.066833
0.008568
-0.075458
-0.147718
-0.161429
-0.148885
-0.103146
-0.053843
-0.042597
-0.039713
-0.041920
-0.028847
-0.011057
0.003851
-0.005075
-0.023726
-0.045809
-0.073533
-0.075686
-0.062702
-0.047745
-0.043319
-0.050285
-0.072771
-0.098743
-0.100637
-0.089098
-0.060986
-0.025040
0.001242
0.011853
0.019816
0.029195
0.041450
0.068296
0.097100
0.118688
0.133946
0.146053
0.152234
0.164848
0.190821
0.226289
0.260220
0.291605
0.259969
0.132393
-0.015758
-0.159129
-0.226259
-0.212593
-0.123369
-0.013689
0.047218
0.063155
0.009495
-0.071285
-0.139674
-0.156276
-0.140600
-0.095694
-0.048640
-0.036984
-0.037213
-0.038368
-0.030363
-0.005065
0.014043
-0.000484
-0.021689
-0.047034
-0.069507
-0.076523
-0.061826
-0.047975
-0.045409
-0.050516
-0.073314
-0.098799
-0.108295
-0.094233
-0.069359
-0.032928
-0.000015
0.016702
0.025886
0.038849
0.053159
0.070895
0.096705
0.116490
0.135824
0.158545
0.172757
0.191468
0.213877
0.241744
0.266105
0.287735
0.228902
0.094019
-0.047671
-0.176335
-0.216926
-0.190501
-0.090567
0.003435
0.051369
0.049170
-0.017696
-0.101527
-0.161706
-0.161933
-0.136420
-0.079259
-0.035361
-0.027657
-0.032592
-0.034631
-0.023100
0.000683
0.015645
0.003218
-0.017892
-0.047485
-0.075254
-0.079590
-0.062348
-0.047193
-0.040593
-0.047726
-0.076353
-0.103081
-0.108331
-0.095746
-0.064583
-0.026926
0.003012
0.017675
0.028228
0.037591
0.050789
0.071129
0.099098
0.126617
0.148129
0.165543
0.174167
0.186149
0.211416
0.248457
0.288765
0.299932
0.216443
0.069371
-0.091033
-0.208397
-0.239688
-0.181557
-0.066829
0.031048
0.077810
0.052273
-0.029545
-0.122317
-0.172452
-0.167536
-0.126952
-0.066507
-0.030081
-0.025477
-0.032508
-0.035130
-0.020134
0.003494
0.011976
0.001602
-0.024709
-0.053819
-0.077201
-0.078020
-0.061153
-0.044423
-0.037232
-0.051712
-0.081036
-0.106608
-0.109980
-0.092872
-0.058527
-0.019798
0.006519
0.019287
0.024865
0.034732
0.053927
0.081846
0.112398
0.137445
0.158657
0.167504
0.175169
0.193391
0.227273
0.271307
0.309874
0.281341
0.152045
-0.006228
-0.158361
-0.237830
-0.226568
-0.135431
-0.017969
0.053932
0.072284
0.013105
-0.081136
-0.157083
-0.176579
-0.155519
-0.103941
-0.050919
-0.036901
-0.040234
-0.041207
-0.030314
-0.005614
0.032960
0.033429
0.005708
-0.031484
-0.070754
-0.092915
-0.088757
-0.063475
-0.045116
-0.042228
-0.060643
-0.090106
-0.115726
-0.114422
-0.090136
-0.056589
-0.018393
0.005648
0.017652
0.026631
0.041273
0.059079
0.085012
0.114789
0.132849
0.151814
0.169783
0.185276
0.204033
0.232479
0.262579
0.281096
0.237948
0.120464
-0.029380
-0.159297
-0.224573
-0.205277
-0.119903
-0.021087
0.043868
0.043676
-0.006128
-0.088583
-0.149168
-0.161021
-0.139409
-0.092588
-0.048637
-0.033025
-0.036582
-0.036469
-0.025725
0.001591
0.028883
0.018889
-0.006512
-0.048770
-0.082708
-0.099736
-0.090404
-0.064895
-0.047539
-0.041515
-0.064916
-0.095534
-0.121371
-0.119519
-0.095597
-0.056166
-0.012317
0.016521
0.035728
0.041993
0.050628
0.062986
0.085854
0.110905
0.134051
0.162102
0.181628
0.198764
0.216923
0.244748
0.278358
0.274538
0.200811
0.060446
-0.090791
-0.206553
-0.245446
-0.193480
-0.093160
0.010458
0.063312
0.051084
-0.023045
-0.108940
-0.164885
-0.171418
-0.135518
-0.085354
-0.042801
-0.032178
-0.033363
-0.031883
-0.015632
0.018302
0.045190
0.032724
-0.004225
-0.059696
-0.104246
-0.117570
-0.100441
-0.065486
-0.045322
-0.042021
-0.065822
-0.102578
-0.127738
-0.124694
-0.092550
-0.047949
-0.002442
0.023611
0.031741
0.033419
0.042682
0.065092
0.097709
0.129602
0.152526
0.167172
0.177572
0.190942
0.215859
0.251734
0.286267
0.273241
0.175672
0.023364
-0.129886
-0.235532
-0.248568
-0.175713
-0.063361
0.031264
0.067563
0.034598
-0.051652
-0.130683
-0.170502
-0.159112
-0.114253
-0.059693
-0.030553
-0.033003
-0.037412
-0.035621
-0.010990
0.030037
0.064371
0.049955
0.003607
-0.060169
-0.120256
-0.135717
-0.117894
-0.074105
-0.046271
-0.038905
-0.061258
-0.102091
-0.130816
-0.131282
-0.099863
-0.054623
-0.002386
0.029023
0.041811
0.049733
0.055078
0.067948
0.094628
0.130398
0.154707
0.173482
0.184740
0.193369
0.210502
0.237398
0.263819
0.234941
0.152484
0.012375
-0.127841
-0.219219
-0.235364
-0.165523
-0.071602
0.022363
0.052377
0.022611
-0.047419
-0.116445
-0.152950
-0.143207
-0.096689
-0.055193
-0.026458
-0.026256
-0.034228
-0.028388
-0.006140
0.032545
0.063715
0.065271
0.006345
-0.063449
-0.124484
-0.151869
-0.129670
-0.086772
-0.040169
-0.034640
-0.052177
-0.092579
-0.129669
-0.137241
-0.109773
-0.054041
-0.002607
0.041733
0.054472
0.057584
0.062187
0.072590
0.098504
0.133235
0.166731
0.191095
0.211537
0.226311
0.246348
0.272044
0.257161
0.190460
0.071474
-0.076700
-0.183601
-0.235217
-0.195134
-0.110092
-0.009125
0.049955
0.044302
-0.010899
-0.091009
-0.143157
-0.156326
-0.122149
-0.081215
-0.043004
-0.028622
-0.029616
-0.028479
-0.010606
0.024277
0.056488
0.080114
0.070813
0.012262
-0.056032
-0.116830
-0.146616
-0.139052
-0.107425
-0.065698
-0.050423
-0.056162
-0.083091
-0.113655
-0.128727
-0.113259
-0.073983
-0.025285
0.023485
0.052693
0.066091
0.073037
0.078401
0.088212
0.113485
0.147137
0.173608
0.202439
0.226643
0.239822
0.251870
0.247567
0.194397
0.109689
-0.003379
-0.114751
-0.187111
-0.196153
-0.143080
-0.068082
0.002932
0.040386
0.019256
-0.034506
-0.086406
-0.123600
-0.127712
-0.095645
-0.060896
-0.035850
-0.022822
-0.014357
-0.008931
0.011174
0.041247
0.057863
0.068971
0.051076
-0.000749
-0.077206
-0.131773
-0.155879
-0.138722
-0.097744
-0.057678
-0.036250
-0.053974
-0.080078
-0.109542
-0.122687
-0.102024
-0.052473
0.001998
0.044463
0.071590
0.071225
0.067374
0.072363
0.090046
0.124321
0.163174
0.201146
0.222027
0.236382
0.243266
0.251132
0.228931
0.162044
0.072977
-0.046243
-0.143916
-0.191245
-0.176095
-0.112375
-0.034687
0.031965
0.044891
0.012534
-0.043767
-0.098453
-0.124468
-0.114727
-0.082793
-0.054922
-0.029090
-0.020822
-0.015660
-0.000683
0.022903
0.048364
0.068097
0.073285
0.034259
-0.026359
-0.088479
-0.135848
-0.144705
-0.124647
-0.084981
-0.055392
-0.043386
-0.057213
-0.082172
-0.101620
-0.102092
-0.076245
-0.036521
0.010564
0.044254
0.063688
0.070699
0.073629
0.081154
0.101136
0.135114
0.167768
0.195399
0.214583
0.225398
0.233162
0.242579
0.214885
0.151524
0.064768
-0.037673
-0.126164
-0.175248
-0.158959
-0.110210
-0.039894
0.018763
0.034059
0.008096
-0.037943
-0.081551
-0.109856
-0.105841
