0.017474
0.048784
0.159432
0.281310
0.319082
0.120051
-0.262879
-0.544659
-0.506553
-0.222464
0.054295
0.116142
-0.021035
-0.214217
-0.298191
-0.249370
-0.165785
-0.140391
-0.185413
-0.223233
-0.187246
-0.105508
-0.045088
-0.057427
-0.141940
-0.227637
-0.230076
-0.147645
-0.045621
0.030993
0.061295
0.035967
0.015421
0.061808
0.160112
0.263632
0.295953
0.114340
-0.221141
-0.481865
-0.473421
-0.237098
-0.001628
0.065683
-0.033373
-0.185238
-0.254970
-0.225862
-0.174284
-0.162636
-0.197874
-0.210561
-0.164660
-0.096675
-0.055748
-0.070994
-0.147728
-0.214959
-0.212833
-0.139495
-0.039082
0.052783
0.085754
0.051767
0.019169
0.069916
0.177724
0.300231
0.304721
0.057680
-0.314811
-0.542650
-0.448762
-0.161306
0.063403
0.070953
-0.077932
-0.238620
-0.271968
-0.211169
-0.147702
-0.159396
-0.211750
-0.219427
-0.149993
-0.070236
-0.035296
-0.083446
-0.180169
-0.236575
-0.200580
-0.104587
-0.000280
0.064118
0.064389
0.019086
0.008220
0.081309
0.195614
0.291129
0.275153
0.034086
-0.298914
-0.490701
-0.409173
-0.174072
0.011025
0.027187
-0.078509
-0.201275
-0.236943
-0.203144
-0.172524
-0.189134
-0.220099
-0.207859
-0.138968
-0.070351
-0.046830
-0.086389
-0.172383
-0.227263
-0.198043
-0.104959
0.004933
0.085233
0.079746
0.024341
0.010135
0.090496
0.209176
0.306471
0.244408
-0.033395
-0.347507
-0.492688
-0.370621
-0.128578
0.025279
0.006008
-0.118125
-0.224263
-0.231031
-0.193290
-0.176497
-0.198514
-0.218218
-0.187180
-0.116803
-0.067833
-0.065598
-0.122256
-0.196964
-0.219284
-0.172216
-0.083061
0.018501
0.079330
0.061125
0.017692
0.023515
0.104179
0.212423
0.302180
0.227174
-0.063650
-0.365818
-0.487460
-0.350201
-0.123951
0.014900
-0.008514
-0.126088
-0.223687
-0.229296
-0.198833
-0.189958
-0.213954
-0.225509
-0.179242
-0.105460
-0.060570
-0.067368
-0.136133
-0.213600
-0.223339
-0.161174
-0.057888
0.044481
0.082962
0.041656
0.004211
0.038156
0.141202
0.248407
0.306672
0.168293
-0.150301
-0.432581
-0.480219
-0.293365
-0.062476
0.039129
-0.026228
-0.165628
-0.253533
-0.243825
-0.199634
-0.183579
-0.206822
-0.213794
-0.173647
-0.108088
-0.061888
-0.071950
-0.146271
-0.219440
-0.222544
-0.151224
-0.047319
0.049385
0.081488
0.039157
0.000719
0.034941
0.139959
0.244604
0.286457
0.133528
-0.164959
-0.406051
-0.437227
-0.277848
-0.080605
0.004826
-0.045201
-0.159178
-0.234025
-0.234711
-0.207416
-0.199676
-0.211303
-0.206481
-0.161732
-0.105499
-0.073743
-0.090886
-0.158550
-0.217532
-0.211849
-0.146221
-0.050849
0.048142
0.083776
0.040495
0.006452
0.045692
0.147915
0.252844
0.286003
0.101248
-0.213781
-0.447127
-0.439203
-0.238614
-0.044261
0.001552
-0.084093
-0.195905
-0.236787
-0.207400
-0.185325
-0.198697
-0.228961
-0.217320
-0.156920
-0.092666
-0.067526
-0.098756
-0.179957
-0.227973
-0.204940
-0.124699
-0.026075
0.056767
0.062866
0.025387
0.012821
0.076855
0.177235
0.258992
0.251258
0.033184
-0.273301
-0.455277
-0.399966
-0.198608
-0.037774
-0.016474
-0.104291
-0.201520
-0.232150
-0.206455
-0.193612
-0.207319
-0.223688
-0.198250
-0.137319
-0.083296
-0.070795
-0.111224
-0.189001
-0.228678
-0.191739
-0.101013
0.000226
0.068574
0.056790
0.012443
0.012513
0.093853
0.201133
0.285740
0.228173
-0.038018
-0.342630
-0.479955
-0.366591
-0.144537
-0.007308
-0.027877
-0.134398
-0.219512
-0.221203
-0.193448
-0.192668
-0.221338
-0.231962
-0.188271
-0.115464
-0.069344
-0.070270
-0.129398
-0.204578
-0.223935
-0.173895
-0.083874
0.012161
0.064819
0.047801
0.010516
0.021244
0.106126
0.208435
0.277271
0.197296
-0.079528
-0.351146
-0.446059
-0.325686
-0.132032
-0.021667
-0.046567
-0.138965
-0.212183
-0.215115
-0.192606
-0.197085
-0.218586
-0.219975
-0.172199
-0.108075
-0.070321
-0.081032
-0.138660
-0.206542
-0.214407
-0.158621
-0.071826
0.014016
0.062000
0.041763
0.013544
0.029032
0.110290
0.206668
0.263250
0.170929
-0.093973
-0.349875
-0.432752
-0.310536
-0.129625
-0.032411
-0.058849
-0.142737
-0.204745
-0.204873
-0.189175
-0.195156
-0.220574
-0.216637
-0.165105
-0.101672
-0.074236
-0.089527
-0.147800
-0.205113
-0.209121
-0.154116
-0.070491
0.014214
0.054302
0.033927
0.009497
0.032345
0.119291
0.208576
0.252839
0.154949
-0.101792
-0.344341
-0.423002
-0.304236
-0.125596
-0.029921
-0.061334
-0.145706
-0.204166
-0.199995
-0.185124
-0.197813
-0.226360
-0.220759
-0.165881
-0.099928
-0.070265
-0.089794
-0.150126
-0.206216
-0.207371
-0.150140
-0.069528
0.008725
0.047573
0.031990
0.011685
0.034784
0.112419
0.193493
0.236249
0.154304
-0.083776
-0.315606
-0.399085
-0.302108
-0.145489
-0.054573
-0.067806
-0.134285
-0.189760
-0.198999
-0.190645
-0.200528
-0.216752
-0.209548
-0.164048
-0.111120
-0.085152
-0.095483
-0.142150
-0.195481
-0.201296
-0.152977
-0.075827
0.004717
0.053359
0.042345
0.017483
0.035978
0.116466
0.201260
0.243413
0.135970
-0.118367
-0.340965
-0.399906
-0.276556
-0.113799
-0.038544
-0.079889
-0.158289
-0.202492
-0.190415
-0.177555
-0.191328
-0.221843
-0.218503
-0.166888
-0.103993
-0.078505
-0.094816
-0.150445
-0.197854
-0.194193
-0.143478
-0.074175
-0.001619
0.043993
0.040079
0.014948
0.033539
0.109383
0.191133
0.227920
0.139353
-0.095492
-0.311732
-0.388187
-0.290753
-0.136865
-0.052371
-0.073601
-0.138015
-0.188536
-0.193165
-0.184539
-0.191654
-0.211647
-0.209855
-0.165820
-0.110026
-0.083720
-0.098045
-0.144393
-0.192837
-0.194251
-0.148132
-0.077094
-0.004304
0.042270
0.037413
0.022643
0.046242
0.124832
0.211810
0.237195
0.124827
-0.115405
-0.329986
-0.394685
-0.280985
-0.117524
-0.030911
-0.059192
-0.141889
-0.205387
-0.211358
-0.191812
-0.181069
-0.194423
-0.193325
-0.157577
-0.110510
-0.086693
-0.099095
-0.146170
-0.186422
-0.184501
-0.141734
-0.080536
-0.016575
0.033019
0.042423
0.028310
0.041383
0.106550
0.185274
0.224840
0.147054
-0.079316
-0.302130
-0.382522
-0.292572
-0.136946
-0.044315
-0.058368
-0.128239
-0.186601
-0.195975
-0.180450
-0.181413
-0.199571
-0.201448
-0.163661
-0.109841
-0.082387
-0.096607
-0.138666
-0.180983
-0.182130
-0.142171
-0.080611
-0.013924
0.044246
0.049455
0.033871
0.044998
0.117367
0.205533
0.253476
0.142087
-0.120548
-0.361798
-0.422168
-0.279352
-0.087462
-0.004838
-0.054979
-0.154068
-0.211715
-0.196334
-0.167541
-0.167588
-0.198857
-0.204406
-0.161418
-0.100027
-0.069806
-0.086473
-0.142940
-0.190248
-0.187037
-0.134452
-0.063463
0.001750
0.040177
0.039460
0.024834
0.053073
0.130635
0.206525
0.230412
0.112662
-0.135622
-0.347518
-0.393003
-0.258767
-0.090477
-0.013166
-0.054460
-0.144048
-0.207817
-0.204126
-0.180873
-0.168152
-0.183830
-0.185807
-0.153436
-0.106173
-0.081096
-0.093228
-0.142341
-0.187395
-0.184732
-0.133584
-0.067753
-0.008753
0.031758
0.037339
0.028943
0.046883
0.118661
0.202283
0.237017
0.124424
-0.126048
-0.343762
-0.391797
-0.261782
-0.093674
-0.019376
-0.059075
-0.143344
-0.198748
-0.191723
-0.170905
-0.170601
-0.195125
-0.197603
-0.155071
-0.100408
-0.075989
-0.092638
-0.141026
-0.181964
-0.176075
-0.129951
-0.068109
-0.008043
0.035726
0.036591
0.030403
0.053499
0.127346
0.203427
0.233581
0.103546
-0.152757
-0.369892
-0.401002
-0.249270
-0.072316
-0.005787
-0.062734
-0.157736
-0.209749
-0.193454
-0.167642
-0.170954
-0.201033
-0.200539
-0.154678
-0.095791
-0.071395
-0.091655
-0.148540
-0.189709
-0.179558
-0.122636
-0.055936
-0.001625
0.027817
0.028692
0.020998
0.050071
0.126676
0.201436
0.215007
0.076396
-0.166673
-0.350990
-0.373584
-0.239235
-0.091238
-0.032799
-0.076640
-0.151665
-0.197090
-0.187325
-0.174305
-0.176590
-0.199734
-0.198075
-0.151791
-0.093275
-0.074347
-0.101908
-0.155653
-0.186564
-0.170109
-0.121627
-0.065000
-0.008662
0.029118
0.027096
0.023099
0.055545
0.129410
0.195262
0.202949
0.060549
-0.176295
-0.348231
-0.359868
-0.229747
-0.084718
-0.029163
-0.073171
-0.154820
-0.208701
-0.206641
-0.188044
-0.176975
-0.184190
-0.174802
-0.141325
-0.104085
-0.092829
-0.110336
-0.150510
-0.176737
-0.164902
-0.122720
-0.065830
-0.003666
0.034050
0.030948
0.025386
0.049968
0.119889
0.188683
0.201100
0.057064
-0.182076
-0.345196
-0.344708
-0.214290
-0.082383
-0.043140
-0.092318
-0.161584
-0.196745
-0.183675
-0.169814
-0.177884
-0.197883
-0.186945
-0.144423
-0.097202
-0.083073
-0.105425
-0.152037
-0.178871
-0.159602
-0.108716
-0.051574
0.005274
0.034702
0.028635
0.029312
0.062830
0.130259
0.195723
0.188762
0.028783
-0.198296
-0.342333
-0.332103
-0.197561
-0.067511
-0.034261
-0.091860
-0.166863
-0.204999
-0.192967
-0.176512
-0.170340
-0.182403
-0.172985
-0.136260
-0.096353
-0.089080
-0.111951
-0.156547
-0.178058
-0.157879
-0.107086
-0.046823
0.011481
0.033301
0.019635
0.020496
0.060892
0.136502
0.199543
0.187280
0.027333
-0.201961
-0.332649
-0.311101
-0.185936
-0.080524
-0.057789
-0.106527
-0.159823
-0.183651
-0.170836
-0.168751
-0.183463
-0.201511
-0.181398
-0.130316
-0.087178
-0.083639
-0.114988
-0.161084
-0.176881
-0.145154
-0.092195
-0.040130
0.004379
0.027702
0.022868
0.036337
0.074522
0.135233
0.177635
0.157042
0.014188
-0.183230
-0.304799
-0.300672
-0.196762
-0.101453
-0.068835
-0.104563
-0.150600
-0.178337
-0.174985
-0.176843
-0.186768
-0.201188
-0.175562
-0.132273
-0.096894
-0.098532
-0.120812
-0.154491
-0.166091
-0.149334
-0.105470
-0.046472
0.013825
0.031787
0.021095
0.025232
0.065784
0.132737
0.179522
0.158458
0.007396
-0.199410
-0.311935
-0.295007
-0.196125
-0.103535
-0.077799
-0.110189
-0.154685
-0.177090
-0.174300
-0.181541
-0.203077
-0.204800
-0.172321
-0.126113
-0.096339
-0.098258
-0.123377
-0.157610
-0.171549
-0.150369
-0.103944
-0.044373
0.016036
0.038087
0.027104
0.025135
0.061444
0.127884
0.178263
0.147992
-0.015260
-0.210771
-0.310521
-0.285415
-0.187383
-0.104385
-0.087114
-0.122529
-0.165054
-0.185094
-0.181379
-0.186791
-0.203599
-0.203007
-0.168794
-0.124243
-0.098403
-0.103856
-0.129123
-0.162960
-0.172104
-0.144388
-0.091632
-0.023406
0.034146
0.041744
0.023343
0.020047
0.069928
0.142936
0.179386
0.106139
-0.084153
-0.254270
-0.307676
-0.253507
-0.156622
-0.101563
-0.108847
-0.144960
-0.172003
-0.179868
-0.178782
-0.193888
-0.209968
-0.198431
-0.157507
-0.115480
-0.098920
-0.117598
-0.144735
-0.166597
-0.162362
-0.129710
-0.077480
-0.012618
0.035127
0.029564
0.016558
0.035213
0.089704
0.150369
0.174447
0.078037
-0.127856
-0.281966
-0.304811
-0.232088
-0.140048
-0.096323
-0.110287
-0.147321
-0.174419
-0.178323
-0.178343
-0.198470
-0.211340
-0.191026
-0.144984
-0.106669
-0.101035
-0.121887
-0.153160
-0.176316
-0.164359
-0.123549
-0.067974
-0.001176
0.036690
0.028294
0.018387
0.039771
0.101631
0.162854
0.164245
0.046704
-0.148817
-0.282763
-0.297169
-0.218620
-0.132058
-0.095017
-0.116243
-0.152354
-0.173834
-0.176200
-0.181429
-0.201184
-0.213132
-0.187128
-0.139894
-0.102581
-0.097249
-0.120446
-0.155382
-0.175190
-0.158903
-0.109905
-0.044249
0.022233
0.046555
0.025778
0.018018
0.055681
0.124530
0.173087
0.152924
0.007432
-0.190472
-0.295337
-0.285579
-0.196168
-0.111813
-0.090491
-0.123734
-0.162387
-0.177802
-0.174116
-0.181859
-0.205102
-0.209387
-0.176017
-0.125727
-0.095309
-0.098572
-0.125142
-0.156997
-0.170530
-0.145854
-0.097693
-0.030532
0.035626
0.053447
0.029311
0.027028
0.070889
0.140565
0.178793
0.130359
-0.042082
-0.221374
-0.298917
-0.264438
-0.169263
-0.100301
-0.097609
-0.133554
-0.166404
-0.174787
-0.173724
-0.187775
-0.207099
-0.196757
-0.158622
-0.114819
-0.095429
-0.104849
-0.133304
-0.161818
-0.166509
-0.131084
-0.072616
-0.002285
0.048386
0.044250
0.023524
0.033897
0.087404
0.158465
0.186882
0.096830
-0.105724
-0.260654
-0.311434
-0.246695
-0.143144
-0.082369
-0.097759
-0.142994
-0.175342
-0.175688
-0.173527
-0.190865
-0.210962
-0.196919
-0.145658
-0.096816
-0.085305
-0.110040
-0.146750
-0.170856
-0.157248
-0.114436
-0.056207
0.014367
0.052732
0.037073
0.026674
0.047821
0.106109
0.170394
0.179125
0.060454
-0.154092
-0.296495
-0.309787
-0.219870
-0.116459
-0.072884
-0.099526
-0.148256
-0.175794
-0.173740
-0.177050
-0.197516
-0.209254
-0.182636
-0.133050
-0.096596
-0.091557
-0.114047
-0.148701
-0.170458
-0.154190
-0.104186
-0.030479
0.041339
0.055383
0.024187
0.022082
0.069105
0.147613
0.200984
0.161711
-0.038403
-0.255970
-0.354273
-0.298993
-0.158988
-0.062843
-0.065194
-0.125978
-0.179490
-0.187205
-0.168537
-0.175905
-0.203562
-0.211172
-0.173269
-0.116507
-0.080266
-0.089384
-0.128599
-0.171941
-0.176894
-0.136770
-0.074368
-0.003609
0.051035
0.044602
0.023806
0.035903
0.094090
0.163673
0.186635
0.091467
-0.121525
-0.295835
-0.336906
-0.247995
-0.127795
-0.067313
-0.085511
-0.139485
-0.181797
-0.186960
-0.180317
-0.187254
-0.201724
-0.191606
-0.148964
-0.106121
-0.089336
-0.107390
-0.142579
-0.172779
-0.163798
-0.119931
-0.054166
0.017289
0.056528
0.035948
0.024933
0.055185
0.129258
0.189601
0.180528
0.003892
-0.231348
-0.367028
-0.339393
-0.189136
-0.060985
-0.047054
-0.113763
-0.183932
-0.206230
-0.184315
-0.174322
-0.187266
-0.202697
-0.178926
-0.131483
-0.090604
-0.091359
-0.122423
-0.169243
-0.184005
-0.150829
-0.087254
-0.019124
0.040302
0.039675
0.011659
0.019805
0.077564
0.152615
0.196012
0.125927
-0.089340
-0.294102
-0.375193
-0.289215
-0.142643
-0.054359
-0.067158
-0.128505
-0.182243
-0.190147
-0.183838
-0.188894
-0.199985
-0.199334
-0.159886
-0.107345
-0.080713
-0.095237
-0.138079
-0.179317
-0.175284
-0.128425
-0.063530
0.004704
0.049692
0.034541
0.015133
0.037919
0.109246
0.176998
0.191399
0.050865
-0.187669
-0.366824
-0.372880
-0.223122
-0.066506
-0.018750
-0.083741
-0.173516
-0.212212
-0.192524
-0.174100
-0.181487
-0.204085
-0.192867
-0.142185
-0.090767
-0.077943
-0.108108
-0.158695
-0.184383
-0.162289
-0.104317
-0.034843
0.035008
0.057805
0.033398
0.019780
0.063555
0.146512
0.207528
0.158171
-0.056731
-0.291901
-0.394925
-0.310925
-0.139765
-0.030444
-0.044002
-0.126223
-0.196163
-0.204806
-0.181310
-0.175235
-0.190664
-0.200994
-0.167744
-0.111599
-0.075583
-0.084157
-0.125305
-0.173530
-0.183245
-0.142287
-0.070101
0.005264
0.058010
0.047918
0.017629
0.030838
0.103212
0.183743
0.210561
0.072191
-0.180791
-0.371416
-0.379957
-0.223629
-0.063527
-0.016718
-0.080693
-0.165346
-0.207568
-0.190618
-0.172982
-0.172942
-0.191009
-0.191497
-0.147068
-0.089495
-0.071487
-0.098403
-0.152545
-0.184903
-0.166631
-0.108827
-0.042286
0.026798
0.056097
0.034926
0.018642
0.056520
0.136484
0.205950
0.176110
-0.024969
-0.272470
-0.404762
-0.333626
-0.154547
-0.025330
-0.024840
-0.107992
-0.191398
-0.207862
-0.182237
-0.170292
-0.182609
-0.199690
-0.176531
-0.115830
-0.072436
-0.077318
-0.121969
-0.175055
-0.185690
-0.146329
-0.080751
-0.010204
0.047722
0.050048
0.030452
0.037872
0.096410
0.170914
0.205389
0.095959
-0.150875
-0.356773
-0.394130
-0.250832
-0.080662
-0.012676
-0.064050
-0.154148
-0.209811
-0.196731
-0.174739
-0.173449
-0.194183
-0.195954
-0.149424
-0.089502
-0.070634
-0.098221
-0.151156
-0.185791
-0.170375
-0.116311
-0.049508
0.021213
0.053551
0.029414
0.015831
0.051100
0.129110
0.199112
0.183768
-0.005316
-0.258485
-0.405069
-0.349048
-0.169367
-0.029633
-0.023914
-0.108395
-0.191213
-0.210930
-0.184661
-0.170916
-0.179206
-0.198761
-0.181711
-0.126688
-0.081629
-0.084268
-0.125283
-0.177380
-0.190693
-0.153755
-0.089304
-0.022038
0.035935
0.043693
0.021218
0.020890
0.075705
0.153132
0.203353
0.127814
-0.100102
-0.325837
-0.403835
-0.293928
-0.119462
-0.019755
-0.049359
-0.134970
-0.206529
-0.212165
-0.193133
-0.179704
-0.190072
-0.194104
-0.163217
-0.109229
-0.082070
-0.095700
-0.141705
-0.180774
-0.181183
-0.135659
-0.069365
0.006377
0.051943
0.037482
0.014275
0.033377
0.106935
0.185519
0.195371
0.032362
-0.224671
-0.373052
-0.345898
-0.198150
-0.055863
-0.029621
-0.096196
-0.178622
-0.210914
-0.190334
-0.171711
-0.172977
-0.188904
-0.182488
-0.138839
-0.091598
-0.086579
-0.117504
-0.164491
-0.182822
-0.154332
-0.097149
-0.034469
0.028432
0.036529
0.009106
0.005559
0.050314
0.123340
0.178970
0.116794
-0.089850
-0.301462
-0.381874
-0.281404
-0.114200
-0.024742
-0.054465
-0.139131
-0.201160
-0.199412
-0.178086
-0.170909
-0.181639
-0.190013
-0.162844
-0.111427
-0.084106
-0.096353
-0.138070
-0.177319
-0.174524
-0.127239
-0.068383
-0.004465
0.039251
0.026819
0.007978
0.024485
0.081504
0.154073
0.170183
0.036692
-0.187569
-0.344539
-0.348753
-0.208132
-0.067344
-0.029113
-0.088773
-0.167020
-0.205379
-0.190129
-0.176332
-0.176162
-0.189258
-0.179764
-0.133802
-0.087218
-0.081145
-0.110156
-0.156679
-0.178795
-0.156154
-0.101695
-0.036951
0.028049
0.043754
0.020153
0.007544
0.043724
0.119741
0.181947
0.133696
-0.074310
-0.290502
-0.378878
-0.286672
-0.120295
-0.024237
-0.051567
-0.134298
-0.196423
-0.193777
-0.171352
-0.168370
-0.182441
-0.189595
-0.159414
-0.106277
-0.075238
-0.087581
-0.132707
-0.175623
-0.175634
-0.128768
-0.064523
0.001899
0.043260
0.023492
-0.002739
0.020331
0.083992
0.152681
0.170933
0.049629
-0.168437
-0.329415
-0.342463
-0.215086
-0.076095
-0.031892
-0.082233
-0.154549
-0.194666
-0.185275
-0.170862
-0.170299
-0.179690
-0.175042
-0.135761
-0.091216
-0.077382
-0.101169
-0.148237
-0.177591
-0.155369
-0.099518
-0.037536
0.021174
0.040193
0.015180
0.008856
0.044669
0.111573
0.165749
0.138518
-0.031595
-0.230404
-0.336080
-0.296951
-0.160636
-0.051983
-0.046292
-0.107585
-0.170034
-0.189237
-0.175277
-0.168036
-0.170183
-0.176688
-0.160484
-0.117122
-0.082776
-0.085220
-0.117339
-0.158656
-0.167715
-0.134318
-0.078210
-0.017277
0.033491
0.029078
0.005838
0.015916
0.068433
0.134138
0.169475
0.094105
-0.098334
-0.272045
-0.334085
-0.254409
-0.119896
-0.044351
-0.062230
-0.121164
-0.172217
-0.182339
-0.178291
-0.178530
-0.182049
-0.176889
-0.141709
-0.095228
-0.077287
-0.093286
-0.131935
-0.164317
-0.157928
-0.112597
-0.049848
0.021430
0.051890
0.027335
0.008072
0.033746
0.103985
0.167520
0.155593
-0.006845
-0.223048
-0.346076
-0.307670
-0.163373
-0.046386
-0.037343
-0.104436
-0.170332
-0.189388
-0.174762
-0.168624
-0.175640
-0.183908
-0.163435
-0.114031
-0.076328
-0.077043
-0.111754
-0.156273
-0.169542
-0.137113
-0.081212
-0.017982
0.040142
0.044219
0.014304
0.012950
0.059172
0.127324
0.169126
0.099991
-0.101554
-0.281907
-0.338613
-0.247599
-0.105777
-0.034128
-0.066497
-0.134587
-0.178794
-0.177752
-0.167221
-0.168883
-0.178791
-0.175932
-0.139165
-0.090935
-0.073735
-0.096119
-0.137751
-0.169602
-0.158895
-0.108464
-0.043957
0.022000
0.052749
0.023986
0.004813
0.031942
0.099739
0.159487
0.148765
-0.004158
-0.202942
-0.319602
-0.296535
-0.175450
-0.070228
-0.048886
-0.094915
-0.152520
-0.182100
-0.177136
-0.175533
-0.175734
-0.178218
-0.157036
-0.114514
-0.079468
-0.081283
-0.111561
-0.152763
-0.165301
-0.136118
-0.083091
-0.025783
0.033280
0.042605
0.017576
0.013543
0.052768
0.115020
0.160041
0.113402
-0.062234
-0.243966
-0.321035
-0.266687
-0.137983
-0.053701
-0.059230
-0.117121
-0.167101
-0.177756
-0.166746
-0.168159
-0.175228
-0.179168
-0.152847
-0.103078
-0.074187
-0.086666
-0.127981
-0.166654
-0.163358
-0.117558
-0.059309
0.005681
0.046590
0.028737
0.006503
0.022212
0.081730
0.147674
0.160174
0.041596
-0.161665
-0.307634
-0.320352
-0.207453
-0.084365
-0.044274
-0.085364
-0.144891
-0.178446
-0.175792
-0.173200
-0.176794
-0.181844
-0.161541
-0.118100
-0.084260
-0.085394
-0.112500
-0.149957
-0.167007
-0.146794
-0.098386
-0.040055
0.019777
0.039903
0.016479
0.005979
0.036953
0.100597
0.151311
0.128166
-0.025043
-0.217493
-0.319061
-0.287786
-0.167900
-0.065814
-0.055658
-0.108146
-0.162548
-0.180392
-0.170681
-0.168873
-0.178972
-0.181762
-0.160135
-0.114950
-0.080391
-0.086382
-0.124784
-0.164832
-0.171817
-0.133040
-0.074000
-0.015981
0.031055
0.029226
0.007073
0.020089
0.066797
0.125966
0.150138
0.065937
-0.121447
-0.280146
-0.321253
-0.233638
-0.109585
-0.052898
-0.079512
-0.138428
-0.176602
-0.177937
-0.171262
-0.176672
-0.183084
-0.174956
-0.135872
-0.095726
-0.083933
-0.107797
-0.144427
-0.170696
-0.158262
-0.115504
-0.061042
-0.004223
0.031185
0.015431
-0.002975
0.020598
0.078940
0.131237
0.134632
0.021562
-0.167450
-0.300633
-0.310925
-0.210231
-0.094417
-0.051877
-0.089588
-0.147902
-0.181653
-0.178000
-0.173122
-0.176036
-0.179185
-0.165202
-0.129457
-0.096357
-0.095618
-0.121746
-0.156279
-0.172345
-0.149469
-0.102285
-0.051178
0.003801
0.028223
0.013360
0.005943
0.033572
0.089081
0.132660
0.111445
-0.032212
-0.220353
-0.314262
-0.285468
-0.172077
-0.072019
-0.061106
-0.114721
-0.167292
-0.187048
-0.179492
-0.174024
-0.183670
-0.183469
-0.154840
-0.113784
-0.090584
-0.101004
-0.133147
-0.164440
-0.168626
-0.136849
-0.086362
-0.034476
0.011321
0.018717
0.000563
0.004273
0.047208
0.108727
0.140691
0.079154
-0.092921
-0.252393
-0.315267
-0.260114
-0.140344
-0.066321
-0.078056
-0.128740
-0.172888
-0.184534
-0.177710
-0.179906
-0.179332
-0.172382
-0.148237
-0.110080
-0.092359
-0.109888
-0.146805
-0.174737
-0.166020
-0.123416
-0.071401
-0.017273
0.022831
0.013174
-0.007834
0.011908
0.062138
0.116710
0.138008
0.051710
-0.130277
-0.275791
-0.312416
-0.234838
-0.119040
-0.060751
-0.080837
-0.131810
-0.175954
-0.187392
-0.184248
-0.182306
-0.181700
-0.170830
-0.139158
-0.101857
-0.090361
-0.110115
-0.147161
-0.171880
-0.158586
-0.112620
-0.061496
-0.003459
0.027596
0.014046
0.001744
0.021893
0.073260
0.128721
0.129440
0.016446
-0.169819
-0.284704
-0.283743
-0.198632
-0.101892
-0.067794
-0.100384
-0.148577
-0.175157
-0.174352
-0.170957
-0.179267
-0.184306
-0.166663
-0.125717
-0.092884
-0.092446
-0.121154
-0.154321
-0.166275
-0.141420
-0.096217
-0.048169
0.003194
0.030465
0.013778
0.003368
0.029566
0.082845
0.132118
0.118537
-0.013235
-0.191041
-0.290503
-0.273096
-0.180682
-0.092432
-0.071803
-0.102881
-0.148243
-0.175217
-0.179597
-0.176634
-0.176734
-0.172845
-0.155544
-0.119909
-0.094258
-0.095205
-0.123271
-0.154820
-0.164121
-0.134958
-0.089280
-0.036523
0.013994
0.028256
0.005601
0.001858
0.032537
0.095693
0.140927
0.107651
-0.038014
-0.206666
-0.289970
-0.260564
-0.167752
-0.086829
-0.074262
-0.110551
-0.149074
-0.167082
-0.168422
-0.170653
-0.179813
-0.181650
-0.154421
-0.113466
-0.088362
-0.098205
-0.132105
-0.163055
-0.161118
-0.128550
-0.081755
-0.034522
0.013706
0.023532
0.003447
0.005080
0.046579
0.104366
0.139405
0.097271
-0.047839
-0.210538
-0.277554
-0.246546
-0.160110
-0.092404
-0.084142
-0.115233
-0.145356
-0.161135
-0.164290
-0.173013
-0.185753
-0.185461
-0.154362
-0.112708
-0.088763
-0.098805
-0.133223
-0.162305
-0.159370
-0.123250
-0.078011
-0.033567
0.010644
0.020445
0.003832
0.012754
0.054538
0.106250
0.131110
0.080962
-0.063649
-0.214550
-0.272763
-0.233605
-0.151357
-0.088172
-0.091809
-0.126212
-0.154199
-0.164080
-0.165696
-0.170493
-0.180323
-0.173818
-0.150462
-0.116533
-0.099631
-0.105953
-0.132236
-0.155071
-0.153214
-0.121262
-0.081721
-0.036246
0.010701
0.022155
0.006079
0.012422
0.048768
0.104438
0.130525
0.080349
-0.066282
-0.213513
-0.269538
-0.231766
-0.154888
-0.098575
-0.093052
-0.120143
-0.147689
-0.161981
-0.166603
-0.176654
-0.186339
-0.179847
-0.146640
-0.109668
-0.094436
-0.109914
-0.138043
-0.158150
-0.150260
-0.120630
-0.083345
-0.037828
0.013129
0.022874
0.003039
0.008282
0.049640
0.101988
0.122028
0.069653
-0.067230
-0.210313
-0.262839
-0.228401
-0.153083
-0.099063
-0.092237
-0.122606
-0.150051
-0.163515
-0.166105
-0.174101
-0.178600
-0.171769
-0.150551
-0.122181
-0.103151
-0.109344
-0.133754
-0.157683
-0.154840
-0.123529
-0.082353
-0.038609
0.007445
0.014130
-0.000426
0.011152
0.052021
0.101178
0.121092
0.072655
-0.057921
-0.203970
-0.262694
-0.230572
-0.156065
-0.101487
-0.091857
-0.123369
-0.152823
-0.164283
-0.158837
-0.165500
-0.179400
-0.182792
-0.153497
-0.117224
-0.098530
-0.109050
-0.132547
-0.154304
-0.152020
-0.125949
-0.089198
-0.046476
0.002292
0.018775
0.005592
0.006359
0.041419
0.085253
0.110256
0.078155
-0.033006
-0.174497
-0.238723
-0.218703
-0.164522
-0.118558
-0.105640
-0.122427
-0.137519
-0.150023
-0.156445
-0.166230
-0.179881
-0.178901
-0.154182
-0.123144
-0.104305
-0.109640
-0.131323
-0.151173
-0.149417
-0.124359
-0.091362
-0.059359
-0.013272
0.018021
0.012405
0.011045
0.039687
0.078993
0.101988
0.085850
0.001127
-0.136010
-0.226856
-0.235585
-0.186805
-0.129605
-0.100745
-0.107719
-0.128789
-0.153329
-0.163228
-0.168983
-0.174847
-0.173606
-0.154210
-0.127823
-0.107808
-0.110772
-0.126305
-0.141611
-0.142823
-0.127146
-0.099669
-0.070985
-0.025716
0.016858
0.016853
0.005014
0.023780
0.067895
0.105297
0.099932
0.023354
-0.109807
-0.213871
-0.239292
-0.196941
-0.138337
-0.101294
-0.105521
-0.126716
-0.148393
-0.158642
-0.164004
-0.168073
-0.172238
-0.158677
-0.133591
-0.114676
-0.114632
-0.125417
-0.140197
-0.144964
-0.135009
-0.108721
-0.078420
-0.036635
0.005632
0.010615
0.003277
0.021192
0.057563
0.096035
0.103343
0.052641
-0.067669
-0.192474
-0.232876
-0.203715
-0.153105
-0.115409
-0.108249
-0.125445
-0.142641
-0.153807
-0.162337
-0.173545
-0.181349
-0.172667
-0.142460
-0.115721
-0.108219
-0.118101
-0.137310
-0.150109
-0.142794
-0.117724
-0.088073
-0.053346
-0.010342
0.012184
0.007700
0.014185
0.045131
0.081760
0.093026
0.062230
-0.032083
-0.155902
-0.214346
-0.204323
-0.170171
-0.139640
-0.124869
-0.125277
-0.131983
-0.145992
-0.158752
-0.169974
-0.179488
-0.176860
-0.152002
-0.125737
-0.114780
-0.122007
-0.135376
-0.147327
-0.145623
-0.128145
-0.099242
-0.068915
-0.024127
0.004457
0.003425
0.005219
0.027957
0.062376
0.089917
0.079262
0.013034
-0.106032
-0.205604
-0.224885
-0.188277
-0.141583
-0.115083
-0.120756
-0.138080
-0.150142
-0.156610
-0.162936
-0.173850
-0.180209
-0.166164
-0.137688
-0.118056
-0.117231
-0.130625
-0.148013
-0.154780
-0.139786
-0.110547
-0.076941
-0.036997
-0.001111
0.000998
-0.003866
0.013554
0.048440
0.081840
0.085899
0.038240
-0.066488
-0.177528
-0.217749
-0.201264
-0.164856
-0.134919
-0.122332
-0.130731
-0.142370
-0.152352
-0.164600
-0.179991
-0.185949
-0.170459
-0.139467
-0.119724
-0.118570
-0.128571
-0.141874
-0.149220
-0.143127
-0.123003
-0.093503
-0.051024
-0.002615
0.011970
-0.000633
0.005761
0.035603
0.071964
0.087772
0.058189
-0.028296
-0.149665
-0.220045
-0.209516
-0.166609
-0.136700
-0.128406
-0.137495
-0.148802
-0.153053
-0.157772
-0.166018
-0.175974
-0.174400
-0.153313
-0.130338
-0.121669
-0.122896
-0.133256
-0.146886
-0.147733
-0.131409
-0.101023
-0.063574
-0.015824
0.010335
0.004366
0.001718
0.023675
0.063141
0.089709
0.077271
0.005812
-0.110332
-0.199880
-0.211732
-0.181002
-0.143526
-0.124878
-0.128466
-0.140656
-0.149794
-0.158386
-0.167039
-0.177337
-0.178843
-0.156532
-0.128618
-0.115283
-0.118057
-0.130581
-0.145377
-0.147456
-0.134213
-0.106181
-0.071803
-0.028597
0.008897
0.013318
0.004226
0.016533
0.052728
0.084381
0.084253
0.030251
-0.081254
-0.184131
-0.210251
-0.186577
-0.149003
-0.127127
-0.126786
-0.137635
-0.146981
-0.155458
-0.160532
-0.169713
-0.174482
-0.161876
-0.137998
-0.121367
-0.118347
-0.126371
-0.138549
-0.146660
-0.142065
-0.117022
-0.080580
-0.033938
0.007044
0.010136
0.000587
0.019944
0.058152
0.089609
0.089270
0.045091
-0.056407
-0.168293
-0.212075
-0.194666
-0.160565
-0.132865
-0.123583
-0.132887
-0.143655
-0.154489
-0.165149
-0.171816
-0.173687
-0.162826
-0.140676
-0.124246
-0.119845
-0.125032
-0.137408
-0.148861
-0.143514
-0.118911
-0.084917
-0.045715
-0.000885
0.015755
0.003923
0.004770
0.034210
0.078601
0.101024
0.070877
-0.025603
-0.147522
-0.212731
-0.209428
-0.173871
-0.143647
-0.128363
-0.129496
-0.136039
-0.146357
-0.156889
-0.169449
-0.177582
-0.172887
-0.148381
-0.123290
-0.111339
-0.115164
-0.130769
-0.148084
-0.148013
-0.128779
-0.093588
-0.052353
-0.007804
0.007764
0.000735
0.008602
0.038920
0.078563
0.103432
0.084903
0.005777
-0.126398
-0.216791
-0.223858
-0.192855
-0.147189
-0.118397
-0.117570
-0.130462
-0.146845
-0.163456
-0.173112
-0.178942
-0.173170
-0.149711
-0.125568
-0.112702
-0.114488
-0.127997
-0.146576
-0.149721
-0.130819
-0.093477
-0.054860
-0.009238
0.014106
0.004212
-0.000038
0.030635
0.074764
0.103787
0.085814
0.004575
-0.127153
-0.215847
-0.223205
-0.184210
-0.139797
-0.118905
-0.123811
-0.137702
-0.148586
-0.159815
-0.170279
-0.181381
-0.176696
-0.151117
-0.119857
-0.107821
-0.113351
-0.129559
-0.146113
-0.151161
-0.131686
-0.094211
-0.052129
-0.009543
0.012927
0.003493
0.002484
0.030188
0.073535
0.102179
0.082880
-0.000467
-0.128832
-0.209332
-0.214905
-0.183730
-0.143125
-0.121056
-0.125181
-0.137233
-0.148020
-0.156965
-0.164431
-0.173984
-0.172647
-0.151805
-0.126068
-0.110612
-0.110932
-0.127428
-0.146395
-0.148227
-0.127363
-0.092545
-0.055104
-0.011434
0.012611
0.004653
0.002867
0.032479
0.075358
0.105264
0.086115
0.002286
-0.128907
-0.212119
-0.217879
-0.184595
-0.140796
-0.119069
-0.122960
-0.134900
-0.145128
-0.154219
-0.166837
-0.180173
-0.171761
-0.144110
-0.115027
-0.105016
-0.112365
-0.129838
-0.144380
-0.146565
-0.124315
-0.087725
-0.046252
-0.002761
0.016106
0.005769
0.006570
0.032914
0.076337
0.103619
0.085727
-0.007787
-0.137799
-0.217093
-0.220274
-0.184724
-0.138060
-0.114686
-0.114405
-0.126856
-0.140678
-0.157958
-0.170655
-0.179445
-0.167754
-0.139056
-0.110420
-0.099565
-0.106134
-0.126268
-0.143674
-0.144263
-0.121130
-0.085191
-0.044643
-0.002233
0.015966
0.009392
0.008491
0.034194
0.080626
0.106169
0.082337
-0.014496
-0.147780
-0.223257
-0.216653
-0.169156
-0.122673
-0.107567
-0.118032
-0.135847
-0.146130
-0.154089
-0.167919
-0.178141
-0.166335
-0.134479
-0.106137
-0.097584
-0.109598
-0.128589
-0.144862
-0.142747
-0.117550
-0.077652
-0.035320
0.007681
0.021650
0.008855
0.009055
0.039180
0.085329
0.110614
0.076948
-0.035324
-0.169032
-0.228726
-0.218430
-0.165237
-0.112968
-0.102986
-0.120332
-0.140772
-0.150850
-0.154399
-0.162482
-0.177154
-0.167494
-0.138158
-0.108413
-0.097632
-0.108041
-0.131244
-0.145907
-0.140431
-0.110904
-0.074150
-0.030989
0.008335
0.013509
0.000418
0.014338
0.051200
0.095936
0.108451
0.058765
-0.066198
-0.192197
-0.236719
-0.207477
-0.147732
-0.107254
-0.104083
-0.124830
-0.143720
-0.157335
-0.163735
-0.173596
-0.175346
-0.154330
-0.122858
-0.101992
-0.099866
-0.115504
-0.136901
-0.149433
-0.139383
-0.103871
-0.061192
-0.015009
0.018096
0.009143
-0.004152
0.010649
0.051790
0.093832
0.101995
0.028707
-0.116949
-0.229647
-0.241280
-0.190665
-0.128785
-0.102501
-0.116396
-0.139620
-0.150936
-0.156990
-0.162991
-0.175136
-0.177877
-0.160133
-0.124164
-0.098452
-0.097462
-0.118873
-0.144272
-0.154498
-0.135503
-0.096269
-0.047213
0.003499
0.023737
0.006526
-0.003608
0.022167
0.073834
0.103741
0.073420
-0.051563
-0.198391
-0.264066
-0.233361
-0.156571
-0.096403
-0.098322
-0.137544
-0.165566
-0.166198
-0.156139
-0.159839
-0.177067
-0.178673
-0.150967
-0.117552
-0.098443
-0.106926
-0.133949
-0.158134
-0.155190
-0.122137
-0.070305
-0.024399
0.009843
0.004677
-0.012289
0.000612
0.047720
0.090798
0.095544
0.026180
-0.121471
-0.240805
-0.257979
-0.208081
-0.136732
-0.098296
-0.110021
-0.140170
-0.162054
-0.168659
-0.167099
-0.172682
-0.181445
-0.167862
-0.137019
-0.109375
-0.101906
-0.118603
-0.143467
-0.155524
-0.142542
-0.104832
-0.051807
0.004225
0.027727
0.003650
-0.014541
0.012207
0.062596
0.100711
0.075229
-0.051228
-0.207341
-0.276440
-0.243015
-0.159727
-0.094118
-0.094648
-0.137040
-0.168285
-0.169998
-0.157448
-0.158523
-0.173753
-0.176224
-0.154760
-0.121299
-0.099233
-0.104223
-0.131207
-0.155829
-0.156402
-0.125066
-0.076477
-0.025592
0.015041
0.016893
-0.010793
-0.004670
0.040115
0.087967
0.096772
0.020324
-0.131959
-0.246640
-0.258342
-0.199088
-0.124582
-0.091917
-0.114600
-0.148911
-0.168060
-0.167232
-0.162945
-0.170057
-0.178760
-0.162465
-0.130854
-0.103773
-0.101282
-0.121686
-0.148046
-0.156311
-0.135805
-0.087723
-0.030107
0.017147
0.023113
0.000142
-0.002708
0.039422
0.091286
0.108211
0.043405
-0.109088
-0.243476
-0.273567
-0.215279
-0.123665
-0.078980
-0.100711
-0.145989
-0.170990
-0.170183
-0.157440
-0.159695
-0.169176
-0.166349
-0.140821
-0.107810
-0.090413
-0.102548
-0.129033
-0.150283
-0.143311
-0.106776
-0.053836
-0.003709
0.026893
0.011290
-0.009441
0.014236
0.063809
0.099899
0.083901
-0.021796
-0.168867
-0.250293
-0.238279
-0.172593
-0.106267
-0.091451
-0.118531
-0.148555
-0.159704
-0.156230
-0.155713
-0.168149
-0.170572
-0.149326
-0.117529
-0.095461
-0.097951
-0.119679
-0.140846
-0.143878
-0.118170
-0.066013
-0.005271
0.033067
0.021736
-0.004180
0.011010
0.061935
0.107313
0.106815
0.010257
-0.146950
-0.245915
-0.251135
-0.184117
-0.107194
-0.079354
-0.110006
-0.145752
-0.164228
-0.159018
-0.153001
-0.159174
-0.166586
-0.155981
-0.128715
-0.096457
-0.086558
-0.106518
-0.136924
-0.149334
-0.132154
-0.089573
-0.039879
0.007819
0.029487
0.011805
-0.000620
0.027388
0.075582
0.104025
0.076360
-0.034411
-0.180366
-0.242305
-0.215985
-0.154863
-0.106899
-0.101128
-0.124105
-0.144738
-0.153650
-0.154651
-0.164197
-0.178059
-0.171001
-0.141574
-0.108674
-0.092447
-0.103259
-0.128116
-0.143026
-0.137704
-0.105929
-0.053228
0.005807
0.036445
0.022971
0.001990
0.020637
0.070643
0.108386
0.099419
-0.003784
-0.160275
-0.252209
-0.245205
-0.178959
-0.104313
-0.083614
-0.114548
-0.149612
-0.164793
-0.163798
-0.159507
-0.166868
-0.168644
-0.151798
-0.122530
-0.099227
-0.096678
-0.117041
-0.142115
-0.148574
-0.128330
-0.082677
-0.033771
0.013463
0.027250
0.005538
0.001774
0.036480
0.079023
0.102517
0.067687
-0.048795
-0.188347
-0.244864
-0.224949
-0.160413
-0.107494
-0.102602
-0.126856
-0.147946
-0.163415
-0.168140
-0.175665
-0.181094
-0.163511
-0.134401
-0.112328
-0.105169
-0.115782
-0.132035
-0.139320
-0.131918
-0.100844
-0.046585
0.013141
0.035462
0.013859
-0.004356
0.026728
0.080526
0.117615
0.088343
-0.035676
-0.186467
-0.255105
-0.237691
-0.166908
-0.105195
-0.097309
-0.126726
-0.149870
-0.162942
-0.161383
-0.166810
-0.177198
-0.175124
-0.149075
-0.118863
-0.098273
-0.103676
-0.126565
-0.149687
-0.147960
-0.122084
-0.078130
-0.032681
0.008471
0.015978
0.003639
0.009945
0.040329
0.079382
0.099673
0.059921
-0.057224
-0.192660
-0.248403
-0.224298
-0.162724
-0.109586
-0.099102
-0.122141
-0.150962
-0.170709
-0.178530
-0.180966
-0.175496
-0.157257
-0.135430
-0.118062
-0.111603
-0.116712
-0.132124
-0.144525
-0.136960
-0.101509
-0.041423
0.018916
0.031621
0.011194
0.004712
0.037623
0.086734
0.115675
0.086106
-0.033708
-0.185410
-0.249939
-0.233902
-0.170021
-0.114379
-0.102396
-0.127521
-0.149769
-0.160038
-0.161345
-0.170072
-0.181712
-0.179481
-0.151676
-0.118224
-0.097734
-0.102230
-0.124594
-0.147185
-0.150032
-0.126865
-0.084901
-0.035924
0.006914
0.013934
-0.002546
0.005131
0.040403
0.083838
0.101592
0.059914
-0.053754
-0.178394
-0.229444
-0.209514
-0.162915
-0.127801
-0.122057
-0.131529
-0.138845
-0.152357
-0.176671
-0.191791
-0.186162
-0.162786
-0.135815
-0.119550
-0.116013
-0.120520
-0.132735
-0.143682
-0.136270
-0.102941
-0.042686
0.017484
0.031708
0.011292
0.007675
0.039282
0.081207
0.109244
0.085542
-0.026327
-0.178317
-0.251108
-0.236109
-0.173517
-0.116817
-0.102492
-0.127385
-0.151817
-0.164591
-0.168141
-0.178718
-0.188987
-0.183207
-0.151410
-0.120324
-0.105196
-0.112363
-0.130232
-0.150021
-0.150575
-0.127549
-0.085246
-0.038068
0.006644
0.011116
-0.007757
-0.000113
0.035005
0.080173
0.100181
0.061640
-0.045710
-0.171797
-0.235369
-0.224266
-0.172868
-0.132038
-0.121374
-0.130862
-0.145203
-0.160840
-0.179426
-0.193978
-0.186434
-0.165384
-0.140493
-0.125989
-0.122833
-0.129216
-0.140233
-0.149443
-0.137743
-0.106627
-0.054882
0.002493
0.026244
0.006795
-0.003250
0.025957
0.072976
0.104452
0.085045
-0.015696
-0.156003
-0.239036
-0.239008
-0.191432
-0.135529
-0.111223
-0.123533
-0.149858
-0.166582
-0.171823
-0.180116
-0.191079
-0.186601
-0.159277
-0.126460
-0.110241
-0.116866
-0.135760
-0.154639
-0.156702
-0.136724
-0.096076
-0.045256
0.000814
0.008570
-0.012259
-0.006109
0.024809
0.067060
0.091332
0.061318
-0.032785
-0.158446
-0.226909
-0.225579
-0.185806
-0.145191
-0.127010
-0.134250
-0.142652
-0.160793
-0.186016
-0.197418
-0.188938
-0.169911
-0.144819
-0.129457
-0.126169
-0.129106
-0.139639
-0.148867
-0.140021
-0.109306
-0.053993
0.005432
0.021018
0.005383
-0.000594
0.026960
0.069492
0.095389
0.074979
-0.022141
-0.162670
-0.240926
-0.235159
-0.185665
-0.131402
-0.111141
-0.130965
-0.157145
-0.170714
-0.172915
-0.177442
-0.185695
-0.181498
-0.155209
-0.125690
-0.112837
-0.119385
-0.136332
-0.151120
-0.151705
-0.130507
-0.091878
-0.044005
0.003115
0.009555
-0.011531
-0.006374
0.030785
0.073403
0.092189
0.055809
-0.043156
-0.167017
-0.225103
-0.218688
-0.176352
-0.138543
-0.122614
-0.129507
-0.140874
-0.161872
-0.181779
-0.188692
-0.181153
-0.163804
-0.140763
-0.124182
-0.119929
-0.123938
-0.135501
-0.143628
-0.136429
-0.103548
-0.048745
0.008920
0.022811
0.006470
-0.001053
0.030528
0.076236
0.103293
0.078427
-0.027260
-0.169741
-0.237501
-0.219553
-0.168023
-0.122832
-0.109829
-0.133205
-0.152861
-0.161726
-0.160916
-0.171072
-0.180389
-0.176661
-0.145978
-0.117465
-0.101637
-0.109265
-0.126816
-0.147331
-0.145990
-0.123421
-0.080711
-0.033331
0.011279
0.013887
-0.004191
-0.000200
0.034374
0.069523
0.086746
0.053618
-0.033547
-0.152284
-0.212264
-0.208507
-0.168943
-0.133770
-0.117201
-0.122272
-0.134983
-0.156159
-0.171402
-0.171741
-0.161256
-0.150031
-0.134770
-0.121982
-0.114825
-0.117426
-0.127148
-0.134882
-0.124944
-0.092697
-0.038228
0.018759
0.033786
0.011004
0.004222
0.034608
0.076196
0.099773
0.080796
-0.018773
-0.153189
-0.221034
-0.211133
-0.165652
-0.118072
-0.105538
-0.120862
-0.134428
-0.144746
-0.152830
-0.165605
-0.176309
-0.166975
-0.132522
-0.104456
-0.097741
-0.108424
-0.126050
-0.139036
-0.135265
-0.113576
-0.078013
-0.033579
0.009488
0.019624
0.000662
0.004120
0.033350
0.073257
0.096643
0.068325
-0.022873
-0.137687
-0.201461
-0.198773
-0.166095
-0.131951
-0.117278
-0.118856
-0.129989
-0.145365
-0.167968
-0.178821
-0.171248
-0.150098
-0.127270
-0.111760
-0.109422
-0.114772
-0.126011
-0.134831
-0.125353
-0.093048
-0.037619
0.018535
0.032200
0.012634
0.003904
0.029718
0.072724
0.101354
0.082028
-0.011029
-0.143420
-0.218386
-0.206086
-0.155833
-0.117015
-0.110573
-0.124421
-0.140436
-0.148988
-0.154787
-0.163540
-0.171130
-0.163339
-0.138476
-0.113852
-0.103591
-0.107831
-0.121318
-0.135311
-0.138123
-0.119537
-0.083925
-0.039728
0.000605
0.010725
-0.003217
0.001559
0.026793
0.058582
0.082529
0.061691
-0.008643
-0.113157
-0.185568
-0.197327
-0.171240
-0.144024
-0.127684
-0.122292
-0.124892
-0.143951
-0.164082
-0.174534
-0.167267
-0.151844
-0.136397
-0.125728
-0.120741
-0.121764
-0.127307
-0.133231
-0.129333
-0.104781
-0.060541
-0.006931
0.019300
0.009300
-0.006585
0.009807
0.045710
0.083488
0.085368
0.030531
-0.079420
-0.177757
-0.203615
-0.176465
-0.141226
-0.126125
-0.130648
-0.141391
-0.143557
-0.149444
-0.161458
-0.174943
-0.172443
-0.153919
-0.126576
-0.114009
-0.115898
-0.123690
-0.132528
-0.139865
-0.132721
-0.108361
-0.073339
-0.032025
0.000524
-0.001924
-0.011443
0.001628
0.029207
0.061000
0.071480
0.032343
-0.045998
-0.133586
-0.183173
-0.186881
-0.165500
-0.146671
-0.139099
-0.135391
-0.141131
-0.155037
-0.166199
-0.167188
-0.160448
-0.152147
-0.142574
-0.133698
-0.127771
-0.127011
-0.132080
-0.134150
-0.123832
-0.095165
-0.047015
0.000807
0.009519
-0.004148
-0.004895
0.022559
0.057334
0.078606
0.059229
-0.015331
-0.126423
-0.193923
-0.188497
-0.163342
-0.138777
-0.130642
-0.133520
-0.144414
-0.150499
-0.163649
-0.168852
-0.169909
-0.161645
-0.144001
-0.125481
-0.122612
-0.123080
-0.129529
-0.137511
-0.137943
-0.123636
-0.101461
-0.066239
-0.021727
0.001745
-0.010407
-0.017425
-0.003559
0.028993
0.062424
0.062817
0.005038
-0.079648
-0.147969
-0.177489
-0.172297
-0.155122
-0.146199
-0.144057
-0.141631
-0.148400
-0.159141
-0.163966
-0.159883
-0.156630
-0.150717
-0.143012
-0.135099
-0.129035
-0.127984
-0.130938
-0.125961
-0.109386
-0.080414
