0.260305
0.242478
0.183792
0.141960
0.092342
-0.034661
-0.157943
-0.201218
-0.113318
0.057096
0.139939
0.072097
-0.051558
-0.176397
-0.235775
-0.197210
-0.123106
-0.058080
-0.035613
-0.090441
-0.146702
-0.131708
-0.070902
0.015071
0.065382
0.062919
0.045194
0.030753
0.043418
0.106986
0.196555
0.255191
0.240854
0.181656
0.136466
0.095347
-0.009200
-0.105726
-0.166259
-0.133602
0.002471
0.104449
0.079465
-0.012940
-0.137880
-0.220888
-0.205146
-0.142482
-0.079252
-0.049192
-0.076007
-0.120382
-0.128119
-0.089013
-0.013383
0.046184
0.064199
0.054028
0.043129
0.068420
0.131623
0.209308
0.238196
0.229464
0.206849
0.178608
0.118100
-0.037518
-0.177462
-0.217250
-0.109577
0.071586
0.166485
0.095849
-0.049079
-0.182281
-0.236546
-0.197651
-0.120405
-0.055722
-0.045016
-0.089661
-0.142597
-0.130927
-0.064483
0.015710
0.057959
0.056911
0.034903
0.022130
0.044765
0.109851
0.194698
0.250505
0.251616
0.206459
0.161126
0.125900
0.006243
-0.127471
-0.201613
-0.155292
0.009581
0.145563
0.126377
0.000774
-0.142703
-0.236287
-0.220601
-0.146134
-0.069927
-0.035338
-0.059691
-0.123339
-0.141824
-0.099775
-0.014905
0.053494
0.072183
0.052714
0.035219
0.046286
0.097851
0.181839
0.244568
0.249705
0.215585
0.181216
0.145334
0.016703
-0.136143
-0.216248
-0.162024
0.006067
0.149651
0.136622
0.009153
-0.134597
-0.232684
-0.229562
-0.151353
-0.074442
-0.036218
-0.061665
-0.128576
-0.146986
-0.103043
-0.022377
0.051341
0.074320
0.057031
0.039302
0.045145
0.091641
0.178028
0.241214
0.263344
0.244387
0.201570
0.150614
0.010741
-0.155153
-0.226868
-0.180302
-0.006074
0.165258
0.167226
0.029533
-0.126828
-0.243441
-0.242914
-0.157181
-0.068485
-0.034408
-0.058997
-0.129301
-0.156110
-0.111998
-0.019036
0.062818
0.085062
0.053179
0.019477
0.029950
0.086519
0.182235
0.260730
0.267494
0.226408
0.182580
0.148962
0.027339
-0.138653
-0.235979
-0.188569
-0.002595
0.179283
0.179070
0.028281
-0.143164
-0.249416
-0.243734
-0.156330
-0.065616
-0.026472
-0.055318
-0.126020
-0.160526
-0.114078
-0.021352
0.056160
0.073749
0.053810
0.029535
0.028196
0.074044
0.167040
0.252302
0.280604
0.242702
0.183568
0.156878
0.053172
-0.117544
-0.232570
-0.216586
-0.042879
0.155961
0.195845
0.069854
-0.102349
-0.234076
-0.259953
-0.192589
-0.091356
-0.027050
-0.030750
-0.104774
-0.162381
-0.138524
-0.048756
0.042301
0.081755
0.066258
0.032969
0.018284
0.056579
0.144962
0.238041
0.275532
0.250488
0.189910
0.162154
0.071479
-0.093818
-0.216057
-0.226311
-0.070894
0.136199
0.191708
0.085855
-0.087188
-0.225198
-0.250364
-0.188249
-0.103290
-0.036347
-0.032960
-0.098347
-0.151571
-0.134990
-0.055556
0.031737
0.072110
0.062078
0.042151
0.030804
0.054109
0.118300
0.213963
0.269581
0.257619
0.202693
0.167475
0.097613
-0.064406
-0.203148
-0.241383
-0.110003
0.104169
0.203479
0.119952
-0.053060
-0.208199
-0.256105
-0.212741
-0.119587
-0.038339
-0.029025
-0.087078
-0.149573
-0.153053
-0.076127
0.024329
0.071434
0.069477
0.043390
0.032405
0.061753
0.124524
0.210503
0.270991
0.264689
0.218477
0.186411
0.093470
-0.089419
-0.226036
-0.238713
-0.093205
0.123352
0.213812
0.119106
-0.050225
-0.201294
-0.258715
-0.222792
-0.130134
-0.048306
-0.028838
-0.077391
-0.140726
-0.142319
-0.075128
0.015796
0.063546
0.061547
0.036196
0.017927
0.037479
0.100477
0.190617
0.269571
0.279773
0.229937
0.187530
0.128593
-0.041946
-0.204230
-0.256914
-0.148511
0.069800
0.207466
0.152325
-0.003266
-0.167314
-0.246807
-0.228315
-0.149701
-0.067056
-0.030825
-0.069079
-0.128678
-0.148212
-0.099872
-0.011560
0.054732
0.066526
0.050365
0.029718
0.040852
0.089302
0.184764
0.263300
0.270792
0.224434
0.180459
0.131949
-0.008673
-0.171878
-0.242783
-0.163622
0.032362
0.191573
0.166242
0.025518
-0.142125
-0.242992
-0.248027
-0.174434
-0.080888
-0.027655
-0.053338
-0.120602
-0.154766
-0.117433
-0.025980
0.045532
0.070573
0.058685
0.031556
0.033623
0.076026
0.165110
0.254373
0.277152
0.244068
0.189180
0.147887
0.015102
-0.154094
-0.249483
-0.193442
-0.002505
0.182284
0.179729
0.052621
-0.117270
-0.227075
-0.236270
-0.184571
-0.108234
-0.042911
-0.046675
-0.099933
-0.136369
-0.123984
-0.043197
0.031091
0.054804
0.053230
0.040813
0.033049
0.065330
0.139244
0.233762
0.283497
0.265657
0.198852
0.149765
0.043147
-0.121726
-0.230300
-0.206984
-0.041014
0.150851
0.197525
0.087146
-0.079504
-0.216457
-0.250346
-0.207313
-0.113731
-0.042198
-0.026226
-0.081054
-0.137583
-0.141128
-0.069260
0.015421
0.063917
0.063059
0.046942
0.029800
0.049210
0.112823
0.211882
0.267883
0.263662
0.197688
0.157394
0.104348
-0.051210
-0.191191
-0.227203
-0.121569
0.081201
0.194819
0.132057
-0.018354
-0.178368
-0.248654
-0.222362
-0.138763
-0.057760
-0.027859
-0.070290
-0.128338
-0.142293
-0.092028
-0.006456
0.053145
0.064316
0.057452
0.040818
0.047121
0.097264
0.182428
0.251181
0.262016
0.229843
0.177848
0.113712
-0.029407
-0.175288
-0.231813
-0.142297
0.046953
0.189827
0.160174
0.017045
-0.155191
-0.244841
-0.237986
-0.163401
-0.071620
-0.024928
-0.048842
-0.107404
-0.143946
-0.111816
-0.030838
0.035676
0.063557
0.059764
0.040650
0.033620
0.070750
0.157617
0.251815
0.272002
0.232827
0.178025
0.137852
0.027964
-0.126829
-0.226895
-0.194595
-0.019585
0.155248
0.179720
0.067459
-0.097746
-0.226804
-0.247517
-0.195867
-0.101602
-0.034908
-0.033963
-0.093223
-0.137596
-0.128290
-0.052667
0.024731
0.060547
0.058219
0.043112
0.028986
0.048094
0.104997
0.199448
0.258375
0.255674
0.206455
0.156267
0.073946
-0.076419
-0.191971
-0.213602
-0.097108
0.082273
0.173757
0.106981
-0.040226
-0.185419
-0.239167
-0.211208
-0.128721
-0.057575
-0.042402
-0.085856
-0.135054
-0.143949
-0.086451
-0.000698
0.054786
0.068559
0.052775
0.030804
0.052261
0.118020
0.209092
0.258904
0.248189
0.202820
0.176351
0.092894
-0.084670
-0.222079
-0.246081
-0.101515
0.104617
0.202519
0.124123
-0.036500
-0.198021
-0.256009
-0.231206
-0.140067
-0.053547
-0.030107
-0.079764
-0.137899
-0.152393
-0.094766
-0.004604
0.051880
0.063890
0.045960
0.019574
0.032582
0.095260
0.189825
0.250979
0.255438
0.210324
0.171997
0.114988
-0.031079
-0.191494
-0.242451
-0.151557
0.046581
0.181007
0.142280
-0.002500
-0.157072
-0.238343
-0.229639
-0.166373
-0.086575
-0.044839
-0.063105
-0.114058
-0.140365
-0.109474
-0.029300
0.026641
0.050946
0.047196
0.040117
0.038005
0.070291
0.146559
0.229571
0.249416
0.224879
0.166100
0.117332
0.017042
-0.115090
-0.196810
-0.180792
-0.051720
0.106296
0.152085
0.069964
-0.078232
-0.215280
-0.255093
-0.205465
-0.111763
-0.039016
-0.034373
-0.092924
-0.138967
-0.132398
-0.066361
0.011926
0.052242
0.064117
0.053910
0.033158
0.038880
0.099067
0.181878
0.238755
0.234451
0.178437
0.136116
0.081647
-0.054080
-0.164186
-0.201977
-0.129036
0.038034
0.147518
0.109369
-0.015929
-0.162485
-0.245981
-0.227765
-0.146404
-0.061418
-0.023507
-0.060769
-0.121979
-0.143912
-0.106972
-0.024136
0.048961
0.074808
0.068266
0.040867
0.030879
0.071652
0.161114
0.234872
0.252058
0.209213
0.145682
0.089653
-0.023194
-0.137004
-0.195744
-0.147436
0.002202
0.135376
0.129780
0.022432
-0.132037
-0.230717
-0.236551
-0.171773
-0.080560
-0.030513
-0.048261
-0.105796
-0.142966
-0.120351
-0.037185
0.031195
0.066366
0.064791
0.045454
0.035078
0.056639
0.128071
0.212452
0.257130
0.223125
0.154715
0.107809
0.024982
-0.087555
-0.162403
-0.170823
-0.057621
0.099670
0.143392
0.063123
-0.085635
-0.207803
-0.236664
-0.184294
-0.096392
-0.035840
-0.038614
-0.088888
-0.134728
-0.132014
-0.065388
0.010593
0.058935
0.072154
0.051892
0.031443
0.049510
0.114141
0.199702
0.247029
0.226320
0.171881
0.127160
0.067604
-0.049700
-0.149128
-0.189429
-0.103003
0.066873
0.157837
0.105415
-0.035356
-0.183255
-0.236283
-0.206141
-0.127867
-0.050569
-0.029420
-0.068606
-0.117765
-0.138081
-0.090401
-0.008567
0.048424
0.069893
0.064842
0.047345
0.051079
0.093052
0.174922
0.230400
0.245193
0.199710
0.142062
0.091453
-0.020039
-0.128180
-0.178192
-0.127753
0.021722
0.139200
0.118624
0.009676
-0.139022
-0.219778
-0.216731
-0.152690
-0.071172
-0.029180
-0.050662
-0.096323
-0.127480
-0.103275
-0.026093
0.030780
0.061958
0.068266
0.057262
0.046006
0.066780
0.132283
0.217561
0.256378
0.217900
0.150164
0.108601
0.034020
-0.072208
-0.145704
-0.162871
-0.057219
0.094072
0.137766
0.060527
-0.071734
-0.193118
-0.226173
-0.177823
-0.095929
-0.033666
-0.026106
-0.078354
-0.124693
-0.123574
-0.062057
0.015189
0.066781
0.076979
0.068189
0.053999
0.063474
0.129190
0.217878
0.245106
0.219646
0.161494
0.114064
0.052533
-0.046483
-0.142727
-0.160637
-0.068923
0.076872
0.141629
0.082211
-0.056236
-0.176573
-0.220586
-0.189839
-0.106589
-0.044142
-0.035409
-0.071081
-0.113773
-0.115837
-0.057454
0.006244
0.049650
0.073215
0.068350
0.056323
0.061813
0.101371
0.182258
0.246509
0.244566
0.193932
0.132953
0.056304
-0.054515
-0.130859
-0.145007
-0.070004
0.058556
0.127052
0.082210
-0.023997
-0.145458
-0.206636
-0.199833
-0.130172
-0.054010
-0.028773
-0.061266
-0.109621
-0.125759
-0.081385
-0.008925
0.041860
0.071061
0.068485
0.054916
0.052399
0.096039
0.180866
0.244298
0.240314
0.194066
0.136905
0.086911
-0.007750
-0.108406
-0.161243
-0.110042
0.024113
0.119712
0.101254
0.002832
-0.120636
-0.194189
-0.200155
-0.152653
-0.080694
-0.034327
-0.039385
-0.088833
-0.123197
-0.102444
-0.033046
0.027984
0.066767
0.073673
0.061924
0.058389
0.087139
0.155012
0.216964
0.227238
0.202575
0.152587
0.118554
0.027041
-0.090532
-0.159045
-0.145653
-0.030072
0.108843
0.126164
0.041491
-0.087045
-0.190776
-0.217382
-0.172100
-0.096543
-0.040488
-0.038567
-0.082690
-0.121744
-0.113667
-0.046748
0.024523
0.069685
0.079923
0.065598
0.054986
0.078256
0.148329
0.217493
0.244647
0.222453
0.174934
0.126114
0.024327
-0.112761
-0.194990
-0.166116
-0.015030
0.137153
0.156022
0.048342
-0.103640
-0.211381
-0.231400
-0.173615
-0.083621
-0.028361
-0.036214
-0.091101
-0.137704
-0.119265
-0.044882
0.032135
0.072144
0.070612
0.044970
0.038666
0.068504
0.149619
0.227490
0.245441
0.206922
0.154421
0.116579
0.047813
-0.068086
-0.170727
-0.180323
-0.056555
0.102546
0.150277
0.066487
-0.083171
-0.200197
-0.226927
-0.183597
-0.100327
-0.040660
-0.036574
-0.080943
-0.129812
-0.127358
-0.057178
0.015907
0.057155
0.065893
0.052756
0.045702
0.069171
0.135393
0.207103
0.234070
0.219272
0.166701
0.121818
0.053965
-0.072180
-0.167117
-0.164255
-0.062712
0.077303
0.137227
0.068569
-0.061970
-0.176772
-0.229580
-0.201812
-0.116337
-0.048238
-0.025998
-0.068930
-0.124933
-0.131704
-0.075528
-0.002342
0.061025
0.084086
0.071687
0.045488
0.044202
0.107327
0.195483
0.240765
0.225374
0.167709
0.118761
0.068421
-0.044211
-0.153061
-0.195204
-0.110189
0.057709
0.158092
0.110108
-0.039911
-0.187948
-0.253825
-0.212908
-0.113044
-0.036559
-0.023216
-0.074362
-0.136637
-0.143231
-0.085086
0.002532
0.074005
0.094167
0.064465
0.032111
0.043525
0.122927
0.218570
0.253214
0.221532
0.170441
0.125033
0.041732
-0.086138
-0.190741
-0.197288
-0.064506
0.105563
0.165477
0.085887
-0.073758
-0.210106
-0.246368
-0.202277
-0.109720
-0.038116
-0.028213
-0.079816
-0.135669
-0.138534
-0.066081
0.016462
0.069337
0.077638
0.053139
0.030909
0.051509
0.120871
0.205710
0.241210
0.214703
0.167774
0.127956
0.052552
-0.064815
-0.168606
-0.192207
-0.078954
0.081459
0.149695
0.085871
-0.063927
-0.196961
-0.240857
-0.203325
-0.112829
-0.040891
-0.029485
-0.072182
-0.124606
-0.136110
-0.073517
0.004919
0.067762
0.097549
0.075093
0.041385
0.043476
0.103754
0.195981
0.238999
0.215435
0.166386
0.120513
0.046771
-0.059603
-0.156077
-0.177616
-0.075745
0.068643
0.130183
0.075494
-0.062066
-0.189902
-0.233261
-0.197356
-0.109277
-0.036900
-0.028443
-0.078324
-0.132569
-0.139818
-0.068803
0.012675
0.070996
0.090777
0.064594
0.033754
0.053951
0.121261
0.209677
0.244068
0.208727
0.153750
0.116438
0.037644
-0.075515
-0.165209
-0.169181
-0.059655
0.078802
0.130887
0.059428
-0.072588
-0.185199
-0.234996
-0.200233
-0.110619
-0.042611
-0.033346
-0.082110
-0.135156
-0.130820
-0.064569
0.016171
0.075061
0.090829
0.067415
0.047005
0.067150
0.144176
0.213593
0.237286
0.210067
0.157741
0.112352
0.013046
-0.125088
-0.202400
-0.160510
-0.015543
0.138422
0.143443
0.030567
-0.118226
-0.218319
-0.236094
-0.173180
-0.093600
-0.037443
-0.042486
-0.097699
-0.140106
-0.120456
-0.041856
0.037867
0.082364
0.079664
0.049388
0.035157
0.074183
0.162640
0.229187
0.234013
0.190944
0.138699
0.095820
0.005154
-0.105052
-0.174837
-0.145675
-0.026814
0.103082
0.120820
0.027104
-0.113741
-0.214639
-0.235232
-0.162671
-0.079353
-0.038015
-0.050807
-0.101873
-0.136412
-0.104158
-0.030904
0.039783
0.086438
0.082197
0.050677
0.049309
0.092727
0.185128
0.252128
0.235463
0.172572
0.123066
0.056549
-0.042840
-0.137438
-0.181372
-0.100027
0.051007
0.134593
0.099085
-0.026971
-0.167749
-0.223487
-0.213049
-0.136187
-0.056881
-0.032909
-0.065187
-0.112878
-0.139291
-0.086685
-0.003800
0.060064
0.088088
0.070142
0.042340
0.052443
0.108934
0.197594
0.240690
0.220718
0.164549
0.122875
0.056004
-0.042720
-0.139265
-0.173929
-0.097533
0.048904
0.127323
0.092032
-0.032069
-0.165288
-0.228791
-0.209828
-0.130707
-0.051962
-0.025418
-0.063732
-0.120422
-0.136734
-0.083971
0.001072
0.070839
0.100735
0.076660
0.044433
0.051521
0.124931
0.215001
0.247661
0.214863
0.162102
0.111005
0.030533
-0.079699
-0.168435
-0.159879
-0.045202
0.084235
0.129271
0.056543
-0.081350
-0.188809
-0.233185
-0.189830
-0.095267
-0.036170
-0.037599
-0.083163
-0.130751
-0.116752
-0.048752
0.023873
0.077257
0.085910
0.063694
0.048834
0.076862
0.154798
0.222849
0.231804
0.193455
0.146432
0.090678
-0.001684
-0.108854
-0.172679
-0.128040
-0.001456
0.107988
0.114642
0.008293
-0.123645
-0.201911
-0.216836
-0.154457
-0.074656
-0.044377
-0.056248
-0.098955
-0.129953
-0.096363
-0.025720
0.037749
0.087076
0.086051
0.058117
0.045461
0.084371
0.187815
0.257840
0.245176
0.183912
0.121489
0.046503
-0.054629
-0.143120
-0.168902
-0.080193
0.062258
0.133902
0.082650
-0.042224
-0.166033
-0.216850
-0.201997
-0.127406
-0.056356
-0.036737
-0.069560
-0.116906
-0.128246
-0.071091
0.008701
0.065232
0.087096
0.069504
0.038072
0.046811
0.112850
0.200717
0.248591
0.232295
0.167893
0.114933
0.034080
-0.070864
-0.155241
-0.163453
-0.058855
0.082789
0.132468
0.062987
-0.071365
-0.182271
-0.218025
-0.181422
-0.106274
-0.047340
-0.037763
-0.080906
-0.129168
-0.126817
-0.059977
0.021695
0.077600
0.091032
0.061332
0.042702
0.071002
0.147810
0.228814
0.245562
0.209620
0.157571
0.106364
0.006461
-0.111737
-0.182910
-0.144428
-0.007380
0.121013
0.132209
0.031847
-0.109324
-0.202261
-0.220839
-0.169784
-0.083782
-0.038361
-0.046839
-0.096619
-0.134331
-0.110954
-0.032620
0.040722
0.086515
0.086323
0.058900
0.042589
0.073721
0.161203
0.238486
0.246348
0.191827
0.137696
0.089213
-0.001044
-0.105699
-0.168564
-0.140830
-0.003955
0.119672
0.123950
0.018465
-0.121703
-0.215364
-0.221179
-0.152460
-0.071064
-0.029679
-0.049879
-0.107891
-0.138628
-0.104762
-0.023109
0.051455
0.087633
0.080091
0.056194
0.055118
0.100663
0.180638
0.238967
0.235608
0.184804
0.133232
0.072365
-0.035680
-0.141724
-0.183218
-0.100930
0.051315
0.147459
0.100818
-0.032702
-0.162483
-0.220428
-0.207156
-0.131187
-0.061869
-0.035948
-0.064954
-0.119439
-0.136255
-0.080001
-0.000408
0.062657
0.087219
0.069834
0.052347
0.061889
0.117612
0.202135
0.245547
0.232872
0.179941
0.124971
0.043232
-0.073714
-0.163305
-0.175794
-0.075618
0.077225
0.145360
0.083647
-0.046946
-0.175555
-0.226649
-0.200466
-0.122623
-0.053247
-0.029750
-0.067679
-0.120018
-0.131849
-0.074763
0.007435
0.067628
0.090130
0.073907
0.049975
0.059143
0.125294
0.207687
0.236559
0.211708
0.156193
0.109909
0.039090
-0.068843
-0.159715
-0.159263
-0.048816
0.082898
0.121550
0.045138
-0.078842
-0.173938
-0.211337
-0.181586
-0.107722
-0.054028
-0.042688
-0.081778
-0.131129
-0.122684
-0.050670
0.027129
0.085572
0.091062
0.061944
0.051010
0.081155
0.154007
0.232296
0.241932
0.192526
0.140560
0.092619
-0.000680
-0.111379
-0.189767
-0.146067
0.010272
0.140516
0.135961
0.013186
-0.142488
-0.220678
-0.215361
-0.155716
-0.076939
-0.036619
-0.049775
-0.095759
-0.130249
-0.106731
-0.026326
0.041771
0.081505
0.080787
0.051474
0.039216
0.078357
0.169797
0.253948
0.255005
0.192177
0.126116
0.055549
-0.038199
-0.124268
-0.171218
-0.104498
0.039384
0.134744
0.105687
-0.016296
-0.154975
-0.217487
-0.209880
-0.137648
-0.061879
-0.033290
-0.060873
-0.108898
-0.132773
-0.087128
-0.008358
0.052361
0.084035
0.074763
0.052717
0.061074
0.110691
0.191555
0.242272
0.236622
0.185921
0.136883
0.040017
-0.091062
-0.181820
-0.170466
-0.045725
0.106153
0.145563
0.063160
-0.075806
-0.187104
-0.215955
-0.190077
-0.115092
-0.048008
-0.037440
-0.084348
-0.125520
-0.124172
-0.055432
0.023791
0.072628
0.087067
0.064220
0.043601
0.056546
0.123407
0.221310
0.255615
0.216813
0.162019
0.108406
0.010765
-0.099801
-0.184310
-0.159679
-0.018333
0.123571
0.139914
0.043474
-0.104060
-0.202051
-0.218651
-0.176580
-0.094971
-0.039543
-0.042224
-0.087975
-0.134699
-0.127936
-0.049733
0.033096
0.088564
0.093304
0.050042
0.039490
0.079227
0.163238
0.236405
0.257385
0.206606
0.149759
0.082248
-0.038338
-0.149248
-0.190049
-0.108761
0.043574
0.145760
0.109466
-0.011444
-0.147939
-0.207062
-0.205907
-0.147716
-0.072975
-0.041217
-0.066162
-0.114048
-0.139529
-0.095614
-0.011747
0.046766
0.074195
0.064835
0.041351
0.049933
0.098409
0.188296
0.241539
0.236736
0.187821
0.140169
0.073171
-0.050753
-0.171650
-0.195298
-0.097014
0.061383
0.156676
0.109949
-0.024229
-0.158986
-0.219982
-0.213934
-0.145910
-0.067324
-0.035051
-0.063345
-0.116215
-0.138008
-0.090978
-0.004951
0.057922
0.084517
0.069153
0.045717
0.057628
0.118498
0.200604
0.245238
0.228084
0.172801
0.128701
0.053546
-0.077315
-0.184310
-0.189544
-0.068815
0.097569
0.166963
0.087424
-0.062804
-0.191476
-0.225531
-0.193039
-0.113384
-0.049828
-0.039142
-0.081461
-0.127101
-0.133036
-0.070202
0.013288
0.065193
0.076711
0.053408
0.036474
0.062432
0.130903
0.211552
0.242964
0.221629
0.168814
0.124408
0.028399
-0.098874
-0.190063
-0.176798
-0.041681
0.115718
0.149816
0.064340
-0.079743
-0.190884
-0.214381
-0.189014
-0.114285
-0.047570
-0.042037
-0.081614
-0.126167
-0.130005
-0.059914
0.021747
0.061878
0.075548
0.050326
0.036338
0.074852
0.152800
0.218746
0.235830
0.207096
0.161475
0.125086
0.031778
-0.106124
-0.203652
-0.176596
-0.029245
0.126633
0.157929
0.059331
-0.092931
-0.197437
-0.215723
-0.181457
-0.108302
-0.052124
-0.048074
-0.083413
-0.122691
-0.124032
-0.057738
0.016440
0.066120
0.081630
0.057766
0.042833
0.072607
0.139548
0.213631
0.241983
0.216699
0.161148
0.113665
0.014195
-0.109242
-0.188283
-0.159956
-0.024428
0.121468
0.142125
0.047084
-0.090652
-0.190687
-0.206248
-0.177036
-0.111406
-0.055323
-0.049343
-0.087874
-0.120055
-0.118831
-0.052093
0.018839
0.052879
0.061887
0.054007
0.054680
0.085101
0.149364
0.207830
0.237982
0.210857
0.165305
0.123075
0.022845
-0.115637
-0.199071
-0.171380
-0.024009
0.136872
0.158745
0.056902
-0.092353
-0.203572
-0.222464
-0.178251
-0.101507
-0.041163
-0.042978
-0.095928
-0.135390
-0.125736
-0.048207
0.029166
0.066706
0.067136
0.050888
0.041466
0.077497
0.146474
0.213875
0.242313
0.213059
0.161400
0.122060
0.026923
-0.112583
-0.200136
-0.175361
-0.028011
0.129316
0.155254
0.056957
-0.090938
-0.196739
-0.214994
-0.184026
-0.113062
-0.049301
-0.045919
-0.089721
-0.129428
-0.124527
-0.053458
0.020266
0.062480
0.075361
0.058603
0.044537
0.073658
0.134151
0.212074
0.241833
0.214414
0.164536
0.119713
0.023179
-0.095343
-0.178962
-0.173438
-0.044979
0.107650
0.149023
0.076122
-0.067815
-0.194221
-0.221693
-0.193637
-0.121456
-0.052023
-0.037898
-0.072436
-0.108114
-0.123089
-0.068981
0.006537
0.044494
0.061453
0.062548
0.049920
0.063432
0.123376
0.199271
0.244273
0.221818
0.170186
0.119516
0.035881
-0.083953
-0.180155
-0.177726
-0.048826
0.107661
0.154620
0.079953
-0.063459
-0.179985
-0.220794
-0.200798
-0.130314
-0.054063
-0.032973
-0.062530
-0.112022
-0.130560
-0.074966
0.000704
0.047559
0.069175
0.064414
0.046359
0.057351
0.118246
0.205611
0.247568
0.219999
0.162440
0.125082
0.057794
-0.066279
-0.176547
-0.197049
-0.081906
0.088989
0.166018
0.104216
-0.042173
-0.181113
-0.229382
-0.206788
-0.128711
-0.052865
-0.034663
-0.066339
-0.110843
-0.125506
-0.074680
-0.002191
0.040861
0.060716
0.061725
0.053245
0.064722
0.114604
0.183874
0.227730
0.222663
0.178408
0.135614
0.066301
-0.062264
-0.177121
-0.193639
-0.078591
0.080324
0.156548
0.092265
-0.034403
-0.155451
-0.206753
-0.203417
-0.146167
-0.076823
-0.040695
-0.060438
-0.100658
-0.123746
-0.086611
-0.014307
0.041779
0.065601
0.061091
0.054266
0.067168
0.112462
0.181786
0.222117
0.226160
0.185065
0.145177
0.090450
-0.037869
-0.173759
-0.206248
-0.115808
0.050809
0.164187
0.123925
-0.002300
-0.137785
-0.215060
-0.219020
-0.158198
-0.080218
-0.030635
-0.045926
-0.098609
-0.128935
-0.102845
-0.032618
0.028401
0.061042
0.065405
0.056167
0.056287
0.089037
0.166823
0.228758
0.229144
0.189705
0.148489
0.103753
-0.001420
-0.140478
-0.214422
-0.146228
0.019638
0.157432
0.152122
0.026143
-0.127377
-0.214021
-0.225320
-0.172398
-0.086696
-0.036885
-0.044783
-0.091558
-0.133910
-0.116559
-0.039530
0.027047
0.063040
0.067225
0.049010
0.051956
0.090973
0.157675
0.218670
0.233618
0.192881
0.150906
0.117015
0.020630
-0.113115
-0.209883
-0.185974
-0.024939
0.143954
0.173883
0.066564
-0.101986
-0.215640
-0.232608
-0.187930
-0.103853
-0.037753
-0.035829
-0.078745
-0.128031
-0.132841
-0.064468
0.013493
0.056941
0.071587
0.059382
0.055261
0.074686
0.130034
0.207343
0.240719
0.221071
0.179584
0.123191
0.024872
-0.110073
-0.206124
-0.190001
-0.038565
0.130714
0.175313
0.082750
-0.070233
-0.196010
-0.228302
-0.200519
-0.129013
-0.055574
-0.035302
-0.066803
-0.110389
-0.127856
-0.080879
-0.004768
0.044145
0.069759
0.067748
0.052931
0.062893
0.116787
0.187543
0.235279
0.230952
0.181722
0.140269
0.072444
-0.068354
-0.186212
-0.204428
-0.097330
0.086788
0.177491
0.112161
-0.022129
-0.162783
-0.223634
-0.207812
-0.156039
-0.075618
-0.029999
-0.055790
-0.100012
-0.126763
-0.097018
-0.015692
0.040112
0.057932
0.063651
0.055207
0.061676
0.105243
0.174353
0.223673
0.229753
0.199223
0.154982
0.105111
-0.019667
-0.156898
-0.218952
-0.140005
0.037427
0.178918
0.156660
0.021225
-0.133769
-0.219667
-0.216570
-0.164792
-0.089461
-0.040833
-0.044347
-0.086790
-0.118999
-0.110505
-0.042565
0.021764
0.053120
0.057915
0.056142
0.062913
0.095573
0.158011
0.214513
0.224735
0.207016
0.169450
0.124058
0.031781
-0.108686
-0.207660
-0.174501
-0.022890
0.131708
0.163992
0.074030
-0.072834
-0.185875
-0.217930
-0.194481
-0.123062
-0.047490
-0.031272
-0.064963
-0.111009
-0.123445
-0.070232
0.000858
0.044336
0.068502
0.069125
0.058827
0.067444
0.119105
0.199354
0.241614
0.219752
0.171848
0.127024
0.065599
-0.051480
-0.164122
-0.193685
-0.088961
0.077352
0.169707
0.117106
-0.023651
-0.165091
-0.218694
-0.203859
-0.139810
-0.066715
-0.036163
-0.052219
-0.090052
-0.118104
-0.088280
-0.022896
0.024338
0.053381
0.063572
0.063664
0.068485
0.094162
0.154620
0.217817
0.236374
0.206449
0.157516
0.096194
-0.017797
-0.139092
-0.198291
-0.133702
0.026628
0.152237
0.146079
0.030981
-0.117244
-0.206768
-0.217346
-0.174140
-0.094785
-0.036392
-0.031146
-0.073176
-0.116772
-0.116372
-0.055757
0.012933
0.058448
0.074782
0.069254
0.052174
0.057926
0.114331
0.198257
0.241742
0.229818
0.178370
0.126590
0.037398
-0.092068
-0.193230
-0.190029
-0.053806
0.116418
0.177370
0.095082
-0.058726
-0.190240
-0.225314
-0.201567
-0.125878
-0.049847
-0.026530
-0.056303
-0.101159
-0.124937
-0.078845
-0.008431
0.040369
0.071044
0.071028
0.051663
0.052692
0.096543
0.180639
0.246613
0.239873
0.179183
0.132080
0.072183
-0.039958
-0.150860
-0.195959
-0.109759
0.063216
0.163086
0.125306
0.001337
-0.144896
-0.213986
-0.209192
-0.159518
-0.078544
-0.030168
-0.045401
-0.087088
-0.123127
-0.106397
-0.031471
0.027533
0.054239
0.064825
0.053345
0.050022
0.082119
0.149218
0.225646
0.252402
0.217380
0.164621
0.107360
-0.007881
-0.145177
-0.217188
-0.153777
0.016294
0.163070
0.163034
0.045738
-0.103647
-0.201620
-0.216931
-0.187661
-0.114084
-0.044108
-0.033106
-0.074082
-0.118320
-0.124353
-0.062360
0.007589
0.046267
0.063982
0.061198
0.051632
0.070809
0.123027
0.194706
0.238328
0.231801
0.177600
0.130421
0.045862
-0.078606
-0.179815
-0.187562
-0.072600
0.098740
0.167370
0.100975
-0.038772
-0.169102
-0.212708
-0.196965
-0.147389
-0.072422
-0.034696
-0.053158
-0.091440
-0.121510
-0.094874
-0.018521
0.029339
0.048124
0.054929
0.050048
0.054057
0.092008
0.155269
0.217190
0.228023
0.195647
0.148664
0.099983
0.003179
-0.121032
-0.194385
-0.146524
0.008463
0.133201
0.138234
0.031890
-0.105467
-0.195051
-0.208273
-0.181654
-0.106550
-0.046860
-0.038220
-0.078705
-0.120017
-0.123383
-0.063161
0.006251
0.051354
0.070048
0.066023
0.048481
0.062012
0.119887
0.198283
0.242799
0.226193
0.165359
0.118684
0.041512
-0.084590
-0.181152
-0.186387
-0.073873
0.095409
0.165291
0.090645
-0.048662
-0.177299
-0.222242
-0.200222
-0.137164
-0.068084
-0.039940
-0.067356
-0.107071
-0.127240
-0.087833
-0.017420
0.034630
0.058566
0.063046
0.052948
0.058587
0.099341
0.170789
0.225836
0.226088
0.185055
0.138905
0.084536
-0.031591
-0.150259
-0.199495
-0.123579
0.037391
0.150626
0.122196
0.003262
-0.135082
-0.209377
-0.210727
-0.166908
-0.094514
-0.042934
-0.046685
-0.087559
-0.122987
-0.113484
-0.047029
0.019103
0.061490
0.075125
0.058385
0.043607
0.073951
0.143694
0.206778
0.239701
0.208779
0.148376
0.108680
0.014604
-0.110083
-0.189296
-0.161267
-0.024623
0.124761
0.140896
0.049156
-0.087380
-0.186402
-0.211416
-0.186598
-0.124751
-0.055711
-0.039244
-0.072542
-0.114392
-0.123841
-0.071585
-0.001076
0.040349
0.062071
0.064344
0.055297
0.069085
0.117185
0.194998
0.240130
0.221963
0.171289
0.119006
0.051550
-0.058438
-0.165951
-0.182282
-0.077823
0.076426
0.157107
0.100199
-0.038796
-0.168308
-0.222595
-0.210239
-0.142572
-0.066878
-0.033513
-0.054103
-0.099930
-0.128134
-0.093667
-0.021840
0.035517
0.063744
0.068870
0.052436
0.058172
0.097312
0.162922
0.229143
0.241038
0.189496
0.139951
0.078202
-0.039785
-0.146922
-0.186813
-0.111107
0.043430
0.145924
0.111359
-0.004633
-0.134622
-0.202110
-0.205799
-0.165421
-0.093061
-0.041278
-0.047158
-0.087831
-0.122270
-0.108338
-0.039313
0.022132
0.055140
0.068414
0.058569
0.054226
0.088625
0.156780
0.223691
0.242683
0.202617
0.147886
0.098633
-0.006867
-0.120097
-0.189336
-0.149704
0.001324
0.137954
0.137933
0.036811
-0.109544
-0.203948
-0.214083
-0.181248
-0.105021
-0.044347
-0.044125
-0.085140
-0.121993
-0.117432
-0.045724
0.021007
0.058103
0.069840
0.055922
0.049292
0.082929
0.146609
0.212943
0.247369
0.216366
0.162799
0.116294
0.008668
-0.117514
-0.182692
-0.160246
-0.027339
0.119059
0.141933
0.059672
-0.071519
-0.184785
-0.216396
-0.196148
-0.132104
-0.060781
-0.036547
-0.065425
-0.099742
-0.114401
-0.068655
-0.000666
0.039340
0.063547
0.069173
0.058150
0.065746
0.113998
0.189543
0.239068
0.229468
0.175252
0.125441
0.041804
-0.075074
-0.162618
-0.172089
-0.061517
0.086252
0.142269
0.077240
-0.049389
-0.170282
-0.207421
-0.195006
-0.133196
-0.064767
-0.039156
-0.067662
-0.107009
-0.126467
-0.076763
-0.001127
0.041534
0.065650
0.064218
0.050230
0.067780
0.120457
0.190974
0.232667
0.225977
0.172277
0.135655
0.066314
-0.051668
-0.167680
-0.186361
-0.090126
0.074659
0.156437
0.100880
-0.031765
-0.163212
-0.219175
-0.205581
-0.141160
-0.067578
-0.029079
-0.061933
-0.110026
-0.132885
-0.095031
-0.013668
0.049957
0.072113
0.069685
0.054517
0.057151
0.107050
0.184691
0.232965
0.227978
0.187952
0.143934
0.076684
-0.042359
-0.158506
-0.196171
-0.106962
0.052326
0.149674
0.120668
-0.007333
-0.150347
-0.217049
-0.214002
-0.155019
-0.074293
-0.039464
-0.052786
-0.094830
-0.125987
-0.098587
-0.022229
0.033976
0.069038
0.075753
0.060203
0.058730
0.099022
0.167416
0.223951
0.230825
0.193252
0.152255
0.091453
-0.026074
-0.139894
-0.192391
-0.123078
0.032719
0.138923
0.123650
0.011908
-0.128801
-0.209272
-0.217842
-0.170614
-0.084525
-0.037650
-0.043527
-0.087877
-0.123015
-0.106720
-0.037153
0.019519
0.066829
0.084385
0.072350
0.064927
0.089932
0.149675
0.218564
0.236410
0.195865
0.147801
0.097718
-0.007366
-0.119263
-0.188625
-0.141368
0.015467
0.138693
0.129831
0.029692
-0.120765
-0.207376
-0.214527
-0.176033
-0.091933
-0.031646
-0.043600
-0.087772
-0.127126
-0.114278
-0.033839
0.030322
0.061353
0.072921
0.058955
0.051369
0.083157
0.148150
0.217905
0.232030
0.191477
0.149727
0.116567
0.032243
-0.082630
-0.176799
-0.166044
-0.031945
0.111783
0.142489
0.055452
-0.086170
-0.194119
-0.224102
-0.188561
-0.105334
-0.038350
-0.027521
-0.072399
-0.120194
-0.117596
-0.052738
0.014514
0.063528
0.091925
0.080540
0.058055
0.063249
0.123370
0.208918
0.244499
0.208593
0.154467
0.111757
0.030590
-0.072742
-0.163907
-0.168715
-0.050512
0.092406
0.136888
0.074385
-0.063137
-0.184976
-0.229018
-0.204440
-0.119372
-0.039228
-0.018615
-0.056014
-0.109776
-0.127750
-0.072544
0.005877
0.064212
0.094708
0.079743
0.055323
0.066227
0.127533
0.203315
0.232371
0.203961
0.160578
0.124517
0.042420
-0.072656
-0.162676
-0.165131
-0.045537
0.091508
0.126745
0.061276
-0.062697
-0.175253
-0.214638
-0.196974
-0.120662
-0.048380
-0.031656
-0.070289
-0.117911
-0.126348
-0.065815
0.006746
0.059739
0.090119
0.079449
0.062553
0.072649
0.122640
0.195438
0.228768
0.213843
0.170253
0.130772
0.051331
-0.064631
-0.173695
-0.195925
-0.080743
0.084978
0.155626
0.100919
-0.046751
-0.188807
-0.235007
-0.211142
-0.127990
-0.044333
-0.021820
-0.059556
-0.109219
-0.130909
-0.077965
0.001047
0.054667
0.085405
0.077761
0.054028
0.061759
0.101333
0.165341
0.215951
0.213006
0.170278
0.129871
0.072013
-0.033245
-0.133150
-0.171574
-0.097347
0.035392
0.121983
0.092552
-0.022410
-0.153613
-0.219414
-0.213789
-0.137122
-0.058658
-0.025801
-0.055167
-0.105763
-0.129944
-0.092132
-0.020916
0.044500
0.085758
0.090105
0.062791
0.063901
0.111285
0.179761
0.224778
0.214566
0.159331
0.121888
0.066003
-0.036351
-0.129020
-0.162165
-0.093966
0.034475
0.109585
0.082211
-0.019151
-0.139634
-0.209469
-0.218651
-0.153837
-0.070600
-0.027188
-0.052751
-0.103376
-0.131271
-0.092210
-0.019923
0.045984
0.085395
0.093569
0.069460
0.063243
0.101215
0.168563
0.213721
0.219171
0.182288
0.142796
0.080370
-0.037827
-0.160811
-0.196354
-0.102326
0.049953
0.140351
0.100551
-0.023111
-0.153454
-0.218447
-0.219268
-0.148372
-0.065584
-0.025623
-0.054872
-0.111801
-0.135048
-0.090563
-0.013819
0.055362
0.089483
0.077591
0.055221
0.064723
0.108528
0.180542
0.218728
0.211090
0.172451
0.141862
0.080636
-0.024178
-0.143508
-0.197697
-0.112546
0.045035
0.141895
0.107021
-0.023158
-0.154386
-0.214193
-0.214693
-0.149629
-0.071104
-0.033085
-0.049420
-0.105066
-0.136084
-0.094637
-0.014749
0.049577
0.087427
0.076415
0.055636
0.069092
0.105927
0.172790
0.220877
0.212144
0.173775
0.139071
0.081433
-0.019702
-0.127402
-0.190691
-0.124785
0.023211
0.128341
0.112816
-0.003428
-0.147343
-0.215578
-0.221036
-0.157310
-0.068580
-0.032362
-0.054492
-0.101613
-0.134598
-0.098759
-0.017069
0.044200
0.089602
0.091676
0.061941
0.065978
0.104560
0.160869
0.207004
0.209505
0.176482
0.150532
0.094936
-0.019991
-0.134759
-0.197628
-0.129421
0.025571
0.135103
0.117693
0.000884
-0.148282
-0.223340
-0.224692
-0.161684
-0.075146
-0.028374
-0.042353
-0.090726
-0.130881
-0.107403
-0.030405
0.039196
0.086631
0.091524
0.061251
0.055325
0.087068
0.157318
0.221936
0.220245
0.172592
0.124918
0.071131
-0.021655
-0.112486
-0.169344
-0.114854
0.015538
0.111730
0.098377
-0.003570
-0.137421
-0.212389
-0.221869
-0.162154
-0.077556
-0.031501
-0.046062
-0.091238
-0.123668
-0.097879
-0.029432
0.034019
0.081916
0.095514
0.067407
0.058609
0.090509
0.154863
0.214456
0.223238
0.176261
0.137663
0.077642
-0.037252
-0.133226
-0.172759
-0.107290
0.030589
0.123103
0.094136
-0.011295
-0.144793
-0.216431
-0.215123
-0.151041
-0.072800
-0.029544
-0.049528
-0.096398
-0.125840
-0.095199
-0.023657
0.039169
0.081272
0.089838
0.065749
0.056690
0.097582
0.168412
0.215516
0.214757
0.170499
0.133968
0.075775
-0.036896
-0.141974
-0.180200
-0.104757
0.037175
0.127995
0.091086
-0.014219
-0.142264
-0.211413
-0.218258
-0.157610
-0.076415
-0.023952
-0.044375
-0.099640
-0.129533
-0.093410
-0.017824
0.049712
0.084014
0.086112
0.060417
0.050817
0.087548
0.160209
0.216083
0.221079
0.175997
0.133699
0.074842
-0.032727
-0.137788
-0.183338
-0.110894
0.037076
0.132145
0.100369
-0.010619
-0.141450
-0.213167
-0.219280
-0.156698
-0.074790
-0.029254
-0.049960
-0.101268
-0.131122
-0.096384
-0.020673
0.046239
0.086290
0.085585
0.060991
0.067638
0.118011
0.190137
0.225708
0.207991
0.162654
0.131038
0.064896
-0.050579
-0.160301
-0.181054
-0.079425
0.064754
0.131134
0.084365
-0.031828
-0.148987
-0.205782
-0.211899
-0.158247
-0.074956
-0.031589
-0.046730
-0.094311
-0.125431
-0.093139
-0.019417
0.036986
0.078044
0.082452
0.063313
0.066480
0.106852
0.172671
0.214906
0.210905
0.171291
0.137571
0.075039
-0.035857
-0.136007
-0.179498
-0.107481
0.034381
0.128379
0.099919
-0.006733
-0.140743
-0.211122
-0.213057
-0.155383
-0.078866
-0.032718
-0.049351
-0.091242
-0.123055
-0.096412
-0.026414
0.036602
0.081593
0.096980
0.075915
0.069963
0.097589
0.167482
0.218479
0.216048
0.167892
0.134413
0.071719
-0.037307
-0.140930
-0.184483
-0.105954
0.048477
0.135790
0.097475
-0.013929
-0.144418
-0.207851
-0.214340
-0.156213
-0.075539
-0.032098
-0.047692
-0.093440
-0.125529
-0.091060
-0.018970
0.039100
0.077400
0.080654
0.064125
0.074914
0.115396
0.181714
0.223397
0.206532
0.165387
0.144442
0.081059
-0.045068
-0.157248
-0.196021
-0.102153
0.064094
0.150809
0.098761
-0.024155
-0.157055
-0.216249
-0.207801
-0.149460
-0.071961
-0.031198
-0.054243
-0.101303
-0.122315
-0.089609
-0.014414
0.044469
0.076506
0.081504
0.067193
0.073230
0.117657
0.186149
0.224797
0.204287
0.152315
0.120318
0.073048
-0.027794
-0.127553
-0.174587
-0.104946
0.032747
0.115188
0.079005
-0.022908
-0.142994
-0.193991
-0.191503
-0.144852
-0.079627
-0.043334
-0.056062
-0.084272
-0.103728
-0.078208
-0.017528
0.032439
0.076934
0.096095
0.085495
0.082257
0.094226
0.149804
0.196589
0.200325
0.166030
0.133440
0.070535
-0.018456
-0.104623
-0.154306
-0.101452
0.009977
0.077895
0.058639
-0.018310
-0.127034
-0.176946
-0.189528
-0.145661
-0.078976
-0.042224
-0.053249
-0.084173
-0.110399
-0.079307
-0.014986
0.042116
0.089763
0.102559
0.083408
0.072317
0.100477
0.169493
0.215436
0.206993
0.161105
0.119219
0.050250
-0.042783
-0.126774
-0.158892
-0.082574
0.036052
0.106282
0.075330
-0.030717
-0.161367
-0.215628
-0.202529
-0.120379
-0.048490
-0.027820
-0.067386
-0.109517
-0.120625
-0.071300
-0.000238
0.057613
0.095036
0.091352
0.064703
0.072869
0.130924
0.205047
0.222700
0.188313
0.145993
0.118581
0.039885
-0.067579
-0.158388
-0.159716
-0.044835
0.087528
0.118869
0.056474
-0.065599
-0.174155
-0.216382
-0.198558
-0.122674
-0.048368
-0.032369
-0.068058
-0.113755
-0.120799
-0.064085
0.009762
0.065475
0.094940
0.081431
0.057755
0.075765
0.137574
0.205986
0.226246
0.198841
0.157641
0.123906
0.026946
-0.097220
-0.176318
-0.161169
-0.034291
0.103660
0.128467
0.048032
-0.072091
-0.185111
-0.220961
-0.192031
-0.115407
-0.048570
-0.031738
-0.074384
-0.116726
-0.119079
-0.061265
0.011760
0.066733
0.094043
0.077284
0.061202
0.082538
0.137830
0.211653
0.226984
0.195958
0.147482
0.106033
0.017115
-0.087266
-0.175033
-0.154050
-0.032546
0.098671
0.129960
0.048762
-0.085570
-0.184102
-0.216253
-0.188822
-0.109159
-0.051103
-0.040297
-0.072640
-0.114388
-0.114113
-0.053312
0.015763
0.065974
0.090244
0.074305
0.061032
0.085673
0.141069
0.206998
0.230123
0.191759
0.142587
0.107120
0.010092
-0.093198
-0.162832
-0.149924
-0.029735
0.098905
0.119246
0.050030
-0.079596
-0.191363
-0.223142
-0.192042
-0.110897
-0.038352
-0.031350
-0.072873
-0.112691
-0.114934
-0.053839
0.021515
0.072107
0.093235
0.069661
0.048142
0.071594
0.141844
0.219392
0.234936
0.188752
0.137476
0.099612
0.015844
-0.077605
-0.167894
-0.156503
-0.031825
0.093755
0.118728
0.049084
-0.086860
-0.186367
-0.216316
-0.188158
-0.107397
-0.046467
-0.046076
-0.081035
-0.116094
-0.108721
-0.041618
0.021687
0.061018
0.083848
0.071391
0.066959
0.094912
0.147343
0.202405
0.215599
0.194452
0.152451
0.104249
-0.002833
-0.113968
-0.180552
-0.137264
-0.004447
0.110306
0.115099
0.024960
-0.099762
-0.189584
-0.211277
-0.180172
-0.105512
-0.045374
-0.040749
-0.083406
-0.121912
-0.113032
-0.046323
0.026492
0.071420
0.088544
0.068738
0.054321
0.087331
0.148931
0.210810
0.223181
0.179458
0.138210
0.108814
0.008938
-0.090322
-0.161233
-0.144211
-0.023983
0.090500
0.096506
0.025786
-0.095241
-0.186694
-0.196821
-0.168324
-0.103472
-0.052646
-0.052007
-0.081360
-0.099149
-0.093966
-0.038804
0.017380
0.059164
0.086759
0.082249
0.064447
0.079726
0.133161
0.193299
0.217183
0.184311
0.141811
0.102237
0.016082
-0.078127
-0.157161
-0.141059
-0.029220
0.079544
0.098784
0.030401
-0.092028
-0.184225
-0.215989
-0.181316
-0.098256
-0.035840
-0.032558
-0.076761
-0.124984
-0.116692
-0.049989
0.022121
0.072829
0.092710
0.073185
0.063119
0.085825
0.157191
0.216453
0.224683
0.181491
0.139845
0.092719
-0.024210
-0.131704
-0.186162
-0.126030
0.022488
0.133843
0.108245
0.007535
-0.130099
-0.212348
-0.217141
-0.165320
-0.087071
-0.038647
-0.052378
-0.094606
-0.121316
-0.100483
-0.029362
0.035695
0.075261
0.088267
0.063215
0.055415
0.086988
0.163000
0.217742
0.217550
0.175798
0.139524
0.098205
-0.002093
-0.116297
-0.188159
-0.136511
0.005424
0.126636
0.110897
0.007399
-0.124862
-0.203338
-0.211835
-0.164793
-0.091345
-0.042308
-0.045607
-0.088319
-0.123224
-0.104744
-0.033247
0.031665
0.071121
0.082354
0.061317
0.063798
0.099656
0.169709
0.220310
0.221943
0.173924
0.138651
0.084345
-0.029099
-0.136801
-0.188271
-0.109342
0.040351
0.136238
0.100790
-0.010714
-0.144505
-0.207819
-0.206300
-0.153704
-0.078635
-0.039768
-0.057215
-0.096273
-0.119223
-0.093912
-0.020568
0.036896
0.071017
0.080066
0.056967
0.053430
0.094901
0.170377
0.229111
0.228883
0.170800
0.132250
0.092708
-0.011410
-0.125161
-0.188845
-0.131604
0.020257
0.130712
0.109157
0.000864
-0.128564
-0.200284
-0.203729
-0.161399
-0.089985
-0.044783
-0.051001
-0.092757
-0.120020
-0.099307
-0.027428
0.032421
0.070256
0.077589
0.066236
0.068245
0.097088
0.155434
0.210731
0.216835
0.184919
0.146440
0.095707
-0.008472
-0.122434
-0.179819
-0.132527
0.004596
0.120138
0.112338
0.013208
-0.111087
-0.194362
-0.210879
-0.174592
-0.103345
-0.047142
-0.041633
-0.077160
-0.113130
-0.106503
