-0.051232
-0.038681
0.019013
0.097774
0.179096
0.229553
0.235531
0.219904
0.231375
0.273554
0.378987
0.262653
-0.094632
-0.367457
-0.519891
-0.447218
-0.316701
0.009338
0.310972
0.338044
0.239238
0.016425
-0.057651
-0.173683
-0.194106
-0.136061
-0.097497
-0.045462
-0.108871
0.012165
0.103130
0.212812
0.243994
0.222171
0.168677
-0.056424
-0.201902
-0.332799
-0.288687
-0.233039
-0.116812
0.047907
0.127375
0.188982
0.128935
0.136786
0.060641
-0.000151
-0.066156
-0.128462
-0.140847
-0.195961
-0.142455
-0.072668
0.032987
0.072876
0.055345
0.018627
-0.103035
-0.184419
-0.218233
-0.131773
-0.035288
0.054377
0.115112
0.106996
0.055925
-0.030625
-0.052530
-0.027922
0.044864
0.136113
0.211292
0.255508
0.245574
0.235539
0.240955
0.314784
0.342537
0.055545
-0.252143
-0.464165
-0.484393
-0.381611
-0.177479
0.194524
0.330701
0.301994
0.117762
-0.026792
-0.100813
-0.207389
-0.150644
-0.127864
-0.048339
-0.083164
-0.054960
0.072029
0.145985
0.240540
0.209911
0.212159
0.049109
-0.133056
-0.271133
-0.325578
-0.249693
-0.197791
-0.018956
0.086253
0.176674
0.163072
0.132213
0.111816
0.013967
-0.026861
-0.114951
-0.132090
-0.174068
-0.168856
-0.092514
-0.016899
0.065798
0.052743
0.036085
-0.056335
-0.156426
-0.202710
-0.170308
-0.061506
0.018968
0.104445
0.117432
0.082626
0.000143
-0.053083
-0.036473
0.017302
0.112179
0.192999
0.249966
0.255410
0.228903
0.238245
0.277623
0.366526
0.165527
-0.164118
-0.398300
-0.498790
-0.409598
-0.274128
0.086141
0.312058
0.319162
0.193881
0.003726
-0.055492
-0.189659
-0.165808
-0.129389
-0.068519
-0.056077
-0.091226
0.045481
0.110249
0.220782
0.216294
0.220045
0.123574
-0.086283
-0.216052
-0.326111
-0.261689
-0.226724
-0.076555
0.063712
0.147355
0.182243
0.128889
0.137675
0.040503
-0.006332
-0.082713
-0.121761
-0.149448
-0.187918
-0.116271
-0.048545
0.048156
0.059142
0.046476
-0.011385
-0.128641
-0.187591
-0.190854
-0.089023
-0.006332
0.082884
0.122574
0.099428
0.032367
-0.040582
-0.040309
-0.001462
0.078312
0.164538
0.229444
0.257768
0.232517
0.231807
0.248646
0.356177
0.296320
-0.038387
-0.307895
-0.488897
-0.448283
-0.355643
-0.071395
0.263775
0.327812
0.268759
0.057561
-0.025160
-0.140208
-0.191419
-0.127325
-0.095577
-0.026734
-0.102460
-0.005908
0.080744
0.176602
0.226249
0.209386
0.195704
-0.012985
-0.157655
-0.301572
-0.287760
-0.237949
-0.149895
0.028161
0.110474
0.190541
0.135367
0.143324
0.082263
0.010781
-0.043065
-0.115309
-0.124838
-0.183406
-0.137536
-0.071522
0.015544
0.063223
0.044067
0.022654
-0.087431
-0.162038
-0.198231
-0.128966
-0.034996
0.046925
0.116530
0.111076
0.066486
-0.019487
-0.048003
-0.025925
0.039422
0.131164
0.203433
0.250079
0.241640
0.231692
0.243749
0.313681
0.369603
0.096354
-0.213723
-0.438366
-0.480729
-0.387524
-0.211089
0.168217
0.317776
0.305129
0.132321
-0.015019
-0.079927
-0.197199
-0.135066
-0.115872
-0.032979
-0.073108
-0.062088
0.062753
0.126759
0.228490
0.199565
0.222136
0.070752
-0.107351
-0.245724
-0.310726
-0.239538
-0.204975
-0.027598
0.075317
0.169351
0.157377
0.128939
0.120195
0.024963
-0.008229
-0.095733
-0.108121
-0.162745
-0.170605
-0.100103
-0.027448
0.059163
0.048585
0.045646
-0.037188
-0.136851
-0.193022
-0.171984
-0.067505
0.010325
0.100097
0.116254
0.089025
0.010134
-0.044903
-0.036701
0.008297
0.098934
0.180579
0.241469
0.255061
0.239156
0.245678
0.278639
0.364652
0.168745
-0.150995
-0.383574
-0.478782
-0.395892
-0.276530
0.072128
0.288164
0.305302
0.183169
0.004773
-0.045753
-0.177547
-0.148373
-0.123226
-0.053280
-0.050022
-0.082781
0.044357
0.102005
0.211599
0.195372
0.211834
0.114323
-0.074600
-0.203915
-0.309676
-0.245231
-0.223838
-0.073121
0.049355
0.144621
0.169542
0.125442
0.133789
0.042201
0.005225
-0.075953
-0.103304
-0.139145
-0.177594
-0.121297
-0.061779
0.035532
0.043823
0.043516
-0.010461
-0.112102
-0.178722
-0.190005
-0.096508
-0.014987
0.077736
0.117270
0.105491
0.040665
-0.034941
-0.046418
-0.012600
0.070335
0.157548
0.227304
0.255132
0.233249
0.239836
0.261412
0.357858
0.235776
-0.086570
-0.328402
-0.474368
-0.412950
-0.322958
-0.016370
0.252632
0.294225
0.218930
0.027849
-0.024848
-0.152134
-0.159025
-0.121155
-0.073796
-0.033015
-0.094782
0.019894
0.077150
0.182491
0.191493
0.197689
0.152523
-0.037953
-0.162732
-0.297407
-0.257236
-0.236271
-0.119989
0.023624
0.114749
0.175111
0.121920
0.137583
0.057359
0.014495
-0.054526
-0.097962
-0.119202
-0.173521
-0.137064
-0.091241
0.003324
0.037296
0.039124
0.012118
-0.085884
-0.160104
-0.199606
-0.126227
-0.042246
0.052527
0.111481
0.111244
0.060994
-0.017952
-0.046212
-0.030989
0.033300
0.121807
0.196505
0.236604
0.228429
0.233520
0.242832
0.313746
0.334524
0.058729
-0.225111
-0.438547
-0.451397
-0.366612
-0.180500
0.162950
0.278663
0.270589
0.093233
-0.019195
-0.090993
-0.178117
-0.123291
-0.113648
-0.028491
-0.079136
-0.040966
0.057405
0.128052
0.209398
0.176190
0.194362
0.035423
-0.108243
-0.251427
-0.292267
-0.236419
-0.192210
-0.025300
0.064503
0.166676
0.141834
0.128863
0.099987
0.020758
-0.015154
-0.097808
-0.100358
-0.154056
-0.147951
-0.109918
-0.043925
0.030091
0.030188
0.032866
-0.041592
-0.122483
-0.186810
-0.171690
-0.082434
-0.000298
0.090909
0.108333
0.090764
0.012395
-0.038913
-0.046089
-0.007427
0.066067
0.141306
0.199134
0.216138
0.209880
0.212733
0.240871
0.336934
0.331343
0.031401
-0.258484
-0.451868
-0.443371
-0.348380
-0.134016
0.198067
0.285194
0.245128
0.051600
-0.046588
-0.112555
-0.179900
-0.117799
-0.098851
-0.016949
-0.077373
-0.029060
0.067156
0.142551
0.212391
0.175724
0.183274
0.012650
-0.131589
-0.272284
-0.290151
-0.228004
-0.170174
-0.004802
0.078242
0.170537
0.130278
0.119292
0.082516
0.012592
-0.025739
-0.103448
-0.103647
-0.158245
-0.140685
-0.096503
-0.021859
0.040770
0.031012
0.024536
-0.060883
-0.136854
-0.194136
-0.159082
-0.066882
0.016300
0.095482
0.101971
0.076402
-0.003710
-0.043277
-0.039255
0.008922
0.078277
0.144584
0.191875
0.201495
0.197081
0.200570
0.237957
0.337205
0.354634
0.056456
-0.243660
-0.445973
-0.446901
-0.349946
-0.151837
0.189527
0.283641
0.248809
0.052851
-0.053060
-0.104972
-0.180610
-0.115097
-0.098754
-0.007007
-0.069651
-0.038386
0.062678
0.137459
0.217565
0.174944
0.192832
0.031521
-0.119589
-0.265397
-0.296415
-0.226724
-0.178506
-0.012592
0.074187
0.173415
0.137028
0.117228
0.085909
0.013970
-0.021746
-0.100958
-0.096350
-0.148689
-0.147798
-0.106727
-0.025585
0.050839
0.041682
0.033822
-0.049666
-0.134263
-0.198386
-0.167447
-0.067363
0.020232
0.101517
0.109144
0.083206
0.001259
-0.045201
-0.040617
0.013302
0.086788
0.153936
0.205962
0.216501
0.203231
0.210166
0.249840
0.358353
0.314708
-0.004228
-0.281467
-0.461173
-0.428893
-0.335353
-0.089321
0.226855
0.289535
0.234445
0.030814
-0.043257
-0.123148
-0.171885
-0.113872
-0.088004
-0.008176
-0.080460
-0.008653
0.076509
0.166081
0.216907
0.184319
0.182555
-0.000831
-0.138415
-0.284972
-0.279436
-0.224536
-0.151867
0.010348
0.095117
0.186285
0.132979
0.129750
0.077425
0.018567
-0.030325
-0.101291
-0.100320
-0.156809
-0.134173
-0.095044
-0.005025
0.054646
0.048354
0.034339
-0.054612
-0.129514
-0.193821
-0.153930
-0.065651
0.024654
0.101425
0.110090
0.083903
0.000080
-0.040485
-0.038800
0.012310
0.077426
0.141618
0.192635
0.200380
0.201481
0.210716
0.252231
0.336187
0.347088
0.061327
-0.235847
-0.434444
-0.439219
-0.332414
-0.138300
0.194860
0.291481
0.254610
0.066474
-0.048515
-0.099965
-0.180030
-0.115734
-0.103453
-0.013541
-0.064637
-0.030874
0.076057
0.150814
0.234459
0.189438
0.201144
0.036156
-0.118283
-0.262418
-0.296746
-0.224872
-0.175928
-0.009540
0.077175
0.179607
0.145370
0.126168
0.093998
0.022942
-0.014170
-0.095155
-0.089315
-0.138932
-0.134610
-0.103582
-0.028911
0.050452
0.049038
0.047843
-0.031039
-0.107030
-0.184699
-0.173498
-0.090711
-0.002604
0.086277
0.106525
0.096814
0.024120
-0.025473
-0.036480
0.003410
0.070997
0.137146
0.194555
0.209756
0.207875
0.212937
0.246751
0.333007
0.327918
0.038696
-0.242131
-0.429730
-0.422936
-0.328706
-0.128768
0.193665
0.283225
0.250870
0.063772
-0.034036
-0.098816
-0.174645
-0.119416
-0.104787
-0.012834
-0.069375
-0.020098
0.073014
0.152550
0.220647
0.182076
0.194976
0.029964
-0.111137
-0.261830
-0.282940
-0.227341
-0.173107
-0.013258
0.074537
0.179335
0.138920
0.130784
0.088237
0.026916
-0.017134
-0.092912
-0.087526
-0.139191
-0.127491
-0.111781
-0.038883
0.034905
0.046509
0.050279
-0.024201
-0.089780
-0.174445
-0.174814
-0.108784
-0.017137
0.076851
0.102355
0.099418
0.029333
-0.018701
-0.039464
-0.005402
0.060963
0.132009
0.191630
0.209824
0.211914
0.209878
0.234152
0.310324
0.311238
0.035531
-0.234422
-0.413116
-0.407871
-0.319299
-0.133447
0.181445
0.271058
0.243650
0.063185
-0.031817
-0.096022
-0.174848
-0.121455
-0.107528
-0.013768
-0.068616
-0.018824
0.070050
0.146015
0.210587
0.171530
0.188498
0.028892
-0.105893
-0.256305
-0.277590
-0.227304
-0.176625
-0.019598
0.067653
0.174940
0.134925
0.129079
0.086047
0.026752
-0.018779
-0.093178
-0.086600
-0.139511
-0.125044
-0.112650
-0.044792
0.024662
0.039337
0.048685
-0.023195
-0.083996
-0.167516
-0.172628
-0.116747
-0.029049
0.066326
0.097632
0.098374
0.031546
-0.016738
-0.040023
-0.008269
0.057924
0.129715
0.185865
0.202720
0.204224
0.206402
0.230266
0.303438
0.300540
0.025743
-0.234324
-0.411345
-0.399870
-0.314987
-0.131206
0.175208
0.258256
0.236879
0.057395
-0.027773
-0.096197
-0.171462
-0.121234
-0.110110
-0.013982
-0.071862
-0.014934
0.063972
0.142319
0.201170
0.165107
0.183003
0.023658
-0.101938
-0.254920
-0.271265
-0.229869
-0.177401
-0.024857
0.060765
0.170681
0.129177
0.131099
0.081723
0.031445
-0.018036
-0.094421
-0.095619
-0.156083
-0.137935
-0.118266
-0.031410
0.037955
0.049751
0.048783
-0.031357
-0.097662
-0.180884
-0.172429
-0.110326
-0.018732
0.072464
0.099159
0.096946
0.027048
-0.017940
-0.038959
-0.000467
0.066410
0.133122
0.182474
0.199511
0.210928
0.220583
0.245004
0.322510
0.241977
-0.052213
-0.290885
-0.425466
-0.369683
-0.286096
-0.047359
0.206680
0.254710
0.196404
0.018447
-0.027735
-0.119265
-0.145422
-0.118451
-0.083769
-0.023525
-0.083412
0.006994
0.067154
0.170269
0.183397
0.176413
0.152052
-0.009569
-0.130518
-0.272552
-0.245655
-0.227872
-0.135973
-0.011344
0.086594
0.164334
0.120232
0.133086
0.063219
0.029603
-0.043785
-0.087424
-0.107138
-0.152969
-0.131791
-0.106849
-0.013629
0.031654
0.051321
0.031654
-0.044110
-0.115473
-0.186978
-0.153694
-0.088645
0.014505
0.082882
0.107365
0.080717
0.013602
-0.024521
-0.025670
0.029060
0.103278
0.170144
0.220362
0.228683
0.232702
0.228545
0.293588
0.272637
0.002733
-0.234332
-0.395642
-0.374124
-0.311635
-0.131333
0.154081
0.234449
0.221999
0.058735
0.001249
-0.077800
-0.141245
-0.112107
-0.101176
-0.022078
-0.083360
-0.013024
0.054486
0.140082
0.178811
0.157385
0.170144
0.020614
-0.086844
-0.237062
-0.242457
-0.226170
-0.171035
-0.036759
0.051393
0.157745
0.125137
0.142921
0.087900
0.039973
-0.020201
-0.083545
-0.094886
-0.154378
-0.136834
-0.116930
-0.031879
0.023442
0.042302
0.040901
-0.028878
-0.091052
-0.165769
-0.152299
-0.100404
-0.012548
0.068030
0.101568
0.096486
0.033415
-0.012327
-0.030100
0.009430
0.077160
0.145349
0.205525
0.231050
0.249580
0.244496
0.287477
0.285547
0.029308
-0.212195
-0.385916
-0.370504
-0.304270
-0.155015
0.126744
0.220154
0.225326
0.070025
0.003700
-0.057443
-0.130816
-0.103683
-0.108670
-0.022672
-0.082338
-0.026150
0.047298
0.132182
0.185454
0.152805
0.173711
0.032228
-0.072689
-0.220989
-0.240729
-0.216710
-0.179970
-0.047115
0.033157
0.148433
0.122326
0.140731
0.100576
0.050558
-0.002456
-0.074736
-0.085145
-0.147901
-0.139188
-0.122011
-0.045869
0.018517
0.035563
0.043818
-0.021626
-0.080689
-0.156825
-0.151085
-0.101602
-0.020239
0.060927
0.095407
0.095367
0.039021
-0.004666
-0.020070
0.014100
0.079263
0.141338
0.201394
0.224844
0.242915
0.239464
0.281729
0.291159
0.043236
-0.198685
-0.375069
-0.367866
-0.299706
-0.161774
0.121509
0.215197
0.223543
0.069697
0.000732
-0.053870
-0.127155
-0.094422
-0.100792
-0.014539
-0.074691
-0.028650
0.044125
0.122969
0.181779
0.145852
0.172181
0.033450
-0.068652
-0.214065
-0.235972
-0.208115
-0.175107
-0.044001
0.032746
0.145362
0.118615
0.133115
0.098147
0.050127
0.002675
-0.070365
-0.077992
-0.140933
-0.140855
-0.129132
-0.052570
0.017435
0.035102
0.041728
-0.020321
-0.080205
-0.157696
-0.155815
-0.100209
-0.014987
0.068561
0.101841
0.101272
0.042902
-0.009472
-0.028652
0.009302
0.083618
0.150963
0.213600
0.238044
0.257752
0.252999
0.295667
0.262146
-0.011382
-0.234569
-0.393103
-0.353272
-0.288656
-0.117116
0.149498
0.214781
0.208189
0.043060
0.004094
-0.069641
-0.120743
-0.095443
-0.093641
-0.012264
-0.083297
-0.002421
0.054835
0.148723
0.173923
0.145462
0.151727
0.000056
-0.091880
-0.236843
-0.221933
-0.206236
-0.148299
-0.026805
0.053203
0.153933
0.111092
0.135418
0.079298
0.046480
-0.016641
-0.073560
-0.092229
-0.151761
-0.132527
-0.111728
-0.022581
0.023906
0.037726
0.023321
-0.046695
-0.104296
-0.168988
-0.138852
-0.079294
0.016481
0.083786
0.107927
0.086742
0.022810
-0.020525
-0.026057
0.027630
0.105480
0.172876
0.233212
0.252981
0.266650
0.258652
0.301487
0.167721
-0.112013
-0.303997
-0.393879
-0.309283
-0.243040
-0.008946
0.183072
0.214212
0.152197
0.002198
-0.002047
-0.102654
-0.099051
-0.106694
-0.056073
-0.025892
-0.069576
0.037520
0.081750
0.183193
0.145328
0.147923
0.091157
-0.044563
-0.140565
-0.250906
-0.194707
-0.198464
-0.091688
-0.005105
0.102056
0.148042
0.114840
0.125648
0.052547
0.030084
-0.053238
-0.072885
-0.105784
-0.136871
-0.120697
-0.091948
-0.002117
0.016910
0.033560
-0.009020
-0.065346
-0.129007
-0.164698
-0.116352
-0.047037
0.049366
0.095846
0.110387
0.071085
0.009487
-0.021844
-0.007408
0.065940
0.135551
0.208543
0.249811
0.277007
0.270951
0.289781
0.237133
-0.032317
-0.247313
-0.384882
-0.334648
-0.259701
-0.103691
0.137399
0.193549
0.188194
0.034555
0.001887
-0.056866
-0.103982
-0.087646
-0.092539
-0.009873
-0.070928
0.005936
0.063627
0.152023
0.170844
0.126835
0.124626
-0.019244
-0.100216
-0.232885
-0.212610
-0.189019
-0.132121
-0.019563
0.054429
0.153349
0.110911
0.128488
0.070852
0.039663
-0.019431
-0.071737
-0.080825
-0.131057
-0.114030
-0.110417
-0.033617
0.005265
0.021125
0.008489
-0.052094
-0.096519
-0.155765
-0.131525
-0.083180
0.006894
0.073439
0.103492
0.094471
0.038193
-0.003712
-0.021938
0.022498
0.087787
0.158622
0.220355
0.247435
0.261167
0.253086
0.298272
0.160131
-0.108114
-0.297556
-0.375084
-0.290361
-0.233181
-0.008975
0.164947
0.201352
0.132449
-0.004020
-0.004494
-0.094742
-0.090290
-0.106360
-0.049236
-0.022509
-0.058826
0.040298
0.085965
0.182975
0.133407
0.132850
0.069584
-0.051503
-0.147120
-0.244293
-0.184871
-0.183689
-0.080453
-0.003491
0.102220
0.141400
0.109233
0.115168
0.045916
0.026278
-0.057189
-0.069480
-0.097584
-0.111941
-0.100884
-0.086736
-0.017274
-0.005384
0.014414
-0.022208
-0.063823
-0.113557
-0.147150
-0.115097
-0.062525
0.027617
0.073962
0.099271
0.072505
0.026627
-0.010994
-0.013583
0.036703
0.102366
0.171694
0.217693
0.240566
0.252222
0.257086
0.298299
0.137015
-0.123903
-0.310057
-0.371672
-0.289474
-0.218132
0.019836
0.171662
0.198381
0.108828
-0.015469
-0.023138
-0.108989
-0.089933
-0.103543
-0.032892
-0.024089
-0.040907
0.052114
0.097455
0.182194
0.124518
0.128929
0.046450
-0.064160
-0.167122
-0.245546
-0.186164
-0.177535
-0.062160
0.009765
0.119285
0.136073
0.109889
0.100274
0.033489
0.012316
-0.065783
-0.071160
-0.107741
-0.116432
-0.101545
-0.066098
0.001210
0.006253
0.013202
-0.035483
-0.081912
-0.135474
-0.152397
-0.107409
-0.042043
0.045437
0.085963
0.100566
0.061092
0.010996
-0.019791
-0.005485
0.054161
0.120711
0.186657
0.227316
0.237852
0.237260
0.247547
0.282060
0.093396
-0.153253
-0.317293
-0.347371
-0.269699
-0.196327
0.047940
0.167615
0.183235
0.075613
-0.021316
-0.029002
-0.112793
-0.086698
-0.099143
-0.015033
-0.027077
-0.021607
0.065551
0.109439
0.172039
0.103572
0.116514
0.018851
-0.077422
-0.182009
-0.230089
-0.173121
-0.161392
-0.043094
0.023541
0.131592
0.124309
0.106171
0.085775
0.024537
-0.002257
-0.076148
-0.072649
-0.111077
-0.108704
-0.096571
-0.052733
0.004997
0.003974
0.003837
-0.049574
-0.090187
-0.141130
-0.145186
-0.095657
-0.024203
0.058332
0.089993
0.097256
0.051462
0.003873
-0.023849
-0.000997
0.063109
0.130814
0.187068
0.217014
0.231317
0.236780
0.255353
0.280707
0.086375
-0.152415
-0.319702
-0.343786
-0.269231
-0.184046
0.054823
0.160360
0.173896
0.061048
-0.026371
-0.038540
-0.109066
-0.078720
-0.091947
-0.008261
-0.026027
-0.011861
0.064668
0.110662
0.167045
0.103366
0.112691
0.010929
-0.079317
-0.187518
-0.229084
-0.175847
-0.154818
-0.036612
0.028258
0.132765
0.119631
0.104430
0.077702
0.024512
-0.001123
-0.070936
-0.068485
-0.103934
-0.097484
-0.092458
-0.057302
-0.006956
-0.006073
-0.004433
-0.054154
-0.088779
-0.135728
-0.136827
-0.090007
-0.019131
0.059022
0.087331
0.091953
0.050816
0.009407
-0.016616
0.002036
0.061332
0.125086
0.186899
0.222982
0.243606
0.246836
0.264279
0.288418
0.083713
-0.158008
-0.325505
-0.342671
-0.265748
-0.181437
0.059616
0.158692
0.171212
0.053551
-0.030236
-0.038680
-0.107570
-0.073959
-0.087235
-0.001326
-0.022762
-0.007528
0.071146
0.115378
0.170349
0.100058
0.110083
0.004583
-0.084025
-0.191152
-0.228576
-0.171045
-0.150572
-0.029680
0.034375
0.138675
0.121858
0.104554
0.077504
0.021273
-0.002463
-0.073409
-0.070042
-0.111500
-0.103825
-0.087232
-0.039453
0.010397
0.000823
-0.006102
-0.063058
-0.102283
-0.145071
-0.134986
-0.076237
-0.004135
0.071598
0.092302
0.090192
0.039156
-0.005514
-0.027951
-0.000695
0.061712
0.127582
0.182665
0.213544
0.216886
0.221827
0.240160
0.309385
0.193113
-0.070081
-0.262209
-0.352439
-0.290509
-0.236573
-0.021583
0.149953
0.170229
0.101155
-0.033434
-0.031183
-0.101641
-0.087180
-0.079122
-0.025325
0.010728
-0.027252
0.064045
0.094174
0.164864
0.116522
0.103418
0.054275
-0.064990
-0.145756
-0.239151
-0.180289
-0.168600
-0.068244
0.020634
0.108331
0.145579
0.095156
0.093697
0.021213
0.006162
-0.057592
-0.071767
-0.089918
-0.113424
-0.086815
-0.062485
0.005423
0.005412
-0.001031
-0.043293
-0.098917
-0.138367
-0.153326
-0.087685
-0.015769
0.068540
0.099933
0.096212
0.052109
-0.007142
-0.027465
-0.005937
0.062874
0.128709
0.184854
0.219442
0.218356
0.224083
0.234254
0.310339
0.207012
-0.056459
-0.252031
-0.354298
-0.291552
-0.249139
-0.041023
0.138938
0.166820
0.109161
-0.031841
-0.024405
-0.095951
-0.083882
-0.077774
-0.027684
0.019355
-0.027775
0.061004
0.084998
0.159685
0.115652
0.099407
0.060797
-0.060954
-0.136478
-0.241362
-0.183034
-0.169085
-0.072759
0.020561
0.101557
0.148902
0.091661
0.094982
0.023270
0.011085
-0.048330
-0.071619
-0.084020
-0.110047
-0.084112
-0.068054
-0.002034
0.003674
-0.004583
-0.043387
-0.101270
-0.135834
-0.152581
-0.089090
-0.018033
0.064853
0.099765
0.095634
0.054451
-0.006074
-0.030521
-0.013221
0.054353
0.124648
0.179187
0.215842
0.215624
0.219255
0.223304
0.292474
0.249665
-0.005729
-0.212647
-0.344339
-0.301874
-0.256834
-0.096131
0.119651
0.160273
0.132783
-0.019840
-0.034284
-0.079069
-0.096692
-0.069519
-0.049138
0.031555
-0.023902
0.046133
0.083475
0.143809
0.136096
0.087090
0.082583
-0.044321
-0.113837
-0.229799
-0.200810
-0.165963
-0.103436
0.012840
0.076697
0.155492
0.096899
0.093560
0.034406
0.005163
-0.030467
-0.077343
-0.074883
-0.115997
-0.090578
-0.073558
-0.011981
0.011864
-0.006592
-0.032831
-0.102265
-0.137525
-0.159272
-0.098834
-0.019086
0.059075
0.104933
0.095139
0.060194
-0.002653
-0.023219
0.000103
0.071293
0.147741
0.201411
0.239343
0.240272
0.245883
0.252138
0.287008
0.114401
-0.135479
-0.298830
-0.347472
-0.266790
-0.207894
0.018933
0.140052
0.152216
0.068624
-0.038239
-0.017082
-0.093988
-0.062475
-0.077902
-0.007116
0.003584
-0.016255
0.078522
0.097821
0.167334
0.092378
0.090468
0.016199
-0.090027
-0.167058
-0.241449
-0.163400
-0.155475
-0.037850
0.034502
0.125709
0.139996
0.090010
0.085693
0.012090
0.005413
-0.068800
-0.080122
-0.101728
-0.115314
-0.084576
-0.055801
0.014584
0.000165
-0.016450
-0.072684
-0.119186
-0.151305
-0.144320
-0.061502
0.022901
0.100146
0.108681
0.085800
0.033390
-0.017997
-0.022953
0.020249
0.110876
0.177752
0.237696
0.253399
0.256492
0.247038
0.272689
0.177790
-0.080440
-0.258761
-0.348762
-0.279998
-0.222751
-0.058147
0.124368
0.145783
0.112497
-0.022625
-0.019273
-0.067487
-0.082392
-0.071504
-0.050840
0.022171
-0.027964
0.054873
0.090541
0.153107
0.128495
0.073947
0.054107
-0.073929
-0.134214
-0.238952
-0.190495
-0.153810
-0.082503
0.024003
0.086796
0.158310
0.096756
0.094084
0.031172
0.004315
-0.042262
-0.087430
-0.081378
-0.115168
-0.087662
-0.074352
-0.008583
0.005067
-0.015584
-0.050158
-0.108970
-0.133149
-0.150787
-0.087772
-0.010604
0.069115
0.102268
0.090531
0.058301
-0.000659
-0.021043
-0.003185
0.074354
0.143854
0.208635
0.247129
0.264417
0.259950
0.265623
0.239123
0.001643
-0.208599
-0.342945
-0.310158
-0.233838
-0.130722
0.083857
0.138073
0.140209
0.014063
-0.030447
-0.038084
-0.089635
-0.060983
-0.080707
0.011656
-0.020190
0.018996
0.084666
0.127749
0.162183
0.078429
0.077764
-0.037928
-0.110479
-0.208412
-0.222833
-0.154794
-0.124933
-0.002394
0.050901
0.147579
0.119434
0.096508
0.062354
0.006026
-0.014118
-0.083874
-0.076102
-0.108354
-0.098174
-0.081046
-0.035932
0.011169
-0.010614
-0.028315
-0.088809
-0.120616
-0.152432
-0.120990
-0.042732
0.038015
0.096592
0.096443
0.078100
0.022585
-0.017900
-0.021335
0.032382
0.110972
0.168232
0.225427
0.243865
0.253467
0.234419
0.264799
0.173415
-0.075774
-0.254956
-0.343620
-0.268569
-0.217286
-0.057772
0.116701
0.144263
0.111247
-0.026622
-0.022872
-0.069692
-0.081305
-0.076559
-0.053824
0.020392
-0.027382
0.052380
0.087715
0.154745
0.130553
0.076092
0.055333
-0.069020
-0.131092
-0.238918
-0.193304
-0.155892
-0.087465
0.017026
0.079725
0.155825
0.098089
0.095291
0.033934
0.006392
-0.037224
-0.082786
-0.072337
-0.102220
-0.080202
-0.080225
-0.026785
-0.007361
-0.018481
-0.041658
-0.093388
-0.115960
-0.144806
-0.104321
-0.040432
0.038849
0.085721
0.089062
0.069642
0.017888
-0.012495
-0.011741
0.040733
0.105101
0.156337
0.205298
0.227702
0.243101
0.233181
0.269893
0.218691
-0.029929
-0.227175
-0.342673
-0.287663
-0.231886
-0.095796
0.106624
0.144956
0.127415
-0.015688
-0.030739
-0.061208
-0.090168
-0.068278
-0.062114
0.024102
-0.028431
0.034970
0.080598
0.140289
0.144033
0.079154
0.076634
-0.047455
-0.113229
-0.225777
-0.205469
-0.159720
-0.111712
0.002798
0.058224
0.149584
0.102107
0.098763
0.050144
0.013247
-0.018605
-0.079288
-0.066768
-0.099522
-0.071489
-0.074810
-0.043318
-0.020846
-0.028471
-0.031453
-0.081852
-0.100091
-0.134094
-0.111395
-0.059369
0.010564
0.071267
0.080398
0.075623
0.027869
-0.001125
-0.012219
0.021947
0.081812
0.133507
0.182867
0.214727
0.235200
0.237790
0.255991
0.286573
0.102826
-0.144125
-0.310408
-0.338259
-0.259754
-0.186876
0.034676
0.145818
0.154170
0.053056
-0.045814
-0.034047
-0.094163
-0.068120
-0.078310
-0.008920
-0.002655
-0.016310
0.066752
0.100143
0.165996
0.103690
0.097851
0.025136
-0.078854
-0.167250
-0.239008
-0.173117
-0.156284
-0.047481
0.025923
0.115282
0.136897
0.094188
0.087690
0.021033
0.010104
-0.060452
-0.073269
-0.096106
-0.109269
-0.083878
-0.060832
0.002492
-0.000865
-0.004220
-0.049781
-0.099901
-0.136904
-0.148095
-0.083106
-0.013490
0.067650
0.089839
0.085483
0.043012
-0.008134
-0.024999
-0.007413
0.058073
0.118347
0.167777
0.196971
0.204990
0.216595
0.224407
0.284762
0.262212
0.023107
-0.199002
-0.345122
-0.318775
-0.255661
-0.118034
0.104297
0.161055
0.145031
-0.000126
-0.042644
-0.065986
-0.099008
-0.066701
-0.064441
0.019586
-0.023544
0.018108
0.070315
0.125193
0.155822
0.098429
0.103512
-0.014171
-0.093827
-0.211009
-0.220890
-0.172726
-0.132617
-0.011262
0.048082
0.145324
0.112070
0.101102
0.060806
0.013638
-0.010434
-0.076884
-0.073877
-0.116495
-0.097171
-0.080545
-0.028910
0.014900
0.003821
-0.007893
-0.074315
-0.114322
-0.155782
-0.129067
-0.059583
0.019285
0.087876
0.094160
0.078814
0.017186
-0.019387
-0.026020
0.019975
0.093905
0.150912
0.198992
0.218036
0.223598
0.225773
0.248964
0.294046
0.121669
-0.127380
-0.303386
-0.349410
-0.274948
-0.202335
0.026278
0.152990
0.168261
0.074615
-0.036903
-0.032304
-0.100763
-0.074411
-0.083966
-0.016409
-0.002401
-0.020834
0.062290
0.092375
0.167491
0.113923
0.111156
0.041630
-0.069081
-0.159533
-0.244982
-0.182298
-0.167276
-0.054210
0.022159
0.111933
0.140714
0.095766
0.092737
0.019829
0.008962
-0.062508
-0.078856
-0.096511
-0.114315
-0.087215
-0.064875
0.007115
0.007089
0.000697
-0.045738
-0.101059
-0.139233
-0.153455
-0.086151
-0.014452
0.069544
0.094634
0.086031
0.040941
-0.011788
-0.024990
0.001756
0.077123
0.143832
0.196673
0.223811
0.226128
0.229402
0.229206
0.274549
0.139866
-0.104102
-0.280579
-0.349849
-0.273099
-0.214218
-0.008199
0.139766
0.163136
0.095984
-0.030482
-0.027787
-0.092904
-0.078820
-0.083768
-0.034915
0.004383
-0.028795
0.055085
0.082778
0.159934
0.119900
0.103102
0.055725
-0.061526
-0.139712
-0.241837
-0.188627
-0.170771
-0.074897
0.014336
0.092978
0.146066
0.095752
0.099251
0.027862
0.011099
-0.051796
-0.080841
-0.083458
-0.103072
-0.082294
-0.079672
-0.016704
-0.002408
-0.005725
-0.037050
-0.087870
-0.119785
-0.149299
-0.100492
-0.036652
0.046300
0.083220
0.084131
0.057667
0.008736
-0.015414
-0.008779
0.054610
0.125603
0.182971
0.223485
0.232924
0.237464
0.226098
0.264774
0.175569
-0.071162
-0.254329
-0.350565
-0.280757
-0.223522
-0.052216
0.127400
0.158547
0.120922
-0.018588
-0.024544
-0.075058
-0.085383
-0.078384
-0.057423
0.008545
-0.035953
0.041576
0.080254
0.152441
0.138301
0.096568
0.075618
-0.048452
-0.120008
-0.231422
-0.198321
-0.168113
-0.101480
0.002994
0.069817
0.149836
0.101487
0.103744
0.043761
0.012089
-0.037517
-0.090752
-0.089281
-0.117365
-0.082680
-0.065078
-0.005912
0.014010
-0.005199
-0.033978
-0.099171
-0.128934
-0.150331
-0.094444
-0.023960
0.049653
0.089944
0.079882
0.047591
-0.006826
-0.021772
0.002416
0.072274
0.144002
0.187257
0.217635
0.219388
0.230813
0.229774
0.276741
0.186845
-0.066924
-0.256712
-0.361179
-0.289028
-0.228751
-0.048609
0.133572
0.164384
0.125609
-0.020376
-0.024852
-0.079483
-0.081813
-0.074612
-0.049868
0.015947
-0.034025
0.042755
0.073430
0.152332
0.135317
0.099134
0.076509
-0.047803
-0.119688
-0.237581
-0.199013
-0.170397
-0.094551
0.007110
0.076385
0.153117
0.100970
0.103647
0.041670
0.019485
-0.030994
-0.079392
-0.084595
-0.118695
-0.091902
-0.079015
-0.012915
0.011220
0.001535
-0.027799
-0.089607
-0.124896
-0.155638
-0.106658
-0.035464
0.048503
0.092938
0.089695
0.059606
0.005289
-0.019977
-0.007861
0.058643
0.134146
0.187433
0.220377
0.225900
0.232242
0.220372
0.260182
0.195502
-0.045992
-0.237609
-0.351149
-0.288900
-0.230059
-0.070280
0.124090
0.164195
0.138699
-0.008588
-0.025679
-0.074396
-0.088718
-0.075928
-0.060757
0.016801
-0.030498
0.039119
0.073517
0.146198
0.141157
0.095345
0.080619
-0.042344
-0.110921
-0.230134
-0.202330
-0.168433
-0.101861
0.003092
0.067773
0.152135
0.102602
0.102350
0.041904
0.014822
-0.029895
-0.083314
-0.080970
-0.113010
-0.087129
-0.077516
-0.016016
0.011254
-0.002868
-0.029441
-0.091143
-0.124805
-0.155562
-0.107570
-0.035515
0.045929
0.092928
0.089319
0.060015
0.005048
-0.021342
-0.007792
0.058544
0.137246
0.189984
0.221494
0.224694
0.231585
0.226773
0.268873
0.202942
-0.044830
-0.241881
-0.358691
-0.297789
-0.235124
-0.071497
0.127483
0.166031
0.137456
-0.012810
-0.029604
-0.075649
-0.088885
-0.074101
-0.059362
0.018866
-0.031049
0.038509
0.073899
0.147614
0.141186
0.092903
0.078114
-0.045974
-0.114663
-0.234282
-0.204220
-0.169141
-0.102143
0.003089
0.069081
0.154244
0.103036
0.101817
0.039676
0.012550
-0.032690
-0.083198
-0.077835
-0.106444
-0.080658
-0.076948
-0.021141
0.002097
-0.009402
-0.034388
-0.092137
-0.122013
-0.152374
-0.108849
-0.041692
0.039818
0.086753
0.085357
0.059948
0.007761
-0.019042
-0.014517
0.046045
0.120616
0.179535
0.215342
0.225044
0.226930
0.219775
0.250760
0.252204
0.034014
-0.193864
-0.342669
-0.326168
-0.247603
-0.138237
0.091247
0.166266
0.158994
0.021574
-0.048738
-0.057606
-0.106050
-0.071014
-0.079611
0.010628
-0.013324
0.012015
0.079051
0.125481
0.168759
0.092891
0.090303
-0.019774
-0.103651
-0.208139
-0.233841
-0.165254
-0.131341
-0.008977
0.048094
0.145351
0.122185
0.095428
0.062212
-0.000019
-0.018007
-0.090765
-0.080013
-0.105583
-0.085660
-0.062616
-0.027044
0.016339
-0.011204
-0.028679
-0.090226
-0.125491
-0.154857
-0.126003
-0.045120
0.029626
0.091430
0.086890
0.063935
0.007575
-0.025572
-0.018285
0.038226
0.118913
0.173786
0.214141
0.221575
0.225595
0.226612
0.251698
0.276798
0.075192
-0.167018
-0.336435
-0.348812
-0.259260
-0.164518
0.069751
0.165396
0.167585
0.043801
-0.052710
-0.052064
-0.108269
-0.070681
-0.084825
-0.000562
-0.002920
0.003248
0.079754
0.116334
0.177672
0.100167
0.092108
-0.007797
-0.101410
-0.195632
-0.245977
-0.168695
-0.137486
-0.013611
0.046467
0.137549
0.133150
0.090404
0.067368
-0.002033
-0.011214
-0.083177
-0.080554
-0.097173
-0.086307
-0.062545
-0.038808
0.012106
-0.009137
-0.027338
-0.086230
-0.124988
-0.148425
-0.130251
-0.052359
0.018878
0.086948
0.088018
0.067338
0.015938
-0.020602
-0.021483
0.026646
0.107129
0.166481
0.208604
0.220688
0.220445
0.226291
0.244359
0.293724
0.145151
-0.116368
-0.307261
-0.365890
-0.274975
-0.194999
0.021366
0.164263
0.172287
0.078914
-0.055152
-0.048316
-0.099836
-0.076554
-0.081771
-0.026960
0.009939
-0.014807
0.071822
0.108180
0.182930
0.124381
0.091800
0.025306
-0.090528
-0.169251
-0.254246
-0.181884
-0.147205
-0.041339
0.038485
0.114900
0.149747
0.088810
0.076732
0.004167
-0.006478
-0.069915
-0.099247
-0.105160
-0.099495
-0.046296
-0.025734
0.024669
0.006572
-0.025999
-0.088995
-0.145829
-0.153867
-0.131674
-0.044727
0.024430
0.088983
0.090802
0.057164
0.006828
-0.030477
-0.020263
0.024681
0.102237
0.159618
0.198761
0.219462
0.219051
0.229081
0.241614
0.299086
0.208024
-0.066709
-0.279721
-0.381724
-0.299526
-0.217331
-0.031269
0.159425
0.176517
0.111453
-0.048723
-0.056432
-0.089954
-0.089996
-0.073628
-0.051850
0.018652
-0.025102
0.055731
0.104816
0.179463
0.154324
0.087656
0.048164
-0.084798
-0.153416
-0.253156
-0.199706
-0.146766
-0.068816
0.032480
0.089194
0.157615
0.093341
0.080801
0.010867
-0.014871
-0.064201
-0.118447
-0.101535
-0.094612
-0.031342
-0.018992
0.019724
0.010082
-0.037541
-0.090566
-0.151774
-0.146773
-0.126977
-0.045078
0.024802
0.082843
0.090353
0.048434
0.005295
-0.032317
-0.021769
0.020500
0.100474
0.166109
0.199357
0.216858
0.216119
0.234926
0.248110
0.302782
0.231174
-0.045812
-0.274116
-0.398427
-0.318074
-0.224178
-0.045740
0.156170
0.176982
0.121960
-0.046184
-0.062942
-0.086158
-0.087407
-0.067668
-0.060655
0.017152
-0.026911
0.048046
0.101105
0.176977
0.167932
0.090140
0.053412
-0.084482
-0.153191
-0.256869
-0.212694
-0.146915
-0.072827
0.036046
0.084828
0.157947
0.094028
0.075573
0.013129
-0.016339
-0.057514
-0.121502
-0.102293
-0.096563
-0.034459
-0.020743
0.016062
0.012957
-0.041308
-0.097204
-0.158239
-0.145152
-0.118820
-0.039160
0.029819
0.083755
0.089386
0.042205
0.000178
-0.031215
-0.015907
0.027594
0.105036
0.174223
0.208456
0.219534
0.210049
0.228765
0.249026
0.303412
0.223230
-0.057296
-0.278671
-0.398701
-0.315861
-0.221463
-0.038907
0.161753
0.171356
0.115175
-0.052640
-0.061804
-0.086547
-0.086207
-0.060730
-0.056649
0.021228
-0.030041
0.051181
0.101317
0.175135
0.163303
0.084242
0.051169
-0.092104
-0.155803
-0.258161
-0.207987
-0.142545
-0.070500
0.039282
0.083712
0.155984
0.087591
0.072420
0.011613
-0.019987
-0.062879
-0.121212
-0.094856
-0.090630
-0.033855
-0.023155
0.013068
0.004315
-0.053160
-0.107500
-0.160511
-0.138233
-0.108158
-0.028162
0.036035
0.085480
0.084018
0.037535
0.000760
-0.024239
-0.003903
0.044678
0.122279
0.185316
0.215748
0.230290
0.228145
0.250132
0.273156
0.305762
0.117258
-0.166579
-0.349375
-0.391676
-0.274415
-0.179526
0.053039
0.174520
0.157967
0.056234
-0.072811
-0.040000
-0.097229
-0.062338
-0.079258
-0.024990
0.002003
-0.023768
0.087089
0.121994
0.201280
0.118456
0.076739
-0.004620
-0.130191
-0.194317
-0.269382
-0.166623
-0.133613
-0.019497
0.051209
0.122190
0.145518
0.070890
0.060240
-0.017490
-0.030369
-0.102707
-0.111878
-0.087790
-0.067346
-0.020447
-0.017273
0.020499
-0.027527
-0.076859
-0.139700
-0.154018
-0.122487
-0.076907
0.003352
0.054510
0.088758
0.058851
0.019253
-0.009113
-0.015466
0.017295
0.073995
0.155526
0.204492
0.237972
0.241786
0.255467
0.262887
0.300459
0.206329
-0.084813
-0.298467
-0.403985
-0.308697
-0.216080
-0.044929
0.151379
0.156930
0.111811
-0.052464
-0.047304
-0.067709
-0.077997
-0.064086
-0.071759
0.017200
-0.036014
0.053456
0.108988
0.183177
0.167149
0.067091
0.037046
-0.109498
-0.161410
-0.264673
-0.207614
-0.135152
-0.069110
0.041284
0.080416
0.162290
0.088534
0.067749
-0.001287
-0.041694
-0.075246
-0.125668
-0.079575
-0.073142
-0.014881
-0.016385
0.007899
-0.010124
-0.069262
-0.117783
-0.163788
-0.129611
-0.095075
-0.018813
0.036123
0.075685
0.071057
0.024559
-0.002618
-0.022111
0.007070
0.055310
0.136277
0.194190
0.229334
0.241608
0.250955
0.263912
0.290365
0.251056
-0.022292
-0.258318
-0.394980
-0.338188
-0.227102
-0.097691
0.124841
0.150568
0.124814
-0.025997
-0.062160
-0.047543
-0.084185
-0.048715
-0.084274
0.010442
-0.023768
0.027707
0.108725
0.159556
0.191331
0.072434
0.051046
-0.086313
-0.154539
-0.242727
-0.237529
-0.137651
-0.095914
0.031717
0.066955
0.155525
0.111524
0.069529
0.027689
-0.035561
-0.049121
-0.118762
-0.084220
-0.080688
-0.036228
-0.020851
-0.004967
0.004645
-0.056545
-0.100260
-0.161609
-0.145748
-0.114078
-0.044779
0.026297
0.071466
0.088389
0.045054
0.016452
-0.014084
0.003899
0.049771
0.130245
0.198883
0.235643
0.247683
0.252787
0.264874
0.291112
0.238369
-0.042890
-0.266592
-0.393902
-0.327156
-0.219446
-0.082484
0.135168
0.147413
0.125566
-0.025199
-0.048663
-0.045192
-0.080071
-0.046684
-0.086258
0.013001
-0.026329
0.042964
0.112793
0.165514
0.188388
0.070014
0.048956
-0.098373
-0.153259
-0.245677
-0.226261
-0.136539
-0.089010
0.039926
0.070756
0.164823
0.109583
0.081739
0.025214
-0.029718
-0.048060
-0.118188
-0.083756
-0.090012
-0.032942
-0.024025
0.001163
0.004978
-0.051467
-0.093317
-0.162163
-0.146651
-0.121757
-0.042084
0.024514
0.074026
0.090303
0.048741
0.020840
-0.012819
0.007012
0.046593
0.123878
0.189225
0.230363
0.252142
0.260381
0.272489
0.295432
0.243305
-0.041522
-0.270085
-0.394614
-0.323523
-0.210592
-0.077194
0.137462
0.147606
0.124805
-0.026008
-0.046934
-0.041805
-0.077980
-0.047472
-0.091257
0.009237
-0.029023
0.047763
0.117447
0.175015
0.194308
0.074011
0.050054
-0.100789
-0.153036
-0.250502
-0.225789
-0.139294
-0.087795
0.040295
0.070269
0.169056
0.109236
0.090640
0.030441
-0.016399
-0.035035
-0.111020
-0.089199
-0.110805
-0.047214
-0.032711
0.008531
0.016609
-0.034074
-0.079376
-0.161619
-0.158110
-0.145278
-0.057281
0.015093
0.076597
0.098130
0.061550
0.029106
-0.014471
-0.000459
0.033460
0.111282
0.174858
0.224214
0.258603
0.266899
0.278150
0.285170
0.258881
-0.015069
-0.256449
-0.387835
-0.336687
-0.209606
-0.102425
0.125634
0.152027
0.135834
-0.005869
-0.054012
-0.028847
-0.086563
-0.050171
-0.106519
-0.001467
-0.025115
0.033518
0.121888
0.168263
0.209240
0.075446
0.057619
-0.086240
-0.145894
-0.237293
-0.238586
-0.141151
-0.106139
0.029848
0.059140
0.167946
0.122402
0.094026
0.044724
-0.017845
-0.028399
-0.114517
-0.093060
-0.117982
-0.056503
-0.032596
0.005907
0.024805
-0.028763
-0.067376
-0.152162
-0.154774
-0.152056
-0.073292
0.003223
0.066771
0.097574
0.064757
0.034858
-0.013366
-0.005763
0.023271
0.098778
0.165198
0.214479
0.254532
0.263830
0.275977
0.277298
0.272888
0.025225
-0.231110
-0.375042
-0.348102
-0.214640
-0.123639
0.102265
0.149842
0.140114
0.011595
-0.059350
-0.023156
-0.085259
-0.050576
-0.110191
-0.013295
-0.020219
0.020078
0.117960
0.160382
0.217223
0.083896
0.060775
-0.071473
-0.138106
-0.225174
-0.247240
-0.147532
-0.117329
0.016217
0.048918
0.157866
0.128584
0.093212
0.048085
-0.022073
-0.036835
-0.128207
-0.100120
-0.103440
-0.036533
-0.018344
0.006911
0.021194
-0.036423
-0.077308
-0.155815
-0.150158
-0.139442
-0.064028
0.007692
0.063755
0.091570
0.054821
0.031215
-0.006768
0.014460
0.047245
0.123740
0.191663
0.250882
0.285470
0.291636
0.292052
0.289787
0.116554
-0.181892
-0.350780
-0.381298
-0.251855
-0.165366
0.024338
0.148783
0.130694
0.063735
-0.056152
-0.005684
-0.055937
-0.046229
-0.085900
-0.057445
-0.006371
-0.021616
0.102113
0.135730
0.217766
0.124138
0.064640
-0.022276
-0.135006
-0.188662
-0.266545
-0.167908
-0.140138
-0.023287
0.036529
0.120603
0.154634
0.095437
0.082933
-0.008785
-0.019942
-0.110061
-0.110852
-0.099462
-0.060897
-0.016527
-0.012128
0.025198
-0.027342
-0.067799
-0.145851
-0.161897
-0.143551
-0.088068
-0.003059
0.050532
0.096839
0.068320
0.043133
0.012162
0.027457
0.065290
0.128983
0.210921
0.264750
0.298693
0.294501
0.295581
0.258022
-0.009243
-0.257310
-0.394727
-0.336438
-0.221291
-0.121311
0.093781
0.131802
0.125977
-0.006431
-0.032095
-0.004782
-0.050442
-0.036141
-0.098476
-0.004129
-0.039714
0.029653
0.106112
0.173422
0.194246
0.072450
0.051090
-0.089459
-0.134908
-0.243583
-0.224627
-0.154617
-0.109103
0.004276
0.040626
0.160941
0.115829
0.112832
0.044169
0.000750
-0.042773
-0.122010
-0.101284
-0.104955
-0.029730
-0.029145
0.009142
0.000620
-0.041260
-0.097911
-0.165998
-0.155998
-0.140429
-0.053709
0.004749
0.077215
0.091305
0.070952
0.034266
0.015074
0.042605
0.085484
0.162645
0.230275
0.282410
0.298136
0.290572
0.299370
0.158772
-0.140209
-0.336152
-0.398412
-0.273480
-0.193278
-0.020977
0.130025
0.130772
0.082146
-0.054420
-0.000274
-0.035339
-0.024598
-0.070726
-0.059863
-0.002738
-0.038946
0.078313
0.114174
0.217631
0.128865
0.069496
-0.007298
-0.114529
-0.168633
-0.267435
-0.174310
-0.155529
-0.046135
0.002840
0.097306
0.151285
0.104390
0.096792
0.005504
0.001481
-0.096007
-0.102087
-0.103782
-0.060771
-0.023832
-0.020844
0.014724
-0.029246
-0.058416
-0.142166
-0.155962
-0.153115
-0.097594
-0.026888
0.033166
0.089229
0.076261
0.060213
0.020821
0.037818
0.064315
0.130985
0.205089
0.266454
0.298294
0.295905
0.304285
0.259346
-0.006872
-0.265730
-0.395693
-0.342424
-0.224348
-0.122850
0.091002
0.129644
0.121411
-0.010754
-0.033685
-0.002256
-0.039878
-0.025529
-0.087876
0.003601
-0.038662
0.029680
0.097572
0.172508
0.191027
0.073078
0.051348
-0.087140
-0.125453
-0.243997
-0.217172
-0.157680
-0.102748
-0.001193
0.036697
0.153762
0.107306
0.111660
0.034796
0.009772
-0.035381
-0.098063
-0.089982
-0.100157
