0.031394
0.137190
0.187614
0.171959
0.112216
0.052701
-0.014498
-0.123421
-0.247969
-0.327981
-0.340696
-0.253933
-0.098720
0.047275
0.126952
0.127452
0.066722
-0.016292
-0.086651
-0.144162
-0.183716
-0.189499
-0.161848
-0.098736
-0.016578
0.055275
0.084612
0.076291
0.050304
0.029400
0.030687
0.051463
0.079856
0.103764
0.120039
0.131669
0.137328
0.135032
0.126771
0.129525
0.146832
0.177978
0.223699
0.274008
0.289141
0.284208
0.273908
0.241723
0.159680
-0.068003
-0.297804
-0.440727
-0.454428
-0.296874
-0.070341
0.131878
0.212643
0.207933
0.144943
0.066882
0.016071
-0.063604
-0.164748
-0.274163
-0.332928
-0.301681
-0.165718
0.019197
0.138144
0.194379
0.177041
0.113412
0.046449
-0.019235
-0.103178
-0.216654
-0.301411
-0.328066
-0.264428
-0.120208
0.027173
0.122612
0.132174
0.077712
-0.009032
-0.082983
-0.134240
-0.172092
-0.182002
-0.160585
-0.106442
-0.031751
0.037685
0.075579
0.071593
0.050931
0.025899
0.022810
0.044341
0.075448
0.100983
0.118143
0.128158
0.126810
0.125959
0.125449
0.113805
0.125036
0.155743
0.199852
0.244940
0.284855
0.298483
0.281506
0.250689
0.214547
0.055736
-0.201737
-0.379799
-0.468045
-0.394136
-0.178903
0.053248
0.196056
0.228188
0.191581
0.096887
0.028444
-0.028587
-0.124371
-0.229489
-0.309517
-0.322128
-0.241131
-0.068544
0.090130
0.182765
0.207800
0.155503
0.070224
-0.014210
-0.095786
-0.194212
-0.277893
-0.308901
-0.277603
-0.162773
-0.014314
0.099614
0.136433
0.099475
0.015926
-0.074432
-0.135027
-0.167488
-0.173317
-0.151225
-0.105437
-0.039412
0.023421
0.063107
0.064737
0.043573
0.018938
0.011783
0.034367
0.072548
0.103889
0.121208
0.131021
0.134232
0.127717
0.121162
0.114185
0.123665
0.155062
0.193529
0.234758
0.267189
0.274114
0.275736
0.261752
0.223650
0.098628
-0.157919
-0.360703
-0.460371
-0.410428
-0.209633
0.023991
0.186106
0.219685
0.186053
0.103400
0.026274
-0.025129
-0.108932
-0.210007
-0.301820
-0.321710
-0.250792
-0.096563
0.075958
0.185428
0.210442
0.156469
0.061262
-0.036078
-0.119220
-0.198626
-0.271676
-0.294976
-0.258972
-0.156427
-0.018435
0.095125
0.132531
0.090474
0.004840
-0.084817
-0.146446
-0.168752
-0.161456
-0.130694
-0.086961
-0.030185
0.021245
0.052457
0.056206
0.038677
0.018757
0.017616
0.039181
0.075048
0.108180
0.129612
0.135904
0.135902
0.127373
0.115264
0.109040
0.126756
0.159377
0.199541
0.233500
0.252719
0.257792
0.252790
0.232990
0.218423
0.092636
-0.169409
-0.360331
-0.455349
-0.396860
-0.189816
0.048276
0.197242
0.214966
0.172062
0.075187
0.002047
-0.039506
-0.115314
-0.210798
-0.291510
-0.305486
-0.242446
-0.090328
0.088138
0.192723
0.214050
0.157526
0.045762
-0.069387
-0.157066
-0.228918
-0.282216
-0.279803
-0.224634
-0.120241
0.009928
0.106270
0.127499
0.075154
-0.016313
-0.111166
-0.168909
-0.175331
-0.152039
-0.107980
-0.052642
-0.003466
0.029749
0.049868
0.049895
0.031311
0.016481
0.021146
0.046741
0.084635
0.118497
0.142141
0.153341
0.148630
0.135109
0.125163
0.121066
0.133438
0.167536
0.209394
0.240238
0.258492
0.260606
0.249805
0.232600
0.152472
-0.083708
-0.308524
-0.430181
-0.430541
-0.261876
-0.022818
0.162397
0.218360
0.195000
0.115119
0.019418
-0.029634
-0.093510
-0.183567
-0.269280
-0.300474
-0.259688
-0.135524
0.049898
0.182543
0.226779
0.185870
0.069861
-0.061303
-0.163289
-0.230394
-0.277699
-0.275079
-0.222179
-0.133476
-0.010883
0.094379
0.131118
0.087160
-0.003352
-0.103124
-0.172392
-0.181254
-0.153969
-0.105771
-0.049289
-0.001575
0.031683
0.049581
0.051323
0.032171
0.019622
0.023286
0.043409
0.081117
0.121849
0.150582
0.160641
0.154802
0.143104
0.127951
0.127046
0.138189
0.169335
0.201884
0.231545
0.256988
0.266887
0.258104
0.235065
0.071764
-0.201938
-0.382211
-0.459754
-0.375492
-0.154264
0.075975
0.201008
0.209405
0.165016
0.066855
-0.004077
-0.050361
-0.136389
-0.235275
-0.302167
-0.295710
-0.212874
-0.043675
0.129569
0.212673
0.210808
0.130405
0.006895
-0.099721
-0.173518
-0.234549
-0.280613
-0.272317
-0.217189
-0.110901
0.022284
0.114450
0.121834
0.059519
-0.035273
-0.128802
-0.179890
-0.178767
-0.154371
-0.111264
-0.057008
-0.002140
0.037214
0.060502
0.057665
0.033934
0.016010
0.018295
0.043436
0.084932
0.119413
0.144444
0.152930
0.149591
0.138409
0.135505
0.135507
0.142266
0.172565
0.220335
0.270807
0.312859
0.315002
0.274411
0.096846
-0.219799
-0.422569
-0.497798
-0.408618
-0.170915
0.070026
0.211685
0.220071
0.183659
0.095403
0.013610
-0.043012
-0.150108
-0.267061
-0.343406
-0.327477
-0.220578
-0.029484
0.149776
0.222109
0.203116
0.113104
-0.003823
-0.098187
-0.162035
-0.222543
-0.277901
-0.279393
-0.226967
-0.113080
0.026841
0.120777
0.127474
0.061130
-0.034000
-0.123010
-0.170703
-0.175242
-0.159769
-0.125820
-0.076668
-0.019007
0.028497
0.057318
0.057495
0.034867
0.016698
0.017160
0.039785
0.075969
0.107238
0.128666
0.141801
0.145335
0.139896
0.133606
0.124489
0.129046
0.162356
0.217461
0.270164
0.321012
0.330483
0.284000
0.142377
-0.175010
-0.404832
-0.494859
-0.436540
-0.211403
0.035199
0.209387
0.232682
0.199984
0.121919
0.022414
-0.037762
-0.140546
-0.256938
-0.341382
-0.333197
-0.234331
-0.056596
0.132941
0.215771
0.207134
0.134099
0.025461
-0.070601
-0.146463
-0.213949
-0.285462
-0.297153
-0.241226
-0.124691
0.022911
0.128042
0.146033
0.081857
-0.016386
-0.112423
-0.171293
-0.177871
-0.164524
-0.129996
-0.076751
-0.016834
0.028814
0.056417
0.056704
0.033999
0.018284
0.025713
0.048446
0.081306
0.111407
0.135617
0.154822
0.167644
0.154400
0.135172
0.121876
0.127105
0.164787
0.225667
0.289411
0.340739
0.348917
0.308648
0.082287
-0.251830
-0.443528
-0.512121
-0.391178
-0.135265
0.111799
0.236804
0.235746
0.194539
0.095981
0.021535
-0.043624
-0.161347
-0.283920
-0.352666
-0.320344
-0.193062
0.022747
0.200954
0.257654
0.220857
0.112313
-0.016549
-0.112313
-0.169131
-0.232616
-0.285230
-0.273235
-0.208196
-0.078297
0.069987
0.157820
0.145262
0.062353
-0.043839
-0.138193
-0.175242
-0.166561
-0.144501
-0.102919
-0.048727
0.006244
0.047257
0.070069
0.060398
0.035198
0.023314
0.033883
0.064166
0.104815
0.136515
0.156924
0.168882
0.168131
0.146883
0.134141
0.132325
0.157140
0.200523
0.248829
0.299168
0.340326
0.344187
0.262516
-0.028082
-0.319479
-0.468481
-0.479579
-0.287802
-0.022404
0.192981
0.257951
0.229003
0.157827
0.053892
-0.000385
-0.076568
-0.190119
-0.296683
-0.333134
-0.269530
-0.108165
0.108542
0.244260
0.263066
0.191483
0.061398
-0.059842
-0.132343
-0.171622
-0.219023
-0.245663
-0.229564
-0.159606
-0.030860
0.097316
0.158759
0.125918
0.035067
-0.072641
-0.146909
-0.160536
-0.144481
-0.116241
-0.078597
-0.034192
0.011833
0.050218
0.070182
0.058789
0.038481
0.026211
0.038711
0.074355
0.112075
0.135995
0.148199
0.147692
0.142549
0.134228
0.140082
0.156674
0.176627
0.207910
0.255681
0.290498
0.332270
0.346124
0.314234
0.113037
-0.223809
-0.424018
-0.501295
-0.382758
-0.115001
0.143007
0.279997
0.263380
0.201945
0.088686
0.006361
-0.046635
-0.148016
-0.254468
-0.324268
-0.297384
-0.176418
0.032200
0.221368
0.285376
0.249510
0.128239
-0.019127
-0.124345
-0.178393
-0.214531
-0.248071
-0.233199
-0.173132
-0.062358
0.073278
0.159422
0.154065
0.070932
-0.038795
-0.131746
-0.170241
-0.154721
-0.122827
-0.079295
-0.032750
0.011371
0.048390
0.071967
0.071562
0.049699
0.034376
0.040138
0.069170
0.106529
0.131721
0.146527
0.150594
0.149324
0.148112
0.145689
0.145509
0.153446
0.185893
0.231977
0.281785
0.311017
0.327364
0.317675
0.240289
-0.019606
-0.305335
-0.444733
-0.463133
-0.285489
-0.015949
0.204429
0.279914
0.244960
0.164987
0.043148
-0.028120
-0.094588
-0.193388
-0.277124
-0.305497
-0.244119
-0.106269
0.100391
0.246560
0.273746
0.214511
0.072257
-0.076644
-0.176996
-0.226774
-0.258537
-0.258051
-0.194831
-0.108145
0.014154
0.124431
0.162124
0.109990
0.006239
-0.098065
-0.176866
-0.186552
-0.147145
-0.096519
-0.037440
0.012076
0.048455
0.061932
0.066363
0.046828
0.026200
0.031836
0.054772
0.090309
0.129365
0.156088
0.164177
0.159155
0.152988
0.136364
0.136088
0.152770
0.179567
0.212665
0.256606
0.294977
0.318998
0.311698
0.247376
0.008957
-0.284744
-0.441026
-0.469572
-0.311387
-0.045690
0.180446
0.268599
0.236735
0.159657
0.041529
-0.033749
-0.092969
-0.187606
-0.275952
-0.309036
-0.257306
-0.132224
0.071936
0.233880
0.272372
0.220695
0.081186
-0.079226
-0.196817
-0.252405
-0.282847
-0.275273
-0.204146
-0.110498
0.010752
0.120100
0.156204
0.101636
-0.004830
-0.111634
-0.191706
-0.200373
-0.156955
-0.100924
-0.040651
0.012153
0.052068
0.068788
0.066404
0.040327
0.013615
0.017604
0.043470
0.084340
0.131592
0.163896
0.171718
0.165719
0.153673
0.132155
0.126420
0.139433
0.168060
0.211168
0.258804
0.296498
0.312778
0.294671
0.187161
-0.096378
-0.346554
-0.469604
-0.446368
-0.246399
0.016479
0.209096
0.253345
0.212134
0.118112
0.007422
-0.058503
-0.132009
-0.227817
-0.304524
-0.308304
-0.233289
-0.084005
0.118958
0.241270
0.255788
0.179628
0.028708
-0.125012
-0.228995
-0.282451
-0.310275
-0.273782
-0.187013
-0.076995
0.051842
0.138786
0.140917
0.058231
-0.052097
-0.156215
-0.213600
-0.197063
-0.145997
-0.083176
-0.021167
0.031862
0.059591
0.063428
0.047676
0.016278
0.007711
0.026573
0.065057
0.113636
0.154812
0.173433
0.172633
0.167834
0.156251
0.135569
0.133104
0.146740
0.182371
0.242375
0.298193
0.319687
0.300010
0.176223
-0.122922
-0.371759
-0.477853
-0.439330
-0.232111
0.024335
0.204795
0.234544
0.192932
0.108614
0.004601
-0.058609
-0.139372
-0.242200
-0.321349
-0.317535
-0.230386
-0.072565
0.126106
0.233934
0.235017
0.156617
0.012827
-0.133819
-0.243141
-0.299170
-0.324928
-0.284532
-0.182579
-0.062882
0.061188
0.138859
0.129573
0.040849
-0.072250
-0.168404
-0.217123
-0.195621
-0.136514
-0.070748
-0.006961
0.041118
0.062454
0.056479
0.036896
0.008976
0.002287
0.026213
0.070815
0.124991
0.170414
0.194762
0.195586
0.173456
0.148879
0.125730
0.125783
0.160573
0.214547
0.268978
0.317915
0.316387
0.220661
-0.052662
-0.332493
-0.470226
-0.465418
-0.277848
-0.026542
0.169184
0.228782
0.190373
0.116766
0.020619
-0.038902
-0.118021
-0.220713
-0.309359
-0.332908
-0.262003
-0.117528
0.079678
0.207764
0.226235
0.166037
0.032436
-0.109557
-0.222696
-0.285771
-0.315993
-0.291072
-0.203253
-0.089049
0.035803
0.116689
0.118639
0.045249
-0.062431
-0.154693
-0.205757
-0.190240
-0.136098
-0.069636
-0.009111
0.036449
0.056913
0.047905
0.028651
0.009301
0.008452
0.037316
0.088715
0.146392
0.187283
0.210015
0.205442
0.182068
0.143417
0.116063
0.121010
0.167108
0.238178
0.305103
0.336779
0.294028
0.046401
-0.279253
-0.457448
-0.497683
-0.347460
-0.084478
0.141825
0.225480
0.190781
0.127139
0.034420
-0.023071
-0.076966
-0.180896
-0.292376
-0.348997
-0.299010
-0.163055
0.045890
0.210061
0.244317
0.185771
0.054838
-0.091232
-0.193803
-0.247835
-0.291811
-0.301877
-0.244655
-0.151516
-0.023189
0.092838
0.133815
0.079138
-0.027106
-0.130616
-0.200140
-0.205511
-0.161970
-0.104924
-0.043102
0.014853
0.052652
0.060206
0.048849
0.020788
0.001393
0.013544
0.053716
0.109402
0.157949
0.193052
0.208743
0.199270
0.173808
0.146883
0.137324
0.150880
0.186458
0.247545
0.299871
0.308638
0.216842
-0.078520
-0.348120
-0.474566
-0.446908
-0.236049
0.019135
0.200451
0.223506
0.164267
0.078854
-0.010676
-0.049795
-0.115419
-0.211650
-0.304406
-0.319481
-0.242914
-0.085647
0.122171
0.238470
0.232960
0.135649
-0.016798
-0.154750
-0.238490
-0.270413
-0.289048
-0.257763
-0.185154
-0.084907
0.034983
0.114862
0.113183
0.030078
-0.079451
-0.171284
-0.212525
-0.184456
-0.125986
-0.061072
-0.003224
0.045775
0.069336
0.063403
0.043644
0.017870
0.007359
0.026902
0.076368
0.138492
0.189655
0.219655
0.217935
0.196622
0.162459
0.140516
0.156672
0.200591
0.263612
0.318264
0.321892
0.256036
-0.029280
-0.328200
-0.471115
-0.473573
-0.279733
-0.015892
0.196707
0.247395
0.194557
0.113189
0.009790
-0.042060
-0.110785
-0.206677
-0.302384
-0.329267
-0.255234
-0.102396
0.117112
0.254902
0.258745
0.164450
0.004825
-0.147378
-0.240092
-0.263259
-0.280856
-0.259735
-0.187987
-0.094552
0.023408
0.111615
0.122519
0.045553
-0.066857
-0.158743
-0.204616
-0.178206
-0.120930
-0.062653
-0.013736
0.030552
0.056976
0.059688
0.054551
0.032746
0.018300
0.036044
0.078877
0.135215
0.179881
0.211535
0.218804
0.201100
0.168814
0.142722
0.134081
0.170434
0.229627
0.295906
0.328730
0.309664
0.152703
-0.162615
-0.386683
-0.476714
-0.397173
-0.162956
0.079939
0.223230
0.222707
0.165716
0.072982
-0.005581
-0.054131
-0.141086
-0.242375
-0.316710
-0.297863
-0.194471
-0.012240
0.182153
0.259813
0.225692
0.106077
-0.050610
-0.177364
-0.240767
-0.264925
-0.277490
-0.232038
-0.152887
-0.047090
0.066228
0.124569
0.098281
0.001383
-0.100305
-0.175119
-0.194777
-0.154348
-0.098800
-0.042437
0.004141
0.047218
0.063548
0.057070
0.041842
0.023641
0.027537
0.058653
0.106709
0.161302
0.198720
0.214504
0.199515
0.178260
0.160019
0.145097
0.161461
0.213518
0.268449
0.319345
0.341601
0.299373
0.058213
-0.253074
-0.441880
-0.494061
-0.345617
-0.083281
0.154908
0.256465
0.231228
0.152305
0.043790
-0.020591
-0.086311
-0.181052
-0.277279
-0.325801
-0.281714
-0.142346
0.078166
0.244781
0.279633
0.200804
0.038772
-0.126267
-0.229047
-0.251543
-0.252251
-0.243853
-0.195062
-0.121676
-0.015493
0.086503
0.124304
0.072530
-0.035802
-0.137586
-0.193657
-0.178815
-0.121627
-0.063945
-0.016711
0.019727
0.046784
0.053169
0.049659
0.035637
0.021926
0.035551
0.076906
0.126653
0.169055
0.192559
0.202068
0.200296
0.182853
0.156999
0.148450
0.160544
0.198764
0.260568
0.324905
0.350924
0.301839
0.050708
-0.263567
-0.453802
-0.493631
-0.331330
-0.065768
0.164964
0.251148
0.216490
0.138166
0.040658
-0.015720
-0.077619
-0.172995
-0.279915
-0.332491
-0.281558
-0.136005
0.084689
0.251330
0.281107
0.192798
0.030169
-0.128862
-0.226253
-0.247315
-0.249388
-0.241768
-0.196903
-0.123208
-0.015763
0.088178
0.126793
0.070849
-0.040252
-0.141644
-0.195515
-0.177574
-0.117568
-0.056224
-0.013038
0.018522
0.044062
0.052769
0.051329
0.041131
0.029433
0.041709
0.079280
0.130200
0.179094
0.213308
0.219674
0.198078
0.174329
0.153964
0.140776
0.175220
0.233374
0.283709
0.326800
0.333546
0.232882
-0.056702
-0.325301
-0.466984
-0.455176
-0.255243
0.004165
0.198457
0.246198
0.201361
0.110763
0.015138
-0.040312
-0.119733
-0.215765
-0.299600
-0.315977
-0.238586
-0.063679
0.149757
0.266243
0.255801
0.140084
-0.032619
-0.176688
-0.244360
-0.247592
-0.244861
-0.221508
-0.167145
-0.086821
0.018889
0.099397
0.103824
0.025422
-0.083537
-0.166531
-0.191923
-0.150993
-0.090691
-0.038838
-0.004112
0.021152
0.035981
0.040665
0.041901
0.033546
0.032208
0.056684
0.100275
0.154121
0.195280
0.220067
0.214553
0.189586
0.163186
0.141255
0.151912
0.204005
0.265942
0.326382
0.342010
0.300175
0.070819
-0.245367
-0.437282
-0.493710
-0.353506
-0.097744
0.140474
0.246980
0.223820
0.152166
0.047030
-0.021072
-0.086048
-0.180808
-0.279651
-0.331623
-0.282555
-0.148729
0.064142
0.237427
0.278063
0.204002
0.046814
-0.118042
-0.229657
-0.260062
-0.261122
-0.251899
-0.201194
-0.126821
-0.023213
0.078198
0.119921
0.071666
-0.035470
-0.136958
-0.196638
-0.187431
-0.130721
-0.068588
-0.021844
0.010069
0.035696
0.043568
0.042195
0.031654
0.021773
0.034947
0.075551
0.131634
0.178436
0.205938
0.209451
0.190683
0.169568
0.150852
0.148876
0.176868
0.227690
0.273232
0.323693
0.342818
0.252402
-0.012161
-0.298252
-0.470275
-0.480616
-0.297765
-0.032329
0.180723
0.256062
0.214691
0.120901
0.021738
-0.040007
-0.114388
-0.207934
-0.294945
-0.326451
-0.263363
-0.093770
0.122998
0.260805
0.266929
0.154543
-0.024639
-0.179797
-0.258045
-0.264415
-0.256678
-0.228759
-0.170661
-0.087385
0.018615
0.098607
0.102345
0.025057
-0.088069
-0.175887
-0.203577
-0.159731
-0.090863
-0.028550
0.015541
0.040578
0.043910
0.033432
0.023323
0.014108
0.020318
0.057470
0.111584
0.168050
0.208220
0.229151
0.218177
0.186695
0.147161
0.121285
0.146615
0.214398
0.288222
0.357768
0.374297
0.303042
0.021005
-0.304423
-0.486606
-0.517314
-0.336288
-0.059257
0.177297
0.266214
0.232314
0.151425
0.042814
-0.023649
-0.104277
-0.210963
-0.314132
-0.354376
-0.286181
-0.116695
0.119239
0.278172
0.293927
0.186733
0.000897
-0.166355
-0.259506
-0.269601
-0.266669
-0.250256
-0.189979
-0.105634
0.008164
0.104438
0.123120
0.047230
-0.076004
-0.171623
-0.211288
-0.174652
-0.104858
-0.041189
0.002211
0.027893
0.040607
0.037708
0.032695
0.021313
0.016502
0.045496
0.099998
0.160225
0.204866
0.230050
0.216764
0.179243
0.153988
0.144988
0.154452
0.212592
0.272020
0.313545
0.349629
0.331561
0.119421
-0.208279
-0.431571
-0.522294
-0.408474
-0.137542
0.127738
0.265638
0.259974
0.179166
0.055487
-0.027305
-0.086423
-0.179117
-0.276663
-0.333665
-0.305302
-0.178149
0.048571
0.245051
0.301281
0.230138
0.056222
-0.135757
-0.255274
-0.281304
-0.269431
-0.249421
-0.193199
-0.118121
-0.018219
0.083652
0.122720
0.068917
-0.045750
-0.152788
-0.209853
-0.189112
-0.116295
-0.048120
0.000605
0.029115
0.043308
0.043316
0.038028
0.025772
0.011757
0.025720
0.074558
0.138355
0.196125
0.229861
0.223275
0.188731
0.161255
0.134863
0.133844
0.174425
0.226770
0.293838
0.344107
0.364564
0.281957
-0.025004
-0.323784
-0.500949
-0.506178
-0.303037
-0.018451
0.212266
0.274973
0.231615
0.128252
0.019316
-0.042019
-0.123136
-0.219770
-0.316391
-0.343976
-0.273458
-0.088939
0.150448
0.291487
0.290579
0.159769
-0.037237
-0.206417
-0.282898
-0.278725
-0.268952
-0.227572
-0.157228
-0.065204
0.043669
0.118676
0.110330
0.012907
-0.108230
-0.193553
-0.207784
-0.149654
-0.073360
-0.007387
0.032110
0.051824
0.052507
0.042049
0.030061
0.017145
0.020036
0.053329
0.109792
0.175687
0.225070
0.248698
0.229266
0.185915
0.150046
0.122076
0.133907
0.186143
0.239318
0.302707
0.345420
0.331099
0.097483
-0.213892
-0.423963
-0.508463
-0.372769
-0.116740
0.131049
0.243880
0.229387
0.153601
0.042202
-0.016250
-0.077800
-0.167581
-0.267570
-0.328153
-0.299910
-0.162703
0.067013
0.243399
0.287054
0.197663
0.014243
-0.163329
-0.261032
-0.270505
-0.261934
-0.230988
-0.172099
-0.098332
0.004328
0.092744
0.111280
0.038883
-0.074102
-0.165993
-0.201120
-0.157948
-0.083365
-0.013740
0.032567
0.053722
0.056730
0.044732
0.030256
0.017116
0.019917
0.051655
0.103910
0.166669
0.220493
0.246911
0.231858
0.194508
0.156627
0.125808
0.139122
0.193002
0.261123
0.325223
0.342810
0.280595
0.042587
-0.241895
-0.428912
-0.472380
-0.324063
-0.086000
0.136516
0.235214
0.220654
0.144459
0.042790
-0.024693
-0.100719
-0.193606
-0.282560
-0.321711
-0.275115
-0.127540
0.089052
0.242472
0.272460
0.175811
-0.001004
-0.170926
-0.267866
-0.290032
-0.280954
-0.233395
-0.159808
-0.067528
0.036753
0.103902
0.098864
0.015972
-0.093973
-0.180795
-0.204200
-0.156188
-0.078122
-0.002777
0.047210
0.068436
0.066062
0.046855
0.027984
0.012853
0.020347
0.055958
0.119206
0.187245
0.240247
0.257999
0.229688
0.177265
0.140577
0.129918
0.162626
0.217382
0.270614
0.313257
0.342857
0.227308
-0.068090
-0.324943
-0.483259
-0.461210
-0.255668
0.012009
0.209048
0.254271
0.209293
0.099359
-0.000020
-0.062693
-0.138725
-0.227477
-0.306486
-0.318743
-0.240158
-0.049726
0.166180
0.279729
0.257495
0.114526
-0.081698
-0.236743
-0.289068
-0.280848
-0.255558
-0.198937
-0.126861
-0.035941
0.058978
0.108037
0.074492
-0.026110
-0.134654
-0.202342
-0.193261
-0.124274
-0.042633
0.017916
0.047412
0.051306
0.039695
0.029281
0.021687
0.016729
0.030022
0.070223
0.133619
0.195892
0.242378
0.254102
0.223331
0.174191
0.139213
0.128975
0.161614
0.215491
0.279669
0.331932
0.349908
0.168720
-0.151762
-0.390715
-0.514372
-0.426602
-0.181108
0.087702
0.239488
0.243296
0.176664
0.060199
-0.019118
-0.077643
-0.157998
-0.255430
-0.329487
-0.318721
-0.202752
0.017754
0.220166
0.295575
0.230027
0.054271
-0.141016
-0.265570
-0.284896
-0.264776
-0.233878
-0.179557
-0.113904
-0.023808
0.067894
0.106380
0.056917
-0.052701
-0.156065
-0.207271
-0.180098
-0.106934
-0.033049
0.015341
0.036189
0.040126
0.032101
0.025394
0.017463
0.016384
0.040858
0.087025
0.142268
0.192160
0.227997
0.231538
0.204138
0.160287
0.131245
0.127716
0.151112
0.205265
0.289781
0.345436
0.369717
0.200330
-0.141883
-0.404400
-0.538721
-0.450454
-0.196822
0.086809
0.251886
0.253035
0.182043
0.064526
-0.015122
-0.069611
-0.150486
-0.256502
-0.343919
-0.334362
-0.218130
0.008439
0.226014
0.311487
0.245917
0.066850
-0.130544
-0.262578
-0.286835
-0.261376
-0.232950
-0.184208
-0.125305
-0.035494
0.062968
0.113401
0.072214
-0.038691
-0.149708
-0.211153
-0.190978
-0.115607
-0.037808
0.012530
0.029556
0.033339
0.024088
0.019034
0.017623
0.020408
0.039076
0.076188
0.123858
0.171704
0.203583
0.209082
0.191350
0.164628
0.135947
0.126692
0.148510
0.200169
0.258702
0.319060
0.355433
0.318200
0.059422
-0.262242
-0.468736
-0.523673
-0.361030
-0.081488
0.172056
0.273310
0.237605
0.142725
0.024997
-0.041977
-0.109281
-0.198263
-0.293736
-0.342799
-0.294444
-0.132017
0.103126
0.274618
0.300631
0.190655
-0.007022
-0.190178
-0.284565
-0.282009
-0.255959
-0.214767
-0.156118
-0.083278
0.010563
0.090935
0.104613
0.034155
-0.080205
-0.172568
-0.204425
-0.160378
-0.087175
-0.020467
0.018366
0.034731
0.035711
0.029716
0.023259
0.016507
0.016769
0.044394
0.092344
0.148723
0.189531
0.210233
0.208882
0.189574
0.159854
0.148537
0.142881
0.163684
0.203415
0.271353
0.341402
0.375903
0.247193
-0.092495
-0.381010
-0.534615
-0.482361
-0.227033
0.064427
0.255512
0.264137
0.186375
0.069407
-0.018823
-0.059849
-0.131049
-0.231873
-0.329763
-0.346452
-0.243578
-0.028378
0.208096
0.318476
0.269708
0.093730
-0.116331
-0.258383
-0.291205
-0.262315
-0.232349
-0.187587
-0.127771
-0.044746
0.056190
0.113456
0.082034
-0.027322
-0.141916
-0.207120
-0.193579
-0.118119
-0.036369
0.016000
0.034787
0.037336
0.029508
0.022061
0.017702
0.012938
0.028227
0.068093
0.124970
0.181899
0.217523
0.219739
0.200029
0.169049
0.142732
0.132085
0.153572
0.191271
0.239040
0.296412
0.344576
0.290884
0.010627
-0.288319
-0.474771
-0.499018
-0.306233
-0.027040
0.199751
0.261783
0.207012
0.099600
-0.003784
-0.050879
-0.117280
-0.208639
-0.309373
-0.360262
-0.297612
-0.106903
0.147051
0.306355
0.304639
0.156339
-0.064519
-0.242999
-0.309965
-0.288855
-0.257100
-0.211673
-0.150691
-0.073065
0.030617
0.105578
0.099813
0.006320
-0.116430
-0.203714
-0.214716
-0.148122
-0.060712
0.007305
0.038644
0.044670
0.038862
0.029886
0.028341
0.028399
0.034641
0.064836
0.119547
0.176076
0.219475
0.240000
0.226408
0.196242
0.172387
0.164508
0.170128
0.214073
0.285015
0.345274
0.363462
0.268260
-0.021352
-0.339439
-0.510062
-0.499173
-0.292035
-0.000172
0.221822
0.278361
0.214666
0.107147
-0.000637
-0.066089
-0.131111
-0.227438
-0.319962
-0.351739
-0.275672
-0.082327
0.157941
0.308772
0.298552
0.147845
-0.067860
-0.246602
-0.318951
-0.311742
-0.277700
-0.216842
-0.135777
-0.039264
0.059042
0.115779
0.088756
-0.015983
-0.138102
-0.217444
-0.214173
-0.142903
-0.051766
0.019584
0.054020
0.059259
0.047115
0.030530
0.017098
0.010001
0.023406
0.066173
0.137511
0.209368
0.263083
0.272875
0.229326
0.171761
0.132821
0.135067
0.174963
0.230442
0.309707
0.361266
0.361959
0.222331
-0.097971
-0.375822
-0.523459
-0.473720
-0.241664
0.038089
0.236646
0.270717
0.212337
0.099888
-0.004092
-0.073054
-0.155064
-0.252004
-0.336286
-0.343374
-0.241693
-0.033212
0.192154
0.310510
0.276493
0.110316
-0.098660
-0.257471
-0.313374
-0.306352
-0.274090
-0.205404
-0.122286
-0.021143
0.077993
0.122139
0.076822
-0.036772
-0.151256
-0.217580
-0.202537
-0.129383
-0.042502
0.024883
0.055073
0.060334
0.053272
0.040647
0.026787
0.020170
0.032906
0.072221
0.140858
0.207767
0.258503
0.270563
0.238978
0.189060
0.155141
0.152228
0.180495
0.235258
0.297921
0.339717
0.321383
0.131164
-0.173340
-0.407256
-0.499037
-0.393081
-0.147780
0.106144
0.245588
0.243155
0.163693
0.053783
-0.028114
-0.090496
-0.169299
-0.261875
-0.323038
-0.305309
-0.184848
0.029615
0.224038
0.299371
0.228396
0.050427
-0.144751
-0.273334
-0.303039
-0.290466
-0.249617
-0.181438
-0.102185
-0.000615
0.088710
0.113493
0.052115
-0.061178
-0.167239
-0.219049
-0.189764
-0.112357
-0.030848
0.025086
0.051293
0.057979
0.050032
0.042453
0.033417
0.030321
0.042625
0.081481
0.142620
0.203396
0.245931
0.250463
0.226799
0.190018
0.163603
0.177004
0.225045
0.283902
0.342889
0.368349
0.306228
0.017602
-0.317038
-0.506880
-0.533689
-0.335173
-0.037766
0.214192
0.300609
0.248773
0.140743
0.015091
-0.057086
-0.130277
-0.224352
-0.316725
-0.355758
-0.294496
-0.120131
0.128819
0.301042
0.321828
0.198978
-0.013625
-0.212530
-0.317156
-0.320956
-0.296716
-0.242362
-0.158779
-0.066109
0.041735
0.119195
0.115690
0.023638
-0.103623
-0.205070
-0.234557
-0.178313
-0.089514
-0.008055
0.041731
0.060894
0.057896
0.043562
0.030605
0.019058
0.020932
0.049683
0.104168
0.173335
0.231755
0.262736
0.247619
0.203536
0.155933
0.139340
0.161462
0.201299
0.255815
0.313018
0.345316
0.325766
0.103905
-0.217851
-0.442873
-0.528476
-0.399163
-0.133139
0.134375
0.265516
0.252266
0.166137
0.042975
-0.038119
-0.103764
-0.184982
-0.277445
-0.340799
-0.318507
-0.184285
0.044230
0.239983
0.308902
0.227938
0.037134
-0.167994
-0.294985
-0.323015
-0.307082
-0.254346
-0.174470
-0.085635
0.016929
0.097379
0.112509
0.039001
-0.079953
-0.185855
-0.227574
-0.187757
-0.103938
-0.012666
0.048095
0.067234
0.061275
0.041387
0.023216
0.008305
0.012788
0.046156
0.108961
0.182893
0.248566
0.282806
0.266033
0.206327
0.152165
0.129433
0.158871
0.209291
0.269254
0.344987
0.396384
0.319983
0.009352
-0.309909
-0.521607
-0.550956
-0.343784
-0.047434
0.200374
0.281326
0.243031
0.134795
0.020148
-0.042403
-0.120887
-0.218235
-0.323988
-0.374642
-0.311979
-0.123687
0.126503
0.294465
0.311431
0.174942
-0.042638
-0.227595
-0.310223
-0.309933
-0.285494
-0.232091
-0.163087
-0.075935
0.033813
0.109658
0.102320
0.008644
-0.114155
-0.204367
-0.219692
-0.159513
-0.069933
0.011615
0.052845
0.061523
0.052643
0.034297
0.021415
0.014546
0.026227
0.064206
0.132286
0.203974
0.258540
0.277319
0.246536
0.201556
0.165484
0.155140
0.193002
0.240150
0.298510
0.353804
0.373457
0.169494
-0.177326
-0.429792
-0.563042
-0.455997
-0.182519
0.108386
0.271695
0.273298
0.191822
0.057491
-0.024948
-0.085621
-0.170868
-0.269775
-0.353664
-0.348620
-0.227099
0.011722
0.235159
0.324122
0.254604
0.058662
-0.158397
-0.297352
-0.326106
-0.305663
-0.260994
-0.189854
-0.113050
-0.012313
0.081994
0.114305
0.054794
-0.061356
-0.171775
-0.224449
-0.191101
-0.103276
-0.013818
0.040994
0.056766
0.053413
0.038687
0.029967
0.024506
0.028987
0.054325
0.104593
0.174057
0.245262
0.287117
0.275759
0.226611
0.182283
0.146184
0.161940
0.207991
0.258517
0.321084
0.376166
0.296544
-0.016876
-0.315412
-0.512971
-0.530379
-0.317820
-0.026752
0.208030
0.276386
0.235458
0.120796
0.010426
-0.046345
-0.124484
-0.218514
-0.317541
-0.362742
-0.302013
-0.111744
0.138290
0.294266
0.303360
0.161994
-0.056488
-0.238885
-0.315408
-0.312615
-0.286072
-0.226693
-0.155928
-0.065956
0.042022
0.110471
0.095599
-0.001448
-0.122494
-0.209367
-0.214932
-0.143242
-0.052849
0.018903
0.049995
0.054171
0.045731
0.036787
0.033795
0.029072
0.037455
0.070034
0.133521
0.210793
0.270608
0.282084
0.240698
0.185947
0.156819
0.165378
0.205108
0.251048
0.313836
0.357635
0.373247
0.169007
-0.183185
-0.439481
-0.573736
-0.467345
-0.193575
0.108379
0.282278
0.288581
0.209815
0.070662
-0.022355
-0.094107
-0.182435
-0.279588
-0.363993
-0.356253
-0.230562
0.012779
0.243778
0.338682
0.269995
0.068646
-0.155835
-0.305525
-0.338646
-0.317779
-0.270709
-0.194039
-0.110043
-0.001566
0.094642
0.125879
0.063042
-0.061484
-0.178436
-0.233525
-0.196453
-0.105589
-0.009807
0.054223
0.071349
0.067383
0.049354
0.035127
0.023184
0.018711
0.041525
0.098663
0.179420
0.255154
0.293126
0.278302
0.227365
0.181201
0.159077
0.172051
0.200809
0.268706
0.326744
0.360208
0.267016
-0.055903
-0.344426
-0.520383
-0.505196
-0.281406
0.006450
0.228115
0.271804
0.220776
0.106336
0.000518
-0.058196
-0.138380
-0.228410
-0.327984
-0.358738
-0.279401
-0.081923
0.160539
0.302692
0.291782
0.134542
-0.083300
-0.257002
-0.323659
-0.310892
-0.282202
-0.218784
-0.142940
-0.050722
0.052093
0.111177
0.086905
-0.016662
-0.137101
-0.216220
-0.211426
-0.135798
-0.042446
0.034773
0.064371
0.064360
0.052746
0.038766
0.031305
0.028922
0.041725
0.085243
0.157472
0.241382
0.292507
0.290544
0.247382
0.191216
0.155820
0.175054
0.235105
0.312900
0.353209
0.339735
0.178145
-0.150886
-0.399190
-0.512116
-0.441188
-0.203156
0.059395
0.232133
0.253733
0.202621
0.100635
0.004902
-0.069604
-0.172649
-0.275588
-0.353569
-0.349478
-0.232549
-0.013612
0.205252
0.306751
0.261086
0.091233
-0.115882
-0.271010
-0.334205
-0.333412
-0.291645
-0.211248
-0.111069
-0.001670
0.087250
0.114375
0.056439
-0.058396
-0.169212
-0.224838
-0.198720
-0.116121
-0.021802
0.046166
0.074882
0.076920
0.061256
0.044241
0.032893
0.033545
0.061800
0.122137
0.205740
0.279642
0.304372
0.280387
0.223719
0.168094
0.171555
0.220581
0.280823
0.332978
0.330679
0.233401
-0.054660
-0.336570
-0.475957
-0.469367
-0.274770
-0.018437
0.186508
0.251000
0.215436
0.134943
0.031246
-0.043126
-0.140348
-0.247994
-0.333025
-0.356958
-0.281118
-0.094539
0.136011
0.279459
0.285852
0.161732
-0.041008
-0.223433
-0.328579
-0.352163
-0.323729
-0.250099
-0.143729
-0.029331
0.072250
0.120469
0.084582
-0.018934
-0.139288
-0.217314
-0.220565
-0.150296
-0.050750
0.037976
0.083380
0.087011
0.065320
0.037028
0.021640
0.027474
0.054718
0.109585
0.185614
0.254240
0.290394
0.293039
0.259912
0.205035
0.178603
0.203610
0.260013
0.317992
0.337483
0.284511
0.027459
-0.288071
-0.469977
-0.499778
-0.333395
-0.068552
0.163519
0.254461
0.224298
0.142457
0.038550
-0.028613
-0.104819
-0.209319
-0.310278
-0.363228
-0.316679
-0.147741
0.089682
0.264807
0.295503
0.184989
-0.011734
-0.202270
-0.317892
-0.344156
-0.317087
-0.255700
-0.162772
-0.055824
0.044838
0.108652
0.094917
0.005374
-0.114754
-0.202727
-0.220867
-0.160562
-0.062320
0.023808
0.071130
0.080968
0.067906
0.047874
0.032369
0.031697
0.050623
0.097078
0.166644
0.240521
0.288232
0.294324
0.257404
0.198107
0.162286
0.172964
0.212085
0.286727
0.337821
0.333393
0.185977
-0.134908
-0.389659
-0.504967
-0.435856
-0.204206
0.051217
0.221824
0.239318
0.183669
0.090076
0.007565
-0.053708
-0.147557
-0.252033
-0.346186
-0.362039
-0.249558
-0.035992
0.189328
0.300519
0.257188
0.088792
-0.117384
-0.274065
-0.343672
-0.331177
-0.282795
-0.203518
-0.101731
0.002104
0.088508
0.109217
0.050280
-0.064633
-0.173454
-0.221443
-0.189619
-0.097240
0.002465
0.068838
0.086539
0.075306
0.051510
0.030058
0.023403
0.030074
0.064161
0.135755
0.224797
0.292833
0.316032
0.286319
0.225955
0.182618
0.184893
0.204437
0.261629
0.331325
0.353031
0.212910
-0.109075
-0.375389
-0.517624
-0.459425
-0.219283
0.048466
0.225855
0.247073
0.186902
0.084001
0.001627
-0.050303
-0.137663
-0.240973
-0.338821
-0.360391
-0.257316
-0.044966
0.181730
0.294929
0.255198
0.088535
-0.118545
-0.264823
-0.322231
-0.317588
-0.277722
-0.209422
-0.123446
-0.020817
0.076528
0.113426
0.062390
-0.047557
-0.159740
-0.217617
-0.196384
-0.110223
-0.010401
0.057647
0.080162
0.071539
0.052152
0.038201
0.029805
0.035108
0.064556
0.118123
0.185483
0.257164
0.289443
0.274818
0.237102
0.190390
0.176607
0.194015
0.253172
0.322886
0.332056
0.264438
0.005459
-0.287194
-0.460311
-0.478269
-0.303473
-0.055237
0.165001
0.242368
0.210760
0.134933
0.033039
-0.031944
-0.109757
-0.205687
-0.304067
-0.349843
-0.292532
-0.127925
0.097166
0.258994
0.282712
0.165971
-0.028751
-0.205745
-0.306654
-0.327255
-0.303461
-0.241544
-0.156978
-0.055699
0.046108
0.109706
0.096042
0.004612
-0.112081
-0.198455
-0.216097
-0.158747
-0.064423
0.024868
0.071319
0.079535
0.066163
0.046412
0.030966
0.027736
0.042080
0.080821
0.144535
0.225070
0.283520
0.294492
0.260405
0.207649
0.173147
0.174230
0.201611
0.272284
0.328955
0.336702
0.213774
-0.083800
-0.342790
-0.487589
-0.449092
-0.239890
0.012916
0.199978
0.237128
0.195272
0.104009
0.014797
-0.048547
-0.133606
-0.231572
-0.324172
-0.346320
-0.264302
-0.073026
0.149813
0.279993
0.269337
0.123233
-0.078424
-0.242409
-0.320313
-0.328081
-0.291914
-0.218174
-0.128682
-0.024895
0.071726
0.116779
0.077436
-0.027673
-0.141218
-0.213723
-0.209063
-0.134452
-0.036144
0.041975
0.074846
0.077583
0.062310
0.044814
0.033081
0.031013
0.049575
0.094013
0.160338
0.237803
0.290199
0.291659
0.246141
0.195345
0.166218
0.178780
0.229451
0.292379
0.330853
0.317710
0.166828
-0.139835
-0.382848
-0.489134
-0.425413
-0.200749
0.053747
0.220531
0.242725
0.189409
0.093592
-0.003273
-0.072824
-0.160081
-0.259436
-0.333665
-0.333573
-0.235791
-0.035940
0.179816
0.291015
0.258674
0.103882
-0.103125
-0.266783
-0.342108
-0.343093
-0.293937
-0.203790
-0.097083
0.007565
0.092690
0.118067
0.057868
-0.054388
-0.164967
-0.224401
-0.207534
-0.121611
-0.015537
0.060450
0.088890
0.082856
0.057047
0.031699
0.018210
0.022474
0.051139
0.112057
0.189053
0.264459
0.291977
0.267524
0.224905
0.184698
0.170015
0.196913
0.248923
0.298099
0.316898
0.316359
0.148333
-0.168696
-0.394626
-0.501790
-0.425972
-0.188558
0.078020
0.240290
0.252612
0.197209
0.080238
-0.022600
-0.089690
-0.174235
-0.268305
-0.332914
-0.321768
-0.230320
-0.027950
0.192132
0.296048
0.264780
0.107319
-0.111951
-0.297359
-0.371132
-0.357654
-0.294429
-0.179044
-0.065407
0.030784
0.102232
0.115788
0.047588
-0.069447
-0.175227
-0.236529
-0.214272
-0.116675
-0.003452
0.077681
0.104231
0.089545
0.047693
0.014867
0.006094
0.014964
0.051901
0.118766
0.198229
0.266644
0.294631
0.273299
0.219284
0.172589
0.162198
0.196498
0.250804
0.320108
0.338940
0.319427
0.158728
-0.158462
-0.391579
-0.506913
-0.434853
-0.210282
0.049854
0.228600
0.252290
0.207804
0.100740
-0.005985
-0.085477
-0.179882
-0.274977
-0.349732
-0.336045
-0.223229
-0.021624
0.190385
0.289557
0.245982
0.083164
-0.119473
-0.278062
-0.349873
-0.340602
-0.286574
-0.190826
-0.082819
0.018326
0.094045
0.104287
0.038211
-0.074656
-0.175149
-0.221194
-0.191773
-0.100221
0.001136
0.071899
0.095519
0.084620
0.048605
0.012496
-0.001344
0.011432
0.057889
0.131497
0.210495
0.275754
0.297646
0.267827
0.212235
0.164639
0.145858
0.179481
0.241727
0.307750
0.335481
0.316389
0.164140
-0.123542
-0.354699
-0.478398
-0.429035
-0.229076
0.014448
0.192757
0.237278
0.206601
0.111117
0.008542
-0.073288
-0.169042
-0.264173
-0.335763
-0.337091
-0.240886
-0.044814
0.167663
0.281829
0.258186
0.107502
-0.098819
-0.272122
-0.353525
-0.350288
-0.293639
-0.193348
-0.084910
0.015111
0.089963
0.103401
0.041131
-0.067559
-0.169703
-0.221566
-0.195530
-0.103320
-0.000233
0.072485
0.096629
0.082431
0.047735
0.019043
0.008294
0.020335
0.059583
0.128666
0.211962
0.276743
0.303762
0.280938
0.220552
0.171731
0.145224
0.184497
0.254172
0.312741
0.332526
0.298228
0.131312
-0.161938
-0.369949
-0.468388
-0.402193
-0.194499
0.037359
0.198180
0.227360
0.194301
0.100898
-0.000684
-0.079944
-0.180819
-0.274950
-0.336960
-0.323271
-0.213205
-0.015837
0.183849
0.273601
0.233901
0.082091
-0.116420
-0.272340
-0.345347
-0.340680
-0.287238
-0.188816
-0.080107
0.020015
0.096065
0.104877
0.038118
-0.072470
-0.172617
-0.221390
-0.195327
-0.102325
-0.003989
0.064570
0.091605
0.086378
0.060694
0.032840
0.018980
0.022335
0.053886
0.120600
0.205116
0.278314
0.306419
0.276096
0.208357
0.158538
0.133908
0.161264
0.225776
0.289445
0.331720
0.324078
0.190957
-0.092817
-0.342444
-0.474362
-0.445228
-0.251876
-0.005933
0.180292
0.233320
0.203143
0.117809
0.015737
-0.060180
-0.150379
-0.250425
-0.331898
-0.351206
-0.262316
-0.071422
0.151783
0.281660
0.267842
0.124496
-0.093521
-0.276611
-0.358370
-0.353158
-0.292421
-0.191679
-0.083984
0.011717
0.090249
0.111678
0.052366
-0.059806
-0.171686
-0.232465
-0.208112
-0.107958
0.004293
0.080323
0.105925
0.091543
0.057584
0.027076
0.012799
0.019291
0.058270
0.124113
0.199236
0.268641
0.300358
0.280427
0.231373
0.179670
0.145112
0.150214
0.193963
0.265560
0.333302
0.370800
0.209020
-0.125747
-0.388324
-0.529099
-0.462797
-0.223566
0.055060
0.223534
0.235476
0.182425
0.077354
-0.005250
-0.053132
-0.136758
-0.250254
-0.356425
-0.370101
-0.264821
-0.038996
0.201003
0.303377
0.251414
0.071773
-0.143823
-0.291721
-0.338065
-0.316378
-0.268791
-0.187087
-0.098351
-0.001622
0.085223
0.106191
0.042290
-0.074806
-0.176473
-0.221056
-0.179314
-0.074541
0.020071
0.075054
0.086198
0.071128
0.043920
0.025223
0.017632
0.025140
0.065447
0.133296
0.211063
0.275825
0.294617
0.266399
0.209432
0.157244
0.125216
0.142998
0.188362
0.254650
0.333314
0.384487
0.261156
-0.053239
-0.334556
-0.512768
-0.497858
-0.285875
-0.010343
0.190146
0.237840
0.203311
0.105937
0.017553
-0.032956
-0.114682
-0.225975
-0.341014
-0.379340
-0.295425
-0.087494
0.156322
0.282941
0.260879
0.101500
-0.108817
-0.263257
-0.322597
-0.309589
-0.268649
-0.196025
-0.112210
-0.019452
0.071822
0.102922
0.053484
-0.055200
-0.158882
-0.209743
-0.177990
-0.079867
0.014572
0.074589
0.092079
0.075633
0.045292
0.016841
0.005906
0.014316
0.053216
0.123485
0.206906
0.276436
0.303507
0.275077
0.211309
0.150088
0.120513
0.143552
0.192528
0.248523
0.304309
0.336250
0.309609
0.086452
-0.199896
-0.412919
-0.500629
-0.389928
-0.158156
0.091215
0.217767
0.227771
0.169322
0.057494
-0.021058
-0.093503
-0.182237
-0.291415
-0.360773
-0.322035
-0.176687
0.053639
0.230162
0.267458
0.167170
-0.025626
-0.205052
-0.310498
-0.323719
-0.291936
-0.229145
-0.140206
-0.046365
0.048251
0.102040
0.083018
-0.010187
-0.125579
-0.198948
-0.200956
-0.121090
-0.016931
0.061029
0.096080
0.094023
0.072356
0.042272
0.022234
0.017095
0.035990
0.085287
0.164426
0.250995
0.296824
0.281704
0.231587
0.168195
0.123223
0.129999
0.189548
0.255174
0.301897
0.322803
0.299132
0.110401
-0.172929
-0.376788
-0.476056
-0.398460
-0.187665
0.052876
0.199513
0.223357
0.183443
0.077273
-0.016584
-0.091411
-0.184671
-0.283203
-0.353468
-0.324904
-0.193237
0.027155
0.214307
0.271036
0.192992
0.008774
-0.182487
-0.301952
-0.331603
-0.304825
-0.245234
-0.152541
-0.056942
0.038526
0.102880
0.092447
0.004184
-0.112632
-0.196607
-0.209659
-0.138850
-0.030887
0.052088
0.091802
0.090618
0.069092
0.043767
0.030346
0.022378
0.030619
0.075117
0.149452
0.230451
0.291655
0.297177
0.240222
0.169270
0.127730
0.112048
0.143572
0.208391
0.265099
0.293243
0.304505
0.229729
-0.030755
-0.285124
-0.427995
-0.449747
-0.297285
-0.055828
0.144965
0.207624
0.196047
0.124442
0.011537
