0.145046
0.145486
0.070967
-0.041178
-0.129576
-0.176705
-0.180225
-0.190057
-0.181162
-0.186242
-0.163792
-0.104511
-0.050821
-0.051996
-0.101519
-0.180874
-0.215709
-0.145892
-0.054430
0.006416
0.035607
0.073850
0.114331
0.164233
0.194980
0.216144
0.229889
0.252669
0.269832
0.291663
0.305817
0.294532
0.176671
-0.008892
-0.181261
-0.250338
-0.165645
0.002385
0.141668
0.159415
0.091212
-0.032461
-0.125825
-0.179677
-0.192684
-0.202950
-0.185329
-0.180253
-0.163197
-0.120262
-0.091602
-0.119090
-0.169376
-0.164260
-0.128069
-0.065581
-0.020883
-0.000675
0.004645
0.060737
0.131621
0.184298
0.220892
0.250084
0.254372
0.262735
0.280843
0.288298
0.291159
0.261727
0.121163
-0.069144
-0.211553
-0.234708
-0.126004
0.043390
0.153200
0.140496
0.060868
-0.052342
-0.139328
-0.183713
-0.191288
-0.196193
-0.172222
-0.121160
-0.126597
-0.205494
-0.213516
-0.172687
-0.113387
-0.064845
-0.048688
-0.071785
-0.056595
-0.024391
-0.007721
0.047333
0.134078
0.213572
0.267912
0.295729
0.267749
0.253220
0.264665
0.274689
0.278351
0.239954
0.083613
-0.103225
-0.220574
-0.200769
-0.084408
0.070103
0.140140
0.103701
0.011794
-0.086155
-0.155536
-0.188479
-0.190107
-0.191693
-0.154480
-0.121866
-0.128870
-0.142193
-0.138033
-0.140395
-0.129822
-0.123017
-0.131681
-0.105733
-0.045705
-0.007349
0.016175
0.062577
0.120644
0.172827
0.216497
0.235694
0.243340
0.263059
0.282856
0.296490
0.311514
0.273261
0.118752
-0.067298
-0.212669
-0.232830
-0.122879
0.045400
0.138010
0.132617
0.054110
-0.059633
-0.145013
-0.187549
-0.207464
-0.219924
-0.205221
-0.226739
-0.217705
-0.166131
-0.119599
-0.099196
-0.073297
-0.085468
-0.107436
-0.092079
-0.070860
-0.049789
0.011675
0.112775
0.190752
0.244080
0.262223
0.252081
0.237056
0.243453
0.252665
0.266621
0.273054
0.211096
0.053916
-0.099977
-0.207103
-0.202303
-0.086019
0.051839
0.107135
0.086254
0.014072
-0.081563
-0.146366
-0.178956
-0.197406
-0.197920
-0.159452
-0.106283
-0.107555
-0.166063
-0.215468
-0.239837
-0.187588
-0.107865
-0.049223
-0.035845
-0.022390
-0.028292
-0.011699
0.042869
0.115201
0.178491
0.236321
0.269761
0.275125
0.287143
0.295733
0.302845
0.302273
0.230575
0.046731
-0.142793
-0.260534
-0.218989
-0.072429
0.092891
0.145410
0.100228
-0.008532
-0.111028
-0.178196
-0.207136
-0.223208
-0.219786
-0.207305
-0.215328
-0.175838
-0.111908
-0.058534
-0.063544
-0.115807
-0.199377
-0.185379
-0.106654
-0.034337
0.004209
0.048266
0.101591
0.162125
0.195821
0.198245
0.206077
0.220994
0.242189
0.264907
0.290794
0.291918
0.238395
0.090333
-0.076118
-0.211696
-0.219656
-0.119006
0.026302
0.104378
0.099777
0.025336
-0.074077
-0.143644
-0.186822
-0.206592
-0.214187
-0.194642
-0.213162
-0.205486
-0.167827
-0.143675
-0.166506
-0.144398
-0.118989
-0.092448
-0.060130
-0.045126
-0.049333
-0.004686
0.091197
0.159793
0.205336
0.232384
0.247293
0.250629
0.267432
0.268626
0.272572
0.275789
0.217857
0.056884
-0.101831
-0.216906
-0.217528
-0.101395
0.044665
0.103469
0.079083
0.005306
-0.097766
-0.161588
-0.193889
-0.208132
-0.215950
-0.174293
-0.199371
-0.235452
-0.182945
-0.107245
-0.104320
-0.126793
-0.131144
-0.132481
-0.084341
-0.043745
-0.037310
-0.003166
0.100146
0.173386
0.214909
0.237406
0.233731
0.234399
0.263621
0.278584
0.277232
0.287611
0.215806
0.049533
-0.105380
-0.207172
-0.208370
-0.091052
0.048154
0.098696
0.072905
-0.000539
-0.100373
-0.166203
-0.193625
-0.212868
-0.216466
-0.216957
-0.250843
-0.240676
-0.182139
-0.127636
-0.084989
-0.062536
-0.087707
-0.108758
-0.098240
-0.084030
-0.050447
0.037934
0.139694
0.208970
0.250324
0.254884
0.236824
0.228175
0.239951
0.253401
0.267011
0.263184
0.176021
0.024904
-0.107032
-0.191246
-0.173977
-0.068884
0.033543
0.064124
0.047797
-0.018775
-0.102256
-0.154860
-0.186607
-0.207889
-0.204931
-0.165737
-0.188817
-0.227818
-0.193572
-0.138277
-0.108858
-0.102784
-0.115563
-0.127821
-0.085707
-0.045815
-0.025230
0.028538
0.112551
0.176283
0.224575
0.246589
0.237624
0.244755
0.269478
0.287138
0.298085
0.298349
0.188448
0.013313
-0.138072
-0.225601
-0.190877
-0.060321
0.064057
0.093356
0.062833
-0.025992
-0.113351
-0.170565
-0.198959
-0.225793
-0.226065
-0.260079
-0.288036
-0.224654
-0.146354
-0.083784
-0.043945
-0.050771
-0.102535
-0.108843
-0.103173
-0.087478
-0.023911
0.091835
0.181356
0.237573
0.259297
0.242286
0.225472
0.229250
0.240259
0.251791
0.270786
0.244353
0.139069
-0.002296
-0.120131
-0.188926
-0.145919
-0.042883
0.037445
0.059707
0.035391
-0.040788
-0.114737
-0.156377
-0.188137
-0.201526
-0.214888
-0.243652
-0.242990
-0.193377
-0.152356
-0.124441
-0.095445
-0.082769
-0.085674
-0.083390
-0.085068
-0.069983
0.003313
0.116409
0.196352
0.235827
0.255200
0.256625
0.256993
0.270244
0.287983
0.296404
0.299116
0.223286
0.057230
-0.102922
-0.219034
-0.213298
-0.099080
0.037163
0.090247
0.079131
0.005021
-0.088394
-0.151162
-0.187136
-0.216722
-0.251782
-0.271765
-0.262178
-0.169069
-0.068793
-0.030424
-0.090811
-0.150567
-0.160011
-0.123329
-0.082792
-0.054658
-0.019913
0.064534
0.168377
0.207527
0.209935
0.209867
0.218662
0.236106
0.270802
0.285738
0.291295
0.283346
0.203327
0.048512
-0.091142
-0.190453
-0.188542
-0.084207
0.032523
0.078081
0.064833
0.001047
-0.088944
-0.148146
-0.187488
-0.212907
-0.215734
-0.183305
-0.220460
-0.233009
-0.174930
-0.106596
-0.076397
-0.081223
-0.122399
-0.142391
-0.095181
-0.053101
-0.014881
0.055242
0.141328
0.189130
0.230552
0.240135
0.233207
0.244477
0.270598
0.284694
0.299143
0.298129
0.195171
0.030727
-0.116725
-0.214320
-0.192818
-0.069483
0.046343
0.085414
0.067576
-0.010231
-0.099776
-0.152395
-0.186084
-0.216036
-0.207691
-0.205197
-0.280076
-0.267475
-0.188757
-0.105227
-0.039882
-0.017869
-0.070604
-0.104144
-0.093107
-0.091087
-0.045399
0.060672
0.167404
0.229319
0.275584
0.259670
0.235178
0.236182
0.248484
0.255358
0.279300
0.275189
0.167119
0.018879
-0.112232
-0.197599
-0.165881
-0.049902
0.040794
0.065797
0.047871
-0.026841
-0.101633
-0.144065
-0.178026
-0.206293
-0.191371
-0.186664
-0.229685
-0.206573
-0.137218
-0.106028
-0.111279
-0.103868
-0.109493
-0.090529
-0.057134
-0.050595
-0.028411
0.064294
0.160101
0.208763
0.240634
0.244273
0.242748
0.259481
0.283702
0.291449
0.310425
0.298660
0.167933
0.001982
-0.143107
-0.221022
-0.167126
-0.028297
0.072845
0.091910
0.059285
-0.031277
-0.108948
-0.155057
-0.187793
-0.217432
-0.200365
-0.170989
-0.193157
-0.207069
-0.184344
-0.149408
-0.089498
-0.046157
-0.055323
-0.074377
-0.067900
-0.068197
-0.038408
0.039083
0.130304
0.200369
0.250808
0.258526
0.244663
0.244944
0.254153
0.264424
0.282826
0.283510
0.192555
0.045668
-0.085480
-0.172164
-0.150671
-0.049962
0.039795
0.065465
0.047715
-0.017558
-0.088856
-0.133548
-0.168916
-0.194754
-0.193354
-0.159601
-0.166326
-0.193618
-0.171340
-0.135382
-0.117954
-0.112515
-0.111982
-0.101688
-0.061908
-0.034037
-0.026812
0.012241
0.095992
0.168534
0.206867
0.227073
0.233307
0.249096
0.271136
0.286479
0.294030
0.302506
0.245952
0.099069
-0.046618
-0.164680
-0.189795
-0.105146
0.016127
0.072926
0.073770
0.022834
-0.060128
-0.124654
-0.163502
-0.196507
-0.207320
-0.190824
-0.200386
-0.204591
-0.164887
-0.143561
-0.140951
-0.097099
-0.074709
-0.068789
-0.055095
-0.052081
-0.062960
-0.013701
0.072811
0.151242
0.207777
0.238793
0.239844
0.241092
0.250663
0.253359
0.267553
0.280239
0.257672
0.148307
0.021515
-0.103837
-0.173320
-0.133620
-0.035570
0.034681
0.057365
0.037795
-0.031882
-0.093749
-0.137558
-0.175335
-0.197764
-0.183100
-0.153293
-0.161334
-0.170322
-0.158392
-0.170121
-0.161245
-0.123845
-0.090882
-0.068152
-0.036758
-0.036590
-0.033446
0.014444
0.094582
0.159516
0.203092
0.229049
0.234196
0.252270
0.267187
0.281500
0.292343
0.300650
0.228584
0.085033
-0.057675
-0.171287
-0.181194
-0.090120
0.019686
0.066164
0.066396
0.009742
-0.070152
-0.124704
-0.161716
-0.195166
-0.205413
-0.175936
-0.198906
-0.223163
-0.158987
-0.105292
-0.110636
-0.115067
-0.106923
-0.101809
-0.057292
-0.036457
-0.048032
-0.020068
0.069721
0.151914
0.202142
0.224385
0.219590
0.226941
0.248750
0.261968
0.276482
0.294943
0.270696
0.162478
0.028729
-0.098079
-0.181841
-0.146649
-0.046405
0.034819
0.063634
0.052929
-0.019183
-0.087076
-0.132122
-0.170453
-0.196121
-0.184925
-0.161548
-0.185473
-0.189394
-0.156013
-0.125994
-0.117688
-0.113896
-0.112910
-0.089411
-0.047864
-0.035723
-0.031866
0.005899
0.085051
0.157839
0.206265
0.224490
0.233334
0.246159
0.262747
0.276293
0.291451
0.298665
0.253189
0.125934
-0.017871
-0.144662
-0.185432
-0.118344
-0.009114
0.060861
0.073656
0.034933
-0.043676
-0.104076
-0.148763
-0.179564
-0.195775
-0.175241
-0.156831
-0.165846
-0.162563
-0.151725
-0.167900
-0.151066
-0.101767
-0.068518
-0.041767
-0.026351
-0.040802
-0.041394
0.013988
0.093538
0.161528
0.209098
0.233730
0.239468
0.249835
0.258083
0.268322
0.281847
0.286181
0.225664
0.093058
-0.039446
-0.149473
-0.161144
-0.086837
0.007056
0.048499
0.053581
0.007839
-0.060122
-0.106760
-0.144852
-0.179717
-0.191678
-0.169117
-0.170686
-0.198735
-0.187479
-0.134518
-0.095175
-0.082361
-0.108564
-0.127072
-0.099851
-0.055234
-0.036605
-0.017398
0.035834
0.116515
0.180120
0.208438
0.214389
0.217673
0.232987
0.253215
0.278258
0.293565
0.298401
0.226904
0.082972
-0.064451
-0.176196
-0.182301
-0.093041
0.013416
0.059559
0.060574
0.008248
-0.061286
-0.112641
-0.150692
-0.186713
-0.200949
-0.179351
-0.180412
-0.192731
-0.192145
-0.187005
-0.156316
-0.096623
-0.060851
-0.056294
-0.050398
-0.059030
-0.065314
-0.037753
0.031937
0.121781
0.193824
0.229022
0.235673
0.234058
0.236191
0.244376
0.259854
0.274454
0.270139
0.182470
0.040851
-0.091009
-0.172259
-0.149904
-0.059811
0.020449
0.045503
0.035416
-0.020345
-0.078288
-0.120355
-0.156390
-0.189325
-0.190502
-0.162518
-0.136281
-0.166512
-0.207851
-0.216579
-0.179922
-0.116469
-0.066405
-0.047691
-0.047839
-0.047315
-0.050943
-0.033206
0.023882
0.114847
0.179377
0.223354
0.239873
0.242442
0.247650
0.261379
0.271021
0.277311
0.266326
0.155956
0.007428
-0.123814
-0.185085
-0.145008
-0.037472
0.039451
0.051923
0.027894
-0.036463
-0.095345
-0.137116
-0.166357
-0.198021
-0.191951
-0.164401
-0.163000
-0.184184
-0.156883
-0.124028
-0.103278
-0.100083
-0.119760
-0.129556
-0.090977
-0.054823
-0.044582
-0.021221
0.035792
0.113821
0.172479
0.201387
0.198130
0.206472
0.224964
0.248253
0.269580
0.289843
0.284765
0.198304
0.059757
-0.073353
-0.163590
-0.153520
-0.066086
0.013420
0.046911
0.038696
-0.014052
-0.075366
-0.119110
-0.160547
-0.194772
-0.200166
-0.181849
-0.179753
-0.180312
-0.170607
-0.174286
-0.177538
-0.133810
-0.086295
-0.052913
-0.031125
-0.036797
-0.054002
-0.032394
0.037123
0.118495
0.177674
0.209830
0.226017
0.235782
0.245551
0.253059
0.262285
0.270337
0.262764
0.171593
0.036190
-0.092201
-0.167665
-0.147280
-0.054898
0.020786
0.042082
0.031689
-0.021385
-0.078780
-0.121562
-0.155817
-0.188727
-0.187308
-0.162157
-0.155054
-0.189022
-0.187849
-0.152835
-0.116695
-0.109743
-0.112648
-0.101631
-0.070247
-0.041312
-0.038304
-0.026715
0.030538
0.120829
0.177414
0.207621
0.215843
0.223733
0.237939
0.261045
0.276927
0.291698
0.286195
0.187145
0.040787
-0.091306
-0.173025
-0.156883
-0.062325
0.018125
0.043529
0.030361
-0.025060
-0.079157
-0.121035
-0.161093
-0.198105
-0.200630
-0.181051
-0.181975
-0.188927
-0.169483
-0.160084
-0.163468
-0.125318
-0.078706
-0.048813
-0.033329
-0.039222
-0.061237
-0.032566
0.048050
0.125046
0.181244
0.217490
0.225690
0.227943
0.243401
0.252473
0.264775
0.279776
0.265610
0.163047
0.027849
-0.097531
-0.169293
-0.139486
-0.048041
0.020145
0.038220
0.025126
-0.033722
-0.088275
-0.129229
-0.165840
-0.197282
-0.191775
-0.163492
-0.154791
-0.181270
-0.186879
-0.158176
-0.118674
-0.104075
-0.105829
-0.103423
-0.078388
-0.052591
-0.042987
-0.026650
0.032481
0.117062
0.172072
0.198611
0.206859
0.216781
0.236758
0.267691
0.287772
0.301985
0.290833
0.186599
0.031654
-0.104627
-0.184018
-0.160867
-0.061658
0.023761
0.049646
0.036689
-0.020825
-0.084044
-0.131230
-0.171718
-0.209796
-0.211304
-0.205506
-0.222206
-0.210696
-0.158815
-0.153943
-0.142405
-0.097162
-0.069526
-0.056843
-0.044060
-0.060744
-0.071025
-0.010066
0.075772
0.149350
0.197742
0.219593
0.216719
0.230284
0.238045
0.245049
0.262884
0.279810
0.254603
0.151945
0.019130
-0.109309
-0.172201
-0.133605
-0.046341
0.013583
0.037221
0.018300
-0.038460
-0.088685
-0.129452
-0.170959
-0.195625
-0.188015
-0.159908
-0.157211
-0.186072
-0.179337
-0.164831
-0.164789
-0.145382
-0.097057
-0.063192
-0.033534
-0.028466
-0.043482
-0.024763
0.057167
0.132841
0.176128
0.207468
0.223242
0.237309
0.259941
0.275525
0.278925
0.291894
0.262276
0.140450
0.001714
-0.112388
-0.172622
-0.127333
-0.029489
0.024522
0.035131
0.015288
-0.047016
-0.103832
-0.138842
-0.172824
-0.200848
-0.188416
-0.165673
-0.181200
-0.193769
-0.171022
-0.160152
-0.148189
-0.103846
-0.066961
-0.044318
-0.030279
-0.042483
-0.055227
-0.006245
0.075018
0.142052
0.196953
0.231309
0.236258
0.241465
0.254633
0.259994
0.270583
0.283203
0.240349
0.117977
-0.008839
-0.117900
-0.156206
-0.097395
-0.011660
0.030857
0.037606
0.008484
-0.057481
-0.105628
-0.143768
-0.180594
-0.197139
-0.176337
-0.172064
-0.185403
-0.180599
-0.148746
-0.114668
-0.102814
-0.117480
-0.114855
-0.079038
-0.044424
-0.029664
-0.017845
0.023737
0.103103
0.172248
0.201776
0.213289
0.221208
0.236043
0.257131
0.282352
0.296105
0.301213
0.243563
0.107971
-0.029791
-0.137726
-0.161820
-0.097715
-0.003853
0.041990
0.047916
0.008463
-0.056812
-0.107366
-0.141376
-0.177602
-0.195672
-0.181807
-0.144797
-0.143824
-0.196441
-0.233210
-0.209399
-0.120333
-0.043365
-0.007607
-0.025560
-0.042411
-0.050972
-0.032186
0.018666
0.101089
0.171276
0.220240
0.250350
0.253647
0.258637
0.267778
0.281868
0.284499
0.285114
0.203080
0.064779
-0.057607
-0.132901
-0.128871
-0.053806
0.020031
0.037667
0.026319
-0.019856
-0.075472
-0.117115
-0.148556
-0.183331
-0.184680
-0.165655
-0.172872
-0.179722
-0.153702
-0.125332
-0.109615
-0.108139
-0.119789
-0.103041
-0.056318
-0.026442
-0.022805
-0.006551
0.043733
0.120265
0.180506
0.208582
0.215068
0.228695
0.248576
0.269842
0.287856
0.300271
0.288083
0.198076
0.061046
-0.063929
-0.142241
-0.132724
-0.055031
0.016548
0.041342
0.030212
-0.020387
-0.077032
-0.118490
-0.156666
-0.190843
-0.194363
-0.181922
-0.189710
-0.194678
-0.184958
-0.183377
-0.144757
-0.079420
-0.042443
-0.034871
-0.035130
-0.052316
-0.052526
-0.004956
0.076267
0.153849
0.208054
0.238508
0.244099
0.247805
0.253626
0.264202
0.274822
0.285316
0.243301
0.120548
-0.008171
-0.113320
-0.148562
-0.096709
-0.012055
0.028282
0.034429
0.005849
-0.050723
-0.098336
-0.134140
-0.174852
-0.192311
-0.176166
-0.143805
-0.164425
-0.197615
-0.171060
-0.142554
-0.130708
-0.117749
-0.090401
-0.070084
-0.032324
-0.026952
-0.033956
0.002114
0.087078
0.154349
0.202882
0.229478
0.231141
0.245963
0.264478
0.275544
0.280622
0.290311
0.220140
0.084626
-0.036214
-0.125188
-0.147157
-0.079041
0.000973
0.026481
0.023802
-0.015670
-0.077506
-0.119119
-0.149614
-0.188875
-0.198527
-0.192298
-0.218354
-0.216472
-0.158670
-0.141211
-0.145563
-0.113288
-0.085934
-0.065008
-0.039019
-0.045685
-0.065261
-0.024231
0.057257
0.135273
0.192563
0.218577
0.220390
0.233308
0.242649
0.247730
0.258680
0.265474
0.238566
0.146789
0.029651
-0.074138
-0.132066
-0.114606
-0.046794
0.002014
0.018591
0.003121
-0.046125
-0.097662
-0.136234
-0.172562
-0.197874
-0.186883
-0.196606
-0.229640
-0.206912
-0.156491
-0.118366
-0.100278
-0.111253
-0.125119
-0.095653
-0.059671
-0.047323
-0.024161
0.032931
0.111977
0.176398
0.208487
0.213231
0.222434
0.239415
0.256277
0.274495
0.286646
0.283006
0.207560
0.064645
-0.067072
-0.158119
-0.160302
-0.086160
0.000316
0.031471
0.027184
-0.017555
-0.075246
-0.118851
-0.153075
-0.189746
-0.206627
-0.234568
-0.245704
-0.192886
-0.127214
-0.119707
-0.143491
-0.121221
-0.097234
-0.063925
-0.054780
-0.063112
-0.065034
0.003225
0.099634
0.168813
0.200300
0.214215
0.225402
0.237217
0.253039
0.257864
0.265441
0.264143
0.223237
0.106288
-0.013425
-0.110186
-0.143680
-0.098909
-0.020657
0.018058
0.022513
-0.004068
-0.062456
-0.109106
-0.142879
-0.177629
-0.197491
-0.177677
-0.187591
-0.208954
-0.199123
-0.163307
-0.144789
-0.118700
-0.095798
-0.083661
-0.062894
-0.049069
-0.048709
-0.018772
0.064864
0.140233
0.192059
0.221541
0.236541
0.242730
0.262424
0.270916
0.276797
0.281287
0.246650
0.120808
-0.013176
-0.113967
-0.157017
-0.108166
-0.019418
0.030607
0.029215
0.004966
-0.056016
-0.103642
-0.137930
-0.171603
-0.199158
-0.184964
-0.184164
-0.210772
-0.198753
-0.153331
-0.147616
-0.135249
-0.092946
-0.073123
-0.053658
-0.039374
-0.049338
-0.038553
0.046234
0.124052
0.179100
0.222518
0.239788
0.236877
0.253581
0.263513
0.261426
0.270138
0.251271
0.145016
0.015694
-0.076733
-0.138622
-0.116120
-0.035947
0.015484
0.018530
0.009086
-0.042096
-0.095983
-0.127805
-0.162728
-0.194583
-0.191461
-0.206422
-0.229845
-0.196309
-0.137208
-0.101663
-0.105351
-0.119706
-0.124844
-0.089256
-0.055681
-0.043365
-0.022066
0.049848
0.137329
0.193594
0.222183
0.230593
0.238663
0.256361
0.274417
0.279169
0.279247
0.252956
0.138766
-0.002654
-0.106491
-0.156679
-0.122422
-0.030596
0.033043
0.039554
0.016896
-0.039746
-0.097141
-0.136707
-0.172147
-0.202067
-0.192889
-0.170775
-0.195147
-0.221019
-0.211240
-0.190476
-0.137232
-0.069010
-0.044652
-0.049745
-0.047988
-0.056756
-0.035998
0.047641
0.127333
0.181540
0.240068
0.267111
0.265984
0.274208
0.277464
0.264750
0.264948
0.229168
0.100041
-0.030356
-0.118019
-0.153595
-0.102410
-0.008134
0.030582
0.025992
0.000699
-0.060469
-0.112653
-0.142348
-0.179387
-0.205214
-0.193919
-0.222221
-0.241262
-0.181262
-0.113670
-0.083810
-0.070529
-0.102807
-0.142272
-0.115134
-0.079297
-0.056285
0.003377
0.093611
0.161748
0.215924
0.236169
0.228731
0.243138
0.270912
0.281514
0.290379
0.297549
0.226137
0.077350
-0.053350
-0.150513
-0.170088
-0.092848
0.003559
0.043748
0.046520
0.005482
-0.062384
-0.110523
-0.151588
-0.196671
-0.212701
-0.205347
-0.230054
-0.242690
-0.231307
-0.197527
-0.130139
-0.058435
-0.038490
-0.049673
-0.061886
-0.073958
-0.058111
0.016082
0.112468
0.186207
0.244391
0.275501
0.280677
0.277544
0.276447
0.270841
0.267261
0.241417
0.124954
-0.018641
-0.118969
-0.159974
-0.121434
-0.027594
0.032156
0.035478
0.014520
-0.039476
-0.094690
-0.132640
-0.170981
-0.205439
-0.200152
-0.162693
-0.165144
-0.202258
-0.199873
-0.179100
-0.145784
-0.108924
-0.080077
-0.074409
-0.053128
-0.041023
-0.020812
0.048146
0.126938
0.179551
0.235259
0.276048
0.282715
0.297944
0.314815
0.307419
0.295624
0.222522
0.052141
-0.097371
-0.185762
-0.177347
-0.085405
0.034929
0.071151
0.056477
0.002525
-0.068849
-0.125404
-0.162686
-0.205975
-0.228536
-0.228973
-0.259048
-0.241079
-0.174672
-0.125240
-0.110339
-0.073821
-0.070292
-0.069807
-0.059405
-0.061361
-0.054953
0.031844
0.142272
0.209636
0.261582
0.278600
0.276090
0.283074
0.296917
0.282426
0.279427
0.229034
0.075065
-0.072957
-0.162160
-0.179643
-0.101685
0.020283
0.067351
0.056464
0.020740
-0.046861
-0.106999
-0.140286
-0.183846
-0.218216
-0.212113
-0.234224
-0.245573
-0.181704
-0.107876
-0.083132
-0.084243
-0.112178
-0.131475
-0.099473
-0.063860
-0.046210
0.020171
0.122032
0.193377
0.241877
0.270235
0.273100
0.287223
0.312945
0.315283
0.313201
0.283232
0.131509
-0.040820
-0.158513
-0.201222
-0.141871
-0.014057
0.066441
0.071473
0.046714
-0.021387
-0.087119
-0.135534
-0.177645
-0.220992
-0.213367
-0.184218
-0.192830
-0.197471
-0.170552
-0.176353
-0.143367
-0.078734
-0.049068
-0.045539
-0.032670
-0.046831
-0.020351
0.078767
0.154877
0.209541
0.268450
0.293846
0.292756
0.314544
0.318003
0.299005
0.283663
0.177392
-0.001232
-0.128772
-0.187758
-0.156544
-0.041095
0.067092
0.080260
0.058547
0.002141
-0.068958
-0.120586
-0.157757
-0.209048
-0.225452
-0.199881
-0.209853
-0.209789
-0.157795
-0.106990
-0.091966
-0.095622
-0.114895
-0.111724
-0.069950
-0.038773
-0.013582
0.059121
0.143165
0.201917
0.250473
0.278244
0.284921
0.303387
0.323466
0.320520
0.313588
0.239644
0.062381
-0.097270
-0.197406
-0.192747
-0.091757
0.040629
0.089310
0.082727
0.033441
-0.039993
-0.102098
-0.148699
-0.198436
-0.227807
-0.209469
-0.165821
-0.172260
-0.207636
-0.192144
-0.178707
-0.130087
-0.070505
-0.036509
-0.045311
-0.030990
-0.029132
0.017092
0.110362
0.179164
0.227290
0.282493
0.310524
0.308382
0.328043
0.327063
0.311386
0.257230
0.102575
-0.082764
-0.204897
-0.213260
-0.118467
0.022463
0.100080
0.094935
0.042727
-0.029121
-0.092324
-0.141069
-0.184984
-0.225329
-0.228620
-0.232508
-0.229144
-0.176885
-0.097793
-0.064988
-0.066874
-0.100020
-0.134725
-0.123645
-0.079981
-0.049048
0.009488
0.108391
0.188213
0.230506
0.257214
0.266388
0.280725
0.309135
0.325113
0.319201
0.291948
0.158888
-0.021324
-0.146940
-0.202210
-0.156554
-0.037717
0.061879
0.081355
0.068922
0.006846
-0.064142
-0.122805
-0.170433
-0.220884
-0.228218
-0.198408
-0.195440
-0.236186
-0.247960
-0.210716
-0.126860
-0.045370
-0.020924
-0.044941
-0.062880
-0.062139
-0.028337
0.067193
0.158530
0.222153
0.279858
0.316417
0.314417
0.318739
0.319296
0.299929
0.271161
0.147968
-0.033834
-0.172732
-0.221750
-0.162148
-0.035774
0.066692
0.082116
0.054840
-0.007643
-0.067612
-0.120409
-0.167061
-0.220793
-0.234121
-0.237891
-0.235446
-0.189995
-0.125285
-0.084808
-0.079892
-0.096633
-0.137156
-0.136387
-0.106941
-0.071402
-0.023658
0.065855
0.148743
0.206327
0.244770
0.263845
0.277606
0.299529
0.315458
0.311837
0.308512
0.219445
0.039667
-0.113219
-0.209073
-0.202963
-0.096018
0.032347
0.078014
0.077983
0.028426
-0.046452
-0.105577
-0.151537
-0.208710
-0.239516
-0.222776
-0.193720
-0.235678
-0.278463
-0.238226
-0.152411
-0.057964
-0.013944
-0.030225
-0.074361
-0.069953
-0.055836
0.014702
0.112044
0.187193
0.244710
0.302584
0.314506
0.304744
0.309628
0.293392
0.272390
0.212020
0.052022
-0.114349
-0.214074
-0.209201
-0.112456
0.017116
0.078756
0.069418
0.025211
-0.045099
-0.100382
-0.146099
-0.190137
-0.233401
-0.220097
-0.214711
-0.223380
-0.186298
-0.132311
-0.109338
-0.101904
-0.119158
-0.143312
-0.117783
-0.077431
-0.055726
-0.005369
0.087073
0.161619
0.217862
0.253616
0.262780
0.275945
0.302508
0.312810
0.307009
0.284501
0.146988
-0.033578
-0.167666
-0.223739
-0.173962
-0.044201
0.058324
0.077532
0.060769
-0.005146
-0.073140
-0.127542
-0.174879
-0.233638
-0.246333
-0.239900
-0.255706
-0.229546
-0.150275
-0.125182
-0.130867
-0.110673
-0.098233
-0.080628
-0.050405
-0.053036
-0.050840
0.040475
0.145367
0.209755
0.260374
0.281586
0.276563
0.290695
0.302440
0.285115
0.276441
0.192339
0.010984
-0.131974
-0.204894
-0.194024
-0.090498
0.038329
0.070378
0.057113
0.019125
-0.046869
-0.103939
-0.141181
-0.193322
-0.226991
-0.209546
-0.169802
-0.161323
-0.191698
-0.178468
-0.151737
-0.119629
-0.114594
-0.106853
-0.100356
-0.066132
-0.039943
-0.002588
0.070550
0.145530
0.200875
0.247412
0.278272
0.284895
0.302525
0.315360
0.305998
0.275123
0.155444
-0.017903
-0.149579
-0.203592
-0.156219
-0.044349
0.053974
0.071071
0.050964
-0.006003
-0.063410
-0.113802
-0.160949
-0.215052
-0.237270
-0.253581
-0.256687
-0.208142
-0.134092
-0.118091
-0.124298
-0.105694
-0.090969
-0.064870
-0.048827
-0.055426
-0.048446
0.047507
0.151643
0.215865
0.253730
0.272070
0.274909
0.293217
0.308010
0.296758
0.288539
0.209608
0.035223
-0.114027
-0.201664
-0.200774
-0.099205
0.026955
0.071615
0.068050
0.031654
-0.030415
-0.078547
-0.121310
-0.178048
-0.226450
-0.246285
-0.243779
-0.199674
-0.143024
-0.106583
-0.095190
-0.100277
-0.126742
-0.122829
-0.095380
-0.070082
-0.045629
0.016707
0.108468
0.187474
0.234500
0.260153
0.271729
0.283099
0.301416
0.313606
0.311410
0.281747
0.143801
-0.029003
-0.161883
-0.216239
-0.155628
-0.032672
0.058111
0.072445
0.055531
-0.007219
-0.061205
-0.105489
-0.151187
-0.206780
-0.239745
-0.260287
-0.242286
-0.188443
-0.110607
-0.083992
-0.109617
-0.116800
-0.098070
-0.075877
-0.058020
-0.051691
-0.040806
0.049266
0.157247
0.219260
0.251297
0.269036
0.270930
0.292094
0.313990
0.307568
0.292773
0.215254
0.040171
-0.109421
-0.193780
-0.189353
-0.094514
0.028153
0.076209
0.069054
0.032416
-0.030055
-0.080519
-0.125566
-0.181327
-0.234220
-0.249175
-0.235902
-0.188634
-0.129098
-0.104258
-0.129751
-0.143053
-0.125923
-0.092756
-0.062262
-0.049413
-0.050952
-0.004219
0.101841
0.190941
0.228515
0.253787
0.270037
0.285325
0.308316
0.319908
0.307336
0.275561
0.145995
-0.025928
-0.148535
-0.199809
-0.152020
-0.039178
0.054608
0.067955
0.052317
0.000609
-0.054580
-0.107578
-0.154205
-0.209907
-0.220669
-0.190769
-0.138457
-0.170516
-0.200476
-0.174079
-0.158633
-0.119397
-0.073580
-0.052430
-0.058936
-0.030651
-0.037695
0.006951
0.100089
0.173741
0.209977
0.261386
0.276037
0.283153
0.314366
0.316311
0.296637
0.258997
0.120904
-0.050325
-0.150094
-0.177648
-0.120267
-0.011532
0.063771
0.058216
0.037356
-0.016321
-0.071954
-0.121533
-0.165118
-0.215490
-0.216431
-0.220022
-0.233433
-0.193648
-0.131237
-0.094358
-0.088580
-0.104448
-0.127558
-0.096889
-0.062416
-0.046024
-0.020911
0.055028
0.137417
0.205282
0.244414
0.257516
0.264885
0.285110
0.301384
0.299588
0.297081
0.236362
0.081920
-0.062793
-0.161834
-0.182781
-0.104700
0.002811
0.053022
0.056605
0.025476
-0.037818
-0.086269
-0.126196
-0.175320
-0.208691
-0.200260
-0.190460
-0.229289
-0.228801
-0.198891
-0.157138
-0.095916
-0.051592
-0.051110
-0.057527
-0.053982
-0.066210
-0.020625
0.071625
0.156460
0.222197
0.279439
0.286715
0.291769
0.301840
0.300369
0.287826
0.279139
0.170631
-0.000789
-0.126647
-0.195863
-0.160587
-0.052675
0.046087
0.056947
0.045309
-0.011464
-0.068609
-0.110867
-0.146692
-0.201813
-0.213082
-0.216352
-0.247196
-0.208663
-0.138578
-0.089379
-0.083223
-0.095283
-0.133134
-0.112599
-0.076677
-0.059727
-0.043235
0.021081
0.112038
0.192322
0.238186
0.245924
0.254885
0.272985
0.294337
0.302249
0.306681
0.271846
0.140814
-0.016798
-0.131159
-0.183318
-0.131717
-0.027201
0.045388
0.054478
0.033448
-0.027628
-0.077708
-0.117501
-0.161659
-0.204502
-0.207327
-0.209612
-0.230782
-0.209626
-0.170142
-0.155683
-0.132047
-0.083768
-0.064188
-0.045048
-0.041092
-0.060321
-0.047118
0.041914
0.135863
0.202144
0.246498
0.261461
0.275091
0.293743
0.304803
0.298350
0.293629
0.222002
0.063568
-0.072241
-0.159612
-0.170925
-0.092619
0.011591
0.049491
0.046288
0.011327
-0.048785
-0.096270
-0.134504
-0.184727
-0.211018
-0.215025
-0.241825
-0.216300
-0.159492
-0.106088
-0.078669
-0.073300
-0.121702
-0.136187
-0.106877
-0.076159
-0.043263
0.013745
0.088383
0.160371
0.215062
0.229799
0.245089
0.266139
0.288946
0.304909
0.313283
0.296021
0.208980
0.057374
-0.072596
-0.160264
-0.158272
-0.077361
0.010922
0.044554
0.040527
-0.002401
-0.063850
-0.104670
-0.148714
-0.188227
-0.209113
-0.190990
-0.224295
-0.264301
-0.232549
-0.182049
-0.116349
-0.050021
-0.029817
-0.053997
-0.052574
-0.065264
-0.059490
0.014308
0.106482
0.178111
0.247894
0.282580
0.279258
0.293833
0.299322
0.290966
0.287047
0.260096
0.118647
-0.025556
-0.128801
-0.174251
-0.121537
-0.013667
0.041671
0.043403
0.022634
-0.043866
-0.092964
-0.127729
-0.169813
-0.206262
-0.193890
-0.165332
-0.145005
-0.193813
-0.214293
-0.184879
-0.130465
-0.094605
-0.068562
-0.069478
-0.067413
-0.046123
-0.024108
0.038309
0.109566
0.174032
0.223993
0.268603
0.277937
0.294337
0.306351
0.302526
0.292827
0.247270
0.104472
-0.040661
-0.137914
-0.161500
-0.097715
-0.001178
0.046314
0.040844
0.005996
-0.062954
-0.109632
-0.148299
-0.186730
-0.214809
-0.216462
-0.244824
-0.240491
-0.178077
-0.114013
-0.091601
-0.091940
-0.105418
-0.102241
-0.068546
-0.052792
-0.044429
-0.000164
0.086357
0.162738
0.219544
0.244621
0.252489
0.266338
0.284100
0.289662
0.290352
0.281245
0.190028
0.043634
-0.073722
-0.150345
-0.143801
-0.060184
0.017266
0.038339
0.030437
-0.016784
-0.074433
-0.108580
-0.149637
-0.191559
-0.203439
-0.183462
-0.172921
-0.206412
-0.211586
-0.187470
-0.140903
-0.110830
-0.085569
-0.072801
-0.054968
-0.037134
-0.023804
0.027229
0.093840
0.161055
0.214653
0.261432
0.273096
0.287575
0.298417
0.304316
0.299640
0.273996
0.146357
-0.005465
-0.121613
-0.170168
-0.124981
-0.028010
0.037068
0.040284
0.016491
-0.047999
-0.095864
-0.135288
-0.172156
-0.210619
-0.238218
-0.261999
-0.242560
-0.180231
-0.114911
-0.109902
-0.109792
-0.095622
-0.077352
-0.059468
-0.052239
-0.052953
-0.008654
0.092642
0.169621
0.220918
0.250259
0.259543
0.266204
0.284871
0.286588
0.279289
0.267499
0.181950
0.039732
-0.070529
-0.140714
-0.141383
-0.063413
0.010436
0.029635
0.021290
-0.020407
-0.080843
-0.116750
-0.152541
-0.191786
-0.200904
-0.182813
-0.223437
-0.245159
-0.201184
-0.152097
-0.098467
-0.074867
-0.088641
-0.097520
-0.066193
-0.059387
-0.025615
0.047746
0.128247
0.196138
0.250350
0.261935
0.267120
0.295362
0.307274
0.306743
0.302430
0.238522
0.074512
-0.060104
-0.158758
-0.173434
-0.099639
-0.000992
0.036877
0.039492
0.002350
-0.066075
-0.110398
-0.154413
-0.201106
-0.245231
-0.256814
-0.252040
-0.214726
-0.170752
-0.142560
-0.118127
-0.076871
-0.060265
-0.062387
-0.069731
-0.076392
-0.052914
0.034794
0.135669
0.194524
0.230809
0.247004
0.256337
0.267701
0.278618
0.273120
0.262753
0.227854
0.111878
-0.017696
-0.106793
-0.143654
-0.110951
-0.033874
0.011547
0.014024
-0.007724
-0.064140
-0.120790
-0.170223
-0.223841
-0.269897
-0.271744
-0.245689
-0.194821
-0.129084
-0.092797
-0.093505
-0.111448
-0.131756
-0.126003
-0.083864
-0.028205
0.028764
0.098887
0.162077
0.204854
0.237758
0.262465
0.279626
0.297682
0.310270
0.307217
0.294789
0.221351
0.050725
-0.105130
-0.207906
-0.212794
-0.127989
-0.011399
0.040396
0.043212
-0.000154
-0.079047
-0.140136
-0.198223
-0.256903
-0.294670
-0.288363
-0.251779
-0.177607
-0.144662
-0.116437
-0.076428
-0.051568
-0.059856
-0.068044
-0.065203
-0.034132
0.048504
0.129001
0.193862
0.239796
0.275749
0.286606
0.307419
0.305975
0.296068
0.280829
0.239777
0.093931
-0.068420
-0.181316
-0.221121
-0.155799
-0.047060
0.020442
0.027541
0.006189
-0.071179
-0.138674
-0.200636
-0.260321
-0.306446
-0.291788
-0.234263
-0.147840
-0.067460
-0.078290
-0.122875
-0.120931
-0.098052
-0.074711
-0.033656
0.000447
0.054931
0.144404
0.210722
0.237951
0.266426
0.278700
0.292262
0.312492
0.311683
0.289317
0.260794
0.129127
-0.060869
-0.189706
-0.238942
-0.186040
-0.067345
0.027737
0.038221
0.021024
-0.045376
-0.118990
-0.181406
-0.244396
-0.302551
-0.300071
-0.241718
-0.163460
-0.095270
-0.093276
-0.110401
-0.099399
-0.073900
-0.062596
-0.036007
-0.003516
0.054167
0.138606
0.203844
0.233611
0.262968
0.282078
0.296419
0.314477
0.311535
0.287189
0.250832
0.121925
-0.061277
-0.180929
-0.224099
-0.175481
-0.069282
0.014112
0.017654
-0.004608
-0.070240
-0.144998
-0.202722
-0.251962
-0.289755
-0.264292
-0.200431
-0.132060
-0.091495
-0.112869
-0.114446
-0.085490
-0.048662
-0.034509
-0.008028
0.024972
0.091292
0.165713
0.213455
0.244216
0.271723
0.294823
0.314604
0.323463
0.302447
0.277523
0.219471
0.062755
-0.115419
-0.221626
-0.241653
-0.163059
-0.045575
0.023826
0.018868
-0.017683
-0.088963
-0.150778
-0.200749
-0.251038
-0.271984
-0.240218
-0.194158
-0.163092
-0.123779
-0.085779
-0.051162
-0.025358
-0.027899
-0.041665
-0.017272
0.047313
0.128957
0.207304
0.254614
0.280283
0.302283
0.322797
0.326932
0.318057
0.286604
0.245859
0.141425
-0.037685
-0.183960
-0.248039
-0.209179
-0.106983
-0.005341
0.021326
0.002483
-0.053026
-0.117118
-0.171388
-0.227370
-0.271608
-0.263132
-0.207344
-0.136753
-0.062299
-0.046398
-0.095872
-0.122387
-0.098169
-0.067754
-0.021148
0.031335
0.089213
0.160932
0.220835
0.241143
0.258648
0.276077
0.293080
0.306912
0.307624
0.278282
0.236330
0.116864
-0.059765
-0.180069
-0.215610
-0.169827
-0.086029
-0.012285
-0.009097
-0.032729
-0.087221
-0.139812
-0.187638
-0.227780
-0.263982
-0.271737
-0.239083
-0.191554
-0.127335
-0.068106
-0.027184
-0.021226
-0.020927
-0.023098
0.007817
0.077349
0.159607
0.224636
0.269763
0.298650
0.314325
0.336501
0.340117
0.325976
0.290413
0.243876
0.105030
-0.087412
-0.226644
-0.276533
-0.220726
-0.106495
-0.011070
0.008881
-0.007038
-0.065105
-0.125617
-0.183953
-0.235135
-0.262098
-0.232950
-0.175446
-0.109722
-0.050427
-0.042048
-0.092416
-0.126744
-0.104543
-0.064757
-0.005013
0.053193
0.109594
0.164445
0.215396
0.231689
0.250712
0.278193
0.303181
0.314441
0.305480
0.276294
0.215322
0.065516
-0.105041
-0.207878
-0.217921
-0.147126
-0.046919
0.019206
0.017698
-0.017828
-0.088767
-0.155842
-0.218248
-0.261157
-0.276445
-0.240010
-0.187103
-0.161791
-0.148221
-0.116875
-0.070498
-0.033291
-0.018416
-0.025110
-0.004519
0.059395
0.139106
0.204039
0.247933
0.274404
0.297990
0.322227
0.332022
0.318917
0.284126
0.242217
0.121267
-0.059070
-0.193834
-0.251845
-0.211198
-0.105016
-0.009156
0.012425
-0.005494
-0.063215
-0.130218
-0.182269
-0.227912
-0.259932
-0.244706
-0.190222
-0.124444
-0.055605
-0.051649
-0.110377
-0.140288
-0.110614
-0.067687
-0.012100
0.037195
0.084401
0.150669
0.213237
0.239741
0.258347
0.275979
0.287090
0.303136
0.306746
0.286598
0.244166
0.110836
-0.076073
-0.199289
-0.229846
-0.172057
-0.066724
0.015290
0.017801
-0.015690
-0.082983
-0.148110
-0.201252
-0.245575
-0.277362
-0.255594
-0.208304
-0.163156
-0.122193
-0.113325
-0.093575
-0.063008
-0.042599
-0.042791
-0.016633
0.034321
0.114464
0.198345
0.245407
0.261797
0.276074
0.298475
0.313809
0.320010
0.293178
0.256455
0.169140
-0.003654
-0.161712
-0.238271
-0.220162
-0.136361
-0.032016
0.010012
-0.001304
-0.045678
-0.108992
-0.165442
-0.216582
-0.256282
-0.265517
-0.221892
-0.158586
-0.083261
-0.043541
-0.057128
-0.114689
-0.148720
-0.128513
-0.069745
0.002811
0.068543
0.126318
0.177598
0.219681
0.236445
0.252570
0.274388
0.293844
0.298971
0.285532
0.262244
0.186173
0.019384
-0.130999
-0.214976
-0.204384
-0.125488
-0.027457
0.013243
0.003040
-0.047561
-0.120846
-0.175597
-0.224904
-0.263665
-0.271629
-0.229449
-0.191387
-0.155634
-0.135146
-0.116743
-0.084205
-0.050628
-0.045208
-0.040149
-0.001291
0.064874
0.149636
0.217122
0.248556
0.263792
0.284191
0.302483
0.312125
0.303180
0.265167
0.218244
0.107424
-0.062668
-0.188425
-0.232696
-0.193760
-0.110581
-0.032680
-0.019588
-0.038722
-0.084868
-0.140740
-0.193564
-0.237469
-0.265038
-0.251566
-0.194809
-0.133544
-0.095137
-0.106796
-0.119799
-0.098283
-0.052500
-0.018536
0.014441
0.057971
0.121072
0.187434
0.228508
0.255296
0.280884
0.308386
0.328652
0.333689
0.307224
0.271279
0.160230
-0.037357
-0.201385
-0.271878
-0.238283
-0.130491
-0.014279
0.019950
0.004660
-0.052372
-0.121596
-0.178861
-0.225831
-0.269795
-0.271712
-0.223019
-0.156404
-0.082111
-0.071268
-0.109453
-0.129385
-0.094709
-0.055675
-0.012928
0.026281
0.070019
0.138485
0.204856
0.235216
0.252368
0.276086
0.293125
0.310111
0.304499
0.276064
0.236752
0.124427
-0.059334
-0.192143
-0.238556
-0.196485
-0.101889
-0.011378
0.002384
-0.022191
-0.077769
-0.146926
-0.203104
-0.244691
-0.279096
-0.283890
-0.238467
-0.187458
-0.131349
-0.077579
-0.042650
-0.032612
-0.027475
-0.031499
-0.009291
0.063335
0.150152
0.224157
0.273767
0.297955
0.307421
0.330128
0.335044
0.322381
0.289830
0.245295
0.117013
-0.076328
-0.220223
-0.278717
-0.227066
-0.115393
-0.013786
0.009734
-0.005910
-0.063959
-0.129648
-0.185627
-0.238487
-0.272348
-0.255448
-0.194594
-0.124263
-0.052638
-0.038164
-0.072333
-0.115976
-0.116744
-0.088861
-0.032678
0.026905
0.094558
0.166662
0.222755
0.245111
0.256340
0.271533
0.285394
0.303283
0.297905
0.276633
0.234557
0.102944
-0.075167
-0.187124
-0.216073
-0.158811
-0.055972
0.017218
0.014805
-0.018482
-0.083597
-0.150924
-0.201817
-0.248804
-0.278077
-0.255632
-0.192686
-0.140300
-0.115196
-0.118963
-0.120166
-0.087482
-0.045295
-0.024650
-0.005129
0.038060
0.102541
0.177277
0.232389
0.255739
0.274380
0.298173
0.319152
0.322086
0.303970
0.268298
0.202133
0.039652
-0.129064
-0.226146
-0.227596
-0.149658
-0.041196
0.020126
0.010412
-0.027754
-0.097526
-0.160094
-0.212423
-0.250833
-0.267887
-0.227521
-0.163945
-0.091822
-0.043570
-0.053906
-0.115118
-0.149871
-0.128393
-0.077777
-0.000582
0.069809
0.129850
0.181324
0.217849
0.227142
0.250975
0.281013
0.304531
0.318522
0.315361
0.296306
0.223978
0.050294
-0.125148
-0.228727
-0.228699
-0.142329
-0.026226
0.034434
0.026153
-0.023373
-0.102255
-0.166399
-0.217658
-0.259243
-0.278359
-0.248885
-0.206062
-0.146161
-0.097817
-0.085131
-0.088267
-0.071622
-0.058759
-0.045632
-0.008303
0.041558
0.113067
0.192624
0.243980
0.262857
0.283891
0.300540
0.315954
0.320666
0.300005
0.263427
0.180330
-0.000495
-0.164277
-0.243524
-0.221840
-0.127987
-0.014180
0.033648
0.016014
-0.035582
-0.109983
-0.171057
-0.225556
-0.263999
-0.270856
-0.220897
-0.154200
-0.074843
-0.023915
-0.034903
-0.095948
-0.149245
-0.149923
-0.098116
-0.011365
0.065800
0.128069
0.174078
0.212023
0.234281
0.255211
0.279297
0.305076
0.314846
0.303155
0.285953
0.222894
0.052212
-0.119629
-0.225303
-0.228877
-0.140114
-0.021788
0.041175
0.035359
-0.015751
-0.102107
-0.166042
-0.220074
-0.265289
-0.284454
-0.246443
-0.198691
-0.136648
-0.084523
-0.083060
-0.100498
-0.093809
-0.072946
-0.049750
-0.001582
0.043935
0.104535
0.175875
0.224888
0.245530
0.277365
0.300522
0.315433
0.321328
0.303854
0.272097
0.200213
0.021088
-0.159676
-0.253763
-0.241347
-0.142778
-0.016210
0.044475
0.024651
-0.022863
-0.100381
-0.170849
-0.227026
-0.265282
-0.278712
-0.229232
-0.156452
-0.075722
-0.014248
-0.017979
-0.084679
-0.154133
-0.167742
-0.121333
-0.026913
0.060776
0.123715
0.169494
0.200859
0.210911
0.231944
0.268383
0.303582
0.325993
0.320337
0.296576
0.239755
0.077722
-0.108009
-0.230369
-0.250296
-0.166298
-0.036479
0.049114
0.051393
0.005018
-0.083668
-0.156980
-0.218031
-0.263152
-0.291173
-0.262550
-0.200560
-0.122023
-0.076959
-0.076399
-0.096242
-0.108287
-0.087938
-0.061634
-0.021123
0.024699
0.089284
0.152421
0.210474
0.231668
0.251154
0.280803
0.313437
0.330545
0.317289
0.283749
0.223434
0.066560
-0.124157
-0.239861
-0.259084
-0.170848
-0.041653
0.048078
0.047652
0.006454
-0.078498
-0.152762
-0.211220
-0.253472
-0.276683
-0.250428
-0.185105
-0.105343
-0.023855
0.001968
-0.043924
-0.138799
-0.182576
-0.153661
-0.064952
0.023608
0.087096
0.130255
0.175755
0.209979
0.228423
0.252287
0.276559
0.302614
0.308337
0.294434
0.268619
0.177483
-0.009547
-0.158770
-0.233361
-0.198270
-0.091942
0.020170
0.054493
0.030313
-0.035990
-0.120883
-0.181294
-0.237655
-0.276410
-0.279749
-0.229381
-0.166240
-0.093424
-0.062901
-0.078859
-0.109876
-0.115486
-0.094360
-0.055229
-0.001329
0.047514
0.104450
0.163361
0.210589
0.235355
0.264771
0.289676
0.313113
0.318602
0.300179
0.269474
0.194014
0.010704
-0.161675
-0.249440
-0.229262
-0.122742
0.002481
0.057274
0.037851
-0.014315
-0.100160
-0.166644
-0.223150
-0.264453
-0.276971
-0.228229
-0.159622
-0.071819
-0.003869
-0.007423
-0.076272
-0.158386
-0.183959
-0.133327
-0.031159
0.047354
0.104054
0.145857
0.188025
0.215244
0.236791
0.258441
0.289267
0.313474
0.312527
0.292238
0.258681
