-0.096180
-0.042959
-0.069051
-0.117294
-0.195528
-0.238771
-0.191433
-0.145217
-0.078404
-0.010061
0.002669
0.030830
-0.000275
-0.064973
-0.093392
-0.081633
-0.000013
0.153338
0.243403
0.311650
0.349789
0.414330
0.448157
0.264977
0.057817
-0.196491
-0.338645
-0.283514
-0.148068
-0.015424
0.054305
-0.019134
-0.085088
-0.132962
-0.117541
-0.047771
-0.049565
-0.113426
-0.181149
-0.257016
-0.234933
-0.178261
-0.108267
-0.031204
-0.005693
0.000145
0.005358
-0.046383
-0.070498
-0.079355
-0.032890
0.087820
0.204389
0.268422
0.339818
0.379019
0.463391
0.317650
0.104508
-0.139899
-0.304944
-0.289720
-0.166998
-0.057195
0.023757
-0.024014
-0.086939
-0.130720
-0.139946
-0.087248
-0.060650
-0.095316
-0.140776
-0.214880
-0.233396
-0.196582
-0.143643
-0.077414
-0.027005
-0.013579
0.000014
-0.038040
-0.067518
-0.086798
-0.059191
0.031920
0.174351
0.252708
0.319744
0.340069
0.413145
0.373994
0.178039
-0.041089
-0.257676
-0.321124
-0.226832
-0.107976
0.002269
0.015178
-0.059208
-0.112196
-0.150989
-0.114555
-0.067555
-0.086570
-0.135180
-0.200825
-0.237193
-0.198164
-0.151285
-0.102820
-0.046676
-0.026878
-0.002587
-0.015649
-0.061196
-0.085092
-0.084601
-0.020354
0.118625
0.225824
0.305105
0.356072
0.399104
0.432881
0.251417
0.038546
-0.197890
-0.315277
-0.269480
-0.145822
-0.039057
0.027919
-0.017400
-0.072082
-0.123711
-0.138241
-0.092566
-0.067089
-0.101177
-0.156737
-0.232258
-0.232627
-0.178507
-0.109010
-0.041113
-0.004371
-0.002813
0.002392
-0.045800
-0.080165
-0.095817
-0.050791
0.049566
0.190772
0.262352
0.339893
0.365517
0.445555
0.366238
0.164441
-0.055203
-0.264976
-0.314525
-0.209134
-0.098057
0.009627
0.019158
-0.049407
-0.096427
-0.124186
-0.097590
-0.045971
-0.078181
-0.128586
-0.199565
-0.243478
-0.203936
-0.147034
-0.080372
-0.009009
0.002743
0.019958
-0.009381
-0.063951
-0.084540
-0.059356
0.018599
0.165301
0.250448
0.319627
0.359224
0.435758
0.454986
0.260437
0.030242
-0.219170
-0.335037
-0.258526
-0.114232
0.007663
0.054395
-0.016037
-0.086107
-0.138012
-0.114229
-0.052582
-0.045479
-0.099822
-0.172404
-0.233309
-0.201633
-0.135252
-0.069444
-0.019113
-0.001931
0.004270
0.005140
-0.038134
-0.065036
-0.067063
-0.012581
0.100368
0.227530
0.301578
0.367505
0.399860
0.472632
0.340314
0.140574
-0.105904
-0.298873
-0.293517
-0.174452
-0.045331
0.064679
0.029252
-0.035390
-0.103263
-0.131375
-0.073908
-0.038529
-0.062387
-0.107176
-0.202284
-0.223140
-0.180132
-0.115316
-0.036679
0.012165
0.019497
0.041438
-0.006318
-0.048864
-0.081870
-0.057721
0.039521
0.198841
0.282525
0.349437
0.373970
0.447104
0.437731
0.238155
0.023288
-0.212166
-0.314133
-0.230849
-0.102200
0.012958
0.060307
-0.008776
-0.065073
-0.104511
-0.086741
-0.031234
-0.043489
-0.102573
-0.166945
-0.222881
-0.190566
-0.122002
-0.062109
0.004423
0.018456
0.019522
0.019874
-0.032943
-0.059205
-0.051948
-0.003972
0.120723
0.250293
0.319040
0.384842
0.415544
0.461827
0.314638
0.123011
-0.108228
-0.262333
-0.253975
-0.149224
-0.034880
0.038929
0.007659
-0.035440
-0.079111
-0.085428
-0.049468
-0.046305
-0.086012
-0.133140
-0.193577
-0.181433
-0.144802
-0.089784
-0.032794
-0.001271
0.013926
0.033252
-0.008132
-0.038653
-0.063507
-0.033986
0.055069
0.192334
0.281296
0.361583
0.388060
0.457346
0.395801
0.200638
0.010002
-0.222085
-0.281853
-0.208281
-0.093767
0.030951
0.059478
-0.006735
-0.055019
-0.116799
-0.093900
-0.044317
-0.059973
-0.087442
-0.155017
-0.215050
-0.182580
-0.128713
-0.055733
0.009383
0.020352
0.028157
0.009088
-0.047047
-0.067442
-0.061282
0.001923
0.129568
0.251684
0.325253
0.384020
0.427641
0.470584
0.308084
0.109632
-0.123457
-0.277344
-0.265095
-0.143116
-0.031408
0.058328
0.011720
-0.045826
-0.087264
-0.090507
-0.040155
-0.032734
-0.091355
-0.134157
-0.207209
-0.201473
-0.145038
-0.088244
-0.027990
0.012277
0.008641
0.029235
-0.014730
-0.047147
-0.068983
-0.041998
0.049688
0.196951
0.284076
0.366343
0.390305
0.464666
0.408895
0.213115
0.000704
-0.232124
-0.292632
-0.211845
-0.086242
0.032876
0.055259
-0.014490
-0.076031
-0.121380
-0.084078
-0.030635
-0.043707
-0.087722
-0.164731
-0.223791
-0.186241
-0.122948
-0.050917
0.000242
0.008039
0.009330
0.003654
-0.033574
-0.052526
-0.064470
-0.015397
0.098182
0.234196
0.315797
0.391857
0.423373
0.470551
0.325230
0.120128
-0.099997
-0.264632
-0.277294
-0.170578
-0.049849
0.053136
0.033356
-0.032120
-0.091364
-0.116898
-0.072526
-0.045815
-0.075112
-0.108929
-0.180884
-0.205647
-0.163086
-0.099358
-0.027371
0.015580
0.015769
0.025829
-0.011639
-0.045423
-0.070345
-0.057928
0.021122
0.173081
0.282102
0.363663
0.398269
0.459489
0.435834
0.241331
0.035443
-0.211473
-0.308474
-0.239298
-0.111149
0.013314
0.062421
-0.001164
-0.047884
-0.100351
-0.089076
-0.050963
-0.062013
-0.100621
-0.148537
-0.214774
-0.186783
-0.136003
-0.069091
-0.004987
0.016804
0.021255
0.025954
-0.033596
-0.065245
-0.080316
-0.022558
0.104446
0.245942
0.310104
0.380313
0.417464
0.500081
0.352149
0.142295
-0.115896
-0.310386
-0.291710
-0.172160
-0.037760
0.072041
0.032487
-0.041400
-0.096079
-0.119764
-0.065529
-0.043106
-0.088740
-0.124237
-0.198118
-0.213684
-0.159395
-0.099245
-0.028447
0.020161
0.014772
0.029852
-0.014348
-0.049020
-0.071058
-0.061808
0.017791
0.165828
0.270087
0.367663
0.408964
0.475799
0.445075
0.233408
0.032476
-0.235408
-0.333457
-0.242381
-0.107799
0.022377
0.063834
-0.010624
-0.062390
-0.114782
-0.095979
-0.046353
-0.067247
-0.104817
-0.153542
-0.218703
-0.197708
-0.146901
-0.074331
-0.002697
0.022256
0.026902
0.023310
-0.040879
-0.074275
-0.095759
-0.046194
0.090031
0.250414
0.316654
0.384409
0.406873
0.483284
0.371356
0.154496
-0.102156
-0.316066
-0.328822
-0.203990
-0.045158
0.077485
0.051505
-0.027426
-0.101582
-0.135809
-0.084689
-0.048499
-0.074750
-0.113991
-0.189758
-0.224267
-0.181158
-0.115558
-0.033406
0.018228
0.014804
0.020362
-0.013692
-0.056231
-0.081227
-0.081291
-0.008988
0.139668
0.265658
0.354966
0.404781
0.451722
0.456113
0.252966
0.032344
-0.199257
-0.304528
-0.256611
-0.140913
-0.013174
0.050978
0.004193
-0.048584
-0.116945
-0.118770
-0.070040
-0.062039
-0.098913
-0.147394
-0.215307
-0.199929
-0.152519
-0.083721
-0.023803
0.009783
0.016588
0.015733
-0.042763
-0.076794
-0.092735
-0.039297
0.071336
0.218329
0.301794
0.387154
0.418527
0.484211
0.376161
0.146876
-0.103589
-0.304303
-0.316836
-0.183459
-0.049021
0.048970
0.026363
-0.047850
-0.103267
-0.120829
-0.078952
-0.039996
-0.082092
-0.133132
-0.199676
-0.233875
-0.184118
-0.110713
-0.051277
-0.005243
0.002054
0.014680
-0.002697
-0.051457
-0.093266
-0.093712
-0.020300
0.124253
0.251592
0.328205
0.385675
0.443240
0.472134
0.281447
0.053184
-0.201573
-0.343356
-0.272851
-0.136299
-0.012962
0.059930
0.002380
-0.056883
-0.107365
-0.113813
-0.064491
-0.050136
-0.099988
-0.151255
-0.228252
-0.230067
-0.160311
-0.080394
-0.018967
0.013414
0.003872
0.007376
-0.033764
-0.075707
-0.097608
-0.069979
0.025798
0.188077
0.283025
0.359406
0.407308
0.464474
0.398542
0.192684
-0.042924
-0.266277
-0.328793
-0.239030
-0.103936
0.027122
0.058502
-0.013102
-0.086127
-0.130251
-0.105543
-0.062395
-0.076132
-0.128675
-0.186284
-0.233257
-0.195675
-0.124688
-0.046644
-0.000230
0.013213
0.001893
-0.016163
-0.065185
-0.090579
-0.098837
-0.030095
0.094241
0.243165
0.312645
0.376693
0.411191
0.464309
0.316351
0.125101
-0.131978
-0.308836
-0.315611
-0.212778
-0.065575
0.048073
0.024983
-0.022286
-0.095305
-0.128400
-0.083617
-0.070995
-0.104011
-0.140675
-0.217690
-0.230064
-0.181547
-0.103349
-0.023310
0.012085
0.004897
0.006837
-0.037726
-0.072742
-0.096712
-0.079660
0.008006
0.145062
0.257426
0.338203
0.384734
0.450478
0.431956
0.241751
0.043984
-0.221523
-0.326564
-0.274158
-0.161261
-0.013808
0.052361
0.000460
-0.040949
-0.118728
-0.118647
-0.075363
-0.082518
-0.108975
-0.153356
-0.224558
-0.200986
-0.150566
-0.077029
-0.019938
-0.002559
0.000513
0.005339
-0.046063
-0.074788
-0.100400
-0.058072
0.051511
0.198555
0.286896
0.367008
0.400922
0.469229
0.356353
0.143678
-0.071554
-0.284922
-0.316003
-0.219966
-0.089652
0.029717
0.047738
-0.022275
-0.093122
-0.146732
-0.109744
-0.063550
-0.077928
-0.114746
-0.180027
-0.229115
-0.194306
-0.125002
-0.048774
-0.000373
0.002889
-0.005087
-0.029053
-0.069908
-0.082974
-0.086222
-0.036368
0.084263
0.230858
0.317281
0.384216
0.427033
0.451739
0.279989
0.079440
-0.158883
-0.317062
-0.292954
-0.175970
-0.040185
0.052775
0.022765
-0.034725
-0.109452
-0.134148
-0.094056
-0.064848
-0.084952
-0.123322
-0.196292
-0.217561
-0.177510
-0.101691
-0.026348
0.006777
0.000985
0.003779
-0.036409
-0.071418
-0.094220
-0.074994
-0.000405
0.146487
0.265021
0.347224
0.385551
0.446067
0.413100
0.206227
0.003975
-0.223646
-0.311332
-0.240244
-0.119043
-0.001712
0.044309
-0.011338
-0.053026
-0.111230
-0.109421
-0.076288
-0.083904
-0.119161
-0.153616
-0.203291
-0.178964
-0.126324
-0.059937
-0.014211
-0.001232
-0.004843
-0.004591
-0.055009
-0.077227
-0.096928
-0.055567
0.045333
0.201046
0.296229
0.372342
0.406888
0.459652
0.371370
0.151377
-0.063345
-0.270337
-0.303442
-0.207376
-0.079686
0.032129
0.055206
-0.004850
-0.066179
-0.117467
-0.095740
-0.064144
-0.081036
-0.117913
-0.167702
-0.208339
-0.167771
-0.102178
-0.034837
0.005490
0.010436
0.008954
-0.004277
-0.054529
-0.082412
-0.087492
-0.030630
0.087301
0.234401
0.319209
0.383308
0.428102
0.468752
0.320964
0.110224
-0.123489
-0.288164
-0.280578
-0.159294
-0.030202
0.064425
0.031026
-0.035508
-0.105451
-0.123406
-0.074505
-0.039403
-0.076165
-0.124987
-0.191589
-0.207411
-0.151854
-0.076687
-0.016884
0.016363
0.007500
0.006275
-0.030962
-0.061847
-0.079489
-0.055003
0.023211
0.160110
0.268792
0.344116
0.401935
0.464290
0.452673
0.255835
0.023036
-0.230389
-0.317876
-0.248592
-0.104029
0.029300
0.089598
0.024083
-0.041948
-0.116017
-0.107262
-0.063200
-0.049241
-0.090421
-0.140829
-0.201372
-0.179595
-0.113955
-0.032573
0.008652
0.019387
0.006027
0.000355
-0.032144
-0.054256
-0.084678
-0.057412
0.023486
0.174559
0.286347
0.380477
0.430937
0.492079
0.404958
0.188684
-0.029591
-0.257448
-0.285701
-0.202764
-0.080498
0.040687
0.063370
-0.001119
-0.049929
-0.113489
-0.077536
-0.038756
-0.050527
-0.090750
-0.152690
-0.209318
-0.171010
-0.112617
-0.020062
0.034981
0.038256
0.022400
-0.005746
-0.054767
-0.066057
-0.083503
-0.031860
0.060728
0.201671
0.295090
0.376478
0.410590
0.468235
0.358637
0.164295
-0.046523
-0.244893
-0.269644
-0.179709
-0.066955
0.036082
0.051441
-0.009944
-0.056776
-0.094074
-0.064090
-0.029537
-0.060051
-0.113437
-0.162076
-0.195018
-0.146766
-0.074946
-0.010513
0.016745
0.016731
0.007382
-0.008049
-0.043393
-0.057411
-0.061735
-0.013438
0.092365
0.232872
0.314119
0.382019
0.426238
0.468159
0.323481
0.125800
-0.109954
-0.270263
-0.259119
-0.151947
-0.024791
0.065226
0.036709
-0.020523
-0.077547
-0.092221
-0.044129
-0.027906
-0.066104
-0.117833
-0.183588
-0.195497
-0.141336
-0.060339
0.016129
0.038885
0.026367
0.005979
-0.027934
-0.056068
-0.068818
-0.062397
-0.000769
0.119200
0.249085
0.323223
0.380122
0.430388
0.450205
0.278894
0.083705
-0.155034
-0.272882
-0.223546
-0.132333
-0.015689
0.055295
0.009866
-0.023108
-0.070677
-0.087763
-0.047383
-0.062068
-0.095444
-0.126338
-0.181722
-0.159576
-0.108733
-0.053487
0.001652
0.010904
0.008979
0.012529
-0.024331
-0.050382
-0.073306
-0.051843
0.027387
0.156880
0.269804
0.340770
0.390258
0.449262
0.425534
0.221885
0.028340
-0.208014
-0.273519
-0.203336
-0.100181
0.005833
0.045165
-0.011827
-0.038647
-0.091816
-0.074869
-0.039921
-0.058444
-0.101144
-0.142833
-0.198229
-0.163791
-0.108817
-0.034442
0.009993
0.013640
-0.002369
-0.003896
-0.045406
-0.054940
-0.071041
-0.035266
0.042170
0.177505
0.272897
0.355269
0.401137
0.468756
0.369369
0.177454
-0.043304
-0.258386
-0.269685
-0.185932
-0.068360
0.035592
0.033998
-0.026193
-0.073195
-0.108186
-0.070097
-0.039067
-0.064396
-0.108722
-0.170240
-0.208321
-0.168986
-0.105555
-0.027386
0.016541
0.016215
-0.002426
-0.025943
-0.060819
-0.064453
-0.060812
-0.019599
0.073375
0.200301
0.289561
0.372602
0.435784
0.461876
0.295540
0.078729
-0.156804
-0.295069
-0.258423
-0.143211
-0.025494
0.042991
-0.000259
-0.043091
-0.095141
-0.102522
-0.057250
-0.047728
-0.088755
-0.137130
-0.203962
-0.204469
-0.154831
-0.078541
-0.016007
0.005646
0.001758
-0.002419
-0.040831
-0.069678
-0.090397
-0.075378
-0.004294
0.122363
0.240123
0.322577
0.373932
0.439160
0.424473
0.219377
0.020934
-0.218351
-0.308844
-0.235641
-0.122519
-0.007105
0.042056
-0.018095
-0.059179
-0.109397
-0.107414
-0.059201
-0.064010
-0.106994
-0.155540
-0.219431
-0.201898
-0.144400
-0.062293
-0.005219
0.003565
-0.012423
-0.014709
-0.053040
-0.072196
-0.092499
-0.065857
0.013751
0.157692
0.256047
0.333841
0.386290
0.444966
0.377820
0.171221
-0.061237
-0.266072
-0.306958
-0.225376
-0.090717
0.018748
0.035134
-0.022345
-0.077566
-0.131979
-0.101880
-0.068977
-0.073274
-0.114870
-0.185473
-0.229018
-0.191681
-0.122664
-0.030580
0.006733
0.001620
-0.014102
-0.040691
-0.070629
-0.074888
-0.080937
-0.034082
0.055564
0.183437
0.273306
0.363599
0.419699
0.463008
0.302931
0.092948
-0.143243
-0.301144
-0.279134
-0.169597
-0.056833
0.029282
0.006197
-0.043367
-0.098192
-0.122518
-0.081197
-0.060116
-0.092159
-0.131226
-0.204399
-0.218367
-0.171135
-0.093901
-0.020874
0.007009
-0.001054
-0.007453
-0.046793
-0.077583
-0.096288
-0.081428
-0.013263
0.112689
0.224568
0.302156
0.370398
0.433372
0.440648
0.249225
0.028882
-0.217371
-0.318816
-0.252796
-0.129965
-0.017164
0.042622
-0.008381
-0.054284
-0.102594
-0.110479
-0.076900
-0.078518
-0.119759
-0.158401
-0.210374
-0.195276
-0.138530
-0.065287
-0.008453
0.009129
-0.003464
-0.011284
-0.055321
-0.076136
-0.093386
-0.056986
0.028272
0.168542
0.253705
0.330257
0.380596
0.451587
0.411109
0.200811
-0.037027
-0.276941
-0.325243
-0.216531
-0.085792
0.032088
0.048439
-0.028251
-0.073929
-0.112371
-0.084313
-0.051961
-0.078128
-0.126206
-0.179106
-0.218831
-0.173263
-0.108917
-0.036795
0.006981
0.013580
-0.002623
-0.015802
-0.061192
-0.073788
-0.082228
-0.040318
0.062070
0.205955
0.282929
0.365403
0.410649
0.468116
0.341399
0.128097
-0.117473
-0.298566
-0.283977
-0.160445
-0.035170
0.052148
0.020088
-0.045976
-0.089431
-0.108497
-0.063739
-0.039513
-0.079725
-0.129594
-0.205350
-0.221944
-0.165214
-0.088579
-0.005915
0.024666
0.010474
-0.000267
-0.033082
-0.065817
-0.082582
-0.076111
-0.009191
0.120667
0.239010
0.309774
0.370210
0.418217
0.446130
0.274993
0.066837
-0.175326
-0.288362
-0.254867
-0.131843
-0.014944
0.054000
0.005587
-0.047033
-0.106514
-0.101850
-0.058529
-0.044772
-0.087966
-0.140696
-0.200014
-0.190339
-0.141346
-0.061023
-0.009889
0.012845
0.004400
-0.005254
-0.037638
-0.056494
-0.072760
-0.042657
0.023580
0.165578
0.269821
0.344990
0.392699
0.452114
0.405511
0.202013
-0.010499
-0.233701
-0.298475
-0.220131
-0.086291
0.035224
0.067263
-0.003580
-0.065296
-0.118260
-0.089672
-0.041636
-0.055156
-0.097920
-0.149088
-0.199828
-0.175774
-0.120913
-0.044326
0.013063
0.025269
0.016247
-0.004270
-0.054657
-0.063646
-0.076519
-0.038465
0.064423
0.207510
0.290665
0.364586
0.392263
0.457678
0.350522
0.146185
-0.084911
-0.273657
-0.279451
-0.164977
-0.030227
0.060732
0.038476
-0.029693
-0.081777
-0.106556
-0.067520
-0.037360
-0.068353
-0.119419
-0.174716
-0.196262
-0.156339
-0.085938
-0.020632
0.010943
0.016144
0.013723
-0.013383
-0.051660
-0.071239
-0.064295
-0.005414
0.118349
0.241915
0.309740
0.371896
0.410529
0.433682
0.275378
0.076992
-0.152986
-0.272602
-0.239540
-0.119915
-0.011801
0.053472
0.019014
-0.030436
-0.081384
-0.092635
-0.066531
-0.052575
-0.093401
-0.137522
-0.187860
-0.185766
-0.135876
-0.061391
-0.011363
0.015229
0.008484
0.005126
-0.026821
-0.055391
-0.072126
-0.043319
0.027619
0.166279
0.259288
0.344221
0.392322
0.460187
0.411505
0.197830
-0.021623
-0.241046
-0.289153
-0.189321
-0.066923
0.041645
0.052777
-0.022055
-0.060422
-0.099134
-0.071740
-0.029394
-0.058946
-0.109159
-0.158375
-0.205610
-0.176450
-0.115855
-0.039314
0.015131
0.027537
0.022437
-0.000078
-0.051459
-0.070641
-0.080522
-0.028987
0.084735
0.219700
0.281875
0.351036
0.389536
0.466120
0.348496
0.144781
-0.098805
-0.276506
-0.275542
-0.149701
-0.033311
0.062934
0.044008
-0.027702
-0.083021
-0.114014
-0.072033
-0.034339
-0.063235
-0.112876
-0.184235
-0.210987
-0.151546
-0.071797
-0.008674
0.020450
0.006864
-0.001937
-0.020843
-0.054588
-0.068904
-0.054374
0.007061
0.129796
0.246515
0.313936
0.380807
0.433755
0.443915
0.255122
0.054986
-0.182033
-0.286868
-0.234385
-0.111926
0.012083
0.075449
0.013048
-0.044074
-0.107387
-0.102882
-0.048973
-0.041809
-0.079621
-0.133640
-0.195640
-0.181920
-0.132675
-0.053451
0.000546
0.015755
0.006392
0.001165
-0.038930
-0.059029
-0.082940
-0.052238
0.026675
0.160534
0.257067
0.332678
0.368900
0.432370
0.380897
0.191006
-0.000140
-0.214241
-0.263522
-0.171457
-0.093501
0.012945
0.037683
-0.025986
-0.048195
-0.102877
-0.091197
-0.051124
-0.073794
-0.099522
-0.135287
-0.192271
-0.163374
-0.123625
-0.063599
-0.004608
0.012095
0.007281
-0.003810
-0.059982
-0.074022
-0.081004
-0.036814
0.081638
0.211433
0.275629
0.347173
0.359125
0.422028
0.318010
0.123430
-0.077164
-0.250340
-0.259412
-0.148736
-0.046728
0.048126
0.025090
-0.048928
-0.098537
-0.124681
-0.076125
-0.032784
-0.070197
-0.120699
-0.184825
-0.206348
-0.157949
-0.089057
-0.031659
0.001902
0.000211
0.001904
-0.021645
-0.069317
-0.093334
-0.081418
-0.012688
0.122177
0.233378
0.293236
0.347285
0.399112
0.421951
0.251017
0.058419
-0.172033
-0.272688
-0.236641
-0.124887
-0.015726
0.040232
-0.005527
-0.053880
-0.103942
-0.103429
-0.061606
-0.059321
-0.103281
-0.147043
-0.194064
-0.184950
-0.144041
-0.080391
-0.027831
-0.001051
-0.001395
-0.004019
-0.040477
-0.064919
-0.086569
-0.059483
0.012818
0.138736
0.235684
0.310603
0.360701
0.426333
0.385546
0.183800
-0.023048
-0.223090
-0.268029
-0.196600
-0.088571
0.006376
0.031798
-0.027155
-0.067624
-0.120865
-0.098355
-0.059468
-0.075704
-0.113097
-0.156115
-0.197406
-0.162455
-0.122541
-0.059588
-0.022610
-0.007412
-0.003662
-0.014010
-0.060670
-0.074857
-0.091157
-0.049098
0.040584
0.183360
0.263224
0.332715
0.362179
0.420637
0.333478
0.143428
-0.056328
-0.251720
-0.263670
-0.177802
-0.055403
0.032292
0.026363
-0.041745
-0.095006
-0.114052
-0.077795
-0.048985
-0.079527
-0.128282
-0.178697
-0.197194
-0.150197
-0.097710
-0.045523
-0.016282
-0.012482
-0.016105
-0.030199
-0.059959
-0.067522
-0.070876
-0.026259
0.077868
0.198470
0.278248
0.352096
0.387266
0.430820
0.279472
0.087606
-0.130989
-0.260006
-0.247860
-0.131727
-0.030163
0.035893
-0.002624
-0.051328
-0.107482
-0.107415
-0.059373
-0.045868
-0.083027
-0.131257
-0.190702
-0.183150
-0.143708
-0.089991
-0.039963
-0.016347
-0.011640
-0.003932
-0.034501
-0.062749
-0.087503
-0.066050
0.004203
0.123603
0.230292
0.299836
0.334760
0.396588
0.412850
0.241021
0.046511
-0.178002
-0.280653
-0.217285
-0.098874
-0.004098
0.048076
-0.019611
-0.065325
-0.102276
-0.090878
-0.046378
-0.051176
-0.106496
-0.149492
-0.203524
-0.179155
-0.124273
-0.061431
-0.014445
0.002912
-0.007716
-0.006529
-0.047983
-0.064321
-0.078719
-0.047421
0.033566
0.173022
0.249152
0.315666
0.347882
0.403394
0.356776
0.181072
-0.007810
-0.210048
-0.264420
-0.195308
-0.079629
0.020721
0.043182
-0.023680
-0.077791
-0.116412
-0.079691
-0.037221
-0.061105
-0.119572
-0.168551
-0.191550
-0.146377
-0.092043
-0.035725
-0.014547
-0.008902
-0.016113
-0.020749
-0.056812
-0.071455
-0.071735
-0.021289
0.074210
0.209066
0.274473
0.340135
0.369359
0.426374
0.328040
0.136336
-0.062988
-0.238813
-0.254701
-0.156118
-0.053600
0.038031
0.028510
-0.035890
-0.077142
-0.102711
-0.068437
-0.039930
-0.081119
-0.129690
-0.175695
-0.187255
-0.136576
-0.079674
-0.033291
-0.007025
-0.011763
-0.006917
-0.014979
-0.046247
-0.062222
-0.059972
-0.011374
0.102859
0.221583
0.301531
0.355103
0.393030
0.425363
0.268390
0.094991
-0.130860
-0.261214
-0.236189
-0.151894
-0.023911
0.065063
0.017460
-0.032391
-0.093676
-0.110028
-0.055325
-0.050365
-0.092011
-0.139181
-0.194599
-0.169591
-0.118492
-0.063553
-0.015317
-0.006994
-0.004306
0.001371
-0.031399
-0.053434
-0.072923
-0.063046
0.006304
0.128187
0.235066
0.309075
0.365173
0.424983
0.429662
0.235841
0.030544
-0.192554
-0.280712
-0.217790
-0.099102
0.007740
0.065028
0.007624
-0.044353
-0.095154
-0.095901
-0.048935
-0.045102
-0.094841
-0.145960
-0.199128
-0.170825
-0.113255
-0.050182
-0.009056
0.010598
0.004512
0.007219
-0.038492
-0.068586
-0.078291
-0.043064
0.037467
0.174315
0.252565
0.323432
0.363339
0.430827
0.378602
0.186290
-0.013829
-0.214687
-0.259833
-0.183892
-0.074337
0.008248
0.032489
-0.018898
-0.047070
-0.083126
-0.058536
-0.038665
-0.064826
-0.118227
-0.166688
-0.195521
-0.146569
-0.084286
-0.022690
-0.003905
-0.008688
-0.014073
-0.010774
-0.037166
-0.052638
-0.067405
-0.037580
0.048889
0.187231
0.266882
0.335591
0.374411
0.425389
0.346233
0.156452
-0.042730
-0.225170
-0.251678
-0.166063
-0.058589
0.031141
0.033417
-0.030337
-0.067071
-0.097077
-0.064476
-0.032393
-0.064432
-0.110340
-0.157184
-0.184309
-0.135971
-0.083911
-0.029114
0.003407
0.000986
-0.005440
-0.014174
-0.047561
-0.058205
-0.065284
-0.023249
0.074427
0.205624
0.285230
0.347637
0.380395
0.432913
0.307120
0.116837
-0.092912
-0.251116
-0.235743
-0.142463
-0.040076
0.040617
0.018166
-0.036335
-0.072844
-0.098575
-0.057681
-0.039232
-0.075502
-0.119219
-0.179565
-0.183776
-0.132610
-0.076179
-0.026657
-0.001084
-0.006099
-0.001797
-0.020158
-0.054325
-0.073153
-0.058676
0.008975
0.123739
0.222713
0.297558
0.355389
0.412950
0.433915
0.243001
0.038593
-0.180924
-0.278441
-0.215914
-0.098009
-0.009314
0.041359
-0.014499
-0.056475
-0.085807
-0.088263
-0.057649
-0.062960
-0.109946
-0.141762
-0.185792
-0.161759
-0.106430
-0.054576
-0.018864
-0.005190
-0.016199
-0.007281
-0.034938
-0.064705
-0.086237
-0.066531
0.007455
0.146121
0.246396
0.322936
0.367390
0.406275
0.363540
0.183000
-0.001120
-0.191125
-0.260599
-0.207425
-0.099439
0.003036
0.049835
-0.000943
-0.058449
-0.113300
-0.098937
-0.066423
-0.076754
-0.118446
-0.164737
-0.192989
-0.151897
-0.099189
-0.042882
-0.020755
-0.013490
-0.022286
-0.028432
-0.057928
-0.072268
-0.082994
-0.037766
0.057386
0.191938
0.268693
0.330017
0.364492
0.429702
0.337143
0.153256
-0.062608
-0.264810
-0.270017
-0.173284
-0.057396
0.044064
0.027957
-0.037130
-0.086001
-0.132722
-0.085838
-0.056004
-0.090604
-0.128368
-0.194818
-0.204157
-0.136458
-0.076816
-0.019455
-0.010617
-0.023232
-0.023920
-0.047562
-0.067159
-0.068956
-0.070152
-0.007879
0.086583
0.189966
0.267939
0.335390
0.394520
0.447682
0.286216
0.082534
-0.159627
-0.303163
-0.252092
-0.141538
-0.024383
0.059119
0.011471
-0.032575
-0.095001
-0.115783
-0.065054
-0.064943
-0.101350
-0.136022
-0.202577
-0.183879
-0.129142
-0.065772
-0.011884
-0.005215
-0.015458
-0.013797
-0.046995
-0.060914
-0.079223
-0.072887
-0.010028
0.105411
0.218855
0.298405
0.346944
0.397838
0.400212
0.232542
0.033264
-0.180575
-0.264777
-0.225260
-0.106827
-0.000036
0.042668
-0.006461
-0.060616
-0.108580
-0.096090
-0.058874
-0.052255
-0.088999
-0.147698
-0.204040
-0.188546
-0.133647
-0.050789
-0.002598
0.014907
-0.011321
-0.032190
-0.065503
-0.083857
-0.087322
-0.035121
0.036057
0.169097
0.249281
0.309158
0.356038
0.423973
0.371083
0.182304
-0.025253
-0.224491
-0.269583
-0.183464
-0.061601
0.023772
0.033826
-0.036353
-0.076503
-0.107292
-0.073327
-0.037800
-0.070044
-0.123382
-0.171995
-0.202322
-0.146796
-0.084284
-0.034325
-0.011312
-0.013962
-0.022430
-0.014667
-0.046708
-0.063426
-0.071310
-0.030622
0.057613
0.193168
0.268156
0.344181
0.373971
0.427562
0.314880
0.140729
-0.084706
-0.250008
-0.261477
-0.164336
-0.024553
0.054530
0.033525
-0.044714
-0.109016
-0.121288
-0.060703
-0.027376
-0.051461
-0.114863
-0.185651
-0.197337
-0.150825
-0.071335
-0.006774
0.011159
-0.000440
-0.020957
-0.044241
-0.059883
-0.058031
-0.042299
0.004363
0.106306
0.219356
0.280998
0.355745
0.412478
0.436555
0.261105
0.071723
-0.140364
-0.261661
-0.220672
-0.107368
-0.003047
0.061064
0.005257
-0.052180
-0.101807
-0.101600
-0.041597
-0.035972
-0.092448
-0.132814
-0.188836
-0.166901
-0.113022
-0.058716
-0.013199
0.003881
-0.007412
0.002456
-0.030644
-0.046405
-0.053084
-0.029151
0.037812
0.160870
0.248542
0.338086
0.383995
0.447902
0.391347
0.180942
-0.021230
-0.213720
-0.257202
-0.169312
-0.051334
0.033912
0.047333
-0.018052
-0.060647
-0.092712
-0.081231
-0.049215
-0.059945
-0.098769
-0.144675
-0.181302
-0.154695
-0.094855
-0.040488
-0.007740
-0.001470
0.001833
-0.002143
-0.040391
-0.066216
-0.074046
-0.020358
0.088138
0.220219
0.278990
0.346304
0.390534
0.448015
0.328077
0.135517
-0.101986
-0.252991
-0.246891
-0.133246
-0.018283
0.055136
0.021149
-0.037592
-0.092056
-0.094317
-0.041131
-0.028797
-0.069183
-0.123955
-0.196823
-0.189083
-0.129663
-0.060940
-0.010518
-0.000729
-0.009879
-0.001311
-0.023135
-0.048848
-0.069181
-0.059081
0.002766
0.126861
0.233300
0.310672
0.364981
0.430901
0.433615
0.246242
0.064198
-0.157152
-0.263073
-0.213992
-0.108927
-0.013302
0.041036
-0.010980
-0.043270
-0.085338
-0.076927
-0.035359
-0.045994
-0.108656
-0.158332
-0.208528
-0.167400
-0.106958
-0.052595
-0.023324
-0.010187
-0.013404
0.006134
-0.030888
-0.051546
-0.068123
-0.045826
0.034884
0.180152
0.261447
0.352270
0.376830
0.443526
0.361831
0.165504
-0.028969
-0.235554
-0.274651
-0.178326
-0.066498
0.036687
0.046338
-0.034184
-0.082894
-0.121026
-0.079527
-0.027130
-0.060082
-0.116128
-0.185831
-0.219324
-0.156958
-0.077733
-0.022517
0.000040
-0.016869
-0.019060
-0.025703
-0.053873
-0.058225
-0.058753
-0.025326
0.085434
0.205158
0.285185
0.367537
0.404355
0.440271
0.278064
0.086117
-0.136831
-0.283448
-0.251148
-0.129072
-0.025433
0.051891
0.000239
-0.056593
-0.097745
-0.097407
-0.045775
-0.035068
-0.097449
-0.147903
-0.213611
-0.202095
-0.133571
-0.066795
-0.023100
-0.004352
-0.018863
-0.008346
-0.037943
-0.067642
-0.083057
-0.062292
0.009824
0.146093
0.238927
0.301861
0.352442
0.412955
0.413901
0.233210
0.036132
-0.202336
-0.311512
-0.240864
-0.103414
0.024823
0.064387
-0.014888
-0.087041
-0.136633
-0.106447
-0.045965
-0.051689
-0.101768
-0.163959
-0.221276
-0.187985
-0.130755
-0.061599
-0.010122
0.000621
-0.002809
-0.007548
-0.057171
-0.078840
-0.086456
-0.041902
0.059554
0.206440
0.279533
0.347181
0.373834
0.428216
0.321863
0.140046
-0.074938
-0.256015
-0.278408
-0.181447
-0.053439
0.047968
0.042444
-0.030615
-0.107179
-0.144439
-0.094315
-0.049863
-0.065895
-0.113187
-0.185901
-0.210022
-0.158257
-0.093544
-0.037889
-0.008593
-0.011598
-0.006227
-0.033148
-0.069403
-0.081677
-0.068219
0.002380
0.130671
0.233288
0.302054
0.358043
0.409595
0.412329
0.236770
0.047403
-0.181929
-0.276959
-0.226645
-0.112063
-0.002952
0.052153
-0.006820
-0.054945
-0.111083
-0.106430
-0.065069
-0.064512
-0.100445
-0.146424
-0.207130
-0.177455
-0.126922
-0.063035
-0.021207
-0.015432
-0.016035
0.002652
-0.035290
-0.062949
-0.088326
-0.053374
0.037982
0.185358
0.262100
0.344043
0.385970
0.449704
0.369192
0.176148
-0.060066
-0.245094
-0.285446
-0.188764
-0.054914
0.042102
0.034589
-0.039999
-0.103523
-0.113610
-0.070278
-0.036935
-0.068321
-0.129228
-0.195124
-0.207123
-0.158259
-0.089293
-0.041979
-0.017450
-0.018383
-0.007200
-0.013383
-0.044729
-0.072651
-0.069910
-0.015175
0.109628
0.233929
0.305997
0.369606
0.413299
0.439638
0.271265
0.075645
-0.170429
-0.292418
-0.261847
-0.138411
-0.006460
0.070514
0.019262
-0.043916
-0.109457
-0.111249
-0.059217
-0.051167
-0.089210
-0.143558
-0.210106
-0.197682
-0.148558
-0.078883
-0.019374
0.002976
0.001004
0.006643
-0.036812
-0.063300
-0.087670
-0.064920
0.023297
0.169633
0.259340
0.345218
0.378712
0.446609
0.391916
0.183687
-0.023854
-0.245653
-0.300067
-0.198575
-0.063079
0.046792
0.057146
-0.030616
-0.082785
-0.118162
-0.075583
-0.028344
-0.059487
-0.123625
-0.182690
-0.222585
-0.169063
-0.093808
-0.030191
0.004171
0.003802
-0.004866
-0.010524
-0.051598
-0.068770
-0.070699
-0.029291
0.082727
0.230742
0.308473
0.375306
0.416076
0.450087
0.301125
0.107479
-0.145830
-0.294012
-0.267706
-0.141245
-0.012945
0.067063
0.017467
-0.044112
-0.097054
-0.098880
-0.050861
-0.037148
-0.092812
-0.140730
-0.207796
-0.200779
-0.140994
-0.065857
-0.013352
0.009517
-0.001516
0.000475
-0.036537
-0.058574
-0.079526
-0.063340
-0.001459
0.151495
0.258790
0.330417
0.379130
0.432724
0.389389
0.217118
0.013221
-0.207795
-0.283316
-0.224432
-0.095459
0.025229
0.061055
0.005225
-0.061988
-0.120281
-0.087722
-0.038296
-0.054019
-0.105735
-0.173139
-0.221182
-0.184056
-0.111729
-0.029693
0.011459
0.007420
-0.006497
-0.023841
-0.050540
-0.061427
-0.078174
-0.041797
0.052661
0.197570
0.292372
0.368478
0.401230
0.459173
0.316633
0.121079
-0.105836
-0.270537
-0.257027
-0.144874
-0.040917
0.038547
0.008183
-0.040495
-0.071071
-0.089918
-0.052143
-0.036109
-0.086947
-0.133920
-0.197465
-0.207794
-0.156231
-0.079347
-0.006785
0.022181
0.002509
-0.007527
-0.043640
-0.061091
-0.067272
-0.052808
0.007019
0.130577
0.232706
0.314036
0.371328
0.438342
0.433157
0.245785
0.044687
-0.210515
-0.296397
-0.221492
-0.086733
0.028839
0.063042
-0.019290
-0.068829
-0.111651
-0.079637
-0.033374
-0.051804
-0.104655
-0.151621
-0.205523
-0.174802
-0.116265
-0.033711
0.016282
0.017587
-0.004697
-0.016389
-0.061257
-0.063530
-0.075202
-0.041673
0.041426
0.196901
0.284250
0.347244
0.386332
0.439953
0.347930
0.166289
-0.057470
-0.251367
-0.264535
-0.178968
-0.046006
0.056555
0.052713
0.001236
-0.065845
-0.109722
-0.075684
-0.055468
-0.063501
-0.110938
-0.179148
-0.188487
-0.147978
-0.080149
0.003812
0.021661
0.009448
0.002970
-0.038476
-0.067169
-0.078939
-0.071213
-0.002652
0.106658
0.242924
0.309714
0.350047
0.407024
0.441573
0.289532
0.095393
-0.151805
-0.289428
-0.235948
-0.112746
0.018450
0.083378
0.016029
-0.046930
-0.090121
-0.086814
-0.027655
-0.024610
-0.080383
-0.141871
-0.199696
-0.185770
-0.124306
-0.042876
0.024658
0.031373
0.009366
0.000801
-0.039049
-0.059626
-0.075759
-0.059215
0.011683
0.146712
0.259715
0.324692
0.368983
0.418870
0.394229
0.228882
0.031327
-0.190730
-0.253153
-0.209822
-0.088313
0.034494
0.061236
0.006530
-0.038962
-0.100548
-0.073467
-0.039642
-0.051417
-0.086319
-0.146735
-0.194778
-0.161996
-0.117960
-0.032187
0.023986
0.023880
0.017729
-0.010596
-0.062766
-0.060065
-0.070646
-0.019321
0.069288
0.188873
0.273321
0.348548
0.388328
0.454977
0.337557
0.149250
-0.066578
-0.255689
-0.249266
-0.148069
-0.030036
0.062090
0.027313
-0.039769
-0.076725
-0.095653
-0.037047
-0.018414
-0.069848
-0.121165
-0.187130
-0.192490
-0.137867
-0.076154
-0.003736
0.022340
0.010629
0.004539
-0.039951
-0.063030
-0.062474
-0.060850
-0.003299
0.099403
0.216887
0.297097
0.350835
0.413002
0.425184
0.253229
0.064820
-0.174974
-0.280976
-0.232415
-0.102504
0.012457
0.069586
0.009109
-0.049131
-0.105497
-0.093108
-0.038116
-0.033848
-0.092200
-0.158748
-0.214631
-0.183063
-0.119028
-0.041463
0.012339
0.014595
-0.003557
-0.017250
-0.064212
-0.079565
-0.086199
-0.046497
0.016709
0.132774
0.238961
0.304815
0.360650
0.425191
0.374394
0.190066
0.000653
-0.217853
-0.268874
-0.195806
-0.083728
0.024798
0.043227
-0.017162
-0.064426
-0.120482
-0.089745
-0.047694
-0.062020
-0.098362
-0.158409
-0.204618
-0.169039
-0.118622
-0.037401
0.006334
0.005729
-0.001422
-0.029887
-0.084445
-0.087572
-0.087844
-0.031638
0.050787
0.170725
0.245329
0.304689
0.350646
0.419407
0.331499
0.142018
-0.068304
-0.258977
-0.266600
-0.169908
-0.045817
0.048392
0.032801
-0.034547
-0.087428
-0.130284
-0.086940
-0.043590
-0.074113
-0.119644
-0.187962
-0.215610
-0.162830
-0.099519
-0.023488
0.003108
-0.013442
-0.021228
-0.048940
-0.087861
-0.085991
-0.084934
-0.027895
0.069859
0.185523
0.251834
0.312038
0.359091
0.420755
0.283230
0.107158
-0.114472
-0.271610
-0.247567
-0.151447
-0.043476
0.041792
-0.001776
-0.054854
-0.101823
-0.115640
-0.063062
-0.050933
-0.099435
-0.145630
-0.208497
-0.197448
-0.143268
-0.085084
-0.023440
-0.008068
-0.018205
-0.018522
-0.059985
-0.084214
-0.093424
-0.075929
-0.005164
0.105727
0.209862
0.279347
0.326095
0.388847
0.405556
0.223134
0.030129
-0.204360
-0.292500
-0.227688
-0.104388
0.003901
0.042083
-0.023946
-0.068365
-0.108163
-0.098908
-0.056507
-0.065537
-0.119559
-0.167202
-0.211002
-0.180866
-0.128868
-0.063039
-0.017332
-0.008785
-0.016213
-0.019117
-0.064451
-0.085559
-0.102368
-0.072425
0.003123
0.138064
0.234957
0.296426
0.331388
0.395003
0.370783
0.193285
-0.001269
-0.213661
-0.287258
-0.214311
-0.101477
0.011484
0.045482
-0.017812
-0.068288
-0.111018
-0.091171
-0.049536
-0.070107
-0.119457
-0.169698
-0.211427
-0.168248
-0.107562
-0.045570
-0.008447
-0.007519
-0.018118
-0.024348
-0.066689
-0.080960
-0.085774
-0.048886
0.026659
0.154932
0.239735
0.307216
0.351550
0.407581
0.346063
0.159776
-0.030585
-0.218062
-0.263760
-0.189396
-0.077780
0.022667
0.042460
-0.009471
-0.061199
-0.100218
-0.083629
-0.055315
-0.079568
-0.120656
-0.162999
-0.190222
-0.155401
-0.103273
-0.041915
-0.000663
0.011234
0.002591
-0.016800
-0.067800
-0.088108
-0.098866
-0.046846
0.041647
0.183577
0.268166
0.317668
0.356232
0.419086
0.331109
0.157561
-0.047825
-0.245158
-0.261427
-0.166669
-0.053357
0.054754
0.045193
-0.021167
-0.067099
-0.107177
-0.070748
-0.042085
-0.077804
-0.116137
-0.172600
-0.192918
-0.138481
-0.086832
-0.016137
0.016476
0.007838
0.000653
-0.029002
-0.073569
-0.079715
-0.088878
-0.031140
0.062872
0.187749
0.270011
0.320366
0.352888
0.414030
0.332615
0.152275
-0.034457
-0.226229
-0.246392
-0.149180
-0.047185
0.052071
0.045682
-0.026543
-0.064054
-0.098156
-0.061994
-0.022830
-0.070460
-0.119142
-0.173035
-0.193304
-0.129234
-0.065698
-0.009851
0.017120
0.002340
-0.007580
-0.033344
-0.076148
-0.071759
-0.066255
-0.010531
0.080763
0.188955
0.261031
0.318884
0.357671
0.425761
0.339907
0.149779
-0.053133
-0.246434
-0.256341
-0.155573
-0.041410
0.061055
0.051052
-0.013746
-0.060124
-0.101162
-0.065896
-0.042104
-0.075254
-0.110809
-0.168891
-0.189794
-0.136865
-0.068700
0.008176
0.027312
0.007453
-0.008076
-0.033653
-0.064729
-0.064104
-0.069746
-0.014169
0.065136
0.190726
0.265314
0.321790
0.375794
0.429853
0.322233
0.148746
-0.067972
-0.233231
-0.239890
-0.163093
-0.051195
0.046962
0.046690
0.003234
-0.048742
-0.089148
-0.061440
-0.048146
-0.080416
-0.123594
-0.179001
-0.185023
-0.127979
-0.059930
0.007202
0.019712
0.010326
-0.006494
-0.038143
-0.067460
-0.071223
-0.068316
-0.013476
0.058376
0.177328
0.262474
0.322740
0.376949
0.426675
0.307927
0.137178
-0.055731
-0.227735
-0.230702
-0.161876
-0.052366
0.042988
0.038149
-0.005572
-0.055093
-0.101307
-0.065532
-0.045302
-0.070997
-0.103513
-0.164773
-0.182674
-0.137189
-0.077335
-0.001219
0.028539
0.015333
-0.005577
-0.047056
-0.083637
-0.083698
-0.068673
0.004447
0.089292
0.195130
0.257143
0.300643
0.347319
0.415357
0.310128
0.136030
-0.080267
-0.254648
-0.233303
-0.136465
-0.020329
0.059213
0.024283
-0.031740
-0.076385
-0.104555
-0.052878
-0.039492
-0.071796
-0.111094
-0.177161
-0.187311
-0.131160
-0.066573
0.006443
0.016556
-0.003399
-0.017115
-0.048140
-0.072211
-0.070674
-0.066696
-0.007095
0.075561
0.188075
0.253155
0.302562
0.358276
0.414731
0.296297
0.128512
-0.083516
-0.244534
-0.234276
-0.144389
-0.031974
0.054148
0.027402
-0.027524
-0.084132
-0.103680
-0.053424
-0.031855
-0.070509
-0.120001
-0.186158
-0.184164
-0.134304
-0.066994
-0.004193
0.004896
-0.004326
-0.013035
-0.041661
-0.066854
-0.076956
-0.078037
-0.020568
0.075497
0.195612
0.264662
0.306510
0.347639
0.394166
0.267652
0.115227
-0.086663
-0.242024
-0.223588
-0.140638
-0.024550
0.055689
0.013447
-0.036375
-0.085826
-0.100641
-0.051520
-0.050302
-0.083635
-0.125587
-0.181739
-0.171037
-0.119825
-0.070641
-0.007717
-0.002127
-0.014146
-0.022350
-0.050733
-0.070865
-0.072714
-0.065453
-0.000248
0.092328
0.208862
0.274919
0.324958
0.370403
0.400790
0.251477
0.093347
-0.122018
-0.245673
-0.218967
-0.123288
-0.009518
0.048875
0.004247
-0.039496
-0.090753
-0.092376
-0.042418
-0.042177
-0.079438
-0.130736
-0.195218
-0.177385
-0.128145
-0.056406
0.010959
0.010958
-0.005107
-0.019101
-0.058094
-0.063542
-0.075351
-0.059918
0.005331
0.104780
0.208672
0.276718
0.327866
0.391022
0.394853
0.233436
0.057758
-0.162548
-0.243770
-0.208914
-0.102501
0.010055
0.055087
0.001908
-0.043462
-0.100106
-0.082862
-0.034319
-0.038756
-0.083871
-0.144651
-0.200485
-0.167247
-0.113915
-0.041239
0.002609
0.000828
-0.007009
-0.014098
-0.055550
-0.066522
-0.081633
-0.042540
0.028401
0.143252
0.232529
0.294628
0.334743
0.399704
0.370142
0.202534
0.014259
-0.195890
-0.238729
-0.184550
-0.073601
0.021368
0.038685
-0.014622
-0.056712
-0.097154
-0.060336
-0.029460
-0.053142
-0.109402
-0.175894
-0.201794
-0.147050
-0.089524
-0.024191
0.002700
-0.001772
-0.007387
-0.026348
-0.060627
-0.068187
-0.078074
-0.030384
0.044919
0.164611
0.243716
0.301223
0.357401
0.433971
0.337186
0.149734
-0.059948
-0.240715
-0.236978
-0.148746
-0.046598
0.039320
0.013371
-0.036319
-0.073866
-0.102578
-0.054721
-0.026531
-0.062608
-0.113086
-0.187421
-0.205535
-0.146636
-0.077792
-0.004030
0.013121
-0.005365
-0.011205
-0.041553
-0.076566
-0.081731
-0.068752
-0.000505
0.093166
0.198722
0.259380
0.322812
0.392181
0.436135
0.276429
0.090703
-0.151773
-0.266164
-0.212946
-0.120675
-0.005326
0.045633
-0.005612
-0.041048
-0.089026
-0.089720
-0.042948
-0.051913
-0.092924
-0.146028
-0.199515
-0.171971
-0.114744
-0.054411
-0.003639
-0.000223
-0.006263
-0.013233
-0.047943
-0.068778
-0.081037
-0.061415
-0.000249
0.116484
0.234272
0.304538
0.356493
0.420224
0.385768
0.201160
0.004183
-0.204946
-0.248041
-0.185723
-0.076068
0.006308
0.027870
-0.021632
-0.047789
-0.093923
-0.068104
-0.043174
-0.058634
-0.110798
-0.169083
-0.209447
-0.165427
-0.106902
-0.025580
0.010365
0.011574
-0.000165
-0.029852
-0.072424
-0.077063
-0.075182
-0.015332
0.055751
0.180464
0.266864
0.327831
0.379745
0.451525
0.332002
0.148839
-0.084061
-0.258437
-0.246283
-0.159922
-0.034822
0.061296
0.023559
-0.027555
-0.079819
-0.101087
-0.044024
-0.020851
-0.062417
-0.124669
-0.207926
-0.211100
-0.141813
-0.061855
0.015793
0.025366
0.004508
-0.003229
-0.039533
-0.059571
-0.075754
-0.064806
-0.001868
0.103541
0.221676
0.296304
0.353228
0.418674
0.415181
0.256038
0.077327
-0.155907
-0.250938
-0.226156
-0.123088
-0.000979
0.064430
0.023401
-0.023976
-0.097746
-0.082061
-0.034133
-0.033638
-0.081051
-0.153997
-0.211701
-0.174086
-0.116118
-0.035894
0.009045
0.012488
0.011205
-0.003884
-0.050987
-0.056756
-0.077914
-0.035004
0.032121
0.155800
0.254484
0.336161
0.375600
0.440633
0.346565
0.177718
-0.018992
-0.227122
-0.241843
-0.161729
-0.050392
0.044196
0.024983
-0.043004
-0.069488
-0.091787
-0.023013
0.000434
-0.053858
-0.122178
-0.201396
-0.215872
-0.131884
-0.062147
0.011107
0.016649
-0.017841
-0.015994
-0.032001
-0.047351
-0.042889
-0.059442
-0.013970
0.060924
0.186900
0.284449
0.343766
0.407016
0.434443
0.279428
0.116705
-0.124657
-0.247961
-0.217024
-0.119662
0.002156
0.065620
0.013278
-0.028907
-0.091564
-0.089196
-0.038262
-0.034302
-0.063848
-0.129814
-0.207609
-0.188758
-0.130259
-0.039227
0.031069
0.021427
-0.003404
-0.027325
-0.064697
