0.156096
0.163345
0.168018
0.191624
0.203216
0.174096
0.137253
0.088345
0.017015
-0.034626
-0.060962
-0.068297
-0.052343
-0.043667
-0.057392
-0.079170
-0.113395
-0.149538
-0.165416
-0.171280
-0.166978
-0.143558
-0.124174
-0.122913
-0.127597
-0.133499
-0.138001
-0.115659
-0.072460
-0.028219
0.004693
0.012565
0.017835
0.051660
0.103506
0.154672
0.192638
0.182677
0.154573
0.150307
0.168813
0.194376
0.210334
0.192710
0.148022
0.113721
0.065869
0.005296
-0.045764
-0.074816
-0.068552
-0.042090
-0.035875
-0.053666
-0.089996
-0.134685
-0.165028
-0.166316
-0.157205
-0.141497
-0.128462
-0.133061
-0.144916
-0.145374
-0.142517
-0.125837
-0.092281
-0.051599
-0.013357
0.012386
0.018095
0.038019
0.084342
0.134162
0.175264
0.188855
0.170439
0.163431
0.174376
0.186673
0.207137
0.218846
0.196934
0.160976
0.103397
0.023995
-0.043035
-0.075926
-0.070516
-0.036550
-0.016460
-0.034238
-0.074938
-0.125491
-0.162527
-0.168183
-0.161516
-0.152483
-0.141282
-0.135115
-0.135648
-0.132760
-0.131877
-0.130820
-0.117796
-0.086877
-0.045990
-0.008554
0.013517
0.027532
0.062548
0.113085
0.156701
0.185788
0.183542
0.165112
0.162399
0.173243
0.188756
0.210894
0.215783
0.193181
0.147946
0.066629
-0.019789
-0.072399
-0.083455
-0.057790
-0.021691
-0.019161
-0.053084
-0.099226
-0.144686
-0.166120
-0.163563
-0.157629
-0.150052
-0.138976
-0.129512
-0.122098
-0.123745
-0.125117
-0.127353
-0.118491
-0.078811
-0.021512
0.025220
0.044140
0.050540
0.066894
0.101577
0.154158
0.196400
0.199837
0.176244
0.163816
0.166325
0.193045
0.217959
0.207165
0.169444
0.103537
0.020372
-0.043761
-0.072361
-0.064489
-0.035245
-0.023776
-0.043579
-0.076302
-0.118063
-0.148638
-0.159426
-0.162890
-0.159784
-0.145196
-0.134558
-0.130400
-0.129497
-0.130858
-0.130600
-0.118849
-0.091005
-0.047699
-0.000938
0.025338
0.036358
0.059038
0.093960
0.136381
0.181319
0.201468
0.189746
0.178821
0.170532
0.167738
0.190287
0.208730
0.193284
0.146432
0.060491
-0.027439
-0.069276
-0.069737
-0.042035
-0.013841
-0.024502
-0.061798
-0.103774
-0.141266
-0.159285
-0.157589
-0.154967
-0.147957
-0.134794
-0.129109
-0.129069
-0.133874
-0.140805
-0.132659
-0.099420
-0.048544
-0.002454
0.021224
0.020473
0.033688
0.078179
0.134083
0.180364
0.202036
0.187250
0.164557
0.161642
0.174000
0.192511
0.201403
0.189199
0.162718
0.104050
0.019463
-0.047190
-0.078408
-0.070034
-0.039738
-0.027574
-0.045776
-0.080227
-0.120262
-0.148783
-0.160733
-0.165023
-0.159638
-0.143773
-0.125694
-0.116795
-0.116984
-0.125215
-0.134339
-0.129061
-0.094046
-0.037116
0.015905
0.035096
0.036494
0.057334
0.098564
0.148612
0.195545
0.201155
0.167144
0.147421
0.143844
0.165035
0.209704
0.222822
0.193231
0.141525
0.053458
-0.031418
-0.071393
-0.076208
-0.048188
-0.017997
-0.025921
-0.058974
-0.098563
-0.141860
-0.163298
-0.161379
-0.156659
-0.141741
-0.124784
-0.119769
-0.122238
-0.128347
-0.131262
-0.125181
-0.104000
-0.057998
-0.002204
0.029874
0.029191
0.027638
0.054567
0.110021
0.169749
0.207483
0.201921
0.169860
0.148251
0.153108
0.170590
0.187742
0.187911
0.160913
0.108966
0.032952
-0.036834
-0.074821
-0.073541
-0.049767
-0.029513
-0.037703
-0.072692
-0.117679
-0.155807
-0.170908
-0.163954
-0.150064
-0.134676
-0.129134
-0.137297
-0.145302
-0.146321
-0.139198
-0.111404
-0.067257
-0.025086
0.001565
0.007225
0.011968
0.051501
0.106346
0.158230
0.190095
0.182514
0.152998
0.146665
0.162865
0.184735
0.199339
0.191540
0.156482
0.118090
0.060730
-0.009954
-0.058266
-0.078575
-0.067255
-0.039630
-0.035586
-0.060626
-0.098303
-0.142670
-0.167410
-0.167279
-0.160349
-0.147603
-0.135269
-0.138430
-0.141857
-0.138577
-0.131577
-0.115963
-0.093269
-0.060744
-0.020375
0.011053
0.022757
0.038517
0.073747
0.118718
0.166477
0.185512
0.168784
0.148761
0.150316
0.173957
0.199029
0.200716
0.174543
0.134649
0.081736
0.018713
-0.034963
-0.068557
-0.071623
-0.053867
-0.042325
-0.049296
-0.079561
-0.124842
-0.159364
-0.172911
-0.168962
-0.152637
-0.136030
-0.130067
-0.131384
-0.134108
-0.142097
-0.131624
-0.110408
-0.090787
-0.048986
-0.002345
0.028121
0.045880
0.057424
0.080960
0.126572
0.170398
0.190382
0.173456
0.149770
0.146585
0.164175
0.192093
0.196557
0.165545
0.115644
0.041891
-0.028744
-0.066668
-0.074799
-0.053923
-0.032913
-0.043714
-0.075760
-0.112265
-0.142663
-0.157920
-0.162196
-0.166573
-0.159306
-0.142699
-0.130027
-0.126625
-0.131229
-0.137373
-0.130472
-0.102196
-0.053618
-0.006421
0.015773
0.011003
0.018498
0.054595
0.112506
0.167312
0.187071
0.162984
0.139945
0.136950
0.150716
0.174246
0.190166
0.173841
0.137290
0.096181
0.029733
-0.032110
-0.071994
-0.086712
-0.068617
-0.048062
-0.051979
-0.070508
-0.107814
-0.151232
-0.171490
-0.172278
-0.161482
-0.141258
-0.132444
-0.138139
-0.142798
-0.143015
-0.137799
-0.121043
-0.089921
-0.044578
-0.002460
0.016928
0.018677
0.039509
0.084388
0.134602
0.171976
0.183375
0.168378
0.159419
0.161535
0.170490
0.185652
0.188753
0.164356
0.121041
0.045598
-0.030497
-0.071991
-0.078670
-0.055990
-0.034123
-0.042985
-0.073429
-0.111229
-0.146288
-0.165237
-0.168131
-0.165570
-0.154210
-0.140505
-0.132199
-0.128822
-0.135629
-0.139828
-0.132962
-0.120692
-0.083045
-0.028910
0.014840
0.036321
0.044074
0.058752
0.100509
0.147433
0.185133
0.177704
0.154344
0.145167
0.159926
0.181991
0.201769
0.186798
0.141383
0.078242
-0.002191
-0.054873
-0.071905
-0.063546
-0.043290
-0.038141
-0.058679
-0.089194
-0.120572
-0.149617
-0.163680
-0.169279
-0.166628
-0.149097
-0.130222
-0.119970
-0.120488
-0.127359
-0.131381
-0.127654
-0.096961
-0.044792
0.004290
0.026263
0.027033
0.038413
0.080418
0.129193
0.170859
0.188817
0.169428
0.156239
0.161688
0.165022
0.181966
0.185695
0.158606
0.119863
0.048539
-0.027191
-0.064274
-0.069526
-0.051441
-0.028223
-0.037961
-0.070847
-0.106447
-0.141546
-0.155608
-0.150776
-0.146153
-0.138858
-0.128871
-0.129725
-0.130110
-0.125911
-0.123474
-0.115433
-0.097698
-0.066590
-0.019196
0.020621
0.036583
0.043153
0.061426
0.099792
0.147978
0.186380
0.190435
0.173595
0.157300
0.152705
0.170928
0.195030
0.191643
0.162543
0.100800
0.014059
-0.047336
-0.068422
-0.056054
-0.029259
-0.024138
-0.051275
-0.085037
-0.115250
-0.134519
-0.142954
-0.150446
-0.154840
-0.144501
-0.126963
-0.110690
-0.104519
-0.116722
-0.122480
-0.115803
-0.099140
-0.051614
0.003764
0.037335
0.047427
0.049451
0.069150
0.122485
0.179848
0.206216
0.194380
0.164163
0.155076
0.172461
0.195201
0.207092
0.189753
0.124961
0.033212
-0.037856
-0.068993
-0.054684
-0.023050
-0.015442
-0.033718
-0.067090
-0.105316
-0.131029
-0.145208
-0.153601
-0.151123
-0.141164
-0.128144
-0.117313
-0.115339
-0.121846
-0.124259
-0.116952
-0.099057
-0.059327
-0.009487
0.027903
0.040297
0.047260
0.074121
0.123712
0.170702
0.196979
0.188447
0.164964
0.166419
0.183168
0.195223
0.205319
0.193929
0.155815
0.090310
0.007645
-0.052457
-0.067288
-0.046799
-0.018018
-0.010342
-0.037776
-0.084831
-0.125400
-0.147536
-0.147711
-0.139348
-0.134544
-0.135658
-0.130601
-0.122604
-0.113513
-0.106442
-0.104014
-0.106899
-0.091079
-0.050287
0.007484
0.053151
0.071473
0.080037
0.096219
0.130502
0.177958
0.202499
0.187299
0.169083
0.179464
0.192725
0.202561
0.200276
0.168035
0.117371
0.045981
-0.023258
-0.055912
-0.052349
-0.033142
-0.019579
-0.032748
-0.069663
-0.102187
-0.129609
-0.146762
-0.148431
-0.144886
-0.138106
-0.125319
-0.120099
-0.122521
-0.120455
-0.112032
-0.099801
-0.075779
-0.038614
-0.002546
0.023574
0.033385
0.047987
0.088147
0.141606
0.186444
0.204889
0.187331
0.163321
0.159808
0.172993
0.205309
0.221435
0.195801
0.152579
0.080221
-0.000578
-0.047728
-0.064151
-0.054304
-0.028034
-0.024129
-0.044273
-0.077389
-0.119756
-0.150576
-0.156982
-0.152669
-0.139207
-0.120981
-0.118154
-0.122698
-0.125115
-0.125371
-0.112928
-0.089776
-0.062426
-0.022245
0.017084
0.039954
0.055272
0.075895
0.105999
0.146918
0.183052
0.192011
0.177183
0.165857
0.165311
0.178831
0.192757
0.185937
0.163172
0.119131
0.041441
-0.027229
-0.062208
-0.066192
-0.042742
-0.026943
-0.040730
-0.068560
-0.103630
-0.137167
-0.153506
-0.158255
-0.154462
-0.136664
-0.125499
-0.124456
-0.128845
-0.131638
-0.125422
-0.107617
-0.076826
-0.033811
0.003322
0.021947
0.026291
0.050988
0.095024
0.143666
0.180591
0.189671
0.171971
0.155208
0.150740
0.173528
0.201949
0.200111
0.176883
0.136740
0.068235
-0.002749
-0.053487
-0.075576
-0.057702
-0.030129
-0.027816
-0.047879
-0.089920
-0.135017
-0.158256
-0.162985
-0.155868
-0.138520
-0.128503
-0.125419
-0.124958
-0.131405
-0.135923
-0.121550
-0.097992
-0.056945
-0.007885
0.022727
0.025936
0.034070
0.059148
0.108954
0.165085
0.200226
0.195505
0.161183
0.134681
0.147954
0.179278
0.204707
0.198736
0.163995
0.103355
0.023203
-0.044457
-0.075084
-0.070367
-0.045808
-0.029688
-0.040301
-0.070006
-0.109983
-0.148444
-0.169140
-0.172044
-0.161934
-0.143020
-0.126689
-0.126686
-0.132224
-0.135489
-0.132414
-0.119421
-0.083747
-0.034504
0.012676
0.033143
0.034956
0.051102
0.095480
0.150205
0.192199
0.194852
0.170262
0.159293
0.163794
0.180602
0.200334
0.192760
0.164978
0.119221
0.043115
-0.027277
-0.063822
-0.070685
-0.049858
-0.033967
-0.044859
-0.073196
-0.108363
-0.142374
-0.157858
-0.166353
-0.166577
-0.151941
-0.133714
-0.124590
-0.125750
-0.137583
-0.147257
-0.132684
-0.100171
-0.051884
0.003117
0.037733
0.050239
0.062144
0.081273
0.118182
0.162007
0.183440
0.190473
0.180723
0.160701
0.153771
0.177815
0.190984
0.177702
0.150110
0.078213
-0.008005
-0.064815
-0.085968
-0.065081
-0.029817
-0.028021
-0.056481
-0.101570
-0.148529
-0.165108
-0.160106
-0.157077
-0.149113
-0.142549
-0.144086
-0.138471
-0.134743
-0.135250
-0.124017
-0.101234
-0.064600
-0.014231
0.020518
0.031517
0.041702
0.072656
0.118071
0.169088
0.201474
0.196835
0.173617
0.155901
0.149908
0.173557
0.198725
0.193141
0.168564
0.100563
0.006548
-0.056225
-0.083775
-0.075242
-0.044824
-0.037824
-0.054094
-0.081958
-0.122287
-0.153600
-0.166201
-0.174387
-0.168495
-0.148456
-0.135698
-0.129139
-0.126621
-0.134449
-0.134220
-0.114108
-0.075380
-0.023547
0.018034
0.029227
0.037974
0.065877
0.105304
0.152449
0.188095
0.188071
0.170099
0.158035
0.154659
0.167124
0.188235
0.182777
0.164666
0.132405
0.052554
-0.028491
-0.076586
-0.090294
-0.061079
-0.031525
-0.037761
-0.065775
-0.110194
-0.155165
-0.173151
-0.175765
-0.168627
-0.146702
-0.129521
-0.127042
-0.127183
-0.134591
-0.146218
-0.140141
-0.109277
-0.052878
0.005636
0.038890
0.047131
0.068510
0.099681
0.137951
0.171560
0.172696
0.159496
0.162420
0.177676
0.190500
0.205885
0.195877
0.168686
0.126188
0.050691
-0.026535
-0.076927
-0.085938
-0.055864
-0.022843
-0.027915
-0.058738
-0.107998
-0.156757
-0.178979
-0.178826
-0.170544
-0.152692
-0.139777
-0.137210
-0.134083
-0.132860
-0.136332
-0.131997
-0.107841
-0.061677
-0.007106
0.028141
0.039575
0.061430
0.097108
0.138937
0.176034
0.179610
0.162909
0.155244
0.161420
0.182914
0.206521
0.197384
0.161969
0.129111
0.073955
0.005311
-0.047187
-0.079884
-0.075720
-0.048927
-0.042005
-0.056036
-0.088786
-0.135482
-0.164704
-0.172472
-0.172969
-0.161525
-0.149952
-0.145092
-0.136324
-0.128994
-0.127468
-0.120381
-0.107055
-0.073548
-0.026549
0.012954
0.034982
0.062582
0.098193
0.136480
0.171807
0.182035
0.166754
0.157250
0.164250
0.167063
0.183150
0.196285
0.179819
0.157011
0.102412
0.017015
-0.047131
-0.081147
-0.078770
-0.045061
-0.032785
-0.052220
-0.082473
-0.125372
-0.157389
-0.162860
-0.168786
-0.165810
-0.151012
-0.140626
-0.125678
-0.113187
-0.123105
-0.125198
-0.113283
-0.102476
-0.057176
0.005889
0.057444
0.095012
0.104792
0.095148
0.114771
0.147003
0.177743
0.206701
0.206564
0.180114
0.165185
0.168707
0.174848
0.176265
0.124863
0.029101
-0.053689
-0.091890
-0.074297
-0.025759
-0.015117
-0.043019
-0.084826
-0.133096
-0.157397
-0.158554
-0.160178
-0.157758
-0.146789
-0.142216
-0.129384
-0.117576
-0.124142
-0.126972
-0.113190
-0.092263
-0.060473
-0.016024
0.028095
0.078801
0.119878
0.128133
0.130300
0.133069
0.136201
0.161626
0.191023
0.201144
0.196974
0.176490
0.153408
0.150859
0.135652
0.071599
-0.007500
-0.076817
-0.098723
-0.060646
-0.023456
-0.022244
-0.054095
-0.111889
-0.159142
-0.173640
-0.171426
-0.158082
-0.140770
-0.138098
-0.132745
-0.128010
-0.133104
-0.125128
-0.112072
-0.099060
-0.062005
-0.008508
0.033232
0.061450
0.073211
0.083963
0.119124
0.169666
0.194275
0.192389
0.170972
0.151762
0.163740
0.186847
0.195764
0.185427
0.142319
0.059652
-0.015548
-0.063062
-0.073045
-0.048947
-0.029526
-0.038930
-0.063887
-0.102889
-0.140935
-0.159074
-0.169329
-0.168094
-0.152978
-0.138038
-0.128360
-0.121692
-0.127383
-0.132757
-0.125829
-0.107030
-0.071273
-0.039487
-0.006560
0.038289
0.096372
0.136682
0.150464
0.146953
0.137248
0.132489
0.150854
0.191234
0.214789
0.212409
0.192905
0.156869
0.126724
0.083544
0.014901
-0.041580
-0.071428
-0.067473
-0.034766
-0.017000
-0.039283
-0.085398
-0.139668
-0.175132
-0.175856
-0.160954
-0.145320
-0.131731
-0.131748
-0.136587
-0.130584
-0.125019
-0.118143
-0.100016
-0.075677
-0.052751
-0.023117
0.019050
0.083382
0.145711
0.166963
0.161605
0.135316
0.125079
0.152156
0.190847
0.219567
0.225785
0.199178
0.160875
0.132164
0.091460
0.026928
-0.036633
-0.075779
-0.070449
-0.035306
-0.014849
-0.029182
-0.078144
-0.140409
-0.175475
-0.174034
-0.160770
-0.148404
-0.143717
-0.142932
-0.137607
-0.124949
-0.116656
-0.114373
-0.107070
-0.084463
-0.055540
-0.024966
0.007123
0.050546
0.104236
0.139741
0.157323
0.161642
0.155034
0.153306
0.169323
0.183160
0.193750
0.207464
0.196330
0.168767
0.123926
0.039410
-0.041565
-0.077178
-0.072632
-0.033812
-0.007300
-0.028064
-0.074644
-0.127425
-0.164262
-0.165852
-0.154478
-0.150605
-0.143548
-0.146010
-0.145318
-0.130939
-0.126133
-0.119765
-0.100677
-0.083479
-0.060711
-0.027319
0.004957
0.048129
0.101106
0.133676
0.146897
0.146477
0.141543
0.154697
0.177482
0.191457
0.192516
0.186423
0.173232
0.163313
0.154347
0.105200
0.022468
-0.054870
-0.094807
-0.081408
-0.039298
-0.018710
-0.033016
-0.080495
-0.136865
-0.170025
-0.173246
-0.164580
-0.153457
-0.143102
-0.135541
-0.124576
-0.113589
-0.114295
-0.121088
-0.114247
-0.088002
-0.043999
0.005141
0.043409
0.084299
0.119365
0.139491
0.164500
0.167863
0.154348
0.162065
0.170266
0.190875
0.214371
0.213147
0.189455
0.161488
0.100588
0.017328
-0.048533
-0.088130
-0.070488
-0.025806
-0.011782
-0.031887
-0.078447
-0.139247
-0.170828
-0.172399
-0.170965
-0.157542
-0.144682
-0.144538
-0.135725
-0.127072
-0.129112
-0.115045
-0.095471
-0.079515
-0.049426
-0.015558
0.016637
0.068710
0.115015
0.136307
0.156967
0.153739
0.149079
0.166963
0.184676
0.201589
0.212360
0.199583
0.177524
0.165646
0.124985
0.047994
-0.026796
-0.083454
-0.087394
-0.048026
-0.020321
-0.027164
-0.065178
-0.130843
-0.172652
-0.176484
-0.166297
-0.151425
-0.143124
-0.146767
-0.142911
-0.133479
-0.129115
-0.120103
-0.117145
-0.103937
-0.057238
-0.002294
0.034816
0.056041
0.072500
0.088471
0.128557
0.171211
0.192258
0.190296
0.168661
0.150417
0.153135
0.176046
0.194457
0.191039
0.162869
0.093312
0.004635
-0.061181
-0.087723
-0.066587
-0.032248
-0.024445
-0.048355
-0.090967
-0.138351
-0.162854
-0.168313
-0.169449
-0.158807
-0.147295
-0.140871
-0.131224
-0.135742
-0.143496
-0.127092
-0.102711
-0.072467
-0.030871
0.000454
0.023935
0.058881
0.095264
0.129671
0.170900
0.178514
0.164113
0.160582
0.166149
0.186964
0.203604
0.187981
0.169375
0.158743
0.128986
0.059375
-0.021423
-0.084662
-0.095810
-0.061230
-0.026905
-0.024029
-0.058669
-0.118681
-0.165751
-0.179671
-0.176587
-0.160388
-0.143660
-0.138752
-0.135053
-0.131655
-0.133860
-0.127200
-0.110120
-0.094348
-0.058545
-0.013462
0.020507
0.051439
0.088233
0.110106
0.143273
0.168176
0.165261
0.173541
0.184460
0.184136
0.187085
0.186756
0.172933
0.173884
0.155115
0.086502
0.004889
-0.062409
-0.091084
-0.064964
-0.031744
-0.026897
-0.048285
-0.100675
-0.150253
-0.167691
-0.170860
-0.167247
-0.153033
-0.145377
-0.140574
-0.136380
-0.132116
-0.130415
-0.125064
-0.106957
-0.063963
-0.014441
0.018361
0.034418
0.061434
0.099420
0.139142
0.177393
0.180727
0.166424
0.165989
0.169304
0.175969
0.195789
0.208110
0.195648
0.171134
0.108031
0.019031
-0.048589
-0.088301
-0.076690
-0.034067
-0.015555
-0.032486
-0.075527
-0.134846
-0.170018
-0.173351
-0.163740
-0.146074
-0.129751
-0.132251
-0.136048
-0.135732
-0.148195
-0.147266
-0.116474
-0.071688
-0.021641
0.008765
0.013315
0.031906
0.078203
0.123794
0.168679
0.183751
0.169959
0.161471
0.164883
0.178920
0.199323
0.206473
0.185590
0.164361
0.129006
0.058769
-0.010562
-0.063005
-0.080134
-0.054251
-0.027668
-0.029661
-0.054485
-0.105519
-0.154221
-0.172648
-0.173702
-0.160542
-0.136686
-0.125056
-0.123070
-0.123379
-0.131334
-0.141697
-0.127580
-0.094936
-0.057722
-0.017543
0.011385
0.037657
0.075957
0.106230
0.129719
0.151908
0.160797
0.163971
0.163841
0.170897
0.190903
0.204608
0.195903
0.172032
0.145523
0.093350
0.022140
-0.038400
-0.073791
-0.069217
-0.038477
-0.023313
-0.037899
-0.078681
-0.130056
-0.165128
-0.173812
-0.167009
-0.146960
-0.131774
-0.134962
-0.136548
-0.141791
-0.146412
-0.127562
-0.098315
-0.067305
-0.030889
-0.006239
0.013189
0.054162
0.103105
0.133740
0.159564
0.163389
0.157411
0.156269
0.157951
0.166958
0.185440
0.197856
0.191927
0.176491
0.141905
0.064868
-0.020362
-0.077882
-0.092297
-0.057892
-0.020122
-0.019080
-0.051301
-0.108789
-0.160752
-0.175049
-0.166570
-0.150888
-0.133275
-0.129871
-0.135003
-0.135142
-0.136132
-0.139164
-0.129758
-0.106938
-0.060490
-0.012022
0.013350
0.025635
0.052640
0.093907
0.137579
0.179305
0.186829
0.160205
0.137846
0.151002
0.177436
0.204926
0.206241
0.172232
0.137050
0.081273
0.011196
-0.036688
-0.065794
-0.070507
-0.046719
-0.036725
-0.050381
-0.078013
-0.123433
-0.159686
-0.170209
-0.171020
-0.157862
-0.132732
-0.122102
-0.121593
-0.127868
-0.138482
-0.137915
-0.116038
-0.089665
-0.056418
-0.017155
0.020667
0.059921
0.100202
0.112907
0.124957
0.140539
0.149625
0.160004
0.164361
0.162819
0.164932
0.181921
0.177533
0.161148
0.128392
0.053486
-0.020643
-0.066184
-0.076834
-0.048028
-0.024592
-0.037016
-0.067747
-0.109686
-0.147212
-0.159041
-0.160636
-0.159571
-0.148452
-0.141121
-0.143796
-0.140370
-0.137262
-0.140565
-0.125202
-0.097220
-0.059964
-0.021066
-0.001413
0.010468
0.047690
0.097104
0.137230
0.164880
0.159765
0.143734
0.138300
0.141065
0.158911
0.179588
0.188567
0.176618
0.151900
0.100772
0.029058
-0.041110
-0.086316
-0.083769
-0.052542
-0.031118
-0.037860
-0.073347
-0.123123
-0.157658
-0.172090
-0.173799
-0.163962
-0.145940
-0.130223
-0.117213
-0.115407
-0.127593
-0.136280
-0.131870
-0.110165
-0.070986
-0.020966
0.022525
0.058580
0.091958
0.108769
0.127819
0.147679
0.152873
0.159433
0.161035
0.164590
0.179820
0.187865
0.179403
0.162689
0.127575
0.059838
-0.013585
-0.065613
-0.077524
-0.048110
-0.020099
-0.025228
-0.058178
-0.107745
-0.148317
-0.160908
-0.157410
-0.151235
-0.142490
-0.137181
-0.135631
-0.133215
-0.130112
-0.135217
-0.122794
-0.088490
-0.044754
-0.005887
0.008457
0.006168
0.030695
0.079853
0.133305
0.183147
0.183670
0.146648
0.127730
0.134308
0.160490
0.191889
0.201220
0.179147
0.148713
0.107275
0.041700
-0.018127
-0.060756
-0.074698
-0.053237
-0.032353
-0.030316
-0.049208
-0.098465
-0.147845
-0.164735
-0.163678
-0.149815
-0.130320
-0.126334
-0.127830
-0.118996
-0.111574
-0.103938
-0.097561
-0.092145
-0.072091
-0.036569
0.002182
0.044076
0.094313
0.133005
0.154061
0.164362
0.154942
0.140921
0.137784
0.165868
0.198431
0.210788
0.201843
0.164795
0.123052
0.071197
0.008671
-0.042147
-0.061010
-0.051221
-0.025523
-0.017307
-0.040586
-0.083872
-0.129666
-0.156630
-0.153263
-0.139738
-0.132502
-0.128886
-0.132421
-0.134300
-0.122984
-0.115954
-0.109889
-0.086024
-0.051147
-0.014773
0.012394
0.022397
0.045963
0.084242
0.123687
0.168965
0.181054
0.152819
0.127402
0.134577
0.162368
0.195438
0.202928
0.174841
0.139538
0.108990
0.067923
0.016025
-0.035734
-0.067518
-0.059710
-0.038624
-0.029745
-0.043125
-0.084297
-0.130792
-0.151989
-0.154853
-0.143226
-0.125767
-0.120127
-0.124167
-0.121349
-0.115591
-0.108277
-0.089782
-0.074830
-0.051092
-0.020840
0.007730
0.034303
0.072026
0.105731
0.139294
0.171350
0.172021
0.149293
0.129926
0.143958
0.166732
0.192449
0.188908
0.158569
0.134744
0.104644
0.050981
-0.003999
-0.051170
-0.071197
-0.048889
-0.030418
-0.030764
-0.053037
-0.100392
-0.142431
-0.155970
-0.157749
-0.144478
-0.125329
-0.120637
-0.120013
-0.113438
-0.113069
-0.111996
-0.099713
-0.088813
-0.062039
-0.020127
0.027114
0.072133
0.106480
0.115666
0.128778
0.138582
0.139534
0.143193
0.152201
0.161805
0.177494
0.186874
0.168922
0.144814
0.118396
0.079678
0.024441
-0.030958
-0.066754
-0.065359
-0.042945
-0.030463
-0.041840
-0.079478
-0.121956
-0.151153
-0.161071
-0.153975
-0.133847
-0.117199
-0.114506
-0.125011
-0.132254
-0.135373
-0.121532
-0.087648
-0.046995
-0.012306
0.008635
0.019344
0.043562
0.082387
0.118509
0.149888
0.158434
0.151289
0.146592
0.139973
0.145658
0.161311
0.170109
0.165804
0.149698
0.124884
0.072611
0.001263
-0.059326
-0.084780
-0.068394
-0.038552
-0.029392
-0.052878
-0.096849
-0.139086
-0.158523
-0.160024
-0.149597
-0.136952
-0.131203
-0.130690
-0.122162
-0.116990
-0.120727
-0.110008
-0.093320
-0.070155
-0.030749
0.004191
0.037720
0.075159
0.102075
0.123190
0.146305
0.144046
0.130913
0.134262
0.143804
0.159632
0.175056
0.169553
0.147433
0.122899
0.094610
0.049911
-0.009112
-0.061403
-0.077607
-0.059328
-0.037231
-0.034070
-0.059905
-0.109198
-0.153255
-0.171952
-0.168862
-0.150231
-0.128747
-0.125836
-0.128013
-0.132889
-0.141516
-0.128113
-0.100345
-0.071100
-0.036490
-0.012391
0.005076
0.036037
0.076612
0.109302
0.142587
0.150967
0.139426
0.140113
0.146373
0.159788
0.165758
0.160500
0.144722
0.137332
0.134237
0.110736
0.048836
-0.035481
-0.091376
-0.089809
-0.053312
-0.025360
-0.031832
-0.077623
-0.130515
-0.161072
-0.160318
-0.147774
-0.138445
-0.136984
-0.141239
-0.137027
-0.125192
-0.116531
-0.109134
-0.098770
-0.076296
-0.037855
-0.000815
0.023096
0.043425
0.069557
0.104789
0.148995
0.164704
0.156743
0.138808
0.122794
0.126850
0.152126
0.174703
0.179068
0.160273
0.122420
0.065645
-0.001236
-0.055540
-0.074501
-0.060344
-0.039897
-0.030334
-0.044962
-0.082428
-0.125423
-0.154970
-0.167036
-0.160149
-0.141112
-0.125205
-0.123309
-0.128778
-0.124822
-0.121987
-0.115231
-0.094688
-0.057339
-0.016090
0.012489
0.025913
0.046755
0.078740
0.116937
0.157799
0.163984
0.146936
0.133986
0.130313
0.137751
0.170244
0.184705
0.169311
0.145596
0.107690
0.059614
0.007449
-0.043775
-0.071784
-0.065117
-0.052696
-0.040892
-0.047057
-0.084865
-0.127679
-0.156149
-0.169845
-0.158139
-0.131649
-0.119537
-0.118256
-0.119398
-0.132893
-0.135606
-0.112768
-0.080623
-0.036624
0.000429
0.012885
0.026448
0.057808
0.090889
0.127746
0.146679
0.136759
0.138547
0.138012
0.141656
0.164124
0.178125
0.174015
0.148889
0.112262
0.098702
0.080931
0.027527
-0.033409
-0.074091
-0.080732
-0.057261
-0.036202
-0.046771
-0.085042
-0.131176
-0.158402
-0.158506
-0.144490
-0.135223
-0.132041
-0.132156
-0.131246
-0.121944
-0.108895
-0.092966
-0.071645
-0.048062
-0.024048
0.005091
0.040068
0.080707
0.114234
0.136656
0.145892
0.135427
0.129968
0.132918
0.151568
0.161449
0.160262
0.154851
0.145725
0.136878
0.124096
0.080964
0.008992
-0.055585
-0.088167
-0.072926
-0.042341
-0.030911
-0.052315
-0.094877
-0.138883
-0.159488
-0.158390
-0.144675
-0.134143
-0.134077
-0.135072
-0.132363
-0.124038
-0.108527
-0.090152
-0.069799
-0.046221
-0.022238
0.007917
0.050518
0.090705
0.118069
0.139061
0.141661
0.133200
0.133045
0.142085
0.150359
0.170624
0.179166
0.166152
0.146826
0.124085
0.096756
0.053898
-0.006736
-0.054794
-0.065053
-0.055081
-0.042561
-0.041870
-0.067073
-0.105204
-0.137648
-0.158745
-0.158069
-0.141132
-0.127876
-0.122231
-0.122402
-0.125921
-0.129041
-0.119020
-0.093999
-0.059815
-0.025979
-0.001653
0.015815
0.046103
0.081565
0.109160
0.139247
0.144965
0.141291
0.141474
0.142278
0.145891
0.150641
0.149951
0.148184
0.144031
0.138243
0.122599
0.069384
-0.009337
-0.073351
-0.092789
-0.071191
-0.036691
-0.026720
-0.054126
-0.101214
-0.145328
-0.166109
-0.160157
-0.141722
-0.128726
-0.123448
-0.125264
-0.125046
-0.113915
-0.096301
-0.081667
-0.061958
-0.037195
-0.008152
0.026889
0.064937
0.096762
0.119778
0.138113
0.137147
0.130816
0.132548
0.141469
0.151659
0.162114
0.162870
0.150123
0.136360
0.116438
0.093692
0.051626
-0.009321
-0.058670
-0.072504
-0.060209
-0.040212
-0.038519
-0.069827
-0.110458
-0.142102
-0.153853
-0.141950
-0.125984
-0.124692
-0.127173
-0.132222
-0.133625
-0.118012
-0.094271
-0.073669
-0.050268
-0.029740
-0.006998
0.027211
0.070220
0.099564
0.122826
0.138224
0.130648
0.140531
0.142040
0.142036
0.157299
0.162876
0.151057
0.144240
0.138892
0.128485
0.103868
0.037395
-0.040355
-0.077378
-0.071006
-0.043600
-0.024245
-0.045756
-0.090626
-0.127984
-0.151992
-0.155823
-0.143363
-0.136210
-0.135696
-0.131640
-0.127559
-0.123866
-0.118659
-0.110963
-0.089270
-0.051483
-0.010429
0.021097
0.038357
0.061381
0.088960
0.123368
0.141413
0.139106
0.139149
0.144206
0.152319
0.160147
0.170853
0.163236
0.145334
0.126625
0.105958
0.064660
0.002821
-0.050253
-0.072193
-0.061744
-0.043853
-0.037761
-0.060526
-0.101783
-0.139779
-0.158246
-0.157790
-0.144993
-0.133622
-0.130294
-0.131783
-0.129020
-0.121917
-0.114506
-0.101912
-0.078252
-0.045187
-0.007082
0.023390
0.047685
0.074013
0.093003
0.122058
0.133119
0.132795
0.135673
0.133099
0.144153
0.158267
0.160765
0.146045
0.126151
0.116650
0.105997
0.064873
-0.003229
-0.062420
-0.084074
-0.070439
-0.046920
-0.039415
-0.061851
-0.100490
-0.136210
-0.158090
-0.160860
-0.150807
-0.138181
-0.127363
-0.121052
-0.119551
-0.123132
-0.125411
-0.111529
-0.073406
-0.025881
0.015086
0.034942
0.044664
0.061572
0.091239
0.134579
0.153838
0.158118
0.148043
0.125013
0.126482
0.145564
0.155560
0.153134
0.139116
0.115315
0.087730
0.033490
-0.030093
-0.071411
-0.078499
-0.062618
-0.040629
-0.042739
-0.075974
-0.117520
-0.152381
-0.169346
-0.162091
-0.142612
-0.128480
-0.120054
-0.123891
-0.129042
-0.123215
-0.105762
-0.080468
-0.048865
-0.020880
0.001850
0.027950
0.066869
0.100733
0.126721
0.142815
0.134378
0.125625
0.130587
0.148114
0.169482
0.174118
0.155058
0.130062
0.111621
0.101556
0.073179
0.011592
-0.048782
-0.075027
-0.068922
-0.045115
-0.034480
-0.056400
-0.096890
-0.134427
-0.154167
-0.156451
-0.148708
-0.139837
-0.131673
-0.127913
-0.125201
-0.111834
-0.100535
-0.093058
-0.076440
-0.050072
-0.019527
0.015494
0.047739
0.083294
0.113727
0.139003
0.139793
0.129357
0.126974
0.135402
0.151276
0.158356
0.162063
0.154656
0.142261
0.122572
0.093032
0.038384
-0.020946
-0.061473
-0.069345
-0.049675
-0.033200
-0.037019
-0.069168
-0.111778
-0.143297
-0.151890
-0.147177
-0.134081
-0.127714
-0.125360
-0.121353
-0.112991
-0.109673
-0.104455
-0.092280
-0.068471
-0.031882
0.008093
0.041732
0.074830
0.095355
0.102496
0.122199
0.132539
0.147317
0.154684
0.151158
0.149778
0.151431
0.154493
0.146657
0.139891
0.121697
0.082426
0.018011
-0.043169
-0.076510
-0.069717
-0.044700
-0.032979
-0.047627
-0.082132
-0.119168
-0.144728
-0.151369
-0.144433
-0.131574
-0.123177
-0.119629
-0.117749
-0.118633
-0.114626
-0.098888
-0.071928
-0.042209
-0.016104
0.004275
0.029927
0.068271
0.102773
0.130864
0.147799
0.142464
0.138004
0.138339
0.147624
0.161095
0.166188
0.152297
0.130213
0.112024
0.096921
0.070145
0.016812
-0.041448
-0.073577
-0.072598
-0.055210
-0.041595
-0.053118
-0.087669
-0.125311
-0.149880
-0.154922
-0.144195
-0.129093
-0.121191
-0.118015
-0.114353
-0.109224
-0.103584
-0.093128
-0.074167
-0.042017
-0.002334
0.036525
0.070049
0.095394
0.106797
0.123478
0.132179
0.138840
0.146516
0.151229
0.156677
0.163651
0.163644
0.148178
0.133122
0.113706
0.082091
0.029589
-0.028497
-0.068277
-0.069941
-0.049623
-0.037207
-0.047261
-0.079582
-0.118814
-0.144312
-0.149655
-0.143201
-0.131315
-0.125414
-0.124694
-0.123301
-0.117475
-0.109305
-0.097659
-0.079829
-0.050201
-0.014154
0.014587
0.034480
0.061891
0.092925
0.123312
0.152170
0.149361
0.132717
0.121724
0.128996
0.156841
0.180989
0.178203
0.145650
0.108437
0.074939
0.040903
-0.001625
-0.042943
-0.068381
-0.064693
-0.051322
-0.044840
-0.057713
-0.094415
-0.132013
-0.152803
-0.155582
-0.140442
-0.124729
-0.118529
-0.118110
-0.117870
-0.111231
-0.097381
-0.078474
-0.057193
-0.034614
-0.013079
0.007692
0.042961
0.091977
0.124576
0.141580
0.134694
0.112758
0.112074
0.131078
0.153925
0.167905
0.163601
0.137330
0.114227
0.097598
0.081444
0.045214
-0.018750
-0.072509
-0.085390
-0.063574
-0.038680
-0.034397
-0.066657
-0.113084
-0.145888
-0.154199
-0.142109
-0.124156
-0.118170
-0.119979
-0.122371
-0.117911
-0.106847
-0.090562
-0.071934
-0.046255
-0.017332
0.006865
0.029323
0.063244
0.092928
0.117308
0.133022
0.133550
0.136619
0.133715
0.135811
0.152072
0.151597
0.142906
0.130349
0.112578
0.098529
0.072250
0.016192
-0.042458
-0.077064
-0.080304
-0.057347
-0.040033
-0.051538
-0.083559
-0.118545
-0.143891
-0.149377
-0.143928
-0.136637
-0.127210
-0.118376
-0.111299
-0.102295
-0.092457
-0.081141
-0.062815
-0.038160
-0.011732
0.016513
0.052606
0.090090
0.112897
0.129170
0.133776
0.123730
0.121729
0.131750
0.151739
0.165354
0.158451
0.132036
0.108092
0.091064
0.079721
0.051980
-0.003647
-0.058391
-0.079352
-0.069975
-0.053355
-0.045399
-0.062527
-0.099047
-0.134053
-0.153654
-0.155008
-0.137593
-0.121528
-0.116260
-0.114184
-0.115522
-0.110905
-0.091925
-0.065934
-0.040741
-0.018266
0.000098
0.025972
0.069517
0.111346
0.139054
0.150843
0.140303
0.133421
0.137910
0.153819
0.164207
0.162664
0.151066
0.131037
0.111125
0.093091
0.052962
-0.006067
-0.050407
-0.067812
-0.055841
-0.037604
-0.039392
-0.067725
-0.106512
-0.139187
-0.148775
-0.138476
-0.125461
-0.121580
-0.124933
-0.129835
-0.124708
-0.110694
-0.095993
-0.074531
-0.047959
-0.021972
0.002018
0.025091
0.052669
0.084397
0.113311
0.145641
0.155820
0.141696
0.124602
0.128894
0.147241
0.162999
0.161687
0.137615
0.106472
0.084593
0.062925
0.021745
-0.028718
-0.068428
-0.073650
-0.057819
-0.046224
-0.051766
-0.080795
-0.120352
-0.148159
-0.156498
-0.148241
-0.129595
-0.119172
-0.118876
-0.120686
-0.118916
-0.104607
-0.078166
-0.049939
-0.027183
-0.009507
0.007255
0.036012
0.078644
0.118138
0.143501
0.144454
0.128263
0.121632
0.134188
0.154625
0.167406
0.157667
0.129273
0.111650
0.103342
0.084063
0.037309
-0.027034
-0.076275
-0.084076
-0.059964
-0.038643
-0.039895
-0.070654
-0.113898
-0.145459
-0.155132
-0.149644
-0.135071
-0.127350
-0.125802
-0.119908
-0.110271
-0.101190
-0.091229
-0.076918
-0.051282
-0.016402
0.014195
0.040970
0.072721
0.100045
0.123328
0.141159
0.135589
0.122542
0.124182
0.138948
0.154747
0.166820
0.151955
0.125483
0.103607
0.077165
0.039934
-0.007200
-0.053437
-0.073372
-0.060559
-0.047649
-0.047908
-0.066352
-0.101381
-0.133272
-0.149841
-0.155541
-0.147192
-0.133200
-0.127174
-0.120148
-0.114492
-0.109660
-0.097516
-0.076736
-0.055725
-0.027300
-0.004204
0.018864
0.055684
0.093901
0.126727
0.151124
0.146363
0.125459
0.118780
0.124937
0.142237
0.161649
0.165531
0.140041
0.110341
0.079966
0.043024
0.001736
-0.042282
-0.071909
-0.069932
-0.058050
-0.053072
-0.060581
-0.091513
-0.126557
-0.146064
-0.153606
-0.148666
-0.138042
-0.133409
-0.131056
-0.121807
-0.111037
-0.096683
-0.076729
-0.056476
-0.038048
-0.019647
0.001838
0.038898
0.087017
0.121969
0.140429
0.134697
0.119610
0.118022
0.132616
0.157366
0.170804
0.157592
0.124481
0.097976
0.084344
0.073802
0.038805
-0.019639
-0.071898
-0.088818
-0.074945
-0.053280
-0.048451
-0.072626
-0.113767
-0.150188
-0.165882
-0.156928
-0.135748
-0.122635
-0.120208
-0.122145
-0.121377
-0.109462
-0.086781
-0.060853
-0.036271
-0.016169
0.005085
0.036817
0.079786
0.109542
0.128294
0.141160
0.128865
0.124076
0.139863
0.151903
0.159385
0.159635
0.133126
0.108136
0.097212
0.082600
0.054425
0.002795
-0.055633
-0.084435
-0.077433
-0.059210
-0.047840
-0.063625
-0.104219
-0.138702
-0.156218
-0.157664
-0.141016
-0.128501
-0.128874
-0.122844
-0.117775
-0.111831
-0.095310
-0.075781
-0.055018
-0.027976
-0.002379
0.027489
0.072500
0.107687
0.125964
0.136215
0.129273
0.130962
0.146054
0.156011
0.153471
0.152757
0.141202
0.124549
0.109420
0.088817
0.059561
0.014407
-0.036338
-0.068692
-0.067703
-0.058540
-0.052030
-0.061067
-0.091225
-0.124707
-0.146156
-0.152822
-0.146934
-0.133326
-0.125103
-0.118600
-0.111807
-0.105541
-0.094746
-0.079591
-0.059573
-0.031159
-0.002208
0.028716
0.070488
0.106549
0.122317
0.138926
0.139003
0.130572
0.143902
0.154963
0.156125
0.158600
0.155971
0.136513
0.121158
0.099995
0.071763
0.035101
-0.021112
-0.065000
-0.071803
-0.061839
-0.052409
-0.052430
-0.078900
-0.112507
-0.134618
-0.148820
-0.146275
-0.132938
-0.125631
-0.120624
-0.113364
-0.107046
-0.091488
-0.069834
-0.057430
-0.042400
-0.021040
0.010556
0.060950
0.110655
0.128690
0.136903
0.129825
0.121312
0.138866
0.164617
0.176366
0.173910
0.156791
0.124616
0.114701
0.108920
0.094188
0.059538
-0.003488
-0.063134
-0.077992
-0.062627
-0.045699
-0.041618
-0.068230
-0.107446
-0.132844
-0.146261
-0.148183
-0.135619
-0.129676
-0.126002
-0.115263
-0.106803
-0.095168
-0.077008
-0.065080
-0.049626
-0.024715
0.006734
0.049659
0.099849
0.123834
0.131731
0.131357
0.119481
0.130064
0.158375
0.180250
0.184337
0.170176
0.139520
0.116776
0.104956
0.094496
0.077462
0.029425
-0.033787
-0.073323
-0.075262
-0.061342
-0.045865
-0.052417
-0.083360
-0.118420
-0.143778
-0.153227
-0.141018
-0.128282
-0.123412
-0.116689
-0.109449
-0.104016
-0.090584
-0.078117
-0.062231
-0.034296
0.000956
0.038552
0.085663
0.118084
0.131476
0.144463
0.137506
0.132058
0.148887
0.170232
0.177906
0.181832
0.159595
0.126264
0.104302
0.090080
0.072330
0.036493
-0.022207
-0.066908
-0.073966
-0.063590
-0.050850
-0.055468
-0.087520
-0.123214
-0.145014
-0.155319
-0.149348
-0.135378
-0.128770
-0.123301
-0.115038
-0.109600
-0.095736
-0.078234
-0.062246
-0.039961
-0.009822
0.022254
0.065542
0.106413
0.122729
0.136224
0.131774
0.129128
0.140366
0.154780
0.165654
0.168710
0.158856
0.140152
0.122264
0.100839
0.078686
0.037720
-0.019608
-0.064419
-0.076286
-0.066857
-0.054079
-0.053306
-0.078645
-0.113262
-0.143737
-0.158978
-0.153919
-0.138577
-0.128374
-0.122357
-0.118599
-0.115480
-0.109536
-0.095850
-0.073651
-0.044371
-0.014210
0.012172
0.039424
0.077316
0.104515
0.128055
0.143040
0.142177
0.145671
0.145447
0.146435
0.150754
0.163787
0.155426
0.134697
0.108979
0.080769
0.045953
0.000577
-0.046693
-0.075576
-0.075767
-0.068176
-0.060527
-0.067634
-0.093523
-0.124091
-0.149546
-0.164376
-0.159070
-0.142707
-0.130393
-0.123321
-0.119094
-0.118043
-0.109355
-0.086146
-0.053282
-0.022415
0.002253
0.025477
0.060785
0.094462
0.119597
0.142096
0.144950
0.141230
0.144990
0.147524
0.146373
0.155793
0.155426
0.139477
0.118152
0.087524
0.057535
0.018310
-0.032747
-0.068097
-0.076440
-0.073162
-0.063832
-0.065256
-0.089856
-0.120054
-0.144926
-0.160160
-0.157469
-0.146029
-0.140273
-0.133342
-0.120436
-0.108575
-0.098065
-0.088561
-0.081190
-0.060893
-0.029856
0.010406
0.061650
0.107452
0.119975
0.127824
0.125359
0.118089
0.131472
0.150441
0.163761
0.175681
0.166657
0.134461
0.114401
0.093575
0.075023
0.046008
-0.010095
-0.063687
-0.081019
-0.074637
-0.061318
-0.055205
-0.079553
-0.115854
-0.144223
-0.163560
-0.162150
-0.144432
-0.133600
-0.127836
-0.125577
-0.124854
-0.117296
-0.099976
-0.077707
-0.048775
-0.019525
0.004055
0.030717
0.067549
0.096331
0.125129
0.141137
0.132659
0.134934
0.147730
0.162084
0.162302
0.151826
0.130841
0.118502
0.109607
0.099315
0.070201
0.007410
-0.060182
-0.094953
-0.087276
-0.063080
-0.049169
-0.066072
-0.105103
-0.140306
-0.158680
-0.158528
-0.146203
-0.137266
-0.136978
-0.136094
-0.130652
-0.116942
-0.099256
-0.084268
-0.064442
-0.038968
-0.012409
0.017298
0.056411
0.093276
0.117075
0.138492
0.143232
0.139271
0.143679
0.144704
0.152080
0.163396
0.152542
0.132713
0.117865
0.098575
0.080514
0.038431
-0.028571
-0.077807
-0.089960
-0.075747
-0.052700
-0.051279
-0.081816
-0.118365
-0.145164
-0.158643
-0.155399
-0.151084
-0.150781
-0.140483
-0.123532
-0.111128
-0.100867
-0.093025
-0.082714
-0.060184
-0.029417
0.005085
0.047087
0.086988
0.104672
0.119849
0.128594
0.125031
0.134448
0.148355
0.166005
0.163072
0.157692
0.141357
0.118959
0.098774
0.083019
0.059912
0.014251
-0.038918
-0.078454
-0.084463
-0.073013
-0.061281
-0.067004
-0.094044
-0.128441
-0.151129
-0.158171
-0.150675
-0.139350
-0.135823
-0.134978
-0.126561
-0.115244
-0.099859
-0.081211
-0.057793
-0.032495
-0.006601
0.017959
0.055293
0.092642
0.120072
0.142273
0.140325
0.132572
0.142941
0.149875
0.149565
0.163111
0.163053
0.144102
0.129221
0.099261
0.067859
0.033922
-0.020589
-0.059499
-0.066732
-0.065818
-0.060685
-0.061316
-0.086330
-0.110509
-0.130772
-0.151950
-0.155284
-0.145298
-0.139548
-0.129132
-0.116915
-0.110323
-0.101774
-0.092993
-0.082661
-0.054501
-0.017697
0.014733
0.048904
0.085036
0.109052
0.133732
0.144096
0.133301
0.134496
0.143655
0.151974
0.165548
0.166703
0.149176
0.131443
0.107589
0.090456
0.071060
0.023420
-0.034919
-0.072515
-0.083671
-0.071359
-0.051763
-0.056043
-0.084733
-0.121772
-0.152627
-0.159955
-0.144033
-0.130536
-0.124045
-0.120390
-0.117435
-0.106771
-0.091231
-0.077650
-0.060247
-0.036904
-0.007996
0.030479
0.077354
0.114771
0.130962
0.139079
0.129041
0.126896
0.143131
0.163469
0.167463
0.161623
0.150173
0.136299
0.125525
0.110607
0.091073
0.045190
-0.016519
-0.065879
-0.077393
-0.061747
-0.044235
-0.044428
-0.070679
-0.107079
-0.136262
-0.150847
-0.150715
-0.142513
-0.133962
-0.122922
-0.110409
-0.099692
-0.091644
-0.082751
-0.070547
-0.046692
-0.015361
0.015413
0.054483
0.096964
0.120863
0.136092
0.135119
0.121050
0.129948
0.156893
0.179352
0.178287
0.158840
0.128475
0.114120
0.110161
0.104512
0.077214
0.013823
-0.052613
-0.084029
-0.075383
-0.053261
-0.041647
-0.061258
-0.100063
-0.131679
-0.146060
-0.143230
-0.133205
-0.130382
-0.133475
-0.132071
-0.120216
-0.101337
-0.083329
-0.073044
-0.060165
-0.038657
-0.006348
0.034943
0.085985
0.123673
0.134155
0.142741
0.132851
0.122064
0.123250
0.144453
0.166789
0.173271
0.164214
0.130667
0.105260
0.089776
0.077303
0.043578
-0.013037
-0.067146
-0.083810
-0.069845
-0.051758
-0.048848
-0.075523
-0.115044
-0.142750
-0.154370
-0.151427
-0.139081
-0.131556
-0.127648
-0.119776
-0.109027
-0.098707
-0.085843
-0.073378
-0.054875
-0.022326
0.017615
0.059873
0.094326
0.112298
0.125075
0.135498
0.131656
0.134126
0.146797
0.156805
0.160938
0.155994
0.136279
0.115478
0.101933
0.086547
0.057750
0.003585
-0.053229
-0.081121
-0.076030
-0.061428
-0.054262
-0.070585
-0.105028
-0.134502
-0.151751
-0.153233
-0.145155
-0.136820
-0.132187
-0.122595
-0.110576
-0.102518
-0.095991
-0.087167
-0.068925
-0.036695
0.002194
0.040445
0.078169
0.101707
0.117857
0.127141
0.124907
