0.082428
-0.129730
-0.233459
-0.209045
-0.085327
0.050262
0.066681
0.018799
-0.007355
-0.005615
0.030670
-0.028015
-0.102081
-0.104187
-0.048676
0.035248
0.080719
0.023346
-0.075592
-0.119934
-0.099976
-0.037445
0.025452
0.035583
0.018127
0.004456
-0.035706
-0.079407
-0.120636
-0.118561
-0.079071
-0.019287
0.023712
-0.014008
-0.062927
-0.057373
-0.028351
0.001343
0.010071
-0.027679
-0.060852
-0.048279
-0.048279
-0.051056
-0.009857
-0.027313
-0.035004
-0.014709
-0.022766
-0.019623
0.025818
-0.008789
-0.007355
0.005859
-0.050354
-0.183868
0.076477
0.701294
0.640808
0.358459
-0.092987
-0.539246
-0.400177
0.092499
0.329102
0.359833
0.263428
-0.010529
-0.038147
0.071960
-0.000000
-0.103546
-0.073486
-0.020660
0.128265
0.228271
0.063263
-0.153107
-0.228241
-0.206238
-0.071716
0.072632
0.062805
0.010773
-0.001099
0.039795
0.009033
-0.074463
-0.120209
-0.126801
-0.028351
0.083008
0.087891
-0.010529
-0.102936
-0.147858
-0.100739
-0.008087
0.030914
0.013153
0.012451
0.006866
-0.043884
-0.098419
-0.140076
-0.114685
-0.045868
0.013123
0.027008
-0.029541
-0.079834
-0.054443
-0.008362
0.010315
0.019653
-0.033966
-0.056091
-0.034973
-0.023926
-0.033234
-0.038391
-0.040466
-0.023163
0.013733
0.020630
-0.027985
-0.015198
0.014038
0.015076
-0.008331
-0.048218
-0.147949
-0.016235
0.670471
0.655365
0.332550
-0.042664
-0.502167
-0.427185
0.067902
0.352386
0.315552
0.240387
-0.003143
-0.050781
0.073669
0.024994
-0.118988
-0.097717
-0.034668
0.106812
0.219879
0.076660
-0.152466
-0.225433
-0.204529
-0.072327
0.071869
0.064667
0.013611
0.019440
0.058105
0.003357
-0.077454
-0.136261
-0.130463
0.000610
0.117310
0.103271
0.004028
-0.106445
-0.166351
-0.106445
-0.002777
0.041718
0.037231
0.022156
0.007080
-0.047943
-0.109222
-0.147522
-0.105072
-0.032928
0.023560
0.025604
-0.029480
-0.066101
-0.056854
-0.029144
-0.000732
0.006744
-0.022278
-0.024719
-0.041473
-0.067444
-0.080475
-0.040802
-0.022614
0.018066
0.041351
-0.018188
-0.034271
-0.025391
-0.023346
0.003021
0.016022
-0.053070
-0.166351
0.463226
0.752289
0.405365
0.133026
-0.388397
-0.536530
-0.099579
0.334900
0.336945
0.302429
0.084839
-0.107483
0.023224
0.083771
-0.076355
-0.100983
-0.050323
0.031097
0.201813
0.156311
-0.091705
-0.223083
-0.220032
-0.127686
0.042053
0.097443
0.014618
0.007080
0.053284
-0.005859
-0.070221
-0.119476
-0.151947
-0.044830
0.100555
0.111145
0.025604
-0.082184
-0.167664
-0.138214
-0.031219
0.026978
0.039642
0.029694
0.013611
-0.021240
-0.079071
-0.146393
-0.135101
-0.055450
-0.000732
0.041656
0.009857
-0.061218
-0.082764
-0.034576
-0.015076
0.018402
0.021454
-0.035583
-0.051605
-0.044434
-0.041748
-0.026703
-0.016785
-0.055023
-0.010986
0.032715
0.006409
0.007416
-0.032837
-0.041016
-0.043396
-0.048157
-0.153900
0.229462
0.772797
0.533356
0.210999
-0.230896
-0.554108
-0.291565
0.223602
0.351624
0.308044
0.181915
-0.056641
-0.036194
0.085876
-0.022186
-0.113831
-0.064117
0.001648
0.160736
0.204712
0.002319
-0.192505
-0.229919
-0.160461
-0.007904
0.093933
0.057495
0.000275
0.034363
0.038452
-0.045654
-0.104279
-0.143097
-0.083832
0.061188
0.125946
0.058533
-0.049469
-0.144470
-0.154968
-0.059296
0.025818
0.039459
0.025482
0.012512
-0.023224
-0.062042
-0.116852
-0.153961
-0.092651
-0.019470
0.035034
0.028198
-0.051117
-0.094360
-0.060638
-0.002106
0.010834
0.021393
-0.034119
-0.066437
-0.037170
-0.036499
-0.044617
-0.012634
-0.030334
-0.052124
-0.015350
0.000610
0.012512
0.030579
0.001984
-0.022522
-0.067444
-0.024261
0.154175
0.561737
0.610016
0.175934
-0.143707
-0.402130
-0.297272
0.100037
0.354706
0.276764
0.170532
0.031616
-0.057251
0.022736
0.022064
-0.081451
-0.064423
0.025482
0.096954
0.147034
0.048279
-0.143707
-0.212524
-0.150604
-0.040588
0.063995
0.074219
0.053406
0.030579
-0.019806
-0.081085
-0.131470
-0.122284
-0.042297
0.059509
0.090820
0.031616
-0.063721
-0.134857
-0.136230
-0.069550
0.004700
0.040497
0.031982
-0.002441
-0.037872
-0.083496
-0.117920
-0.116272
-0.054901
0.012207
0.023163
-0.009613
-0.068939
-0.093536
-0.048523
0.032745
0.055603
0.020782
-0.022949
-0.070190
-0.080475
-0.046234
-0.015839
0.000977
-0.023010
-0.014099
-0.007965
-0.010345
0.011597
-0.009674
-0.007965
-0.078186
-0.071655
0.124298
0.510193
0.690552
0.279266
-0.100464
-0.411224
-0.388397
0.010651
0.341644
0.328613
0.198608
0.056732
-0.047180
-0.003510
0.000641
-0.087860
-0.082336
0.031189
0.106201
0.160095
0.059357
-0.131836
-0.209412
-0.161835
-0.053619
0.055298
0.086334
0.021881
0.028503
0.068573
-0.049194
-0.138489
-0.158051
-0.112396
0.051544
0.173065
0.095917
-0.055573
-0.159607
-0.172211
-0.069885
0.034180
0.051971
0.033508
0.005157
-0.035370
-0.086029
-0.129364
-0.141602
-0.094788
0.000000
0.053406
0.020905
-0.073517
-0.140594
-0.110931
-0.018951
0.043335
0.042267
0.006897
-0.046570
-0.084045
-0.064056
-0.031921
-0.034698
0.003082
0.017792
-0.004578
-0.002502
-0.030823
-0.010895
0.018829
0.019867
-0.032623
0.031403
0.260590
0.586548
0.460968
0.097534
-0.204681
-0.380310
-0.173584
0.187744
0.335388
0.241638
0.123077
-0.011597
-0.035736
0.027588
-0.021729
-0.085052
-0.019287
0.061127
0.117798
0.108368
-0.042419
-0.183014
-0.172852
-0.091675
0.000275
0.076538
0.084961
0.013550
-0.025604
-0.083679
-0.143127
-0.119354
-0.059509
0.010071
0.087769
0.067810
-0.047638
-0.136108
-0.162720
-0.103943
0.009735
0.074158
0.057007
0.010437
-0.044861
-0.093811
-0.108521
-0.089600
-0.057434
-0.002838
0.029663
0.008331
-0.031525
-0.089600
-0.108124
-0.055695
0.027222
0.060089
0.041260
0.005157
-0.073212
-0.067230
-0.045868
-0.075653
-0.017212
0.036713
0.035645
0.005859
-0.046600
-0.065887
-0.035431
-0.008484
-0.041077
-0.026703
0.444977
0.690918
0.354675
0.041687
-0.342987
-0.476593
-0.087067
0.295990
0.314880
0.254364
0.095032
-0.068146
0.006592
0.054688
-0.076263
-0.095947
-0.002502
0.076874
0.183350
0.138000
-0.086182
-0.207092
-0.179291
-0.074249
0.058655
0.115295
0.037567
0.061462
0.035126
-0.109802
-0.161926
-0.177460
-0.111298
0.076324
0.181213
0.080597
-0.054260
-0.181335
-0.207520
-0.083191
0.032715
0.059113
0.055206
0.012970
-0.032501
-0.075806
-0.136047
-0.155762
-0.100800
-0.007416
0.052429
0.051727
-0.040985
-0.138550
-0.123077
-0.061005
0.010498
0.060913
0.036957
-0.019806
-0.073730
-0.083618
-0.052582
-0.012390
0.001007
0.037659
0.014038
-0.050812
-0.033234
-0.023315
0.027802
0.069397
-0.034637
-0.052216
0.262970
0.647583
0.500916
0.133911
-0.208801
-0.434052
-0.181580
0.217133
0.340851
0.251099
0.111023
-0.044495
-0.018036
0.068390
-0.007782
-0.102966
-0.054688
0.023193
0.121246
0.140594
-0.034271
-0.186890
-0.190796
-0.111481
0.018280
0.113831
0.069397
0.012970
-0.040649
-0.133331
-0.159790
-0.129120
-0.076569
0.035553
0.113831
0.068329
-0.044495
-0.153778
-0.188660
-0.107941
0.011566
0.063019
0.064117
0.037323
-0.017334
-0.077271
-0.116058
-0.119965
-0.079376
-0.013794
0.026031
0.030945
-0.001801
-0.059296
-0.092743
-0.071991
-0.015533
0.027435
0.057068
0.028137
-0.021545
-0.037445
-0.074097
-0.056152
-0.001465
0.038727
0.007660
-0.013428
-0.030365
-0.005676
0.042633
0.032043
-0.061066
-0.087585
-0.016632
0.273895
0.651581
0.465729
0.067657
-0.249725
-0.399567
-0.178162
0.207550
0.310486
0.205078
0.107086
-0.002869
0.007660
0.049286
-0.044800
-0.126892
-0.049408
0.058777
0.141174
0.138367
-0.037384
-0.177551
-0.166656
-0.083893
0.008392
0.129181
0.141083
0.008728
-0.082458
-0.160522
-0.182678
-0.105591
0.007629
0.061127
0.097351
0.042877
-0.086212
-0.154419
-0.146667
-0.090057
0.009796
0.075897
0.054382
-0.000763
-0.062958
-0.103760
-0.113953
-0.081635
-0.044373
-0.021851
-0.004944
-0.011292
-0.033112
-0.066833
-0.069611
-0.028534
-0.003204
0.015015
-0.022186
-0.052734
-0.037994
-0.026062
-0.025024
0.001343
0.023468
-0.030273
-0.025360
-0.000000
-0.025024
0.021362
0.014313
-0.072449
0.065979
0.531403
0.581909
0.257416
-0.033447
-0.350952
-0.320038
0.056152
0.289368
0.258118
0.181488
0.029785
-0.043274
0.038940
0.028046
-0.080505
-0.070648
0.009064
0.097565
0.152740
0.037537
-0.145477
-0.199219
-0.127228
-0.007416
0.073029
0.108826
0.051208
-0.019012
-0.081573
-0.148621
-0.156708
-0.100159
-0.004608
0.074402
0.092987
0.018219
-0.085052
-0.152954
-0.136414
-0.061554
0.023834
0.057251
0.040375
0.005188
-0.033813
-0.085419
-0.111755
-0.074890
-0.018341
0.019257
-0.001465
-0.046722
-0.078735
-0.063660
-0.038696
-0.009552
-0.001801
-0.022888
-0.041870
-0.026062
0.004822
-0.043274
-0.043274
0.005188
-0.011292
-0.005646
0.011536
-0.037292
-0.060120
-0.026764
-0.027802
-0.033112
-0.043976
0.277069
0.698212
0.512726
0.112701
-0.255432
-0.466522
-0.211517
0.254272
0.367889
0.248199
0.114746
-0.060760
-0.041504
0.067657
-0.005646
-0.101410
-0.039337
0.045135
0.149536
0.162811
-0.030151
-0.206604
-0.200928
-0.094116
0.034912
0.114960
0.033508
0.048492
0.098358
-0.061096
-0.176239
-0.208862
-0.176056
0.010040
0.193542
0.124176
-0.027893
-0.132568
-0.205475
-0.128632
0.004089
0.044678
0.046722
0.049530
0.017273
-0.040985
-0.099792
-0.151703
-0.113220
-0.012146
0.032135
0.017914
-0.019409
-0.097137
-0.109222
-0.038727
0.001648
-0.001434
-0.021759
-0.066925
-0.058655
-0.010406
-0.011749
-0.009705
-0.032471
-0.026245
-0.016937
-0.017944
-0.050293
-0.070618
-0.059906
-0.063690
-0.037537
0.487091
0.742249
0.393127
0.033295
-0.380554
-0.495514
-0.101074
0.332153
0.363068
0.292908
0.108490
-0.081116
-0.031677
0.023651
-0.057739
-0.048462
0.029114
0.091583
0.177795
0.120789
-0.079041
-0.197479
-0.184052
-0.090332
0.052765
0.112854
0.094330
0.063446
-0.023773
-0.108887
-0.151398
-0.153809
-0.092010
0.034973
0.111877
0.070374
-0.035767
-0.145660
-0.178284
-0.111267
-0.005524
0.058960
0.067200
0.031189
-0.011383
-0.069763
-0.122589
-0.118134
-0.063904
0.001312
0.018463
-0.003479
-0.053925
-0.101318
-0.094086
-0.041962
0.001312
0.019165
-0.001770
-0.055664
-0.058746
-0.044983
-0.053558
0.005737
0.026367
-0.013763
-0.004852
-0.014099
-0.050842
-0.039917
0.005402
0.005737
-0.037476
-0.023407
0.466034
0.711426
0.370605
0.001984
-0.366272
-0.454102
-0.045319
0.356873
0.344543
0.227478
0.047974
-0.101318
-0.019958
0.063782
-0.042297
-0.079407
-0.008972
0.059692
0.160645
0.120117
-0.091705
-0.215698
-0.185455
-0.081787
0.069275
0.109100
0.044220
-0.020630
-0.015472
0.016418
-0.072479
-0.138611
-0.141052
-0.053894
0.089081
0.132996
0.015717
-0.128601
-0.176544
-0.126831
0.004364
0.094818
0.071228
0.021820
-0.008606
-0.061310
-0.095551
-0.104401
-0.096527
-0.041107
0.013580
0.012238
-0.028076
-0.083099
-0.098724
-0.044098
0.000275
0.001984
-0.042755
-0.067291
-0.046814
-0.040344
-0.046448
-0.011658
-0.002777
-0.034851
-0.028687
-0.050507
-0.074371
-0.037872
-0.022522
-0.110779
-0.020844
0.624451
0.735992
0.362671
-0.033447
-0.471771
-0.479736
0.012878
0.382965
0.367279
0.277679
0.036377
-0.089874
0.023438
0.047913
-0.062012
-0.055847
0.004669
0.105072
0.206116
0.107483
-0.105865
-0.210663
-0.193665
-0.067413
0.084351
0.107819
0.067261
0.024445
-0.054138
-0.099335
-0.111938
-0.107880
-0.081024
0.006042
0.068298
0.052643
-0.025574
-0.128296
-0.175171
-0.118439
-0.009583
0.064575
0.077179
0.038422
-0.025238
-0.089813
-0.118774
-0.114319
-0.063324
-0.004120
0.023773
0.008118
-0.041565
-0.085785
-0.094269
-0.051056
-0.001068
0.028839
-0.004456
-0.045258
-0.062317
-0.064667
-0.050751
-0.012634
0.034973
-0.000397
-0.013977
0.006714
-0.067383
-0.092224
-0.065369
-0.032043
-0.086487
0.362152
0.775726
0.440704
0.171722
-0.278931
-0.528595
-0.206879
0.258759
0.331543
0.305328
0.159119
-0.075897
-0.032715
0.048553
-0.052734
-0.084442
-0.012970
0.040436
0.167938
0.172394
-0.034760
-0.191895
-0.213654
-0.133362
0.027161
0.122040
0.052979
-0.000732
-0.032715
-0.055145
0.010834
-0.058868
-0.131683
-0.092224
0.001984
0.074097
0.084320
-0.038147
-0.156555
-0.141907
-0.062317
0.026825
0.085022
0.061890
0.022400
-0.003113
-0.066772
-0.117859
-0.118561
-0.078400
-0.021149
0.043854
0.030975
-0.044983
-0.094421
-0.080475
-0.030029
-0.002441
-0.004120
-0.054260
-0.054626
-0.022217
-0.017456
-0.052216
-0.046783
-0.005493
-0.049530
-0.015381
0.019745
-0.024994
-0.062561
-0.051941
-0.076202
-0.059814
0.143707
0.618134
0.639893
0.221649
-0.121338
-0.422150
-0.349335
0.100433
0.348541
0.282684
0.191040
0.027649
-0.043488
0.061493
0.042358
-0.095123
-0.069122
0.011566
0.106323
0.192596
0.075562
-0.137238
-0.205688
-0.156769
-0.030518
0.089233
0.088562
0.031799
0.003357
-0.038055
-0.087311
-0.116119
-0.141052
-0.076721
0.051941
0.098175
0.040710
-0.065125
-0.170929
-0.157898
-0.056549
0.029724
0.061920
0.052307
0.012939
-0.019562
-0.072327
-0.136292
-0.129150
-0.064423
0.010559
0.041046
0.019806
-0.047638
-0.096924
-0.071960
-0.022644
0.006073
0.014313
-0.011353
-0.054901
-0.049042
-0.029510
-0.030853
-0.008270
0.002655
-0.021271
-0.039795
-0.046631
-0.033630
0.007813
-0.056549
-0.075714
-0.068848
0.241669
0.748047
0.550507
0.158813
-0.259918
-0.496490
-0.256531
0.217377
0.361816
0.253632
0.126984
-0.032959
-0.011688
0.084900
-0.007568
-0.138672
-0.074005
0.036224
0.165314
0.193726
-0.001068
-0.210968
-0.218140
-0.105499
0.025635
0.106750
0.042084
-0.032593
-0.022308
0.002319
0.019104
-0.083252
-0.152069
-0.103119
0.014648
0.110199
0.092346
-0.049011
-0.169617
-0.144958
-0.049377
0.042084
0.079102
0.043427
0.017395
-0.001770
-0.059326
-0.103149
-0.124756
-0.087738
-0.018219
0.038300
0.031128
-0.025421
-0.081299
-0.098724
-0.052826
-0.008972
-0.005524
-0.014435
-0.032288
-0.046692
-0.045959
-0.067230
-0.024750
0.009888
0.005737
-0.004822
-0.043243
-0.080261
-0.087738
-0.014099
-0.008636
-0.033325
0.013977
0.560669
0.687500
0.295166
-0.018585
-0.414917
-0.436493
0.008850
0.348999
0.303741
0.240295
0.046936
-0.079315
0.037323
0.059265
-0.094727
-0.084442
0.002686
0.081238
0.193451
0.104584
-0.125305
-0.218597
-0.166473
-0.057007
0.068542
0.093262
0.033234
-0.001770
-0.032318
-0.079010
-0.110596
-0.117798
-0.075562
0.042877
0.114227
0.066528
-0.049805
-0.152771
-0.154144
-0.069366
0.031555
0.071014
0.062408
0.028778
-0.015137
-0.061127
-0.107452
-0.115356
-0.082794
-0.025482
0.022247
0.026733
-0.023773
-0.080719
-0.098541
-0.061462
-0.015137
0.008514
0.000000
-0.028534
-0.072479
-0.083466
-0.073517
-0.008972
0.032898
-0.027527
-0.044983
-0.062866
-0.051849
-0.033020
-0.060455
-0.067322
-0.012390
0.469788
0.739227
0.416595
0.035980
-0.379333
-0.457916
-0.083466
0.305084
0.341461
0.244324
0.081696
-0.043671
0.026733
0.061737
-0.063599
-0.110229
-0.029572
0.095337
0.205872
0.140991
-0.076599
-0.218658
-0.187805
-0.060089
0.062775
0.094330
0.011261
-0.030579
-0.038879
-0.034058
0.007843
-0.048431
-0.106445
-0.063232
0.006439
0.047974
0.049683
-0.051178
-0.141815
-0.115021
-0.042297
0.016754
0.057587
0.040802
0.008881
-0.022339
-0.069031
-0.108154
-0.107819
-0.074890
-0.039215
0.016754
0.016754
-0.029572
-0.059753
-0.062195
-0.060089
-0.010681
-0.017914
-0.039215
-0.017914
-0.038147
-0.013763
-0.048798
-0.026825
-0.010010
-0.057037
-0.029572
-0.002106
-0.032349
-0.015869
-0.017578
-0.098572
-0.087921
0.040833
0.649902
0.731598
0.251373
-0.090363
-0.448608
-0.397766
0.073792
0.366394
0.265411
0.198456
0.051788
-0.036133
0.072784
0.037720
-0.141602
-0.104828
0.023682
0.130859
0.218475
0.081390
-0.162598
-0.229980
-0.145416
-0.031372
0.074524
0.061768
0.000977
0.001648
-0.037872
0.020905
-0.030640
-0.165405
-0.122467
-0.014832
0.080750
0.130249
0.016449
-0.169891
-0.184326
-0.097015
0.019531
0.102051
0.067993
-0.007599
-0.013794
-0.049561
-0.108337
-0.124207
-0.122803
-0.066742
0.029846
0.066986
-0.000000
-0.098358
-0.119385
-0.078491
-0.011047
0.020569
0.009918
-0.022736
-0.039642
-0.039978
-0.057129
-0.031708
0.004059
-0.021027
-0.022400
0.010590
-0.005890
-0.054718
-0.053650
-0.057800
-0.063324
-0.000000
0.602936
0.706818
0.277496
0.008209
-0.391510
-0.420227
0.008545
0.308990
0.241302
0.232361
0.089661
-0.029633
0.067657
0.029510
-0.146484
-0.110077
0.015045
0.107208
0.209686
0.094818
-0.153381
-0.214264
-0.141693
-0.050568
0.056000
0.050812
-0.031372
-0.022034
0.009216
0.023682
-0.048859
-0.140717
-0.149323
-0.036530
0.096588
0.127228
0.018860
-0.134186
-0.171021
-0.102570
0.001312
0.068359
0.054626
0.017151
0.014709
-0.010376
-0.082916
-0.141022
-0.123810
-0.055756
0.039856
0.075928
0.002350
-0.088409
-0.109070
-0.064026
-0.018982
0.027802
-0.003479
-0.046478
-0.041687
-0.029633
-0.039276
-0.044373
0.005432
-0.007965
-0.038208
-0.038208
-0.037872
-0.052307
0.005432
-0.019989
-0.046082
-0.080505
0.043915
0.724792
0.645203
0.178589
-0.107239
-0.468201
-0.377502
0.155823
0.375885
0.247437
0.196594
0.010559
-0.064575
0.095276
0.029419
-0.135468
-0.051788
0.028717
0.111969
0.204773
0.048218
-0.184235
-0.190674
-0.131104
-0.037689
0.075867
0.032104
-0.038330
-0.028076
0.013580
0.010864
-0.039703
-0.097687
-0.103821
-0.002777
0.079468
0.050415
-0.052551
-0.122437
-0.117371
-0.043365
0.029938
0.033356
0.014893
0.015228
0.019348
-0.025269
-0.086853
-0.136841
-0.123291
-0.048035
0.017975
0.043793
-0.011597
-0.084076
-0.078979
-0.026581
-0.029633
-0.024902
0.001984
-0.010590
-0.017395
-0.017059
-0.056122
-0.098267
-0.032684
0.053619
0.009796
-0.031342
-0.064270
-0.055786
0.000946
0.052582
-0.023865
-0.061890
-0.139313
0.095367
0.781403
0.634735
0.221710
-0.184814
-0.529541
-0.360077
0.188751
0.385773
0.276398
0.190460
-0.014984
-0.048615
0.066162
-0.007172
-0.145782
-0.075104
0.024078
0.149719
0.206085
0.025421
-0.205200
-0.254120
-0.161407
-0.032013
0.078796
0.057373
-0.018066
-0.036072
0.008423
0.014526
-0.055420
-0.108765
-0.089355
0.007385
0.083832
0.066162
-0.028595
-0.111786
-0.119598
-0.055756
0.030151
0.065155
0.045410
0.039032
0.009796
-0.053345
-0.109100
-0.140656
-0.093445
-0.011597
0.044403
0.051208
-0.025208
-0.101959
-0.088684
-0.047272
-0.013275
0.019287
0.006714
-0.035034
-0.054413
-0.083252
-0.059814
-0.025879
-0.010590
0.013519
-0.044525
-0.076477
-0.004791
-0.026886
-0.017059
0.006042
-0.052002
-0.119263
-0.013611
0.636078
0.685303
0.327667
-0.046936
-0.475555
-0.431396
0.040710
0.349518
0.317261
0.258484
0.040405
-0.055450
0.061127
0.034302
-0.109589
-0.087433
-0.009583
0.111877
0.218750
0.093201
-0.148163
-0.237793
-0.198273
-0.066498
0.060913
0.069489
-0.000000
-0.001404
0.012878
-0.036560
-0.068634
-0.104187
-0.102814
0.001984
0.094910
0.068634
-0.020569
-0.124878
-0.163910
-0.088623
0.024933
0.066681
0.059479
0.030396
-0.002777
-0.040161
-0.083313
-0.122406
-0.098053
-0.031982
0.018799
0.044495
-0.006531
-0.088898
-0.092316
-0.038483
-0.018921
0.006104
0.015015
-0.034760
-0.046387
-0.038910
-0.073578
-0.082184
-0.051910
-0.019989
0.006104
-0.019318
-0.001770
0.000977
-0.042694
-0.068451
-0.059174
-0.167511
0.054962
0.730225
0.675079
0.360016
-0.080200
-0.537201
-0.441895
0.063965
0.336334
0.337677
0.268860
0.019897
-0.033112
0.079437
0.007874
-0.126343
-0.091217
-0.020355
0.139252
0.251465
0.082855
-0.156952
-0.249176
-0.209625
-0.050262
0.086670
0.063934
0.000977
0.034698
-0.001770
-0.045441
-0.052338
-0.106018
-0.088135
0.034363
0.091431
0.049133
-0.031006
-0.130127
-0.146942
-0.059235
0.020905
0.049805
0.048462
0.018524
-0.002106
-0.030334
-0.092224
-0.133881
-0.098450
-0.033447
0.012665
0.025421
-0.034149
-0.102936
-0.071991
-0.009003
0.007477
0.000000
-0.037231
-0.054413
-0.041016
-0.047180
-0.048553
-0.064056
-0.043091
-0.003815
-0.021027
-0.043427
-0.009338
-0.032074
-0.032776
-0.031738
-0.045441
-0.154510
0.116943
0.723145
0.606873
0.344696
-0.110168
-0.526428
-0.393677
0.087006
0.321625
0.340210
0.256622
0.000977
-0.025879
0.058777
-0.014130
-0.099426
-0.066101
-0.019318
0.135437
0.217285
0.049438
-0.148895
-0.233765
-0.198975
-0.041992
0.084778
0.052460
0.001984
0.003357
-0.030243
0.013977
-0.015472
-0.087769
-0.056244
0.016754
0.054077
0.054047
-0.024048
-0.114655
-0.101654
-0.039764
0.010529
0.048462
0.043640
0.008148
0.011536
-0.027344
-0.090057
-0.120758
-0.110840
-0.064453
0.004700
0.023468
-0.035461
-0.087128
-0.079315
-0.027618
0.001282
-0.001404
-0.042206
-0.055756
-0.043854
-0.051300
-0.052643
-0.053314
-0.057373
-0.056000
0.002991
-0.031952
-0.035339
-0.003754
0.002319
-0.049500
-0.035309
-0.184631
0.079224
0.800568
0.624542
0.344269
-0.111115
-0.567932
-0.411957
0.129883
0.348022
0.330811
0.268555
0.007721
-0.009186
0.089874
-0.023743
-0.138031
-0.076508
-0.009186
0.157196
0.247070
0.045929
-0.173462
-0.238403
-0.198181
-0.042328
0.086823
0.044586
-0.019989
-0.022339
-0.035217
0.023621
0.004303
-0.094025
-0.089630
-0.014221
0.029358
0.052307
-0.003082
-0.105194
-0.109924
-0.041321
0.003296
0.038513
0.038513
0.008728
0.006683
-0.025421
-0.075439
-0.122803
-0.105865
-0.059204
-0.000732
0.033417
-0.026428
-0.089630
-0.071747
-0.025421
-0.008850
-0.005432
-0.020325
-0.043976
-0.050751
-0.039642
-0.062958
-0.069733
-0.047394
-0.030457
0.006012
-0.023407
-0.056183
-0.066650
-0.042664
-0.041656
-0.019989
-0.131561
0.235229
0.732849
0.589203
0.263275
-0.226868
-0.541321
-0.331024
0.172028
0.351868
0.351685
0.217438
-0.000732
-0.013214
0.064209
-0.028107
-0.110260
-0.055847
0.020569
0.178436
0.227112
0.027649
-0.172150
-0.229614
-0.168457
-0.019989
0.081726
0.042206
-0.010864
-0.039276
-0.037903
0.012756
0.014801
-0.048035
-0.056793
-0.014557
0.003632
0.007019
-0.030426
-0.084534
-0.088501
-0.028076
0.014435
0.026276
0.009399
-0.010162
-0.015228
-0.030426
-0.061127
-0.098541
-0.096527
-0.062775
-0.020966
0.004303
-0.035461
-0.071869
-0.048584
-0.011841
0.004639
-0.013184
-0.053619
-0.064392
-0.024323
-0.015198
-0.028687
-0.039825
-0.079224
-0.100708
0.002625
0.029572
-0.024323
-0.016876
-0.051178
-0.042816
-0.033051
-0.054230
-0.170624
0.416748
0.824738
0.502197
0.179810
-0.347717
-0.587524
-0.225677
0.273346
0.349670
0.355591
0.178101
-0.054169
0.000275
0.065826
-0.087433
-0.126129
-0.054504
0.053406
0.221130
0.206970
-0.043365
-0.230560
-0.244354
-0.157990
0.003632
0.089630
0.027832
-0.014160
-0.044373
-0.039398
0.037567
-0.011475
-0.067932
-0.048431
-0.019531
0.009003
0.035889
-0.028961
-0.091797
-0.071960
-0.031677
0.004974
0.031891
0.014374
0.000275
-0.010803
-0.046082
-0.090759
-0.106262
-0.068665
-0.036346
-0.002411
-0.020203
-0.063263
-0.058838
-0.003387
0.014374
-0.001068
-0.042755
-0.060516
-0.027954
-0.025604
-0.035004
-0.031342
-0.040405
-0.054504
-0.018860
-0.027954
-0.012482
0.009338
-0.008453
-0.008118
-0.003082
-0.055176
-0.052124
-0.090088
0.005615
0.703613
0.702576
0.276489
-0.079712
-0.486969
-0.454407
0.065796
0.381348
0.323517
0.267426
0.036896
-0.057159
0.054047
0.010345
-0.153290
-0.093140
0.014038
0.136383
0.230469
0.069519
-0.181488
-0.255463
-0.192261
-0.076019
0.065125
0.059052
-0.012482
-0.035339
-0.000000
0.039612
-0.018219
-0.074371
-0.104584
-0.054199
0.027832
0.070221
0.022827
-0.066315
-0.102295
-0.082123
-0.022552
0.028534
0.020447
0.002625
0.019440
-0.020905
-0.077484
-0.098297
-0.105743
-0.075470
-0.018250
0.012054
-0.002411
-0.018921
-0.025665
-0.029358
-0.020599
-0.021271
-0.034454
-0.011505
-0.013519
-0.036804
-0.055054
-0.058411
-0.004761
0.027252
0.002625
-0.023010
-0.036499
-0.042603
0.001617
0.041138
0.030304
0.040802
-0.054443
-0.079437
-0.192230
0.276611
0.790802
0.432678
0.148621
-0.266357
-0.522827
-0.197754
0.287292
0.308929
0.256195
0.156464
-0.066681
-0.009521
0.090210
-0.074127
-0.142761
-0.047729
0.018555
0.158600
0.183655
-0.045013
-0.223663
-0.215546
-0.142456
0.004669
0.098358
0.046631
0.017548
0.045959
0.010437
-0.053162
-0.112061
-0.135406
-0.051147
0.080170
0.122833
0.045593
-0.082642
-0.159119
-0.131348
-0.037628
0.024323
0.044586
0.034485
0.021240
-0.008514
-0.085022
-0.137085
-0.139160
-0.071808
0.008392
0.060486
0.043579
-0.035950
-0.088715
-0.051147
-0.001740
-0.000397
-0.000397
-0.021027
-0.033905
-0.041718
-0.061676
-0.037292
0.013123
0.011444
0.002289
0.018890
-0.005096
-0.041718
-0.038330
0.028381
0.043274
0.047363
-0.035248
-0.132111
-0.178741
-0.008514
0.588470
0.659851
0.303802
-0.080627
-0.433197
-0.397369
0.050018
0.319061
0.260864
0.194885
0.050690
-0.022369
0.056793
-0.004089
-0.166901
-0.114105
0.008392
0.128876
0.209106
0.063568
-0.160156
-0.225098
-0.165222
-0.044373
0.074738
0.089935
0.060150
0.046967
0.012115
-0.052826
-0.121887
-0.117828
-0.035614
0.073059
0.118744
0.051697
-0.079285
-0.165283
-0.145294
-0.064056
0.022980
0.060211
0.046326
0.011444
-0.012573
-0.085846
-0.148224
-0.129242
-0.072296
0.004669
0.052856
0.041718
-0.037415
-0.097504
-0.093140
-0.032379
0.008118
0.023102
0.014191
-0.029663
-0.059265
-0.081085
-0.061340
-0.007507
0.032013
0.066071
0.025543
-0.016449
-0.024658
-0.064941
-0.002106
0.055634
0.034149
-0.059204
-0.099548
-0.133484
0.145721
0.721680
0.608734
0.170197
-0.209076
-0.487427
-0.314789
0.199127
0.379974
0.266174
0.165680
-0.019287
-0.057404
0.057617
-0.018951
-0.163910
-0.088684
0.028809
0.143951
0.202393
0.009583
-0.214600
-0.228333
-0.132813
-0.011414
0.088989
0.061859
-0.019318
-0.003479
0.031982
-0.003815
-0.057861
-0.096771
-0.073395
0.021973
0.079498
0.035400
-0.071014
-0.143280
-0.132965
-0.044800
0.040283
0.040283
0.015076
-0.004181
-0.026245
-0.062408
-0.106476
-0.129211
-0.083069
-0.013824
0.027863
0.031311
-0.010040
-0.073792
-0.076538
-0.039703
-0.021057
-0.008667
0.008545
0.007874
-0.029327
-0.051056
-0.065186
-0.055542
0.007874
0.049866
0.051575
0.005096
-0.040375
-0.069611
-0.015900
0.030243
0.018555
-0.042114
-0.061340
-0.063446
0.187653
0.637817
0.531708
0.142181
-0.218109
-0.435760
-0.250793
0.192444
0.371216
0.264099
0.136993
-0.019012
-0.048279
0.044342
-0.013123
-0.121643
-0.067902
0.030914
0.129120
0.170074
0.011993
-0.169495
-0.204315
-0.134369
-0.030365
0.061554
0.051941
0.007141
0.036469
0.015411
-0.035889
-0.064148
-0.110657
-0.075500
0.025452
0.056458
0.014740
-0.056580
-0.123383
-0.112732
-0.035889
0.016479
0.024414
0.017517
0.007477
-0.013824
-0.063141
-0.116150
-0.122314
-0.075500
-0.005890
0.030914
0.027130
-0.012085
-0.058929
-0.080627
-0.048615
-0.001770
0.014008
0.002350
-0.009338
-0.036835
-0.064392
-0.059875
-0.033051
-0.007233
0.027069
0.035645
-0.006897
-0.051910
-0.039886
-0.007568
0.031860
0.018463
-0.102905
-0.028870
-0.028839
0.366882
0.769104
0.340424
-0.033966
-0.324646
-0.441040
-0.089355
0.355896
0.337616
0.201141
0.109741
-0.048279
-0.015411
0.050537
-0.094086
-0.140869
-0.002777
0.088074
0.166687
0.141052
-0.077942
-0.226837
-0.183777
-0.101807
0.010864
0.069946
0.025574
-0.014038
0.015656
0.051788
-0.029755
-0.084015
-0.106476
-0.070007
0.028259
0.067139
0.001648
-0.085052
-0.117432
-0.101349
-0.035522
0.028595
0.028931
0.005371
0.016327
-0.021179
-0.077850
-0.109558
-0.116730
-0.073395
-0.007202
0.028931
0.023163
-0.005157
-0.048798
-0.051178
-0.034180
-0.006836
0.026886
0.027557
-0.003448
-0.053925
-0.070648
-0.054260
0.024506
0.026215
-0.005157
-0.009277
-0.020844
-0.036896
-0.036896
-0.034515
0.039856
-0.004120
-0.067200
-0.017456
0.125763
0.669891
0.528046
0.059937
-0.212799
-0.452667
-0.267456
0.200867
0.390167
0.240112
0.148590
-0.007904
-0.062469
0.040192
-0.015381
-0.140869
-0.061066
0.049377
0.131531
0.170441
0.008820
-0.192352
-0.207001
-0.123169
-0.020172
0.074615
0.047668
-0.020172
-0.022888
-0.018799
0.021057
0.014923
-0.059357
-0.084259
-0.018463
0.012543
0.014587
-0.016083
-0.096527
-0.098907
-0.036194
-0.000397
0.019714
0.024170
-0.010956
-0.008911
-0.028687
-0.089691
-0.115356
-0.088715
-0.052887
-0.001770
0.029602
-0.000397
-0.028381
-0.038635
-0.049530
-0.037933
-0.028381
-0.013336
0.022125
0.029633
-0.039032
-0.083405
-0.059845
-0.021240
0.015289
0.031769
0.025604
-0.019562
-0.048279
-0.052734
-0.048645
-0.007568
-0.040497
0.024261
0.039368
0.440552
0.710449
0.235809
-0.074829
-0.364990
-0.421051
-0.030579
0.359619
0.327820
0.223145
0.096436
-0.070526
-0.022034
0.025055
-0.097687
-0.099091
0.021942
0.092102
0.162720
0.092133
-0.117432
-0.217346
-0.169098
-0.071381
0.042999
0.075409
-0.003143
-0.030029
0.001648
-0.001770
-0.010742
-0.042816
-0.078003
-0.034210
0.037537
0.035828
-0.000000
-0.071503
-0.120483
-0.071503
-0.000000
0.028595
0.034485
0.008911
-0.013153
-0.025604
-0.074982
-0.114319
-0.106384
-0.067719
-0.033234
0.009949
0.019287
-0.019745
-0.037689
-0.043243
-0.042206
-0.032562
-0.022491
-0.002472
-0.001770
-0.011780
-0.055328
-0.045624
-0.045624
-0.009735
0.043488
0.000977
-0.000397
-0.032562
-0.038055
0.008575
0.004059
-0.014893
-0.073334
-0.033936
-0.001434
0.155334
0.676880
0.477966
0.066254
-0.176178
-0.428009
-0.252197
0.200256
0.353912
0.241364
0.187469
0.007172
-0.060150
0.036896
-0.037689
-0.133362
-0.033936
0.053436
0.126038
0.163330
-0.002136
-0.193787
-0.201752
-0.135437
-0.028046
0.079407
0.047943
0.009613
0.021698
-0.025635
-0.029755
-0.050110
-0.095367
-0.054626
0.019287
0.036896
0.026215
-0.039795
-0.126160
-0.111633
-0.045959
0.008240
0.042786
0.039703
0.002014
-0.035645
-0.092590
-0.121643
-0.095062
-0.053619
-0.012817
0.011322
0.016174
-0.000732
-0.031128
-0.051544
-0.041199
-0.031525
0.003387
0.035187
0.006805
-0.031860
-0.068481
-0.083649
-0.007263
0.057983
0.013733
-0.000397
-0.024597
-0.058777
-0.035278
0.031372
0.029968
-0.003845
-0.097382
-0.074951
-0.020081
0.237305
0.731720
0.432587
0.026520
-0.235687
-0.425995
-0.192139
0.263092
0.351074
0.220642
0.159973
-0.008667
-0.032837
0.047180
-0.045532
-0.145538
-0.031464
0.072327
0.143311
0.164032
-0.031464
-0.218262
-0.196442
-0.120667
-0.012115
0.075409
0.038513
-0.012115
-0.019684
0.035095
0.001312
-0.099915
-0.118561
-0.084106
0.009247
0.089111
0.045013
-0.094757
-0.152222
-0.118866
-0.037933
0.044678
0.056396
0.012329
-0.008667
-0.026917
-0.088867
-0.119202
-0.114685
-0.073395
0.009918
0.057098
0.030914
-0.029999
-0.082367
-0.079956
-0.024170
0.020935
0.009918
0.001312
-0.003815
-0.031769
-0.040710
-0.046143
-0.007996
0.011993
0.014038
0.032684
-0.002106
0.006439
-0.005554
-0.053040
-0.000000
0.044312
-0.057892
-0.025879
0.023376
0.105988
0.627960
0.480225
0.021606
-0.185608
-0.384979
-0.242798
0.224396
0.390045
0.199280
0.131470
-0.007996
-0.076843
0.036774
-0.002808
-0.145081
-0.053772
0.061249
0.110504
0.151428
-0.003479
-0.206970
-0.195984
-0.107452
-0.020355
0.064331
0.068115
0.001312
-0.007263
-0.016937
-0.067200
-0.078918
-0.082703
-0.052704
0.044312
0.073273
0.007477
-0.089905
-0.149139
-0.110229
-0.015900
0.052948
0.056763
0.029205
-0.024170
-0.063080
-0.100220
-0.108490
-0.086517
-0.034515
0.013702
0.034058
0.012665
-0.041412
-0.080627
-0.075470
-0.005890
0.026459
0.027832
0.011993
-0.017975
-0.062378
-0.059296
-0.042114
-0.012787
0.047516
0.051666
0.055176
0.019623
-0.050507
-0.059174
-0.028442
0.008942
0.057495
-0.010468
-0.063995
-0.045227
0.192444
0.627777
0.456055
0.074738
-0.242462
-0.420746
-0.181000
0.234894
0.356506
0.218231
0.100403
-0.042816
-0.038605
0.037811
-0.032349
-0.131775
-0.060486
0.052582
0.141052
0.147675
-0.037231
-0.213318
-0.203888
-0.110504
0.007446
0.068970
0.040649
-0.031403
0.023010
0.081207
-0.040192
-0.107178
-0.133392
-0.094666
0.059814
0.136505
0.027588
-0.100098
-0.143524
-0.118866
-0.012085
0.068542
0.038635
0.010529
0.000671
-0.040680
-0.085724
-0.120911
-0.117340
-0.048035
0.019745
0.034821
0.007599
-0.045990
-0.079773
-0.051117
0.002502
0.034882
0.004700
-0.020660
-0.034302
-0.069611
-0.061157
-0.016235
0.048889
0.045624
0.018372
0.019836
-0.045013
-0.067505
-0.002625
-0.024353
0.003235
0.018372
-0.105835
-0.042480
0.040863
0.423065
0.633362
0.270721
-0.059113
-0.348114
-0.347748
-0.011475
0.314911
0.301300
0.188751
0.065216
-0.036957
0.003967
0.010620
-0.093048
-0.100403
0.003967
0.102844
0.156677
0.076294
-0.109253
-0.206604
-0.167175
-0.072357
0.043854
0.080353
0.045685
0.030182
-0.014801
-0.079742
-0.102234
-0.103333
-0.055359
0.046051
0.081451
0.015411
-0.068665
-0.147583
-0.143890
-0.042877
0.024261
0.050110
0.042023
-0.008545
-0.044708
-0.079010
-0.128418
-0.115112
-0.049072
0.000305
0.017670
-0.010010
-0.059082
-0.066071
-0.029572
0.015411
0.025421
-0.014801
-0.035858
-0.030670
-0.007416
0.003601
-0.041382
-0.028107
-0.002258
0.006561
0.075928
0.032013
-0.075317
-0.053497
0.010254
0.065887
0.021667
-0.080383
-0.074860
0.085022
0.556396
0.596710
0.176910
-0.141266
-0.405182
-0.303619
0.111267
0.338440
0.245117
0.161316
0.027100
-0.032288
0.036591
-0.020935
-0.136169
-0.088196
0.029541
0.124512
0.158783
0.018555
-0.152832
-0.191803
-0.130463
-0.022614
0.047913
0.038147
-0.002594
0.066772
0.064911
-0.061005
-0.127380
-0.153748
-0.072876
0.093353
0.143646
0.022003
-0.093719
-0.159454
-0.141327
-0.019562
0.042938
0.029175
0.032379
0.012177
-0.031403
-0.069244
-0.132660
-0.158844
-0.078552
0.013947
0.029816
0.011810
-0.049683
-0.105774
-0.030243
0.021149
-0.002197
0.003510
-0.028809
-0.052490
-0.019440
-0.026642
-0.025574
-0.009399
-0.007935
0.017181
0.049438
0.021820
-0.039520
-0.001831
-0.023346
-0.010468
-0.039154
-0.040985
-0.011536
0.252716
0.684723
0.388611
0.021423
-0.248444
-0.428040
-0.161743
0.261963
0.315399
0.199921
0.133636
-0.019775
-0.017273
0.049377
-0.061310
-0.125488
-0.016571
0.076263
0.144318
0.120331
-0.065643
-0.199982
-0.154510
-0.074280
0.039368
0.107483
0.039001
-0.011169
-0.026947
-0.075684
-0.096405
-0.084625
-0.053070
0.030029
0.091309
0.041901
-0.052368
-0.138000
-0.160553
-0.082855
0.013885
0.052948
0.045471
0.000305
-0.047668
-0.058105
-0.086060
-0.103577
-0.077820
-0.038757
-0.002197
0.016022
-0.021545
-0.074951
-0.084625
-0.021912
0.051880
0.040466
-0.003998
-0.021179
-0.054840
-0.045227
0.005646
-0.014740
-0.043091
0.000000
0.033661
0.009247
0.036133
0.022156
0.003143
-0.010803
-0.052704
-0.064178
0.023926
0.020355
0.204620
0.632935
0.375336
0.022156
-0.171875
-0.374268
-0.187042
0.220764
0.283661
0.193909
0.158417
-0.010132
-0.038910
0.035248
-0.063080
-0.122253
-0.010529
0.068848
0.122375
0.113007
-0.057922
-0.208069
-0.170624
-0.088837
0.009735
0.083069
0.045715
0.047516
-0.000427
-0.087402
-0.132324
-0.140411
-0.070831
0.065277
0.127472
0.061005
-0.045074
-0.146149
-0.157654
-0.082977
0.001770
0.043304
0.053925
0.024536
-0.016205
-0.053772
-0.110901
-0.126099
-0.079712
-0.007782
0.021332
0.012848
-0.027771
-0.066559
-0.068115
-0.020416
0.004730
-0.004486
-0.003021
-0.024506
-0.006348
-0.000427
-0.021942
-0.061279
-0.034973
0.008850
0.027069
0.039307
0.017029
-0.023071
-0.031281
-0.037262
-0.016388
0.018921
0.011444
-0.026855
0.042755
0.555939
0.538605
0.167847
-0.079681
-0.391205
-0.315308
0.102295
0.308838
0.239685
0.191650
0.023376
-0.058105
0.033844
-0.009735
-0.116608
-0.044769
0.029724
0.096375
0.148895
0.009247
-0.176636
-0.191833
-0.123322
0.001038
0.103088
0.077057
-0.001160
-0.029846
-0.072296
-0.118134
-0.096497
-0.057373
0.005127
0.080750
0.068481
-0.026154
-0.110687
-0.152771
-0.121857
-0.025787
0.039429
0.041290
0.017822
-0.021667
-0.055176
-0.087616
-0.105072
-0.074890
-0.020172
0.003632
0.005493
-0.019440
-0.051819
-0.054413
-0.000793
0.028992
0.021149
0.000305
-0.041016
-0.048065
-0.010132
-0.022766
-0.012726
0.012970
-0.019806
0.045776
0.053589
-0.027649
-0.039185
-0.016785
-0.009735
0.009247
0.012970
0.022278
-0.030243
0.001038
0.527435
0.524689
0.150360
-0.062988
-0.373627
-0.304718
0.117676
0.301392
0.204590
0.164764
0.014465
-0.056793
0.053375
0.005524
-0.121033
-0.052155
0.032593
0.094330
0.147461
0.011627
-0.177521
-0.175903
-0.107269
-0.004974
0.071411
0.055176
-0.027191
0.024414
0.066620
-0.084564
-0.157532
-0.146301
-0.075836
0.094879
0.170410
0.023285
-0.123352
-0.170166
-0.148193
-0.030304
0.055420
0.024384
0.006226
0.009460
-0.015137
-0.062469
-0.122375
-0.151001
-0.077667
0.017548
0.050934
0.018463
-0.041168
-0.086853
-0.032013
0.022217
-0.003296
-0.017090
-0.046051
-0.033051
0.011353
0.025238
-0.018433
-0.050842
-0.032440
-0.026703
0.024963
0.082916
0.034088
-0.010773
-0.010376
-0.001709
0.007751
0.016418
0.025543
-0.007050
0.004456
-0.043121
0.299042
0.584564
0.281036
0.023163
-0.236603
-0.334991
-0.047028
0.265717
0.243805
0.175690
0.071411
-0.064484
-0.007111
0.024872
-0.077057
-0.067078
0.014496
0.094513
0.157349
0.060333
-0.141296
-0.226227
-0.167877
-0.045868
0.081177
0.079102
-0.002563
-0.048035
-0.082153
-0.109650
-0.096375
-0.085938
-0.030518
0.047485
0.057861
0.000000
-0.095947
-0.165527
-0.127625
-0.028870
0.037445
0.050415
0.019958
-0.023834
-0.051361
-0.070496
-0.085144
-0.067596
-0.035919
0.013672
0.024109
0.003662
-0.003387
-0.019257
-0.039276
-0.016724
-0.001740
-0.004211
0.022034
0.036194
-0.004639
-0.016296
-0.040527
-0.065491
0.027008
0.105011
0.059540
0.010345
0.013275
-0.045502
-0.025055
0.056641
0.016571
-0.012146
0.042877
0.012848
-0.017548
0.003662
0.226807
0.290192
0.160522
0.070374
-0.075531
-0.111328
0.042480
0.136261
0.113739
0.091644
0.030792
-0.000885
0.058746
0.042969
-0.037262
-0.029358
-0.012634
0.023834
0.058319
-0.010590
-0.101257
-0.109863
-0.088959
-0.050995
0.002899
-0.005585
-0.038483
-0.033905
-0.067444
-0.089691
-0.045013
-0.022614
-0.033112
-0.015320
-0.042511
-0.079468
-0.084076
-0.069794
-0.029694
0.003021
0.007904
-0.010345
-0.033264
-0.056763
-0.045654
-0.042175
-0.031860
-0.027832
-0.017853
0.010925
0.014618
-0.012054
-0.029602
-0.028290
-0.024658
0.014343
0.040497
0.034546
0.006470
-0.033447
-0.051849
-0.034058
0.009796
0.052460
0.081024
0.076416
0.015137
-0.048706
-0.005768
0.025757
0.019531
0.023895
-0.001495
-0.016418
0.025421
0.050507
0.025482
-0.005371
0.101898
0.216553
0.183380
0.079376
-0.027710
-0.074738
0.010559
0.115509
0.152496
0.142883
0.092834
0.046204
0.032501
0.024292
-0.014191
-0.022522
0.002838
0.038940
0.062317
0.023834
-0.065399
-0.128906
-0.129913
-0.070374
-0.001526
0.016510
-0.006897
-0.060699
-0.102234
-0.104187
-0.102234
-0.082672
-0.044586
-0.027435
-0.026489
-0.051910
-0.088104
-0.106232
-0.075897
-0.041168
-0.022034
0.001373
-0.015717
-0.045593
-0.032318
-0.027466
-0.043579
-0.024536
-0.022583
0.004303
0.027802
-0.000000
-0.036774
-0.042603
-0.040192
0.018494
0.039551
-0.018158
0.026825
-0.004456
-0.057831
-0.012787
0.048370
0.033691
0.066925
0.082092
-0.018646
-0.034332
-0.027954
-0.062225
0.017029
0.086945
0.095306
0.328552
0.324646
0.092377
-0.002502
-0.098846
-0.124359
0.076660
0.206299
0.142700
0.129486
0.074707
-0.026001
0.008698
0.027313
-0.024048
0.032166
0.073303
0.032166
0.016052
-0.038727
-0.112183
-0.093536
-0.036774
-0.018646
0.000000
-0.013763
-0.061249
-0.069092
-0.069092
-0.078400
-0.085205
-0.057831
-0.033844
-0.022583
-0.029907
-0.064148
-0.096466
-0.107239
-0.095978
-0.062683
-0.015717
0.013123
-0.016693
-0.050476
-0.063660
-0.053864
-0.014252
0.016052
-0.000000
-0.041626
-0.045593
-0.031830
-0.009827
0.007721
-0.004456
-0.022034
0.017517
0.040039
0.008209
-0.022583
-0.039703
-0.029419
0.031189
0.056213
-0.010773
-0.024536
0.018005
0.003326
0.010162
0.054199
0.009186
-0.034821
-0.008850
0.014587
0.263000
0.435242
0.235199
0.037598
-0.088074
-0.142853
0.033203
0.243530
0.180908
0.103638
0.050323
-0.018646
0.027802
0.088470
0.001373
-0.025024
0.018982
0.029266
0.044952
0.008698
-0.107178
-0.146790
-0.097382
-0.058319
