0.208006
0.282026
0.189578
-0.005831
-0.171130
-0.222389
-0.177141
-0.118604
-0.058178
-0.006301
0.049580
0.107471
0.141400
0.121279
0.048706
0.004287
0.022358
0.120791
0.296702
0.538485
0.751426
0.786440
0.549968
0.072689
-0.420288
-0.681447
-0.625227
-0.357024
-0.001662
0.278691
0.411230
0.409762
0.318191
0.119615
-0.157237
-0.420429
-0.572206
-0.521705
-0.262411
0.080238
0.330642
0.400644
0.284798
0.052255
-0.179934
-0.346670
-0.440227
-0.450347
-0.362060
-0.183053
0.051594
0.236088
0.273643
0.145573
-0.043411
-0.187575
-0.227334
-0.173270
-0.094464
-0.034290
0.015620
0.071173
0.124747
0.145292
0.106278
0.031290
-0.001680
0.049123
0.152763
0.331602
0.576914
0.776323
0.790563
0.476252
-0.039593
-0.522610
-0.711452
-0.591171
-0.268182
0.093129
0.332375
0.418230
0.386214
0.278936
0.063158
-0.207660
-0.464895
-0.586109
-0.484118
-0.182995
0.163463
0.378817
0.393411
0.222782
-0.019271
-0.231739
-0.372624
-0.445476
-0.436705
-0.329660
-0.122522
0.122024
0.274654
0.261585
0.094664
-0.102395
-0.217578
-0.214324
-0.142346
-0.061361
-0.001881
0.041432
0.083502
0.116758
0.123450
0.075710
0.021198
0.023865
0.092295
0.223542
0.429076
0.648360
0.789634
0.707176
0.293885
-0.232909
-0.624926
-0.691260
-0.488267
-0.116106
0.211486
0.378189
0.408344
0.343666
0.194265
-0.039426
-0.300976
-0.522083
-0.568786
-0.382850
-0.048512
0.259288
0.403791
0.338744
0.117786
-0.116099
-0.295530
-0.404788
-0.444684
-0.398651
-0.253232
-0.020039
0.195895
0.276469
0.185291
-0.002140
-0.163346
-0.228344
-0.188002
-0.105083
-0.027243
0.028848
0.071453
0.104781
0.119864
0.102551
0.043822
0.006514
0.043516
0.140299
0.308483
0.514617
0.687709
0.785073
0.567164
0.090806
-0.418834
-0.691854
-0.648931
-0.358608
0.040456
0.304041
0.405438
0.379279
0.276877
0.086327
-0.143136
-0.391424
-0.561069
-0.518313
-0.261850
0.083608
0.338787
0.402684
0.248735
-0.000554
-0.214062
-0.356646
-0.429087
-0.435113
-0.353680
-0.163690
0.086080
0.258611
0.264804
0.113515
-0.086639
-0.211715
-0.214762
-0.137654
-0.062506
-0.017190
0.011679
0.057061
0.108017
0.127545
0.088675
0.029336
0.025885
0.106796
0.275525
0.482428
0.664124
0.798866
0.645530
0.172058
-0.346914
-0.672798
-0.683470
-0.430067
-0.024176
0.266841
0.389367
0.393615
0.302923
0.121022
-0.104923
-0.356006
-0.558960
-0.552316
-0.318518
0.022121
0.303437
0.404551
0.277562
0.032173
-0.181752
-0.338812
-0.429856
-0.453757
-0.394400
-0.217157
0.048707
0.256501
0.281812
0.141008
-0.069711
-0.219284
-0.234412
-0.155051
-0.079656
-0.047373
-0.017080
0.028239
0.090928
0.130333
0.113361
0.075041
0.091604
0.177435
0.318102
0.467266
0.584676
0.688703
0.555093
0.153315
-0.309712
-0.601545
-0.619509
-0.391480
-0.012576
0.257452
0.357678
0.339346
0.237383
0.067271
-0.119021
-0.321959
-0.492313
-0.491870
-0.291594
0.009392
0.259489
0.354153
0.235162
0.003912
-0.194344
-0.334689
-0.402801
-0.406077
-0.347824
-0.198465
0.030031
0.211364
0.240486
0.119027
-0.066613
-0.199067
-0.214086
-0.147142
-0.077680
-0.041992
-0.011535
0.021808
0.065713
0.098334
0.093588
0.064105
0.078895
0.159003
0.294550
0.448449
0.590040
0.664669
0.549500
0.211036
-0.225227
-0.530680
-0.579039
-0.400622
-0.094245
0.182551
0.320230
0.326564
0.250080
0.104528
-0.093827
-0.301859
-0.455285
-0.472341
-0.310104
-0.034866
0.204267
0.303150
0.231287
0.045260
-0.156535
-0.305898
-0.382416
-0.407432
-0.367698
-0.213619
0.003084
0.178142
0.224098
0.123738
-0.049157
-0.172171
-0.190459
-0.144466
-0.084163
-0.038204
-0.013724
0.010235
0.055047
0.082936
0.070404
0.049802
0.059298
0.121255
0.243625
0.421050
0.548207
0.647720
0.663697
0.382837
-0.090919
-0.502311
-0.646325
-0.543093
-0.212369
0.151666
0.330350
0.351035
0.287992
0.151023
-0.041696
-0.229700
-0.419741
-0.520360
-0.411216
-0.135059
0.147010
0.315718
0.301200
0.100782
-0.131369
-0.290277
-0.379908
-0.429284
-0.396696
-0.256374
-0.050414
0.159919
0.246379
0.161958
-0.010023
-0.140090
-0.193266
-0.174617
-0.100089
-0.044246
-0.014490
0.019159
0.055029
0.062620
0.064746
0.053809
0.048251
0.096453
0.229395
0.385289
0.506570
0.643983
0.727197
0.503759
0.017506
-0.448822
-0.694427
-0.635677
-0.302879
0.100719
0.324118
0.373656
0.319070
0.182084
0.011114
-0.176825
-0.393959
-0.541274
-0.476723
-0.220283
0.093674
0.321549
0.343742
0.151093
-0.099752
-0.278225
-0.384187
-0.441505
-0.416776
-0.281919
-0.073716
0.148955
0.255502
0.183537
0.007096
-0.142121
-0.203690
-0.177538
-0.098061
-0.039767
-0.018261
0.006555
0.049381
0.079665
0.086973
0.066569
0.045710
0.068105
0.177491
0.351914
0.522404
0.660307
0.738219
0.541774
0.076017
-0.395379
-0.662545
-0.640919
-0.367146
0.024607
0.285420
0.375778
0.348901
0.228314
0.040048
-0.166754
-0.379235
-0.529926
-0.485305
-0.248324
0.054288
0.280614
0.328869
0.171217
-0.074143
-0.255490
-0.382265
-0.468129
-0.419599
-0.254627
-0.050430
0.153433
0.243304
0.156246
-0.010647
-0.126827
-0.181172
-0.166715
-0.087481
-0.027531
-0.007054
0.035533
0.075000
0.071588
0.061530
0.050412
0.036650
0.072011
0.200009
0.358866
0.506908
0.655100
0.739633
0.550330
0.098245
-0.370885
-0.666914
-0.653753
-0.368825
0.015402
0.277618
0.373500
0.343714
0.215797
0.043962
-0.157221
-0.375363
-0.521901
-0.477888
-0.250946
0.051691
0.279889
0.308520
0.141490
-0.089935
-0.261927
-0.402751
-0.459005
-0.373954
-0.217780
-0.023313
0.151447
0.208037
0.115872
-0.011297
-0.104780
-0.155960
-0.132936
-0.061067
-0.027353
-0.006897
0.041407
0.068382
0.069365
0.069122
0.062769
0.055306
0.102566
0.232383
0.411986
0.569598
0.702419
0.723210
0.438227
-0.044420
-0.488780
-0.686655
-0.588995
-0.263992
0.107365
0.314420
0.369792
0.313776
0.173789
-0.015355
-0.223531
-0.428306
-0.526077
-0.421524
-0.154447
0.131180
0.291087
0.256988
0.052525
-0.157838
-0.319893
-0.440629
-0.420497
-0.290480
-0.124123
0.044029
0.169063
0.163830
0.060699
-0.043019
-0.121656
-0.154157
-0.109072
-0.033467
-0.002138
0.021759
0.052656
0.061733
0.059336
0.062792
0.064642
0.067587
0.143986
0.287062
0.459168
0.612375
0.729698
0.685383
0.322236
-0.168181
-0.560049
-0.674440
-0.515218
-0.165240
0.172975
0.332712
0.360586
0.280110
0.127819
-0.069634
-0.279177
-0.460895
-0.506113
-0.349929
-0.070862
0.180017
0.279061
0.188427
-0.018160
-0.212226
-0.374232
-0.427124
-0.343755
-0.204545
-0.056938
0.075372
0.145163
0.105139
0.028511
-0.047632
-0.111356
-0.124999
-0.069215
-0.010045
0.017136
0.044039
0.053481
0.047378
0.047903
0.055082
0.055180
0.088016
0.198996
0.335768
0.485613
0.640681
0.762055
0.650806
0.237102
-0.245443
-0.599092
-0.669345
-0.465268
-0.101669
0.197002
0.336177
0.351055
0.253539
0.094817
-0.098956
-0.308058
-0.473717
-0.475639
-0.296520
-0.029733
0.186098
0.243766
0.132160
-0.060818
-0.258856
-0.392846
-0.376034
-0.269089
-0.146161
-0.028457
0.073189
0.110312
0.088314
0.039039
-0.045040
-0.106665
-0.101150
-0.044834
0.005658
0.033358
0.039608
0.030537
0.044410
0.071599
0.078492
0.079597
0.109869
0.214449
0.374530
0.557282
0.719451
0.781027
0.552421
0.056468
-0.419282
-0.663668
-0.611501
-0.336964
0.028214
0.264735
0.342657
0.323820
0.216433
0.034752
-0.182513
-0.387439
-0.507389
-0.435264
-0.191602
0.075127
0.224591
0.212572
0.064115
-0.138306
-0.319482
-0.395365
-0.349223
-0.239568
-0.101324
0.027003
0.106326
0.104406
0.066913
-0.002337
-0.085260
-0.122816
-0.090108
-0.023692
0.023683
0.049757
0.046176
0.024988
0.034341
0.066650
0.075078
0.085075
0.146666
0.260791
0.420197
0.599859
0.755683
0.780410
0.445188
-0.090098
-0.531979
-0.705964
-0.578338
-0.239728
0.127516
0.309905
0.356123
0.305724
0.167607
-0.027777
-0.243437
-0.440444
-0.520641
-0.389278
-0.118673
0.133102
0.246269
0.191335
0.010362
-0.201055
-0.358226
-0.393122
-0.316184
-0.200405
-0.077242
0.045824
0.122463
0.117988
0.055485
-0.046103
-0.126282
-0.126885
-0.046655
0.028340
0.056244
0.056073
0.028930
0.009599
0.036604
0.069676
0.073097
0.085001
0.158892
0.294804
0.463653
0.591645
0.703197
0.678240
0.347756
-0.133654
-0.519080
-0.653176
-0.531391
-0.190356
0.152238
0.313704
0.335753
0.261816
0.111781
-0.075815
-0.253585
-0.414281
-0.469779
-0.342092
-0.095529
0.119970
0.217140
0.159319
-0.028804
-0.239041
-0.363282
-0.354127
-0.265794
-0.148044
-0.042832
0.039823
0.082678
0.075771
0.025144
-0.045693
-0.094412
-0.099557
-0.040211
0.023244
0.049027
0.047658
0.034799
0.017338
0.025975
0.061177
0.087035
0.124603
0.213756
0.338917
0.470882
0.616563
0.737756
0.598813
0.170799
-0.302896
-0.605876
-0.636062
-0.400370
-0.035656
0.216747
0.310402
0.296329
0.204293
0.058320
-0.116442
-0.311327
-0.462626
-0.446317
-0.253410
-0.002933
0.175769
0.204182
0.076495
-0.122127
-0.292450
-0.350754
-0.304649
-0.215490
-0.124673
-0.041272
0.041282
0.079924
0.066647
0.012538
-0.058505
-0.087748
-0.057816
0.003251
0.027232
0.023068
0.020236
0.021442
0.041005
0.068733
0.079284
0.076019
0.130061
0.247011
0.397767
0.529518
0.646545
0.685612
0.440467
-0.003881
-0.406790
-0.603267
-0.555605
-0.287106
0.046747
0.243561
0.304306
0.272886
0.153506
-0.018813
-0.191297
-0.360596
-0.452207
-0.373679
-0.164395
0.049536
0.170733
0.153008
0.000621
-0.201430
-0.315175
-0.308758
-0.243275
-0.162239
-0.099308
-0.039079
0.028274
0.077892
0.065179
-0.006445
-0.074364
-0.093869
-0.050524
0.019903
0.050942
0.035922
0.010253
0.003463
0.037170
0.078852
0.091762
0.125815
0.222833
0.375768
0.509586
0.638995
0.733038
0.532015
0.060460
-0.387915
-0.618750
-0.597689
-0.338582
0.016944
0.228939
0.294913
0.288465
0.191089
0.021525
-0.156419
-0.346145
-0.478274
-0.423858
-0.202624
0.034410
0.176757
0.173851
0.023407
-0.181331
-0.301677
-0.311325
-0.263270
-0.193391
-0.128044
-0.044239
0.042227
0.092093
0.070304
-0.007854
-0.078745
-0.098844
-0.055508
0.002583
0.035183
0.032052
0.018204
0.006929
0.031329
0.068623
0.083998
0.116103
0.199309
0.342114
0.493346
0.615701
0.715795
0.589404
0.160568
-0.303336
-0.583093
-0.611096
-0.404706
-0.057753
0.196508
0.285270
0.293672
0.221734
0.060298
-0.126898
-0.314648
-0.462907
-0.448424
-0.255616
-0.013342
0.150823
0.177075
0.061212
-0.145776
-0.287676
-0.309693
-0.268470
-0.195107
-0.129578
-0.067726
0.012865
0.083855
0.086386
0.018009
-0.060122
-0.100671
-0.076437
-0.007050
0.032071
0.019529
0.016948
0.026516
0.049709
0.074264
0.088906
0.106776
0.187043
0.338240
0.475623
0.579426
0.685894
0.598296
0.188118
-0.253137
-0.535341
-0.596411
-0.416472
-0.082626
0.164948
0.254975
0.284385
0.219632
0.068399
-0.101022
-0.280501
-0.443563
-0.451651
-0.272276
-0.044130
0.123027
0.166138
0.055110
-0.146020
-0.267237
-0.279912
-0.253978
-0.198050
-0.142337
-0.087281
-0.006188
0.082093
0.089728
0.017560
-0.065086
-0.105308
-0.076967
0.003691
0.058542
0.042848
0.013126
0.011427
0.041037
0.077773
0.106435
0.132712
0.200097
0.343367
0.483135
0.601475
0.722111
0.579558
0.108562
-0.344906
-0.580837
-0.583814
-0.359862
-0.014325
0.190714
0.245256
0.266972
0.206083
0.050834
-0.121376
-0.307090
-0.467983
-0.443761
-0.234654
-0.005529
0.127151
0.137447
-0.005305
-0.191161
-0.239913
-0.222675
-0.213135
-0.189364
-0.155349
-0.099989
0.009107
0.108692
0.086765
-0.010010
-0.081041
-0.100091
-0.056463
0.020955
0.042614
0.016976
0.016029
0.038965
0.074450
0.098662
0.125341
0.161986
0.244541
0.378951
0.505910
0.645442
0.687988
0.402509
-0.056774
-0.410397
-0.558907
-0.490526
-0.233375
0.044440
0.172531
0.233340
0.242802
0.153577
0.001614
-0.174322
-0.365480
-0.460146
-0.358418
-0.153209
0.019920
0.099221
0.053200
-0.097915
-0.183881
-0.183416
-0.197931
-0.208576
-0.186033
-0.146568
-0.069206
0.046341
0.077072
0.018514
-0.027026
-0.043984
-0.047577
-0.009077
0.028602
0.009295
0.003565
0.034024
0.056583
0.076886
0.118171
0.164553
0.225464
0.334802
0.471815
0.598419
0.685476
0.522857
0.096017
-0.287522
-0.500738
-0.505028
-0.322497
-0.049580
0.121439
0.189463
0.232342
0.186045
0.057841
-0.107344
-0.292821
-0.437784
-0.403255
-0.231820
-0.059180
0.040551
0.030948
-0.077141
-0.153357
-0.132786
-0.133804
-0.173713
-0.196035
-0.187045
-0.124275
0.004111
0.078433
0.037450
-0.019881
-0.041008
-0.031647
0.002699
0.044072
0.021558
-0.015892
0.004759
0.055613
0.087088
0.121277
0.167760
0.220562
0.319519
0.446416
0.552888
0.645137
0.564648
0.198017
-0.194571
-0.435928
-0.490901
-0.376221
-0.123968
0.073815
0.154277
0.210601
0.189646
0.073611
-0.082333
-0.241876
-0.386856
-0.401966
-0.267760
-0.115991
-0.027693
-0.012470
-0.069208
-0.125191
-0.109526
-0.108093
-0.148549
-0.176173
-0.173034
-0.126657
-0.034397
0.032501
0.018514
-0.015503
-0.015318
0.003805
0.028230
0.041309
0.009807
-0.021422
-0.002617
0.048383
0.087372
0.119671
0.168594
0.241103
0.341777
0.445111
0.518083
0.597881
0.555044
0.232729
-0.134281
-0.388926
-0.484219
-0.387827
-0.145124
0.059628
0.141098
0.192023
0.170064
0.065145
-0.065128
-0.211805
-0.361524
-0.398247
-0.292062
-0.155955
-0.062349
-0.035973
-0.060593
-0.094464
-0.086073
-0.100086
-0.155576
-0.189193
-0.183434
-0.121184
-0.022977
0.040416
0.027444
0.003663
-0.002973
-0.002569
0.010058
0.023323
0.010551
-0.014455
0.013026
0.058751
0.099199
0.141758
0.185248
0.239650
0.324051
0.444292
0.546651
0.633185
0.529361
0.165849
-0.187024
-0.404319
-0.457620
-0.343762
-0.108425
0.054553
0.129108
0.188778
0.160489
0.050357
-0.090503
-0.240822
-0.378653
-0.385683
-0.269317
-0.157099
-0.096396
-0.055654
-0.045574
-0.058972
-0.059839
-0.101384
-0.171704
-0.199911
-0.155765
-0.076242
-0.006680
0.029480
0.016821
0.002955
0.015659
0.023237
0.021633
0.018345
0.004712
-0.001036
0.041130
0.084044
0.115841
0.154787
0.218414
0.303523
0.401304
0.496821
0.592693
0.608341
0.348590
-0.021451
-0.305185
-0.441377
-0.409906
-0.222749
-0.018532
0.081271
0.160147
0.179671
0.109187
-0.017309
-0.155202
-0.309650
-0.396021
-0.334164
-0.229806
-0.151866
-0.083870
-0.023297
-0.017113
-0.031315
-0.066812
-0.151185
-0.203496
-0.179212
-0.114817
-0.048968
0.015446
0.038081
0.026479
0.030951
0.028005
0.001558
-0.004977
0.015202
0.020262
0.040013
0.081874
0.119758
0.139353
0.194202
0.288856
0.372251
0.486276
0.604959
0.630949
0.393960
0.029961
-0.254593
-0.431600
-0.425252
-0.262255
-0.065440
0.050763
0.142517
0.184609
0.124105
0.018058
-0.172880
-0.371774
-0.410976
-0.313138
-0.199118
-0.123465
-0.079965
-0.070428
-0.044007
-0.006181
-0.036527
-0.138082
-0.208015
-0.199272
-0.124922
-0.015571
0.059349
0.052670
0.010850
0.009276
0.018355
0.019123
0.026871
0.022663
0.008927
0.034510
0.092942
0.123799
0.149273
0.190605
0.259421
0.334690
0.441368
0.566219
0.618150
0.435552
0.078489
-0.215563
-0.400180
-0.415366
-0.273822
-0.092446
0.019430
0.108290
0.177904
0.144524
0.036028
-0.111759
-0.273854
-0.385061
-0.355808
-0.256089
-0.180432
-0.123276
-0.063551
-0.011327
0.002208
-0.022736
-0.113815
-0.202547
-0.211812
-0.162622
-0.072735
0.004771
0.036743
0.035122
0.039431
0.044214
0.024032
0.005893
0.007674
0.016284
0.045329
0.098475
0.129651
0.150832
0.209755
0.313525
0.404457
0.470805
0.564740
0.569981
0.324557
-0.005398
-0.266359
-0.423715
-0.411747
-0.228412
-0.030320
0.060842
0.145611
0.163361
0.078793
-0.019969
-0.133790
-0.282004
-0.376647
-0.333956
-0.247724
-0.175230
-0.087805
-0.024552
-0.023108
-0.025529
-0.056884
-0.147532
-0.201091
-0.177400
-0.119575
-0.055735
0.011778
0.036083
0.024995
0.036137
0.035986
0.007647
-0.001467
0.006607
0.014020
0.062034
0.122981
0.139257
0.151323
0.241045
0.360634
0.457827
0.566113
0.636700
0.471705
0.115985
-0.174165
-0.368170
-0.424564
-0.311419
-0.122299
-0.004121
0.087912
0.177804
0.146800
0.039210
-0.086164
-0.237147
-0.359274
-0.351011
-0.262282
-0.198724
-0.148083
-0.079765
-0.027651
-0.004686
-0.012190
-0.096245
-0.185408
-0.196808
-0.150536
-0.089169
-0.027230
0.013025
0.018645
0.028686
0.041316
0.029888
0.018641
0.017780
0.006830
0.016291
0.069133
0.104350
0.117205
0.173383
0.273819
0.357181
0.462125
0.599245
0.654866
0.442840
0.078508
-0.232061
-0.442924
-0.454656
-0.286847
-0.081718
0.038719
0.140030
0.185572
0.124026
0.024657
-0.108634
-0.275922
-0.387417
-0.358968
-0.272855
-0.195199
-0.112627
-0.045358
-0.010357
-0.003186
-0.039499
-0.126853
-0.190414
-0.192470
-0.148176
-0.079220
-0.012724
0.023982
0.038510
0.043798
0.031160
0.016946
0.021422
0.020523
0.018703
0.047409
0.078522
0.096093
0.124902
0.179151
0.255947
0.347481
0.460808
0.577925
0.625166
0.427674
0.063870
-0.234606
-0.423551
-0.442263
-0.287894
-0.089435
0.036423
0.132686
0.186480
0.127966
0.019059
-0.113030
-0.274494
-0.390891
-0.374429
-0.302800
-0.227160
-0.116510
-0.016316
0.024292
0.017593
-0.029743
-0.131486
-0.199045
-0.187619
-0.146827
-0.089805
-0.019615
0.029954
0.045042
0.061564
0.053113
0.021082
0.007335
0.024763
0.032686
0.055028
0.088173
0.102923
0.132371
0.204584
0.291690
0.358419
0.474535
0.635989
0.640121
0.350162
-0.023530
-0.328427
-0.496709
-0.431937
-0.215583
-0.039642
0.061994
0.158047
0.171046
0.107038
0.014869
-0.151459
-0.344290
-0.424824
-0.382479
-0.299090
-0.173795
-0.049768
0.007804
0.020162
0.014295
-0.055065
-0.153085
-0.194541
-0.199217
-0.155534
-0.064887
0.019727
0.050091
0.054782
0.055360
0.024251
0.007262
0.023200
0.037640
0.042808
0.058972
0.067449
0.087983
0.145120
0.242247
0.326931
0.376285
0.478489
0.602821
0.555583
0.272976
-0.039984
-0.303050
-0.448562
-0.381801
-0.192133
-0.041017
0.060798
0.152028
0.145537
0.073734
-0.019280
-0.173032
-0.346687
-0.405386
-0.364212
-0.294226
-0.169000
-0.053096
0.006263
0.021413
0.006533
-0.079222
-0.180057
-0.203596
-0.187335
-0.126028
-0.023716
0.047300
0.046773
0.044198
0.040773
0.014631
0.004711
0.025704
0.043226
0.054360
0.082599
0.089206
0.106825
0.167668
0.271729
0.347048
0.410884
0.535168
0.625654
0.469903
0.139024
-0.152336
-0.385409
-0.459365
-0.331327
-0.135730
-0.010403
0.103314
0.182048
0.139136
0.052686
-0.071702
-0.256245
-0.401367
-0.403287
-0.338576
-0.245177
-0.110011
-0.006245
0.018965
0.002595
-0.043990
-0.132849
-0.167337
-0.162189
-0.157864
-0.109578
-0.027180
0.031084
0.050616
0.064945
0.028839
-0.021057
-0.008771
0.034079
0.055678
0.084507
0.101191
0.087889
0.125929
0.231554
0.315957
0.352617
0.478015
0.655438
0.621221
0.321881
-0.027746
-0.342469
-0.501870
-0.414618
-0.201945
-0.046657
0.061182
0.162828
0.161642
0.106751
0.018219
-0.165572
-0.364618
-0.432419
-0.376762
-0.288383
-0.162484
-0.042507
0.004694
0.014199
-0.001781
-0.089741
-0.174002
-0.184625
-0.177984
-0.141364
-0.049272
0.029555
0.047156
0.059323
0.044588
-0.005399
-0.010123
0.031309
0.045221
0.049892
0.091155
0.090299
0.094257
0.156086
0.250894
0.345330
0.458109
0.625920
0.680808
0.447670
0.072032
-0.248711
-0.454038
-0.456755
-0.285583
-0.102939
0.006088
0.120822
0.191549
0.150883
0.057488
-0.103074
-0.307393
-0.421481
-0.383597
-0.299383
-0.211774
-0.105171
-0.022743
0.008714
0.018945
-0.023417
-0.135161
-0.188624
-0.178284
-0.151261
-0.093365
-0.018929
0.020077
0.033635
0.061848
0.048467
0.013467
0.018724
0.027405
0.023973
0.050836
0.095707
0.104909
0.128044
0.200298
0.280557
0.371633
0.511738
0.668303
0.607842
0.290807
-0.054805
-0.339179
-0.480901
-0.409016
-0.214441
-0.055898
0.064267
0.177732
0.192625
0.119543
-0.001798
-0.187262
-0.370762
-0.420888
-0.353857
-0.270745
-0.169298
-0.059897
0.003272
0.022294
0.012925
-0.067345
-0.169944
-0.200244
-0.172848
-0.120620
-0.042519
0.020151
0.035169
0.048968
0.059190
0.032123
0.002959
0.009614
0.020940
0.035355
0.083924
0.116435
0.127899
0.158232
0.215795
0.276745
0.373480
0.543868
0.662557
0.516365
0.170932
-0.145426
-0.380853
-0.449048
-0.327099
-0.155244
-0.034184
0.084700
0.181194
0.169834
0.095709
-0.037444
-0.234590
-0.387841
-0.394011
-0.324434
-0.243313
-0.141491
-0.053055
0.001564
0.034802
0.013473
-0.088876
-0.177580
-0.194640
-0.168732
-0.102486
-0.022028
0.030748
0.050468
0.064101
0.044932
0.007440
0.004316
0.025699
0.040669
0.062356
0.088468
0.092120
0.126228
0.194999
0.265133
0.329605
0.442204
0.602717
0.608625
0.359332
0.046055
-0.239311
-0.440077
-0.435266
-0.264948
-0.090519
0.037163
0.161073
0.179609
0.111545
0.031686
-0.116173
-0.302516
-0.389359
-0.360109
-0.307490
-0.213336
-0.088235
-0.005904
0.022012
0.026505
-0.034808
-0.120493
-0.157132
-0.172629
-0.151033
-0.079526
0.001777
0.043375
0.071785
0.074159
0.034981
0.013006
0.017352
0.026615
0.039433
0.072710
0.082409
0.102294
0.163321
0.221390
0.268979
0.318926
0.431095
0.558313
0.538131
0.289501
-0.005993
-0.242684
-0.394838
-0.376074
-0.224688
-0.073034
0.031345
0.135788
0.157987
0.098292
0.014981
-0.125263
-0.299761
-0.383085
-0.350112
-0.299729
-0.205392
-0.067513
0.010449
0.016892
0.016973
-0.031857
-0.129438
-0.175183
-0.174372
-0.149364
-0.074691
0.013622
0.056166
0.068475
0.076562
0.049316
0.012253
0.016582
0.029765
0.035370
0.071784
0.108878
0.144556
0.181102
0.240844
0.298898
0.388246
0.550803
0.603685
0.413240
0.105527
-0.158080
-0.357678
-0.402193
-0.282744
-0.134705
-0.020262
0.103097
0.175861
0.136121
0.058682
-0.070776
-0.252477
-0.363994
-0.356059
-0.314826
-0.249113
-0.139235
-0.034175
0.029045
0.051308
0.006870
-0.106816
-0.173553
-0.181403
-0.157968
-0.086766
-0.008079
0.030354
0.043216
0.063908
0.057286
0.034883
0.031533
0.025204
0.018900
0.053656
0.093412
0.101791
0.131083
0.175208
0.233967
0.306266
0.411784
0.530958
0.559624
0.387835
0.089279
-0.150344
-0.335305
-0.390537
-0.291801
-0.139001
-0.010894
0.105920
0.180128
0.138384
0.042987
-0.084991
-0.250226
-0.367163
-0.374602
-0.328993
-0.243644
-0.111771
0.004331
0.056013
0.038883
-0.031906
-0.131887
-0.185394
-0.172809
-0.136095
-0.078425
-0.009388
0.042330
0.067439
0.073057
0.047588
0.005714
-0.006277
0.018668
0.045737
0.069675
0.088443
0.094913
0.137179
0.227496
0.312467
0.343480
0.430023
0.562339
0.546132
0.304966
0.008796
-0.261084
-0.441668
-0.397542
-0.218747
-0.051431
0.076342
0.170487
0.152136
0.077518
0.004262
-0.143186
-0.315561
-0.388583
-0.366436
-0.308947
-0.180654
-0.040953
0.029185
0.039155
0.008179
-0.067023
-0.153614
-0.172847
-0.160578
-0.128579
-0.059343
0.003175
0.042710
0.069304
0.066581
0.027783
0.002255
0.007603
0.027163
0.046636
0.065038
0.064491
0.101608
0.174646
0.248280
0.318305
0.381394
0.489365
0.596947
0.515521
0.228822
-0.086805
-0.341657
-0.449680
-0.362053
-0.170119
-0.022227
0.092633
0.173535
0.144257
0.066092
-0.038850
-0.202746
-0.355784
-0.393687
-0.350522
-0.274891
-0.148301
-0.020723
0.037694
0.031529
-0.014962
-0.112574
-0.177753
-0.174101
-0.150783
-0.114247
-0.056729
0.009777
0.051744
0.085735
0.075208
0.017261
-0.011744
0.005903
0.031207
0.049427
0.071228
0.090285
0.119826
0.168415
0.229385
0.277549
0.372417
0.532637
0.611593
0.460760
0.149218
-0.132668
-0.348189
-0.417015
-0.320057
-0.168899
-0.043647
0.083095
0.176540
0.164694
0.088090
-0.055713
-0.248316
-0.397176
-0.406725
-0.346390
-0.262744
-0.138407
-0.021141
0.046255
0.039621
-0.020717
-0.117344
-0.188563
-0.198115
-0.164528
-0.098644
-0.019033
0.038452
0.059494
0.061447
0.041705
0.015487
0.011535
0.029535
0.047126
0.060065
0.071747
0.079123
0.122076
0.204567
0.287619
0.335767
0.427839
0.583298
0.581503
0.327211
0.013741
-0.244642
-0.422607
-0.399494
-0.237640
-0.091245
0.023721
0.144593
0.165674
0.095014
0.015163
-0.133792
-0.313827
-0.387340
-0.370748
-0.325629
-0.215452
-0.093218
-0.008339
0.037957
0.036205
-0.044920
-0.141065
-0.184875
-0.201016
-0.157585
-0.072244
0.002429
0.044655
0.066318
0.058111
0.028391
0.020883
0.022423
0.019745
0.032949
0.055277
0.062010
0.086935
0.150807
0.202414
0.248379
0.342472
0.471756
0.604481
0.579347
0.297798
-0.030790
-0.255803
-0.372718
-0.363948
-0.238399
-0.104652
-0.001157
0.134304
0.192410
0.124385
0.000428
-0.162326
-0.333637
-0.401170
-0.360153
-0.307075
-0.228283
-0.110350
0.006049
0.055487
0.048873
-0.040336
-0.170876
-0.217800
-0.200101
-0.138719
-0.062128
0.002266
0.023715
0.045402
0.078785
0.074392
0.036677
0.004843
-0.004941
0.021678
0.079300
0.096340
0.094988
0.122916
0.196193
0.283180
0.379828
0.532084
0.643991
0.543304
0.235596
-0.077279
-0.321746
-0.438646
-0.367059
-0.206108
-0.065473
0.060377
0.175658
0.172478
0.090917
-0.033434
-0.222342
-0.377392
-0.400941
-0.351138
-0.295558
-0.180674
-0.045761
0.028474
0.038941
0.002290
-0.097582
-0.172327
-0.182480
-0.176832
-0.130058
-0.055037
0.016592
0.048741
0.067096
0.053267
0.011929
-0.002373
0.014274
0.021929
0.037173
0.067686
0.079054
0.104050
0.162025
0.231254
0.268556
0.332094
0.478017
0.629977
0.587511
0.287148
-0.052513
-0.321259
-0.441491
-0.367748
-0.203550
-0.070030
0.036976
0.150823
0.169741
0.110887
-0.002457
-0.189163
-0.374895
-0.422701
-0.367982
-0.289773
-0.175476
-0.064222
0.010047
0.036817
0.018485
-0.072223
-0.166339
-0.194377
-0.182611
-0.129993
-0.050492
0.010145
0.038391
0.061245
0.059762
0.031103
0.009133
0.009742
0.014348
0.033023
0.065695
0.079521
0.105140
0.153492
0.200690
0.266628
0.361867
0.506589
0.652508
0.590371
0.260418
-0.077659
-0.317482
-0.429648
-0.354000
-0.194709
-0.073361
0.025732
0.148955
0.176648
0.111280
-0.000309
-0.188055
-0.370613
-0.422201
-0.372295
-0.293047
-0.186406
-0.076941
0.005932
0.047546
0.039066
-0.051654
-0.160160
-0.217067
-0.217078
-0.139723
-0.032786
0.036685
0.049764
0.056873
0.053757
0.031170
0.015593
-0.002147
-0.009340
0.022960
0.089828
0.098072
0.094614
0.124538
0.170450
0.220856
0.291665
0.423484
0.570953
0.610945
0.406480
0.090671
-0.171568
-0.354949
-0.403874
-0.304097
-0.160634
-0.031753
0.113660
0.191337
0.150494
0.045356
-0.101873
-0.286295
-0.398655
-0.387781
-0.347607
-0.258036
-0.117323
-0.000151
0.058205
0.047430
-0.019509
-0.123229
-0.178560
-0.188815
-0.165045
-0.099661
-0.031118
0.029618
0.069573
0.079119
0.048986
0.018295
0.013306
0.031328
0.041342
0.054250
0.060829
0.064401
0.110333
0.170836
0.230018
0.282781
0.383486
0.534511
0.622018
0.484429
0.163621
-0.119741
-0.317555
-0.392776
-0.316672
-0.175447
-0.052857
0.077515
0.180520
0.160653
0.071214
-0.063740
-0.249155
-0.381856
-0.387981
-0.348793
-0.282625
-0.153548
-0.023783
0.054493
0.061303
-0.001179
-0.113930
-0.180201
-0.172028
-0.153630
-0.110113
-0.041145
0.004951
0.031179
0.068830
0.073949
0.046363
0.031354
0.019341
0.009802
0.032107
0.065189
0.067873
0.103899
0.171375
0.216414
0.269019
0.370367
0.516753
0.610968
0.512186
0.223152
-0.068793
-0.276201
-0.376632
-0.340249
-0.214584
-0.081157
0.055338
0.180631
0.183771
0.090014
-0.039648
-0.204060
-0.344113
-0.374173
-0.339411
-0.290358
-0.190688
-0.067130
0.032993
0.071983
0.035899
-0.073741
-0.169769
-0.193518
-0.176794
-0.122623
-0.055509
-0.001203
0.040216
0.089505
0.092914
0.046061
0.006153
-0.012507
-0.014628
0.021278
0.077745
0.089916
0.107067
0.146301
0.201299
0.263247
0.323315
0.408814
0.522528
0.562973
0.369370
0.080209
-0.160854
-0.350199
-0.390356
-0.267760
-0.113618
-0.006019
0.111894
0.159452
0.107113
0.024504
-0.105655
-0.274740
-0.362046
-0.347593
-0.324013
-0.240233
-0.111231
-0.014393
0.034959
0.048805
-0.015755
-0.114328
-0.143965
-0.159815
-0.152529
-0.092954
-0.026839
0.011547
0.064181
0.091299
0.057353
0.031111
0.024398
0.016193
0.013294
0.058564
0.076360
0.085162
0.127320
0.181643
0.241752
0.292175
0.376472
0.485693
0.558923
0.443858
0.168376
-0.086660
-0.283656
-0.381701
-0.323211
-0.173331
-0.046432
0.077911
0.164114
0.144111
0.065386
-0.055052
-0.217620
-0.347886
-0.367102
-0.332438
-0.267492
-0.159993
-0.046029
0.031700
0.058166
0.016606
-0.084738
-0.154390
-0.173390
-0.164568
-0.112261
-0.034890
0.017099
0.057018
0.091905
0.072508
0.038697
0.024441
0.017626
0.016431
0.043692
0.061506
0.062224
0.104180
0.169779
0.216031
0.252425
0.297631
0.384614
0.497226
0.524388
0.345520
0.056692
-0.167102
-0.339612
-0.379350
-0.262842
-0.115584
-0.001500
0.115307
0.164148
0.108793
0.029667
-0.098021
-0.269780
-0.371742
-0.368910
-0.329618
-0.228852
-0.084571
0.002794
0.049678
0.053765
-0.022097
-0.121079
-0.159720
-0.171623
-0.160601
-0.097288
-0.022569
0.032211
0.083537
0.100317
0.054074
0.010409
-0.001167
0.009159
0.035910
0.063794
0.065278
0.081427
0.143043
0.204509
0.256546
0.289825
0.353860
0.448890
0.509629
0.403969
0.152062
-0.086452
-0.293658
-0.383910
-0.312185
-0.158003
-0.027037
0.086456
0.149250
0.116622
0.050518
-0.054215
-0.210662
-0.333258
-0.354660
-0.342261
-0.275906
-0.145121
-0.022318
0.050333
0.065749
0.018009
-0.090024
-0.157679
-0.171081
-0.154550
-0.105296
-0.044402
-0.000981
0.047596
0.098879
0.090336
0.046069
0.011286
0.006847
0.023517
0.055978
0.063453
0.053796
0.102068
0.187628
0.264087
0.279542
0.306748
0.393232
0.499654
0.481425
0.261446
-0.020533
-0.285532
-0.419285
-0.367726
-0.203764
-0.046780
0.068036
0.140015
0.138876
0.101039
0.009796
-0.150749
-0.315443
-0.385824
-0.366144
-0.283168
-0.161438
-0.048926
0.031443
0.065298
0.039319
-0.054540
-0.138460
-0.179763
-0.185603
-0.137672
-0.054298
0.019204
0.054217
0.068983
0.056798
0.033144
0.020800
0.021961
0.020250
0.036015
0.069719
0.085788
0.112591
0.156378
0.197504
0.247048
0.314671
0.407286
0.512827
0.523788
0.309140
0.001855
-0.276824
-0.441409
-0.411508
-0.243690
-0.056603
0.065566
0.159383
0.175553
0.115552
0.016025
-0.139953
-0.309777
-0.389708
-0.354085
-0.263350
-0.160865
-0.062847
0.003307
0.028733
0.047016
-0.003474
-0.108290
-0.180502
-0.200010
-0.166460
-0.084567
-0.000148
0.044282
0.061149
0.061501
0.039276
0.016201
0.029710
0.044872
0.041594
0.047911
0.057596
0.080062
0.129379
0.193590
0.202163
0.218451
0.296757
0.380964
0.475479
0.478439
0.251172
-0.049894
-0.286656
-0.418410
-0.375966
-0.198717
-0.028498
0.059436
0.143984
0.163208
0.096773
-0.004730
-0.157223
-0.322899
-0.393270
-0.345430
-0.256643
-0.148082
-0.035362
0.034582
0.052722
0.049493
-0.020256
-0.131979
-0.193847
-0.201432
-0.152735
-0.063794
0.011106
0.047588
0.070953
0.075540
0.045518
0.020570
0.028799
0.035273
0.041705
0.063603
0.069996
0.094019
0.160173
0.212797
0.235048
0.273488
0.313994
0.402467
0.497484
0.382858
0.075651
-0.222006
-0.417932
-0.440999
-0.273672
-0.063609
0.043483
0.111916
0.163489
0.126955
0.047610
-0.075746
-0.260395
-0.393524
-0.387638
-0.289531
-0.181156
-0.067212
0.023935
0.048580
0.046148
0.006695
-0.091343
-0.164469
-0.193236
-0.184751
-0.115410
-0.017716
0.044454
0.061025
0.071859
0.053954
0.016599
0.018981
0.036305
0.029296
0.036669
0.060731
0.078115
0.123345
0.195738
0.240489
0.249736
0.276144
0.348551
0.457975
0.464479
0.236869
-0.072146
-0.331662
-0.441670
-0.356867
-0.158621
-0.001497
0.077101
0.139998
0.145908
0.100282
0.000318
-0.164049
-0.339040
-0.401041
-0.332130
-0.226334
-0.118629
-0.019628
0.039693
0.052823
0.035784
-0.035125
-0.134776
-0.194080
-0.191379
-0.140530
-0.064870
0.012086
0.051974
0.056668
0.054531
0.046898
0.027483
0.027098
0.034238
0.026202
0.037238
0.077992
0.111765
0.151849
0.202150
0.227573
0.243503
0.288150
0.365643
0.436555
0.382805
0.150447
-0.125840
-0.337295
-0.400879
-0.305022
-0.128233
0.013242
0.093645
0.147764
0.127253
0.054590
-0.062548
-0.212609
-0.336616
-0.366296
-0.309232
-0.219055
-0.094415
0.018440
0.056978
0.044701
0.003765
-0.075896
-0.144204
-0.168537
-0.163729
-0.112642
-0.028919
0.028481
0.046223
0.060416
0.057877
0.033865
0.024110
0.032764
0.031525
0.035063
0.060350
0.094276
0.141442
0.179214
0.200568
0.220458
0.247376
0.293635
0.399163
0.475244
0.335266
0.039169
-0.238728
-0.415311
-0.402774
-0.226297
-0.043393
0.048689
0.110865
0.143932
0.109458
0.036431
-0.098074
-0.281900
-0.393031
-0.369339
-0.284818
-0.157136
-0.019302
0.050674
0.047906
0.023640
-0.019271
-0.099586
-0.152291
-0.178139
-0.172729
-0.099837
0.001371
0.060101
0.074460
0.075690
0.042654
0.015842
0.026867
0.049139
0.039573
0.051498
0.075883
0.110333
0.165037
0.194481
0.202239
0.199818
0.249057
0.338142
0.438095
0.439238
0.229806
-0.054479
-0.288116
-0.403771
-0.351749
-0.182720
-0.028221
0.058450
0.130174
0.144677
0.091318
-0.009807
-0.160996
-0.323037
-0.397110
-0.349232
-0.254952
-0.125121
0.006429
0.072694
0.066974
0.022473
-0.054025
-0.134415
-0.177730
-0.189934
-0.152731
-0.067248
0.030388
0.079691
0.095343
0.070573
0.020265
0.000395
0.020596
0.049370
0.058585
0.067034
0.080602
0.122508
0.182870
0.211131
0.201953
0.207498
0.270474
0.369067
0.466532
0.391307
0.124064
-0.164943
-0.361533
-0.395420
-0.282519
-0.103799
0.012350
0.080919
0.139284
0.135047
0.065694
-0.067319
-0.242454
-0.370701
-0.392883
-0.323192
-0.196191
-0.057863
0.047272
0.075749
0.055448
-0.010041
-0.098496
-0.152983
-0.178603
-0.168199
-0.112482
-0.029423
0.037755
0.079519
0.086575
0.062449
0.028870
0.022607
0.039846
0.046026
0.063055
0.079668
0.100533
0.134184
0.157649
0.187271
0.226756
0.286719
0.371540
0.478013
0.474492
0.245571
-0.060721
-0.326565
-0.460386
-0.395625
-0.191537
-0.008686
0.090631
0.157909
0.155093
0.095083
-0.008199
-0.159785
-0.333945
-0.426951
-0.394015
-0.287059
-0.127840
0.030383
0.110697
0.085448
0.021566
-0.059523
-0.144608
-0.184204
-0.185181
-0.152452
-0.077472
0.023650
0.076309
0.095111
0.085803
0.040474
0.010528
0.023319
0.041797
0.038613
0.060601
0.093345
0.116033
0.157172
0.204134
0.231396
0.246017
0.292105
0.358563
0.450048
0.408852
0.160774
-0.116433
-0.350737
-0.429777
-0.329934
-0.127213
0.014504
0.091786
0.153762
0.130282
0.060634
-0.054771
-0.222661
-0.385130
-0.424304
-0.362669
-0.228473
-0.048158
0.070279
0.090276
0.044656
-0.011705
-0.099491
-0.161345
-0.178790
-0.174974
-0.119118
-0.029905
0.043801
0.078505
0.082434
0.052102
0.019455
0.023594
0.060041
0.069071
0.064888
0.081305
0.087290
0.119603
0.174333
0.223666
0.248930
0.292574
0.396820
0.521841
0.514620
0.255392
-0.110911
-0.422026
-0.521934
-0.390925
-0.149068
0.031336
0.120389
0.169954
0.163371
0.113202
-0.009458
-0.201738
-0.398303
-0.472450
-0.405584
-0.245752
-0.067587
0.058243
0.096472
0.065011
0.015917
-0.072481
-0.162327
-0.211977
-0.214439
-0.156989
-0.057162
0.041756
0.097896
0.104706
0.071803
0.029813
0.003850
0.017880
0.042001
0.055963
0.070126
0.074351
0.100228
0.147892
0.208587
0.250660
0.284514
0.365053
0.482843
0.551821
0.391572
0.065813
-0.265140
-0.480506
-0.467947
-0.282095
-0.062260
0.064569
0.148324
0.182923
0.155890
0.066302
-0.107563
-0.314176
-0.454153
-0.454940
-0.345272
-0.167735
-0.007645
0.078891
0.082021
0.048051
-0.013846
-0.098691
-0.173437
-0.226461
-0.204558
-0.114891
0.009155
0.088170
0.106947
0.074098
0.021987
0.012311
0.035918
0.051403
0.042302
0.046698
0.059838
0.081839
0.124937
0.180070
0.206699
0.222452
0.278501
0.390061
0.545050
0.579545
0.342682
-0.015163
-0.341132
-0.504081
-0.442700
-0.232638
-0.044899
0.061739
0.159270
0.196899
0.162314
0.044176
-0.158563
-0.376791
-0.480954
-0.448725
-0.313038
-0.132315
0.021026
0.105197
0.093003
0.036034
-0.057326
-0.143227
-0.197385
-0.215241
-0.174835
-0.090905
0.011820
0.085539
0.115167
0.090014
0.037749
0.008329
0.014660
0.033205
0.048550
0.065141
0.075556
0.099150
0.146142
0.184751
0.208288
0.230351
0.316442
0.468147
0.595007
0.523647
0.225170
-0.116879
-0.387223
-0.477394
-0.373051
-0.182259
-0.024260
0.095322
0.182717
0.195854
0.130539
-0.025634
-0.238356
-0.415574
-0.479575
-0.427236
-0.269317
-0.085887
0.057283
0.112541
0.080813
0.010081
-0.077376
-0.151229
-0.204170
-0.209385
-0.164398
-0.066370
0.056093
0.115914
0.105792
0.059963
0.021364
0.013339
0.021434
0.037787
0.052241
0.067909
0.091846
0.112768
0.148779
0.178125
0.218479
0.266016
0.390487
0.559140
0.609349
0.414539
0.076395
-0.244603
-0.469059
-0.466529
-0.309719
-0.119897
0.021179
0.150947
0.218327
0.189587
0.085008
-0.112862
-0.335145
-0.470776
-0.463577
-0.370125
-0.209446
-0.037440
0.084670
0.119484
0.083394
-0.017513
-0.139564
-0.204589
-0.221911
-0.186255
-0.099462
0.001812
0.062686
0.087561
0.082556
0.038144
0.016694
0.021416
0.024776
0.035560
0.060133
0.081930
0.092536
0.113913
0.133364
0.166012
0.220759
0.295146
0.443723
0.603411
0.609546
0.367087
0.028100
-0.281483
-0.485476
-0.467426
-0.305280
-0.122466
0.041655
0.189411
0.232501
0.182389
0.057605
-0.159585
-0.369393
-0.473920
-0.476775
-0.384861
-0.189213
-0.001134
0.107648
0.133137
0.067861
-0.053848
-0.151856
-0.195864
-0.219033
-0.190985
-0.094085
0.007895
0.078762
0.106592
0.075736
0.020662
0.010220
0.025541
0.035113
0.039387
0.049787
0.060864
0.081757
0.129314
0.139738
0.160878
0.230208
0.299627
0.435843
0.594852
0.605279
0.353271
0.012110
-0.285953
-0.489966
-0.464133
-0.289247
-0.107305
0.042706
0.184237
0.233939
0.181171
0.051856
-0.170132
-0.389641
-0.492277
-0.464106
-0.362874
-0.185757
0.001772
0.101865
0.115230
0.056492
-0.045570
-0.149314
-0.207298
-0.225036
-0.191614
-0.094034
0.014464
0.075854
0.088376
0.068751
0.031213
0.011574
0.021191
0.039173
0.046201
0.053610
0.068254
0.074540
0.098651
0.140211
0.167487
0.202734
0.264113
0.402081
0.558637
0.610660
0.413929
0.082449
-0.232471
-0.460217
-0.478095
-0.333606
-0.138449
0.011036
0.144401
0.215928
0.192724
0.084300
-0.114588
-0.339443
-0.477250
-0.485724
-0.394885
-0.213162
-0.023058
0.095403
0.114475
0.056843
-0.038402
-0.126637
-0.186049
-0.216129
-0.196642
-0.113052
-0.001168
0.083059
0.110426
0.064726
0.012192
0.003752
0.027933
0.052158
0.050815
0.052189
0.065503
0.085350
0.132322
0.167109
0.184440
0.199679
0.249356
0.420270
0.599645
0.619240
0.361052
-0.015700
-0.340913
-0.507668
-0.437414
-0.258746
-0.092554
0.031759
0.153751
0.209814
0.190644
0.070139
-0.165153
-0.395751
-0.497543
-0.458401
-0.341563
-0.159448
0.006905
0.085820
0.099904
0.062329
-0.043009
-0.146541
-0.202770
-0.222291
-0.172292
-0.075034
0.014260
0.057607
0.088748
0.076863
0.030857
0.032321
0.038593
0.028658
0.034348
0.063789
0.076796
0.096811
0.142269
0.154072
0.174367
0.215880
0.297527
0.459362
0.624192
0.576972
0.266316
-0.081013
-0.361006
-0.493662
-0.412522
-0.225099
-0.074672
0.056721
0.192108
0.227624
0.165794
0.026866
-0.201611
-0.413046
-0.474577
-0.431675
-0.324641
-0.146107
0.023194
0.099780
0.105894
0.063922
-0.054874
-0.160420
-0.199152
-0.208897
-0.171156
-0.075305
0.009553
0.056221
0.100035
0.099452
0.047267
0.019064
0.026208
0.028953
0.040891
0.072666
0.074120
0.079626
0.146561
0.191130
0.213594
0.248234
0.344208
0.475477
0.574717
0.493486
0.177374
-0.156985
-0.406158
-0.479665
-0.363760
-0.152176
0.000744
0.096006
0.182498
0.194468
0.125299
-0.026685
-0.228395
-0.412134
-0.470882
-0.404359
-0.266106
-0.092858
0.048856
0.109054
0.083396
0.024424
-0.073084
-0.158678
-0.204723
-0.204351
-0.154871
-0.066499
0.027866
0.082964
0.106528
0.094037
0.053725
0.028808
0.032810
0.040788
0.045065
0.068520
0.086505
0.106520
0.149938
0.189850
0.219248
