0.143622
0.139017
0.154738
0.184282
0.234645
0.289782
0.315226
0.239613
0.013095
-0.249292
-0.445798
-0.548653
-0.458434
-0.224801
0.068329
0.307072
0.387037
0.356959
0.208850
0.014405
-0.098688
-0.158703
-0.197085
-0.198691
-0.218882
-0.230882
-0.203473
-0.119090
0.052229
0.220090
0.328751
0.352235
0.232173
0.020160
-0.184217
-0.329335
-0.373489
-0.300497
-0.166904
-0.025385
0.060885
0.085287
0.046241
-0.031779
-0.062223
-0.071291
-0.073826
-0.083135
-0.100152
-0.102339
-0.115596
-0.084980
-0.019599
0.019259
0.065820
0.084588
0.065112
0.058186
0.054854
0.078276
0.121838
0.148840
0.170411
0.159012
0.131507
0.139069
0.150393
0.182746
0.238737
0.297531
0.323111
0.207307
-0.045825
-0.291548
-0.488702
-0.553945
-0.416994
-0.162984
0.147753
0.343456
0.398507
0.344667
0.152340
-0.024738
-0.116398
-0.178522
-0.194556
-0.197096
-0.222680
-0.222099
-0.197527
-0.083897
0.099352
0.249395
0.353858
0.345541
0.186460
-0.031667
-0.232754
-0.362465
-0.373532
-0.274407
-0.131683
-0.001901
0.066500
0.084350
0.056644
-0.016365
-0.053120
-0.066430
-0.098139
-0.118413
-0.127835
-0.127394
-0.101197
-0.047706
0.020435
0.063343
0.072944
0.070834
0.055552
0.044029
0.062105
0.098484
0.138445
0.163589
0.169767
0.151147
0.131740
0.141377
0.171436
0.214798
0.265425
0.308972
0.289950
0.106349
-0.166006
-0.378540
-0.530501
-0.510448
-0.316953
-0.032170
0.249214
0.373572
0.384292
0.280558
0.073652
-0.073167
-0.138656
-0.193408
-0.200518
-0.210722
-0.228431
-0.212085
-0.157839
-0.005214
0.176905
0.298961
0.360982
0.292092
0.092862
-0.122213
-0.291110
-0.365193
-0.340249
-0.222518
-0.058799
0.034770
0.033967
0.020688
-0.004355
-0.032202
-0.025990
-0.012990
-0.034232
-0.097798
-0.145257
-0.155907
-0.144972
-0.069953
0.039340
0.103800
0.119594
0.100571
0.070773
0.048173
0.057952
0.110968
0.152729
0.155003
0.152637
0.147198
0.132026
0.145015
0.194246
0.249354
0.299187
0.320249
0.219533
-0.030443
-0.296781
-0.484860
-0.546313
-0.431845
-0.179503
0.138635
0.342466
0.396075
0.348595
0.172108
-0.015267
-0.118176
-0.172284
-0.191865
-0.204013
-0.226799
-0.222803
-0.198094
-0.095719
0.094422
0.253723
0.351284
0.349313
0.201226
-0.022046
-0.227726
-0.355841
-0.368816
-0.285554
-0.141010
-0.012345
0.033346
0.037695
0.030956
0.009800
-0.006515
-0.010250
-0.034390
-0.100268
-0.156461
-0.177954
-0.157193
-0.082014
0.016709
0.099459
0.124535
0.094657
0.064851
0.041445
0.039861
0.083871
0.133025
0.158291
0.159399
0.142866
0.137514
0.143331
0.170724
0.226798
0.271025
0.306551
0.289023
0.117507
-0.147222
-0.373647
-0.521004
-0.509852
-0.338347
-0.056933
0.231997
0.365273
0.386210
0.292977
0.095665
-0.056794
-0.138220
-0.187854
-0.201758
-0.220123
-0.232830
-0.216567
-0.165548
-0.016805
0.167534
0.298417
0.362021
0.300182
0.111938
-0.108219
-0.286131
-0.367345
-0.348190
-0.234972
-0.088302
0.016069
0.072397
0.060407
0.027053
-0.019565
-0.060240
-0.055624
-0.092679
-0.125124
-0.123497
-0.135501
-0.090259
-0.026455
0.026928
0.083756
0.082864
0.071001
0.071023
0.049227
0.071416
0.115506
0.143850
0.169598
0.163456
0.151732
0.157871
0.163385
0.196046
0.236336
0.271708
0.298841
0.213078
-0.021455
-0.266070
-0.453571
-0.536498
-0.431357
-0.196744
0.110739
0.327181
0.392997
0.359176
0.186959
-0.008186
-0.118934
-0.180846
-0.206765
-0.206677
-0.217559
-0.212190
-0.184471
-0.089223
0.084746
0.236137
0.333291
0.338851
0.205235
-0.011395
-0.211866
-0.346716
-0.374949
-0.293057
-0.149244
-0.007642
0.077226
0.078637
0.020440
-0.024616
-0.060069
-0.067003
-0.065083
-0.092914
-0.100920
-0.125036
-0.127421
-0.065675
-0.018036
0.046815
0.099282
0.083112
0.067959
0.050031
0.042178
0.083516
0.125027
0.160652
0.172899
0.140915
0.126474
0.136739
0.151919
0.207079
0.267632
0.307752
0.308997
0.178188
-0.084489
-0.329418
-0.504143
-0.542607
-0.389756
-0.135453
0.165451
0.355915
0.390617
0.326692
0.151037
-0.029023
-0.122629
-0.180396
-0.210124
-0.215914
-0.239043
-0.230944
-0.180300
-0.060376
0.126024
0.280230
0.357248
0.329239
0.164582
-0.061767
-0.251419
-0.364801
-0.368013
-0.266379
-0.125302
0.002047
0.079821
0.072128
0.029560
-0.007583
-0.048109
-0.055998
-0.076647
-0.111994
-0.122141
-0.142589
-0.117672
-0.048390
0.003093
0.067419
0.096021
0.073651
0.059807
0.043946
0.048307
0.090467
0.129707
0.157366
0.158516
0.134742
0.126066
0.134927
0.153605
0.216615
0.275845
0.309205
0.303346
0.166291
-0.094147
-0.337166
-0.498108
-0.526731
-0.374539
-0.121114
0.171196
0.352172
0.380591
0.319795
0.149759
-0.025204
-0.116889
-0.174767
-0.209219
-0.219719
-0.242373
-0.229203
-0.172380
-0.049631
0.138464
0.286054
0.354159
0.320802
0.154354
-0.067987
-0.251621
-0.357590
-0.355996
-0.254385
-0.115753
0.003782
0.065142
0.066728
0.047621
0.012483
-0.023209
-0.037305
-0.072213
-0.122315
-0.147855
-0.158164
-0.126491
-0.052873
0.020072
0.083289
0.101390
0.074983
0.049684
0.028875
0.034689
0.075901
0.114057
0.142696
0.149675
0.130832
0.114650
0.125484
0.156851
0.208436
0.258407
0.299026
0.319743
0.229569
0.016761
-0.240471
-0.436492
-0.531651
-0.461573
-0.238851
0.043030
0.284580
0.386205
0.371669
0.243226
0.057034
-0.077417
-0.156388
-0.211597
-0.230795
-0.241141
-0.242845
-0.197563
-0.098796
0.068686
0.235814
0.336788
0.348656
0.233880
0.023928
-0.179927
-0.321724
-0.362205
-0.305425
-0.184425
-0.029143
0.061434
0.092417
0.103456
0.069075
0.012288
-0.061133
-0.123922
-0.175368
-0.213990
-0.182349
-0.108441
-0.031147
0.054170
0.103138
0.091669
0.043069
-0.003712
-0.017596
0.003356
0.052983
0.115297
0.154148
0.161877
0.152559
0.132725
0.119232
0.137269
0.178205
0.221967
0.264757
0.296450
0.291630
0.180285
-0.072036
-0.299322
-0.461680
-0.522199
-0.394610
-0.159853
0.128639
0.325423
0.380849
0.348484
0.189144
0.000119
-0.103584
-0.181609
-0.228907
-0.233746
-0.245288
-0.220161
-0.164822
-0.047574
0.133097
0.268828
0.336225
0.318356
0.164024
-0.047899
-0.230713
-0.339988
-0.350346
-0.271923
-0.129135
0.008369
0.080727
0.089495
0.071647
0.025716
-0.032510
-0.063166
-0.099179
-0.141988
-0.160067
-0.153462
-0.114097
-0.053592
0.015245
0.075491
0.085843
0.061517
0.035673
0.010683
0.015161
0.056999
0.099497
0.134731
0.146707
0.140840
0.125856
0.112805
0.140700
0.188008
0.233464
0.276077
0.302656
0.285340
0.154226
-0.104574
-0.326371
-0.479915
-0.524761
-0.376321
-0.134866
0.152225
0.340115
0.384637
0.340939
0.171524
-0.016845
-0.114435
-0.194412
-0.236778
-0.234725
-0.246881
-0.217183
-0.155026
-0.033961
0.147307
0.274607
0.335918
0.307726
0.142109
-0.071300
-0.245384
-0.349670
-0.340437
-0.256710
-0.121159
0.020028
0.098156
0.124117
0.060863
-0.011660
-0.065737
-0.121933
-0.135523
-0.153156
-0.138529
-0.102336
-0.082997
-0.017451
0.020826
0.032454
0.060669
0.041303
0.024466
0.028423
0.032311
0.076608
0.118327
0.144418
0.166174
0.142798
0.122950
0.127681
0.138277
0.182231
0.233591
0.277130
0.314653
0.271126
0.076769
-0.184859
-0.399147
-0.528577
-0.496259
-0.306542
-0.018440
0.248132
0.374722
0.386870
0.277567
0.081749
-0.069518
-0.152586
-0.208091
-0.223632
-0.230816
-0.233107
-0.204298
-0.129133
0.022463
0.195220
0.308643
0.346793
0.264505
0.065544
-0.145947
-0.302467
-0.363863
-0.315010
-0.200300
-0.050904
0.065871
0.097186
0.099940
0.050888
-0.015625
-0.059949
-0.112822
-0.147426
-0.181428
-0.180617
-0.125287
-0.069429
0.010555
0.076026
0.085625
0.066952
0.023434
-0.006486
-0.001947
0.026799
0.086885
0.139983
0.159975
0.163498
0.143536
0.117846
0.129692
0.164661
0.208654
0.258883
0.293890
0.308010
0.226531
-0.020916
-0.264458
-0.446095
-0.541479
-0.439469
-0.216387
0.079293
0.310090
0.383398
0.367570
0.224822
0.020519
-0.093553
-0.168211
-0.221484
-0.223806
-0.238169
-0.227478
-0.182996
-0.086377
0.090665
0.246577
0.329994
0.337912
0.207139
-0.008142
-0.203606
-0.331410
-0.354077
-0.278684
-0.147550
-0.010465
0.079187
0.080231
0.062131
0.022676
-0.036353
-0.053648
-0.089695
-0.126754
-0.148424
-0.166651
-0.123567
-0.063608
0.002703
0.079348
0.092140
0.070681
0.044973
0.011846
0.019554
0.054129
0.100579
0.152057
0.156796
0.141130
0.125965
0.115220
0.142671
0.187242
0.237386
0.285246
0.313009
0.288662
0.138395
-0.129316
-0.350745
-0.497436
-0.517926
-0.354211
-0.098184
0.189632
0.354496
0.386179
0.325508
0.144338
-0.029319
-0.119842
-0.191947
-0.223971
-0.231582
-0.243509
-0.212531
-0.152799
-0.016249
0.167535
0.291627
0.347700
0.300633
0.122512
-0.090549
-0.264172
-0.351332
-0.329137
-0.234593
-0.093510
0.038617
0.084882
0.094805
0.084326
0.010319
-0.057170
-0.104026
-0.149768
-0.171428
-0.175585
-0.124992
-0.052671
-0.001629
0.064492
0.088068
0.051472
0.029132
0.012785
0.014212
0.046459
0.088924
0.140566
0.163631
0.151779
0.145620
0.127840
0.124587
0.166520
0.211609
0.257997
0.299823
0.312041
0.221485
-0.030218
-0.276893
-0.453547
-0.536353
-0.432335
-0.199148
0.099708
0.313696
0.381404
0.362637
0.209040
0.012706
-0.093517
-0.170160
-0.216822
-0.225109
-0.242215
-0.224972
-0.184781
-0.079878
0.105442
0.251328
0.333832
0.335743
0.192946
-0.020153
-0.214395
-0.336854
-0.350478
-0.277827
-0.146640
-0.004922
0.063651
0.065882
0.052002
0.006477
-0.035431
-0.047825
-0.073308
-0.110424
-0.148380
-0.160553
-0.129226
-0.080223
-0.003123
0.075704
0.094911
0.080562
0.057204
0.029854
0.028836
0.059323
0.107431
0.148774
0.155848
0.147052
0.133373
0.123295
0.142316
0.193858
0.240662
0.280854
0.310643
0.247553
0.032155
-0.231408
-0.423018
-0.526550
-0.464268
-0.254103
0.040135
0.281371
0.367505
0.363308
0.236861
0.039553
-0.084815
-0.152600
-0.200820
-0.212658
-0.229465
-0.227801
-0.197423
-0.118219
0.053254
0.218551
0.315675
0.340417
0.232920
0.024674
-0.177386
-0.317688
-0.352996
-0.293677
-0.174966
-0.036134
0.041780
0.057246
0.053717
0.032542
0.001925
-0.027265
-0.065201
-0.120593
-0.172888
-0.187287
-0.153933
-0.081599
0.009485
0.085915
0.112232
0.084989
0.042426
0.018403
0.019512
0.050598
0.103289
0.145933
0.155651
0.144286
0.131117
0.139268
0.166572
0.204044
0.248366
0.286712
0.297723
0.233582
0.029419
-0.228544
-0.415104
-0.523515
-0.458673
-0.250629
0.026734
0.278683
0.375248
0.365117
0.246215
0.051416
-0.083788
-0.157407
-0.211319
-0.220417
-0.233546
-0.232014
-0.189509
-0.107868
0.055301
0.221709
0.319727
0.339654
0.232495
0.028508
-0.173266
-0.317596
-0.355602
-0.294531
-0.179311
-0.044714
0.042712
0.060736
0.049337
0.026747
-0.004381
-0.030727
-0.057485
-0.103165
-0.151287
-0.174322
-0.151056
-0.086391
-0.008968
0.067515
0.108612
0.090990
0.059743
0.039667
0.034368
0.057644
0.099795
0.137202
0.151505
0.141816
0.129788
0.139137
0.160232
0.199837
0.250354
0.280540
0.302892
0.240866
0.026925
-0.224449
-0.420276
-0.526792
-0.457471
-0.253177
0.035757
0.286095
0.375317
0.369216
0.243926
0.043745
-0.084437
-0.159065
-0.207848
-0.213984
-0.229593
-0.226372
-0.188933
-0.110008
0.056422
0.221715
0.319557
0.342085
0.234342
0.028214
-0.173871
-0.317566
-0.354930
-0.292897
-0.173736
-0.030787
0.066580
0.090864
0.091066
0.029100
-0.053874
-0.087731
-0.123638
-0.143348
-0.147068
-0.131001
-0.076516
-0.039595
0.010548
0.059747
0.047663
0.039114
0.034984
0.026372
0.045843
0.075744
0.116739
0.158108
0.160392
0.149791
0.138611
0.119729
0.143511
0.191779
0.237264
0.291167
0.322596
0.271632
0.048002
-0.231631
-0.430328
-0.545901
-0.480810
-0.262264
0.046332
0.297092
0.383778
0.377925
0.246512
0.036965
-0.085700
-0.151776
-0.201955
-0.210638
-0.232821
-0.232865
-0.204785
-0.128008
0.056398
0.228935
0.329198
0.363394
0.248380
0.029933
-0.178951
-0.329163
-0.361569
-0.297398
-0.173863
-0.028500
0.058151
0.083006
0.084885
0.063146
0.009130
-0.056834
-0.110857
-0.169671
-0.202147
-0.186119
-0.125754
-0.029294
0.046407
0.093736
0.099265
0.038790
-0.003475
-0.007661
0.008081
0.062631
0.117237
0.154407
0.163521
0.140081
0.128648
0.130822
0.143650
0.189720
0.244268
0.279249
0.301729
0.285108
0.122608
-0.147771
-0.361635
-0.507933
-0.506369
-0.345092
-0.077056
0.215525
0.357708
0.382584
0.317010
0.124442
-0.043095
-0.125783
-0.198105
-0.224259
-0.237680
-0.247479
-0.211172
-0.151952
-0.005525
0.184392
0.300125
0.350472
0.295324
0.104896
-0.108859
-0.279674
-0.357725
-0.327134
-0.227615
-0.084482
0.045741
0.100017
0.068810
0.036016
-0.004227
-0.063664
-0.083114
-0.114908
-0.138033
-0.143690
-0.146189
-0.082555
-0.025534
0.014836
0.082840
0.076899
0.042155
0.033943
0.019327
0.042905
0.083589
0.122863
0.164002
0.149310
0.126721
0.129961
0.130206
0.163000
0.222534
0.276261
0.315854
0.324553
0.206771
-0.071213
-0.324684
-0.506796
-0.555629
-0.418282
-0.163465
0.160675
0.359034
0.399222
0.356819
0.178740
-0.019643
-0.113681
-0.184099
-0.216831
-0.226139
-0.253069
-0.231738
-0.186885
-0.069685
0.134721
0.285738
0.362447
0.345605
0.173097
-0.055599
-0.253593
-0.366937
-0.354036
-0.260365
-0.122408
0.011456
0.057078
0.054144
0.045578
0.013640
-0.008261
-0.026280
-0.065515
-0.121559
-0.177061
-0.186906
-0.145748
-0.071244
0.025644
0.099063
0.112327
0.080074
0.041326
0.020181
0.028234
0.068093
0.118951
0.152604
0.150767
0.132347
0.112469
0.115120
0.147940
0.209795
0.266488
0.299889
0.317599
0.244814
-0.002025
-0.258908
-0.440847
-0.537887
-0.448290
-0.237731
0.065715
0.295239
0.363104
0.365686
0.232430
0.032974
-0.074398
-0.150026
-0.205084
-0.218972
-0.250762
-0.238788
-0.203802
-0.113196
0.080597
0.240741
0.331278
0.350718
0.220086
0.007052
-0.192246
-0.328506
-0.348012
-0.284424
-0.160577
-0.020388
0.063414
0.074969
0.052020
0.021514
-0.022366
-0.046119
-0.081412
-0.129819
-0.152950
-0.170402
-0.137720
-0.065959
-0.003385
0.068251
0.091947
0.064962
0.040312
0.012660
0.019124
0.059360
0.098237
0.147110
0.157428
0.135311
0.120303
0.114185
0.132656
0.180864
0.236883
0.276684
0.303528
0.290033
0.139722
-0.124719
-0.336751
-0.490048
-0.504904
-0.357031
-0.107795
0.184081
0.328772
0.371792
0.323527
0.138029
-0.020455
-0.106566
-0.187447
-0.213373
-0.234344
-0.248254
-0.213068
-0.165531
-0.022359
0.164158
0.279081
0.344697
0.298085
0.119372
-0.083837
-0.257349
-0.342110
-0.317746
-0.235751
-0.096807
0.017808
0.054087
0.071554
0.068302
0.035031
-0.034010
-0.085569
-0.125126
-0.180314
-0.186043
-0.147354
-0.073837
0.005089
0.057961
0.097933
0.066601
0.013750
0.014393
0.016405
0.042807
0.098059
0.136830
0.160268
0.153364
0.132809
0.130634
0.128366
0.152101
0.210459
0.249654
0.281305
0.298547
0.221783
-0.010877
-0.253672
-0.427560
-0.515058
-0.425398
-0.219717
0.073455
0.290995
0.354894
0.351064
0.219597
0.025444
-0.079483
-0.151500
-0.204115
-0.214630
-0.239362
-0.224515
-0.184456
-0.096016
0.087235
0.238892
0.316058
0.329419
0.204086
-0.003178
-0.189510
-0.315633
-0.333004
-0.269327
-0.157897
-0.030029
0.030523
0.034355
0.032961
0.021070
0.001777
-0.009155
-0.033550
-0.092163
-0.151011
-0.180188
-0.160098
-0.095349
-0.011818
0.074453
0.113441
0.091043
0.064125
0.040301
0.031672
0.060177
0.102746
0.134160
0.142535
0.129262
0.115203
0.118320
0.141196
0.193068
0.248795
0.280737
0.309705
0.264796
0.085838
-0.163548
-0.370339
-0.494134
-0.479050
-0.310313
-0.048342
0.209355
0.336926
0.362891
0.281760
0.107635
-0.034409
-0.119664
-0.182600
-0.213488
-0.232586
-0.240034
-0.210958
-0.142329
0.008307
0.179534
0.293379
0.335857
0.266678
0.085233
-0.115144
-0.268683
-0.332797
-0.305437
-0.213411
-0.088934
-0.009672
0.021984
0.036045
0.037113
0.034254
0.014610
-0.009158
-0.065858
-0.147503
-0.185762
-0.184561
-0.132731
-0.034132
0.054937
0.115520
0.113189
0.073799
0.047531
0.029449
0.042534
0.086764
0.120232
0.139543
0.139029
0.128161
0.128285
0.140868
0.170202
0.219802
0.254273
0.278592
0.274191
0.163986
-0.060384
-0.283848
-0.434578
-0.486455
-0.377696
-0.155512
0.110986
0.294936
0.347409
0.316498
0.173486
0.004459
-0.094043
-0.157876
-0.200176
-0.212895
-0.227649
-0.213584
-0.167361
-0.061726
0.107367
0.242995
0.311726
0.297652
0.160827
-0.035935
-0.207314
-0.309101
-0.316486
-0.251072
-0.141386
-0.047612
-0.000047
0.018504
0.026724
0.033358
0.025363
0.017606
-0.022159
-0.105200
-0.164741
-0.189908
-0.164584
-0.079999
0.015498
0.098648
0.126728
0.100941
0.073711
0.046231
0.038878
0.070279
0.105331
0.134261
0.140266
0.132254
0.130288
0.139097
0.163731
0.207022
0.244264
0.271311
0.277036
0.188788
-0.018956
-0.244306
-0.404819
-0.477427
-0.395861
-0.192196
0.066697
0.263105
0.331466
0.314182
0.188866
0.023772
-0.078522
-0.139805
-0.183590
-0.197782
-0.214607
-0.211385
-0.176737
-0.088813
0.068458
0.209027
0.288647
0.294612
0.181769
-0.001436
-0.173192
-0.283938
-0.310409
-0.259133
-0.164332
-0.075287
-0.019244
-0.003340
0.016185
0.035646
0.032299
0.031873
-0.008116
-0.090069
-0.155561
-0.195862
-0.171006
-0.089527
0.002919
0.095477
0.127364
0.100089
0.071753
0.041659
0.036020
0.068084
0.105691
0.138124
0.144821
0.136169
0.134910
0.140101
0.157303
0.197886
0.234136
0.266939
0.293017
0.224131
0.022039
-0.231080
-0.413467
-0.506711
-0.446709
-0.232042
0.045232
0.273285
0.356022
0.334261
0.205912
0.020187
-0.092618
-0.142841
-0.179612
-0.187495
-0.202339
-0.216202
-0.196221
-0.121050
0.035646
0.193817
0.289286
0.314994
0.215453
0.021796
-0.163418
-0.289437
-0.321327
-0.269937
-0.152157
-0.028177
0.029290
0.052654
0.031133
-0.032940
-0.058355
-0.067393
-0.069057
-0.085188
-0.108451
-0.094429
-0.099894
-0.080521
-0.010885
0.017319
0.038278
0.051269
0.032790
0.033919
0.045298
0.082903
0.133656
0.148218
0.154335
0.142081
0.106002
0.100848
0.129862
0.169494
0.227735
0.280692
0.308296
0.299103
0.183769
-0.085590
-0.320834
-0.477422
-0.537465
-0.391569
-0.157374
0.134289
0.338148
0.370311
0.338830
0.184413
-0.012830
-0.099231
-0.170987
-0.224710
-0.222730
-0.252562
-0.234405
-0.174560
-0.067361
0.125649
0.271697
0.334598
0.326176
0.166194
-0.050969
-0.227561
-0.340432
-0.345576
-0.264220
-0.129936
0.007955
0.089130
0.123995
0.109832
0.030902
-0.061259
-0.122324
-0.170720
-0.206548
-0.179856
-0.113813
-0.051596
0.017178
0.062682
0.065235
0.039436
0.002541
-0.006950
-0.003253
0.020855
0.081984
0.127299
0.146046
0.153953
0.136757
0.111245
0.106757
0.131842
0.178508
0.226750
0.263633
0.289436
0.284005
0.177742
-0.054931
-0.272864
-0.430724
-0.497059
-0.387203
-0.175311
0.096333
0.291585
0.347387
0.328399
0.182245
0.005358
-0.082489
-0.155922
-0.196502
-0.198465
-0.222522
-0.212297
-0.171785
-0.079406
0.089565
0.222494
0.294570
0.294874
0.165058
-0.022422
-0.182927
-0.292555
-0.304635
-0.251484
-0.171669
-0.062762
0.000913
0.030416
0.066350
0.064727
0.048608
0.016027
-0.054303
-0.126832
-0.181880
-0.185789
-0.129220
-0.053068
0.031078
0.092015
0.091626
0.060537
0.033322
0.020367
0.038948
0.078278
0.117453
0.138579
0.134719
0.117441
0.103019
0.107005
0.143298
0.195704
0.239069
0.277490
0.297500
0.281086
0.160227
-0.108267
-0.319111
-0.467805
-0.523085
-0.375721
-0.145913
0.143337
0.329394
0.366688
0.343965
0.178122
-0.012891
-0.095045
-0.180527
-0.228579
-0.226534
-0.250606
-0.219997
-0.164860
-0.052904
0.138802
0.261926
0.322798
0.314134
0.150822
-0.052690
-0.219899
-0.334419
-0.340059
-0.256486
-0.125989
0.016924
0.087807
0.110656
0.094047
0.018294
-0.038981
-0.093987
-0.153604
-0.178858
-0.171687
-0.130314
-0.075988
-0.005747
0.056396
0.072791
0.063364
0.033185
0.002369
-0.003556
0.020880
0.076614
0.124521
0.154423
0.166489
0.143871
0.112714
0.108494
0.123943
0.166227
0.230731
0.272646
0.305934
0.266983
0.083228
-0.162941
-0.364646
-0.487956
-0.462747
-0.296534
-0.040619
0.213169
0.323887
0.347275
0.270007
0.095381
-0.032143
-0.110958
-0.175935
-0.201200
-0.226558
-0.237714
-0.207198
-0.144187
0.006685
0.175699
0.280554
0.326909
0.257667
0.078729
-0.108939
-0.258446
-0.320587
-0.286773
-0.203761
-0.078721
0.010542
0.031414
0.033336
0.022216
0.006779
-0.010521
-0.032269
-0.069338
-0.122289
-0.156567
-0.153754
-0.110955
-0.042726
0.031972
0.088624
0.089678
0.063703
0.045667
0.034394
0.050419
0.087575
0.124531
0.143940
0.134310
0.121119
0.114193
0.123778
0.164962
0.224901
0.260248
0.292534
0.292015
0.155963
-0.091495
-0.314449
-0.460987
-0.497894
-0.373309
-0.129364
0.148740
0.307286
0.356787
0.317196
0.153149
-0.007470
-0.096784
-0.161511
-0.197559
-0.217586
-0.231791
-0.215598
-0.176832
-0.054701
0.122618
0.249866
0.322974
0.300974
0.151551
-0.048114
-0.220939
-0.317560
-0.311759
-0.244481
-0.121288
-0.000395
0.049936
0.078462
0.080675
0.015466
-0.058735
-0.095944
-0.129698
-0.156775
-0.152527
-0.107996
-0.047163
-0.012177
0.033228
0.060076
0.025628
0.012947
0.023848
0.026598
0.056609
0.095671
0.133335
0.156606
0.143601
0.133600
0.115100
0.102353
0.140009
0.190598
0.231524
0.278335
0.304593
0.237127
0.009111
-0.239432
-0.408216
-0.513735
-0.441555
-0.231009
0.050063
0.269198
0.345025
0.349816
0.226408
0.033857
-0.068658
-0.137805
-0.197959
-0.209800
-0.233178
-0.228272
-0.196275
-0.115899
0.064306
0.213910
0.299453
0.330561
0.217129
0.018124
-0.165511
-0.300604
-0.329053
-0.277031
-0.170793
-0.030104
0.045654
0.071495
0.089055
0.041464
-0.034331
-0.082565
-0.128220
-0.159881
-0.165132
-0.136926
-0.072429
-0.024220
0.021780
0.063202
0.042434
0.013295
0.010186
0.007668
0.031031
0.074152
0.114447
0.146865
0.148095
0.140744
0.131660
0.116288
0.130842
0.167400
0.205979
0.238401
0.269915
0.271006
0.136834
-0.110833
-0.306969
-0.452913
-0.484227
-0.348151
-0.110461
0.164227
0.306012
0.347158
0.307781
0.128262
-0.028115
-0.103649
-0.176241
-0.201621
-0.211503
-0.223866
-0.198177
-0.163001
-0.038601
0.135146
0.242059
0.312165
0.287805
0.128470
-0.061846
-0.226969
-0.317545
-0.306995
-0.236909
-0.107039
0.011066
0.062992
0.075006
0.035121
-0.016264
-0.056746
-0.083933
-0.103145
-0.125344
-0.124893
-0.112254
-0.084813
-0.031718
0.010305
0.046970
0.059283
0.043750
0.036241
0.030922
0.046090
0.087442
0.122053
0.151678
0.154507
0.132378
0.120827
0.125949
0.148052
0.196373
0.241574
0.277906
0.296091
0.196971
-0.040715
-0.271811
-0.441338
-0.508077
-0.401722
-0.180009
0.107673
0.303034
0.356303
0.335516
0.183026
0.001969
-0.091423
-0.159316
-0.196889
-0.203365
-0.225628
-0.213694
-0.179749
-0.085440
0.091734
0.232623
0.314499
0.320513
0.186657
-0.013942
-0.195632
-0.315601
-0.326073
-0.259667
-0.142441
-0.010500
0.041688
0.042037
0.034901
0.004478
-0.015567
-0.028838
-0.054943
-0.092820
-0.141459
-0.156076
-0.129983
-0.079424
0.000689
0.072047
0.096261
0.081980
0.052687
0.035556
0.038585
0.066631
0.113435
0.146580
0.148293
0.138262
0.127800
0.129953
0.150005
0.194322
0.236700
0.267082
0.287294
0.218215
0.003705
-0.241070
-0.408413
-0.495028
-0.422646
-0.214732
0.065509
0.284103
0.352646
0.343030
0.214531
0.027060
-0.084886
-0.146581
-0.188598
-0.197950
-0.214889
-0.208318
-0.179171
-0.103871
0.063123
0.213930
0.302361
0.323710
0.215269
0.020847
-0.167562
-0.299072
-0.323824
-0.268484
-0.161406
-0.022953
0.048714
0.043677
0.029365
0.002323
-0.024348
-0.035323
-0.049410
-0.073713
-0.116588
-0.143672
-0.122209
-0.082685
-0.022246
0.055605
0.092597
0.082244
0.060904
0.043625
0.043376
0.066537
0.109409
0.148103
0.150726
0.138130
0.128644
0.127022
0.144157
0.185227
0.233573
0.266282
0.285530
0.248170
0.069343
-0.184791
-0.364080
-0.479652
-0.450473
-0.271499
-0.015108
0.240160
0.340519
0.347128
0.266016
0.077762
-0.058813
-0.123704
-0.182565
-0.196342
-0.210661
-0.218552
-0.183286
-0.129821
0.014949
0.184802
0.281215
0.323140
0.255914
0.073369
-0.115820
-0.267008
-0.322919
-0.289280
-0.199239
-0.065309
0.018131
0.040376
0.042094
0.022216
0.003334
-0.017955
-0.032298
-0.066690
-0.124299
-0.146016
-0.141274
-0.104144
-0.026325
0.044018
0.094884
0.096944
0.064650
0.048849
0.036660
0.051034
0.097854
0.129537
0.148869
0.144687
0.128142
0.127926
0.141089
0.168611
0.211724
0.242244
0.265702
0.263279
0.159689
-0.066453
-0.277953
-0.422378
-0.474884
-0.361472
-0.145707
0.120838
0.299904
0.345595
0.315990
0.170291
-0.003430
-0.096378
-0.159025
-0.197614
-0.200404
-0.214322
-0.196657
-0.154142
-0.059018
0.106019
0.235418
0.301272
0.296374
0.164478
-0.026950
-0.195577
-0.302172
-0.309820
-0.248926
-0.126183
-0.008376
0.049439
0.069659
0.068177
0.033978
-0.041018
-0.080657
-0.110452
-0.152718
-0.148275
-0.117589
-0.063674
-0.004260
0.036750
0.074457
0.058335
0.023813
0.028288
0.030403
0.050084
0.097075
0.131868
0.156830
0.154323
0.138840
0.131582
0.126664
0.149669
0.194414
0.230395
0.263783
0.278790
0.231079
0.040153
-0.206108
-0.369076
-0.477607
-0.430404
-0.243670
0.012153
0.251294
0.336091
0.338868
0.249530
0.059032
-0.065651
-0.127059
-0.190369
-0.198785
-0.212095
-0.213364
-0.172265
-0.113659
0.037725
0.196970
0.277516
0.314005
0.234753
0.048965
-0.129398
-0.270033
-0.317882
-0.282768
-0.185054
-0.058244
0.017278
0.042444
0.043270
0.033206
0.003408
-0.021365
-0.030786
-0.083339
-0.130972
-0.146897
-0.144227
-0.090831
-0.020559
0.048971
0.101110
0.085683
0.063589
0.049297
0.029049
0.055199
0.097098
0.125290
0.148477
0.135322
0.122192
0.124091
0.129792
0.167302
0.220653
0.250420
0.282400
0.273659
0.149159
-0.077059
-0.299662
-0.436747
-0.476482
-0.363695
-0.132987
0.127979
0.295806
0.342059
0.306357
0.160493
-0.002657
-0.093538
-0.152585
-0.192079
-0.204414
-0.217658
-0.203257
-0.161462
-0.060257
0.104368
0.228506
0.291170
0.278595
0.144239
-0.040369
-0.199802
-0.294257
-0.292553
-0.219007
-0.111258
-0.013092
0.021671
0.026293
0.023470
0.001559
-0.007502
-0.013471
-0.044139
-0.090894
-0.135903
-0.149036
-0.125817
-0.067963
0.011105
0.073314
0.091790
0.077946
0.055616
0.041609
0.044284
0.074237
0.114015
0.136707
0.138013
0.126383
0.114061
0.120470
0.146417
0.189320
0.230373
0.259054
0.275698
0.212263
0.012243
-0.213981
-0.378837
-0.476997
-0.417252
-0.232981
0.022407
0.241725
0.322508
0.329803
0.222565
0.046629
-0.064154
-0.135050
-0.187026
-0.197881
-0.216320
-0.211341
-0.181403
-0.113317
0.039937
0.183622
0.271945
0.302025
0.212560
0.036840
-0.140627
-0.279837
-0.325559
-0.275766
-0.178173
-0.057946
0.014559
0.030434
0.038146
0.017728
-0.005787
-0.009981
-0.036412
-0.078113
-0.124360
-0.158730
-0.145832
-0.099002
-0.025706
0.059230
0.097647
0.092207
0.069980
0.040010
0.030317
0.050627
0.087917
0.126258
0.140293
0.134799
0.123269
0.118312
0.135989
0.171827
0.214434
0.252159
0.280891
0.243991
0.073662
-0.170288
-0.354690
-0.473018
-0.453428
-0.277467
-0.031714
0.213925
0.323120
0.329079
0.247292
0.069734
-0.061208
-0.121989
-0.174313
-0.185888
-0.196494
-0.211798
-0.188405
-0.139345
-0.009788
0.152298
0.253239
0.301697
0.245805
0.077511
-0.104674
-0.250665
-0.322468
-0.290714
-0.196367
-0.081898
0.002863
0.018594
0.017129
0.010412
-0.011933
-0.009780
-0.013029
-0.052612
-0.097774
-0.141743
-0.154900
-0.118670
-0.057013
0.027687
0.089510
0.095789
0.083450
0.061665
0.044465
0.056764
0.085381
0.117187
0.133614
0.129296
0.123815
0.128923
0.139238
0.167101
0.208759
0.239760
0.265865
0.243614
0.078042
-0.165133
-0.342441
-0.461294
-0.439294
-0.272153
-0.027665
0.222266
0.317031
0.315708
0.238433
0.053189
-0.075488
-0.125132
-0.171084
-0.171793
-0.181682
-0.197010
-0.175346
-0.142138
-0.020465
0.138683
0.229612
0.279483
0.229709
0.066658
-0.105935
-0.245250
-0.299962
-0.259304
-0.178240
-0.070656
0.003053
0.009973
0.006347
0.002395
-0.005974
-0.003683
-0.007654
-0.042447
-0.098793
-0.144759
-0.153275
-0.112999
-0.044858
0.035293
0.095950
0.099549
0.076151
0.058716
0.039372
0.046599
0.083497
0.118176
0.141527
0.139071
0.130422
0.138261
0.144394
0.176931
0.220676
0.254896
0.280007
0.208078
-0.007586
-0.239631
-0.414661
-0.500255
-0.411217
-0.203598
0.074213
0.287390
0.347342
0.325399
0.184899
0.002023
-0.097734
-0.155042
-0.183557
-0.181290
-0.202729
-0.202735
-0.180992
-0.112732
0.044621
0.192886
0.286898
0.313369
0.206638
0.018575
-0.167789
-0.311860
-0.340309
-0.273197
-0.157684
-0.018841
0.060201
0.078675
0.069930
0.035532
-0.016584
-0.086041
-0.129101
-0.149833
-0.161452
-0.138021
-0.081999
-0.007133
0.041569
0.067356
0.072012
0.022848
-0.011007
0.002144
0.026579
0.072421
0.118150
0.150197
0.159580
0.133664
0.120379
0.121409
0.123849
0.166996
0.217748
0.247387
0.276095
0.232032
0.050633
-0.186340
-0.368237
-0.468833
-0.430235
-0.260654
-0.004388
0.226230
0.313772
0.320045
0.230245
0.060946
-0.056443
-0.120552
-0.166154
-0.181543
-0.204814
-0.211388
-0.185463
-0.133747
0.005273
0.160503
0.252320
0.291435
0.222070
0.058145
-0.114579
-0.252431
-0.297129
-0.256608
-0.175308
-0.069868
0.002294
0.021900
0.025182
0.017664
0.003286
-0.003861
-0.017865
-0.058825
-0.106255
-0.141850
-0.143087
-0.098125
-0.036697
0.033361
0.084851
0.084618
0.070712
0.058007
0.044486
0.058745
0.085845
0.113210
0.136436
0.135270
0.129690
0.129925
0.137438
0.172770
0.206343
0.238966
0.271142
0.218561
0.036120
-0.198169
-0.369134
-0.469694
-0.424554
-0.235709
0.020911
0.241265
0.326646
0.320434
0.211358
0.036216
-0.078533
-0.131171
-0.167247
-0.172509
-0.182327
-0.191706
-0.176660
-0.124835
0.008671
0.154329
0.248184
0.285993
0.215638
0.048356
-0.125581
-0.255171
-0.297526
-0.258684
-0.175017
-0.064257
0.006149
0.017369
0.029325
0.026034
0.013583
0.009852
-0.011877
-0.055438
-0.113957
-0.152835
-0.137096
-0.093746
-0.022007
0.063025
0.104677
0.101691
0.081346
0.057621
0.042632
0.053330
0.091727
0.129747
0.142610
0.141793
0.142111
0.140290
0.149811
0.181350
0.219651
0.263162
0.250808
0.118661
-0.111664
-0.317937
-0.448945
-0.462936
-0.308868
-0.065958
0.186029
0.323773
0.336500
0.255308
0.085843
-0.060222
-0.125711
-0.159543
-0.165700
-0.165814
-0.182022
-0.174885
-0.140691
-0.040826
0.109465
0.222646
0.279445
0.245188
0.100781
-0.075175
-0.223593
-0.301502
-0.283455
-0.199631
-0.083814
0.011327
0.044047
0.042476
0.029508
0.003690
-0.010236
-0.021598
-0.052604
-0.091087
-0.123179
-0.128280
-0.093168
-0.034679
0.037292
0.091072
0.100330
0.082102
0.057550
0.038223
0.045985
0.081414
0.120279
0.146121
0.150377
0.137973
0.138824
0.147062
0.172446
0.211138
0.257959
0.266835
0.168825
-0.048439
-0.269486
-0.418178
-0.480761
-0.361665
-0.134461
0.121344
0.303217
0.342587
0.290153
0.139240
-0.027412
-0.110245
-0.150860
-0.171627
-0.165800
-0.182253
-0.184280
-0.154962
-0.074656
0.073018
0.201332
0.272058
0.270035
0.149432
-0.028385
-0.186840
-0.286331
-0.294465
-0.229519
-0.121952
-0.016360
0.035362
0.042150
0.035671
0.012424
-0.008243
-0.018317
-0.045469
-0.084774
-0.118159
-0.128395
-0.103719
-0.052736
0.014742
0.074556
0.094493
0.083526
0.064672
0.046942
0.046117
0.072428
0.111746
0.138448
0.147505
0.137571
0.130324
0.135829
0.155201
0.193790
0.244819
0.274019
0.218912
0.024427
-0.212961
-0.380749
-0.484523
-0.415047
-0.209800
0.048350
0.268067
0.338982
0.314131
0.189574
0.008325
-0.093595
-0.138142
-0.167341
-0.160932
-0.176124
-0.187690
-0.168176
-0.114526
0.024696
0.167461
0.254096
0.285080
0.197550
0.026085
-0.140191
-0.264811
-0.297239
-0.251401
-0.155155
-0.039204
0.029856
0.049204
0.047701
0.022710
-0.011121
-0.029820
-0.048985
-0.084240
-0.111763
-0.119846
-0.099613
-0.055204
-0.000998
0.055414
0.080745
0.068053
0.056488
0.043585
0.039759
0.066215
0.103269
0.136117
0.151691
0.143393
0.136699
0.132113
0.142652
0.174889
0.209771
0.253298
0.264893
0.129326
-0.108333
-0.298406
-0.448085
-0.462650
-0.319468
-0.077650
0.190664
0.313257
0.337243
0.269375
0.083266
-0.057367
-0.116818
-0.159862
-0.156829
-0.166800
-0.183279
-0.172744
-0.156822
-0.047871
0.108303
0.212968
0.284918
0.255837
0.110314
-0.061186
-0.217618
-0.292428
-0.280466
-0.211408
-0.085270
0.011006
0.046197
0.056420
0.040763
0.004942
-0.026398
-0.041337
-0.067792
-0.102960
-0.116429
-0.107827
-0.073863
-0.025890
0.030272
0.075218
0.072953
0.058338
0.051888
0.037133
0.049455
0.085525
0.120161
0.146427
0.143295
0.132685
0.132281
0.126063
0.157658
0.198416
0.231288
0.277144
0.229733
0.034717
-0.188850
-0.368330
-0.470362
-0.413654
-0.234997
0.037126
0.250905
0.321174
0.325129
0.201551
0.024294
-0.073603
-0.132573
-0.158734
-0.161177
-0.185989
-0.183868
-0.174677
-0.122718
0.023932
0.161578
0.253186
0.291523
0.206125
0.044061
-0.127011
-0.255745
-0.285703
-0.250826
-0.162752
-0.043739
0.022796
0.043273
0.046675
0.028875
0.000040
-0.027529
-0.050233
-0.082005
-0.117830
-0.126784
-0.101939
-0.055270
-0.001631
0.053678
0.080052
0.063794
0.047390
0.041365
0.037361
0.061739
0.100400
0.135364
0.149131
0.137635
0.128752
0.128461
0.136412
0.173765
0.215635
0.255256
0.286371
0.191035
-0.040281
-0.254614
-0.427463
-0.489853
-0.382030
-0.165145
0.119237
0.295269
0.342292
0.314073
0.150933
-0.015345
-0.094411
-0.151607
-0.165761
-0.172513
-0.199389
-0.191186
-0.175235
-0.090728
0.074853
0.201999
0.287209
0.291958
0.163340
-0.011725
-0.183362
-0.290514
-0.290170
-0.237042
-0.127970
-0.008020
0.048815
0.076568
0.084650
0.068086
0.045447
-0.028419
-0.128225
-0.191562
-0.225476
-0.188357
-0.090564
0.018745
0.116893
0.138239
0.096082
0.029672
-0.044312
-0.053898
-0.005194
0.060723
0.130373
0.166393
0.162921
0.135452
0.106906
0.108376
0.136631
0.181729
0.229971
0.267371
0.277120
0.211442
-0.003882
-0.231889
-0.390574
-0.480417
-0.400416
-0.214046
0.047021
0.253471
0.316091
0.316782
0.205527
0.035376
-0.056392
-0.123816
-0.172650
-0.186345
-0.222295
-0.219210
-0.193029
-0.119786
0.047304
0.190443
0.276314
0.304214
0.199742
0.027256
-0.142375
-0.269304
-0.292849
-0.247335
-0.159995
-0.045935
0.019260
0.051256
0.072251
0.072270
0.043533
-0.013226
-0.075969
-0.152518
-0.196772
-0.189786
-0.132685
-0.033232
0.044016
0.099237
0.103834
0.040420
0.002101
-0.016014
-0.008055
0.046499
0.090828
0.128809
0.147868
0.123656
0.108928
0.101819
0.114867
0.172143
0.212394
0.239485
0.269257
0.250106
0.130063
-0.098027
-0.293333
-0.413897
-0.455788
-0.339147
-0.123476
0.119340
0.271429
0.315259
0.290704
0.152359
-0.001976
-0.081933
-0.150826
-0.193202
-0.206544
-0.225522
-0.199984
-0.152972
-0.050550
0.115778
0.221142
0.275011
0.259567
0.121088
-0.045038
-0.192369
-0.281673
-0.270597
-0.222415
-0.124193
-0.014231
0.023990
0.049674
0.062806
0.041011
0.013682
-0.027389
-0.068732
-0.118457
-0.162403
-0.151694
-0.105601
-0.046909
0.026310
0.081041
0.085967
0.059239
0.038698
0.026302
0.029980
0.061016
0.103634
0.134391
0.135907
0.120920
0.114587
0.117435
0.140951
0.184377
0.224587
0.262606
0.272507
0.161420
-0.074645
-0.278589
-0.428917
-0.470697
-0.351858
-0.137323
0.131528
0.286113
0.321026
0.289588
0.136135
-0.019001
-0.091045
-0.149346
-0.167820
-0.180681
-0.207867
-0.189584
-0.164999
-0.072777
0.094363
0.208805
0.278638
0.267623
0.132410
-0.036001
-0.197208
-0.287929
-0.274335
-0.219960
-0.114440
-0.009834
0.025858
0.040328
0.041592
0.021866
0.003785
-0.017129
-0.046670
-0.096566
-0.143291
-0.147036
-0.110867
-0.053993
0.019773
0.081954
0.095092
0.072772
0.054315
0.036096
0.036899
0.067888
0.108822
0.139589
0.141055
0.128779
0.127663
0.133333
0.163031
0.206155
0.252916
0.282385
0.206158
0.002070
-0.230853
-0.401816
-0.483390
-0.403362
-0.191270
0.071513
0.272893
0.338528
0.308315
0.173042
0.005090
-0.093123
-0.140854
-0.163968
-0.166501
-0.185245
-0.193736
-0.174763
-0.105479
0.038808
0.180457
0.270224
0.288165
0.186718
0.012960
-0.158444
-0.277280
-0.294974
-0.231604
-0.120781
0.000430
0.056613
0.029999
0.008640
-0.016057
-0.042346
-0.034045
-0.034167
-0.043802
-0.083676
-0.128333
-0.113673
-0.090481
-0.040854
0.046617
0.083787
0.081252
0.065689
0.040522
0.040747
0.058028
0.094994
0.142068
0.148223
0.131845
0.130921
0.129118
0.147072
0.191936
0.238015
0.295783
0.261425
0.070015
-0.165738
-0.370794
-0.502783
-0.457710
-0.270683
0.005512
0.254187
0.351253
0.353711
0.228699
0.035130
-0.078335
-0.140969
-0.169800
-0.158733
-0.176762
-0.193456
-0.186376
-0.145129
-0.006553
0.147500
0.258166
0.317709
0.242791
0.069773
-0.113169
-0.265667
-0.314458
-0.267119
-0.169823
-0.043375
0.035961
0.048040
0.045905
0.021750
-0.005817
-0.014972
-0.031998
-0.061152
-0.105425
-0.142889
-0.132279
-0.089870
-0.027153
0.051320
0.095848
0.088012
0.065294
0.040050
0.026501
0.045413
0.086142
0.132242
0.153950
0.140097
0.126629
0.125957
0.141094
0.176656
0.218028
0.264361
0.275764
0.137894
-0.102468
-0.299481
-0.454627
-0.473043
-0.325790
-0.083262
0.186992
0.319273
0.343814
0.275856
0.091224
-0.051686
-0.113576
-0.159371
-0.156757
-0.164410
-0.185957
-0.184838
-0.168801
-0.060941
0.100197
0.216949
0.299548
0.278937
0.132000
-0.048340
-0.212712
-0.298171
-0.280174
-0.200463
-0.070144
0.036979
0.077119
0.083884
0.027454
-0.019985
-0.064466
-0.114401
-0.119025
-0.130317
-0.108944
-0.073859
-0.042856
0.019799
0.036157
0.038824
0.040188
-0.000171
0.002547
0.025032
0.052114
0.112684
0.147676
0.166101
0.159427
0.119891
0.114035
0.125429
0.150693
0.206147
0.252510
0.295733
0.238208
0.003035
-0.221279
-0.406007
-0.500712
-0.410915
-0.209949
0.083642
0.284986
0.340230
0.333474
0.180625
0.001196
-0.079430
-0.141990
-0.157300
-0.161498
-0.196618
-0.190442
-0.195904
-0.129770
0.043094
0.175782
0.283650
0.319400
0.207648
0.038648
-0.150940
-0.280160
-0.294123
-0.250174
-0.133273
-0.006495
0.040503
0.060992
0.055882
0.036708
0.020019
-0.021209
-0.055338
-0.115355
-0.180756
-0.184336
-0.145533
-0.063183
0.030218
0.098944
0.120432
0.065510
0.007417
-0.018066
-0.021977
0.028483
0.094734
0.143735
0.167132
0.145350
0.118401
0.105631
0.114307
0.166462
0.214072
0.251358
0.292537
0.263511
0.061953
-0.184151
-0.363697
-0.483315
-0.440289
-0.268779
0.003788
0.242396
0.320870
0.334411
0.241277
0.054902
-0.053362
-0.109680
-0.156295
-0.165942
-0.201133
-0.211275
-0.197714
-0.157450
-0.001314
0.163804
0.261563
0.317811
0.246921
0.074927
-0.104578
-0.252900
-0.297237
-0.259899
-0.172860
-0.048402
0.025820
0.041158
0.043696
0.033716
0.013797
-0.005537
-0.030612
-0.074480
-0.124392
-0.156145
-0.143845
-0.088878
-0.021807
0.050777
0.094721
0.075665
0.042043
0.019669
0.010386
0.040013
0.084239
0.129416
0.154243
0.137684
0.115863
0.102293
0.106688
0.145051
0.194014
0.239192
0.289749
0.281181
0.111479
-0.133474
-0.330958
-0.470725
-0.461623
-0.309113
-0.052229
0.202324
0.311098
0.337319
0.261585
0.083055
-0.038743
-0.102245
-0.150449
-0.159436
-0.189027
-0.208649
-0.198757
-0.168343
-0.034263
0.133255
0.242468
0.312084
0.262909
0.103836
-0.073542
-0.232583
-0.295931
-0.264530
-0.185317
-0.056572
0.037515
0.070863
0.062461
0.005256
-0.033150
-0.057883
-0.077554
-0.081506
-0.091720
-0.091594
-0.087621
-0.067190
-0.025470
0.002446
0.034605
0.047797
0.033480
0.033551
0.035778
0.056547
0.096804
0.128295
0.158971
0.147306
0.108439
0.098644
0.102265
0.139170
0.198971
0.252432
0.323858
0.300493
0.090695
-0.152647
-0.370284
-0.512029
-0.474068
-0.301612
-0.009799
0.236204
0.333167
0.363215
0.248705
0.061752
-0.041444
-0.115205
-0.153395
-0.162673
-0.202912
