-0.149069
-0.177313
-0.203387
-0.216126
-0.269538
-0.307330
-0.292853
-0.240597
-0.188884
-0.152002
-0.158275
-0.180246
-0.200965
-0.233816
-0.267830
-0.293142
-0.321936
-0.336247
-0.297917
-0.229234
-0.158745
-0.084200
0.021804
0.153831
0.263949
0.320829
0.266525
0.079005
-0.113865
-0.212056
-0.194911
-0.127615
-0.067032
-0.066963
-0.107716
-0.141567
-0.166610
-0.199975
-0.240226
-0.280715
-0.304404
-0.288512
-0.259162
-0.211747
-0.177060
-0.163441
-0.181595
-0.201634
-0.240870
-0.274745
-0.307318
-0.328909
-0.334690
-0.284723
-0.212133
-0.136892
-0.069376
0.042518
0.183096
0.286865
0.321939
0.229589
0.033443
-0.132606
-0.218987
-0.202126
-0.121205
-0.063683
-0.076453
-0.116111
-0.148273
-0.173960
-0.196214
-0.239663
-0.293356
-0.306951
-0.280854
-0.227698
-0.163673
-0.139401
-0.153857
-0.172770
-0.191916
-0.228246
-0.265507
-0.308972
-0.344126
-0.335362
-0.272153
-0.194034
-0.137150
-0.092852
-0.002103
0.146083
0.265794
0.322377
0.277603
0.080419
-0.122560
-0.210040
-0.184847
-0.112794
-0.057430
-0.080273
-0.133357
-0.159963
-0.164684
-0.182388
-0.225677
-0.288588
-0.322285
-0.302473
-0.258196
-0.205871
-0.168418
-0.165969
-0.183537
-0.201612
-0.244001
-0.284848
-0.311685
-0.327936
-0.320928
-0.264640
-0.198153
-0.139452
-0.073403
0.040945
0.186836
0.294890
0.327077
0.227673
0.013777
-0.163582
-0.226746
-0.192731
-0.120852
-0.073717
-0.085155
-0.113555
-0.136107
-0.161803
-0.211236
-0.260124
-0.295903
-0.296590
-0.270955
-0.230449
-0.192408
-0.163571
-0.156651
-0.163818
-0.187982
-0.237235
-0.286779
-0.328064
-0.346350
-0.321806
-0.252651
-0.185222
-0.135731
-0.078485
0.034825
0.180716
0.271587
0.301025
0.221280
0.027406
-0.142942
-0.193465
-0.160625
-0.107776
-0.071857
-0.099034
-0.135998
-0.150239
-0.166280
-0.204780
-0.253127
-0.305847
-0.310542
-0.279109
-0.243641
-0.214306
-0.184282
-0.179267
-0.182689
-0.204019
-0.250220
-0.295287
-0.321756
-0.335666
-0.313223
-0.258428
-0.201459
-0.148515
-0.080723
0.036962
0.182834
0.276737
0.305503
0.222681
0.025228
-0.147290
-0.220809
-0.196782
-0.127724
-0.072548
-0.087548
-0.129025
-0.161521
-0.178812
-0.211396
-0.246729
-0.288237
-0.299765
-0.279555
-0.236054
-0.187100
-0.154130
-0.157196
-0.177058
-0.211547
-0.260186
-0.291994
-0.318066
-0.334988
-0.325168
-0.277895
-0.217247
-0.149668
-0.076812
0.038575
0.161324
0.239683
0.272933
0.229557
0.071352
-0.098522
-0.186776
-0.190688
-0.135777
-0.071137
-0.080012
-0.134158
-0.168101
-0.192510
-0.214488
-0.238324
-0.279795
-0.309894
-0.298605
-0.272646
-0.228092
-0.185602
-0.172628
-0.187070
-0.214155
-0.256873
-0.288930
-0.311858
-0.335946
-0.331849
-0.281146
-0.208574
-0.140139
-0.069319
0.033536
0.157065
0.244898
0.282608
0.222332
0.051806
-0.118078
-0.195105
-0.201019
-0.143560
-0.080668
-0.083099
-0.135016
-0.171797
-0.197678
-0.218939
-0.245679
-0.283213
-0.304270
-0.282733
-0.239458
-0.190581
-0.160988
-0.163416
-0.182087
-0.209981
-0.246578
-0.279902
-0.314552
-0.337865
-0.329343
-0.274151
-0.212430
-0.158633
-0.087620
0.030810
0.157483
0.240285
0.273962
0.221340
0.052431
-0.093827
-0.172794
-0.165218
-0.112250
-0.086773
-0.111393
-0.139214
-0.163287
-0.182710
-0.208222
-0.250795
-0.303218
-0.314186
-0.287801
-0.258071
-0.222929
-0.198560
-0.188897
-0.190190
-0.206666
-0.242097
-0.280921
-0.324252
-0.340247
-0.317747
-0.260283
-0.199496
-0.142490
-0.081450
0.034957
0.156795
0.232181
0.276816
0.233782
0.063610
-0.108308
-0.201583
-0.209504
-0.142874
-0.078424
-0.086497
-0.134504
-0.172678
-0.198731
-0.212945
-0.231923
-0.276905
-0.303354
-0.292810
-0.259134
-0.204619
-0.160066
-0.160707
-0.181305
-0.210611
-0.244960
-0.279219
-0.316236
-0.345051
-0.331114
-0.273040
-0.205245
-0.140921
-0.065300
0.050046
0.159796
0.224971
0.270408
0.233646
0.060956
-0.095544
-0.182128
-0.188400
-0.130548
-0.067684
-0.086819
-0.136356
-0.178778
-0.201606
-0.218272
-0.244831
-0.295843
-0.314473
-0.296787
-0.266173
-0.217512
-0.181629
-0.177219
-0.191379
-0.219825
-0.258346
-0.287222
-0.320162
-0.338950
-0.319622
-0.259936
-0.196241
-0.130733
-0.054525
0.064895
0.167081
0.233216
0.278917
0.219214
0.034795
-0.114928
-0.179706
-0.170079
-0.107843
-0.075431
-0.113471
-0.157996
-0.175110
-0.185241
-0.197134
-0.242084
-0.300049
-0.313638
-0.281485
-0.234584
-0.182596
-0.159016
-0.164975
-0.183724
-0.208101
-0.239051
-0.278858
-0.321670
-0.344015
-0.315317
-0.249866
-0.180918
-0.121144
-0.035287
0.089343
0.189354
0.235789
0.270518
0.206155
0.038808
-0.102046
-0.163290
-0.159158
-0.098259
-0.068357
-0.095527
-0.138815
-0.166705
-0.191133
-0.212171
-0.253172
-0.295980
-0.294886
-0.270131
-0.243978
-0.203704
-0.174837
-0.172838
-0.185120
-0.213580
-0.253647
-0.288983
-0.309887
-0.317548
-0.287555
-0.233725
-0.172371
-0.101245
0.009563
0.135196
0.212928
0.261715
0.283001
0.174952
0.001413
-0.136779
-0.194529
-0.156497
-0.069463
-0.046010
-0.078187
-0.138882
-0.185267
-0.204312
-0.211232
-0.253820
-0.289437
-0.292680
-0.268501
-0.216048
-0.161046
-0.138632
-0.145186
-0.171170
-0.211538
-0.251220
-0.291224
-0.317264
-0.310985
-0.258817
-0.196543
-0.133145
-0.062976
0.053889
0.159617
0.221492
0.270098
0.269821
0.123497
-0.045905
-0.143147
-0.159460
-0.105893
-0.035888
-0.049895
-0.119629
-0.172468
-0.188573
-0.190821
-0.205288
-0.262256
-0.304103
-0.298008
-0.265782
-0.213785
-0.170485
-0.162814
-0.181693
-0.198428
-0.224607
-0.256796
-0.286247
-0.309829
-0.295352
-0.236593
-0.171658
-0.102766
-0.003538
0.122531
0.206313
0.255368
0.280626
0.198802
0.042105
-0.087502
-0.156634
-0.163520
-0.107184
-0.057714
-0.067313
-0.116295
-0.164269
-0.195129
-0.219256
-0.246925
-0.280034
-0.285520
-0.267473
-0.224489
-0.175364
-0.148245
-0.155257
-0.176319
-0.206071
-0.247903
-0.287482
-0.314645
-0.315407
-0.271165
-0.210557
-0.150516
-0.071015
0.048540
0.153454
0.218316
0.284561
0.294123
0.147844
-0.032350
-0.158846
-0.194489
-0.127578
-0.036791
-0.036398
-0.099442
-0.161892
-0.205461
-0.214301
-0.223753
-0.257979
-0.285750
-0.284422
-0.277223
-0.233653
-0.191816
-0.168735
-0.173170
-0.191479
-0.232733
-0.269767
-0.307661
-0.330818
-0.311176
-0.251137
-0.184125
-0.107535
-0.004332
0.116044
0.186190
0.243877
0.305853
0.235224
0.038838
-0.111164
-0.189722
-0.182953
-0.093598
-0.048277
-0.080395
-0.139470
-0.176692
-0.192372
-0.197325
-0.241651
-0.295877
-0.311324
-0.286691
-0.240504
-0.187302
-0.166988
-0.173016
-0.182552
-0.208087
-0.254872
-0.302865
-0.341819
-0.332890
-0.273535
-0.203095
-0.137887
-0.052103
0.064711
0.150635
0.227902
0.303148
0.293055
0.126314
-0.067013
-0.215962
-0.215831
-0.103820
-0.024604
-0.059571
-0.132414
-0.197978
-0.204434
-0.185350
-0.204578
-0.273404
-0.322000
-0.337531
-0.301043
-0.236845
-0.192152
-0.177864
-0.182974
-0.207550
-0.244401
-0.285729
-0.333479
-0.347536
-0.314281
-0.246753
-0.164050
-0.065752
0.055146
0.148699
0.196768
0.269999
0.296591
0.170375
-0.020135
-0.181886
-0.245517
-0.165735
-0.051342
-0.032562
-0.089463
-0.175370
-0.220661
-0.219360
-0.216184
-0.266239
-0.311337
-0.326081
-0.295051
-0.228129
-0.169721
-0.169250
-0.191745
-0.212510
-0.243082
-0.274541
-0.315802
-0.348867
-0.327810
-0.262365
-0.183610
-0.099547
0.008027
0.109998
0.172714
0.241445
0.303072
0.220062
0.025597
-0.141258
-0.218879
-0.175642
-0.082701
-0.044066
-0.095730
-0.161910
-0.204085
-0.205290
-0.212571
-0.258239
-0.319649
-0.344635
-0.334121
-0.277399
-0.213951
-0.189306
-0.195841
-0.203987
-0.234852
-0.276365
-0.313359
-0.340144
-0.328965
-0.271529
-0.193443
-0.108435
0.016245
0.128194
0.184427
0.236860
0.291354
0.198739
0.023071
-0.131106
-0.214439
-0.192290
-0.112226
-0.069630
-0.086640
-0.136055
-0.185956
-0.212071
-0.234668
-0.277447
-0.317535
-0.325453
-0.313608
-0.256259
-0.198953
-0.181011
-0.194341
-0.201534
-0.234378
-0.264186
-0.304360
-0.341339
-0.336924
-0.278574
-0.208278
-0.109688
0.019631
0.133956
0.175705
0.217579
0.276701
0.225841
0.045087
-0.115990
-0.221963
-0.205841
-0.103940
-0.042788
-0.072447
-0.138612
-0.206354
-0.234910
-0.233290
-0.259379
-0.308599
-0.342279
-0.345820
-0.302720
-0.224490
-0.190903
-0.188312
-0.207287
-0.247799
-0.288083
-0.302446
-0.324192
-0.317752
-0.269331
-0.194931
-0.097191
0.050030
0.145733
0.170322
0.225210
0.278009
0.181594
0.013671
-0.138823
-0.225990
-0.205348
-0.110452
-0.049631
-0.081627
-0.148336
-0.201200
-0.218995
-0.234945
-0.274448
-0.318738
-0.335061
-0.318701
-0.252706
-0.193679
-0.179459
-0.193634
-0.206721
-0.243563
-0.277744
-0.315173
-0.340249
-0.321995
-0.253694
-0.174683
-0.078050
0.046818
0.132745
0.178073
0.243471
0.297487
0.179570
-0.007885
-0.165982
-0.238243
-0.182081
-0.075956
-0.041972
-0.094692
-0.161793
-0.210711
-0.210795
-0.224163
-0.266189
-0.330024
-0.355959
-0.352235
-0.281107
-0.208747
-0.177505
-0.188898
-0.205085
-0.254172
-0.288746
-0.318796
-0.333311
-0.320891
-0.255442
-0.172768
-0.046784
0.094265
0.160123
0.174029
0.242124
0.272385
0.136487
-0.048722
-0.199550
-0.248775
-0.164877
-0.049454
-0.041516
-0.102446
-0.186227
-0.228741
-0.230857
-0.233638
-0.287156
-0.329150
-0.337667
-0.304876
-0.234935
-0.181728
-0.189874
-0.208043
-0.224487
-0.260033
-0.286645
-0.316871
-0.341311
-0.315558
-0.230954
-0.144166
-0.023088
0.092561
0.148805
0.197827
0.283445
0.267626
0.097224
-0.103388
-0.241220
-0.239807
-0.122481
-0.032586
-0.058972
-0.147851
-0.216257
-0.221752
-0.206897
-0.230137
-0.295431
-0.347391
-0.359697
-0.315609
-0.246233
-0.199514
-0.198212
-0.205568
-0.228783
-0.265216
-0.303145
-0.337174
-0.349969
-0.307189
-0.219686
-0.121965
-0.000941
0.105631
0.146468
0.189388
0.266953
0.248099
0.078768
-0.101595
-0.221215
-0.236470
-0.136822
-0.042330
-0.061096
-0.132331
-0.199181
-0.225464
-0.231814
-0.253421
-0.304303
-0.334979
-0.330776
-0.281922
-0.215260
-0.186126
-0.198269
-0.210270
-0.231722
-0.270512
-0.303104
-0.338673
-0.341660
-0.293617
-0.214895
-0.129455
0.006177
0.121191
0.165779
0.207079
0.273155
0.230321
0.062087
-0.123085
-0.244456
-0.229115
-0.106380
-0.020658
-0.044306
-0.138951
-0.223961
-0.238047
-0.222522
-0.239891
-0.292962
-0.348650
-0.360668
-0.310228
-0.223268
-0.172997
-0.174057
-0.204161
-0.251950
-0.288778
-0.303507
-0.321224
-0.318531
-0.283263
-0.211535
-0.105845
0.043987
0.146406
0.172879
0.211785
0.269241
0.195834
0.043895
-0.118780
-0.222898
-0.221261
-0.109805
-0.042207
-0.053655
-0.129618
-0.216104
-0.251289
-0.247494
-0.264325
-0.295285
-0.309897
-0.312021
-0.265281
-0.203525
-0.176604
-0.184187
-0.194238
-0.238519
-0.276726
-0.309999
-0.329850
-0.316048
-0.251130
-0.174033
-0.080926
0.045407
0.135916
0.191009
0.261031
0.299663
0.184655
-0.011371
-0.181477
-0.243676
-0.176909
-0.051414
-0.011793
-0.068616
-0.163978
-0.225655
-0.233496
-0.225083
-0.252349
-0.296567
-0.331069
-0.325252
-0.267625
-0.201706
-0.177514
-0.190112
-0.206215
-0.245247
-0.280914
-0.310161
-0.332064
-0.314252
-0.246241
-0.169265
-0.069106
0.065216
0.148850
0.178470
0.232516
0.281994
0.191656
0.018767
-0.135694
-0.222265
-0.192901
-0.093477
-0.039563
-0.078640
-0.151315
-0.210251
-0.219474
-0.230368
-0.263069
-0.302079
-0.313272
-0.303187
-0.242707
-0.187994
-0.174564
-0.185824
-0.194922
-0.235835
-0.272118
-0.308042
-0.332333
-0.318077
-0.251346
-0.172202
-0.063777
0.070499
0.142397
0.190615
0.262029
0.295285
0.176937
-0.009865
-0.180861
-0.242305
-0.156126
-0.035766
-0.013791
-0.081379
-0.176102
-0.222610
-0.215514
-0.219297
-0.270229
-0.336937
-0.366940
-0.336880
-0.250914
-0.185247
-0.165842
-0.184095
-0.214371
-0.259648
-0.282665
-0.308083
-0.310900
-0.287550
-0.218624
-0.134157
0.000635
0.125842
0.176910
0.194529
0.276100
0.259595
0.121276
-0.071987
-0.203652
-0.228807
-0.133956
-0.039525
-0.027446
-0.095067
-0.180836
-0.220877
-0.218759
-0.226601
-0.269213
-0.301650
-0.323209
-0.286417
-0.222680
-0.174868
-0.176841
-0.179723
-0.209531
-0.244518
-0.279589
-0.312293
-0.322325
-0.275272
-0.199914
-0.110609
0.010974
0.128201
0.184451
0.223358
0.296240
0.264884
0.093090
-0.086314
-0.208755
-0.210554
-0.102114
-0.011617
-0.036500
-0.119144
-0.187020
-0.202751
-0.195619
-0.209336
-0.275548
-0.329726
-0.342698
-0.287492
-0.211964
-0.169594
-0.177432
-0.188375
-0.215924
-0.248741
-0.277330
-0.304715
-0.308747
-0.265674
-0.182258
-0.083105
0.054580
0.162276
0.200704
0.245883
0.299761
0.216268
0.045090
-0.128986
-0.224270
-0.184765
-0.064044
-0.002975
-0.036248
-0.123601
-0.197365
-0.213422
-0.198653
-0.232115
-0.288552
-0.318595
-0.307200
-0.239422
-0.167564
-0.156463
-0.181006
-0.196951
-0.222206
-0.246391
-0.279429
-0.315160
-0.309782
-0.242851
-0.160702
-0.058511
0.073953
0.166938
0.193777
0.245071
0.300833
0.210960
0.036789
-0.134477
-0.229282
-0.181817
-0.058209
-0.004237
-0.043208
-0.130617
-0.201092
-0.209455
-0.203508
-0.241701
-0.301895
-0.343382
-0.333404
-0.261800
-0.190063
-0.167255
-0.178562
-0.198264
-0.235278
-0.265407
-0.297168
-0.316712
-0.297378
-0.228605
-0.144168
-0.027647
0.106565
0.187513
0.212051
0.278972
0.289431
0.140083
-0.056285
-0.208904
-0.243546
-0.137995
-0.027974
-0.026808
-0.090659
-0.166012
-0.208318
-0.203890
-0.215274
-0.275197
-0.318121
-0.321259
-0.272924
-0.199476
-0.166900
-0.186963
-0.201236
-0.211376
-0.234393
-0.265027
-0.309955
-0.335830
-0.302856
-0.221229
-0.131753
-0.023080
0.094389
0.166967
0.211341
0.289069
0.286616
0.121032
-0.066017
-0.195955
-0.225408
-0.143295
-0.043066
-0.042024
-0.102870
-0.164653
-0.202008
-0.208626
-0.222141
-0.273293
-0.325644
-0.346227
-0.317716
-0.241767
-0.184275
-0.178562
-0.194764
-0.211003
-0.251947
-0.288617
-0.327714
-0.343005
-0.311825
-0.225281
-0.140923
-0.029344
0.103636
0.183456
0.203700
0.278656
0.257707
0.101287
-0.073759
-0.197601
-0.236614
-0.151022
-0.047239
-0.037772
-0.094870
-0.177194
-0.223271
-0.231096
-0.233285
-0.286128
-0.314986
-0.327059
-0.283160
-0.219681
-0.170771
-0.189261
-0.202369
-0.223367
-0.251107
-0.284061
-0.315590
-0.340210
-0.302947
-0.228434
-0.144234
-0.029004
0.097373
0.161310
0.200025
0.276608
0.259800
0.090503
-0.100862
-0.238793
-0.233291
-0.114311
-0.030460
-0.051305
-0.124330
-0.195604
-0.218607
-0.205480
-0.226872
-0.290431
-0.344560
-0.354768
-0.309081
-0.228550
-0.192084
-0.199093
-0.218337
-0.228876
-0.252840
-0.284338
-0.333306
-0.352309
-0.311973
-0.223825
-0.133055
-0.019418
0.095500
0.163274
0.204463
0.281012
0.246303
0.063200
-0.113861
-0.227625
-0.233094
-0.139621
-0.054526
-0.070471
-0.124472
-0.175306
-0.204717
-0.219721
-0.246247
-0.302795
-0.323055
-0.309948
-0.267580
-0.214783
-0.191825
-0.203451
-0.210050
-0.220183
-0.248275
-0.286465
-0.338807
-0.363948
-0.318295
-0.234471
-0.153344
-0.063623
0.051387
0.138631
0.187136
0.252984
0.265679
0.116586
-0.064522
-0.203768
-0.236724
-0.157878
-0.067296
-0.054076
-0.115824
-0.180324
-0.210849
-0.213937
-0.234545
-0.274979
-0.313949
-0.330052
-0.309968
-0.249652
-0.207098
-0.193812
-0.205309
-0.219435
-0.243143
-0.273631
-0.322250
-0.358925
-0.339860
-0.264236
-0.169946
-0.069216
0.046359
0.146720
0.191683
0.246199
0.265685
0.133357
-0.055667
-0.191387
-0.236633
-0.173083
-0.080663
-0.055622
-0.103136
-0.154406
-0.199148
-0.223425
-0.243203
-0.290290
-0.322877
-0.310057
-0.273041
-0.220457
-0.181833
-0.185620
-0.205981
-0.223380
-0.244049
-0.276165
-0.310390
-0.347107
-0.331590
-0.263070
-0.181808
-0.110689
-0.001942
0.111486
0.185888
0.259317
0.299726
0.174199
-0.027083
-0.176975
-0.230109
-0.174138
-0.084275
-0.063232
-0.110110
-0.160475
-0.186486
-0.189270
-0.203894
-0.262368
-0.317565
-0.330258
-0.311926
-0.258721
-0.204213
-0.192880
-0.199663
-0.211318
-0.231291
-0.258905
-0.297907
-0.345047
-0.349196
-0.293121
-0.210726
-0.130243
-0.034330
0.075256
0.162792
0.227321
0.287672
0.229614
0.049317
-0.123995
-0.230237
-0.229127
-0.128432
-0.047789
-0.066386
-0.127020
-0.191185
-0.223184
-0.224229
-0.231108
-0.280330
-0.307464
-0.304655
-0.261152
-0.203440
-0.172179
-0.186119
-0.204214
-0.223609
-0.240962
-0.274356
-0.319279
-0.347090
-0.309469
-0.233672
-0.155690
-0.075960
0.035472
0.141665
0.207733
0.252900
0.248959
0.116385
-0.049597
-0.181474
-0.226506
-0.182839
-0.088676
-0.058209
-0.085594
-0.149839
-0.199360
-0.234125
-0.240135
-0.270060
-0.293669
-0.298114
-0.281798
-0.243999
-0.198105
-0.184598
-0.189487
-0.201380
-0.227245
-0.269012
-0.309056
-0.335325
-0.321459
-0.264758
-0.191213
-0.118494
-0.018490
0.107311
0.193288
0.252981
0.286686
0.179242
-0.009233
-0.155704
-0.222200
-0.179114
-0.092005
-0.053931
-0.087160
-0.128856
-0.173594
-0.193775
-0.211231
-0.251413
-0.305788
-0.309792
-0.285332
-0.225056
-0.169299
-0.161047
-0.189003
-0.207570
-0.221613
-0.234132
-0.273511
-0.323073
-0.338494
-0.288426
-0.208319
-0.134353
-0.060746
0.050085
0.159979
0.225631
0.281287
0.254176
0.090203
-0.083305
-0.189684
-0.215725
-0.152554
-0.059319
-0.050145
-0.098689
-0.148152
-0.189357
-0.213748
-0.228346
-0.271653
-0.300719
-0.304394
-0.282554
-0.233871
-0.187619
-0.172796
-0.182529
-0.201405
-0.232923
-0.270790
-0.303106
-0.323602
-0.302497
-0.237611
-0.163773
-0.081813
0.036679
0.150770
0.206426
0.256318
0.283071
0.166282
-0.019627
-0.174899
-0.231006
-0.179775
-0.090543
-0.050954
-0.067323
-0.118004
-0.169141
-0.208469
-0.241684
-0.281418
-0.295947
-0.276193
-0.247480
-0.212983
-0.187632
-0.182551
-0.181383
-0.179794
-0.195661
-0.239763
-0.297923
-0.340883
-0.321445
-0.254000
-0.183316
-0.113062
-0.002847
0.111912
0.192815
0.244020
0.278237
0.211470
0.031387
-0.133559
-0.216945
-0.187923
-0.093621
-0.028381
-0.056257
-0.116018
-0.172529
-0.194502
-0.209080
-0.234424
-0.281800
-0.299946
-0.296385
-0.259724
-0.212970
-0.176669
-0.170212
-0.178845
-0.204902
-0.244060
-0.285979
-0.321822
-0.322077
-0.273889
-0.197352
-0.122339
-0.031169
0.085095
0.173142
0.224811
0.287706
0.260618
0.103601
-0.083714
-0.208439
-0.223318
-0.139408
-0.051293
-0.045416
-0.085939
-0.143413
-0.182285
-0.208999
-0.236488
-0.285764
-0.303680
-0.290964
-0.241650
-0.190446
-0.158043
-0.168092
-0.184943
-0.201200
-0.223291
-0.260720
-0.300919
-0.326474
-0.297429
-0.227125
-0.145781
-0.059111
0.061956
0.158513
0.214701
0.276238
0.297293
0.145195
-0.042664
-0.175542
-0.224006
-0.156048
-0.056202
-0.045968
-0.097228
-0.143837
-0.181520
-0.188063
-0.202507
-0.259172
-0.312659
-0.316720
-0.301412
-0.241961
-0.190742
-0.174492
-0.182954
-0.182772
-0.212429
-0.253689
-0.300613
-0.332567
-0.312665
-0.235608
-0.160259
-0.081971
0.035065
0.150476
0.211216
0.268255
0.302710
0.177941
-0.021110
-0.171252
-0.236629
-0.175220
-0.067045
-0.042449
-0.089385
-0.147739
-0.181050
-0.184479
-0.190740
-0.249109
-0.306255
-0.314574
-0.283095
-0.219326
-0.172644
-0.179899
-0.198387
-0.199894
-0.205088
-0.228198
-0.271541
-0.329107
-0.336660
-0.276668
-0.191993
-0.109775
0.000690
0.107728
0.177231
0.228095
0.273763
0.224360
0.042570
-0.128226
-0.218287
-0.197975
-0.116933
-0.042292
-0.061032
-0.117359
-0.175267
-0.199327
-0.218906
-0.245878
-0.298121
-0.315932
-0.306918
-0.263900
-0.213052
-0.185826
-0.197580
-0.209762
-0.221494
-0.244301
-0.282874
-0.326041
-0.336076
-0.290989
-0.213577
-0.142640
-0.050081
0.074086
0.166843
0.208931
0.252557
0.231432
0.094614
-0.068828
-0.188782
-0.225875
-0.152631
-0.066844
-0.063256
-0.120948
-0.172662
-0.210219
-0.212310
-0.230801
-0.281329
-0.319227
-0.309363
-0.268874
-0.210434
-0.182805
-0.192499
-0.205574
-0.214961
-0.237054
-0.272381
-0.315706
-0.345860
-0.314976
-0.245109
-0.174439
-0.094844
0.035641
0.158773
0.214930
0.261186
0.255457
0.108746
-0.068679
-0.170780
-0.211578
-0.165952
-0.086042
-0.072021
-0.105390
-0.142925
-0.184286
-0.216663
-0.241066
-0.287382
-0.317408
-0.319184
-0.297811
-0.251066
-0.209465
-0.208133
-0.205543
-0.207065
-0.230744
-0.274591
-0.314776
-0.350513
-0.323037
-0.250300
-0.173381
-0.099298
0.025589
0.143425
0.207129
0.254236
0.259772
0.125880
-0.035822
-0.163145
-0.226680
-0.207222
-0.124395
-0.073768
-0.078810
-0.137988
-0.188668
-0.220830
-0.234061
-0.270632
-0.296144
-0.310628
-0.291493
-0.237944
-0.184285
-0.181718
-0.199937
-0.221829
-0.244100
-0.264238
-0.298873
-0.341847
-0.339707
-0.283742
-0.204927
-0.108229
0.006651
0.119742
0.181442
0.232099
0.280894
0.204781
0.007966
-0.168334
-0.245672
-0.203731
-0.099321
-0.037122
-0.081054
-0.150961
-0.197623
-0.207457
-0.215883
-0.248977
-0.301030
-0.322078
-0.310573
-0.254597
-0.200499
-0.186746
-0.208323
-0.224136
-0.233435
-0.241899
-0.278479
-0.336088
-0.361075
-0.311582
-0.221614
-0.128659
-0.039407
0.072348
0.156910
0.210540
0.280963
0.240895
0.065071
-0.106656
-0.211034
-0.215649
-0.140851
-0.061571
-0.074165
-0.120095
-0.169442
-0.197054
-0.221879
-0.242750
-0.288310
-0.303319
-0.292793
-0.253633
-0.205416
-0.179102
-0.188600
-0.198062
-0.215546
-0.241127
-0.276893
-0.320489
-0.348374
-0.314922
-0.239933
-0.168032
-0.102556
0.002657
0.125979
0.203484
0.261940
0.277145
0.148585
-0.033486
-0.163536
-0.218615
-0.179335
-0.086165
-0.047295
-0.090491
-0.155238
-0.200567
-0.217121
-0.222983
-0.246068
-0.288057
-0.321051
-0.321472
-0.261813
-0.195172
-0.173856
-0.190907
-0.217898
-0.242513
-0.258137
-0.289238
-0.331681
-0.336377
-0.277744
-0.199875
-0.122224
-0.017968
0.111677
0.196770
0.251194
0.296799
0.207205
0.018712
-0.148623
-0.237918
-0.219098
-0.115961
-0.052368
-0.073375
-0.135559
-0.186447
-0.206659
-0.208523
-0.238766
-0.296286
-0.321475
-0.306430
-0.247678
-0.186181
-0.164090
-0.182569
-0.201730
-0.222544
-0.250068
-0.290367
-0.329672
-0.340909
-0.291057
-0.215855
-0.140756
-0.051612
0.072920
0.171513
0.228501
0.285645
0.251095
0.066261
-0.098359
-0.199881
-0.216922
-0.130407
-0.048677
-0.066952
-0.113715
-0.163493
-0.197921
-0.213125
-0.230322
-0.282902
-0.310021
-0.311920
-0.280776
-0.223022
-0.182451
-0.181940
-0.187990
-0.206084
-0.242123
-0.279159
-0.323145
-0.341657
-0.297304
-0.224115
-0.160705
-0.081260
0.038259
0.157654
0.229601
0.280073
0.268111
0.116803
-0.057541
-0.169181
-0.200638
-0.165511
-0.089425
-0.074161
-0.088554
-0.128417
-0.170477
-0.209055
-0.238315
-0.282436
-0.295945
-0.285179
-0.256490
-0.216287
-0.189745
-0.191498
-0.192195
-0.189868
-0.211591
-0.254462
-0.308266
-0.344827
-0.321957
-0.246864
-0.167081
-0.083665
0.030900
0.137474
0.195035
0.256023
0.289676
0.171699
-0.024624
-0.171906
-0.221562
-0.172309
-0.079091
-0.042339
-0.085245
-0.140102
-0.168463
-0.181674
-0.202154
-0.255864
-0.303321
-0.317165
-0.303408
-0.244356
-0.188897
-0.174187
-0.188031
-0.199211
-0.224304
-0.250774
-0.291991
-0.330669
-0.328069
-0.267585
-0.189225
-0.103958
0.004018
0.125376
0.193173
0.237916
0.282343
0.198616
0.029996
-0.124870
-0.215775
-0.204486
-0.100577
-0.038850
-0.053072
-0.117503
-0.180654
-0.209416
-0.205238
-0.228734
-0.275995
-0.303055
-0.299810
-0.242972
-0.175671
-0.150049
-0.169501
-0.191863
-0.221733
-0.244609
-0.281537
-0.321094
-0.334162
-0.283243
-0.209396
-0.134918
-0.046681
0.078180
0.182868
0.239550
0.286928
0.258164
0.081574
-0.104283
-0.207557
-0.196147
-0.120735
-0.044801
-0.059793
-0.116243
-0.163664
-0.175803
-0.189754
-0.214036
-0.268977
-0.304986
-0.311438
-0.273442
-0.216558
-0.177197
-0.175714
-0.188701
-0.211490
-0.236585
-0.266571
-0.310823
-0.337844
-0.320794
-0.250345
-0.161821
-0.076886
0.027740
0.156349
0.229368
0.294598
0.309457
0.152448
-0.060042
-0.190464
-0.231325
-0.187581
-0.066160
-0.039678
-0.083688
-0.127367
-0.165507
-0.194289
-0.204841
-0.256740
-0.302133
-0.294253
-0.257689
-0.203653
-0.154700
-0.156730
-0.182953
-0.194316
-0.220253
-0.249719
-0.289554
-0.338719
-0.346929
-0.279004
-0.202080
-0.130698
-0.050461
0.068724
0.183719
0.270156
0.316359
0.232233
0.031463
-0.138201
-0.207142
-0.170676
-0.096174
-0.044113
-0.067765
-0.120466
-0.158839
-0.178312
-0.197710
-0.231581
-0.272157
-0.289226
-0.283770
-0.249793
-0.196730
-0.165242
-0.167523
-0.183238
-0.214298
-0.249370
-0.273484
-0.308186
-0.335335
-0.312350
-0.250761
-0.180065
-0.112857
-0.035527
0.099243
0.223676
0.294868
0.305856
0.173231
-0.023539
-0.168635
-0.214649
-0.172574
-0.088428
-0.057797
-0.087095
-0.128307
-0.168004
-0.191768
-0.208577
-0.250766
-0.287578
-0.283166
-0.251998
-0.202605
-0.161675
-0.153426
-0.173914
-0.189051
-0.217273
-0.250596
-0.280620
-0.311330
-0.333372
-0.306711
-0.247833
-0.178916
-0.116005
-0.037760
0.098717
0.231454
0.310304
0.308190
0.160814
-0.047188
-0.182315
-0.198427
-0.149603
-0.087857
-0.070243
-0.105330
-0.142250
-0.156349
-0.180805
-0.213026
-0.259692
-0.292001
-0.286812
-0.261612
-0.226895
-0.188223
-0.170184
-0.175011
-0.191753
-0.224944
-0.264208
-0.296314
-0.324823
-0.331754
-0.295399
-0.232990
-0.170084
-0.115035
-0.030781
0.123001
0.255132
0.330227
0.297320
0.119896
-0.079238
-0.200730
-0.220010
-0.151278
-0.079209
-0.079701
-0.115490
-0.142848
-0.164342
-0.187487
-0.216721
-0.275355
-0.305070
-0.282290
-0.242820
-0.201799
-0.164932
-0.165060
-0.178014
-0.188679
-0.220018
-0.260366
-0.297989
-0.336453
-0.342515
-0.298147
-0.227211
-0.158798
-0.105726
-0.025985
0.109964
0.238995
0.312302
0.289900
0.107947
-0.110990
-0.221076
-0.204558
-0.127473
-0.066809
-0.078666
-0.136127
-0.168350
-0.171658
-0.184431
-0.224128
-0.283992
-0.314616
-0.292065
-0.253923
-0.214248
-0.181277
-0.177278
-0.185644
-0.201315
-0.236341
-0.279049
-0.309759
-0.332670
-0.331383
-0.292337
-0.235443
-0.183100
-0.132529
-0.057294
0.085592
0.227017
0.313476
0.287953
0.118364
-0.084256
-0.200711
-0.203032
-0.154903
-0.098249
-0.101491
-0.131838
-0.152232
-0.157675
-0.184288
-0.228606
-0.296370
-0.321399
-0.290921
-0.232679
-0.189600
-0.167107
-0.176409
-0.185795
-0.192852
-0.218707
-0.268227
-0.314755
-0.346704
-0.339392
-0.292884
-0.234425
-0.189116
-0.152396
-0.089000
0.049639
0.204138
0.299582
0.296724
0.132909
-0.073876
-0.195727
-0.178554
-0.127017
-0.072782
-0.098762
-0.153591
-0.180385
-0.162914
-0.172387
-0.205816
-0.273669
-0.324139
-0.312420
-0.265897
-0.225949
-0.192066
-0.175867
-0.183793
-0.192047
-0.228261
-0.281807
-0.323570
-0.339423
-0.336805
-0.293968
-0.238323
-0.187018
-0.146705
-0.082258
0.043645
0.199390
0.292631
0.297516
0.155510
-0.035655
-0.170620
-0.203814
-0.176375
-0.117431
-0.104673
-0.125907
-0.150819
-0.159704
-0.180211
-0.216123
-0.274827
-0.316841
-0.305995
-0.262036
-0.209881
-0.173819
-0.163657
-0.174130
-0.185306
-0.219115
-0.261244
-0.299471
-0.326271
-0.335512
-0.308775
-0.261320
-0.201312
-0.141974
-0.072765
0.044473
0.184713
0.262690
0.272598
0.173166
-0.015303
-0.161896
-0.187018
-0.157876
-0.108212
-0.082092
-0.107615
-0.149478
-0.166045
-0.185426
-0.218646
-0.260649
-0.305582
-0.308946
-0.269309
-0.222494
-0.185251
-0.162619
-0.176972
-0.194078
-0.220403
-0.262825
-0.304127
-0.321346
-0.324659
-0.292618
-0.243215
-0.194080
-0.160389
-0.112953
-0.008509
0.149506
0.258628
0.305986
0.213664
0.037006
-0.123097
-0.174073
-0.161049
-0.116658
-0.108610
-0.126729
-0.140134
-0.141321
-0.163885
-0.200371
-0.254412
-0.299345
-0.291714
-0.256136
-0.222714
-0.189829
-0.164860
-0.160803
-0.161644
-0.189721
-0.240834
-0.280432
-0.307384
-0.323017
-0.301536
-0.262483
-0.207366
-0.153430
-0.106492
-0.023634
0.127237
0.243531
0.298799
0.239960
0.062258
-0.113311
-0.173150
-0.157269
-0.110298
-0.073446
-0.097428
-0.138999
-0.153576
-0.157865
-0.183354
-0.219123
-0.275998
-0.300629
-0.272323
-0.229001
-0.193137
-0.156212
-0.151661
-0.162821
-0.184865
-0.231318
-0.283538
-0.302107
-0.307988
-0.289851
-0.245837
-0.202611
-0.169338
-0.130146
-0.069196
0.064285
0.221724
0.313332
0.286370
0.139295
-0.055037
-0.176160
-0.178611
-0.127003
-0.084313
-0.092432
-0.118400
-0.142019
-0.133478
-0.158327
-0.199762
-0.259313
-0.292416
-0.285717
-0.229980
-0.181449
-0.139669
-0.125572
-0.130723
-0.160317
-0.199392
-0.256378
-0.291898
-0.303126
-0.292237
-0.260880
-0.213234
-0.169171
-0.129215
-0.083692
0.012194
0.175620
0.297466
0.324364
0.208976
0.007306
-0.160585
-0.187199
-0.135477
-0.062709
-0.063883
-0.106316
-0.153220
-0.149433
-0.145749
-0.164641
-0.229308
-0.289619
-0.301834
-0.250868
-0.194739
-0.153850
-0.140082
-0.147737
-0.155300
-0.176714
-0.225475
-0.282388
-0.307089
-0.302428
-0.262432
-0.215743
-0.172355
-0.150332
-0.113551
-0.048015
0.093429
0.255710
0.346853
0.271924
0.077635
-0.108670
-0.185203
-0.161913
-0.093510
-0.069641
-0.103328
-0.132352
-0.128798
-0.129695
-0.158856
-0.215826
-0.284251
-0.298435
-0.255911
-0.198950
-0.161923
-0.135454
-0.134216
-0.135556
-0.159269
-0.207747
-0.269808
-0.303273
-0.310617
-0.283419
-0.247392
-0.207519
-0.165937
-0.120356
-0.079007
0.010256
0.155148
0.272371
0.303066
0.207000
0.018732
-0.140432
-0.181037
-0.154639
-0.096051
-0.078622
-0.107901
-0.140203
-0.149923
-0.165081
-0.192392
-0.239512
-0.283123
-0.283137
-0.248188
-0.211363
-0.174672
-0.146628
-0.141235
-0.150809
-0.183064
-0.240466
-0.288373
-0.306685
-0.304213
-0.270824
-0.227387
-0.187088
-0.158140
-0.122352
-0.062198
0.075970
0.235262
0.309855
0.251051
0.083978
-0.097255
-0.181419
-0.171411
-0.120423
-0.086290
-0.103580
-0.136831
-0.142050
-0.148616
-0.176654
-0.230002
-0.283030
-0.302471
-0.268352
-0.221680
-0.182116
-0.156982
-0.149265
-0.157696
-0.169881
-0.213033
-0.267913
-0.305653
-0.318430
-0.300903
-0.254252
-0.203828
-0.170629
-0.141934
-0.086491
0.038860
0.202566
0.312137
0.290936
0.133530
-0.067513
-0.196091
-0.193152
-0.128279
-0.080011
-0.091520
-0.136253
-0.165647
-0.158881
-0.163716
-0.207699
-0.272127
-0.313972
-0.307441
-0.258504
-0.206495
-0.174092
-0.159819
-0.160640
-0.175155
-0.211759
-0.262449
-0.306253
-0.321954
-0.306992
-0.267248
-0.215977
-0.174462
-0.147152
-0.096486
0.010045
0.156651
0.265865
0.262729
0.144375
-0.017110
-0.142718
-0.177580
-0.151404
-0.111365
-0.106421
-0.122819
-0.146775
-0.158692
-0.179761
-0.217101
-0.266773
-0.295484
-0.284997
-0.245318
-0.209956
-0.187655
-0.171030
-0.161143
-0.164355
-0.194075
-0.245378
-0.294855
-0.322130
-0.323016
-0.291334
-0.242123
-0.192484
-0.157806
-0.122311
-0.043909
0.100689
0.232637
0.290314
0.225992
0.061085
-0.111932
-0.181187
-0.173330
-0.121027
-0.093505
-0.119470
-0.156844
-0.166433
-0.168431
-0.188406
-0.237246
-0.291929
-0.310806
-0.280671
-0.232559
-0.199584
-0.180686
-0.176334
-0.170582
-0.182960
-0.222349
-0.279910
-0.317430
-0.333299
-0.307099
-0.259149
-0.204607
-0.169369
-0.131459
-0.072172
0.054655
0.202365
0.297948
0.260332
0.109760
-0.074374
-0.176668
-0.181131
-0.137110
-0.110093
-0.114186
-0.136270
-0.150065
-0.156280
-0.180711
-0.231086
-0.279258
-0.299417
-0.276974
-0.232390
-0.195122
-0.173193
-0.159216
-0.157766
-0.176946
-0.214139
-0.264025
-0.303343
-0.320237
-0.309006
-0.277963
-0.225531
-0.183561
-0.146806
-0.091069
0.025692
0.178727
0.293042
0.298920
0.160530
-0.029202
-0.169640
-0.180512
-0.129545
-0.088484
-0.108723
-0.142846
-0.169880
-0.154722
-0.152347
-0.187545
-0.265310
-0.316986
-0.317809
-0.261873
-0.205637
-0.171120
-0.168608
-0.170588
-0.172641
-0.189019
-0.234646
-0.291112
-0.326508
-0.322941
-0.274825
-0.213941
-0.167122
-0.144252
-0.098198
0.014980
0.187274
0.305727
0.303104
0.158911
-0.026294
-0.162396
-0.185678
-0.140069
-0.090282
-0.091633
-0.109473
-0.136069
-0.143480
-0.163046
-0.211280
-0.273320
-0.300687
-0.285189
-0.238699
-0.192025
-0.164511
-0.155623
-0.153300
-0.162962
-0.194437
-0.239414
-0.286259
-0.316968
-0.319156
-0.283429
-0.223715
-0.168811
-0.141326
-0.097822
0.009447
0.159348
0.277543
0.313529
0.197727
0.003917
-0.141203
-0.168904
-0.129756
-0.080671
-0.085125
-0.126298
-0.158135
-0.152564
-0.156207
-0.190533
-0.254699
-0.305920
-0.303317
-0.261065
-0.219194
-0.187717
-0.174572
-0.174691
-0.180200
-0.198652
-0.235448
-0.278089
-0.310712
-0.321460
-0.288703
-0.229967
-0.177116
-0.137933
-0.085154
0.026285
0.188014
0.311641
0.310257
0.177151
-0.014093
-0.156823
-0.180452
-0.148176
-0.111934
-0.099334
-0.118203
-0.144108
-0.148211
-0.160413
-0.205366
-0.259393
-0.297913
-0.298054
-0.255036
-0.207245
-0.176932
-0.160015
-0.159652
-0.175693
-0.202230
-0.244169
-0.283421
-0.315141
-0.325646
-0.301723
-0.241184
-0.183172
-0.130703
-0.066236
0.049317
0.182759
0.293500
0.316231
0.193637
-0.012224
-0.158309
-0.195494
-0.138656
-0.073120
-0.075798
-0.123221
-0.160744
-0.170422
-0.172809
-0.198969
-0.260979
-0.311579
-0.313142
-0.276199
-0.228158
-0.184213
-0.170447
-0.172868
-0.184910
-0.209255
-0.245620
-0.280519
-0.321768
-0.329263
-0.288528
-0.228234
-0.175292
-0.131004
-0.072537
0.057859
0.205785
0.314197
0.308593
0.152204
-0.052039
-0.171823
-0.181768
-0.125790
-0.086470
-0.095256
-0.123975
-0.147527
-0.147186
-0.170909
-0.220127
-0.286577
-0.313431
-0.295798
-0.240917
-0.203372
-0.182033
-0.183401
-0.174298
-0.174523
-0.192972
-0.241396
-0.299074
-0.346792
-0.335362
-0.281195
-0.213026
-0.158552
-0.108860
-0.013862
0.127969
0.244333
0.312880
0.272240
0.106050
-0.082639
-0.183804
-0.182860
-0.116771
-0.059699
-0.067919
-0.117328
-0.165966
-0.186677
-0.196900
-0.217407
-0.262531
-0.297694
-0.308632
-0.284049
-0.230403
-0.172168
-0.155856
-0.169979
-0.205355
-0.241015
-0.271147
-0.301116
-0.325764
-0.313316
-0.266079
-0.202860
-0.138782
-0.066216
0.052353
0.178462
0.261734
0.302002
0.226878
0.055776
-0.124750
-0.210059
-0.190056
-0.111226
-0.056649
-0.071592
-0.128570
-0.176933
-0.194852
-0.213469
-0.242501
-0.291200
-0.302738
-0.286243
-0.244830
-0.202532
-0.169493
-0.171041
-0.181498
-0.209564
-0.243774
-0.290330
-0.324198
-0.334400
-0.299791
-0.239282
-0.173154
-0.114379
-0.018702
0.104906
0.204542
0.283234
0.291177
0.156866
-0.042643
-0.168638
-0.193141
-0.146799
-0.068399
-0.067310
-0.121231
-0.159002
-0.173196
-0.187099
-0.212037
-0.266579
-0.315441
-0.321892
-0.298005
-0.251894
-0.198004
-0.177132
-0.181272
-0.194465
-0.225890
-0.266736
-0.307368
-0.341371
-0.335331
-0.279918
-0.211186
-0.146487
-0.070066
0.037842
0.161016
0.253470
0.302959
0.238440
0.060794
-0.119391
-0.218454
-0.209266
-0.130140
-0.066850
-0.070115
-0.118054
-0.163893
-0.195085
-0.214569
-0.252399
-0.299352
-0.311618
-0.294381
-0.258927
-0.213772
-0.186353
-0.185205
-0.188554
-0.206478
-0.240619
-0.282842
-0.331418
-0.355068
-0.324050
-0.260112
-0.193105
-0.130569
-0.043357
0.082522
0.189377
0.255304
0.280424
0.192815
0.009651
-0.150166
-0.216412
-0.176428
-0.096170
-0.055311
-0.089619
-0.154663
-0.198012
-0.204894
-0.213177
-0.246260
-0.299679
-0.329887
-0.325927
-0.275983
-0.214357
-0.178225
-0.181643
-0.204445
-0.236302
-0.267590
-0.304385
-0.336596
-0.340253
-0.299262
-0.228493
-0.157934
-0.078188
0.035635
0.151070
0.230698
0.300738
0.281994
0.112518
-0.103926
-0.228527
-0.232109
-0.153544
-0.064358
-0.057820
-0.114126
-0.169205
-0.189311
-0.197990
-0.226164
-0.282336
-0.316736
-0.319562
-0.281724
-0.223569
-0.181427
-0.175763
-0.186575
-0.209246
-0.236730
-0.272346
-0.319340
-0.352530
-0.331171
-0.258926
-0.178340
-0.109236
-0.017683
0.112700
0.209264
0.267618
0.300510
0.202983
0.009193
-0.166014
-0.234959
-0.192699
-0.096899
-0.044058
-0.070934
-0.142670
-0.189988
-0.202337
-0.198391
-0.229109
-0.281916
-0.319267
-0.323287
-0.270088
-0.200286
-0.162102
-0.167696
-0.191573
-0.226990
-0.255176
-0.291930
-0.326194
-0.339957
-0.298792
-0.224814
-0.138626
-0.048563
0.075119
0.185761
0.265313
0.325120
0.269631
0.076514
-0.115678
-0.215749
-0.195142
-0.118271
-0.055877
-0.067972
-0.115807
-0.148192
-0.159941
-0.193224
-0.244067
-0.298214
-0.302960
-0.270524
-0.223899
-0.188063
-0.172361
-0.178627
-0.183695
-0.200627
-0.229305
-0.267262
-0.308590
-0.337266
-0.313318
-0.246963
-0.170518
-0.103938
-0.015367
0.106688
0.212620
0.290684
0.329327
0.214836
0.009398
-0.152318
-0.201914
-0.168817
-0.086981
-0.054343
-0.089013
-0.129229
-0.152459
-0.165845
-0.194019
-0.246724
-0.309593
-0.323882
-0.302223
-0.240778
-0.183138
-0.148944
-0.161992
-0.181146
-0.213916
-0.243528
-0.284741
-0.322757
-0.339783
-0.290120
-0.214503
-0.138697
-0.064070
0.054031
0.170454
0.244418
0.300079
0.258421
0.098514
-0.071445
-0.190671
-0.209085
-0.132269
-0.053663
-0.051477
-0.094552
-0.148925
-0.177572
-0.190386
-0.221199
-0.276740
-0.296366
-0.279969
-0.239731
-0.190632
-0.166579
-0.172976
-0.183543
-0.204900
-0.228448
-0.249317
-0.289346
-0.329388
-0.323541
-0.272699
-0.197522
-0.111297
-0.023990
0.091728
0.188601
0.255113
0.304884
0.240403
0.056583
-0.126025
-0.216186
-0.180954
-0.099911
-0.037887
-0.071512
-0.141265
-0.183424
-0.180019
-0.185967
-0.215569
-0.273696
-0.306271
-0.306138
-0.259309
-0.204885
-0.169748
-0.170062
-0.188148
-0.212551
-0.234774
-0.263286
-0.308160
-0.338740
-0.322818
-0.250908
-0.163591
-0.086835
-0.001643
0.126999
0.225726
0.305427
0.296655
0.155591
-0.051043
-0.177226
-0.203916
-0.159638
-0.085025
-0.060425
-0.095949
-0.139466
-0.169180
-0.199601
-0.225747
-0.275468
-0.298148
-0.284383
-0.254230
-0.223499
-0.181727
-0.172917
-0.171570
-0.182571
-0.210967
-0.260245
-0.298335
-0.331488
-0.330608
-0.282333
-0.209724
-0.149789
-0.082919
0.028343
0.159766
0.244661
0.295022
0.263949
0.105570
-0.085714
-0.195912
-0.207069
-0.134215
-0.067879
-0.071529
-0.125359
-0.168612
-0.188727
-0.193405
-0.223345
-0.279235
-0.309468
-0.305115
-0.276872
-0.226040
-0.182887
-0.172932
-0.183588
-0.207885
-0.238775
-0.266545
-0.296883
-0.328162
-0.329279
-0.283411
-0.208111
-0.133397
-0.055309
0.059102
0.180533
0.256077
0.287705
0.221311
0.040855
-0.130891
-0.212565
-0.198432
-0.124155
-0.069844
-0.077477
-0.123704
-0.159668
-0.191694
-0.224592
-0.264350
-0.304022
-0.305420
-0.276896
-0.237539
-0.203107
-0.177811
-0.176753
-0.184270
-0.208535
-0.244075
-0.290805
-0.327090
-0.343370
-0.311530
-0.241776
-0.169324
-0.117238
-0.046614
0.070585
0.183718
0.261470
0.288639
0.197483
0.008019
-0.153069
-0.223925
-0.195933
-0.120084
-0.064692
-0.084440
-0.133391
-0.180687
-0.202124
-0.222546
-0.251391
-0.293247
-0.308863
-0.305916
-0.268736
-0.213563
-0.173363
-0.170426
-0.191355
-0.223640
-0.254608
-0.284370
-0.323012
-0.346140
-0.318317
-0.243203
-0.164182
-0.090366
-0.002206
0.116217
0.196530
0.257050
0.264364
0.152031
-0.027374
-0.169585
-0.227403
-0.190097
-0.105408
-0.061401
-0.089377
-0.148710
-0.194551
-0.209099
-0.219079
-0.259544
-0.298267
-0.299880
-0.275211
-0.230109
-0.184270
-0.170883
-0.185365
-0.203747
-0.231132
-0.259168
-0.293139
-0.326578
-0.336347
-0.297629
-0.230198
-0.157225
-0.100603
-0.009376
0.111135
0.198731
0.257493
0.267411
0.140097
-0.031978
-0.170525
-0.231514
-0.184075
-0.086294
-0.056212
-0.090436
-0.153560
-0.201562
-0.218006
-0.222848
-0.258140
-0.290439
-0.296568
-0.285739
-0.241364
-0.193288
-0.172121
-0.178752
-0.200353
-0.242662
-0.271400
-0.299534
-0.324569
-0.323108
-0.285386
-0.235240
-0.167871
-0.095197
0.007052
0.129018
0.202417
0.256513
0.243925
0.115979
-0.052048
-0.164901
-0.205769
-0.161087
-0.093084
-0.080627
-0.105578
-0.152630
-0.188852
-0.210937
-0.222677
-0.267617
-0.288172
-0.284858
-0.261965
-0.226782
-0.181128
-0.172936
-0.176228
-0.200904
-0.231427
-0.266991
-0.295047
-0.326154
-0.319191
-0.277070
-0.211139
-0.150612
-0.087280
0.013014
0.137663
0.208424
0.252663
0.234237
0.101187
-0.070786
-0.184174
-0.209980
-0.155423
-0.077027
-0.069425
-0.105693
-0.158820
-0.188899
-0.211035
-0.229903
-0.277161
-0.297666
-0.285757
-0.261020
-0.221831
-0.183751
-0.174432
-0.181593
-0.199298
-0.233958
-0.264599
-0.300362
-0.325373
-0.316517
-0.266200
-0.209715
-0.150054
-0.094188
0.011831
0.137311
0.224200
0.255555
0.222192
0.086289
-0.056825
-0.154635
-0.188144
-0.157837
-0.092457
-0.084173
-0.102167
-0.134382
-0.176961
-0.213772
-0.239457
-0.279768
-0.292173
-0.270665
-0.249801
-0.215900
-0.180000
-0.166658
-0.172587
-0.188447
-0.229137
-0.263060
-0.297916
-0.319808
-0.308043
-0.253424
-0.196779
-0.138920
-0.079226
0.031605
0.154300
0.227837
0.271981
0.233070
0.072374
-0.100160
-0.191359
-0.203449
-0.129230
-0.062333
-0.061092
-0.106978
-0.150819
-0.187165
-0.200586
-0.229301
-0.271673
-0.288647
-0.277223
-0.255210
-0.212583
-0.177728
-0.168307
-0.170285
-0.191866
-0.224606
-0.260532
-0.296685
-0.320133
-0.296973
-0.244500
-0.179765
-0.118875
-0.044218
0.070689
0.182306
0.240643
