0.038856
0.060030
0.032005
-0.028550
-0.084955
-0.097977
-0.064290
-0.019960
0.023336
0.032074
0.019112
0.016142
0.035256
0.107942
0.210919
0.294186
0.276673
0.134677
-0.052578
-0.212440
-0.253224
-0.151058
0.013991
0.147162
0.182989
0.104351
-0.018612
-0.138820
-0.214639
-0.218365
-0.160962
-0.070252
0.021256
0.057633
0.037687
-0.019169
-0.075993
-0.090362
-0.063756
-0.024799
0.010520
0.020401
0.013028
0.015494
0.039839
0.108869
0.202502
0.285974
0.285954
0.154581
-0.024092
-0.201517
-0.259223
-0.174322
-0.006864
0.136612
0.192460
0.122206
0.002584
-0.121839
-0.208725
-0.231182
-0.189068
-0.096436
0.008629
0.071375
0.066529
0.002588
-0.076332
-0.107526
-0.089742
-0.032552
0.015028
0.030620
0.024101
0.015583
0.027887
0.082641
0.172615
0.265909
0.314646
0.205583
0.011121
-0.176760
-0.271287
-0.206015
-0.026554
0.122428
0.188423
0.137715
0.014021
-0.099547
-0.183999
-0.225947
-0.197053
-0.116126
-0.014642
0.061234
0.063272
0.015154
-0.052673
-0.096109
-0.091155
-0.043501
0.003480
0.027299
0.020416
0.006875
0.017603
0.069199
0.154720
0.245672
0.306631
0.233630
0.068306
-0.109111
-0.241869
-0.239229
-0.099439
0.064778
0.182537
0.184385
0.072682
-0.060127
-0.176576
-0.236293
-0.216607
-0.136910
-0.032268
0.053615
0.071712
0.032331
-0.034445
-0.092253
-0.098616
-0.056771
-0.002997
0.031798
0.031030
0.011706
0.015784
0.056708
0.143605
0.243511
0.314569
0.259098
0.095158
-0.104687
-0.250437
-0.246250
-0.103161
0.067014
0.180512
0.178221
0.068690
-0.052132
-0.153531
-0.211557
-0.209919
-0.154271
-0.062517
0.037044
0.074092
0.054888
-0.015564
-0.081194
-0.099294
-0.067985
-0.019869
0.024169
0.027798
0.015377
0.018634
0.047390
0.128663
0.225585
0.299700
0.274579
0.133296
-0.050921
-0.209597
-0.252449
-0.151703
0.020301
0.156211
0.197266
0.117722
-0.011643
-0.136344
-0.213764
-0.229286
-0.169451
-0.077471
0.020276
0.071425
0.060625
0.002814
-0.060208
-0.097017
-0.081470
-0.033398
0.007546
0.030177
0.025175
0.022085
0.046590
0.111327
0.200269
0.289110
0.293340
0.176869
-0.005237
-0.192008
-0.265446
-0.184638
-0.010089
0.149762
0.210097
0.131611
0.003966
-0.122178
-0.206676
-0.224104
-0.178416
-0.098746
0.003365
0.063897
0.065652
0.016832
-0.057203
-0.101277
-0.088040
-0.038278
0.014001
0.034425
0.021220
0.007960
0.019351
0.076257
0.173802
0.262935
0.308069
0.225534
0.064774
-0.118398
-0.235798
-0.229958
-0.089754
0.073175
0.187739
0.181271
0.071072
-0.067310
-0.181680
-0.236319
-0.216859
-0.134087
-0.031775
0.053350
0.073611
0.037238
-0.033445
-0.086064
-0.097801
-0.054749
-0.005876
0.029861
0.028949
0.008221
0.006825
0.047036
0.138378
0.244005
0.318521
0.268260
0.121816
-0.079647
-0.233145
-0.248521
-0.134805
0.038164
0.172417
0.189160
0.098961
-0.026194
-0.150111
-0.221288
-0.230621
-0.172414
-0.071069
0.031712
0.076730
0.061799
-0.009504
-0.075520
-0.107237
-0.081597
-0.028829
0.019312
0.035917
0.030339
0.019785
0.038776
0.099889
0.190240
0.283161
0.294673
0.181535
0.003644
-0.176613
-0.251994
-0.180673
-0.024494
0.123188
0.188570
0.132380
0.020174
-0.104814
-0.206779
-0.240531
-0.195945
-0.104445
0.009673
0.073987
0.063001
0.005388
-0.067387
-0.104899
-0.083238
-0.034577
0.011537
0.036557
0.028972
0.020377
0.029116
0.082565
0.172381
0.265950
0.297228
0.209978
0.048231
-0.131643
-0.236987
-0.213346
-0.066426
0.090113
0.184599
0.155979
0.048377
-0.083693
-0.186931
-0.229003
-0.196109
-0.120028
-0.022833
0.043252
0.058037
0.026214
-0.035004
-0.084229
-0.086973
-0.053347
-0.003778
0.032525
0.031328
0.012998
0.010727
0.054068
0.144202
0.237981
0.305205
0.260710
0.104845
-0.071478
-0.208548
-0.236118
-0.124354
0.035496
0.151266
0.180725
0.101347
-0.027320
-0.143299
-0.214620
-0.227820
-0.164848
-0.070241
0.024303
0.070340
0.053246
-0.007529
-0.065905
-0.097237
-0.070587
-0.022650
0.020233
0.034907
0.020398
0.013666
0.044154
0.117350
0.207964
0.287701
0.277947
0.154381
-0.016113
-0.171448
-0.235839
-0.165543
-0.013922
0.122521
0.187954
0.132444
0.012281
-0.112895
-0.207697
-0.231351
-0.179455
-0.093087
0.007565
0.061500
0.055331
0.006813
-0.060444
-0.098525
-0.084591
-0.039150
0.013274
0.040055
0.034755
0.018969
0.022600
0.073439
0.163411
0.262601
0.304137
0.215110
0.049941
-0.132167
-0.236575
-0.204446
-0.061407
0.082864
0.165549
0.143629
0.047230
-0.070440
-0.166746
-0.216841
-0.198371
-0.131278
-0.039912
0.032581
0.057056
0.032817
-0.025930
-0.075392
-0.087660
-0.057564
-0.013060
0.022117
0.028813
0.020323
0.020534
0.062532
0.143519
0.234757
0.294210
0.244328
0.100346
-0.070189
-0.209247
-0.231354
-0.121706
0.029981
0.148806
0.176803
0.090318
-0.036247
-0.150466
-0.223515
-0.216385
-0.151344
-0.063908
0.020347
0.054930
0.038985
-0.009431
-0.066383
-0.089278
-0.070953
-0.026640
0.016037
0.035431
0.019377
0.012167
0.030449
0.100505
0.192832
0.272086
0.271238
0.162752
-0.002410
-0.164432
-0.231828
-0.174391
-0.033096
0.103531
0.171363
0.128712
0.025891
-0.101178
-0.198577
-0.230878
-0.192096
-0.104517
-0.003576
0.051291
0.053731
0.004355
-0.056622
-0.090003
-0.082020
-0.040580
0.004844
0.026212
0.022443
0.011075
0.019572
0.077476
0.160551
0.243853
0.284795
0.207185
0.055531
-0.107231
-0.214025
-0.207407
-0.087538
0.050881
0.154177
0.158847
0.067826
-0.057850
-0.167963
-0.229954
-0.206498
-0.135515
-0.044959
0.033706
0.051124
0.028944
-0.023890
-0.076495
-0.086938
-0.060669
-0.021237
0.017471
0.025123
0.016963
0.014853
0.039216
0.112800
0.203033
0.277241
0.265752
0.145277
-0.031551
-0.187965
-0.244611
-0.162224
-0.000275
0.134884
0.178685
0.108663
-0.012818
-0.130101
-0.203036
-0.222343
-0.176731
-0.091775
0.002004
0.059600
0.057511
0.003229
-0.061518
-0.095698
-0.080540
-0.034202
0.011767
0.030324
0.017518
0.006701
0.016206
0.072385
0.160120
0.243572
0.280542
0.202520
0.051436
-0.107987
-0.204522
-0.192505
-0.077931
0.050634
0.141756
0.145673
0.065642
-0.045949
-0.155523
-0.224904
-0.219206
-0.148316
-0.045990
0.045304
0.070471
0.036558
-0.033533
-0.088797
-0.096400
-0.055490
-0.010668
0.022575
0.022219
0.009529
0.012003
0.046318
0.121061
0.202856
0.265595
0.246827
0.134591
-0.011024
-0.156102
-0.212602
-0.153010
-0.019874
0.118130
0.181845
0.124159
0.012505
-0.117668
-0.223046
-0.247896
-0.197623
-0.105545
0.006026
0.062515
0.057982
0.006188
-0.067885
-0.103878
-0.088273
-0.041344
0.010050
0.032697
0.026960
0.014088
0.014932
0.065936
0.161416
0.255058
0.309273
0.232648
0.082567
-0.086964
-0.206445
-0.209851
-0.104941
0.029939
0.144767
0.165323
0.088024
-0.032380
-0.162317
-0.240782
-0.233102
-0.160496
-0.059978
0.029931
0.055280
0.035539
-0.018857
-0.073728
-0.091705
-0.067589
-0.027152
0.016581
0.025725
0.017589
0.015527
0.039965
0.118785
0.203838
0.276382
0.280080
0.168048
0.013410
-0.141116
-0.226210
-0.178727
-0.048231
0.084558
0.167713
0.137935
0.032069
-0.096998
-0.201096
-0.242601
-0.197523
-0.114353
-0.015125
0.044385
0.047993
0.007636
-0.047172
-0.085106
-0.078448
-0.046202
-0.006478
0.022276
0.023266
0.014689
0.021448
0.065200
0.151473
0.235439
0.290457
0.242532
0.108303
-0.054364
-0.190567
-0.222771
-0.134393
0.004867
0.132144
0.174567
0.107573
-0.011929
-0.145395
-0.234439
-0.240352
-0.174575
-0.075114
0.024080
0.061997
0.044453
-0.014195
-0.074684
-0.101240
-0.076969
-0.031003
0.012641
0.026980
0.021561
0.013346
0.034563
0.098952
0.187330
0.262479
0.285255
0.192046
0.038060
-0.118329
-0.214530
-0.196615
-0.067862
0.067514
0.160827
0.152442
0.050364
-0.074890
-0.185925
-0.242939
-0.214653
-0.133864
-0.037531
0.038864
0.053864
0.027419
-0.027847
-0.080669
-0.093080
-0.066270
-0.023809
0.017776
0.028701
0.024280
0.027785
0.058016
0.135772
0.219164
0.288601
0.251599
0.118153
-0.038538
-0.174184
-0.214538
-0.138372
-0.008614
0.112787
0.166264
0.107727
0.002456
-0.116337
-0.214202
-0.242983
-0.186918
-0.098566
0.004883
0.061831
0.051363
0.001227
-0.059507
-0.098163
-0.082932
-0.037014
0.010814
0.034767
0.024658
0.008017
0.018537
0.073038
0.165697
0.257372
0.299958
0.220067
0.061436
-0.099021
-0.211231
-0.203611
-0.088354
0.048737
0.145988
0.156669
0.069826
-0.045089
-0.157572
-0.223687
-0.216268
-0.152333
-0.064478
0.019678
0.054602
0.042426
-0.010854
-0.070552
-0.098649
-0.080852
-0.028407
0.017495
0.032092
0.020923
0.025270
0.050518
0.132695
0.228321
0.306042
0.298106
0.169471
-0.004612
-0.175456
-0.257979
-0.189663
-0.027176
0.125981
0.209475
0.147746
0.018661
-0.121630
-0.229197
-0.260188
-0.204720
-0.115139
-0.003558
0.063080
0.069253
0.019490
-0.051216
-0.097762
-0.094477
-0.049039
0.002501
0.029268
0.029456
0.021688
0.029940
0.083101
0.175374
0.273359
0.328918
0.256073
0.088376
-0.103940
-0.228297
-0.218909
-0.093032
0.055391
0.159266
0.163483
0.082304
-0.030779
-0.149750
-0.237962
-0.248597
-0.180517
-0.067954
0.042328
0.079500
0.048235
-0.025158
-0.081880
-0.097412
-0.057317
-0.008875
0.021558
0.027235
0.016385
0.015132
0.049505
0.122842
0.215893
0.291058
0.302063
0.194196
0.031862
-0.136680
-0.230258
-0.188495
-0.053044
0.087489
0.177574
0.153596
0.050274
-0.074146
-0.195000
-0.245281
-0.216952
-0.137823
-0.029190
0.051079
0.066135
0.035206
-0.033741
-0.088549
-0.088971
-0.052236
-0.001337
0.036035
0.037128
0.024855
0.028661
0.069093
0.163543
0.256785
0.322684
0.270137
0.116631
-0.065653
-0.205013
-0.224265
-0.122573
0.031875
0.147421
0.174935
0.098741
-0.011425
-0.140058
-0.229865
-0.246593
-0.187025
-0.080990
0.031384
0.070943
0.052807
-0.012557
-0.077581
-0.094856
-0.070108
-0.022895
0.017848
0.029640
0.024420
0.023903
0.049548
0.124456
0.212088
0.286944
0.303714
0.198222
0.033254
-0.132809
-0.234190
-0.197725
-0.050699
0.091964
0.182758
0.154147
0.041012
-0.087268
-0.197823
-0.245907
-0.209650
-0.126967
-0.025534
0.044807
0.054867
0.023463
-0.037946
-0.086456
-0.086997
-0.051110
-0.000540
0.033983
0.030590
0.013406
0.014777
0.063505
0.164648
0.259895
0.317148
0.261214
0.114299
-0.050453
-0.189883
-0.225612
-0.143897
0.004744
0.134878
0.186714
0.119309
-0.006227
-0.144647
-0.239494
-0.246896
-0.176491
-0.079589
0.016708
0.053837
0.040451
-0.002608
-0.062460
-0.090783
-0.074607
-0.032955
0.010292
0.034233
0.023791
0.015675
0.034040
0.104959
0.201456
0.290518
0.312647
0.200800
0.026009
-0.140432
-0.228285
-0.193021
-0.051488
0.076191
0.160133
0.143243
0.050854
-0.068973
-0.180039
-0.247996
-0.224984
-0.145254
-0.033826
0.044829
0.058905
0.025467
-0.035276
-0.083460
-0.089872
-0.061040
-0.017131
0.020201
0.024181
0.021737
0.028887
0.070940
0.156796
0.242550
0.301579
0.260739
0.115824
-0.053704
-0.192223
-0.228387
-0.134553
0.014178
0.131521
0.173965
0.104460
-0.015634
-0.139881
-0.232987
-0.250370
-0.184737
-0.087908
0.013809
0.060246
0.046350
-0.010568
-0.071020
-0.101204
-0.080586
-0.032577
0.012429
0.029647
0.022742
0.015713
0.036064
0.106860
0.203616
0.288517
0.306032
0.193436
0.022168
-0.143905
-0.229435
-0.193982
-0.051341
0.085587
0.168246
0.142572
0.034519
-0.086776
-0.189352
-0.246476
-0.220036
-0.136773
-0.031176
0.052112
0.060580
0.012577
-0.051715
-0.094636
-0.090743
-0.046395
-0.005956
0.019541
0.018906
0.007364
0.020762
0.065005
0.150372
0.242520
0.303869
0.264023
0.117372
-0.052344
-0.196278
-0.232968
-0.136391
0.009670
0.130559
0.176440
0.106859
-0.012648
-0.133659
-0.234268
-0.254790
-0.188507
-0.085454
0.022533
0.071719
0.044471
-0.015596
-0.080314
-0.107865
-0.078293
-0.027036
0.016110
0.031923
0.018819
0.007245
0.032070
0.098477
0.198952
0.282836
0.306261
0.199302
0.031823
-0.140295
-0.237934
-0.200797
-0.062289
0.077410
0.170567
0.150460
0.043234
-0.082665
-0.194406
-0.252316
-0.226131
-0.139396
-0.030846
0.050913
0.059948
0.018303
-0.045162
-0.087673
-0.090169
-0.056726
-0.015588
0.013712
0.017480
0.012938
0.023892
0.065327
0.147405
0.231852
0.301040
0.264449
0.115344
-0.055127
-0.192550
-0.233637
-0.134946
0.009488
0.127178
0.171576
0.107899
-0.016627
-0.129319
-0.225693
-0.260908
-0.191848
-0.099977
0.008584
0.067674
0.051964
-0.010035
-0.072465
-0.113709
-0.082518
-0.033975
0.011856
0.030646
0.022845
0.017389
0.046986
0.105646
0.194346
0.279567
0.300895
0.194046
0.018575
-0.156766
-0.249377
-0.198495
-0.048119
0.097884
0.177125
0.137774
0.021704
-0.101640
-0.200215
-0.240691
-0.209813
-0.127902
-0.027964
0.044906
0.052962
0.011833
-0.049580
-0.094916
-0.087338
-0.045033
0.000074
0.024703
0.019332
0.009570
0.022675
0.069573
0.159675
0.246092
0.305425
0.251670
0.098016
-0.088214
-0.218866
-0.229690
-0.111750
0.047924
0.153821
0.159946
0.071968
-0.047091
-0.161231
-0.225313
-0.230642
-0.166017
-0.069604
0.023720
0.056789
0.033960
-0.030587
-0.083902
-0.096730
-0.057878
-0.007644
0.022098
0.020129
0.002911
0.006168
0.048955
0.130919
0.222616
0.291868
0.278736
0.154671
-0.011954
-0.159184
-0.220647
-0.167481
-0.026256
0.095062
0.162489
0.127631
0.018267
-0.108658
-0.198501
-0.235743
-0.192889
-0.115481
-0.025575
0.036394
0.048082
0.014441
-0.039133
-0.081211
-0.083261
-0.046665
-0.008181
0.015708
0.015358
0.013376
0.033857
0.093855
0.180613
0.259074
0.293759
0.220626
0.068044
-0.100712
-0.207427
-0.195472
-0.084133
0.054394
0.146541
0.149104
0.067676
-0.046955
-0.163248
-0.230499
-0.225310
-0.153958
-0.055508
0.030357
0.050443
0.023247
-0.029436
-0.074635
-0.082037
-0.054599
-0.016622
0.016472
0.029441
0.022088
0.020720
0.043584
0.116409
0.207029
0.290283
0.293693
0.166233
-0.001716
-0.165923
-0.237638
-0.165290
-0.021517
0.105557
0.171897
0.121247
0.017603
-0.098961
-0.197143
-0.237723
-0.199562
-0.119914
-0.019324
0.051272
0.056611
0.013049
-0.046820
-0.094385
-0.088211
-0.047208
-0.000670
0.030903
0.033830
0.022659
0.028566
0.070710
0.156550
0.245765
0.303641
0.250606
0.101747
-0.078101
-0.216899
-0.223815
-0.108713
0.043014
0.153840
0.170455
0.079230
-0.040601
-0.154937
-0.227201
-0.223898
-0.164321
-0.076279
0.019345
0.054591
0.037394
-0.012897
-0.073446
-0.094857
-0.063638
-0.017470
0.020086
0.031484
0.016021
0.013287
0.046305
0.116042
0.201726
0.279986
0.289843
0.182461
0.018174
-0.146651
-0.215864
-0.167746
-0.034831
0.088503
0.155308
0.125403
0.031413
-0.085875
-0.184817
-0.234709
-0.203895
-0.124214
-0.029985
0.039697
0.048086
0.015063
-0.033717
-0.072961
-0.081605
-0.052656
-0.016373
0.017474
0.027717
0.028440
0.037047
0.077652
0.155913
0.239489
0.298627
0.250195
0.109073
-0.065746
-0.203602
-0.220416
-0.108032
0.047596
0.158326
0.168276
0.073148
-0.044955
-0.143178
-0.187401
-0.215191
-0.194324
-0.113953
-0.014631
0.070727
0.085587
0.014599
-0.070391
-0.116079
-0.098791
-0.029049
0.023824
0.041178
0.027988
0.020574
0.043988
0.106543
0.189710
0.260944
0.285457
0.195580
0.051512
-0.098211
-0.195412
-0.179273
-0.062360
0.060708
0.150272
0.145461
0.054449
-0.058186
-0.163691
-0.235374
-0.225126
-0.155107
-0.046485
0.046860
0.069601
0.028290
-0.036212
-0.084209
-0.086283
-0.046617
-0.007597
0.020247
0.023611
0.018296
0.029044
0.065120
0.137472
0.225354
0.297194
0.280852
0.152707
-0.021562
-0.182692
-0.233761
-0.144113
0.014631
0.143323
0.182961
0.105425
-0.015692
-0.124612
-0.188089
-0.219820
-0.203480
-0.127760
-0.025107
0.056085
0.080277
0.025559
-0.050673
-0.095718
-0.095369
-0.048309
0.006075
0.032458
0.032964
0.028160
0.037454
0.091940
0.173423
0.256400
0.304178
0.223982
0.071761
-0.089079
-0.207342
-0.198485
-0.081735
0.055809
0.158225
0.161490
0.063573
-0.054297
-0.157143
-0.215801
-0.230644
-0.168728
-0.078948
0.017000
0.073150
0.057280
-0.017020
-0.075529
-0.105723
-0.077706
-0.015972
0.023078
0.033154
0.019867
0.012397
0.040827
0.118984
0.208703
0.289481
0.289059
0.175353
0.007895
-0.150377
-0.226666
-0.166137
-0.024135
0.108985
0.172781
0.125034
0.012688
-0.100254
-0.192496
-0.240585
-0.204153
-0.131368
-0.028703
0.047195
0.055252
0.011408
-0.046658
-0.091184
-0.081097
-0.042138
-0.001080
0.022140
0.020982
0.010024
0.023818
0.071357
0.154330
0.240839
0.305451
0.264257
0.116199
-0.057292
-0.208664
-0.242920
-0.133051
0.032612
0.161052
0.193510
0.095455
-0.042523
-0.162181
-0.233468
-0.236151
-0.170154
-0.084749
0.009300
0.057738
0.049556
-0.001012
-0.063619
-0.101184
-0.078709
-0.034034
0.013601
0.033294
0.020649
0.013272
0.030948
0.089178
0.186610
0.277122
0.304711
0.203262
0.033089
-0.131489
-0.217132
-0.181899
-0.053259
0.078001
0.159117
0.145193
0.048940
-0.069215
-0.176703
-0.248426
-0.235721
-0.152173
-0.043913
0.051055
0.070402
0.026467
-0.037394
-0.085811
-0.094418
-0.055556
-0.013366
0.021855
0.032778
0.017878
0.011750
0.041532
0.115386
0.214173
0.294942
0.286578
0.150581
-0.022718
-0.174189
-0.223253
-0.142236
-0.001121
0.115356
0.164819
0.109549
0.002622
-0.106140
-0.199751
-0.242069
-0.203434
-0.119295
-0.011227
0.061227
0.058688
0.008018
-0.055419
-0.095225
-0.084547
-0.041823
0.000909
0.024069
0.021351
0.015310
0.024926
0.069962
0.155306
0.243468
0.306693
0.250407
0.095686
-0.084025
-0.216957
-0.226840
-0.099937
0.059528
0.167705
0.171846
0.070611
-0.057152
-0.156941
-0.209037
-0.227835
-0.178462
-0.096818
0.004829
0.072626
0.072012
-0.001259
-0.072573
-0.113672
-0.090428
-0.032036
0.016791
0.032934
0.025162
0.014728
0.032605
0.097456
0.186476
0.271010
0.296390
0.195137
0.023921
-0.137943
-0.223220
-0.178234
-0.042368
0.088058
0.157781
0.135250
0.034364
-0.076417
-0.174395
-0.240146
-0.224950
-0.145911
-0.040683
0.045774
0.058749
0.018395
-0.037655
-0.079563
-0.078715
-0.050823
-0.018512
0.007156
0.011297
0.004109
0.015560
0.050188
0.127265
0.219871
0.297493
0.289164
0.153631
-0.032937
-0.193607
-0.249900
-0.154462
0.010149
0.140204
0.188486
0.115891
-0.014345
-0.131747
-0.212833
-0.242107
-0.195284
-0.117376
-0.017182
0.054657
0.060699
0.014964
-0.047301
-0.096733
-0.089053
-0.048647
-0.000413
0.026759
0.024473
0.010901
0.017732
0.066152
0.158916
0.250591
0.310897
0.244604
0.076291
-0.104384
-0.226880
-0.219675
-0.088036
0.067282
0.159750
0.162812
0.063997
-0.060347
-0.159451
-0.224306
-0.236130
-0.167694
-0.075555
0.023733
0.069744
0.042705
-0.020043
-0.074339
-0.097795
-0.068457
-0.020876
0.012868
0.020616
0.005162
0.002429
0.037142
0.104734
0.189080
0.262452
0.287413
0.195991
0.032447
-0.132594
-0.222596
-0.191334
-0.055085
0.088944
0.169486
0.147135
0.039737
-0.084444
-0.175297
-0.219900
-0.229500
-0.161495
-0.063584
0.033584
0.080147
0.050660
-0.026341
-0.085288
-0.108940
-0.072733
-0.014868
0.024988
0.032058
0.018540
0.014081
0.041853
0.124357
0.218394
0.297812
0.277772
0.135284
-0.043129
-0.182393
-0.226308
-0.133488
0.013027
0.124704
0.164402
0.103627
-0.011556
-0.117684
-0.201713
-0.239124
-0.194674
-0.108816
-0.004299
0.060963
0.054037
-0.000053
-0.058119
-0.092728
-0.074091
-0.037329
0.000801
0.020759
0.017348
0.006230
0.022488
0.064417
0.152186
0.241843
0.292906
0.244528
0.102738
-0.061496
-0.195604
-0.217415
-0.115603
0.032548
0.143393
0.168690
0.087291
-0.031708
-0.148356
-0.224988
-0.235211
-0.171076
-0.078059
0.019742
0.063182
0.042785
-0.017582
-0.070087
-0.090878
-0.063270
-0.019622
0.013659
0.022595
0.011661
0.010030
0.036556
0.100947
0.189956
0.261891
0.288308
0.198007
0.043463
-0.112943
-0.209210
-0.186479
-0.058784
0.075346
0.160262
0.148702
0.049100
-0.074911
-0.175663
-0.231663
-0.214465
-0.138324
-0.043882
0.033060
0.057059
0.029438
-0.025426
-0.070502
-0.081616
-0.054485
-0.013677
0.016413
0.023925
0.016758
0.024401
0.062112
0.135529
0.219485
0.288978
0.271739
0.142499
-0.024619
-0.173908
-0.222309
-0.144764
0.008635
0.131575
0.183022
0.113743
-0.006315
-0.127183
-0.208738
-0.233238
-0.178180
-0.099797
-0.005157
0.052306
0.052479
0.010641
-0.041820
-0.082214
-0.072243
-0.038834
-0.006118
0.019918
0.022764
0.022670
0.038724
0.084121
0.165838
0.248135
0.297000
0.238081
0.081430
-0.085736
-0.201606
-0.204126
-0.082288
0.065301
0.154899
0.164725
0.071248
-0.051537
-0.146534
-0.206512
-0.235207
-0.169190
-0.073958
0.030198
0.086351
0.058845
-0.020995
-0.078706
-0.099077
-0.065489
-0.013607
0.016543
0.032494
0.026717
0.027789
0.046769
0.102713
0.179782
0.263101
0.289798
0.200878
0.041520
-0.122685
-0.214315
-0.175855
-0.035625
0.092208
0.162868
0.132794
0.033560
-0.076302
-0.171530
-0.226283
-0.201417
-0.126658
-0.032658
0.041673
0.057070
0.024256
-0.030248
-0.070544
-0.072197
-0.044012
-0.014088
0.013184
0.018822
0.023269
0.037854
0.074177
0.147451
0.227467
0.288700
0.260213
0.122026
-0.038717
-0.177539
-0.205803
-0.111432
0.026440
0.130364
0.157575
0.087071
-0.019824
-0.122230
-0.196995
-0.217868
-0.168415
-0.089641
-0.002706
0.046318
0.044180
0.003591
-0.040633
-0.069248
-0.064371
-0.037914
-0.006056
0.012316
0.020818
0.031642
0.051632
0.097322
0.167719
0.237383
0.286006
0.222083
0.073816
-0.091061
-0.209018
-0.197930
-0.071275
0.072160
0.162922
0.154620
0.052377
-0.065279
-0.164100
-0.222117
-0.210916
-0.142543
-0.057108
0.029813
0.061021
0.034830
-0.022866
-0.074179
-0.090308
-0.061157
-0.018361
0.014331
0.027173
0.022153
0.024908
0.054913
0.120177
0.199727
0.275728
0.274674
0.155930
-0.008172
-0.163896
-0.225004
-0.152982
-0.005822
0.117156
0.169517
0.110657
-0.004582
-0.117791
-0.200943
-0.233097
-0.185640
-0.108294
-0.015398
0.048011
0.045977
0.000183
-0.055350
-0.092790
-0.079309
-0.032874
0.004280
0.023431
0.016233
0.005707
0.020086
0.074821
0.165561
0.249844
0.295048
0.225009
0.065046
-0.104360
-0.214209
-0.203364
-0.079900
0.063638
0.153012
0.149586
0.056354
-0.064372
-0.162299
-0.217234
-0.228808
-0.163146
-0.077050
0.021295
0.066539
0.042024
-0.028490
-0.083946
-0.105983
-0.070665
-0.022290
0.015468
0.025578
0.015704
0.009094
0.031108
0.093479
0.179442
0.254617
0.277400
0.183995
0.023751
-0.139048
-0.221084
-0.177851
-0.040429
0.092083
0.157098
0.124234
0.021819
-0.095308
-0.188128
-0.233645
-0.209282
-0.125433
-0.030620
0.040107
0.046725
0.003466
-0.051836
-0.080209
-0.076721
-0.044504
-0.014280
0.005292
0.010628
0.008783
0.016964
0.048471
0.115688
0.197490
0.267248
0.264962
0.148429
-0.018760
-0.169261
-0.224450
-0.148835
-0.000442
0.116433
0.161890
0.100440
-0.012878
-0.121591
-0.187481
-0.223086
-0.192690
-0.119751
-0.029597
0.044865
0.055984
0.006901
-0.051129
-0.086187
-0.081548
-0.038928
-0.005807
0.011616
0.011730
0.006821
0.019783
0.067725
0.135484
0.210743
0.270309
0.250769
0.117757
-0.044211
-0.178560
-0.211971
-0.122347
0.019754
0.125761
0.159736
0.097304
-0.017920
-0.127623
-0.209569
-0.234693
-0.184346
-0.093659
0.003948
0.060495
0.049586
-0.002914
-0.061026
-0.089573
-0.070733
-0.033179
0.001787
0.019123
0.015834
0.006491
0.021021
0.061409
0.140688
0.223641
0.286960
0.244023
0.100947
-0.063082
-0.189427
-0.204331
-0.106139
0.034807
0.136856
0.161942
0.089395
-0.026894
-0.139298
-0.219051
-0.239289
-0.171461
-0.071849
0.024571
0.066412
0.037852
-0.023164
-0.066893
-0.080160
-0.057169
-0.021508
-0.000123
0.008788
0.010055
0.014772
0.038054
0.085706
0.157139
0.228764
0.278022
0.221899
0.077398
-0.084407
-0.198283
-0.193050
-0.081419
0.058614
0.151414
0.157439
0.065442
-0.053200
-0.159026
-0.222152
-0.223267
-0.155639
-0.063125
0.031940
0.063455
0.036176
-0.024410
-0.072288
-0.086455
-0.060763
-0.021987
0.012157
0.022043
0.012769
0.004233
0.019895
0.075081
0.164707
0.244811
0.285556
0.216737
0.060405
-0.093035
-0.191544
-0.186242
-0.072639
0.058490
0.142919
0.153660
0.068748
-0.052854
-0.152870
-0.218274
-0.235490
-0.160724
-0.067172
0.031465
0.077285
0.043947
-0.026634
-0.074678
-0.095131
-0.059329
-0.015024
0.010641
0.018693
0.015638
0.018520
0.044158
0.095791
0.166208
0.238834
0.270009
0.196992
0.055811
-0.102033
-0.201411
-0.179471
-0.059960
0.076148
0.158125
0.144376
0.044324
-0.071492
-0.167401
-0.219341
-0.208641
-0.136852
-0.047122
0.042139
0.064589
0.025801
-0.037762
-0.079478
-0.083362
-0.042959
-0.008745
0.014386
0.012228
0.003649
0.008493
0.042053
0.101464
0.185595
0.243983
0.266467
0.181368
0.037054
-0.101633
-0.182060
-0.165349
-0.053186
0.072001
0.146848
0.142864
0.052462
-0.067504
-0.173352
-0.231017
-0.215752
-0.130933
-0.032939
0.043454
0.054003
0.020330
-0.033005
-0.066828
-0.070880
-0.047602
-0.024435
0.001668
0.016309
0.023108
0.029066
0.048938
0.099586
0.174305
0.238053
0.264725
0.184207
0.046287
-0.097838
-0.186370
-0.169127
-0.054922
0.070625
0.154113
0.147020
0.051796
-0.069671
-0.174229
-0.229629
-0.207872
-0.127676
-0.033715
0.044933
0.060616
0.025711
-0.029973
-0.072850
-0.080969
-0.054019
-0.015959
0.016915
0.029470
0.024680
0.015215
0.029831
0.093354
0.184994
0.264124
0.291117
0.187459
0.024289
-0.128700
-0.204129
-0.161157
-0.023628
0.098377
0.159528
0.132149
0.029654
-0.082566
-0.166793
-0.220225
-0.204716
-0.130087
-0.038101
0.051115
0.069748
0.029962
-0.033635
-0.080172
-0.082762
-0.041999
-0.007467
0.015329
0.017373
0.011367
0.020152
0.052780
0.105369
0.177962
0.240976
0.265858
0.183608
0.047462
-0.101081
-0.186364
-0.171177
-0.058150
0.073877
0.162695
0.153364
0.055447
-0.073418
-0.180584
-0.233092
-0.214208
-0.127225
-0.025443
0.060154
0.071563
0.027981
-0.040982
-0.081733
-0.084628
-0.045589
-0.008488
0.018778
0.022407
0.018963
0.017942
0.040941
0.093310
0.172192
0.246202
0.280682
0.196458
0.040521
-0.114035
-0.200317
-0.168284
-0.042601
0.083149
0.155066
0.142334
0.044749
-0.072863
-0.172737
-0.228394
-0.210442
-0.132028
-0.038187
0.040926
0.059663
0.029625
-0.020860
-0.065084
-0.081741
-0.066823
-0.029586
0.009187
0.027344
0.020751
0.017802
0.039302
0.099026
0.179345
0.243517
0.267425
0.181601
0.040318
-0.107704
-0.189570
-0.167015
-0.050505
0.074779
0.156727
0.142428
0.044434
-0.080603
-0.170440
-0.222868
-0.222583
-0.143554
-0.047525
0.042520
0.075046
0.034168
-0.037461
-0.079855
-0.092050
-0.055010
-0.011760
0.011275
0.013094
0.011459
0.017416
0.051865
0.110974
0.180222
0.238510
0.257212
0.167685
0.024843
-0.116483
-0.194702
-0.163065
-0.041499
0.086712
0.159999
0.134575
0.028243
-0.094664
-0.188929
-0.232120
-0.203389
-0.122114
-0.030978
0.041160
0.048469
0.012677
-0.039007
-0.078732
-0.085213
-0.050795
-0.012689
0.018298
0.020444
0.008347
0.007061
0.039417
0.105379
0.193069
0.257004
0.263350
0.156684
0.011560
-0.131682
-0.194683
-0.154803
-0.033680
0.088290
0.156948
0.124960
0.020648
-0.100195
-0.184860
-0.229627
-0.207309
-0.126461
-0.040242
0.039321
0.057946
0.019651
-0.040381
-0.079764
-0.091818
-0.054514
-0.015595
0.009773
0.015986
0.016495
0.023422
0.061855
0.130176
0.203189
0.257279
0.241775
0.123343
-0.023101
-0.149668
-0.201948
-0.138754
-0.004896
0.110913
0.160570
0.106632
-0.012857
-0.126387
-0.207342
-0.232491
-0.183524
-0.098088
-0.011077
0.045794
0.039222
-0.002816
-0.050750
-0.080430
-0.073030
-0.041788
-0.009859
0.010253
0.012664
0.009372
0.020351
0.055183
0.130162
0.208770
0.266043
0.239264
0.110265
-0.038811
-0.165355
-0.195775
-0.122152
0.005748
0.112245
0.156497
0.096016
-0.014376
-0.125107
-0.208010
-0.237375
-0.184974
-0.095208
0.005011
0.058654
0.042529
-0.012990
-0.064198
-0.082513
-0.065282
-0.031799
-0.006019
0.007150
0.008854
0.015310
0.036877
0.078716
0.148831
0.217840
0.273142
0.236097
0.093313
-0.072136
-0.202415
-0.214338
-0.097978
0.055142
0.154413
0.161465
0.065874
-0.059080
-0.155469
-0.215682
-0.221855
-0.160739
-0.076628
0.014693
0.063187
0.041650
-0.013500
-0.061586
-0.087015
-0.067217
-0.029895
-0.000358
0.017666
0.016643
0.013541
0.036352
0.085761
0.164651
0.236228
0.279632
0.209146
0.053424
-0.110276
-0.207159
-0.188505
-0.062673
0.074457
0.156358
0.149659
0.054307
-0.069960
-0.166073
-0.218685
-0.227783
-0.156523
-0.063184
0.032830
0.074437
0.046565
-0.026247
-0.075356
-0.090838
-0.058001
-0.014381
0.013077
0.016559
0.009834
0.014154
0.048472
0.114576
0.193978
0.263538
0.274132
0.161338
0.001625
-0.143250
-0.210819
-0.152975
-0.017007
0.102068
0.160780
0.122741
0.014563
-0.095973
-0.180437
-0.228289
-0.203951
-0.124325
-0.028593
0.051186
0.061851
0.021002
-0.039069
-0.077644
-0.080785
-0.048880
-0.009003
0.018925
0.021169
0.014472
0.020548
0.053871
0.124212
0.206321
0.273902
0.266405
0.140328
-0.025473
-0.172125
-0.212841
-0.139377
0.006958
0.129371
0.174830
0.114221
-0.002601
-0.125386
-0.203909
-0.231082
-0.184480
-0.096542
-0.003327
0.056404
0.056477
0.007513
-0.050637
-0.081263
-0.078441
-0.037747
0.001508
0.022999
0.022877
0.015948
0.029975
0.077580
0.153245
0.232292
0.283089
0.233232
0.092515
-0.073608
-0.193771
-0.202822
-0.096896
0.047938
0.150041
0.162550
0.080088
-0.040461
-0.148043
-0.213489
-0.228916
-0.166856
-0.071240
0.025588
0.070202
0.051593
-0.007779
-0.060672
-0.083588
-0.065661
-0.036058
-0.003367
0.015777
0.024638
0.032597
0.048428
0.083304
0.156876
0.233119
0.286518
0.226170
0.064608
-0.113097
-0.223599
-0.203656
-0.057787
0.096060
0.177812
0.152479
0.039905
-0.083332
-0.169358
-0.218636
-0.209262
-0.143791
-0.058505
0.032476
0.067912
0.041801
-0.019787
-0.075144
-0.088614
-0.057885
-0.018012
0.015766
0.022172
0.015872
0.027038
0.063211
0.136636
0.218163
0.276625
0.253751
0.125241
-0.034284
-0.167806
-0.205029
-0.123468
0.013893
0.122216
0.160509
0.097591
-0.009451
-0.115854
-0.192578
-0.226339
-0.182865
-0.103827
-0.004164
0.058693
0.057604
0.006170
-0.049774
-0.078907
-0.064641
-0.034985
-0.006621
0.013058
0.018909
0.025133
0.042831
0.079781
0.153207
0.230546
0.276457
0.226985
0.084826
-0.073643
-0.187675
-0.190093
-0.085432
0.052049
0.140753
0.148227
0.065987
-0.040934
-0.137330
-0.205680
-0.220376
-0.163033
-0.076962
0.020679
0.064174
0.043258
-0.010196
-0.060898
-0.081505
-0.058167
-0.022234
0.012261
0.028954
0.021493
0.024152
0.045963
0.109538
0.196175
0.265828
0.276060
0.176555
0.013096
-0.142171
-0.212414
-0.162616
-0.021911
0.106309
0.166642
0.125110
0.019545
-0.096675
-0.180772
-0.225678
-0.198426
-0.121391
-0.027063
0.046221
0.059695
0.021174
-0.035060
-0.074206
-0.075002
-0.045479
-0.006736
0.023434
0.031428
0.025516
0.027480
0.062592
0.140259
0.227411
0.291300
0.251184
0.108024
-0.058500
-0.188023
-0.210864
-0.114318
0.032528
0.142926
0.170172
0.092807
-0.029753
-0.140480
-0.212568
-0.229018
-0.171724
-0.081107
0.014908
0.069006
0.056444
-0.003869
-0.059994
-0.088911
-0.072905
-0.032634
0.002014
0.026441
0.031859
0.033392
0.052562
0.102565
0.176985
0.251809
0.275160
0.184631
0.029066
-0.128721
-0.203578
-0.159974
-0.028821
0.090850
0.150632
0.120325
0.027815
-0.080993
-0.166014
-0.223433
-0.206807
-0.128138
-0.035994
0.042196
0.060971
0.022546
-0.030096
-0.067439
-0.077874
-0.046479
-0.008167
0.018204
0.026755
0.019839
0.026359
0.063212
0.134307
0.214118
0.278993
0.253043
0.119540
-0.038294
-0.169925
-0.200805
-0.119550
0.011664
0.116710
0.155904
0.096980
-0.010765
-0.120811
-0.201214
-0.226494
-0.176388
-0.094408
-0.001815
0.055453
0.050028
0.002256
-0.050495
-0.085574
-0.073413
-0.035619
0.000712
0.021507
0.021719
0.022626
0.046118
0.097669
0.173333
0.244721
0.273709
0.185399
0.038757
-0.105552
-0.191888
-0.169561
-0.058360
0.061350
0.143398
0.135015
0.042537
-0.068887
-0.166757
-0.224178
-0.212977
-0.145243
-0.053752
0.032758
0.058507
0.028199
-0.030530
-0.075583
-0.084812
-0.053110
-0.013057
0.016102
0.021276
0.014146
0.016784
0.047732
0.115086
0.197501
0.261953
0.259046
0.137739
-0.020432
-0.150641
-0.200325
-0.139451
-0.007658
0.095339
0.140160
0.102663
0.000544
-0.103548
-0.183757
-0.228678
-0.194950
-0.119767
-0.029431
0.043107
0.050590
0.010143
-0.043398
-0.082491
-0.082555
-0.048010
-0.016495
0.009199
0.016549
0.018453
0.038114
0.085299
0.161472
0.235429
0.274256
0.210384
0.067486
-0.096708
-0.204319
-0.192142
-0.077984
0.059131
0.145615
0.138583
0.047929
-0.064432
-0.162406
-0.219873
-0.219926
-0.159779
-0.072798
0.017916
0.056297
0.032500
-0.022472
-0.069618
-0.088054
-0.064157
-0.027672
0.004717
0.019192
0.016236
0.020882
0.049457
0.109511
0.188199
0.253474
0.263594
0.158429
0.006212
-0.144965
-0.210160
-0.156832
-0.026173
0.088783
0.148417
0.110982
0.010144
-0.100613
-0.187852
-0.232385
-0.201038
-0.122267
-0.031359
0.040227
0.050177
0.010397
-0.046952
-0.082713
-0.085959
-0.051487
-0.013086
0.013853
0.022272
0.027464
0.043887
0.086538
0.153908
0.218131
0.260851
0.209554
0.080051
-0.060122
-0.168638
-0.188813
-0.098895
0.026470
0.120915
0.144257
0.067578
-0.049226
-0.150935
-0.217662
-0.221889
-0.155459
-0.075095
0.006132
0.044199
0.032990
-0.010744
-0.055376
-0.084296
-0.071597
-0.040367
0.001759
0.026003
0.028873
0.027211
0.047387
0.100734
0.184548
0.254669
0.270804
0.167408
0.016010
-0.128130
-0.193079
-0.152241
-0.038449
0.073855
0.137123
0.116886
0.026441
-0.083020
-0.178731
-0.229087
-0.207668
-0.128098
-0.033129
0.039685
0.046306
0.009865
-0.039192
-0.069832
-0.069480
-0.040854
-0.018470
-0.001089
0.012806
0.024557
0.047091
0.090098
0.154379
0.218394
0.269506
0.227786
0.100539
-0.048476
-0.172315
-0.196088
-0.109668
0.025631
0.130481
0.155438
0.078033
-0.035183
-0.145777
-0.212715
-0.227840
-0.169429
-0.080136
0.011695
0.054947
0.037606
-0.018129
-0.063766
-0.080213
-0.062671
-0.026765
0.004294
0.020531
0.023928
0.032859
0.064478
0.126284
0.194674
0.251358
0.258872
0.161852
0.021003
-0.124179
-0.192014
-0.154226
-0.034761
0.080679
0.149303
0.121815
0.027283
-0.087460
-0.175643
-0.236617
-0.212745
-0.130319
-0.032947
0.050961
0.062857
0.015566
-0.042730
-0.080264
-0.083437
-0.043870
-0.009597
0.019423
0.029692
0.035814
0.051860
0.105469
0.175454
0.241018
0.276277
0.202758
0.058988
-0.088954
-0.183510
-0.175910
-0.067016
0.054032
0.135951
0.133589
0.052978
-0.058792
-0.155966
-0.218790
-0.216049
-0.148435
-0.057099
0.027208
0.053827
0.027422
-0.025431
-0.064580
-0.078436
-0.053480
-0.019653
0.010249
0.019928
0.024288
0.036193
0.077936
0.148390
0.218011
0.265623
0.241071
0.122775
-0.022284
-0.150056
-0.190230
-0.125596
0.003239
0.110288
0.150748
0.094064
-0.013314
-0.122835
-0.196278
-0.225709
-0.183482
-0.101330
-0.002464
0.055072
0.048970
-0.008951
-0.063751
-0.086780
-0.063901
-0.023252
0.007942
0.023025
0.019246
0.028360
0.055433
0.122629
0.201541
0.265533
0.269881
0.166051
0.014887
-0.133022
-0.203906
-0.159840
-0.028591
0.091506
0.156955
0.118661
0.017645
-0.099158
-0.185259
-0.231312
-0.199757
-0.118871
-0.024037
0.043269
0.051833
0.005040
-0.046114
-0.077149
-0.078539
-0.041757
-0.011399
0.014048
0.029052
0.036431
0.051417
0.095530
0.163841
0.236618
0.276059
0.208307
0.069159
-0.086872
-0.187662
-0.184550
-0.077807
0.052546
0.140248
0.137122
0.050552
-0.066069
-0.159898
-0.212802
-0.208371
-0.148985
-0.064662
0.014761
0.046945
0.026854
-0.022277
-0.064123
-0.078927
-0.057068
-0.023342
0.006626
0.024549
0.032055
0.045619
0.083958
0.149809
0.221719
0.275300
0.241767
0.107569
-0.057410
-0.183354
-0.202744
-0.108488
0.035355
0.126684
0.143226
0.069754
-0.038037
-0.134456
-0.190600
-0.222982
-0.176743
-0.099962
-0.004583
0.056215
0.052240
-0.004863
-0.057759
-0.089247
-0.072557
-0.028255
0.006946
0.027508
0.028341
0.036147
0.069451
0.141405
0.218638
0.287927
0.267670
0.127643
-0.045591
-0.184551
-0.212901
-0.122496
0.023251
0.126008
0.153350
0.083049
-0.027234
-0.126258
-0.191596
-0.220189
-0.182354
-0.103148
-0.006783
0.055250
0.054453
-0.001294
-0.056831
-0.084308
-0.069098
-0.029469
0.003206
0.019700
0.023433
0.032138
0.061098
0.119753
0.198473
0.275097
0.281863
0.168883
0.003178
-0.154197
-0.224016
-0.161339
-0.015802
0.107982
0.168598
0.117970
0.006504
-0.104558
-0.184498
-0.225162
-0.194653
-0.122448
-0.030443
0.044371
0.058682
0.020369
-0.034107
-0.075861
-0.078709
-0.046210
-0.010964
0.016299
0.026417
0.032546
0.055589
0.106590
0.181969
0.262207
0.296819
0.203760
0.041945
-0.130103
-0.225107
-0.189657
-0.047661
0.093765
0.171435
0.143958
0.034995
-0.086266
-0.177930
-0.225618
-0.207997
-0.131463
-0.037715
0.043864
0.065904
0.029872
-0.031479
-0.076582
-0.087808
-0.055658
-0.011402
0.019438
0.031740
0.037254
0.053962
0.098529
0.170659
0.242129
0.289327
0.225279
0.072446
-0.097730
-0.206486
-0.201293
-0.077709
0.067564
0.160030
0.156624
0.059351
-0.067743
-0.164408
-0.223583
-0.220950
-0.148047
-0.054777
0.037718
0.069939
0.038671
-0.024510
-0.075483
-0.093356
-0.063317
-0.021889
0.017545
0.034831
0.037432
0.047633
0.083139
0.150796
0.235290
0.296377
0.246367
0.096328
-0.076078
-0.203106
-0.212994
-0.099839
0.047986
0.151131
0.167214
0.077646
-0.049593
-0.155650
-0.220496
-0.226802
-0.161366
-0.070113
0.022128
0.062711
0.043827
-0.015411
-0.068676
-0.091165
-0.069802
-0.031257
0.014111
0.037079
0.040670
0.047796
0.075058
0.140770
0.228609
0.300125
0.262734
0.109965
-0.068210
-0.216223
-0.229221
-0.108936
0.050491
0.152677
0.165381
0.069783
-0.047192
-0.142092
-0.203462
-0.229049
-0.176180
-0.094556
0.008140
0.071102
0.058949
-0.008131
-0.067765
-0.097809
-0.077229
-0.029447
0.009443
0.027721
0.028174
0.033002
0.064632
0.137309
0.222499
0.293878
0.271325
0.124360
-0.057482
-0.197990
-0.223317
-0.130484
0.020319
0.128654
0.162456
0.096457
-0.022995
-0.140193
-0.209518
-0.239099
-0.181675
-0.090319
0.005937
0.056071
0.047729
-0.012018
-0.060105
-0.083160
-0.069633
-0.030448
0.002928
0.014601
0.015721
0.021538
0.052245
0.119523
0.203291
0.276326
0.285462
0.162463
-0.012315
-0.170787
-0.231319
-0.166269
-0.019593
0.106826
0.166206
0.118497
0.007082
-0.109331
-0.185943
-0.232750
-0.211048
-0.129867
-0.031277
0.051996
0.066252
0.016005
-0.051232
-0.092025
-0.094289
-0.050280
-0.008125
0.020219
0.022629
0.028555
0.048972
0.109931
0.193803
0.274700
0.290033
0.175678
-0.002990
-0.171420
-0.235026
-0.171381
-0.023805
0.103122
0.160503
0.115280
0.010052
-0.104464
-0.184229
-0.231281
-0.208399
-0.130720
-0.035721
0.041682
0.055312
0.011256
-0.046654
-0.086688
-0.091749
-0.055955
-0.014184
0.018183
0.027409
0.026599
0.036234
0.083176
0.166338
0.260218
0.305255
0.218919
0.046013
-0.139801
-0.243259
-0.209998
-0.062575
0.086388
0.167364
0.143032
0.034321
-0.088790
-0.179606
-0.232945
-0.221646
-0.148823
-0.050354
0.038723
0.064767
0.028632
-0.036481
-0.084058
-0.092235
-0.061371
-0.026378
0.004013
0.021254
0.031389
0.048417
0.088229
0.158301
0.235237
0.289178
0.232731
0.080914
-0.094981
-0.223186
-0.221823
-0.098477
0.057194
0.157539
0.156094
0.059279
-0.064758
-0.164728
-0.224500
-0.225789
-0.161972
-0.070182
0.024782
0.067403
0.042286
-0.023329
-0.080582
-0.099602
-0.068273
-0.022397
0.010691
0.024242
0.024280
0.033416
0.070187
0.137535
0.220359
0.286331
0.258070
0.118018
-0.052121
-0.186599
-0.215416
-0.127238
0.016267
0.119919
0.155013
0.089438
-0.022896
-0.129259
-0.198487
-0.228991
-0.182421
-0.103602
-0.007125
0.053389
0.054113
-0.000921
-0.058630
-0.091925
-0.075998
-0.035698
0.001051
0.020659
0.027240
0.041675
0.072485
0.132124
0.205401
0.273085
0.270617
0.151775
-0.014644
-0.168364
-0.227905
-0.153393
-0.001367
0.116108
0.163921
0.102403
-0.010692
-0.114780
-0.186447
-0.224979
-0.188457
