-0.014357
-0.093376
-0.156965
-0.211271
-0.211012
-0.189785
-0.122754
-0.042110
0.025988
0.068141
0.074126
0.047916
-0.002232
-0.053168
-0.107049
-0.139687
-0.148112
-0.142690
-0.107532
-0.062181
-0.013063
0.029534
0.056691
0.060148
0.046504
0.026764
-0.008762
-0.020615
-0.047867
-0.036274
-0.008789
0.027968
0.082286
0.123623
0.153960
0.170602
0.189210
0.196607
0.199333
0.198643
0.170703
0.105960
0.027810
-0.069659
-0.140896
-0.216450
-0.231129
-0.213240
-0.156090
-0.063745
0.012106
0.071782
0.088410
0.074266
0.025334
-0.029417
-0.086762
-0.140206
-0.155640
-0.160629
-0.132031
-0.082190
-0.030471
0.021813
0.055220
0.067986
0.054784
0.039218
0.003454
-0.017037
-0.034350
-0.050916
-0.018934
0.010831
0.060950
0.112676
0.147371
0.168892
0.189383
0.198191
0.199487
0.198710
0.186261
0.135357
0.065115
-0.028697
-0.114785
-0.190973
-0.238565
-0.223309
-0.186719
-0.093592
-0.007450
0.062258
0.093086
0.087508
0.046685
-0.010381
-0.067866
-0.126244
-0.158039
-0.165541
-0.154555
-0.103120
-0.050575
0.010003
0.051650
0.073990
0.065385
0.046423
0.016485
-0.015891
-0.030785
-0.049186
-0.042373
-0.008054
0.027873
0.087750
0.133680
0.164714
0.188574
0.200770
0.201186
0.212312
0.211652
0.171955
0.112690
0.010159
-0.095884
-0.187944
-0.265249
-0.259799
-0.220066
-0.128379
-0.023634
0.060657
0.104075
0.104393
0.075916
0.011937
-0.044589
-0.111091
-0.164853
-0.183746
-0.180691
-0.138585
-0.074608
-0.003124
0.048125
0.080737
0.077436
0.050636
0.023394
-0.010347
-0.031347
-0.037892
-0.053819
-0.028625
0.005471
0.045532
0.111552
0.144722
0.184907
0.199995
0.210492
0.206711
0.200407
0.185060
0.122677
0.061026
-0.044333
-0.131523
-0.214308
-0.261428
-0.235886
-0.187884
-0.076694
0.012834
0.087283
0.107660
0.087630
0.041045
-0.030481
-0.084629
-0.146502
-0.174428
-0.180362
-0.163045
-0.107396
-0.047850
0.019824
0.061906
0.082497
0.066865
0.036495
0.004406
-0.029903
-0.042690
-0.051413
-0.056418
-0.015664
0.018743
0.076562
0.126578
0.166361
0.187027
0.208803
0.210219
0.203624
0.202187
0.161400
0.090977
0.004261
-0.100484
-0.180768
-0.252177
-0.247472
-0.215932
-0.132705
-0.028372
0.048085
0.099960
0.097154
0.065000
0.000665
-0.059993
-0.123227
-0.169885
-0.180661
-0.177412
-0.136394
-0.075623
-0.013935
0.041021
0.072557
0.072869
0.048337
0.019012
-0.016990
-0.038994
-0.047435
-0.058334
-0.035738
-0.000759
0.040637
0.104562
0.142526
0.177511
0.197793
0.210212
0.197965
0.198119
0.179254
0.118924
0.050521
-0.047797
-0.137311
-0.212284
-0.254590
-0.231152
-0.184794
-0.080390
0.003236
0.076435
0.097323
0.079814
0.031459
-0.032784
-0.091750
-0.148659
-0.177134
-0.179664
-0.161317
-0.105884
-0.048058
0.014251
0.053688
0.071591
0.055622
0.030251
-0.005424
-0.031482
-0.045437
-0.046146
-0.052264
-0.020025
0.010608
0.054672
0.109906
0.150814
0.178605
0.196334
0.204953
0.194397
0.183237
0.167655
0.101642
0.032088
-0.061451
-0.145888
-0.228681
-0.254046
-0.229391
-0.174257
-0.058414
0.021812
0.083268
0.095362
0.066986
0.011446
-0.048332
-0.104072
-0.156568
-0.173184
-0.175429
-0.151500
-0.093298
-0.035595
0.023660
0.061059
0.071914
0.049949
0.023927
-0.010293
-0.034087
-0.043509
-0.049401
-0.049882
-0.012607
0.019283
0.073302
0.127167
0.159864
0.182788
0.199401
0.197639
0.188652
0.182732
0.147961
0.083469
0.013245
-0.082856
-0.158725
-0.233604
-0.241576
-0.218107
-0.143137
-0.041104
0.035346
0.086516
0.085648
0.053890
-0.003636
-0.059502
-0.114123
-0.157048
-0.166827
-0.168231
-0.133364
-0.078125
-0.020295
0.032468
0.063930
0.066689
0.044395
0.018470
-0.015277
-0.035342
-0.042030
-0.051566
-0.034784
-0.000155
0.037094
0.098150
0.136958
0.172071
0.192825
0.202510
0.202654
0.195497
0.185660
0.133407
0.064111
-0.024172
-0.121524
-0.187306
-0.250377
-0.230607
-0.194928
-0.103679
-0.009231
0.061814
0.096190
0.084267
0.045229
-0.019851
-0.076308
-0.129936
-0.168376
-0.169149
-0.158634
-0.111863
-0.054048
0.005206
0.046846
0.070522
0.063095
0.036249
0.010314
-0.020380
-0.037437
-0.038235
-0.043666
-0.021147
0.016233
0.054338
0.112307
0.151001
0.183531
0.200276
0.207504
0.203790
0.200251
0.182249
0.126952
0.056007
-0.040431
-0.126437
-0.209586
-0.250741
-0.226149
-0.180019
-0.071687
0.014612
0.083628
0.102072
0.085738
0.034897
-0.026368
-0.079551
-0.136351
-0.162731
-0.165114
-0.150330
-0.095542
-0.037774
0.021920
0.061620
0.079786
0.062616
0.038215
0.007616
-0.017843
-0.029889
-0.033573
-0.031746
-0.016157
0.023266
0.064003
0.119335
0.165868
0.189704
0.216089
0.214074
0.213063
0.200161
0.181503
0.114736
0.037583
-0.057658
-0.150367
-0.234409
-0.249726
-0.223728
-0.151946
-0.037135
0.046853
0.101701
0.111491
0.079346
0.021958
-0.034296
-0.091228
-0.141264
-0.159410
-0.162789
-0.137288
-0.077672
-0.019435
0.038850
0.075059
0.083662
0.060786
0.036005
0.003606
-0.016771
-0.026039
-0.023475
-0.021810
-0.002034
0.037410
0.078280
0.139703
0.172712
0.199355
0.214319
0.215993
0.203484
0.202740
0.167802
0.104461
0.017951
-0.075654
-0.170654
-0.245583
-0.241561
-0.212660
-0.120250
-0.011061
0.064163
0.108498
0.105021
0.068281
0.008681
-0.041358
-0.098347
-0.142231
-0.154297
-0.158000
-0.122259
-0.063756
-0.003494
0.048798
0.083204
0.080755
0.059007
0.034644
0.000372
-0.012841
-0.022625
-0.020843
-0.015659
0.007651
0.047341
0.090102
0.145703
0.173040
0.196529
0.211670
0.206653
0.202994
0.192396
0.149410
0.081349
-0.001612
-0.088966
-0.169437
-0.221681
-0.220067
-0.186986
-0.100080
-0.012119
0.057893
0.094217
0.090640
0.053835
0.004176
-0.048555
-0.102820
-0.137790
-0.150745
-0.144331
-0.106940
-0.053758
0.001654
0.047488
0.075061
0.072639
0.055608
0.030277
0.005000
-0.012414
-0.022337
-0.022452
-0.005872
0.006829
0.049892
0.092188
0.134582
0.175845
0.200616
0.209472
0.209014
0.187125
0.169252
0.120575
0.059944
-0.012511
-0.083257
-0.154341
-0.208311
-0.207719
-0.179466
-0.101148
-0.014170
0.049824
0.082204
0.076088
0.036916
-0.012258
-0.062398
-0.106981
-0.131915
-0.137243
-0.131095
-0.094792
-0.049662
-0.001638
0.040271
0.064123
0.060589
0.042536
0.019225
-0.007158
-0.021830
-0.019344
-0.018203
-0.004113
0.035049
0.064710
0.108408
0.145841
0.168117
0.183985
0.196078
0.181829
0.171747
0.153423
0.095624
0.032830
-0.038969
-0.108015
-0.177011
-0.206326
-0.202444
-0.162810
-0.078300
-0.007205
0.047244
0.069916
0.053889
0.014906
-0.029244
-0.078347
-0.118286
-0.134045
-0.140753
-0.126170
-0.083790
-0.041441
0.005168
0.040290
0.054812
0.043657
0.028633
0.001599
-0.020053
-0.023822
-0.025786
-0.019226
0.013747
0.040708
0.080514
0.122301
0.142546
0.164859
0.178505
0.184326
0.170169
0.167083
0.123192
0.065890
0.003555
-0.069896
-0.132120
-0.189809
-0.211991
-0.198826
-0.143939
-0.061172
0.004716
0.056521
0.060623
0.037396
-0.006989
-0.055580
-0.102188
-0.130779
-0.141765
-0.139339
-0.113010
-0.073029
-0.030980
0.012494
0.038705
0.045006
0.035028
0.012385
-0.013285
-0.027814
-0.029891
-0.026593
-0.012216
0.024318
0.052973
0.090725
0.127380
0.137256
0.161095
0.169055
0.171077
0.158817
0.157215
0.108525
0.046810
-0.014007
-0.091082
-0.152815
-0.202251
-0.212010
-0.190994
-0.121917
-0.047479
0.015001
0.054539
0.052107
0.021726
-0.019374
-0.071681
-0.113398
-0.138361
-0.144877
-0.138636
-0.101932
-0.062702
-0.017325
0.021298
0.041427
0.041137
0.029893
0.007771
-0.017862
-0.029045
-0.028743
-0.030320
-0.004603
0.025846
0.057149
0.103919
0.129600
0.146095
0.166059
0.170248
0.165989
0.159643
0.143753
0.093760
0.037409
-0.033877
-0.102882
-0.166464
-0.209864
-0.212399
-0.177860
-0.103274
-0.026952
0.032714
0.059778
0.048536
0.012306
-0.034409
-0.083770
-0.122700
-0.140434
-0.145734
-0.129086
-0.091835
-0.050244
-0.005281
0.030476
0.044481
0.041685
0.024212
0.000857
-0.020455
-0.028973
-0.030092
-0.025008
0.004840
0.034560
0.072901
0.114182
0.135351
0.153501
0.167546
0.169926
0.170764
0.162774
0.136757
0.085548
0.022173
-0.051072
-0.116718
-0.176095
-0.211122
-0.202592
-0.160491
-0.083926
-0.010939
0.043383
0.061996
0.046892
0.006090
-0.043662
-0.093090
-0.129227
-0.145070
-0.144265
-0.122775
-0.080103
-0.037278
0.006886
0.036712
0.047242
0.040480
0.023150
-0.000494
-0.027760
-0.031430
-0.030060
-0.015362
0.008567
0.039403
0.075282
0.106437
0.137524
0.152030
0.177326
0.182755
0.186861
0.179628
0.149337
0.085012
0.012654
-0.067581
-0.135792
-0.207220
-0.224489
-0.216131
-0.156727
-0.068443
0.010019
0.064254
0.077228
0.055201
0.002751
-0.049771
-0.105621
-0.145512
-0.157279
-0.154907
-0.127275
-0.077666
-0.029113
0.018756
0.048887
0.056394
0.037887
0.017712
-0.015455
-0.035221
-0.039641
-0.031837
-0.016770
0.017681
0.050041
0.089148
0.121468
0.144747
0.161010
0.173074
0.174735
0.171251
0.166408
0.136098
0.076345
0.014747
-0.068623
-0.129692
-0.198303
-0.219542
-0.206017
-0.154072
-0.065366
0.006228
0.059897
0.068969
0.045973
-0.002943
-0.056802
-0.106711
-0.147153
-0.155591
-0.152806
-0.122013
-0.073677
-0.027745
0.017015
0.043626
0.047813
0.032397
0.011171
-0.016878
-0.037759
-0.036529
-0.031827
-0.011728
0.021173
0.056646
0.091794
0.123756
0.146103
0.155041
0.167457
0.172578
0.174427
0.176061
0.153149
0.093230
0.020055
-0.066894
-0.138944
-0.219586
-0.230832
-0.216313
-0.158294
-0.065215
0.011893
0.060893
0.075286
0.052486
0.002461
-0.050545
-0.101547
-0.153852
-0.163192
-0.165640
-0.136218
-0.081386
-0.027921
0.021641
0.051097
0.056165
0.034370
0.010285
-0.021754
-0.045608
-0.043475
-0.037853
-0.012344
0.022494
0.059261
0.094599
0.123397
0.143652
0.153933
0.169020
0.179641
0.187307
0.180667
0.161269
0.101837
0.025308
-0.060705
-0.131956
-0.214676
-0.237188
-0.217691
-0.166458
-0.072752
0.013908
0.063911
0.080325
0.062599
0.007360
-0.047560
-0.098311
-0.151283
-0.166812
-0.164708
-0.141434
-0.084332
-0.028042
0.020576
0.056109
0.063333
0.039516
0.015834
-0.013708
-0.041957
-0.039902
-0.035445
-0.017786
0.022078
0.053602
0.091351
0.128565
0.145771
0.162370
0.172328
0.176704
0.182938
0.183867
0.179862
0.132591
0.067262
-0.023228
-0.103100
-0.202212
-0.246601
-0.233616
-0.186595
-0.085034
0.006688
0.073745
0.090095
0.080607
0.030888
-0.025151
-0.074145
-0.132800
-0.162734
-0.167883
-0.155859
-0.102026
-0.041832
0.016750
0.058141
0.079468
0.056983
0.030586
-0.003420
-0.034755
-0.040462
-0.032531
-0.019112
0.016425
0.050165
0.088022
0.126948
0.156737
0.172639
0.183863
0.182240
0.184979
0.181202
0.186331
0.162870
0.101550
0.023157
-0.070801
-0.166507
-0.244229
-0.235041
-0.205745
-0.105896
-0.009973
0.066800
0.096095
0.093769
0.053463
-0.000202
-0.049782
-0.106481
-0.154024
-0.165963
-0.167054
-0.122184
-0.058868
0.006366
0.055584
0.085347
0.072669
0.044684
0.015046
-0.022759
-0.037137
-0.032223
-0.022313
0.006257
0.044943
0.081454
0.119201
0.150995
0.169938
0.180457
0.185498
0.188885
0.198970
0.204832
0.193143
0.146065
0.062921
-0.031806
-0.125616
-0.227740
-0.248086
-0.227414
-0.153025
-0.042126
0.046640
0.105190
0.112555
0.091132
0.033096
-0.021142
-0.081046
-0.140838
-0.168870
-0.175417
-0.150712
-0.086172
-0.016343
0.046600
0.088115
0.095916
0.066574
0.034021
-0.004955
-0.037003
-0.038405
-0.034455
-0.012686
0.027351
0.069681
0.113705
0.153074
0.179052
0.186552
0.200233
0.191380
0.199016
0.194231
0.206631
0.169978
0.110929
0.018503
-0.083225
-0.201894
-0.261473
-0.253181
-0.197413
-0.074352
0.030018
0.101666
0.130833
0.107883
0.057919
-0.000597
-0.059020
-0.121459
-0.164538
-0.186963
-0.178955
-0.122302
-0.049809
0.029082
0.083716
0.106604
0.085225
0.049128
0.002740
-0.031805
-0.051104
-0.044902
-0.031257
0.004216
0.047203
0.096254
0.139526
0.168138
0.183507
0.189039
0.191375
0.195278
0.198737
0.204065
0.194988
0.142048
0.064391
-0.036291
-0.145105
-0.247885
-0.260569
-0.238407
-0.141104
-0.022624
0.066451
0.120885
0.125472
0.085301
0.027898
-0.033675
-0.097110
-0.154845
-0.184276
-0.193680
-0.159673
-0.092019
-0.015926
0.051962
0.094157
0.096945
0.065576
0.026628
-0.015105
-0.042216
-0.049577
-0.047302
-0.028237
0.007302
0.048282
0.095979
0.134987
0.173753
0.182887
0.198220
0.197534
0.198514
0.194140
0.197633
0.160679
0.098380
0.008633
-0.095153
-0.206634
-0.270672
-0.263729
-0.211325
-0.087544
0.016831
0.096216
0.127827
0.104880
0.050473
-0.010759
-0.078112
-0.137841
-0.183360
-0.202159
-0.193656
-0.136223
-0.065515
0.016202
0.071390
0.097537
0.077558
0.040929
-0.004789
-0.040038
-0.058247
-0.059631
-0.053143
-0.020297
0.015926
0.061758
0.109724
0.145973
0.172395
0.184707
0.192368
0.194483
0.194176
0.198648
0.189795
0.133745
0.055024
-0.051086
-0.177877
-0.283165
-0.301574
-0.272795
-0.160997
-0.027845
0.066603
0.127173
0.129013
0.080758
0.018268
-0.049547
-0.123331
-0.180299
-0.216179
-0.227391
-0.186871
-0.114018
-0.029394
0.050159
0.092346
0.093082
0.057659
0.009049
-0.039885
-0.066022
-0.072555
-0.067439
-0.048772
-0.011033
0.023559
0.075456
0.120163
0.156197
0.177754
0.182985
0.182723
0.174798
0.169311
0.175236
0.152402
0.094430
0.009863
-0.094396
-0.216997
-0.289661
-0.286629
-0.236387
-0.112225
-0.002527
0.075763
0.111038
0.089849
0.039884
-0.022402
-0.083999
-0.150716
-0.195081
-0.222377
-0.213904
-0.160466
-0.085317
-0.001279
0.060626
0.086902
0.070491
0.028985
-0.018219
-0.057475
-0.070713
-0.070118
-0.059338
-0.042803
-0.005966
0.032604
0.083700
0.127619
0.168392
0.176911
0.185413
0.179594
0.167282
0.157861
0.157165
0.110097
0.045412
-0.040410
-0.143136
-0.247916
-0.284239
-0.266543
-0.192071
-0.066846
0.022969
0.088491
0.096813
0.063783
0.003888
-0.054930
-0.118164
-0.172597
-0.206421
-0.215427
-0.190653
-0.124870
-0.052734
0.022433
0.066548
0.075423
0.043201
0.002967
-0.045505
-0.073201
-0.080217
-0.068920
-0.051115
-0.007577
0.028319
0.080855
0.120232
0.153734
0.165395
0.169479
0.161457
0.155199
0.151184
0.163790
0.144038
0.088672
0.005263
-0.099057
-0.219634
-0.289497
-0.284937
-0.236050
-0.111689
-0.008433
0.067891
0.098604
0.081775
0.030843
-0.023578
-0.085723
-0.147498
-0.193737
-0.217563
-0.211759
-0.154969
-0.082141
-0.001035
0.056117
0.080794
0.061089
0.024155
-0.020997
-0.058132
-0.072880
-0.067956
-0.058324
-0.024854
0.013801
0.058455
0.105221
0.146287
0.164376
0.173910
0.174047
0.167789
0.162664
0.164845
0.162461
0.116309
0.042069
-0.054158
-0.177696
-0.279194
-0.293730
-0.262867
-0.153341
-0.028071
0.059745
0.107805
0.103246
0.057461
-0.001256
-0.057635
-0.122612
-0.173960
-0.205950
-0.213280
-0.173531
-0.102692
-0.020723
0.048409
0.088143
0.081764
0.046003
0.004854
-0.038689
-0.057382
-0.056799
-0.048886
-0.039040
-0.002106
0.029879
0.078565
0.129323
0.166572
0.187024
0.198285
0.196084
0.181612
0.185325
0.176416
0.132833
0.072392
-0.029099
-0.134525
-0.244422
-0.286400
-0.265023
-0.183129
-0.053055
0.037860
0.112671
0.114109
0.083599
0.025407
-0.037303
-0.097778
-0.153769
-0.187550
-0.202116
-0.176776
-0.114311
-0.038318
0.040208
0.085260
0.100431
0.068513
0.028467
-0.020128
-0.049110
-0.057719
-0.049482
-0.031705
-0.001636
0.039831
0.087715
0.137187
0.173378
0.189317
0.200803
0.187620
0.186272
0.167897
0.174575
0.143814
0.081496
0.006067
-0.089202
-0.197899
-0.257666
-0.244676
-0.195996
-0.076999
0.022521
0.087337
0.108702
0.085782
0.034459
-0.019071
-0.069675
-0.125906
-0.162689
-0.176844
-0.172459
-0.119378
-0.049797
0.021739
0.075990
0.099624
0.079499
0.042315
0.003505
-0.033189
-0.042293
-0.036199
-0.027939
0.000464
0.040227
0.082892
0.135063
0.177371
0.191003
0.206777
0.202660
0.192165
0.192073
0.191229
0.147905
0.085438
-0.009155
-0.106213
-0.213508
-0.256717
-0.241745
-0.177172
-0.056152
0.033375
0.102127
0.112692
0.088283
0.035954
-0.019986
-0.073423
-0.129817
-0.160664
-0.175972
-0.160389
-0.103089
-0.034152
0.035282
0.080949
0.097589
0.072988
0.041112
0.004503
-0.021643
-0.026425
-0.036300
-0.023319
0.002509
0.032508
0.085098
0.131232
0.175365
0.199988
0.213031
0.213273
0.207686
0.197455
0.188856
0.138695
0.071146
-0.025835
-0.114869
-0.216999
-0.253435
-0.228636
-0.162904
-0.046308
0.042911
0.105570
0.109471
0.084132
0.028423
-0.029328
-0.080981
-0.134828
-0.163513
-0.169512
-0.151622
-0.093680
-0.024066
0.040392
0.082665
0.097792
0.069026
0.036001
-0.003861
-0.029957
-0.036040
-0.024498
-0.014366
0.011329
0.045694
0.081618
0.130214
0.173379
0.193442
0.209071
0.216513
0.200330
0.188025
0.178023
0.120511
0.048881
-0.031248
-0.119881
-0.210945
-0.237627
-0.214774
-0.157466
-0.044732
0.041638
0.093021
0.101354
0.074266
0.013129
-0.038218
-0.088255
-0.138910
-0.153886
-0.155244
-0.140195
-0.079582
-0.021858
0.032746
0.074814
0.084184
0.059698
0.033194
-0.007533
-0.029410
-0.032692
-0.026458
-0.012125
0.018806
0.049090
0.092426
0.135828
0.168586
0.189509
0.210196
0.207215
0.194340
0.194957
0.162000
0.104785
0.030868
-0.061495
-0.154207
-0.239943
-0.248840
-0.219084
-0.128335
-0.021812
0.062590
0.102286
0.092866
0.054825
-0.007472
-0.058860
-0.109986
-0.152102
-0.163251
-0.162994
-0.128475
-0.068795
-0.005838
0.045769
0.077900
0.075292
0.045411
0.017023
-0.016882
-0.031654
-0.039774
-0.038181
-0.013439
0.013496
0.055968
0.104030
0.144435
0.179109
0.201534
0.216232
0.208129
0.205596
0.189325
0.141699
0.073918
-0.022092
-0.113397
-0.220298
-0.272938
-0.255180
-0.195164
-0.073919
0.026129
0.103522
0.111185
0.086003
0.025044
-0.042351
-0.094463
-0.147758
-0.176009
-0.180550
-0.164287
-0.109763
-0.042599
0.024352
0.066508
0.084816
0.057630
0.022397
-0.018928
-0.046795
-0.054215
-0.044544
-0.028641
0.002053
0.042757
0.084493
0.130572
0.161497
0.181524
0.191708
0.194912
0.193936
0.189184
0.182857
0.128262
0.047672
-0.049257
-0.162391
-0.270671
-0.288549
-0.255816
-0.158511
-0.027756
0.065842
0.114527
0.107672
0.061585
-0.005799
-0.063117
-0.119073
-0.168673
-0.189312
-0.191355
-0.158720
-0.090177
-0.016165
0.046152
0.081836
0.077089
0.040435
0.000157
-0.037852
-0.059601
-0.051352
-0.040742
-0.017963
0.018453
0.052376
0.091227
0.137285
0.164905
0.182887
0.204336
0.204175
0.200331
0.213969
0.174675
0.105587
0.009674
-0.109190
-0.247429
-0.311734
-0.300116
-0.238306
-0.085172
0.032220
0.113975
0.142145
0.108409
0.036580
-0.029463
-0.095580
-0.159835
-0.193816
-0.207148
-0.196469
-0.132627
-0.056990
0.021636
0.077107
0.098014
0.068079
0.031786
-0.020879
-0.058655
-0.069013
-0.063203
-0.044717
-0.006222
0.028173
0.072228
0.118697
0.157246
0.176235
0.202346
0.200979
0.194878
0.201789
0.194831
0.155781
0.085270
-0.014298
-0.142052
-0.272372
-0.311802
-0.298345
-0.194710
-0.046810
0.064206
0.134486
0.138502
0.087584
0.014232
-0.049583
-0.116715
-0.168693
-0.197912
-0.212595
-0.182135
-0.117559
-0.033494
0.042902
0.092643
0.096598
0.061361
0.013994
-0.033598
-0.059249
-0.057029
-0.052110
-0.038192
-0.005062
0.017033
0.071079
0.115542
0.160904
0.191069
0.208155
0.213676
0.205379
0.199604
0.197817
0.147140
0.076864
-0.031727
-0.158078
-0.284447
-0.314937
-0.284290
-0.174356
-0.022075
0.083420
0.141846
0.134748
0.078183
0.004375
-0.059126
-0.119489
-0.171512
-0.198992
-0.206951
-0.176118
-0.105392
-0.021116
0.055487
0.098896
0.099592
0.057635
0.010429
-0.038577
-0.059109
-0.058506
-0.051899
-0.027994
-0.000435
0.028925
0.073819
0.118337
0.163375
0.191307
0.207595
0.214475
0.200785
0.197098
0.186315
0.137006
0.064839
-0.032195
-0.150303
-0.272345
-0.298802
-0.274686
-0.170483
-0.023100
0.077907
0.137434
0.129082
0.074272
-0.001190
-0.060729
-0.119993
-0.168368
-0.189664
-0.198941
-0.166417
-0.100262
-0.020695
0.050735
0.095531
0.096347
0.056674
0.010294
-0.039334
-0.060928
-0.061638
-0.045708
-0.023080
0.008088
0.043517
0.086076
0.131563
0.169947
0.188940
0.203073
0.207908
0.195107
0.204642
0.176480
0.119178
0.037424
-0.070302
-0.180518
-0.280281
-0.282252
-0.247057
-0.128343
-0.001722
0.084852
0.131836
0.108457
0.054961
-0.016421
-0.075387
-0.131649
-0.174464
-0.187722
-0.189071
-0.143767
-0.075877
0.000780
0.061377
0.092064
0.080702
0.040842
-0.000330
-0.039939
-0.052297
-0.044586
-0.027091
-0.017471
0.014641
0.034721
0.073749
0.119415
0.156933
0.194169
0.220801
0.221824
0.214010
0.206963
0.169962
0.101613
0.018230
-0.081134
-0.206439
-0.288325
-0.291084
-0.246235
-0.111041
0.019311
0.110589
0.148471
0.119246
0.049748
-0.027436
-0.088971
-0.147371
-0.179405
-0.190837
-0.182604
-0.133016
-0.062546
0.015404
0.071902
0.102075
0.080213
0.037232
-0.012796
-0.051976
-0.062485
-0.050120
-0.025094
0.001989
0.028519
0.058569
0.090387
0.134852
0.169230
0.196322
0.208734
0.202117
0.193114
0.181296
0.141751
0.086689
0.003491
-0.081338
-0.193845
-0.266378
-0.262284
-0.216298
-0.090760
0.019052
0.104473
0.121417
0.094888
0.029725
-0.038556
-0.089617
-0.138857
-0.167322
-0.173125
-0.163113
-0.115331
-0.051772
0.017485
0.065410
0.092077
0.069526
0.033292
-0.009198
-0.044991
-0.050381
-0.036258
-0.018173
0.007312
0.028584
0.058937
0.092010
0.136674
0.172488
0.194936
0.218348
0.207189
0.193934
0.181462
0.128332
0.063538
-0.019655
-0.102894
-0.215073
-0.257774
-0.246798
-0.189976
-0.063139
0.036187
0.106634
0.115527
0.081823
0.013648
-0.048972
-0.098177
-0.146821
-0.163156
-0.165816
-0.148319
-0.096265
-0.032791
0.028310
0.068338
0.083910
0.055944
0.022194
-0.014241
-0.037814
-0.037238
-0.020192
-0.016795
0.001897
0.025615
0.046105
0.087203
0.136356
0.166045
0.200159
0.212594
0.208330
0.193000
0.179432
0.119107
0.057580
-0.023067
-0.111023
-0.207559
-0.253587
-0.243718
-0.182941
-0.069146
0.032422
0.100112
0.110144
0.077705
0.012887
-0.049886
-0.100085
-0.143752
-0.164081
-0.161554
-0.145265
-0.092604
-0.031507
0.026565
0.067395
0.082138
0.056577
0.021896
-0.017855
-0.045854
-0.047878
-0.033180
-0.014093
0.016034
0.037021
0.071075
0.102167
0.142548
0.167825
0.190869
0.204936
0.193791
0.182033
0.157283
0.100362
0.031963
-0.042474
-0.119004
-0.219493
-0.243211
-0.232298
-0.168270
-0.053538
0.042651
0.096677
0.099787
0.065223
-0.007739
-0.062774
-0.110602
-0.153661
-0.161223
-0.158490
-0.136732
-0.080650
-0.021797
0.029448
0.065593
0.073272
0.042417
0.016092
-0.019132
-0.040185
-0.043074
-0.031670
-0.013162
0.008394
0.033971
0.062531
0.104619
0.141767
0.170378
0.194272
0.198514
0.192653
0.178128
0.149491
0.089628
0.021536
-0.055386
-0.136033
-0.217432
-0.242097
-0.220793
-0.154328
-0.046439
0.044354
0.090199
0.092402
0.052553
-0.014689
-0.069216
-0.117990
-0.155593
-0.159786
-0.152426
-0.125409
-0.068695
-0.015065
0.031949
0.065613
0.065676
0.038279
0.006244
-0.027644
-0.045184
-0.038639
-0.021369
-0.003597
0.021414
0.040333
0.075447
0.106771
0.142605
0.168382
0.185669
0.193283
0.184831
0.168935
0.145927
0.084511
0.016745
-0.055156
-0.137458
-0.219068
-0.239128
-0.215519
-0.150432
-0.037187
0.045604
0.087906
0.088954
0.047905
-0.018728
-0.068876
-0.117757
-0.154151
-0.157183
-0.150100
-0.121059
-0.062459
-0.011709
0.035481
0.065700
0.063916
0.034726
0.005995
-0.026567
-0.042672
-0.034745
-0.020311
0.001677
0.021627
0.046956
0.081989
0.117063
0.156206
0.176048
0.202899
0.193378
0.184198
0.172381
0.128672
0.068398
-0.003692
-0.083962
-0.179673
-0.245893
-0.243205
-0.208728
-0.102083
0.004008
0.080694
0.105318
0.086164
0.025957
-0.038259
-0.087579
-0.136414
-0.159385
-0.159870
-0.149919
-0.103605
-0.044556
0.011693
0.055423
0.077630
0.059130
0.027924
-0.004374
-0.031483
-0.036451
-0.033649
-0.019163
0.004874
0.025253
0.054088
0.085445
0.125466
0.155183
0.183390
0.203843
0.199167
0.194025
0.167684
0.117682
0.054874
-0.024268
-0.092960
-0.187437
-0.241016
-0.236206
-0.192086
-0.089765
0.016069
0.089559
0.105725
0.084700
0.019906
-0.047598
-0.096110
-0.145618
-0.162010
-0.155682
-0.136581
-0.088706
-0.030331
0.020951
0.059350
0.076775
0.056685
0.025265
-0.008824
-0.038048
-0.040544
-0.027740
-0.004383
0.017521
0.039373
0.065748
0.097847
0.137239
0.166817
0.194035
0.210344
0.209463
0.195176
0.160674
0.100615
0.021203
-0.060684
-0.140584
-0.236499
-0.248759
-0.225354
-0.144723
-0.028576
0.069250
0.112766
0.108226
0.062366
-0.015382
-0.072518
-0.121218
-0.162329
-0.160790
-0.153345
-0.117931
-0.060651
-0.000806
0.045417
0.077242
0.073625
0.042531
0.011778
-0.021113
-0.037183
-0.035699
-0.019642
-0.001589
0.027757
0.043454
0.080098
0.113615
0.153272
0.183960
0.208484
0.208171
0.205333
0.178467
0.125056
0.073551
-0.014999
-0.079534
-0.173202
-0.242907
-0.242675
-0.201046
-0.100268
0.011026
0.097704
0.113927
0.093143
0.030879
-0.046847
-0.092344
-0.140710
-0.160171
-0.154733
-0.136671
-0.092013
-0.034628
0.022244
0.060718
0.082419
0.063102
0.030796
-0.006255
-0.036782
-0.039806
-0.028035
-0.002254
0.022437
0.043093
0.063805
0.084987
0.123258
0.151267
0.188686
0.201634
0.203437
0.192081
0.152809
0.108980
0.035169
-0.028740
-0.103795
-0.198006
-0.239368
-0.233544
-0.175455
-0.065716
0.041624
0.103633
0.112408
0.078167
0.001877
-0.060114
-0.111474
-0.150104
-0.155722
-0.145012
-0.118869
-0.068457
-0.013103
0.033458
0.068626
0.076195
0.051389
0.021478
-0.013681
-0.030670
-0.029317
-0.011867
-0.010998
0.020546
0.039931
0.057889
0.098669
0.132266
0.165712
0.200020
0.207544
0.200620
0.179928
0.136226
0.066906
0.006019
-0.061805
-0.142871
-0.211182
-0.232871
-0.214997
-0.133162
-0.021780
0.062882
0.107883
0.100595
0.042680
-0.025478
-0.082407
-0.131589
-0.154210
-0.148187
-0.138032
-0.097299
-0.045674
0.002802
0.046951
0.073454
0.064957
0.039773
0.005879
-0.028910
-0.038691
-0.029819
-0.011429
0.014988
0.036074
0.049734
0.075805
0.113126
0.144246
0.189008
0.207478
0.207059
0.187498
0.138383
0.077540
0.015574
-0.045067
-0.100017
-0.174103
-0.216833
-0.216954
-0.173396
-0.074317
0.025059
0.089185
0.103872
0.067450
-0.002968
-0.068889
-0.117803
-0.153597
-0.149337
-0.136859
-0.108719
-0.062929
-0.017710
0.024068
0.058403
0.065382
0.045368
0.017279
-0.018313
-0.038729
-0.031907
-0.020264
0.005943
0.025863
0.044122
0.063544
0.099018
0.128440
0.170004
0.200931
0.209528
0.203054
0.160632
0.107968
0.036776
-0.023823
-0.082114
-0.163364
-0.219107
-0.234266
-0.202740
-0.112223
0.000982
0.082227
0.113536
0.093147
0.022851
-0.050509
-0.107327
-0.152202
-0.159561
-0.145793
-0.123441
-0.079850
-0.029977
0.012665
0.052311
0.069166
0.054709
0.028191
-0.005899
-0.037805
-0.040031
-0.029829
-0.005539
0.016581
0.041396
0.056377
0.088316
0.121127
0.156201
0.187679
0.201382
0.203714
0.181131
0.135490
0.075953
-0.000994
-0.062169
-0.141061
-0.215977
-0.235154
-0.216953
-0.143132
-0.032616
0.060857
0.103887
0.103946
0.051225
-0.024687
-0.083961
-0.134654
-0.164152
-0.156074
-0.140594
-0.099782
-0.045467
0.007957
0.047608
0.072813
0.064701
0.036821
0.005497
-0.024933
-0.036263
-0.033120
-0.020949
0.004445
0.027455
0.055882
0.081503
0.111849
0.148063
0.171847
0.200618
0.204936
0.195334
0.160067
0.105102
0.028982
-0.038295
-0.107716
-0.191869
-0.230278
-0.224416
-0.177303
-0.070752
0.030113
0.093659
0.112257
0.078482
0.007854
-0.060293
-0.113608
-0.158827
-0.160991
-0.148938
-0.117635
-0.065269
-0.011415
0.032507
0.066007
0.072142
0.052853
0.021546
-0.009887
-0.032841
-0.035204
-0.027645
-0.009452
0.020855
0.045714
0.073258
0.097875
0.132263
0.158126
0.189822
0.204730
0.201747
0.179964
0.131899
0.064578
-0.003668
-0.067767
-0.149495
-0.219522
-0.231580
-0.215030
-0.127367
-0.015829
0.072069
0.116178
0.105664
0.046513
-0.031016
-0.089983
-0.144274
-0.165304
-0.154466
-0.138139
-0.089370
-0.037333
0.013295
0.054340
0.076791
0.067119
0.037754
0.004758
-0.031242
-0.039717
-0.030230
-0.020648
0.008594
0.035898
0.056781
0.082617
0.117366
0.145966
0.186368
0.203064
0.208063
0.188955
0.156129
0.100296
0.027146
-0.034721
-0.115128
-0.206476
-0.239951
-0.235272
-0.172142
-0.055870
0.049924
0.105679
0.118051
0.072888
-0.003311
-0.065374
-0.118505
-0.160571
-0.159527
-0.150458
-0.123025
-0.064884
-0.010502
0.040281
0.079135
0.081777
0.053674
0.017976
-0.023659
-0.045945
-0.041008
-0.020710
0.005472
0.035173
0.050914
0.070463
0.099143
0.133437
0.171075
0.196873
0.216573
0.202098
0.173822
0.124746
0.047696
-0.013143
-0.082589
-0.176982
-0.236984
-0.242365
-0.206959
-0.106884
0.016492
0.090949
0.124686
0.100707
0.026134
-0.046322
-0.104752
-0.152651
-0.169322
-0.154229
-0.136130
-0.085074
-0.026778
0.022913
0.066660
0.083155
0.063108
0.030599
-0.007398
-0.035907
-0.042128
-0.022565
-0.003040
0.002496
0.043687
0.055807
0.081449
0.122853
0.148799
0.182582
0.201234
0.204302
0.182973
0.145789
0.089157
0.009199
-0.042489
-0.122953
-0.202494
-0.230646
-0.223268
-0.160858
-0.048622
0.051662
0.101980
0.111845
0.063627
-0.013475
-0.074268
-0.126050
-0.162843
-0.158632
-0.144761
-0.113162
-0.055628
-0.001872
0.041334
0.072264
0.071692
0.043061
0.013426
-0.022119
-0.041740
-0.035229
-0.016482
0.008022
0.035562
0.054146
0.074999
0.095201
0.133120
0.158550
0.194188
0.207860
0.199254
0.174615
0.116077
0.048398
-0.025263
-0.083969
-0.166122
-0.225358
-0.224315
-0.200200
-0.105562
0.004486
0.081101
0.113864
0.094612
0.029646
-0.048716
-0.101439
-0.153897
-0.167288
-0.151726
-0.132574
-0.081634
-0.027953
0.022002
0.056953
0.077326
0.057129
0.027881
-0.006772
-0.039560
-0.042209
-0.030961
-0.007427
0.023005
0.050986
0.068400
0.087624
0.114904
0.142289
0.175322
0.198647
0.210490
0.193717
0.149626
0.088772
0.004430
-0.054727
-0.139169
-0.220532
-0.239524
-0.227244
-0.153008
-0.040964
0.060056
0.106273
0.111213
0.061176
-0.019322
-0.079988
-0.134127
-0.171082
-0.163609
-0.149780
-0.111377
-0.053752
0.002084
0.040656
0.076423
0.068183
0.041979
0.008056
-0.026502
-0.041412
-0.031858
-0.023771
0.000273
0.032148
0.049346
0.075275
0.107369
0.137857
0.176278
0.205700
0.212128
0.207561
0.167291
0.113510
0.035726
-0.036595
-0.105777
-0.206592
-0.244930
-0.245838
-0.187144
-0.074283
0.035805
0.112665
0.121518
0.088798
0.004649
-0.067849
-0.124183
-0.167553
-0.174518
-0.161029
-0.130794
-0.078033
-0.017305
0.032583
0.069202
0.078780
0.050572
0.017013
-0.025478
-0.049070
-0.050426
-0.029968
-0.003014
0.027019
0.049859
0.068643
0.091608
0.123970
0.153707
0.190308
0.206909
0.211456
0.195233
0.146022
0.084193
0.002536
-0.060034
-0.170927
-0.250425
-0.264012
-0.243646
-0.126851
-0.003382
0.100380
0.139925
0.120385
0.045233
-0.040325
-0.101505
-0.156664
-0.177810
-0.175361
-0.158372
-0.110630
-0.050932
0.013431
0.060568
0.088072
0.071362
0.035074
-0.007286
-0.047262
-0.055632
-0.045781
-0.027184
0.007766
0.039719
0.061815
0.085366
0.110746
0.138026
0.167630
0.200553
0.214047
0.213270
0.197245
0.137420
0.054266
-0.026705
-0.123284
-0.245173
-0.275372
-0.271243
-0.194824
-0.050526
0.064110
0.135069
0.146488
0.093548
0.003151
-0.067423
-0.130532
-0.177300
-0.185694
-0.182965
-0.149844
-0.086357
-0.014847
0.046207
0.088076
0.091408
0.053683
0.013083
-0.034701
-0.059338
-0.055600
-0.032360
-0.000107
0.029062
0.058318
0.068650
0.086543
0.111396
0.143095
0.177851
0.212334
0.219003
0.214361
0.180772
0.108047
0.022332
-0.048635
-0.160499
-0.257314
-0.270527
-0.259596
-0.154878
-0.014069
0.092216
0.148011
0.144104
0.069821
-0.020304
-0.088851
-0.152092
-0.183004
-0.184010
-0.173756
-0.127736
-0.062445
0.006309
0.061662
0.096063
0.085936
0.047047
0.000446
-0.046332
-0.065723
-0.056886
-0.029328
0.009397
0.043306
0.071536
0.085024
0.107645
0.135322
0.162673
0.196269
0.216933
0.215308
0.201507
0.145751
0.074095
-0.007602
-0.080037
-0.203426
-0.256427
-0.267025
-0.224699
-0.094218
0.031961
0.121983
0.155293
0.120814
0.033056
-0.049434
-0.114114
-0.167695
-0.178800
-0.178235
-0.153004
-0.100958
-0.035781
0.026770
0.074068
0.094845
0.070764
0.031875
-0.015264
-0.049516
-0.054783
-0.040040
-0.016727
0.011906
0.047929
0.070097
0.092377
0.120893
0.144579
0.171932
0.203261
0.220893
0.221598
0.198418
0.145438
0.061226
-0.021680
-0.121991
-0.250653
-0.278706
-0.277511
-0.188988
-0.045204
0.077450
0.146775
0.154939
0.098930
0.006116
-0.065103
-0.125928
-0.170130
-0.179541
-0.179369
-0.146590
-0.087948
-0.012095
0.049390
0.096443
0.100460
0.065746
0.021044
-0.028243
-0.055784
-0.055619
-0.031480
-0.000920
0.032360
0.059722
0.077264
0.101330
0.124307
0.161787
0.186239
0.215464
0.215542
0.205785
0.173546
0.097606
0.024212
-0.047130
-0.149462
-0.240940
-0.254266
-0.243006
-0.141295
-0.007970
0.093482
0.145539
0.137117
0.066021
-0.018514
-0.085817
-0.140302
-0.170873
-0.169080
-0.158627
-0.114740
-0.056506
0.005632
0.059060
0.090960
0.085251
0.053999
0.008150
-0.034281
-0.051793
-0.044969
-0.019644
0.013439
0.044232
0.066345
0.082513
0.104780
0.132501
0.169736
0.202064
0.222842
0.220814
0.200762
0.142786
0.067568
-0.011923
-0.090631
-0.204264
-0.255394
-0.261332
-0.210068
-0.081924
0.037193
0.125489
0.146783
0.111596
0.028672
-0.050784
-0.111408
-0.157800
-0.169570
-0.166562
-0.141462
-0.089933
-0.030043
0.030556
0.074384
0.091486
0.069710
0.030547
-0.014758
-0.048474
-0.048411
-0.034182
0.000541
0.029209
0.055524
0.072552
0.088382
0.114434
0.151153
0.187318
0.217746
0.227583
0.207611
0.159805
0.101512
0.014544
-0.042172
-0.135465
-0.231891
-0.253155
-0.247843
-0.154880
-0.029236
0.085901
0.138773
0.133789
0.071176
-0.023230
-0.089447
-0.143977
-0.172080
-0.168895
-0.155203
-0.117231
-0.064263
-0.001047
0.046385
0.083387
0.078573
0.048410
0.004935
-0.038054
-0.054766
-0.048662
-0.018916
0.012172
0.041692
0.061144
0.074530
0.096469
0.128978
0.163534
0.200924
0.227177
0.225050
0.191887
0.142844
0.049423
-0.023991
-0.109480
-0.235111
-0.272293
-0.277771
-0.208382
-0.073455
0.055740
0.134120
0.153772
0.108012
0.011408
-0.066093
-0.131624
-0.177892
-0.184296
-0.179703
-0.146913
-0.093876
-0.023347
0.033926
0.080371
0.090504
0.060700
0.018600
-0.031049
-0.057365
-0.060893
-0.040083
-0.004830
0.025200
0.052752
0.067350
0.087423
0.114661
0.150108
0.192103
0.213709
0.233455
0.210315
0.158762
0.091203
-0.001848
-0.075688
-0.211068
-0.277091
-0.301342
-0.254834
-0.119256
0.015756
0.128092
0.166120
0.138912
0.047883
-0.044368
-0.117895
-0.178363
-0.191167
-0.198724
-0.169839
-0.119613
-0.053633
0.019504
0.072633
0.098632
0.076031
0.035732
-0.021888
-0.061359
-0.066749
-0.050706
-0.017492
0.003414
0.037476
0.059715
0.079900
0.105970
0.127911
0.171029
0.191830
0.220447
0.219645
0.185078
0.146709
0.044338
-0.025647
-0.145581
-0.263263
-0.295346
-0.291529
-0.185796
-0.047583
0.084377
0.149371
0.152685
0.093683
-0.005301
-0.073587
-0.144230
-0.179473
-0.194675
-0.188202
-0.149931
-0.089919
-0.009105
0.051545
0.097992
0.095020
0.058034
0.011001
-0.042495
-0.061790
-0.061574
-0.033663
0.000740
0.029038
0.055817
0.068652
0.093187
0.119840
0.159999
0.197702
0.219378
0.235303
0.197814
0.152020
0.072106
-0.011526
-0.082974
-0.215786
-0.267475
-0.287237
-0.233319
-0.102308
0.034387
0.135548
0.164269
0.132965
0.033954
-0.052766
-0.124158
-0.178141
-0.187320
-0.189274
-0.156171
-0.107032
-0.036578
0.028899
0.078634
0.099377
0.072944
0.031843
-0.023791
-0.059718
-0.065946
-0.049929
-0.011005
0.022942
0.052395
0.075248
0.091958
0.118673
0.147028
0.189450
0.212846
0.240765
0.230455
0.189772
0.125671
0.020065
-0.057586
-0.200802
-0.285299
-0.304394
-0.270011
-0.134598
0.010487
0.132383
0.178115
0.163675
0.074940
-0.025971
-0.098784
-0.172734
-0.193343
-0.204485
-0.183891
-0.131208
-0.060451
0.020659
0.080957
0.115322
0.093848
0.051603
-0.007916
-0.055280
-0.070765
-0.057273
-0.030527
-0.000063
0.039110
0.064165
0.090245
0.115675
0.143155
0.173602
0.202846
0.219316
0.223202
0.203121
0.152833
0.077636
-0.007844
-0.093735
-0.225930
-0.274929
-0.283085
-0.217095
-0.075495
0.057925
0.146832
0.169476
0.123468
0.027249
-0.059154
-0.124694
-0.177444
-0.185267
-0.187692
-0.154724
-0.098981
-0.025107
0.042949
0.092159
0.103871
0.073717
0.025765
-0.027306
-0.061002
-0.061166
-0.039414
-0.009554
0.013449
0.054554
0.065780
0.090595
0.119905
0.146716
0.180355
0.207550
0.219207
0.223663
0.191777
0.149352
0.060610
-0.010835
-0.129053
-0.253886
-0.287812
-0.291790
-0.185994
-0.039356
0.093854
0.163396
0.167563
0.099182
-0.001604
-0.074021
-0.140221
-0.176320
-0.183668
-0.187190
-0.145616
-0.089712
-0.006227
0.055414
0.107718
0.103432
0.067164
0.012620
-0.043830
-0.069867
-0.068085
-0.038342
0.005857
0.038300
0.071751
0.079963
0.098596
0.123302
0.150918
0.186794
0.206758
0.215200
0.204050
0.172988
0.111738
0.029432
-0.030101
-0.148873
-0.247478
-0.268878
-0.265654
-0.155780
-0.015551
0.099702
0.153437
0.147172
0.068896
-0.026347
-0.092113
-0.153129
-0.176796
-0.177610
-0.169231
-0.127974
-0.068522
0.000516
0.056902
0.095722
0.086389
0.047916
-0.000929
-0.049205
-0.069429
-0.055443
-0.026394
0.010848
0.046652
0.070052
0.075627
0.102305
0.126627
0.155761
0.193477
0.205848
0.213948
0.203151
0.156833
0.103625
0.019355
-0.050031
-0.184138
-0.263958
-0.287210
-0.258087
-0.126254
0.008912
0.119021
0.157880
0.131520
0.046047
-0.043604
-0.106604
-0.161335
-0.178641
-0.183282
-0.166788
-0.119345
-0.056652
0.013020
0.063783
0.094419
0.074102
0.033177
-0.018131
-0.061071
-0.070519
-0.054479
-0.022555
0.014548
0.048846
0.069152
0.088076
0.123766
0.145105
0.177378
0.202248
0.200999
0.207371
0.185024
0.150318
0.077751
0.017518
-0.089085
-0.236172
-0.286333
-0.311611
-0.230263
-0.078945
0.064063
0.150076
0.170043
0.114602
0.006748
-0.066133
-0.134788
-0.176092
-0.180911
-0.193013
-0.162567
-0.112222
-0.038758
0.029513
0.086362
0.098138
0.067548
0.018182
-0.037723
-0.068902
-0.068203
-0.051194
-0.018188
0.013720
0.048511
0.063697
0.090502
0.119026
0.147434
0.174641
0.201384
0.205839
0.205320
0.204591
0.162441
0.093857
0.025383
-0.101795
-0.255431
-0.308697
-0.327236
-0.235441
-0.071807
0.075135
0.156876
0.181946
0.118026
0.013353
-0.060817
-0.132422
-0.180360
-0.188072
-0.204326
-0.177043
-0.119196
-0.041820
0.032958
0.095983
0.107330
0.071802
0.022393
-0.041770
-0.079316
-0.078410
-0.057632
-0.016362
0.020029
0.049909
0.065671
0.091374
0.122523
0.151146
0.180502
0.192803
0.204563
0.195265
0.195120
0.162178
0.101596
0.026763
-0.088762
-0.243452
-0.308308
-0.322495
-0.238384
-0.082690
0.070704
0.153091
0.178182
0.122046
0.021018
-0.056329
-0.122868
-0.174703
-0.188269
-0.204024
-0.185970
-0.129709
-0.051193
0.028015
0.094387
0.111548
0.076443
0.023714
-0.039449
-0.075359
-0.073305
-0.049353
-0.010720
0.007963
0.042243
0.058608
0.075573
0.108656
0.136678
0.161977
0.186895
0.204958
0.201078
0.205398
0.178393
0.121709
0.047503
-0.041539
-0.180746
-0.277861
-0.304926
-0.274312
-0.146820
0.005425
0.111486
0.162698
0.145531
0.061862
-0.023552
-0.088243
-0.152858
-0.180683
-0.194990
-0.193114
-0.145737
-0.077449
-0.000441
0.067282
0.106566
0.088616
0.046671
-0.009868
-0.060280
-0.073819
-0.062201
-0.037550
-0.007004
0.034643
0.052624
0.075790
0.105217
0.127879
0.162175
0.182351
0.201432
0.197884
0.204745
0.198129
0.148920
0.084717
-0.007238
-0.132399
-0.265339
-0.307215
-0.301684
-0.196939
-0.040075
0.085480
0.156042
0.163914
0.097035
0.008608
-0.064343
-0.130709
-0.178318
-0.191840
-0.206636
-0.169273
-0.104866
-0.026021
0.050961
