-0.070006
-0.051527
0.030214
0.169352
0.316090
0.438539
0.480641
0.443890
0.379443
0.289631
0.072826
-0.119578
-0.265903
-0.309921
-0.168852
-0.000535
0.135853
0.160403
0.075804
-0.052503
-0.137271
-0.197517
-0.199018
-0.224018
-0.219370
-0.264296
-0.257372
-0.175868
-0.086494
-0.002413
0.042604
-0.008023
-0.038135
-0.073224
-0.105414
-0.100654
-0.082271
-0.026275
0.085354
0.212280
0.342485
0.431135
0.461435
0.442871
0.377459
0.272792
0.018223
-0.175333
-0.288431
-0.276507
-0.113124
0.056563
0.137488
0.135117
0.036525
-0.072724
-0.137469
-0.197981
-0.230619
-0.262214
-0.270778
-0.221657
-0.165803
-0.087137
-0.040724
-0.032503
-0.018518
-0.038741
-0.036791
-0.037572
-0.074371
-0.089157
-0.078924
-0.029965
0.115288
0.257914
0.394094
0.463234
0.453328
0.405316
0.360435
0.188450
-0.051624
-0.226512
-0.338663
-0.240305
-0.047106
0.110609
0.178037
0.111422
-0.011483
-0.106361
-0.164628
-0.187270
-0.220300
-0.262041
-0.273084
-0.236928
-0.152455
-0.055735
-0.020963
-0.001873
-0.024173
-0.046618
-0.037074
-0.058350
-0.082694
-0.090418
-0.085566
-0.003695
0.150217
0.294731
0.431038
0.466192
0.441341
0.395062
0.323358
0.111040
-0.118951
-0.279161
-0.328464
-0.187146
0.009371
0.147345
0.170875
0.080978
-0.039840
-0.126803
-0.158862
-0.178608
-0.219657
-0.263815
-0.278198
-0.229720
-0.130657
-0.040928
-0.001824
-0.001427
-0.031956
-0.049509
-0.047602
-0.070685
-0.091881
-0.102217
-0.075314
0.024432
0.175045
0.315966
0.437427
0.465555
0.447537
0.394290
0.303488
0.056617
-0.166717
-0.312408
-0.312705
-0.145990
0.056677
0.163682
0.165396
0.059459
-0.053916
-0.128498
-0.148249
-0.169930
-0.210420
-0.233870
-0.226560
-0.214194
-0.166210
-0.093805
-0.059566
-0.001719
0.003735
-0.006772
-0.030511
-0.080278
-0.131550
-0.134036
-0.088708
0.055073
0.203941
0.346455
0.434497
0.447970
0.431156
0.391866
0.290279
0.051629
-0.185318
-0.320912
-0.293156
-0.123044
0.067905
0.158995
0.134642
0.037279
-0.055008
-0.111281
-0.121595
-0.167206
-0.245033
-0.280137
-0.276573
-0.185103
-0.081211
-0.018655
-0.012447
-0.022447
-0.045735
-0.035875
-0.038248
-0.062946
-0.108023
-0.120951
-0.080614
0.042397
0.198400
0.335361
0.416861
0.440507
0.416410
0.384906
0.318558
0.085583
-0.159055
-0.312873
-0.318251
-0.144433
0.064768
0.168052
0.153784
0.046499
-0.065638
-0.117784
-0.130853
-0.155358
-0.221557
-0.270972
-0.281169
-0.203137
-0.099354
-0.016564
-0.010570
-0.017586
-0.052372
-0.048592
-0.041500
-0.056661
-0.094615
-0.104095
-0.082463
0.032183
0.181879
0.319047
0.411818
0.438393
0.418816
0.392473
0.323707
0.097879
-0.154167
-0.321001
-0.324440
-0.153774
0.055457
0.173262
0.157949
0.061581
-0.049616
-0.104998
-0.123300
-0.146888
-0.214459
-0.253151
-0.274650
-0.214433
-0.125314
-0.033944
-0.014485
-0.007106
-0.043437
-0.043110
-0.050084
-0.059103
-0.104144
-0.113740
-0.088102
0.032136
0.180288
0.330115
0.418306
0.455731
0.426604
0.398112
0.315436
0.075526
-0.169196
-0.324983
-0.323053
-0.144836
0.059495
0.171533
0.158676
0.062670
-0.043692
-0.103114
-0.120768
-0.132694
-0.202155
-0.226504
-0.239284
-0.187071
-0.147068
-0.081156
-0.063041
-0.025717
-0.028574
-0.014718
-0.040201
-0.073841
-0.130074
-0.141535
-0.113487
0.013117
0.158588
0.294975
0.383519
0.422502
0.426836
0.414884
0.370540
0.184971
-0.110913
-0.299182
-0.360068
-0.195106
0.017057
0.173904
0.166783
0.088140
-0.037137
-0.083527
-0.118790
-0.107945
-0.191454
-0.240605
-0.285649
-0.238903
-0.140610
-0.032036
-0.010405
-0.007531
-0.057335
-0.062876
-0.056484
-0.053790
-0.093735
-0.117956
-0.122674
-0.036731
0.096129
0.248835
0.352453
0.411723
0.407809
0.392807
0.357793
0.275165
0.012993
-0.206118
-0.345308
-0.276929
-0.077173
0.123452
0.182487
0.137227
0.006041
-0.072429
-0.113317
-0.110923
-0.152919
-0.218294
-0.259646
-0.247052
-0.183510
-0.092547
-0.034427
-0.021506
-0.026895
-0.050176
-0.051164
-0.055046
-0.078892
-0.112188
-0.117009
-0.070178
0.058324
0.205460
0.331860
0.406333
0.426339
0.411045
0.391628
0.314287
0.059924
-0.188130
-0.347877
-0.319312
-0.119865
0.091549
0.188357
0.154983
0.036704
-0.060382
-0.109408
-0.109520
-0.124633
-0.202750
-0.247271
-0.265935
-0.208085
-0.115659
-0.035927
-0.014328
-0.019254
-0.057624
-0.058987
-0.066445
-0.079506
-0.110763
-0.125395
-0.098782
0.012023
0.147548
0.281523
0.373884
0.417902
0.418822
0.397292
0.347952
0.193718
-0.091255
-0.276339
-0.351548
-0.215527
-0.011064
0.159764
0.169965
0.106418
-0.024658
-0.079569
-0.123355
-0.112464
-0.178353
-0.223850
-0.259448
-0.220130
-0.156801
-0.063941
-0.034049
-0.021214
-0.043821
-0.051401
-0.057937
-0.062751
-0.100272
-0.123125
-0.125280
-0.053998
0.072588
0.219039
0.329974
0.402700
0.416988
0.405670
0.373736
0.293299
0.047449
-0.190452
-0.337287
-0.298658
-0.107427
0.090388
0.183191
0.140793
0.032860
-0.059012
-0.103845
-0.115122
-0.127998
-0.205581
-0.235758
-0.247458
-0.181223
-0.111847
-0.046208
-0.037732
-0.032824
-0.062170
-0.046669
-0.061811
-0.075924
-0.118776
-0.129031
-0.103767
0.009410
0.135154
0.271501
0.346302
0.396228
0.390251
0.382155
0.346437
0.242699
-0.031797
-0.227596
-0.346323
-0.240876
-0.047606
0.138723
0.173582
0.118467
-0.011104
-0.074046
-0.117861
-0.103348
-0.147263
-0.210405
-0.246695
-0.228976
-0.160492
-0.081176
-0.047223
-0.035983
-0.048921
-0.059300
-0.052838
-0.064942
-0.090064
-0.119282
-0.122631
-0.069523
0.049398
0.180998
0.294592
0.368100
0.398491
0.401166
0.377965
0.334586
0.148058
-0.118894
-0.285947
-0.328158
-0.165612
0.030095
0.161982
0.148501
0.068457
-0.042538
-0.081385
-0.118604
-0.106066
-0.178435
-0.223901
-0.245371
-0.201578
-0.134922
-0.056926
-0.041956
-0.027774
-0.056190
-0.060672
-0.063821
-0.077095
-0.108133
-0.122802
-0.118755
-0.036134
0.080596
0.210167
0.304814
0.363654
0.382901
0.387648
0.360619
0.303588
0.105198
-0.147249
-0.288548
-0.298039
-0.122064
0.058038
0.166458
0.133743
0.050344
-0.055350
-0.088491
-0.119665
-0.113776
-0.190924
-0.221024
-0.236610
-0.187881
-0.122203
-0.052246
-0.047664
-0.035461
-0.061940
-0.053220
-0.059109
-0.070597
-0.105431
-0.119920
-0.105950
-0.011008
0.106159
0.237248
0.324524
0.369211
0.379932
0.379144
0.346910
0.281025
0.054279
-0.174485
-0.298661
-0.268896
-0.085210
0.091302
0.163174
0.123164
0.020938
-0.064712
-0.097877
-0.110170
-0.121398
-0.194431
-0.225106
-0.230292
-0.179760
-0.114077
-0.046988
-0.042957
-0.029303
-0.059712
-0.053720
-0.061852
-0.074432
-0.112479
-0.118719
-0.099764
0.007110
0.126089
0.252265
0.324575
0.371917
0.376167
0.381463
0.340102
0.264720
0.019324
-0.188903
-0.305072
-0.243861
-0.063239
0.109326
0.160796
0.116772
0.006721
-0.068002
-0.106958
-0.113997
-0.136076
-0.200085
-0.225751
-0.224406
-0.171929
-0.104509
-0.043882
-0.040440
-0.032920
-0.062876
-0.057634
-0.068318
-0.080210
-0.115975
-0.114419
-0.086959
0.027088
0.139677
0.260392
0.323671
0.367168
0.367063
0.367887
0.322461
0.247670
0.005424
-0.185623
-0.293878
-0.226898
-0.060451
0.102980
0.139771
0.103535
0.001950
-0.064088
-0.100048
-0.109818
-0.155758
-0.212513
-0.239029
-0.234947
-0.171847
-0.085923
-0.036758
-0.027138
-0.034404
-0.061619
-0.060292
-0.062929
-0.079033
-0.106740
-0.101338
-0.060434
0.042224
0.166210
0.280026
0.355710
0.395048
0.383256
0.358685
0.306328
0.169876
-0.080248
-0.236922
-0.304974
-0.181985
-0.006375
0.135439
0.140248
0.082557
-0.028800
-0.076089
-0.117950
-0.118018
-0.188847
-0.221169
-0.249986
-0.224735
-0.151137
-0.060119
-0.031666
-0.019488
-0.053472
-0.067589
-0.067546
-0.064039
-0.089703
-0.111329
-0.108449
-0.041098
0.073150
0.210308
0.310989
0.375650
0.386758
0.371668
0.336157
0.286699
0.128604
-0.101392
-0.249480
-0.280522
-0.154923
0.026138
0.138512
0.134455
0.057057
-0.046763
-0.098836
-0.126011
-0.139661
-0.197515
-0.222778
-0.245427
-0.200577
-0.128972
-0.049640
-0.034721
-0.026351
-0.055289
-0.058397
-0.063681
-0.060279
-0.099322
-0.103992
-0.090410
-0.004974
0.111287
0.238383
0.314274
0.377306
0.374054
0.363143
0.322990
0.259375
0.072677
-0.132783
-0.257565
-0.248301
-0.104436
0.063608
0.139291
0.110577
0.021529
-0.068001
-0.103027
-0.119655
-0.152998
-0.208828
-0.232740
-0.238514
-0.178382
-0.103686
-0.046709
-0.038860
-0.038633
-0.060065
-0.054760
-0.055410
-0.059598
-0.092778
-0.091035
-0.066314
0.023047
0.141569
0.262159
0.339105
0.382185
0.371596
0.356866
0.314844
0.232576
0.010171
-0.171082
-0.271484
-0.217623
-0.057871
0.094968
0.136466
0.097293
-0.005230
-0.073887
-0.107395
-0.136472
-0.177740
-0.220643
-0.257393
-0.222628
-0.158776
-0.074794
-0.033843
-0.025795
-0.038881
-0.053101
-0.051892
-0.040170
-0.067599
-0.084271
-0.087712
-0.042636
0.074439
0.209611
0.312481
0.385935
0.389689
0.374035
0.348556
0.300956
0.130979
-0.097682
-0.244007
-0.293124
-0.160423
0.017501
0.135011
0.137499
0.061277
-0.049238
-0.101007
-0.134737
-0.156183
-0.200895
-0.229043
-0.249947
-0.206016
-0.134119
-0.054815
-0.024467
-0.010005
-0.040878
-0.049964
-0.058099
-0.068284
-0.101277
-0.095014
-0.075384
0.020554
0.143670
0.263372
0.341755
0.392864
0.372477
0.367186
0.318661
0.243726
0.039456
-0.154237
-0.259268
-0.235526
-0.086479
0.072025
0.132669
0.104374
0.011772
-0.078393
-0.118472
-0.160649
-0.189441
-0.222819
-0.244351
-0.227483
-0.168570
-0.100531
-0.043044
-0.029010
-0.024338
-0.041063
-0.046843
-0.048699
-0.074898
-0.096784
-0.081617
-0.029522
0.086075
0.217480
0.315601
0.383899
0.394183
0.378301
0.346088
0.289625
0.110748
-0.109589
-0.241082
-0.284530
-0.148367
0.015663
0.123136
0.124172
0.052895
-0.055228
-0.105190
-0.158308
-0.186382
-0.221659
-0.244435
-0.236163
-0.184273
-0.113111
-0.052932
-0.036218
-0.023016
-0.040440
-0.048411
-0.044192
-0.067005
-0.092889
-0.091441
-0.072025
0.024134
0.155383
0.269882
0.355109
0.386850
0.372422
0.356672
0.305079
0.215330
-0.000039
-0.173652
-0.257108
-0.218249
-0.056824
0.080237
0.127216
0.087636
-0.012510
-0.096179
-0.145331
-0.197310
-0.201464
-0.241429
-0.239192
-0.197183
-0.143866
-0.084454
-0.044794
-0.041367
-0.024241
-0.036011
-0.030721
-0.038901
-0.073561
-0.080465
-0.067129
-0.009911
0.121047
0.244392
0.347821
0.402935
0.383110
0.363466
0.324942
0.234252
0.017357
-0.160008
-0.284122
-0.247182
-0.085135
0.073436
0.141072
0.107088
-0.002084
-0.089401
-0.150274
-0.188559
-0.198745
-0.244795
-0.245356
-0.220831
-0.158865
-0.080346
-0.034187
-0.020739
-0.017236
-0.044334
-0.036539
-0.050496
-0.078226
-0.083722
-0.080149
-0.016348
0.113959
0.238842
0.350341
0.401755
0.384809
0.362217
0.312843
0.233160
0.031773
-0.156382
-0.262918
-0.249362
-0.090521
0.069634
0.136271
0.106342
0.007012
-0.092089
-0.141572
-0.193535
-0.215102
-0.253808
-0.245951
-0.198554
-0.133494
-0.074946
-0.040209
-0.045065
-0.039161
-0.046318
-0.033971
-0.028644
-0.059172
-0.079577
-0.079637
-0.030478
0.097775
0.233279
0.341743
0.399796
0.374464
0.341727
0.298330
0.241975
0.079019
-0.108798
-0.228643
-0.248776
-0.119204
0.037209
0.124561
0.105488
0.019179
-0.083796
-0.138413
-0.194327
-0.198327
-0.233905
-0.240522
-0.211550
-0.156520
-0.096824
-0.042468
-0.032737
-0.023518
-0.041482
-0.044063
-0.042812
-0.062386
-0.070154
-0.061571
-0.019791
0.092696
0.222327
0.330937
0.396390
0.381079
0.346182
0.294627
0.232883
0.070296
-0.108127
-0.219223
-0.237622
-0.114608
0.032084
0.117912
0.106545
0.023150
-0.074770
-0.132638
-0.190161
-0.196709
-0.233129
-0.240345
-0.215001
-0.161848
-0.094279
-0.033356
-0.021961
-0.015781
-0.045704
-0.050811
-0.044754
-0.058446
-0.058758
-0.052358
-0.014138
0.093109
0.213575
0.327313
0.399759
0.384062
0.359824
0.307512
0.227986
0.051071
-0.120006
-0.233050
-0.234801
-0.108399
0.037222
0.116369
0.105981
0.022064
-0.072995
-0.131200
-0.186473
-0.199895
-0.234998
-0.240982
-0.209024
-0.151203
-0.082860
-0.037095
-0.027542
-0.025839
-0.044365
-0.038250
-0.037205
-0.059248
-0.068368
-0.069683
-0.023646
0.087471
0.208511
0.316775
0.386974
0.381133
0.356074
0.306538
0.233123
0.071630
-0.116628
-0.221722
-0.229593
-0.108966
0.037974
0.116793
0.102933
0.026130
-0.070758
-0.131735
-0.195719
-0.202458
-0.233741
-0.233042
-0.203135
-0.153113
-0.095558
-0.043401
-0.032505
-0.026496
-0.041175
-0.037361
-0.032334
-0.045659
-0.060419
-0.058042
-0.012648
0.098463
0.224464
0.336041
0.395440
0.387180
0.359288
0.309003
0.223571
0.024515
-0.139896
-0.247883
-0.229459
-0.088729
0.052038
0.121759
0.100253
0.004866
-0.079591
-0.140249
-0.187773
-0.193450
-0.234536
-0.235948
-0.210321
-0.157109
-0.081788
-0.034359
-0.019306
-0.012548
-0.044055
-0.033375
-0.038840
-0.061630
-0.065310
-0.063555
-0.010951
0.115229
0.234919
0.346841
0.394096
0.378704
0.343170
0.289093
0.203272
0.024511
-0.141895
-0.230304
-0.214798
-0.079001
0.058232
0.118147
0.091029
0.000529
-0.086733
-0.148415
-0.189708
-0.196557
-0.232556
-0.232561
-0.206151
-0.153194
-0.083981
-0.032971
-0.019977
-0.016307
-0.038631
-0.032404
-0.036155
-0.050829
-0.054701
-0.047965
0.005534
0.122326
0.241633
0.347016
0.393928
0.378877
0.342528
0.285057
0.182719
-0.014619
-0.163095
-0.249657
-0.202219
-0.062255
0.073257
0.120845
0.086433
-0.015240
-0.092709
-0.164053
-0.194768
-0.206914
-0.237374
-0.224098
-0.195846
-0.139243
-0.071588
-0.033644
-0.027206
-0.023644
-0.042011
-0.026151
-0.039488
-0.055879
-0.061857
-0.044432
0.025261
0.150416
0.265217
0.372099
0.400773
0.382106
0.336934
0.277496
0.130726
-0.064021
-0.201495
-0.259595
-0.175852
-0.019450
0.094883
0.126218
0.061927
-0.038587
-0.112492
-0.171853
-0.191186
-0.211617
-0.244206
-0.228500
-0.196476
-0.123258
-0.057249
-0.027895
-0.020690
-0.030178
-0.044550
-0.030712
-0.050988
-0.058175
-0.062766
-0.040134
0.048124
0.177643
0.296527
0.396782
0.407716
0.383492
0.330596
0.259690
0.073304
-0.111341
-0.238532
-0.258910
-0.134966
0.015177
0.110171
0.112392
0.036491
-0.052377
-0.114947
-0.179043
-0.193564
-0.237979
-0.251543
-0.229721
-0.180720
-0.103895
-0.042650
-0.022114
-0.015381
-0.042377
-0.039688
-0.034045
-0.054425
-0.060667
-0.062770
-0.029251
0.084033
0.204140
0.324079
0.410104
0.415853
0.398992
0.338841
0.219996
-0.009255
-0.174627
-0.280038
-0.234439
-0.085912
0.063709
0.127787
0.108669
0.011238
-0.073562
-0.148467
-0.189754
-0.212601
-0.245638
-0.245795
-0.218328
-0.159888
-0.084130
-0.032896
-0.013434
-0.013392
-0.036550
-0.030798
-0.044572
-0.062586
-0.066692
-0.057597
0.006984
0.133978
0.252426
0.366106
0.420961
0.406624
0.368267
0.300581
0.145183
-0.068789
-0.201488
-0.270754
-0.181127
-0.033660
0.090718
0.123232
0.076705
-0.021025
-0.095422
-0.177859
-0.195343
-0.235022
-0.252164
-0.232635
-0.188888
-0.128391
-0.063483
-0.037527
-0.017728
-0.024885
-0.027029
-0.017187
-0.040313
-0.059217
-0.067848
-0.037897
0.064763
0.203036
0.331609
0.427834
0.434202
0.405153
0.355929
0.227373
-0.010832
-0.167839
-0.293804
-0.244907
-0.094624
0.055670
0.126947
0.112316
0.010005
-0.063714
-0.138602
-0.180625
-0.209040
-0.252029
-0.255968
-0.233497
-0.167450
-0.082195
-0.031297
-0.008088
-0.011274
-0.040745
-0.027100
-0.046819
-0.062797
-0.069857
-0.062859
-0.001964
0.132357
0.258156
0.391033
0.443668
0.436173
0.393900
0.325706
0.114672
-0.104374
-0.246386
-0.304816
-0.182711
-0.021405
0.101198
0.133001
0.078809
-0.024898
-0.094804
-0.177377
-0.194111
-0.246793
-0.258275
-0.247504
-0.202405
-0.129513
-0.056078
-0.031892
-0.001321
-0.022568
-0.025456
-0.028121
-0.058614
-0.074873
-0.073594
-0.038886
0.079434
0.217531
0.347370
0.438037
0.440882
0.412616
0.356421
0.217016
-0.033703
-0.190798
-0.308959
-0.242022
-0.086561
0.071584
0.134440
0.121316
0.008308
-0.070056
-0.155208
-0.194910
-0.223120
-0.262072
-0.260918
-0.228392
-0.161771
-0.079012
-0.031527
-0.013209
-0.013927
-0.038148
-0.023569
-0.045352
-0.061660
-0.069653
-0.050552
0.027149
0.180056
0.307988
0.433179
0.465080
0.443637
0.405417
0.271867
-0.006828
-0.175740
-0.328124
-0.286078
-0.118898
0.042788
0.132895
0.134374
0.030054
-0.051669
-0.130828
-0.175711
-0.203883
-0.252193
-0.259307
-0.254995
-0.193247
-0.109241
-0.049977
-0.003998
0.008171
-0.027528
-0.023369
-0.059586
-0.087275
-0.086284
-0.075952
-0.009220
0.130351
0.259925
0.398477
0.470212
0.467841
0.421433
0.343769
0.105657
-0.120634
-0.273284
-0.330200
-0.192175
-0.017215
0.113831
0.149053
0.085184
-0.027221
-0.096765
-0.181262
-0.195664
-0.251196
-0.268206
-0.267888
-0.218712
-0.136404
-0.053263
-0.014765
0.013289
-0.021285
-0.029536
-0.037289
-0.073661
-0.081118
-0.075386
-0.037561
0.090404
0.233047
0.372083
0.472165
0.479563
0.448767
0.383961
0.156337
-0.096630
-0.256559
-0.349231
-0.226574
-0.051390
0.095159
0.151804
0.112760
-0.000098
-0.079019
-0.170044
-0.201249
-0.247746
-0.265674
-0.264510
-0.231212
-0.157022
-0.078146
-0.030569
0.011808
-0.007256
-0.020553
-0.024653
-0.067482
-0.084796
-0.079609
-0.052464
0.069135
0.219579
0.359937
0.474042
0.502375
0.472405
0.423823
0.179257
-0.089299
-0.264728
-0.373663
-0.245975
-0.059875
0.101522
0.165327
0.123185
0.003628
-0.077998
-0.164647
-0.189114
-0.241536
-0.266989
-0.272203
-0.247884
-0.170904
-0.086089
-0.030491
0.020567
0.001188
-0.018337
-0.023292
-0.068068
-0.088340
-0.090365
-0.075973
0.038037
0.182646
0.323080
0.448897
0.478804
0.461371
0.434342
0.286597
0.001492
-0.193813
-0.360474
-0.317189
-0.128956
0.056233
0.161628
0.159026
0.043022
-0.055154
-0.142187
-0.187644
-0.223159
-0.267420
-0.274562
-0.266933
-0.190268
-0.098702
-0.032095
0.008775
0.007459
-0.031347
-0.021196
-0.054788
-0.075948
-0.076770
-0.070427
0.002385
0.154113
0.296850
0.442177
0.503432
0.488574
0.446740
0.318214
0.020758
-0.177766
-0.346522
-0.328793
-0.151550
0.029929
0.146190
0.159622
0.058073
-0.041321
-0.122092
-0.180725
-0.208632
-0.263617
-0.273331
-0.270539
-0.206422
-0.112530
-0.041016
0.002108
0.011466
-0.035219
-0.025834
-0.049585
-0.077558
-0.080760
-0.085048
-0.030075
0.120510
0.257889
0.411617
0.490019
0.491854
0.453990
0.387859
0.118594
-0.124344
-0.297160
-0.365997
-0.211209
-0.020379
0.126775
0.170209
0.104832
-0.018078
-0.093883
-0.177421
-0.197100
-0.260026
-0.277887
-0.282344
-0.230976
-0.139733
-0.049161
-0.009746
0.020443
-0.025220
-0.029717
-0.038949
-0.070671
-0.080907
-0.083452
-0.061069
0.069616
0.217115
0.374804
0.489004
0.505721
0.472260
0.423017
0.196712
-0.072144
-0.255326
-0.382551
-0.266234
-0.074018
0.098833
0.174065
0.136687
0.009706
-0.078589
-0.174959
-0.200582
-0.248157
-0.269134
-0.272734
-0.245919
-0.166516
-0.082915
-0.025992
0.019337
-0.000596
-0.021616
-0.025933
-0.074102
-0.090679
-0.093941
-0.070852
0.041844
0.193133
0.335002
0.468136
0.490124
0.465937
0.414799
0.267694
-0.018150
-0.195060
-0.354987
-0.302189
-0.128331
0.058630
0.152522
0.154385
0.035839
-0.058214
-0.151637
-0.192686
-0.227765
-0.264734
-0.274247
-0.258996
-0.193375
-0.102742
-0.040452
0.005565
0.003640
-0.027802
-0.024031
-0.058632
-0.087231
-0.095844
-0.092530
-0.010944
0.144945
0.285975
0.426130
0.479788
0.467379
0.430503
0.363910
0.112278
-0.119457
-0.299702
-0.361837
-0.207972
-0.009361
0.134735
0.171634
0.090002
-0.036948
-0.118721
-0.194124
-0.211631
-0.258044
-0.270423
-0.261545
-0.210390
-0.136878
-0.062715
-0.024874
0.007192
-0.020408
-0.020801
-0.036376
-0.073863
-0.090210
-0.092602
-0.060017
0.083075
0.232630
0.384650
0.483455
0.488376
0.443880
0.397786
0.195849
-0.062440
-0.241456
-0.369334
-0.265045
-0.077633
0.095038
0.167210
0.131066
-0.001203
-0.084233
-0.166588
-0.195359
-0.238528
-0.273529
-0.275817
-0.240009
-0.158824
-0.076970
-0.032163
0.001387
-0.009936
-0.029679
-0.024841
-0.067605
-0.091513
-0.099007
-0.085988
0.013584
0.166893
0.303860
0.438790
0.471237
0.460015
0.420281
0.335097
0.072958
-0.134576
-0.317177
-0.336381
-0.179298
0.015214
0.143613
0.164052
0.066495
-0.049745
-0.130602
-0.194610
-0.206848
-0.256645
-0.269911
-0.262666
-0.204593
-0.124012
-0.046430
-0.017002
0.007433
-0.027151
-0.021282
-0.043372
-0.074361
-0.090438
-0.087791
-0.045929
0.092214
0.227639
0.377877
0.463113
0.472186
0.446037
0.400075
0.207448
-0.057013
-0.243769
-0.370388
-0.262992
-0.073825
0.100897
0.170538
0.129187
-0.000301
-0.086511
-0.172758
-0.193630
-0.236111
-0.266281
-0.272091
-0.235002
-0.157755
-0.071953
-0.022972
0.003625
-0.010786
-0.032448
-0.028266
-0.063905
-0.083982
-0.097187
-0.081963
0.010670
0.166609
0.298810
0.428030
0.453325
0.443625
0.404570
0.328607
0.090257
-0.127331
-0.299320
-0.336573
-0.183215
0.006064
0.139748
0.165517
0.075294
-0.043347
-0.125004
-0.193801
-0.206169
-0.255832
-0.265255
-0.250985
-0.192091
-0.113223
-0.043661
-0.018407
-0.002070
-0.032601
-0.025506
-0.035812
-0.064855
-0.085496
-0.088082
-0.055839
0.083397
0.229883
0.372249
0.463681
0.462394
0.424780
0.377795
0.219832
-0.031277
-0.207652
-0.342616
-0.266953
-0.090471
0.084733
0.162760
0.132316
0.010323
-0.080282
-0.159416
-0.188065
-0.219867
-0.252785
-0.255192
-0.230654
-0.157330
-0.081099
-0.037318
-0.007183
-0.014378
-0.028130
-0.018012
-0.045118
-0.076032
-0.095374
-0.094335
-0.014528
0.134443
0.276273
0.403468
0.446566
0.431742
0.393339
0.340320
0.187928
-0.054086
-0.224082
-0.321968
-0.231531
-0.046126
0.107069
0.162248
0.109866
-0.014397
-0.096812
-0.171542
-0.197082
-0.222276
-0.256696
-0.241886
-0.204729
-0.129053
-0.057676
-0.026666
-0.020815
-0.026716
-0.041992
-0.019685
-0.042831
-0.067650
-0.088729
-0.072816
0.012768
0.169161
0.301115
0.415359
0.434672
0.421491
0.384664
0.329578
0.140940
-0.089479
-0.252661
-0.320150
-0.189996
-0.010636
0.132866
0.160579
0.087546
-0.033519
-0.109184
-0.185016
-0.192202
-0.235841
-0.257060
-0.241344
-0.186911
-0.108038
-0.036302
-0.015149
-0.008945
-0.031387
-0.036865
-0.027566
-0.054359
-0.071548
-0.081006
-0.054910
0.046629
0.187677
0.317935
0.429672
0.440816
0.420446
0.363009
0.287903
0.080895
-0.116143
-0.263975
-0.288421
-0.152033
0.023071
0.136097
0.143685
0.052896
-0.050024
-0.127354
-0.185824
-0.192457
-0.246275
-0.247842
-0.223521
-0.162702
-0.093329
-0.039502
-0.025604
-0.006927
-0.025831
-0.017208
-0.023881
-0.053655
-0.074123
-0.083823
-0.047159
0.071326
0.207438
0.336505
0.415632
0.408646
0.383704
0.327867
0.262562
0.097163
-0.104789
-0.227038
-0.263250
-0.141289
0.020304
0.124181
0.126738
0.049573
-0.057679
-0.139223
-0.201646
-0.211177
-0.245628
-0.235145
-0.203781
-0.151925
-0.096697
-0.040190
-0.032760
-0.017107
-0.023623
-0.018003
-0.017583
-0.038762
-0.061986
-0.064265
-0.023735
0.089026
0.221765
0.341890
0.416520
0.412431
0.385375
0.333564
0.240621
0.044002
-0.133026
-0.260417
-0.247631
-0.111949
0.047435
0.132763
0.118955
0.019399
-0.076756
-0.163267
-0.193239
-0.208848
-0.238097
-0.225128
-0.200918
-0.146373
-0.082172
-0.041867
-0.024442
-0.014772
-0.024659
-0.012137
-0.027440
-0.048188
-0.068756
-0.068670
-0.009668
0.110804
0.238507
0.356801
0.402332
0.388372
0.355952
0.307457
0.232984
0.053079
-0.123587
-0.244432
-0.243899
-0.103623
0.048495
0.129808
0.111155
0.013735
-0.091056
-0.181498
-0.216228
-0.229750
-0.237482
-0.205867
-0.177826
-0.139786
-0.087797
-0.051970
-0.030335
-0.010427
-0.019844
-0.014611
-0.029076
-0.043868
-0.061149
-0.047880
0.011549
0.129694
0.249197
0.358657
0.391679
0.376350
0.336526
0.290469
0.207426
0.029463
-0.132595
-0.248775
-0.228133
-0.091005
0.052028
0.112560
0.080072
-0.015915
-0.127619
-0.196353
-0.220984
-0.236027
-0.221545
-0.189430
-0.167117
-0.131527
-0.086754
-0.051503
-0.018773
-0.006737
-0.015182
-0.021911
-0.033435
-0.044676
-0.050158
-0.030252
0.044013
0.159619
0.282164
0.367543
0.382799
0.359514
0.301146
0.249059
0.146864
-0.022697
-0.150800
-0.235798
-0.192276
-0.062607
0.045414
0.075934
0.017415
-0.102673
-0.193231
-0.238936
-0.229136
-0.193564
-0.173275
-0.163698
-0.156741
-0.122255
-0.064555
-0.011562
0.012424
0.010448
-0.012587
-0.010528
-0.007274
0.001728
0.018971
0.056347
0.120686
0.226065
0.304311
0.354163
0.344243
0.300577
0.250780
0.159493
0.015525
-0.128665
-0.232770
-0.215210
-0.123671
-0.009185
0.043329
0.013606
-0.085136
-0.171202
-0.233620
-0.224792
-0.194660
-0.161043
-0.152466
-0.138902
-0.119706
-0.072147
-0.026506
0.012809
0.018662
0.019729
0.012486
0.013187
0.018337
0.033184
0.057500
0.120850
0.202043
0.279326
0.325328
0.322702
0.273926
0.220361
0.141082
0.016598
-0.108572
-0.204620
-0.202437
-0.130584
-0.035482
0.005561
-0.018237
-0.100374
-0.170043
-0.213792
-0.205642
-0.189080
-0.167010
-0.152079
-0.134305
-0.106434
-0.060794
-0.018539
0.016349
0.029074
0.027921
0.031023
0.042907
0.063592
0.089644
0.123798
0.174654
0.234706
0.284455
0.310914
0.289680
0.251687
0.168399
0.038498
-0.101174
-0.192359
-0.195197
-0.129512
-0.039310
-0.000148
-0.028122
-0.094030
-0.162834
-0.205220
-0.200097
-0.179764
-0.161900
-0.158106
-0.144292
-0.123691
-0.079328
-0.029208
0.010296
0.024226
0.025159
0.018867
0.025514
0.037275
0.056704
0.092625
0.145375
0.207497
0.256432
0.280559
0.273161
0.241616
0.207696
0.130274
0.007627
-0.119903
-0.196314
-0.182029
-0.105917
-0.025592
-0.006013
-0.041539
-0.121249
-0.181411
-0.215734
-0.201913
-0.182924
-0.157427
-0.143559
-0.121361
-0.092917
-0.046816
-0.012118
0.014973
0.019359
0.022663
0.031635
0.054601
0.074283
0.101259
0.132820
0.186413
0.244140
0.285525
0.294307
0.263288
0.222840
0.136614
0.013184
-0.114312
-0.192089
-0.181499
-0.110636
-0.031526
-0.006573
-0.034651
-0.109801
-0.168113
-0.211298
-0.205687
-0.190882
-0.167381
-0.151091
-0.126265
-0.103465
-0.055338
-0.020918
0.017680
0.027165
0.027633
0.022799
0.032391
0.049272
0.086867
0.121906
0.178345
0.225115
0.265415
0.278211
0.266315
0.223267
0.172644
0.058687
-0.066275
-0.170612
-0.191973
-0.143157
-0.051064
-0.008682
-0.017655
-0.087425
-0.152799
-0.196653
-0.199959
-0.188445
-0.174682
-0.160480
-0.138420
-0.111027
-0.064347
-0.019445
0.013009
0.026000
0.026049
0.028363
0.043248
0.061429
0.085630
0.116113
0.163062
0.215036
0.265103
0.283834
0.274679
0.237192
0.172286
0.058662
-0.068614
-0.171996
-0.190940
-0.142219
-0.057406
-0.010951
-0.018579
-0.076487
-0.140250
-0.191187
-0.201529
-0.186542
-0.168136
-0.151779
-0.135609
-0.113154
-0.074076
-0.029091
0.007456
0.027508
0.033548
0.034862
0.039761
0.056309
0.075839
0.107229
0.160146
0.210766
0.256281
0.276792
0.265798
0.227006
0.178181
0.074741
-0.041399
-0.153220
-0.187502
-0.149788
-0.065216
-0.008531
-0.008527
-0.070478
-0.141647
-0.194132
-0.199486
-0.179305
-0.158599
-0.150412
-0.144753
-0.126724
-0.083953
-0.034757
0.009698
0.034187
0.035541
0.035608
0.037298
0.051933
0.077291
0.112128
0.157177
0.213968
0.261059
0.289900
0.280581
0.240831
0.179014
0.063186
-0.057003
-0.160329
-0.185667
-0.138756
-0.063830
-0.012944
-0.015406
-0.068668
-0.130277
-0.181160
-0.197395
-0.183614
-0.169075
-0.157911
-0.142417
-0.120968
-0.075133
-0.026493
0.013353
0.032230
0.030042
0.028214
0.037648
0.049780
0.076181
0.099583
0.139320
0.199343
0.253167
0.289671
0.294906
0.243862
0.185576
0.063232
-0.058123
-0.155091
-0.187608
-0.144848
-0.066515
-0.019800
-0.013605
-0.060955
-0.122423
-0.165210
-0.190562
-0.179015
-0.173455
-0.161877
-0.143858
-0.118076
-0.078907
-0.026986
0.004953
0.035756
0.037194
0.035179
0.037774
0.046647
0.068349
0.106484
0.152795
0.213820
0.260279
0.288747
0.287319
0.252627
0.190470
0.060166
-0.072216
-0.174635
-0.197418
-0.138911
-0.053584
-0.000530
-0.009187
-0.065787
-0.131461
-0.172312
-0.184170
-0.167091
-0.158376
-0.150505
-0.151754
-0.131764
-0.087297
-0.026351
0.015965
0.042823
0.035334
0.034241
0.034220
0.044729
0.062486
0.093855
0.132692
0.188670
0.236391
0.277038
0.285220
0.257737
0.195527
0.097978
-0.037841
-0.141706
-0.192135
-0.158952
-0.085318
-0.016756
-0.005490
-0.039223
-0.109415
-0.160309
-0.192532
-0.181680
-0.164331
-0.149184
-0.138135
-0.118781
-0.087493
-0.037042
0.002453
0.029777
0.042653
0.042834
0.050301
0.057935
0.069386
0.091226
0.130382
0.188761
0.252736
0.286972
0.293519
0.257903
0.200420
0.081143
-0.051052
-0.164172
-0.202621
-0.153517
-0.070374
-0.002704
0.001878
-0.041960
-0.113734
-0.168369
-0.193152
-0.179601
-0.160323
-0.137659
-0.141816
-0.130546
-0.099659
-0.045945
0.007874
0.046110
0.046803
0.042832
0.032945
0.040397
0.052948
0.085899
0.131095
0.188620
0.240867
0.276613
0.279677
0.256262
0.204902
0.116549
-0.018778
-0.131888
-0.199650
-0.164052
-0.096884
-0.014396
-0.002100
-0.032614
-0.103016
-0.149890
-0.181572
-0.170880
-0.160985
-0.148530
-0.151889
-0.132904
-0.100094
-0.042572
0.006823
0.041946
0.046163
0.039730
0.036135
0.045904
0.065705
0.096314
0.131873
0.179534
0.233136
0.268797
0.286665
0.262621
0.216470
0.113856
-0.030784
-0.146973
-0.209072
-0.167092
-0.090540
-0.012166
-0.005017
-0.035573
-0.107173
-0.152438
-0.185344
-0.173285
-0.159793
-0.140131
-0.142686
-0.128972
-0.111566
-0.055274
-0.005401
0.039948
0.049894
0.048787
0.035967
0.038634
0.046193
0.077989
0.117097
0.175791
0.230123
0.277450
0.290048
0.272767
0.212850
0.117630
-0.028003
-0.131882
-0.199641
-0.166043
-0.096961
-0.018940
-0.005181
-0.030595
-0.096951
-0.148126
-0.181385
-0.173690
-0.164059
-0.146722
-0.141969
-0.132138
-0.106224
-0.055524
-0.009642
0.030863
0.042888
0.043775
0.043438
0.045100
0.052308
0.072205
0.106012
0.163222
0.225929
0.278271
0.297794
0.273644
0.217949
0.127092
-0.015889
-0.121450
-0.196779
-0.179293
-0.108000
-0.032857
-0.000112
-0.019191
-0.082377
-0.138942
-0.175460
-0.177018
-0.162873
-0.154870
-0.147578
-0.135140
-0.106592
-0.053647
-0.007173
0.028949
0.043555
0.038342
0.043491
0.048340
0.056029
0.076726
0.106026
0.156148
0.222919
0.274001
0.299121
0.285454
0.230256
0.147976
0.002865
-0.114223
-0.198169
-0.187581
-0.117627
-0.032648
0.005963
-0.008169
-0.071335
-0.137502
-0.183151
-0.184394
-0.164412
-0.145966
-0.140263
-0.137932
-0.121232
-0.072950
-0.016107
0.033683
0.056701
0.051854
0.039301
0.033179
0.038895
0.067148
0.105609
0.154086
0.212795
0.265748
0.294816
0.294138
0.245378
0.164182
0.012525
-0.110956
-0.196810
-0.192577
-0.117779
-0.036895
0.003310
-0.011648
-0.069950
-0.130167
-0.170630
-0.178456
-0.163591
-0.150119
-0.142450
-0.139112
-0.118729
-0.077272
-0.021963
0.021724
0.048448
0.044769
0.042516
0.037302
0.042416
0.055795
0.087491
0.137051
0.205982
0.266214
0.295369
0.289957
0.241431
0.175334
0.051070
-0.084267
-0.178937
-0.208379
-0.141475
-0.059210
0.006749
-0.001552
-0.050841
-0.125227
-0.168775
-0.186303
-0.166136
-0.153568
-0.136092
-0.138493
-0.115305
-0.086401
-0.022732
0.014173
0.043927
0.039610
0.040565
0.036444
0.047425
0.055831
0.088476
0.123799
0.191550
0.249788
0.286922
0.293231
0.259102
0.189291
0.083784
-0.056641
-0.152664
-0.200370
-0.153402
-0.076968
-0.005537
-0.000708
-0.034681
-0.107217
-0.155965
-0.182642
-0.170478
-0.152053
-0.139003
-0.139406
-0.125454
-0.098459
-0.039062
0.009427
0.044056
0.047768
0.037719
0.031408
0.038449
0.054156
0.084593
0.123375
0.179064
0.242059
0.284055
0.295933
0.269690
0.208121
0.108835
-0.034835
-0.142733
-0.206899
-0.170948
-0.094397
-0.013559
0.001275
-0.024741
-0.098005
-0.150063
-0.183796
-0.175547
-0.160389
-0.141376
-0.141440
-0.128606
-0.104064
-0.049038
0.000690
0.041036
0.044411
0.033405
0.027625
0.035557
0.050063
0.082697
0.113881
0.165779
0.225497
0.272166
0.295007
0.276999
0.223340
0.135464
-0.006863
-0.120267
-0.200344
-0.182743
-0.114822
-0.034401
-0.002843
-0.020954
-0.081139
-0.139052
-0.178993
-0.180364
-0.166538
-0.146915
-0.138645
-0.133188
-0.112717
-0.065828
-0.014188
0.033801
0.053063
0.048158
0.033646
0.033036
0.039235
0.068112
0.106330
0.156417
0.208735
0.252993
0.276048
0.268248
0.226716
0.162006
0.041213
-0.082973
-0.171118
-0.194867
-0.132447
-0.058685
-0.004409
-0.018180
-0.066890
-0.133649
-0.169793
-0.185309
-0.166621
-0.160578
-0.148361
-0.140203
-0.113300
-0.070752
-0.020387
0.014801
0.041522
0.042645
0.043897
0.046277
0.051663
0.070839
0.099773
0.142062
0.202827
0.257980
0.291417
0.287756
0.241212
0.172039
0.044019
-0.080247
-0.181227
-0.203574
-0.144260
-0.056617
0.003675
-0.000168
-0.055544
-0.127679
-0.177644
-0.194985
-0.177528
-0.159888
-0.143705
-0.138501
-0.120619
-0.083572
-0.027982
0.017643
0.044184
0.036496
0.029636
0.026858
0.037824
0.057469
0.089965
0.128194
0.189748
0.249097
0.293827
0.302335
0.263127
0.190051
0.074863
-0.067573
-0.164687
-0.212417
-0.160140
-0.078584
-0.005737
0.006083
-0.035696
-0.114053
-0.167338
-0.195507
-0.183296
-0.164331
-0.147318
-0.140688
-0.127617
-0.095737
-0.041087
0.008143
0.049936
0.055982
0.042399
0.030560
0.026625
0.040545
0.077569
0.120531
0.183824
0.242524
0.280361
0.293180
0.267391
0.211977
0.114349
-0.033303
-0.149036
-0.219704
-0.182776
-0.100961
-0.015579
0.005934
-0.024033
-0.099747
-0.154736
-0.185730
-0.177120
-0.157251
-0.147014
-0.144960
-0.134458
-0.106528
-0.052063
-0.001461
0.032865
0.046387
0.039337
0.033455
0.039765
0.051522
0.079732
0.118368
0.170906
0.231372
0.273124
0.287092
0.266791
0.217373
0.123877
-0.020036
-0.130697
-0.205042
-0.180712
-0.105290
-0.028432
-0.003393
-0.028789
-0.093247
-0.149516
-0.180483
-0.171624
-0.159915
-0.149578
-0.151580
-0.146188
-0.112419
-0.052218
-0.001552
0.034793
0.038104
0.027270
0.027039
0.034283
0.049469
0.078640
0.109279
0.152318
0.205452
0.254670
0.282215
0.273840
0.226747
0.151838
0.027221
-0.092869
-0.174134
-0.192438
-0.130575
-0.061372
-0.007569
-0.017315
-0.061990
-0.130363
-0.167138
-0.185213
-0.165750
-0.157670
-0.144405
-0.140941
-0.115024
-0.072443
-0.014001
0.023646
0.050992
0.041408
0.038921
0.040323
0.051015
0.070797
0.103689
0.149448
0.207317
0.256106
0.283309
0.277328
0.239397
0.179067
0.065376
-0.069148
-0.174540
-0.208368
-0.151521
-0.065727
0.000553
-0.002751
-0.054524
-0.128185
-0.175405
-0.187293
-0.166221
-0.145079
-0.136908
-0.142755
-0.131067
-0.095466
-0.037141
0.015343
0.045078
0.042951
0.035613
0.028483
0.038882
0.053988
0.082415
0.117205
0.171933
0.229133
0.277241
0.285154
0.260123
0.198735
0.110884
-0.015201
-0.122084
-0.193024
-0.175465
-0.115453
-0.034463
-0.007913
-0.025106
-0.090600
-0.152086
-0.191045
-0.184467
-0.163223
-0.143663
-0.139612
-0.127778
-0.102129
-0.051671
-0.000269
0.038919
0.049098
0.043037
0.033672
0.038228
0.056585
0.085623
0.122356
0.170889
0.219865
0.257674
0.271950
0.254989
0.208688
0.129925
-0.002328
-0.118253
-0.200582
-0.182355
-0.116270
-0.034974
-0.008088
-0.030889
-0.092541
-0.146022
-0.179084
-0.174638
-0.161078
-0.147584
-0.147080
-0.139882
-0.111167
-0.062225
-0.009356
0.029758
0.041353
0.032325
0.025791
0.025400
0.044147
0.072649
0.104181
0.150563
0.204836
0.248501
0.275090
0.265493
0.223962
0.163122
0.060724
-0.061347
-0.150214
-0.191849
-0.147462
-0.078447
-0.013085
-0.011049
-0.048523
-0.124170
-0.170072
-0.195164
-0.173056
-0.156755
-0.139883
-0.132614
-0.112070
-0.077873
-0.026375
0.010164
0.038240
0.039021
0.033302
0.037893
0.043295
0.065542
0.098871
0.139575
0.199496
0.250257
0.273787
0.279479
0.239132
0.190591
0.090971
-0.042774
-0.146596
-0.199342
-0.158069
-0.076773
-0.007650
-0.001153
-0.040513
-0.113873
-0.161747
-0.186607
-0.166744
-0.147861
-0.136214
-0.138494
-0.132349
-0.102069
-0.039238
0.012322
0.050292
0.051976
0.034878
0.027760
0.036295
0.049802
0.083460
0.116955
0.162465
0.219484
0.263064
0.276247
0.260450
0.210258
0.141139
0.026259
-0.086202
-0.168874
-0.181799
-0.125422
-0.047389
-0.005486
-0.015174
-0.070458
-0.133098
-0.166133
-0.175898
-0.156491
-0.142119
-0.137924
-0.133346
-0.108465
-0.064981
-0.006150
0.034007
0.053367
0.045057
0.039405
0.037494
0.049509
0.071128
0.109914
0.152324
0.200835
0.240987
0.264422
0.263265
0.233066
0.184291
0.091294
-0.031791
-0.132397
-0.187300
-0.153292
-0.080649
-0.008811
-0.000604
-0.040756
-0.114250
-0.164634
-0.186366
-0.165047
-0.144306
-0.131225
-0.135888
-0.123569
-0.089643
-0.031296
0.012677
0.041455
0.035957
0.030819
0.031576
0.042241
0.059641
0.090468
0.122968
0.180411
0.236593
0.275738
0.288124
0.263031
0.207236
0.135151
0.006921
-0.096839
-0.176524
-0.173038
-0.114398
-0.036216
-0.003584
-0.019015
-0.081592
-0.140874
-0.179888
-0.180598
-0.157413
-0.146077
-0.139494
-0.135903
-0.117778
-0.066583
-0.011438
0.033427
0.055316
0.045393
0.031966
0.028258
0.036878
0.070980
0.108034
0.153454
0.208900
0.253552
0.273528
0.267408
0.225316
0.167199
0.060332
-0.060253
-0.158012
-0.195243
-0.146576
-0.068660
-0.005638
-0.007952
-0.054961
-0.131193
-0.171348
-0.192216
-0.165436
-0.148675
-0.135303
-0.138526
-0.120876
-0.089469
-0.026486
0.014334
0.044534
0.035559
0.029381
0.026195
0.038228
0.057283
0.089070
0.122821
0.176534
0.224304
0.266378
0.273110
0.249887
0.195825
0.123012
0.002848
-0.098982
-0.178601
-0.171187
-0.115645
-0.037598
-0.008635
-0.022687
-0.090400
-0.149632
-0.187857
-0.183754
-0.160735
-0.140845
-0.136530
-0.132867
-0.114539
-0.066814
-0.011788
0.031224
0.047197
0.034258
0.023374
0.024326
0.041782
0.074610
0.109357
0.147654
0.199114
0.236399
0.257975
0.261883
0.228586
0.185551
0.101322
-0.023939
-0.128273
-0.187706
-0.162671
-0.092239
-0.023908
-0.010983
-0.042205
-0.116905
-0.165324
-0.191663
-0.173478
-0.150034
-0.133238
-0.135702
-0.129916
-0.106621
-0.050895
-0.005294
0.030860
0.035357
0.026530
0.017350
0.024799
0.037152
0.074167
0.111322
0.157901
0.205717
0.244505
0.256797
0.253728
0.212914
0.160897
0.065436
-0.046334
-0.135171
-0.174431
-0.138486
-0.072283
-0.023306
-0.023027
-0.064678
-0.132146
-0.169351
-0.188342
-0.169366
-0.155134
-0.141055
-0.134819
-0.112734
-0.077921
-0.028644
0.001735
0.026797
0.027773
0.029017
0.037233
0.048718
0.065888
0.090822
0.117956
0.173333
0.229271
0.265561
0.277953
0.247677
0.196187
0.117145
0.001860
-0.102310
-0.176902
-0.167774
-0.105257
-0.028658
-0.001029
-0.028884
-0.102317
-0.163778
-0.195216
-0.186305
-0.156622
-0.138415
-0.131743
-0.127386
-0.108755
-0.062638
-0.012498
0.023080
0.036832
0.028471
0.024331
0.028277
0.044409
0.075988
0.110399
0.155433
0.211456
0.252401
0.273264
0.264850
0.219229
0.162778
0.065457
-0.046832
-0.136167
-0.176698
-0.138290
-0.070374
-0.009465
-0.012610
-0.055655
-0.132645
-0.174381
-0.193180
-0.164279
-0.145200
-0.134605
-0.136053
-0.121644
-0.088016
-0.030499
0.010656
0.041441
0.039413
0.026568
0.019024
0.028269
0.049842
0.088006
0.123148
0.174015
0.221796
0.258492
0.264780
0.239222
0.192215
0.140164
0.039577
-0.060909
-0.143473
-0.170893
-0.123978
-0.055872
-0.011021
-0.018310
-0.070539
-0.140581
-0.179311
-0.190956
-0.161688
-0.142132
-0.127017
-0.128660
-0.115126
-0.078542
-0.021121
0.019851
0.046376
0.033330
0.024481
0.024183
0.037428
0.068416
0.103365
0.141403
0.192469
0.236167
0.266888
0.269633
0.242321
0.197433
0.118735
0.001175
-0.108348
-0.177502
-0.163461
-0.096448
-0.017273
-0.000063
-0.026196
-0.100931
-0.160266
-0.191090
-0.177921
-0.153052
-0.130331
-0.129627
-0.124879
-0.098941
-0.047195
0.001881
0.034856
0.039777
0.027902
0.024139
0.032387
0.051713
0.079607
0.114166
0.154939
0.207454
0.246170
0.267957
0.259682
0.225060
0.170131
0.084865
-0.034744
-0.119637
-0.173322
-0.140379
-0.077446
-0.015380
-0.006804
-0.039107
-0.111336
-0.159119
-0.188562
-0.171737
-0.148804
-0.127337
-0.119900
-0.107519
-0.081007
-0.034193
0.005041
0.037054
0.037452
0.029568
0.029152
0.040302
0.061580
0.093869
0.122173
0.169169
0.227548
0.268158
0.286586
0.270814
0.214194
0.148160
0.032917
-0.073916
-0.152334
-0.166432
