-0.234824
-0.115464
-0.043010
-0.024547
-0.060034
-0.081045
-0.093030
-0.074436
-0.076961
-0.129181
-0.178863
-0.220426
-0.199726
-0.154798
-0.109274
-0.081759
-0.082356
-0.079043
-0.073417
-0.059780
-0.051957
-0.041738
-0.039811
-0.026377
-0.022333
-0.009675
-0.006460
-0.002224
-0.001116
0.023436
0.061364
0.075453
0.084487
0.085947
0.062355
0.063019
0.083540
0.089418
0.107718
0.138761
0.187642
0.181589
0.132771
0.083892
0.097850
0.172331
0.192606
0.182025
0.158138
0.134607
0.129440
0.159436
0.178228
0.160506
0.205188
0.239759
0.252100
0.288127
0.135418
-0.205587
-0.370682
-0.403253
-0.245638
-0.026965
0.099167
0.059682
-0.003673
-0.034914
-0.040803
0.001071
-0.027934
-0.147641
-0.235617
-0.257696
-0.210492
-0.084611
-0.028516
-0.024766
-0.059904
-0.071893
-0.093132
-0.069154
-0.089787
-0.136138
-0.176688
-0.206613
-0.186235
-0.140135
-0.099156
-0.080991
-0.074445
-0.075148
-0.066427
-0.055725
-0.043378
-0.045454
-0.038385
-0.035247
-0.013879
0.000052
0.004393
0.011627
0.019742
0.036301
0.059462
0.062526
0.062463
0.070435
0.089660
0.134638
0.124123
0.119246
0.116139
0.137352
0.155950
0.159182
0.151337
0.165405
0.130365
0.168902
0.179694
0.178663
0.146058
0.171020
0.145312
0.161112
0.162617
0.155528
0.197397
0.212974
0.230205
0.283865
0.116228
-0.215942
-0.320958
-0.362838
-0.219055
-0.011839
0.088997
0.016305
-0.014790
-0.054684
-0.037115
0.003835
-0.027397
-0.148763
-0.218153
-0.254831
-0.204846
-0.090152
-0.039852
-0.041534
-0.061178
-0.074434
-0.086792
-0.056885
-0.090534
-0.147892
-0.190281
-0.223470
-0.187262
-0.129427
-0.096420
-0.071966
-0.076485
-0.080140
-0.075670
-0.060231
-0.043679
-0.034677
-0.026100
-0.031831
-0.023701
-0.010797
-0.010238
0.002730
0.032017
0.044571
0.048220
0.068856
0.061805
0.078095
0.096280
0.091241
0.095163
0.114445
0.133733
0.141397
0.169557
0.147118
0.130547
0.128584
0.092547
0.137880
0.190980
0.193140
0.187844
0.176083
0.134054
0.165392
0.148569
0.148275
0.178580
0.233627
0.230670
0.263265
0.065749
-0.242067
-0.341679
-0.350849
-0.191173
-0.004302
0.079719
0.008194
-0.028901
-0.064883
-0.038781
-0.014698
-0.035671
-0.161854
-0.215838
-0.247443
-0.183307
-0.090990
-0.035677
-0.047845
-0.069655
-0.086022
-0.093395
-0.072129
-0.096979
-0.152782
-0.190748
-0.217926
-0.183496
-0.126838
-0.101893
-0.093633
-0.092950
-0.090588
-0.056800
-0.040651
-0.048445
-0.048087
-0.051268
-0.047025
-0.013571
-0.009952
-0.000782
-0.004181
0.002299
0.021619
0.050313
0.075441
0.084607
0.062372
0.083131
0.085335
0.099576
0.118179
0.093516
0.126612
0.128515
0.130047
0.128010
0.155735
0.187920
0.204535
0.181672
0.153658
0.127327
0.126122
0.150035
0.148027
0.161385
0.127152
0.120279
0.197421
0.237917
0.286985
0.174794
-0.182878
-0.343985
-0.393546
-0.259401
-0.050883
0.068516
0.021494
-0.029497
-0.056862
-0.035456
0.008786
-0.007961
-0.136107
-0.227662
-0.263505
-0.214399
-0.101906
-0.043062
-0.037048
-0.071837
-0.091356
-0.096642
-0.064030
-0.074584
-0.128544
-0.184086
-0.227793
-0.197898
-0.134555
-0.094194
-0.083466
-0.095186
-0.109447
-0.074144
-0.055180
-0.040917
-0.036636
-0.053680
-0.053469
-0.018190
-0.003247
0.005401
-0.000157
-0.005097
0.012890
0.053543
0.081674
0.067177
0.073747
0.072584
0.091421
0.127593
0.113121
0.103028
0.111465
0.141168
0.144169
0.151394
0.136995
0.153661
0.194459
0.174377
0.145724
0.134436
0.128463
0.158343
0.189000
0.198906
0.130159
0.130487
0.208743
0.260292
0.307200
0.176848
-0.202589
-0.393222
-0.402907
-0.234414
-0.011278
0.110419
0.038727
-0.045382
-0.066808
-0.046451
0.009218
0.002940
-0.138845
-0.247693
-0.272640
-0.216894
-0.084572
-0.011674
-0.023701
-0.078758
-0.097943
-0.104119
-0.068321
-0.068483
-0.129283
-0.183229
-0.217646
-0.198684
-0.134020
-0.089488
-0.084607
-0.094057
-0.103323
-0.084979
-0.052259
-0.035240
-0.042888
-0.034759
-0.042592
-0.027726
-0.003627
0.012246
0.022054
0.017506
0.014168
0.017124
0.052368
0.085091
0.113000
0.098793
0.084588
0.094381
0.100353
0.098223
0.127884
0.148620
0.145590
0.171324
0.125988
0.110754
0.172246
0.179968
0.200883
0.179132
0.127325
0.121643
0.165030
0.165193
0.153616
0.168408
0.175463
0.227281
0.301785
0.220007
-0.123425
-0.318509
-0.409416
-0.302281
-0.070742
0.086959
0.047009
-0.010452
-0.060885
-0.062335
0.004618
0.007990
-0.100823
-0.211345
-0.266373
-0.248158
-0.120432
-0.040804
-0.022908
-0.050249
-0.079830
-0.106209
-0.076651
-0.077574
-0.125514
-0.166771
-0.225559
-0.206154
-0.141232
-0.093079
-0.075565
-0.081268
-0.107061
-0.089946
-0.058526
-0.042750
-0.027037
-0.036248
-0.037707
-0.023588
-0.008814
-0.004696
0.001001
-0.002441
0.015947
0.047736
0.070601
0.091542
0.090689
0.067508
0.101950
0.087875
0.079326
0.149160
0.151123
0.160704
0.154708
0.120628
0.131410
0.163905
0.180013
0.153426
0.150341
0.142100
0.166020
0.151427
0.192377
0.160104
0.153870
0.164313
0.195881
0.220386
0.277351
0.100423
-0.217958
-0.330650
-0.371156
-0.215453
-0.014561
0.082080
0.017801
-0.012684
-0.062713
-0.048146
-0.009337
-0.029136
-0.154533
-0.217051
-0.247291
-0.193596
-0.077979
-0.028092
-0.039448
-0.072551
-0.091869
-0.102713
-0.069702
-0.084590
-0.137700
-0.178640
-0.218385
-0.184932
-0.126962
-0.098929
-0.088254
-0.098934
-0.110087
-0.071617
-0.033804
-0.026498
-0.043201
-0.045786
-0.054698
-0.020658
0.007133
0.005091
0.002919
0.010621
0.021703
0.041285
0.083270
0.072721
0.085310
0.086577
0.094665
0.115663
0.103505
0.120591
0.137852
0.146351
0.154973
0.143260
0.113883
0.175515
0.184756
0.200164
0.199277
0.136247
0.092868
0.118823
0.159571
0.181299
0.189990
0.184375
0.215280
0.228286
0.264464
0.146269
-0.184191
-0.364096
-0.389302
-0.254963
-0.029800
0.104945
0.051397
-0.012465
-0.058093
-0.055221
-0.013384
-0.021682
-0.138330
-0.222347
-0.250567
-0.208843
-0.091363
-0.024476
-0.025612
-0.058897
-0.087678
-0.098985
-0.076383
-0.084174
-0.128371
-0.176754
-0.215228
-0.199661
-0.132139
-0.080315
-0.075465
-0.083938
-0.105997
-0.091453
-0.056930
-0.037068
-0.025922
-0.022920
-0.034816
-0.028777
-0.023128
-0.018715
0.009631
0.020458
0.020549
0.054519
0.075368
0.089865
0.092127
0.070276
0.083588
0.089057
0.094422
0.119716
0.138541
0.134842
0.145799
0.183956
0.165523
0.158492
0.131853
0.138060
0.157208
0.148129
0.169060
0.183010
0.137656
0.142767
0.139457
0.161762
0.238719
0.265840
0.270503
0.172985
-0.181575
-0.353815
-0.359547
-0.246223
-0.046230
0.078488
0.036835
-0.011854
-0.029890
-0.023220
-0.013309
-0.030691
-0.138037
-0.222853
-0.229239
-0.191454
-0.099167
-0.038397
-0.043931
-0.060852
-0.074717
-0.079539
-0.079270
-0.081280
-0.136053
-0.170132
-0.196822
-0.179310
-0.135720
-0.089072
-0.089673
-0.086155
-0.103366
-0.079181
-0.055670
-0.039229
-0.033261
-0.031832
-0.039437
-0.030362
-0.013432
-0.009598
-0.000342
0.005254
0.009752
0.040961
0.072955
0.087756
0.102633
0.094062
0.065909
0.084521
0.095659
0.129800
0.109324
0.126171
0.177013
0.126195
0.140798
0.146966
0.144953
0.173334
0.196087
0.153255
0.150841
0.123324
0.142657
0.184208
0.197440
0.158719
0.185104
0.212340
0.218365
0.294240
0.026855
-0.269011
-0.383186
-0.356634
-0.172127
0.055029
0.097175
0.023612
-0.044472
-0.063281
-0.042258
0.011253
-0.045590
-0.174602
-0.241299
-0.257143
-0.167261
-0.051909
-0.009261
-0.035491
-0.074230
-0.100678
-0.094699
-0.067076
-0.088178
-0.147402
-0.189717
-0.211299
-0.169850
-0.110741
-0.074408
-0.081074
-0.097312
-0.100799
-0.084466
-0.047749
-0.033292
-0.035691
-0.035082
-0.022856
-0.011654
-0.007127
-0.013228
0.006494
0.004200
0.010946
0.041425
0.078748
0.096494
0.108026
0.087655
0.088984
0.083186
0.081678
0.110974
0.127709
0.154019
0.189146
0.102309
0.079840
0.129941
0.146940
0.183914
0.196139
0.149296
0.155331
0.159813
0.134522
0.159835
0.144529
0.158089
0.207139
0.270872
0.285256
0.250405
-0.109209
-0.328376
-0.411687
-0.302680
-0.099957
0.071889
0.055383
-0.004631
-0.046556
-0.039671
-0.006284
0.004695
-0.098301
-0.215956
-0.255623
-0.243844
-0.124832
-0.039233
-0.019586
-0.059559
-0.092581
-0.110781
-0.088516
-0.066125
-0.107289
-0.166542
-0.215498
-0.214345
-0.159754
-0.101511
-0.074199
-0.087895
-0.111640
-0.100012
-0.076683
-0.040960
-0.039026
-0.043843
-0.033925
-0.024288
-0.009803
0.007998
-0.006287
-0.012565
-0.015237
0.018258
0.044686
0.087336
0.110495
0.079625
0.071943
0.078480
0.095597
0.133203
0.118468
0.111769
0.156117
0.140973
0.177905
0.130325
0.119524
0.163828
0.166905
0.163827
0.154336
0.110376
0.155975
0.187243
0.147091
0.166740
0.185911
0.198069
0.258487
0.266189
-0.086133
-0.310698
-0.397790
-0.347799
-0.121996
0.080460
0.075424
0.003297
-0.052247
-0.072386
-0.024417
0.012248
-0.082909
-0.205962
-0.261278
-0.269711
-0.149662
-0.041214
-0.013439
-0.045014
-0.080451
-0.119710
-0.101364
-0.071818
-0.106645
-0.152319
-0.188887
-0.222377
-0.167345
-0.105906
-0.085337
-0.078980
-0.093270
-0.105454
-0.060056
-0.033942
-0.029058
-0.030712
-0.044295
-0.043482
-0.017323
-0.008463
-0.002081
-0.003124
0.029192
0.033026
0.064952
0.085947
0.059787
0.067379
0.089031
0.126593
0.149376
0.112974
0.103843
0.121315
0.092800
0.146657
0.197070
0.164546
0.161025
0.189489
0.123830
0.133843
0.178077
0.129670
0.162481
0.163383
0.109529
0.158301
0.204383
0.222065
0.266854
0.187497
-0.149674
-0.317516
-0.356591
-0.273588
-0.071693
0.072391
0.028399
-0.020118
-0.047364
-0.049106
-0.015088
-0.008584
-0.115469
-0.212122
-0.226726
-0.216029
-0.115809
-0.042833
-0.039540
-0.055505
-0.066387
-0.097384
-0.079356
-0.072728
-0.117859
-0.162068
-0.201327
-0.209437
-0.141237
-0.082167
-0.074860
-0.072826
-0.096038
-0.104213
-0.061741
-0.031462
-0.026175
-0.011642
-0.029823
-0.027451
-0.002143
-0.006099
0.012792
0.023195
0.022563
0.057372
0.084021
0.069108
0.066265
0.062728
0.093423
0.134971
0.138120
0.108923
0.117974
0.121202
0.167135
0.166711
0.170710
0.137229
0.176680
0.163946
0.163995
0.166110
0.158196
0.161897
0.190787
0.160893
0.144200
0.175463
0.213273
0.254454
0.275932
0.039696
-0.271845
-0.366870
-0.360694
-0.172688
0.031325
0.090357
0.011213
-0.023659
-0.055890
-0.023034
0.013733
-0.045809
-0.179452
-0.235206
-0.256139
-0.173652
-0.057562
-0.021660
-0.031889
-0.055427
-0.086626
-0.090144
-0.067436
-0.099332
-0.148755
-0.190250
-0.220136
-0.180989
-0.113112
-0.072619
-0.065599
-0.081070
-0.090660
-0.068457
-0.041776
-0.036001
-0.032468
-0.029275
-0.020110
-0.001649
0.001975
-0.008438
-0.004858
0.027825
0.060032
0.065928
0.085252
0.041154
0.072956
0.107254
0.116513
0.110489
0.108970
0.098251
0.142242
0.194064
0.195355
0.162395
0.111894
0.096011
0.143376
0.181745
0.190714
0.195334
0.162751
0.150976
0.119955
0.152496
0.151890
0.230883
0.249078
0.264454
0.199705
-0.128251
-0.316989
-0.362830
-0.288112
-0.095828
0.054586
0.034519
-0.004507
-0.028513
-0.025057
-0.005164
-0.010136
-0.116797
-0.219878
-0.255376
-0.249402
-0.139121
-0.055919
-0.026510
-0.029840
-0.050500
-0.077821
-0.083677
-0.097000
-0.141361
-0.180457
-0.201108
-0.191946
-0.144879
-0.095042
-0.078951
-0.089300
-0.088146
-0.072358
-0.052097
-0.029993
-0.027468
-0.040426
-0.030033
-0.020597
-0.010832
-0.016443
-0.007727
0.012112
0.040801
0.079494
0.082252
0.068425
0.069197
0.068480
0.106685
0.139245
0.126426
0.123394
0.156769
0.123391
0.143808
0.133222
0.122802
0.187893
0.202892
0.158806
0.171046
0.123453
0.129269
0.173404
0.164020
0.123154
0.144490
0.197688
0.229692
0.288045
0.245348
-0.113688
-0.340418
-0.405674
-0.320759
-0.091068
0.082212
0.056180
-0.012517
-0.052381
-0.054770
-0.003983
0.005248
-0.104407
-0.229274
-0.262590
-0.253990
-0.133476
-0.042526
-0.026791
-0.048394
-0.067864
-0.097327
-0.085455
-0.072331
-0.117019
-0.172806
-0.212136
-0.223153
-0.175756
-0.098124
-0.078767
-0.077344
-0.082768
-0.094309
-0.052429
-0.031674
-0.036774
-0.034775
-0.040290
-0.038465
-0.009623
0.000386
0.000912
0.012134
0.031363
0.050997
0.078177
0.106156
0.097053
0.070049
0.067386
0.073825
0.086803
0.127180
0.172348
0.176228
0.173317
0.184311
0.148233
0.175218
0.163135
0.142118
0.146759
0.113133
0.107359
0.189769
0.198646
0.196687
0.177947
0.170358
0.191604
0.249929
0.201342
-0.131238
-0.315517
-0.410101
-0.308216
-0.089745
0.077853
0.048637
0.000300
-0.063455
-0.061296
-0.014270
-0.004603
-0.117944
-0.224821
-0.269643
-0.258451
-0.138672
-0.055191
-0.029190
-0.047160
-0.065495
-0.097128
-0.081663
-0.081668
-0.127903
-0.186970
-0.209376
-0.204832
-0.157820
-0.097474
-0.093263
-0.101932
-0.093644
-0.075278
-0.043602
-0.019146
-0.035057
-0.046567
-0.040536
-0.022736
-0.013692
-0.002253
-0.015283
-0.007825
0.031872
0.059613
0.103479
0.102420
0.072754
0.064498
0.070178
0.083473
0.107871
0.135067
0.165570
0.167247
0.174402
0.187812
0.176631
0.150385
0.154905
0.157309
0.168163
0.147848
0.147230
0.173093
0.171767
0.123882
0.152726
0.170972
0.211216
0.273833
0.207563
-0.113632
-0.322451
-0.383220
-0.297389
-0.088383
0.068216
0.035801
-0.027372
-0.059605
-0.066840
-0.002553
0.000570
-0.101441
-0.218970
-0.260090
-0.258776
-0.139650
-0.057599
-0.048730
-0.064357
-0.073246
-0.095382
-0.066887
-0.067756
-0.121961
-0.183095
-0.220958
-0.217735
-0.161588
-0.095490
-0.093820
-0.100212
-0.094560
-0.076289
-0.036670
-0.017822
-0.035451
-0.049839
-0.048034
-0.030776
-0.007173
-0.019015
-0.014760
0.009014
0.050837
0.072604
0.091346
0.069532
0.078734
0.072503
0.126297
0.111481
0.101582
0.091444
0.135662
0.205779
0.228720
0.168577
0.118061
0.082708
0.133272
0.234751
0.229350
0.180257
0.100282
0.094274
0.129846
0.189252
0.185783
0.216797
0.210398
0.239198
0.231458
-0.046353
-0.288449
-0.382718
-0.340426
-0.153543
0.048732
0.066520
0.014859
-0.034006
-0.053532
-0.032210
0.003678
-0.076234
-0.194747
-0.251165
-0.268011
-0.176592
-0.066994
-0.023810
-0.035615
-0.053869
-0.094826
-0.082235
-0.070144
-0.098613
-0.164417
-0.202395
-0.222610
-0.174006
-0.109298
-0.087973
-0.085835
-0.090686
-0.079397
-0.040750
-0.012986
-0.026554
-0.035128
-0.049635
-0.030977
-0.011769
-0.001841
-0.012881
-0.003334
0.037553
0.068219
0.091638
0.096157
0.091891
0.080486
0.105528
0.106086
0.105065
0.128828
0.183782
0.196307
0.155813
0.142026
0.155217
0.186071
0.194601
0.170373
0.152969
0.154085
0.208116
0.210565
0.198302
0.128244
0.108976
0.154943
0.238011
0.314664
0.252813
-0.116934
-0.342448
-0.414753
-0.297701
-0.066874
0.088822
0.045321
-0.032083
-0.061226
-0.041052
0.020388
0.026981
-0.095555
-0.229077
-0.274425
-0.246248
-0.118196
-0.038681
-0.030805
-0.062483
-0.072637
-0.083117
-0.051000
-0.056393
-0.117041
-0.177728
-0.225372
-0.210284
-0.153992
-0.091308
-0.082354
-0.090976
-0.093854
-0.065799
-0.024305
-0.003646
-0.025946
-0.040026
-0.046355
-0.015446
-0.007392
-0.006666
-0.005195
0.017704
0.052905
0.073745
0.081048
0.087260
0.068466
0.080711
0.125351
0.111998
0.148565
0.115994
0.114854
0.185093
0.208423
0.184649
0.189923
0.113889
0.157455
0.187400
0.127737
0.149042
0.192207
0.191180
0.201327
0.163375
0.120013
0.182280
0.228879
0.305873
0.212009
-0.142626
-0.351524
-0.408439
-0.282553
-0.054677
0.089857
0.042559
-0.029440
-0.068851
-0.037603
0.019576
0.009442
-0.123348
-0.236871
-0.276939
-0.235624
-0.107094
-0.030731
-0.032854
-0.072542
-0.091602
-0.093370
-0.053612
-0.058459
-0.112274
-0.183816
-0.221640
-0.209076
-0.153251
-0.108703
-0.086620
-0.095964
-0.081139
-0.062066
-0.034350
-0.015605
-0.029283
-0.046924
-0.044040
-0.024919
-0.004171
-0.005733
-0.001950
0.011484
0.032196
0.077003
0.083306
0.100045
0.082648
0.082595
0.076585
0.111259
0.115530
0.096880
0.143027
0.157017
0.185167
0.186799
0.155631
0.184874
0.199955
0.179823
0.150966
0.071197
0.103241
0.143871
0.221022
0.199932
0.157929
0.162037
0.191966
0.274863
0.268239
-0.041742
-0.319957
-0.430053
-0.370327
-0.135500
0.082101
0.103264
0.009709
-0.044840
-0.081802
-0.025501
0.015022
-0.070464
-0.213162
-0.276499
-0.272850
-0.156270
-0.034564
0.002205
-0.051520
-0.083149
-0.113608
-0.080002
-0.048708
-0.092474
-0.165335
-0.215693
-0.220535
-0.174441
-0.106901
-0.093519
-0.091831
-0.091843
-0.072065
-0.040670
-0.006863
-0.031598
-0.045597
-0.042908
-0.029397
-0.001852
-0.009359
-0.021985
-0.013711
0.028476
0.076112
0.100444
0.088722
0.070927
0.071878
0.118855
0.115772
0.099786
0.081968
0.117624
0.160858
0.186812
0.216365
0.171548
0.118506
0.121426
0.140687
0.182016
0.177645
0.158236
0.168218
0.143312
0.123423
0.181174
0.200972
0.227515
0.232107
0.263694
0.016797
-0.258947
-0.358127
-0.366050
-0.201113
-0.001239
0.063684
0.012223
-0.013922
-0.050365
-0.023772
-0.007436
-0.059511
-0.190648
-0.241115
-0.272789
-0.200765
-0.090159
-0.038770
-0.044749
-0.049384
-0.085002
-0.089379
-0.073639
-0.108495
-0.152541
-0.198057
-0.215862
-0.193101
-0.129014
-0.104503
-0.087607
-0.091385
-0.073281
-0.065701
-0.030953
-0.026969
-0.029702
-0.039825
-0.036262
-0.024364
-0.025280
-0.024753
-0.011955
0.031049
0.075614
0.102603
0.095446
0.073960
0.056152
0.068892
0.088159
0.117826
0.129589
0.118008
0.189125
0.177468
0.151705
0.153286
0.127524
0.133930
0.207704
0.205345
0.134207
0.114694
0.101471
0.157740
0.175678
0.171502
0.156472
0.199874
0.186508
0.264055
0.135379
-0.180125
-0.346511
-0.385228
-0.266760
-0.048163
0.086291
0.039152
-0.017058
-0.072026
-0.059860
-0.019115
-0.012424
-0.134574
-0.225970
-0.271787
-0.237522
-0.118708
-0.037616
-0.035041
-0.061094
-0.082445
-0.102722
-0.069927
-0.089357
-0.131635
-0.200349
-0.214814
-0.211468
-0.147897
-0.105356
-0.084450
-0.090424
-0.082809
-0.073238
-0.046522
-0.038333
-0.033411
-0.042637
-0.039787
-0.034181
-0.030118
-0.003185
0.015854
0.028475
0.058393
0.053433
0.043174
0.098926
0.076961
0.087518
0.110180
0.095423
0.102945
0.133256
0.146416
0.186131
0.153247
0.101973
0.148335
0.175637
0.197929
0.185078
0.144341
0.098983
0.154764
0.173347
0.173817
0.163907
0.157663
0.195418
0.237508
0.261370
0.205909
-0.104472
-0.328392
-0.375752
-0.296685
-0.082698
0.059717
0.051545
-0.021581
-0.049182
-0.053984
-0.001068
-0.002488
-0.094864
-0.210245
-0.247671
-0.240500
-0.129872
-0.058100
-0.037079
-0.062219
-0.069277
-0.083185
-0.067591
-0.068813
-0.119991
-0.177238
-0.209944
-0.199105
-0.155416
-0.100792
-0.084844
-0.085319
-0.090317
-0.074554
-0.054426
-0.032835
-0.022713
-0.032576
-0.021915
-0.020148
-0.016144
-0.008213
0.002306
0.002820
0.042551
0.052731
0.082084
0.075331
0.088802
0.072159
0.077602
0.090042
0.101329
0.115741
0.157864
0.187183
0.163019
0.173249
0.138513
0.171312
0.219064
0.143094
0.128071
0.143197
0.115115
0.176641
0.209012
0.145162
0.151424
0.150522
0.215296
0.273209
0.316005
0.128583
-0.217349
-0.371519
-0.386942
-0.223503
0.001214
0.092001
0.025896
-0.021508
-0.051255
-0.016860
0.022283
-0.004955
-0.145408
-0.231534
-0.259376
-0.213109
-0.095364
-0.031777
-0.035310
-0.051606
-0.057137
-0.067552
-0.055018
-0.073893
-0.143033
-0.185085
-0.211485
-0.187895
-0.123862
-0.083790
-0.064330
-0.060682
-0.081290
-0.068276
-0.052896
-0.037102
-0.025773
-0.029046
-0.031585
-0.014144
-0.003116
0.011112
0.018739
0.007234
0.028118
0.056501
0.059861
0.080485
0.097765
0.086309
0.101219
0.108301
0.095761
0.119352
0.155469
0.149062
0.121714
0.151214
0.115077
0.150116
0.220071
0.175909
0.138260
0.148412
0.106516
0.167719
0.163963
0.154671
0.172537
0.154046
0.208797
0.257251
0.317997
0.166528
-0.169820
-0.361602
-0.394121
-0.268416
-0.024568
0.097134
0.050520
-0.015033
-0.045934
-0.031730
0.018338
0.007353
-0.128275
-0.230670
-0.282139
-0.235790
-0.100517
-0.018015
-0.014092
-0.036576
-0.069132
-0.068725
-0.059391
-0.069229
-0.136613
-0.184913
-0.217881
-0.192727
-0.119866
-0.082669
-0.059270
-0.068334
-0.087151
-0.074029
-0.057488
-0.052551
-0.039838
-0.043393
-0.037602
-0.001681
0.005672
0.009059
0.008138
-0.000076
0.007636
0.049077
0.063608
0.085826
0.094699
0.068254
0.042493
0.070615
0.074766
0.132228
0.138782
0.128737
0.129463
0.101731
0.102703
0.149729
0.154194
0.163802
0.156931
0.100146
0.136009
0.183690
0.207982
0.181548
0.123587
0.089405
0.130352
0.200846
0.280073
0.312392
0.048984
-0.253734
-0.376666
-0.353145
-0.164968
0.033323
0.068711
-0.016174
-0.058981
-0.062858
-0.003792
0.025349
-0.029139
-0.171956
-0.255492
-0.265006
-0.172199
-0.054342
-0.009734
-0.042776
-0.082458
-0.089821
-0.080872
-0.059128
-0.078745
-0.149332
-0.191774
-0.207631
-0.165740
-0.100515
-0.069095
-0.066502
-0.085334
-0.097452
-0.088943
-0.063926
-0.044698
-0.032952
-0.033160
-0.030452
-0.019733
-0.006797
-0.002640
0.010001
-0.000820
0.010129
0.043503
0.039227
0.074624
0.066132
0.052769
0.072044
0.081057
0.065728
0.128432
0.114613
0.105897
0.115195
0.099495
0.094234
0.155402
0.155467
0.138130
0.152058
0.124571
0.147897
0.144634
0.140920
0.170964
0.134738
0.158734
0.143799
0.196863
0.248876
0.270309
0.105928
-0.188255
-0.343607
-0.347871
-0.198699
-0.018161
0.069362
0.004174
-0.037909
-0.067020
-0.017545
0.011404
-0.017704
-0.142742
-0.237676
-0.263260
-0.197339
-0.088788
-0.027127
-0.036076
-0.074932
-0.084262
-0.084928
-0.062039
-0.074948
-0.134243
-0.181292
-0.204930
-0.167868
-0.108736
-0.071194
-0.072095
-0.087799
-0.106164
-0.092621
-0.061415
-0.038036
-0.025836
-0.024498
-0.027908
-0.023969
-0.022836
-0.005296
0.003635
0.001219
0.018432
0.042482
0.061547
0.082354
0.083345
0.048074
0.058318
0.088867
0.086729
0.103872
0.121916
0.159728
0.145630
0.105716
0.081074
0.055630
0.149872
0.206339
0.179397
0.153431
0.139218
0.101471
0.167512
0.172639
0.122175
0.163895
0.171594
0.214545
0.266985
0.290370
0.054473
-0.208163
-0.350536
-0.347419
-0.188346
-0.000026
0.055119
-0.001129
-0.025206
-0.053142
-0.008084
0.022114
-0.031373
-0.158062
-0.231361
-0.252395
-0.179308
-0.074502
-0.036019
-0.054039
-0.072262
-0.074217
-0.071931
-0.040966
-0.083998
-0.149031
-0.189595
-0.209325
-0.163372
-0.094931
-0.072881
-0.085301
-0.094005
-0.107812
-0.076140
-0.033776
-0.023770
-0.026741
-0.031600
-0.031593
-0.015857
0.000169
0.001264
-0.000108
-0.000020
0.018015
0.046737
0.067049
0.087507
0.069448
0.072390
0.065772
0.082189
0.124720
0.121930
0.065708
0.098555
0.115244
0.114841
0.146866
0.140289
0.161989
0.191302
0.177250
0.121168
0.137077
0.133208
0.166463
0.157276
0.123987
0.115930
0.155341
0.249823
0.292134
0.318070
0.051797
-0.262909
-0.390685
-0.355354
-0.185739
0.013935
0.061617
-0.017190
-0.039819
-0.040304
0.017835
0.039077
-0.030888
-0.193253
-0.268688
-0.281578
-0.189879
-0.071009
-0.020138
-0.045847
-0.072950
-0.087617
-0.084189
-0.053577
-0.085907
-0.146565
-0.196617
-0.211082
-0.167388
-0.105427
-0.075515
-0.091016
-0.108426
-0.111626
-0.072642
-0.045108
-0.014831
-0.025461
-0.041751
-0.050727
-0.042771
-0.020328
-0.002865
-0.003194
0.005599
0.018745
0.040793
0.065996
0.078633
0.067839
0.069631
0.064593
0.069891
0.090253
0.105948
0.117680
0.130874
0.123073
0.085492
0.071959
0.148471
0.194566
0.179192
0.158222
0.120124
0.105271
0.146655
0.177887
0.118316
0.146234
0.148388
0.187689
0.293550
0.310725
0.225397
-0.108946
-0.348841
-0.421840
-0.295668
-0.108556
0.055116
0.027207
-0.033983
-0.052970
-0.020939
0.031014
0.007089
-0.110039
-0.252596
-0.296177
-0.262443
-0.130287
-0.045582
-0.031461
-0.067834
-0.083921
-0.092393
-0.070212
-0.067807
-0.123361
-0.175563
-0.221702
-0.203567
-0.157320
-0.102948
-0.099092
-0.097387
-0.100774
-0.087422
-0.060224
-0.041343
-0.043029
-0.057289
-0.045444
-0.042865
-0.022059
-0.007783
-0.001103
0.007065
0.009644
0.026923
0.043793
0.066058
0.086392
0.090611
0.060035
0.082884
0.090250
0.091715
0.105406
0.129234
0.112214
0.113606
0.134667
0.138470
0.195419
0.168040
0.142792
0.113505
0.111835
0.151723
0.177132
0.160005
0.106695
0.123871
0.162454
0.283739
0.285432
0.275421
-0.007751
-0.302151
-0.403176
-0.333163
-0.153595
0.027941
0.069130
-0.020147
-0.040425
-0.044074
0.018668
0.029965
-0.041682
-0.198814
-0.275368
-0.274738
-0.178767
-0.065169
-0.021126
-0.046453
-0.069863
-0.078257
-0.077512
-0.070683
-0.112955
-0.169691
-0.211895
-0.196163
-0.166750
-0.112658
-0.095057
-0.095783
-0.085446
-0.068439
-0.050903
-0.046866
-0.040549
-0.043650
-0.042131
-0.033173
-0.025718
-0.019260
0.011075
0.012737
0.017502
0.030097
0.051146
0.059781
0.107290
0.082607
0.086076
0.072549
0.087692
0.116226
0.146911
0.127978
0.142506
0.107678
0.094489
0.137560
0.196044
0.192135
0.202299
0.157545
0.116844
0.171462
0.172564
0.171600
0.138935
0.110421
0.139181
0.250354
0.273883
0.308159
0.015802
-0.276440
-0.395420
-0.325652
-0.134596
0.053646
0.070378
-0.024569
-0.063699
-0.048597
0.015614
0.046412
-0.026942
-0.185052
-0.258940
-0.254797
-0.157977
-0.049058
-0.014241
-0.048918
-0.081828
-0.083267
-0.071100
-0.045968
-0.084526
-0.154065
-0.214553
-0.200876
-0.162246
-0.087818
-0.068652
-0.090551
-0.100331
-0.091068
-0.061299
-0.024047
-0.007297
-0.029789
-0.027992
-0.043889
-0.028516
-0.004868
0.002366
0.005435
0.011585
0.036715
0.071825
0.084433
0.104651
0.101931
0.080551
0.077376
0.078129
0.083041
0.122607
0.164617
0.177959
0.160603
0.119823
0.131793
0.127600
0.203184
0.203328
0.155631
0.119059
0.125761
0.140156
0.207115
0.193760
0.168789
0.185826
0.214932
0.284876
0.303700
0.035329
-0.290048
-0.396901
-0.376664
-0.156584
0.057474
0.113037
0.015304
-0.028805
-0.062367
-0.007526
0.034749
-0.032227
-0.177060
-0.263261
-0.273983
-0.176237
-0.036806
0.004573
-0.028863
-0.075605
-0.098921
-0.084770
-0.039589
-0.074492
-0.136324
-0.216339
-0.225921
-0.180222
-0.086805
-0.058315
-0.063561
-0.078136
-0.088632
-0.062266
-0.030930
-0.018435
-0.016245
-0.019350
-0.029420
-0.017756
-0.015747
-0.004498
0.007629
0.039098
0.062024
0.060733
0.082464
0.076360
0.079866
0.102372
0.110495
0.107193
0.117057
0.106782
0.124395
0.197328
0.172363
0.130667
0.147539
0.119282
0.183510
0.198103
0.162766
0.145883
0.154493
0.179612
0.199065
0.158037
0.157267
0.170354
0.192453
0.302921
0.229501
-0.068122
-0.302649
-0.387968
-0.311072
-0.082208
0.089257
0.073224
-0.000978
-0.045875
-0.059593
0.012131
0.028606
-0.066765
-0.190036
-0.255646
-0.255763
-0.134626
-0.027049
-0.003421
-0.030827
-0.061050
-0.090186
-0.062802
-0.051433
-0.100833
-0.162173
-0.218245
-0.211471
-0.140551
-0.072993
-0.050178
-0.059352
-0.083192
-0.085436
-0.048156
-0.023376
-0.005346
-0.022044
-0.021913
-0.025269
-0.013824
-0.008251
-0.000345
0.012094
0.045632
0.077429
0.095016
0.089300
0.052627
0.054899
0.088524
0.135379
0.154301
0.153917
0.123895
0.146670
0.136166
0.111290
0.121499
0.168557
0.202576
0.195104
0.160047
0.132363
0.150151
0.149417
0.184588
0.148716
0.143278
0.151910
0.212610
0.273128
0.330854
0.178152
-0.166797
-0.352693
-0.399309
-0.245584
-0.035239
0.095903
0.034529
-0.011606
-0.046917
-0.021032
0.030718
0.011330
-0.107360
-0.217995
-0.276295
-0.245457
-0.110876
-0.027663
-0.010157
-0.031995
-0.064406
-0.082350
-0.052126
-0.072583
-0.120830
-0.180308
-0.223700
-0.197103
-0.137998
-0.075152
-0.066945
-0.060582
-0.076328
-0.060834
-0.042354
-0.034201
-0.043148
-0.038175
-0.022414
-0.015887
-0.002966
-0.004209
-0.013288
0.023099
0.050566
0.066093
0.074982
0.071072
0.055325
0.082988
0.112924
0.114495
0.092287
0.105377
0.101024
0.161694
0.180131
0.159371
0.130426
0.140786
0.126596
0.160443
0.166014
0.133823
0.144602
0.150591
0.167230
0.154745
0.169007
0.191727
0.247212
0.240006
0.267724
0.033972
-0.262472
-0.383842
-0.358655
-0.192828
0.010028
0.093743
0.020502
-0.022169
-0.051726
-0.022994
0.005508
-0.040811
-0.173028
-0.247123
-0.275899
-0.204639
-0.080390
-0.021498
-0.022992
-0.048385
-0.081554
-0.089573
-0.076554
-0.114766
-0.156418
-0.213277
-0.214050
-0.178704
-0.118362
-0.085082
-0.088353
-0.096562
-0.090215
-0.058701
-0.038390
-0.025026
-0.041567
-0.044147
-0.036482
-0.034713
-0.020046
-0.019893
-0.017427
0.034466
0.058018
0.071682
0.062167
0.066208
0.051761
0.071843
0.090124
0.107962
0.101218
0.102811
0.124774
0.163436
0.154061
0.132740
0.133156
0.122109
0.169542
0.166446
0.130300
0.136386
0.124896
0.128606
0.167485
0.140443
0.140718
0.183330
0.202651
0.256873
0.233102
-0.071743
-0.305225
-0.380687
-0.323141
-0.135877
0.051655
0.049023
-0.019893
-0.038080
-0.055337
-0.014487
0.003237
-0.085664
-0.210985
-0.259992
-0.264259
-0.173027
-0.062369
-0.031681
-0.047310
-0.063375
-0.090876
-0.082928
-0.074463
-0.125173
-0.177735
-0.218456
-0.213542
-0.171948
-0.094233
-0.080896
-0.085449
-0.092602
-0.093615
-0.064253
-0.029097
-0.025026
-0.029928
-0.039526
-0.052200
-0.040226
-0.025284
-0.001736
0.000106
0.032057
0.071469
0.059247
0.069577
0.072509
0.055929
0.088778
0.100912
0.068684
0.090535
0.132590
0.138868
0.182440
0.141700
0.139427
0.118585
0.129122
0.171191
0.151552
0.131328
0.115885
0.115669
0.172924
0.158133
0.157771
0.162646
0.202795
0.259986
0.311498
0.168778
-0.186743
-0.377904
-0.433811
-0.285281
-0.050295
0.103201
0.048697
-0.004295
-0.053313
-0.039597
0.008948
-0.012785
-0.133270
-0.242792
-0.290897
-0.252255
-0.121329
-0.031471
-0.012432
-0.034337
-0.066517
-0.095941
-0.065207
-0.084693
-0.130728
-0.185568
-0.226008
-0.208161
-0.146336
-0.084658
-0.069730
-0.072223
-0.086592
-0.078877
-0.056451
-0.039128
-0.030241
-0.037091
-0.038031
-0.032886
-0.024356
-0.016401
-0.009368
0.007612
0.035561
0.056355
0.080287
0.085405
0.074231
0.065491
0.059870
0.083835
0.110343
0.112237
0.136659
0.169213
0.134944
0.135241
0.136566
0.122892
0.183619
0.197849
0.114339
0.114412
0.057275
0.135581
0.211751
0.205619
0.180867
0.162455
0.163691
0.244847
0.313206
0.175608
-0.169222
-0.384118
-0.442716
-0.287926
-0.030735
0.114956
0.065935
-0.004990
-0.063220
-0.043787
0.023555
0.003755
-0.125438
-0.246094
-0.300053
-0.250049
-0.109213
-0.010605
-0.006224
-0.032846
-0.078299
-0.092229
-0.060520
-0.078522
-0.135550
-0.194235
-0.237351
-0.200304
-0.134534
-0.074629
-0.063357
-0.074117
-0.092450
-0.078588
-0.046787
-0.023036
-0.023932
-0.039734
-0.051535
-0.051424
-0.020326
0.006105
0.014744
0.017272
0.024697
0.041594
0.057013
0.077587
0.084254
0.055459
0.051092
0.076369
0.092906
0.129110
0.136043
0.165938
0.161173
0.126783
0.103958
0.115368
0.118248
0.180473
0.172065
0.126926
0.114161
0.147988
0.172718
0.197628
0.162242
0.146466
0.177213
0.207900
0.268844
0.208933
-0.086250
-0.306491
-0.373637
-0.293031
-0.095509
0.067563
0.056635
-0.004395
-0.045402
-0.044038
0.002416
0.004294
-0.093225
-0.208746
-0.277045
-0.260005
-0.148305
-0.039504
-0.004567
-0.025467
-0.065009
-0.089059
-0.079910
-0.076747
-0.128698
-0.168168
-0.219000
-0.201909
-0.146592
-0.076439
-0.061376
-0.065282
-0.089668
-0.086278
-0.057415
-0.035641
-0.027604
-0.028317
-0.031943
-0.038323
-0.036800
-0.026840
-0.012152
0.025398
0.054948
0.065347
0.069233
0.052547
0.056767
0.056749
0.087555
0.084044
0.095389
0.112843
0.111915
0.158458
0.163288
0.085060
0.075652
0.127925
0.173253
0.219486
0.207812
0.095800
0.032764
0.101917
0.174931
0.232848
0.220587
0.147665
0.141441
0.190956
0.280875
0.301525
0.002258
-0.312807
-0.434542
-0.376828
-0.132640
0.102742
0.123466
0.014108
-0.066735
-0.077090
-0.004948
0.047814
-0.032722
-0.190247
-0.295387
-0.304980
-0.179437
-0.026130
0.026855
-0.009457
-0.072208
-0.111234
-0.082588
-0.047688
-0.082620
-0.152588
-0.229572
-0.235221
-0.166033
-0.075587
-0.036172
-0.050945
-0.094936
-0.101005
-0.072109
-0.031059
-0.005023
-0.027500
-0.040801
-0.049604
-0.030248
-0.010317
0.005985
0.031669
0.029857
0.047617
0.048478
0.060371
0.071368
0.073209
0.060477
0.072999
0.082411
0.108487
0.133548
0.115856
0.099466
0.090468
0.121260
0.154926
0.151500
0.167430
0.120447
0.141756
0.154834
0.156648
0.155078
0.166476
0.129179
0.161693
0.181628
0.222516
0.261046
0.293935
0.142554
-0.164188
-0.332851
-0.376033
-0.265632
-0.057401
0.075704
0.038427
0.010938
-0.020874
-0.011012
0.023943
-0.007707
-0.137226
-0.238553
-0.272274
-0.232846
-0.101622
-0.016057
-0.016027
-0.034610
-0.065395
-0.086377
-0.057751
-0.072863
-0.135160
-0.179774
-0.219785
-0.191207
-0.119700
-0.072536
-0.061524
-0.069237
-0.087017
-0.069424
-0.050075
-0.031203
-0.023816
-0.035090
-0.039452
-0.030079
-0.027934
-0.004631
0.013272
0.020976
0.037904
0.048043
0.041779
0.063907
0.075780
0.072247
0.064137
0.060215
0.094354
0.119224
0.134866
0.117220
0.102351
0.070190
0.093537
0.136249
0.170503
0.195654
0.153327
0.127417
0.112613
0.119960
0.148272
0.169020
0.151859
0.180125
0.202041
0.244767
0.327011
0.296546
0.004125
-0.287640
-0.422374
-0.375408
-0.180143
0.044935
0.082414
0.034709
-0.007127
-0.018599
0.012465
0.034082
-0.068926
-0.200416
-0.280596
-0.280707
-0.171380
-0.044562
-0.003131
-0.019453
-0.048865
-0.073058
-0.061456
-0.047437
-0.089526
-0.164961
-0.206226
-0.225354
-0.165902
-0.094680
-0.055059
-0.057077
-0.076682
-0.093310
-0.075057
-0.043876
-0.029607
-0.024067
-0.038825
-0.046189
-0.036788
-0.024978
0.016107
0.022042
0.020767
0.038831
0.039823
0.053134
0.074246
0.058815
0.047705
0.081152
0.099177
0.113624
0.135497
0.088220
0.049175
0.084024
0.123918
0.119774
0.139052
0.155006
0.163710
0.181021
0.121180
0.129430
0.089387
0.123694
0.137841
0.160391
0.205597
0.213351
0.265731
0.260335
0.259937
-0.010296
-0.254624
-0.398682
-0.345846
-0.187306
0.034833
0.091320
0.040229
0.005090
-0.033142
-0.004470
0.004230
-0.051670
-0.175961
-0.250252
-0.269083
-0.172217
-0.060567
-0.002203
-0.019177
-0.044707
-0.068705
-0.068746
-0.052333
-0.086274
-0.148629
-0.194137
-0.218971
-0.169482
-0.093929
-0.055845
-0.050231
-0.075476
-0.095189
-0.064173
-0.036146
-0.020115
-0.018357
-0.056381
-0.071586
-0.039897
-0.006350
0.037200
0.040900
0.023680
0.014563
0.030924
0.046601
0.051846
0.071453
0.058621
0.053473
0.085522
0.103067
0.105843
0.107205
0.076294
0.075313
0.074716
0.110550
0.132903
0.151113
0.163761
0.148771
0.120608
0.102835
0.092717
0.135877
0.160990
0.176171
0.163437
0.201019
0.223442
0.276530
0.320229
0.213532
-0.115425
-0.350223
-0.411605
-0.315693
-0.083608
0.086138
0.081392
0.023427
-0.011775
-0.012418
0.032979
0.020732
-0.108229
-0.239563
-0.295025
-0.254481
-0.118520
0.001216
0.015324
-0.019913
-0.058695
-0.083186
-0.062335
-0.042387
-0.105192
-0.160355
-0.210772
-0.211247
-0.132562
-0.072620
-0.047320
-0.057824
-0.088871
-0.088997
-0.054113
-0.022606
-0.010034
-0.035871
-0.055488
-0.049465
-0.032620
0.004963
0.023163
0.027944
0.035021
0.030937
0.049791
0.067611
0.057598
0.057852
0.073026
0.045778
0.080301
0.104498
0.097811
0.113782
0.110791
0.065445
0.071948
0.091783
0.093102
0.156924
0.149681
0.143377
0.094689
0.088718
0.143902
0.188633
0.163781
0.157513
0.110700
0.146644
0.183924
0.284436
0.310205
0.281425
-0.032365
-0.299437
-0.360641
-0.319959
-0.121867
0.037926
0.052947
-0.022008
-0.004590
-0.013815
0.046362
0.042911
-0.056125
-0.192205
-0.260212
-0.248536
-0.156069
-0.046073
-0.018224
-0.033167
-0.053000
-0.059513
-0.047855
-0.031324
-0.087678
-0.156484
-0.200882
-0.208361
-0.144728
-0.088450
-0.056420
-0.066231
-0.075073
-0.069688
-0.041581
-0.025042
-0.020218
-0.043141
-0.055435
-0.047780
-0.037284
-0.008314
0.016633
0.014976
0.043178
0.038302
0.042658
0.041540
0.047558
0.053181
0.063955
0.084202
0.082791
0.083258
0.086370
0.081814
0.100424
0.093602
0.075441
0.074707
0.108585
0.177946
0.197101
0.127913
0.131475
0.106484
0.074045
0.166706
0.166611
0.117484
0.142760
0.160560
0.173765
0.286286
0.331312
0.329703
0.011466
-0.302947
-0.429136
-0.378603
-0.168215
0.042841
0.094622
0.017469
-0.001394
-0.014458
0.048202
0.046447
-0.051554
-0.218004
-0.286725
-0.280109
-0.158817
-0.024443
0.007753
-0.028268
-0.063398
-0.071225
-0.048519
-0.014321
-0.063343
-0.151378
-0.218656
-0.223103
-0.156597
-0.081294
-0.041478
-0.064499
-0.086662
-0.095522
-0.056423
-0.021564
-0.016366
-0.040021
-0.064015
-0.061549
-0.026982
0.004925
0.006454
0.001277
0.008595
0.032140
0.057518
0.061043
0.052416
0.055208
0.050532
0.054531
0.079757
0.072538
0.066564
0.081075
0.104536
0.098103
0.099333
0.071535
0.063952
0.109263
0.160292
0.141516
0.123494
0.115696
0.110864
0.164385
0.153480
0.116266
0.114737
0.101649
0.162100
0.233093
0.280959
0.309959
0.239902
-0.141812
-0.314654
-0.382601
-0.293753
-0.101457
0.046583
0.022914
-0.001746
0.007335
0.014421
0.054979
0.016042
-0.122843
-0.253634
-0.261912
-0.236661
-0.109786
-0.025326
-0.026463
-0.053221
-0.053085
-0.059045
-0.036770
-0.039241
-0.117626
-0.182189
-0.216908
-0.194883
-0.133593
-0.070249
-0.068071
-0.085289
-0.088880
-0.077183
-0.055875
-0.028559
-0.038076
-0.059292
-0.046847
-0.046763
-0.028387
-0.002496
-0.004266
-0.003237
0.014244
0.022571
0.055681
0.060110
0.048208
0.042898
0.032227
0.060113
0.083758
0.078470
0.058934
0.041714
0.070276
0.100827
0.100100
0.099132
0.089659
0.109133
0.154144
0.142337
0.136956
0.131459
0.113237
0.111505
0.100066
0.100257
0.121503
0.160883
0.167862
0.262732
0.301283
0.339474
0.149116
-0.210033
-0.395097
-0.421426
-0.268903
-0.051105
0.084453
0.034738
0.011291
-0.009031
0.015272
0.038089
-0.015254
-0.158097
-0.269990
-0.291784
-0.231832
-0.101162
-0.017492
-0.013569
-0.038577
-0.061190
-0.068575
-0.047082
-0.067363
-0.129060
-0.188775
-0.224767
-0.185432
-0.129657
-0.071811
-0.064146
-0.080824
-0.088169
-0.075887
-0.058276
-0.038660
-0.041914
-0.056908
-0.047625
-0.052372
-0.029421
-0.000122
0.003766
0.008221
0.023918
0.039051
0.045218
0.063027
0.036669
0.031706
0.031193
0.046132
0.085906
0.094990
0.104143
0.087983
0.072524
0.050160
0.085342
0.075152
0.110363
0.131051
0.166130
0.147534
0.124057
0.116315
0.109262
0.130205
0.135837
0.109137
0.113528
0.134557
0.182766
0.252421
0.290298
0.337137
0.021358
-0.270108
-0.379451
-0.380130
-0.191716
0.022264
0.058916
0.004414
-0.005091
-0.028204
0.032461
0.048017
-0.037763
-0.190958
-0.276149
-0.289770
-0.194809
-0.056172
-0.009629
-0.021784
-0.052299
-0.073964
-0.061166
-0.031073
-0.064789
-0.141037
-0.209933
-0.227121
-0.176037
-0.092736
-0.041838
-0.060583
-0.084623
-0.102180
-0.083832
-0.032186
-0.011672
-0.029386
-0.056524
-0.073668
-0.053685
-0.014044
0.024786
0.010079
0.021852
0.005449
0.031546
0.075988
0.063965
0.064095
0.031059
0.019135
0.038363
0.089186
0.098928
0.142758
0.094872
0.065162
0.036350
0.050020
0.085351
0.147679
0.153267
0.163734
0.135184
0.108830
0.088966
0.115810
0.145511
0.145406
0.145987
0.070075
0.152677
0.209345
0.288927
0.344574
0.285365
-0.094132
-0.333135
-0.411193
-0.339030
-0.112881
0.063979
0.055212
-0.005280
-0.003712
-0.005924
0.054704
0.037250
-0.087273
-0.234517
-0.280944
-0.262445
-0.134026
-0.021580
-0.015247
-0.034632
-0.054894
-0.059247
-0.041769
-0.023000
-0.101201
-0.160136
-0.213895
-0.208821
-0.139358
-0.072508
-0.056523
-0.072278
-0.084582
-0.085055
-0.039418
-0.018554
-0.023151
-0.048706
-0.064081
-0.064053
-0.032758
0.006930
0.002877
0.019157
0.022452
0.045526
0.058041
0.059307
0.067274
0.055090
0.048224
0.050397
0.033628
0.051203
0.113085
0.109434
0.147918
0.123220
0.067245
0.054350
0.106337
0.116772
0.158358
0.154571
0.097759
0.139808
0.136868
0.150632
0.178946
0.124672
0.081918
0.147491
0.159628
0.233891
0.337485
0.329707
0.112104
-0.201275
-0.368254
-0.387859
