0.286976
0.282440
0.087717
-0.085515
-0.259924
-0.353609
-0.229296
-0.075226
0.089728
0.171598
0.133078
-0.004968
-0.100193
-0.156866
-0.141287
-0.029457
0.022057
0.043060
0.023557
-0.029115
-0.068659
-0.031510
-0.000559
0.026761
0.022379
-0.055179
-0.141656
-0.199247
-0.202968
-0.171780
-0.090539
-0.058020
-0.042982
-0.047919
-0.078143
-0.069559
-0.048685
-0.014747
0.011824
0.039218
0.033297
0.037493
0.060926
0.069554
0.094582
0.108647
0.112657
0.128945
0.160811
0.200643
0.247145
0.301168
0.243278
0.025500
-0.128692
-0.298187
-0.324574
-0.174419
-0.019246
0.122776
0.169398
0.094050
-0.044382
-0.118035
-0.163742
-0.115327
-0.005210
0.032704
0.043112
0.015126
-0.046433
-0.066598
-0.020861
0.006312
0.033783
0.009052
-0.073091
-0.163808
-0.200253
-0.198930
-0.149697
-0.072229
-0.055002
-0.040756
-0.056723
-0.078826
-0.066859
-0.037743
-0.003563
0.024260
0.049477
0.032781
0.044014
0.061229
0.072539
0.100681
0.118776
0.120950
0.141144
0.173415
0.207625
0.258122
0.308219
0.186090
-0.013642
-0.164199
-0.330415
-0.284289
-0.130877
0.021091
0.147483
0.164608
0.055255
-0.065111
-0.127493
-0.161648
-0.075566
0.015015
0.037839
0.047733
0.008433
-0.052581
-0.043461
-0.005093
0.014241
0.035832
-0.012018
-0.100869
-0.173370
-0.192702
-0.184743
-0.112443
-0.056722
-0.046330
-0.038800
-0.067742
-0.073817
-0.051739
-0.016354
0.015395
0.042479
0.051151
0.034956
0.058519
0.072355
0.092405
0.120107
0.125480
0.132708
0.159134
0.188768
0.232033
0.285514
0.299031
0.110055
-0.059757
-0.229367
-0.341046
-0.224399
-0.072778
0.090946
0.183537
0.154538
0.014047
-0.087772
-0.147872
-0.145048
-0.027812
0.035762
0.060360
0.049655
-0.010986
-0.058985
-0.028090
0.003857
0.033618
0.038128
-0.034948
-0.129500
-0.184349
-0.192240
-0.162171
-0.075408
-0.042761
-0.031518
-0.038459
-0.070781
-0.065950
-0.037289
0.002601
0.033910
0.062054
0.053213
0.050854
0.071560
0.081246
0.109460
0.128574
0.131367
0.144104
0.170076
0.206599
0.253047
0.314529
0.248000
0.034656
-0.116608
-0.293237
-0.304650
-0.153949
-0.003555
0.136986
0.177387
0.096335
-0.033799
-0.101551
-0.148275
-0.092700
0.010245
0.042908
0.055544
0.028127
-0.030396
-0.046246
-0.001568
0.016567
0.039409
0.007912
-0.081007
-0.159851
-0.187696
-0.181324
-0.122757
-0.051042
-0.039328
-0.029708
-0.049324
-0.066422
-0.048691
-0.014308
0.018141
0.044000
0.063484
0.052419
0.072242
0.087384
0.102390
0.122884
0.133078
0.136767
0.154467
0.192513
0.230999
0.286573
0.306325
0.125198
-0.052530
-0.216311
-0.328335
-0.225306
-0.069523
0.088224
0.178026
0.153042
0.019721
-0.079842
-0.134333
-0.136239
-0.029106
0.033489
0.052329
0.043675
-0.006810
-0.051669
-0.023235
0.014202
0.031302
0.032124
-0.041318
-0.134501
-0.184430
-0.187370
-0.151742
-0.069960
-0.035488
-0.033732
-0.041079
-0.069805
-0.067892
-0.031673
0.009752
0.040965
0.066329
0.057198
0.050652
0.072864
0.086982
0.114088
0.134079
0.136117
0.144062
0.166561
0.204796
0.248359
0.314985
0.229685
0.021140
-0.124113
-0.305723
-0.299423
-0.153780
0.007070
0.145292
0.185311
0.094362
-0.042356
-0.113640
-0.161371
-0.090744
0.014421
0.050831
0.060597
0.024207
-0.042048
-0.056506
-0.011295
0.005936
0.033033
-0.000962
-0.092600
-0.169187
-0.190246
-0.181637
-0.111053
-0.044925
-0.036486
-0.033028
-0.062330
-0.080469
-0.055952
-0.009149
0.028010
0.062127
0.072873
0.050329
0.067931
0.079676
0.094776
0.125171
0.134552
0.142003
0.161542
0.195049
0.228992
0.289598
0.273198
0.071045
-0.079177
-0.258927
-0.326696
-0.201984
-0.049055
0.105590
0.178690
0.130590
-0.008718
-0.093430
-0.155486
-0.131026
-0.020352
0.030641
0.053771
0.038330
-0.020078
-0.056792
-0.020615
-0.002783
0.016111
0.008424
-0.072960
-0.154133
-0.183447
-0.186626
-0.138521
-0.063943
-0.050332
-0.042902
-0.057229
-0.079740
-0.062806
-0.022497
0.013112
0.040799
0.060989
0.038906
0.047617
0.073432
0.088185
0.118834
0.130363
0.130267
0.145549
0.171508
0.208557
0.261952
0.302411
0.144228
-0.039927
-0.195737
-0.337320
-0.255716
-0.104265
0.052279
0.165520
0.161106
0.038662
-0.072562
-0.140478
-0.164900
-0.067362
0.011831
0.041930
0.050031
0.001603
-0.056874
-0.043042
-0.010778
0.005521
0.022635
-0.033366
-0.126867
-0.182423
-0.195677
-0.175144
-0.093383
-0.052529
-0.046253
-0.044252
-0.074823
-0.076864
-0.041163
-0.004970
0.022606
0.051178
0.042289
0.036460
0.063617
0.077461
0.102149
0.127083
0.127883
0.134266
0.158172
0.190532
0.235571
0.302580
0.232974
0.029446
-0.124508
-0.302914
-0.315949
-0.173401
-0.018219
0.124054
0.175793
0.090805
-0.037533
-0.115704
-0.165875
-0.109268
-0.006593
0.036654
0.050594
0.023311
-0.043462
-0.060612
-0.023089
-0.002481
0.026295
0.001252
-0.080065
-0.165335
-0.191528
-0.189246
-0.129480
-0.059143
-0.049257
-0.043159
-0.067219
-0.085380
-0.059730
-0.020332
0.014607
0.043530
0.049396
0.026078
0.040934
0.059858
0.083245
0.118590
0.132212
0.131082
0.146184
0.165355
0.201142
0.258122
0.292356
0.144012
-0.034583
-0.192552
-0.336917
-0.257160
-0.116185
0.038943
0.160012
0.152197
0.041806
-0.066867
-0.133777
-0.157060
-0.061196
0.010349
0.038627
0.048543
-0.003322
-0.054191
-0.038874
-0.010542
0.014458
0.032927
-0.024987
-0.106691
-0.174684
-0.196087
-0.177163
-0.106724
-0.058080
-0.042791
-0.035876
-0.069337
-0.070330
-0.050166
-0.020537
0.015283
0.039477
0.041879
0.031264
0.049490
0.058840
0.086769
0.111901
0.119656
0.125368
0.144756
0.174155
0.215968
0.267760
0.282506
0.122760
-0.049294
-0.208890
-0.319418
-0.229546
-0.087263
0.062849
0.155307
0.134391
0.012574
-0.084889
-0.140968
-0.140480
-0.038602
0.027719
0.051453
0.043285
-0.010553
-0.059596
-0.035221
-0.007173
0.024894
0.034358
-0.029231
-0.105361
-0.173889
-0.185774
-0.166068
-0.097844
-0.058096
-0.041581
-0.040983
-0.067314
-0.065652
-0.048755
-0.017618
0.012974
0.038624
0.035568
0.029949
0.041537
0.047876
0.080336
0.102407
0.118859
0.126314
0.147829
0.169954
0.210821
0.257057
0.284965
0.169989
-0.022588
-0.172740
-0.308956
-0.262538
-0.118779
0.031438
0.145834
0.150737
0.054221
-0.062492
-0.124088
-0.146767
-0.067418
0.013413
0.043557
0.050701
0.009893
-0.041249
-0.041294
-0.007934
0.013824
0.032339
-0.014083
-0.087847
-0.157818
-0.184233
-0.167924
-0.115022
-0.057940
-0.044420
-0.039088
-0.063158
-0.073584
-0.054191
-0.025303
0.010859
0.032284
0.043060
0.028546
0.036712
0.046755
0.065422
0.094549
0.109745
0.123196
0.141577
0.165009
0.197463
0.234780
0.277688
0.214235
0.027731
-0.108553
-0.268183
-0.282281
-0.156679
-0.021638
0.113807
0.152048
0.087523
-0.032399
-0.100367
-0.143751
-0.095207
-0.002224
0.030005
0.046470
0.022856
-0.027694
-0.043319
-0.007036
0.010000
0.033058
0.004470
-0.070354
-0.140635
-0.178312
-0.170937
-0.129376
-0.062322
-0.044706
-0.038222
-0.051480
-0.077675
-0.062386
-0.032706
-0.002325
0.027081
0.039026
0.023125
0.026095
0.034616
0.047639
0.082945
0.107276
0.118743
0.133852
0.152826
0.169341
0.214518
0.252591
0.267865
0.135115
-0.037512
-0.186264
-0.295255
-0.219339
-0.088686
0.061838
0.149581
0.128270
0.023393
-0.079777
-0.131009
-0.131224
-0.039825
0.024260
0.051592
0.046320
-0.001777
-0.042517
-0.029595
-0.002079
0.022137
0.025217
-0.032209
-0.103833
-0.165822
-0.174777
-0.149817
-0.087075
-0.048377
-0.039747
-0.044174
-0.073104
-0.067932
-0.046135
-0.010595
0.019995
0.039029
0.036165
0.025981
0.038120
0.042815
0.073379
0.096026
0.110336
0.121606
0.133814
0.153978
0.188156
0.231701
0.270063
0.227541
0.044384
-0.099051
-0.242008
-0.267373
-0.146084
-0.014399
0.111233
0.144235
0.081097
-0.037007
-0.105209
-0.138672
-0.094962
-0.003835
0.033711
0.047681
0.026598
-0.020534
-0.037606
-0.006340
0.010388
0.024870
-0.002674
-0.068949
-0.139596
-0.169743
-0.159011
-0.122613
-0.058326
-0.045738
-0.042726
-0.059552
-0.077557
-0.059122
-0.024103
0.016027
0.035205
0.046431
0.025648
0.019821
0.036323
0.052384
0.088689
0.111196
0.122691
0.129058
0.147226
0.165892
0.207065
0.250462
0.269141
0.157130
-0.023414
-0.166563
-0.279869
-0.222945
-0.084312
0.056798
0.148529
0.132024
0.026873
-0.081750
-0.130757
-0.132340
-0.048968
0.026519
0.050911
0.046222
0.007512
-0.038274
-0.031893
0.000060
0.015479
0.017610
-0.028335
-0.103940
-0.160060
-0.163410
-0.144137
-0.083993
-0.040533
-0.042905
-0.046454
-0.072687
-0.075465
-0.043147
-0.004773
0.027638
0.046059
0.042041
0.023186
0.030133
0.044957
0.071076
0.102799
0.117700
0.122574
0.135805
0.152301
0.183828
0.229903
0.268599
0.232043
0.065465
-0.083773
-0.228547
-0.265474
-0.156171
-0.027025
0.100389
0.141239
0.085002
-0.027807
-0.101150
-0.136540
-0.099230
-0.009478
0.034248
0.053278
0.034533
-0.012758
-0.036602
-0.015139
0.001745
0.012729
-0.006951
-0.072194
-0.140261
-0.166734
-0.159624
-0.118201
-0.056284
-0.044000
-0.043929
-0.062592
-0.080257
-0.062785
-0.024181
0.016124
0.041127
0.052800
0.031300
0.023233
0.034110
0.051072
0.092464
0.115132
0.122448
0.126887
0.142017
0.160682
0.205369
0.255352
0.268451
0.145219
-0.025957
-0.174067
-0.278482
-0.216441
-0.085876
0.056394
0.141964
0.121503
0.013812
-0.089160
-0.144425
-0.137790
-0.044643
0.028855
0.060155
0.053293
0.006469
-0.041558
-0.035565
-0.009675
0.009041
0.009663
-0.041693
-0.117032
-0.167811
-0.170258
-0.145918
-0.079597
-0.048041
-0.047033
-0.054199
-0.082433
-0.074552
-0.041309
0.001662
0.034567
0.052378
0.040968
0.020996
0.033450
0.042887
0.077991
0.110075
0.115765
0.125104
0.135419
0.150967
0.190607
0.234840
0.270239
0.176202
0.009253
-0.135417
-0.269071
-0.237434
-0.122226
0.020035
0.125893
0.131391
0.044786
-0.066014
-0.128767
-0.150268
-0.076991
0.000806
0.038137
0.049359
0.016269
-0.029309
-0.034124
-0.013202
0.001645
0.005737
-0.034472
-0.102643
-0.161860
-0.172076
-0.159403
-0.103634
-0.058638
-0.052544
-0.053260
-0.078402
-0.082372
-0.057795
-0.013568
0.020084
0.040903
0.039694
0.016488
0.025166
0.035763
0.065941
0.102734
0.116140
0.123278
0.130398
0.143515
0.175729
0.224044
0.272855
0.217572
0.043349
-0.109472
-0.261148
-0.273053
-0.152645
-0.011391
0.119740
0.148003
0.070027
-0.054709
-0.132698
-0.166218
-0.103668
-0.006524
0.038403
0.056894
0.024257
-0.030430
-0.048856
-0.023783
-0.003120
0.013480
-0.013947
-0.088102
-0.156571
-0.184677
-0.172429
-0.119243
-0.059546
-0.047640
-0.048137
-0.074737
-0.090611
-0.067307
-0.028285
0.016935
0.040073
0.046078
0.023045
0.022006
0.035204
0.057263
0.099252
0.115071
0.124928
0.135266
0.147668
0.177666
0.218506
0.270793
0.223914
0.057575
-0.094416
-0.247803
-0.270228
-0.158875
-0.021931
0.100798
0.135400
0.066359
-0.047429
-0.116881
-0.150477
-0.096375
-0.007677
0.034716
0.050454
0.020797
-0.029275
-0.045766
-0.018120
0.007826
0.023884
-0.006938
-0.078340
-0.154042
-0.185927
-0.176037
-0.124421
-0.061888
-0.042413
-0.043516
-0.067638
-0.087022
-0.072546
-0.029240
0.008813
0.041490
0.049503
0.029519
0.031223
0.036462
0.060832
0.090936
0.116052
0.125310
0.138139
0.157831
0.178673
0.225940
0.270485
0.230978
0.058971
-0.090318
-0.241551
-0.274856
-0.159357
-0.028216
0.105740
0.145645
0.084685
-0.029799
-0.108130
-0.149772
-0.110641
-0.021270
0.025365
0.054325
0.039424
-0.003893
-0.025678
-0.009572
0.001426
0.014573
-0.013496
-0.071906
-0.135798
-0.168340
-0.158237
-0.125275
-0.070019
-0.054297
-0.048727
-0.061926
-0.077436
-0.059488
-0.029022
0.012867
0.037847
0.050503
0.037373
0.032746
0.045994
0.061737
0.096424
0.119911
0.129491
0.141163
0.159379
0.182843
0.221385
0.270342
0.239375
0.074173
-0.070309
-0.224137
-0.271589
-0.163861
-0.036916
0.098754
0.150556
0.095092
-0.018105
-0.097197
-0.143342
-0.106242
-0.011873
0.029753
0.055121
0.035340
-0.014698
-0.032952
-0.009045
0.013420
0.032960
0.007727
-0.064398
-0.136193
-0.174978
-0.166781
-0.120650
-0.057328
-0.039018
-0.036225
-0.057988
-0.078867
-0.062880
-0.029277
0.013235
0.041212
0.052672
0.034083
0.030111
0.040371
0.060586
0.100129
0.120258
0.130723
0.137660
0.154315
0.176254
0.219337
0.266688
0.265434
0.122143
-0.044163
-0.196304
-0.281886
-0.195225
-0.063584
0.080132
0.154113
0.120292
0.010743
-0.088978
-0.142716
-0.129643
-0.036274
0.029809
0.064173
0.056727
0.010557
-0.030337
-0.021970
0.001348
0.023442
0.015704
-0.039471
-0.109572
-0.166032
-0.166429
-0.139125
-0.078909
-0.046207
-0.039733
-0.046763
-0.069203
-0.060843
-0.036187
0.005095
0.031933
0.047990
0.041952
0.026948
0.039787
0.052398
0.090232
0.113475
0.125070
0.130966
0.141579
0.164463
0.201879
0.249589
0.278318
0.181303
0.003410
-0.142025
-0.272701
-0.237369
-0.109070
0.031732
0.140364
0.140672
0.047297
-0.063377
-0.124866
-0.141455
-0.062568
0.015815
0.050885
0.058039
0.020407
-0.027820
-0.027432
-0.001994
0.015914
0.023516
-0.024145
-0.093865
-0.156027
-0.169928
-0.152761
-0.096105
-0.049020
-0.042137
-0.043317
-0.071552
-0.075541
-0.051867
-0.009664
0.028905
0.049033
0.048770
0.024993
0.030437
0.039991
0.068309
0.104480
0.120164
0.127987
0.138533
0.155791
0.184517
0.225002
0.267036
0.224446
0.056523
-0.093567
-0.239427
-0.263517
-0.156326
-0.018130
0.106855
0.141410
0.080053
-0.034373
-0.109112
-0.146359
-0.101792
-0.016982
0.030509
0.048858
0.026859
-0.016862
-0.040158
-0.015021
0.004749
0.018121
-0.009365
-0.076422
-0.146145
-0.173819
-0.162115
-0.117844
-0.060060
-0.048414
-0.049884
-0.070171
-0.085275
-0.064544
-0.022670
0.017721
0.040724
0.046299
0.023172
0.018180
0.031903
0.056444
0.096353
0.119536
0.126195
0.131588
0.143342
0.163353
0.209542
0.257165
0.250331
0.106664
-0.057166
-0.202791
-0.284750
-0.196522
-0.064891
0.067805
0.135611
0.099197
-0.007596
-0.097554
-0.142441
-0.126200
-0.038040
0.020197
0.043986
0.034949
-0.007344
-0.040237
-0.025769
-0.001926
0.003993
-0.006768
-0.067114
-0.139996
-0.172770
-0.167180
-0.134042
-0.072834
-0.050224
-0.055321
-0.067399
-0.088295
-0.075575
-0.036223
0.005413
0.034574
0.049841
0.036549
0.019179
0.032823
0.044230
0.076553
0.107471
0.118868
0.130076
0.143115
0.159076
0.191432
0.237131
0.255631
0.139629
-0.017068
-0.164134
-0.273947
-0.217537
-0.100610
0.033683
0.121425
0.108275
0.013159
-0.082363
-0.134927
-0.137102
-0.055784
0.008341
0.039265
0.037796
-0.001875
-0.040516
-0.034872
-0.009027
0.000482
-0.001338
-0.053531
-0.127676
-0.170876
-0.174072
-0.145179
-0.085156
-0.053821
-0.054588
-0.063906
-0.087363
-0.078070
-0.042911
-0.000417
0.030707
0.044768
0.036329
0.022498
0.037857
0.050276
0.080824
0.110491
0.116779
0.123946
0.133685
0.152565
0.185861
0.233972
0.261956
0.167270
0.001205
-0.145776
-0.268396
-0.236215
-0.112576
0.024619
0.125633
0.127206
0.033874
-0.071486
-0.135688
-0.146518
-0.073717
0.003005
0.037631
0.039121
0.004172
-0.038624
-0.037787
-0.008730
0.003564
0.004368
-0.041017
-0.118374
-0.169883
-0.177146
-0.152026
-0.089650
-0.049639
-0.045041
-0.054435
-0.079662
-0.081575
-0.048256
-0.006863
0.028211
0.048606
0.043801
0.027080
0.038451
0.054491
0.082550
0.114119
0.120303
0.124391
0.137217
0.154247
0.192236
0.242359
0.272189
0.167783
-0.004340
-0.153841
-0.278692
-0.236757
-0.104219
0.031972
0.134436
0.128846
0.029943
-0.071391
-0.131242
-0.138896
-0.062065
0.011727
0.038735
0.040452
-0.000315
-0.043863
-0.038053
-0.007783
0.009033
0.011121
-0.037111
-0.119174
-0.168868
-0.176960
-0.148934
-0.081686
-0.045251
-0.043292
-0.054994
-0.084031
-0.080879
-0.040947
0.001963
0.036829
0.052971
0.042198
0.025215
0.038739
0.058624
0.086865
0.120845
0.123526
0.125025
0.135279
0.154009
0.194921
0.246058
0.273383
0.162936
-0.006616
-0.155364
-0.280554
-0.227225
-0.094589
0.045894
0.148767
0.135454
0.029604
-0.081248
-0.145044
-0.150443
-0.061093
0.018426
0.048818
0.052157
0.004404
-0.040829
-0.037122
-0.006575
0.011611
0.013519
-0.036777
-0.117378
-0.162560
-0.172722
-0.142975
-0.076232
-0.044796
-0.041660
-0.052315
-0.081621
-0.078723
-0.040399
0.000970
0.037697
0.055161
0.041664
0.027887
0.041182
0.061195
0.091187
0.121997
0.125796
0.130198
0.142679
0.160565
0.201343
0.253564
0.266145
0.134103
-0.029095
-0.179454
-0.281613
-0.208457
-0.077700
0.061525
0.151314
0.126924
0.020510
-0.079200
-0.141046
-0.138708
-0.051164
0.017466
0.051917
0.051970
0.004802
-0.037415
-0.030657
-0.006451
0.011404
0.011551
-0.041842
-0.115126
-0.162578
-0.168419
-0.138510
-0.078301
-0.046911
-0.042780
-0.048384
-0.074311
-0.068625
-0.037363
-0.001394
0.030927
0.052599
0.041941
0.030401
0.045344
0.056678
0.089546
0.118467
0.125769
0.134721
0.148195
0.167253
0.203027
0.248473
0.255489
0.127260
-0.032237
-0.176256
-0.265875
-0.199118
-0.069780
0.058402
0.134198
0.112647
0.009286
-0.076423
-0.127511
-0.122789
-0.041367
0.020525
0.045182
0.043036
0.004540
-0.032575
-0.020165
0.002342
0.014315
0.007042
-0.047534
-0.122196
-0.162406
-0.162413
-0.133452
-0.071627
-0.044565
-0.041775
-0.051983
-0.072894
-0.068762
-0.033501
0.004012
0.032250
0.050142
0.038139
0.030254
0.047421
0.061671
0.090373
0.115582
0.118418
0.126913
0.144994
0.166757
0.209601
0.258286
0.260914
0.130256
-0.034278
-0.176144
-0.273774
-0.201484
-0.073786
0.056480
0.140657
0.113780
0.017286
-0.070341
-0.121011
-0.115279
-0.037166
0.018588
0.037670
0.036629
-0.006548
-0.035959
-0.018478
0.005741
0.021186
0.012250
-0.047003
-0.121748
-0.164941
-0.165407
-0.135237
-0.072907
-0.046060
-0.042476
-0.048934
-0.074180
-0.067508
-0.034899
0.000058
0.034406
0.053517
0.041104
0.030144
0.041495
0.052286
0.084465
0.114230
0.120249
0.132535
0.146633
0.165454
0.203467
0.248014
0.262328
0.144312
-0.019531
-0.161782
-0.264456
-0.210268
-0.083066
0.050420
0.132714
0.115631
0.019120
-0.076699
-0.128562
-0.124731
-0.045423
0.022744
0.050759
0.046085
0.005413
-0.035134
-0.030599
-0.002412
0.010254
0.006555
-0.042686
-0.114321
-0.159191
-0.164928
-0.138327
-0.079532
-0.050373
-0.046067
-0.051647
-0.075540
-0.068092
-0.036187
0.000640
0.033504
0.047157
0.037228
0.026859
0.040661
0.055532
0.085509
0.114014
0.116854
0.127322
0.143799
0.163092
0.202503
0.246344
0.259566
0.148803
-0.021321
-0.160842
-0.268773
-0.213147
-0.089921
0.043229
0.134670
0.119369
0.025908
-0.075894
-0.127902
-0.135898
-0.057866
0.009578
0.039704
0.044522
0.005265
-0.026755
-0.025774
0.000212
0.008495
0.003300
-0.048098
-0.121564
-0.164665
-0.168346
-0.136940
-0.079048
-0.044170
-0.044905
-0.055896
-0.082381
-0.081374
-0.046831
-0.002753
0.035314
0.054556
0.047204
0.028594
0.032996
0.041645
0.070045
0.103595
0.122548
0.137754
0.151880
0.164873
0.190558
0.230318
0.261100
0.169581
0.001966
-0.139630
-0.275198
-0.242828
-0.121561
0.017864
0.132977
0.138053
0.052397
-0.061759
-0.133480
-0.159146
-0.085419
-0.000267
0.043563
0.061776
0.023140
-0.026461
-0.039551
-0.021399
-0.009242
-0.001225
-0.036911
-0.104613
-0.153570
-0.169925
-0.148909
-0.089031
-0.046058
-0.042161
-0.056035
-0.089760
-0.095890
-0.056675
-0.007394
0.039893
0.062924
0.046915
0.021729
0.021341
0.035913
0.069751
0.113821
0.130736
0.139143
0.150602
0.157605
0.188728
0.235021
0.273616
0.183405
0.008629
-0.141270
-0.283080
-0.253398
-0.128070
0.019297
0.135933
0.137207
0.045683
-0.068933
-0.139179
-0.155189
-0.077211
0.007164
0.044952
0.054127
0.015273
-0.032838
-0.036207
-0.009866
0.008006
0.011094
-0.036847
-0.111149
-0.168100
-0.174407
-0.143800
-0.076328
-0.030262
-0.041825
-0.067542
-0.109833
-0.116984
-0.065291
0.000728
0.052079
0.072888
0.050585
0.010277
0.006354
0.021198
0.063378
0.116251
0.142255
0.145038
0.147269
0.150252
0.176771
0.227179
0.279736
0.210474
0.030265
-0.122456
-0.281987
-0.275789
-0.150057
-0.001862
0.132786
0.154685
0.065626
-0.060933
-0.139986
-0.171260
-0.094934
0.005881
0.051803
0.066432
0.023491
-0.036830
-0.051214
-0.020455
0.001121
0.016029
-0.020743
-0.101491
-0.165007
-0.185168
-0.164039
-0.098210
-0.043920
-0.036492
-0.046470
-0.082858
-0.096753
-0.065859
-0.016552
0.030787
0.057027
0.051390
0.022808
0.024707
0.035946
0.062722
0.108200
0.124610
0.132193
0.142110
0.152618
0.183883
0.230637
0.277446
0.204046
0.028730
-0.123439
-0.274487
-0.264242
-0.146301
-0.003343
0.118225
0.135944
0.057965
-0.054928
-0.122287
-0.150588
-0.086137
-0.003242
0.034271
0.051078
0.016372
-0.028346
-0.038849
-0.012567
0.004382
0.009636
-0.030502
-0.107026
-0.167162
-0.182408
-0.158522
-0.093842
-0.043209
-0.038498
-0.052915
-0.084526
-0.092803
-0.057687
-0.007405
0.032539
0.057288
0.050664
0.027069
0.027786
0.041994
0.066171
0.105802
0.124499
0.131651
0.148370
0.161321
0.194054
0.242837
0.280228
0.183235
0.006250
-0.143578
-0.288124
-0.256528
-0.126922
0.018370
0.133246
0.140109
0.044019
-0.067337
-0.134325
-0.155294
-0.073798
0.011221
0.047726
0.056525
0.015140
-0.039489
-0.042764
-0.015427
-0.000436
0.014879
-0.028989
-0.103708
-0.164667
-0.182581
-0.162461
-0.096535
-0.044463
-0.038892
-0.045498
-0.081559
-0.089568
-0.055645
-0.010449
0.033963
0.056884
0.053658
0.028124
0.035531
0.046101
0.071137
0.110911
0.125731
0.136026
0.151939
0.165365
0.200692
0.248546
0.283783
0.169913
-0.005992
-0.154607
-0.297753
-0.246559
-0.118893
0.032523
0.144255
0.141941
0.043552
-0.073133
-0.140338
-0.160758
-0.072123
0.009483
0.047040
0.060727
0.016614
-0.029911
-0.031734
-0.007826
0.004729
0.008646
-0.044096
-0.118899
-0.171517
-0.178497
-0.148345
-0.079247
-0.037048
-0.035493
-0.050230
-0.086586
-0.086156
-0.049591
0.002927
0.044730
0.062344
0.055418
0.027063
0.038906
0.052174
0.083536
0.120651
0.127825
0.137979
0.148129
0.171210
0.210562
0.261602
0.280783
0.128700
-0.035704
-0.195208
-0.303611
-0.218932
-0.080900
0.072840
0.164531
0.137311
0.016188
-0.092004
-0.155251
-0.151230
-0.047663
0.027048
0.062045
0.059357
0.005921
-0.042504
-0.030482
-0.006616
0.013394
0.015319
-0.044815
-0.124066
-0.173343
-0.176821
-0.141597
-0.064690
-0.033115
-0.032780
-0.054579
-0.092338
-0.081574
-0.040438
0.014648
0.051285
0.066154
0.047194
0.025709
0.037611
0.049195
0.088262
0.120974
0.133956
0.145905
0.155795
0.177613
0.211887
0.266898
0.269605
0.114957
-0.042435
-0.206600
-0.299400
-0.211217
-0.074654
0.076102
0.162418
0.128962
0.012931
-0.087757
-0.148815
-0.138183
-0.040414
0.023608
0.058266
0.054091
0.001957
-0.035957
-0.024949
-0.000573
0.017126
0.010539
-0.054429
-0.131820
-0.175546
-0.176508
-0.129756
-0.059202
-0.028576
-0.029910
-0.056080
-0.089013
-0.078784
-0.037751
0.011474
0.053290
0.065242
0.046690
0.029967
0.035120
0.051369
0.087714
0.119434
0.133726
0.140045
0.149789
0.166446
0.205243
0.258101
0.266094
0.131644
-0.030479
-0.188107
-0.286486
-0.211161
-0.079854
0.060778
0.146916
0.120927
0.019018
-0.076155
-0.133749
-0.129194
-0.048491
0.013572
0.046306
0.045510
0.004758
-0.027933
-0.021192
-0.002330
0.005535
-0.006477
-0.064868
-0.132960
-0.168495
-0.163573
-0.121539
-0.061609
-0.036235
-0.043571
-0.065420
-0.089735
-0.075287
-0.030846
0.014926
0.051116
0.058037
0.043098
0.028390
0.036094
0.055174
0.090102
0.117952
0.126140
0.134973
0.147113
0.167079
0.203621
0.252130
0.262199
0.128514
-0.027564
-0.176933
-0.276640
-0.206949
-0.082677
0.054627
0.139378
0.115511
0.012479
-0.082193
-0.137831
-0.131849
-0.044302
0.019772
0.048953
0.047562
0.000410
-0.037679
-0.025850
-0.007178
0.005986
0.000058
-0.058010
-0.129072
-0.167628
-0.167139
-0.132728
-0.065871
-0.042075
-0.043218
-0.058619
-0.090040
-0.072800
-0.033642
0.009186
0.043936
0.053266
0.040876
0.027999
0.040993
0.056883
0.088349
0.116202
0.120051
0.129674
0.139401
0.160786
0.201179
0.251634
0.260822
0.132036
-0.028528
-0.179807
-0.276500
-0.205713
-0.076256
0.058742
0.138370
0.105593
0.002327
-0.090387
-0.141646
-0.128770
-0.039751
0.022352
0.049599
0.044082
-0.005776
-0.039567
-0.032099
-0.009450
0.002636
-0.004048
-0.060010
-0.129195
-0.164147
-0.166174
-0.126215
-0.066717
-0.042147
-0.044155
-0.064564
-0.091123
-0.077700
-0.036786
0.007753
0.045053
0.055272
0.038879
0.023410
0.030369
0.045042
0.083114
0.114200
0.123493
0.131313
0.138344
0.153862
0.190247
0.238399
0.259516
0.154300
-0.006503
-0.155005
-0.263426
-0.221356
-0.098483
0.040294
0.131328
0.120582
0.023002
-0.080227
-0.140543
-0.142548
-0.062918
0.010103
0.047509
0.049888
0.010353
-0.031790
-0.032968
-0.010248
0.000681
0.000791
-0.048785
-0.118146
-0.161404
-0.167674
-0.135446
-0.075449
-0.041302
-0.041628
-0.060273
-0.087898
-0.082299
-0.039155
0.006968
0.043585
0.056226
0.036554
0.020082
0.029605
0.045792
0.080980
0.114661
0.123343
0.124916
0.134059
0.148021
0.181671
0.233294
0.264633
0.188427
0.022951
-0.128183
-0.257133
-0.239882
-0.123664
0.013411
0.122920
0.128060
0.045530
-0.061627
-0.128947
-0.144680
-0.075100
0.003096
0.043453
0.053680
0.015233
-0.026301
-0.035010
-0.011818
0.003109
0.007021
-0.034015
-0.105495
-0.158161
-0.175070
-0.147805
-0.087817
-0.042321
-0.036044
-0.050513
-0.081366
-0.087642
-0.053424
-0.008828
0.034109
0.054107
0.043818
0.023498
0.024677
0.037132
0.066660
0.104190
0.120662
0.125753
0.133792
0.145026
0.176147
0.220351
0.259524
0.209716
0.050758
-0.096306
-0.230909
-0.248757
-0.143237
-0.009218
0.102113
0.127955
0.058025
-0.049532
-0.118351
-0.143211
-0.089955
-0.006972
0.035966
0.048039
0.022090
-0.023796
-0.040048
-0.014061
0.004260
0.010349
-0.019049
-0.089312
-0.152369
-0.171555
-0.155115
-0.100009
-0.047261
-0.038765
-0.046680
-0.076680
-0.087635
-0.061312
-0.017444
0.024767
0.045985
0.048888
0.024387
0.021421
0.032365
0.051652
0.095080
0.117340
0.124050
0.130375
0.138889
0.159037
0.202951
0.244807
0.240433
0.112916
-0.042681
-0.184331
-0.258241
-0.181654
-0.063649
0.067381
0.128742
0.090632
-0.008194
-0.097010
-0.139025
-0.118856
-0.036834
0.022682
0.052108
0.042056
-0.000826
-0.031950
-0.025726
-0.005635
0.000189
-0.010069
-0.066762
-0.127356
-0.158576
-0.156375
-0.119837
-0.063577
-0.042004
-0.045714
-0.063411
-0.086495
-0.070796
-0.030538
0.008906
0.041681
0.049849
0.033889
0.021543
0.031616
0.045262
0.080340
0.107650
0.116065
0.124871
0.133621
0.151908
0.189237
0.231148
0.255940
0.169276
0.014195
-0.126975
-0.242419
-0.221587
-0.112102
0.016383
0.108463
0.112147
0.030926
-0.066451
-0.123648
-0.133053
-0.065729
0.007246
0.043306
0.045110
0.012523
-0.029900
-0.034270
-0.009877
0.001731
0.002827
-0.036672
-0.108177
-0.158906
-0.168631
-0.144527
-0.084243
-0.041432
-0.037435
-0.053236
-0.082733
-0.084466
-0.051658
-0.005286
0.034524
0.052339
0.044441
0.021002
0.020370
0.032303
0.059173
0.098121
0.117100
0.125454
0.129691
0.140481
0.167935
0.211295
0.257074
0.232279
0.082052
-0.065994
-0.206805
-0.253359
-0.162393
-0.040333
0.078591
0.123740
0.071375
-0.029885
-0.099722
-0.136848
-0.103847
-0.022111
0.024955
0.048800
0.034992
-0.006235
-0.030805
-0.016517
-0.006019
-0.002424
-0.020206
-0.085161
-0.141115
-0.162969
-0.152402
-0.104226
-0.050464
-0.038663
-0.047583
-0.071390
-0.091149
-0.066637
-0.020128
0.021824
0.051687
0.052159
0.029184
0.016850
0.025933
0.046640
0.088745
0.118693
0.126463
0.131119
0.133188
0.144926
0.185917
0.233512
0.257591
0.160275
-0.000963
-0.137918
-0.250513
-0.211897
-0.098715
0.024474
0.114289
0.104221
0.021374
-0.075126
-0.127132
-0.133430
-0.060804
0.010857
0.041470
0.049336
0.012642
-0.027723
-0.028382
-0.007111
-0.002165
-0.002192
-0.049056
-0.119314
-0.158458
-0.163178
-0.133028
-0.074240
-0.039421
-0.043480
-0.055951
-0.085958
-0.082127
-0.042275
-0.001082
0.036351
0.053118
0.041661
0.016906
0.022134
0.031257
0.061975
0.102488
0.114207
0.126038
0.131986
0.141409
0.173334
0.214708
0.256908
0.229501
0.080109
-0.069572
-0.208354
-0.252270
-0.168634
-0.042404
0.074924
0.117430
0.075977
-0.026985
-0.094311
-0.133014
-0.102977
-0.026506
0.017640
0.042663
0.027314
-0.002834
-0.026069
-0.009668
0.003902
-0.001069
-0.024510
-0.087712
-0.144030
-0.166917
-0.148454
-0.105798
-0.053866
-0.038917
-0.051774
-0.074024
-0.092384
-0.069206
-0.021656
0.022962
0.051026
0.049313
0.025289
0.007651
0.014531
0.040009
0.080720
0.113333
0.129080
0.126607
0.130185
0.144998
0.182085
0.230711
0.266447
0.185502
0.013128
-0.126248
-0.256539
-0.235131
-0.116934
0.008342
0.113785
0.116062
0.037440
-0.062447
-0.119950
-0.138398
-0.075506
0.002726
0.032764
0.048651
0.020107
-0.023540
-0.026751
-0.008901
0.000914
0.001678
-0.039586
-0.107568
-0.155798
-0.163000
-0.139941
-0.082715
-0.043505
-0.044832
-0.054683
-0.083227
-0.083756
-0.048929
-0.003958
0.032737
0.049286
0.038553
0.013995
0.011909
0.024665
0.055281
0.095560
0.118491
0.123965
0.126415
0.136182
0.160853
0.209403
0.254731
0.255173
0.116399
-0.046758
-0.188891
-0.270636
-0.188037
-0.065942
0.063541
0.129284
0.091075
-0.007343
-0.093185
-0.132208
-0.114670
-0.029183
0.027095
0.048861
0.039617
-0.004254
-0.034952
-0.019408
0.002727
0.011787
-0.001944
-0.065769
-0.131038
-0.168334
-0.160550
-0.118549
-0.057623
-0.029427
-0.037187
-0.060572
-0.089618
-0.079467
-0.035578
0.016141
0.051103
0.057306
0.035146
0.007981
0.009957
0.029618
0.071499
0.110778
0.129210
0.131155
0.131571
0.140700
0.174701
0.223107
0.268239
0.227852
0.066220
-0.087841
-0.229753
-0.258496
-0.151668
-0.017525
0.098928
0.130079
0.062509
-0.046368
-0.113450
-0.134461
-0.083482
0.006397
0.049253
0.057861
0.029336
-0.021205
-0.036874
-0.011070
0.011596
0.020248
-0.008965
-0.080648
-0.145186
-0.167577
-0.153969
-0.098218
-0.042728
-0.030654
-0.037513
-0.067117
-0.082643
-0.060817
-0.016546
0.026022
0.050593
0.050546
0.028604
0.018521
0.026976
0.051252
0.089226
0.115144
0.127550
0.131041
0.142857
0.163124
0.203916
0.249534
0.265083
0.144285
-0.020588
-0.163837
-0.265247
-0.207195
-0.083066
0.049196
0.128655
0.111971
0.013899
-0.076431
-0.126141
-0.126645
-0.047562
0.016258
0.046697
0.051121
0.017745
-0.019182
-0.011784
0.004616
0.011641
0.005511
-0.048187
-0.111828
-0.157999
-0.156481
-0.129755
-0.068972
-0.035439
-0.037261
-0.048135
-0.077745
-0.072776
-0.042250
-0.000886
0.034488
0.049730
0.042263
0.022690
0.025504
0.036547
0.067440
0.102289
0.122469
0.130895
0.140151
0.151109
0.179513
0.219033
0.259774
0.210784
0.050050
-0.089580
-0.232634
-0.250854
-0.144347
-0.019475
0.103008
0.132003
0.068163
-0.036384
-0.106802
-0.139286
-0.090375
-0.004232
0.037185
0.059329
0.036326
-0.012816
-0.028952
-0.011701
0.002554
0.011096
-0.015969
-0.081615
-0.139546
-0.162990
-0.150342
-0.099574
-0.046389
-0.034300
-0.039135
-0.065864
-0.081079
-0.063520
-0.021992
0.019655
0.046789
0.053839
0.030855
0.022794
0.025202
0.042483
0.082100
0.108725
0.128601
0.136873
0.150650
0.167642
0.201657
0.241711
0.235339
0.105412
-0.051232
-0.187566
-0.268875
-0.197049
-0.069066
0.058636
0.134751
0.105087
0.006610
-0.082414
-0.131907
-0.118931
-0.039538
0.022352
0.048936
0.045801
0.005136
-0.030163
-0.019066
-0.001847
0.006185
-0.004381
-0.060159
-0.126892
-0.164326
-0.160433
-0.123078
-0.060495
-0.035261
-0.041689
-0.060433
-0.090072
-0.078368
-0.036074
0.009137
0.043745
0.052229
0.032088
0.011849
0.015554
0.031307
0.069865
0.105465
0.120023
0.127036
0.132271
0.147261
0.182492
0.231690
0.261833
0.182876
0.015249
-0.133934
-0.260995
-0.247388
-0.130550
0.004012
0.113549
0.124561
0.048429
-0.054932
-0.117751
-0.133920
-0.073363
0.002837
0.036924
0.046018
0.013877
-0.025665
-0.031558
-0.006565
0.004570
0.002228
-0.040021
-0.113573
-0.162272
-0.170916
-0.142479
-0.082277
-0.038467
-0.039123
-0.055287
-0.084566
-0.089483
-0.051264
-0.005741
0.035262
0.053199
0.042127
0.020731
0.016652
0.026788
0.057061
0.096724
0.118302
0.130436
0.135765
0.146504
0.172575
0.212234
0.250585
0.198533
0.040230
-0.103311
-0.234227
-0.250085
-0.140300
-0.014804
0.096035
0.118677
0.051047
-0.048880
-0.113397
-0.132816
-0.082905
-0.002005
0.035282
0.042957
0.017639
-0.026639
-0.036886
-0.012146
0.003986
0.005433
-0.029206
-0.100850
-0.155864
-0.170173
-0.150549
-0.095216
-0.046510
-0.040377
-0.050909
-0.079926
-0.090413
-0.063147
-0.016738
0.024947
0.047921
0.045408
0.020976
0.016567
0.028766
0.053653
0.093771
0.114458
0.125369
0.128496
0.136755
0.161349
0.200652
0.243006
0.226718
0.086282
-0.066619
-0.203318
-0.261679
-0.177623
-0.052375
0.072670
0.129452
0.086730
-0.016392
-0.102915
-0.141641
-0.118462
-0.033522
0.024430
0.047023
0.037779
-0.002991
-0.029460
-0.017361
-0.005097
-0.004618
-0.025803
-0.087401
-0.143340
-0.167133
-0.153381
-0.108244
-0.056538
-0.040659
-0.051853
-0.074864
-0.092283
-0.070481
-0.024155
0.018958
0.046183
0.048144
0.026803
0.016571
0.029149
0.049126
0.092461
0.119255
0.128029
0.130358
0.134504
0.152247
0.190717
0.237706
0.245539
0.120661
-0.031080
-0.171399
-0.261388
-0.196009
-0.077172
0.049188
0.120781
0.095085
-0.003029
-0.089769
-0.132062
-0.123075
-0.038539
0.019769
0.042025
0.035530
-0.005775
-0.038515
-0.024052
-0.003746
-0.000745
-0.013049
-0.077430
-0.139042
-0.167811
-0.160255
-0.114784
-0.057599
-0.039862
-0.048316
-0.070614
-0.093406
-0.072387
-0.026267
0.018714
0.047842
0.052964
0.031925
0.017566
0.030143
0.047064
0.088558
0.116714
0.125341
0.129597
0.137962
0.154491
0.189738
0.239453
0.254339
0.147132
-0.014611
-0.156758
-0.262938
-0.214196
-0.093355
0.035555
0.124167
0.112036
0.024172
-0.071232
-0.130099
-0.135579
-0.064754
0.003563
0.037299
0.044276
0.011742
-0.022988
-0.019785
-0.004921
-0.007289
-0.015769
-0.071805
-0.130030
-0.160435
-0.158245
-0.118704
-0.065245
-0.041389
-0.045985
-0.063457
-0.088761
-0.070460
-0.030053
0.011336
0.049554
0.054910
0.041743
0.026473
0.031249
0.047606
0.085469
0.116026
0.125400
0.133847
0.136048
0.153960
0.193935
0.239244
0.266799
0.169674
0.005196
-0.145190
-0.255845
-0.225437
-0.103618
0.030251
0.120913
0.116179
0.027545
-0.070723
-0.126461
-0.126462
-0.060128
0.011235
0.039950
0.039369
0.008821
-0.027376
-0.024215
-0.003445
0.001740
-0.008178
-0.058730
-0.123190
-0.160544
-0.158763
-0.120965
-0.063908
-0.036272
-0.042556
-0.063553
-0.087101
-0.072614
-0.024837
0.020058
0.054433
0.056819
0.037417
0.023341
0.034183
0.056744
0.093692
0.122887
0.128356
0.129261
0.138074
0.154219
0.194995
0.244498
0.266987
0.164496
0.001199
-0.144631
-0.254971
-0.211957
-0.094614
0.037457
0.126852
0.112908
0.022083
-0.076508
-0.132894
-0.134034
-0.056764
0.013041
0.047878
0.054261
0.013405
-0.021947
-0.022896
-0.005352
0.001544
-0.004369
-0.055476
-0.118744
-0.154238
-0.159098
-0.122638
-0.066700
-0.040730
-0.041000
-0.058035
-0.083602
-0.069235
-0.028056
0.013078
0.048492
0.055217
0.039904
0.026880
0.036954
0.052156
0.089409
0.122040
0.128904
0.133998
0.138616
0.153288
0.191521
0.238630
0.265785
0.167745
0.008647
-0.134486
-0.250252
-0.210527
-0.099905
0.026760
0.121321
0.112172
0.031133
-0.063929
-0.122856
-0.133809
-0.063317
0.005757
0.040558
0.054056
0.018266
-0.015455
-0.015609
-0.000770
0.003293
-0.002886
-0.054087
-0.115750
-0.150074
-0.157744
-0.124162
-0.071150
-0.043723
-0.041938
-0.053304
-0.079841
-0.068673
-0.030205
0.007544
0.048909
0.055854
0.041523
0.027820
0.032353
0.048996
0.085254
0.116531
0.127630
0.136157
0.140644
0.156094
0.191877
0.238147
0.265381
0.166660
0.005936
-0.140787
-0.254239
-0.220262
-0.104788
0.026273
0.119825
0.112455
0.025379
-0.067474
-0.124197
-0.126679
-0.054423
0.014545
0.045514
0.050916
0.011699
-0.026420
-0.023640
-0.005690
0.009404
0.006484
-0.045404
-0.113671
-0.158649
-0.167375
-0.134231
-0.073765
-0.040221
-0.034371
-0.048608
-0.078434
-0.076233
-0.042810
-0.004099
0.035435
0.051612
0.042136
0.031128
0.032851
0.043313
0.069125
0.097666
0.112382
0.124793
0.135877
0.153242
0.185581
0.226694
0.259841
0.199604
0.042753
-0.099750
-0.227425
-0.236301
-0.132992
-0.011904
0.097398
0.119194
0.052068
-0.043312
-0.114388
-0.136633
-0.083293
-0.005271
0.037960
0.054390
0.030827
-0.014543
-0.027458
-0.013196
-0.003470
0.000575
-0.034858
-0.096736
-0.144579
-0.163316
-0.147008
-0.096334
-0.052551
-0.043226
-0.045911
-0.073966
-0.081014
-0.053688
-0.017644
0.024686
0.046026
0.041060
0.023248
0.023767
0.034005
0.055857
0.094137
0.107113
0.120045
0.129650
0.138157
0.167770
0.204242
0.249365
0.233089
0.096474
-0.055030
-0.192471
-0.254295
-0.177171
-0.054011
0.064441
0.118222
0.076344
-0.025098
-0.103561
-0.140880
-0.110961
-0.026900
0.027968
0.052697
0.040813
0.000048
-0.028085
-0.016844
-0.002430
-0.004005
-0.021806
-0.084711
-0.140721
-0.160836
-0.153438
-0.110814
-0.061740
-0.047821
-0.052807
-0.070557
-0.087489
-0.065749
-0.021117
0.016424
0.044595
0.044348
0.022432
0.013789
0.024777
0.046812
0.088765
0.112686
0.120178
0.125293
0.133040
0.154148
0.195901
0.240045
0.243583
0.121403
-0.038742
-0.176485
-0.260318
-0.193949
-0.073114
0.051651
0.120974
0.087708
-0.008178
-0.098737
-0.142985
-0.126592
-0.043247
0.021494
0.049293
0.045219
0.001143
-0.031871
-0.024879
-0.006336
0.002766
-0.009144
-0.065486
-0.132094
-0.167121
-0.166623
-0.128967
-0.068546
-0.042459
-0.041673
-0.061339
-0.090495
-0.082531
-0.039417
0.003440
0.041262
0.050886
0.031889
0.015981
0.017638
0.029860
0.065955
0.099782
0.117257
0.128885
0.136361
0.146129
0.177844
0.219151
0.252648
0.179093
0.018037
-0.122358
-0.244651
-0.234181
-0.125091
-0.000535
0.100275
0.108063
0.033811
-0.063487
-0.123969
-0.137801
-0.076949
-0.001597
0.034726
0.046940
0.018911
-0.021709
-0.028751
-0.012544
-0.004332
-0.005831
-0.047271
-0.113810
-0.157742
-0.168245
-0.142438
-0.085763
-0.048186
-0.042676
-0.054364
-0.084856
-0.087333
-0.051312
-0.009449
0.031610
0.049821
0.038719
0.018978
0.016648
0.027777
0.059142
0.096246
0.114660
0.126084
0.131214
0.138558
0.168397
0.209912
0.254210
0.223164
0.069383
-0.079895
-0.225656
-0.263540
-0.167690
-0.037155
0.084360
0.127999
0.070330
-0.035989
-0.112235
-0.147410
-0.106063
-0.021571
0.027440
0.049416
0.035722
-0.007292
-0.025725
-0.007652
-0.003706
0.000807
-0.030397
-0.097287
-0.149330
-0.167870
-0.153943
-0.099724
-0.047221
-0.039758
-0.045008
-0.075070
-0.094327
-0.061486
-0.017633
0.028546
0.055983
0.050294
0.023925
0.014805
0.022644
0.046722
0.095795
0.119417
0.131091
0.139013
0.142715
0.167181
0.205323
0.252854
0.240576
0.097397
-0.053758
-0.199311
-0.262008
-0.179975
-0.055077
0.072353
0.128323
0.085254
-0.019031
-0.099699
-0.141125
-0.112128
-0.021030
0.029924
0.054072
0.038998
-0.007774
-0.031888
-0.016422
0.001408
0.006580
-0.010878
-0.079952
-0.142299
-0.165949
-0.161048
-0.109402
-0.051718
-0.035065
-0.037374
-0.063991
-0.089027
-0.065327
-0.022590
0.021465
0.057970
0.058508
0.036515
0.023975
0.026444
0.044263
0.087622
0.116860
0.131501
0.142335
0.148843
0.167968
0.205350
0.247529
0.245990
0.118381
-0.034633
-0.179226
-0.255611
-0.190106
-0.069111
0.058310
0.125115
0.094196
-0.002706
-0.090118
-0.136698
-0.118259
-0.035241
0.023951
0.054026
0.046604
0.004997
-0.024619
-0.015165
0.001777
0.005888
-0.008531
-0.071264
-0.133157
-0.161311
-0.157740
-0.114526
-0.061154
-0.041099
-0.042981
-0.061748
-0.083403
-0.065089
-0.022893
0.019861
0.053433
0.057302
0.038382
0.027411
0.034514
0.052790
0.090263
0.117741
0.131276
0.138932
0.150922
0.168530
0.201948
0.250522
0.251558
0.125318
-0.028600
-0.174285
-0.260886
-0.193887
-0.072806
0.054085
0.132017
0.102183
0.005553
-0.083023
