0.098746
0.108946
0.024208
-0.088996
-0.160178
-0.191088
-0.223001
-0.214717
-0.207931
-0.100553
-0.003260
0.059629
0.073341
0.001511
-0.050762
-0.077602
-0.057023
0.021170
0.097176
0.142427
0.166154
0.188168
0.228231
0.295451
0.339976
0.375352
0.243263
-0.041674
-0.211326
-0.327945
-0.213739
-0.032142
0.082158
0.099466
0.026385
-0.075589
-0.147646
-0.197130
-0.231674
-0.217199
-0.203126
-0.108554
0.015905
0.056716
0.075577
0.002776
-0.057800
-0.077094
-0.052314
0.022889
0.096688
0.148961
0.172080
0.205602
0.231690
0.292462
0.319638
0.363325
0.240187
-0.047231
-0.202968
-0.325381
-0.226248
-0.020176
0.083180
0.103265
0.035321
-0.085356
-0.154981
-0.211859
-0.243563
-0.212511
-0.179405
-0.070100
0.009756
0.053868
0.051243
-0.005852
-0.051306
-0.060714
-0.050058
0.029235
0.104823
0.152055
0.179132
0.199341
0.219904
0.284871
0.328555
0.374257
0.228878
-0.064389
-0.228208
-0.324154
-0.192146
-0.002055
0.093835
0.086270
0.007599
-0.102011
-0.152696
-0.191203
-0.231655
-0.231336
-0.184980
-0.076494
0.034382
0.075609
0.058407
-0.011355
-0.063619
-0.071614
-0.036219
0.047179
0.111811
0.156021
0.167617
0.208126
0.244907
0.299391
0.345619
0.374021
0.148218
-0.101861
-0.255685
-0.328300
-0.147144
0.015302
0.101843
0.086956
-0.013054
-0.115516
-0.164002
-0.212178
-0.212935
-0.201717
-0.179186
-0.075161
0.011170
0.062814
0.061990
-0.017372
-0.053443
-0.076888
-0.037222
0.048366
0.114280
0.153821
0.187569
0.207580
0.247148
0.312147
0.337169
0.356317
0.130596
-0.124834
-0.274153
-0.317562
-0.139645
0.037550
0.119133
0.079698
-0.016192
-0.131086
-0.184550
-0.227622
-0.225031
-0.200934
-0.143453
-0.032654
0.029485
0.062635
0.033836
-0.032276
-0.066800
-0.066205
-0.023698
0.059680
0.126277
0.158013
0.174642
0.199965
0.253029
0.298875
0.341961
0.343597
0.092871
-0.119057
-0.268625
-0.299508
-0.112806
0.028392
0.099197
0.064149
-0.032425
-0.127306
-0.164435
-0.217399
-0.233274
-0.230972
-0.152470
-0.029444
0.060038
0.086515
0.033278
-0.048021
-0.077988
-0.079351
-0.010675
0.076383
0.134512
0.175072
0.181359
0.212039
0.253590
0.308522
0.357613
0.321664
0.045486
-0.158436
-0.301677
-0.278912
-0.078410
0.060709
0.106073
0.054394
-0.055545
-0.139341
-0.187533
-0.234256
-0.210552
-0.207724
-0.122756
-0.006024
0.051676
0.074522
0.017230
-0.056775
-0.075640
-0.067484
-0.001646
0.094108
0.136884
0.176623
0.185727
0.201191
0.263078
0.306048
0.350863
0.296456
0.009888
-0.164778
-0.296970
-0.246437
-0.052009
0.067355
0.097697
0.033327
-0.068000
-0.145035
-0.172172
-0.220229
-0.227289
-0.209345
-0.116059
0.002025
0.070360
0.074435
0.010187
-0.061886
-0.076421
-0.062932
0.019109
0.093888
0.151285
0.164589
0.180263
0.208788
0.262960
0.314962
0.350530
0.265556
-0.015109
-0.175743
-0.291695
-0.220444
-0.035504
0.063320
0.084902
0.019695
-0.076097
-0.138589
-0.174257
-0.211734
-0.202442
-0.201486
-0.131169
-0.010157
0.048640
0.082555
0.019820
-0.048055
-0.079896
-0.069795
0.002862
0.076701
0.134253
0.178321
0.193117
0.224399
0.263250
0.292336
0.337910
0.273512
0.000119
-0.159057
-0.297629
-0.241790
-0.047532
0.075769
0.103960
0.036204
-0.081772
-0.161291
-0.187898
-0.214896
-0.194202
-0.178844
-0.119165
-0.026231
0.029524
0.060428
0.016714
-0.035536
-0.065611
-0.068797
-0.011370
0.067826
0.129510
0.168307
0.195621
0.223961
0.267589
0.298245
0.334435
0.267349
-0.006404
-0.166028
-0.284566
-0.236026
-0.047735
0.068170
0.096749
0.027233
-0.075775
-0.156985
-0.186665
-0.220379
-0.199685
-0.168038
-0.110542
-0.032065
0.024091
0.042207
0.011327
-0.032311
-0.056751
-0.061823
-0.005787
0.046649
0.104628
0.147457
0.185559
0.227115
0.254941
0.288357
0.311802
0.291110
0.052996
-0.136675
-0.269052
-0.262405
-0.080714
0.053752
0.100778
0.045984
-0.065625
-0.152016
-0.194805
-0.214800
-0.228663
-0.197265
-0.119632
-0.023646
0.047952
0.053377
0.008772
-0.050399
-0.069336
-0.076838
-0.006772
0.068332
0.126441
0.167182
0.179943
0.200646
0.240140
0.292375
0.324845
0.297272
0.051944
-0.144119
-0.271805
-0.257603
-0.080219
0.041975
0.088498
0.029152
-0.062722
-0.146047
-0.179141
-0.210511
-0.200225
-0.217906
-0.147107
-0.028882
0.038884
0.077758
0.019727
-0.055272
-0.081295
-0.077383
-0.019378
0.059030
0.118422
0.153181
0.171880
0.205111
0.236962
0.276874
0.308121
0.307746
0.084078
-0.113896
-0.250887
-0.263869
-0.105815
0.030853
0.094998
0.043830
-0.046244
-0.145959
-0.185477
-0.219197
-0.235241
-0.203891
-0.132884
-0.026426
0.050062
0.051589
0.012138
-0.054823
-0.070746
-0.066306
-0.011586
0.053186
0.113237
0.151493
0.169386
0.202314
0.232789
0.278893
0.302948
0.312522
0.096616
-0.105248
-0.224708
-0.277401
-0.111367
0.011087
0.081286
0.046264
-0.037153
-0.130339
-0.174971
-0.212715
-0.238099
-0.215291
-0.137152
-0.021776
0.053216
0.060539
0.015001
-0.059573
-0.067823
-0.065016
-0.009078
0.060769
0.119065
0.152897
0.176279
0.201406
0.238583
0.277805
0.312047
0.302829
0.088858
-0.114787
-0.247281
-0.259020
-0.106829
0.030463
0.089772
0.043029
-0.046664
-0.142351
-0.174683
-0.207414
-0.192960
-0.186178
-0.156194
-0.048347
0.022125
0.063388
0.040637
-0.037405
-0.071494
-0.082240
-0.034358
0.047176
0.119298
0.153910
0.182343
0.192187
0.232711
0.270954
0.296569
0.330124
0.151247
-0.086768
-0.208727
-0.291237
-0.126480
0.017030
0.096968
0.067416
-0.025928
-0.129633
-0.163812
-0.198238
-0.204258
-0.176206
-0.148766
-0.072564
-0.002049
0.032053
0.038488
-0.017160
-0.047488
-0.066108
-0.046680
0.023266
0.091087
0.139218
0.172170
0.199146
0.230273
0.267054
0.303803
0.324064
0.214364
-0.040282
-0.173129
-0.277838
-0.182856
-0.013642
0.075223
0.087271
0.009315
-0.098471
-0.159904
-0.192898
-0.204613
-0.192307
-0.163975
-0.095264
-0.000650
0.035604
0.054758
-0.002038
-0.045142
-0.069497
-0.051344
0.013024
0.089471
0.142332
0.169253
0.183960
0.206081
0.249955
0.290171
0.320266
0.274159
0.010924
-0.149564
-0.272839
-0.215809
-0.046451
0.070174
0.085778
0.023514
-0.081411
-0.148055
-0.183961
-0.214882
-0.215442
-0.178239
-0.093137
0.005036
0.055488
0.048149
-0.000333
-0.056058
-0.065051
-0.052937
0.011059
0.078255
0.133227
0.157146
0.179692
0.205494
0.240045
0.287042
0.313303
0.299456
0.052903
-0.124926
-0.246742
-0.242997
-0.071546
0.046264
0.087687
0.036827
-0.059249
-0.143319
-0.172084
-0.197636
-0.212354
-0.206024
-0.129406
-0.016297
0.051229
0.068415
0.016042
-0.051098
-0.068386
-0.069921
-0.015080
0.061401
0.127371
0.165980
0.179023
0.201667
0.221659
0.279227
0.315226
0.312140
0.085993
-0.127173
-0.245606
-0.255295
-0.084193
0.050555
0.084085
0.036253
-0.058173
-0.136607
-0.165532
-0.186104
-0.215006
-0.215339
-0.146632
-0.040825
0.051821
0.070493
0.027258
-0.048626
-0.075255
-0.073266
-0.024909
0.052647
0.109987
0.152036
0.166862
0.206280
0.234381
0.275637
0.303136
0.299425
0.102973
-0.092391
-0.223682
-0.250928
-0.108901
0.013369
0.086954
0.044981
-0.033504
-0.123055
-0.164283
-0.201442
-0.209460
-0.228606
-0.151478
-0.043256
0.038841
0.073028
0.022570
-0.046175
-0.074111
-0.074669
-0.028065
0.047739
0.102161
0.146471
0.171686
0.201168
0.225585
0.266129
0.294716
0.309497
0.130952
-0.085864
-0.211320
-0.268600
-0.126190
0.012527
0.074989
0.051009
-0.033924
-0.121505
-0.158273
-0.186768
-0.216914
-0.219475
-0.161841
-0.060068
0.037759
0.066487
0.036348
-0.036137
-0.073174
-0.077153
-0.041860
0.037872
0.096615
0.143954
0.154564
0.179775
0.217310
0.259027
0.288558
0.318897
0.167184
-0.064542
-0.188885
-0.266482
-0.141714
-0.004072
0.072305
0.051485
-0.013481
-0.106589
-0.149025
-0.178564
-0.197060
-0.217473
-0.198020
-0.082949
0.004846
0.071634
0.053805
-0.020808
-0.066291
-0.078494
-0.057674
0.020187
0.084713
0.126412
0.157580
0.178564
0.219800
0.262062
0.281827
0.324523
0.210747
-0.037695
-0.168567
-0.268928
-0.180116
-0.019043
0.065591
0.069654
0.004231
-0.096552
-0.146628
-0.179702
-0.199056
-0.215031
-0.195252
-0.099471
-0.003068
0.060348
0.059796
-0.008196
-0.058948
-0.074749
-0.066710
0.009256
0.077704
0.127203
0.155397
0.176936
0.209278
0.246838
0.279178
0.304471
0.242139
-0.000292
-0.145988
-0.246481
-0.195533
-0.039406
0.054273
0.069857
0.015975
-0.078306
-0.139053
-0.166057
-0.191784
-0.198245
-0.210087
-0.125755
-0.020982
0.049985
0.071692
0.009131
-0.055882
-0.076673
-0.070129
-0.006885
0.072888
0.117901
0.152880
0.158068
0.200762
0.245556
0.282772
0.317683
0.280971
0.032115
-0.123747
-0.244497
-0.227494
-0.049770
0.042140
0.085422
0.030194
-0.061144
-0.128726
-0.162105
-0.196520
-0.206150
-0.212023
-0.128491
-0.030593
0.046624
0.074025
0.018502
-0.046777
-0.066390
-0.073745
-0.018395
0.056612
0.103645
0.150796
0.170725
0.195362
0.238465
0.275015
0.299549
0.298554
0.104214
-0.101475
-0.212361
-0.246776
-0.091703
0.029960
0.090153
0.054733
-0.029960
-0.124516
-0.157581
-0.189916
-0.204032
-0.213773
-0.147489
-0.040668
0.043058
0.076099
0.034913
-0.039025
-0.069211
-0.071263
-0.026100
0.044448
0.110502
0.148546
0.166324
0.195839
0.220410
0.258508
0.290421
0.310128
0.147021
-0.062244
-0.190384
-0.251927
-0.118153
0.005650
0.086887
0.058454
-0.013424
-0.106500
-0.152021
-0.178112
-0.197194
-0.211249
-0.148642
-0.064757
0.029331
0.072519
0.044286
-0.022153
-0.056937
-0.073468
-0.034498
0.031224
0.091891
0.143989
0.164502
0.195636
0.219768
0.244488
0.275420
0.309781
0.211500
-0.027578
-0.151921
-0.259341
-0.162925
-0.008337
0.074467
0.078655
0.000592
-0.092278
-0.142649
-0.167370
-0.183785
-0.201961
-0.187819
-0.087096
0.000344
0.064971
0.064815
-0.008209
-0.053179
-0.067574
-0.053738
0.016826
0.081539
0.127562
0.165007
0.177741
0.220634
0.255803
0.282946
0.306159
0.235155
-0.003823
-0.147601
-0.233056
-0.185450
-0.027533
0.063754
0.071951
0.015373
-0.077678
-0.143563
-0.171269
-0.186523
-0.211405
-0.189708
-0.101712
-0.007643
0.062704
0.059836
0.001899
-0.057440
-0.066846
-0.057984
0.005825
0.072068
0.130136
0.153604
0.178892
0.199918
0.222797
0.271285
0.303130
0.285881
0.055385
-0.124598
-0.237271
-0.224831
-0.064133
0.052356
0.085726
0.025449
-0.064323
-0.137058
-0.159415
-0.183636
-0.205542
-0.207751
-0.128661
-0.028036
0.049772
0.065600
0.016610
-0.049785
-0.070646
-0.065207
-0.009942
0.055772
0.114360
0.146336
0.161889
0.208730
0.239759
0.274737
0.307264
0.287661
0.064512
-0.121108
-0.245274
-0.234738
-0.078953
0.042956
0.087563
0.033208
-0.052085
-0.132329
-0.165508
-0.189151
-0.208356
-0.218387
-0.136140
-0.043006
0.049792
0.074542
0.020192
-0.047162
-0.081101
-0.083372
-0.025439
0.054865
0.111799
0.149712
0.157006
0.185388
0.224548
0.261162
0.289255
0.303760
0.109746
-0.092384
-0.201430
-0.253578
-0.100566
0.020465
0.075213
0.043315
-0.037364
-0.122142
-0.150889
-0.185278
-0.201292
-0.224614
-0.164078
-0.058034
0.021000
0.069196
0.031046
-0.042783
-0.069093
-0.075899
-0.041607
0.037325
0.093358
0.140250
0.163141
0.190934
0.223772
0.265959
0.279334
0.305860
0.153785
-0.066535
-0.182978
-0.263370
-0.139767
-0.007061
0.066050
0.051498
-0.015793
-0.107796
-0.153627
-0.183075
-0.209538
-0.227612
-0.177715
-0.078279
0.017710
0.068942
0.043214
-0.026974
-0.066345
-0.075938
-0.051261
0.019883
0.079664
0.134373
0.161253
0.185120
0.214640
0.244814
0.275869
0.303455
0.206862
-0.032106
-0.168874
-0.264248
-0.165806
-0.027131
0.067498
0.063257
-0.008451
-0.094614
-0.146796
-0.174047
-0.199456
-0.227348
-0.193897
-0.095344
0.005937
0.069729
0.052079
-0.016126
-0.069951
-0.078069
-0.057045
0.013303
0.078740
0.125449
0.141927
0.184618
0.213964
0.256142
0.294267
0.319550
0.223703
-0.028938
-0.163482
-0.273689
-0.183265
-0.030030
0.062368
0.072234
0.006169
-0.084648
-0.143709
-0.169908
-0.196467
-0.223390
-0.212725
-0.104440
-0.008198
0.073139
0.066788
-0.008360
-0.064642
-0.082450
-0.068186
0.002784
0.063257
0.123196
0.154372
0.168154
0.211587
0.237515
0.281761
0.313069
0.276364
0.029551
-0.142686
-0.263034
-0.224978
-0.054628
0.053759
0.087304
0.021142
-0.065633
-0.138878
-0.168555
-0.202590
-0.228649
-0.212040
-0.121830
-0.013132
0.059042
0.064260
0.006766
-0.059382
-0.072886
-0.068603
-0.003959
0.060940
0.117317
0.153211
0.181790
0.218066
0.243463
0.271525
0.308383
0.283821
0.046196
-0.128574
-0.248766
-0.241280
-0.071336
0.050011
0.080015
0.031001
-0.065697
-0.135140
-0.157562
-0.192072
-0.214336
-0.225208
-0.128525
-0.030686
0.056825
0.074366
0.020444
-0.052388
-0.073188
-0.077796
-0.019794
0.052196
0.110576
0.158053
0.182100
0.206569
0.233955
0.272589
0.300109
0.305236
0.085194
-0.120501
-0.233360
-0.255321
-0.088500
0.042428
0.094372
0.046832
-0.046922
-0.137816
-0.158674
-0.180566
-0.204780
-0.222403
-0.156152
-0.046725
0.048937
0.084694
0.032844
-0.047980
-0.077786
-0.078193
-0.031031
0.045794
0.106091
0.148983
0.174914
0.211692
0.233600
0.273273
0.290807
0.304347
0.129947
-0.087811
-0.203621
-0.264270
-0.113395
0.015839
0.091149
0.056862
-0.024921
-0.120344
-0.161674
-0.187907
-0.206974
-0.214241
-0.152441
-0.055341
0.033332
0.072113
0.037572
-0.030458
-0.064756
-0.078973
-0.040471
0.033755
0.090169
0.140361
0.171189
0.199067
0.230704
0.264796
0.297732
0.322049
0.190465
-0.057738
-0.186496
-0.272226
-0.153666
-0.003342
0.083435
0.069015
-0.007326
-0.101727
-0.145148
-0.177824
-0.202070
-0.232162
-0.177103
-0.074187
0.023835
0.078275
0.048687
-0.021183
-0.065292
-0.070978
-0.045921
0.035820
0.097802
0.148997
0.181685
0.201601
0.223753
0.270172
0.311191
0.337068
0.193852
-0.066660
-0.202703
-0.283473
-0.147884
0.006249
0.089020
0.065543
-0.015982
-0.107678
-0.143121
-0.169049
-0.207946
-0.229437
-0.181533
-0.074667
0.034946
0.082942
0.054243
-0.022452
-0.069577
-0.075469
-0.041667
0.035373
0.100588
0.148324
0.168121
0.196360
0.223968
0.260918
0.291610
0.316043
0.214025
-0.043895
-0.168663
-0.265289
-0.175615
-0.009664
0.068855
0.074111
0.001963
-0.093595
-0.144353
-0.170175
-0.197965
-0.224738
-0.195675
-0.091286
0.014052
0.075874
0.062032
-0.013952
-0.067564
-0.073912
-0.054733
0.030272
0.097711
0.139163
0.169613
0.191359
0.232774
0.281311
0.316721
0.343564
0.194565
-0.061909
-0.194331
-0.278039
-0.164446
-0.006838
0.069779
0.067471
-0.003174
-0.093273
-0.133180
-0.172345
-0.214390
-0.233952
-0.206665
-0.080812
0.022775
0.083431
0.063583
-0.017604
-0.068015
-0.081046
-0.059839
0.026321
0.096590
0.137286
0.162363
0.194893
0.238285
0.279797
0.310037
0.337328
0.213748
-0.059849
-0.197690
-0.290137
-0.193268
-0.010897
0.074794
0.080702
0.006172
-0.098734
-0.151158
-0.177972
-0.209185
-0.195100
-0.215856
-0.111424
0.002631
0.050718
0.086357
0.000119
-0.059439
-0.079532
-0.072369
-0.009341
0.084578
0.128232
0.187918
0.212530
0.228854
0.276282
0.293902
0.334922
0.223664
-0.055023
-0.197924
-0.309034
-0.199445
-0.009070
0.087597
0.084769
0.003321
-0.110224
-0.157416
-0.171252
-0.202241
-0.188906
-0.209983
-0.136944
-0.014447
0.042523
0.085607
0.012640
-0.052961
-0.091847
-0.072978
-0.009538
0.078584
0.132821
0.159436
0.196831
0.222331
0.263548
0.305683
0.335371
0.253433
-0.023008
-0.183392
-0.301808
-0.221346
-0.034517
0.076234
0.082165
0.014073
-0.091277
-0.148595
-0.177658
-0.215672
-0.215431
-0.218929
-0.110209
-0.015064
0.055953
0.064181
-0.000313
-0.065577
-0.083099
-0.073914
0.000456
0.082796
0.136633
0.175341
0.173998
0.222654
0.270801
0.302355
0.337275
0.251536
-0.028547
-0.176707
-0.288393
-0.222253
-0.042267
0.061027
0.074108
0.020409
-0.085030
-0.143853
-0.183138
-0.221061
-0.241234
-0.200608
-0.104433
0.010214
0.067328
0.062543
-0.007956
-0.067278
-0.080702
-0.066561
0.014516
0.093818
0.142405
0.158114
0.182020
0.205291
0.265449
0.312428
0.347185
0.241183
-0.042741
-0.199165
-0.300837
-0.202970
-0.023027
0.069086
0.074726
0.001518
-0.089259
-0.137358
-0.167984
-0.208487
-0.244662
-0.218713
-0.107904
0.016673
0.085010
0.076981
-0.008956
-0.072991
-0.093472
-0.070256
0.021231
0.100060
0.152792
0.175850
0.186002
0.226921
0.285343
0.317732
0.351379
0.185157
-0.084643
-0.216912
-0.300835
-0.168848
-0.003080
0.082382
0.067407
-0.009216
-0.105994
-0.143681
-0.182226
-0.226228
-0.250771
-0.194643
-0.068493
0.044771
0.094215
0.060719
-0.028357
-0.076014
-0.083288
-0.051175
0.037938
0.104919
0.150782
0.179088
0.209623
0.240541
0.292428
0.314415
0.332315
0.134024
-0.108248
-0.226633
-0.289134
-0.131080
0.016073
0.086848
0.065400
-0.020516
-0.115465
-0.149542
-0.187483
-0.213894
-0.233600
-0.179167
-0.056599
0.039875
0.094245
0.058116
-0.033875
-0.079294
-0.092383
-0.046563
0.053287
0.128877
0.174524
0.176413
0.210904
0.238233
0.295700
0.339900
0.323071
0.099161
-0.132858
-0.258291
-0.279208
-0.098681
0.040262
0.096523
0.050166
-0.043865
-0.125140
-0.154357
-0.186949
-0.223250
-0.232149
-0.161261
-0.040764
0.061905
0.097791
0.043003
-0.041712
-0.083657
-0.088186
-0.026393
0.066196
0.124274
0.172133
0.188701
0.217365
0.270721
0.312257
0.345252
0.298247
0.023499
-0.160317
-0.276904
-0.240949
-0.061301
0.049968
0.090413
0.037607
-0.048989
-0.125969
-0.150347
-0.197636
-0.219343
-0.240396
-0.148625
-0.015099
0.072897
0.106465
0.030852
-0.058576
-0.091999
-0.091243
-0.013491
0.082677
0.143390
0.173953
0.192425
0.216004
0.270325
0.307641
0.358704
0.285262
-0.000839
-0.178329
-0.307810
-0.235428
-0.038498
0.074154
0.100640
0.027079
-0.068881
-0.137297
-0.160756
-0.209094
-0.235633
-0.228374
-0.108730
0.005324
0.091468
0.089047
0.006060
-0.065503
-0.084836
-0.071257
0.015418
0.090538
0.149790
0.175693
0.195872
0.230577
0.280312
0.308132
0.357697
0.225379
-0.049651
-0.190970
-0.301958
-0.194168
-0.020881
0.075497
0.082837
0.014844
-0.085957
-0.135725
-0.174449
-0.205374
-0.245142
-0.209213
-0.085418
0.020214
0.095801
0.075398
-0.012472
-0.073588
-0.083223
-0.068125
0.034299
0.099250
0.161634
0.180858
0.205276
0.235455
0.285253
0.312521
0.350114
0.172826
-0.082012
-0.220962
-0.303520
-0.156788
0.009854
0.092120
0.075154
-0.010177
-0.110655
-0.144916
-0.180661
-0.209187
-0.229367
-0.203416
-0.068342
0.026325
0.098337
0.071164
-0.023508
-0.078042
-0.091847
-0.056917
0.043417
0.117192
0.166468
0.185242
0.200509
0.233930
0.295210
0.317909
0.340978
0.130193
-0.115431
-0.236625
-0.296019
-0.129317
0.026502
0.086599
0.064282
-0.025275
-0.114501
-0.146368
-0.184085
-0.224846
-0.235204
-0.182841
-0.050809
0.047544
0.093921
0.055877
-0.042461
-0.086058
-0.091433
-0.047036
0.054569
0.118781
0.160910
0.181263
0.212831
0.258065
0.305139
0.330281
0.322787
0.077380
-0.130329
-0.259241
-0.284809
-0.108604
0.023725
0.090252
0.056900
-0.030102
-0.119190
-0.152998
-0.203956
-0.236757
-0.252053
-0.168768
-0.029776
0.063918
0.102550
0.030901
-0.059451
-0.090046
-0.086031
-0.026010
0.066500
0.125390
0.163310
0.192173
0.209657
0.260208
0.307051
0.327525
0.304730
0.045527
-0.140618
-0.280292
-0.266429
-0.091980
0.040706
0.086507
0.040888
-0.049955
-0.133199
-0.160831
-0.205311
-0.236259
-0.240021
-0.143537
-0.022908
0.068739
0.089982
0.022102
-0.058018
-0.088604
-0.091382
-0.024556
0.066373
0.134961
0.177234
0.179935
0.218083
0.256411
0.295528
0.334648
0.295597
0.016212
-0.162060
-0.286863
-0.266348
-0.065913
0.043546
0.087866
0.031953
-0.064845
-0.142491
-0.173443
-0.216096
-0.239502
-0.230996
-0.128569
-0.013889
0.071377
0.081089
0.008987
-0.071539
-0.085352
-0.087517
-0.004367
0.079759
0.139012
0.169652
0.186374
0.210919
0.248126
0.299685
0.322565
0.265416
-0.006461
-0.176383
-0.289266
-0.234278
-0.064283
0.051304
0.075513
0.018017
-0.073179
-0.141475
-0.174925
-0.209737
-0.252844
-0.223844
-0.121938
-0.001149
0.082479
0.074391
-0.001384
-0.075888
-0.096551
-0.083191
0.003535
0.078858
0.141198
0.175005
0.191410
0.217124
0.255034
0.290227
0.330481
0.238521
-0.033858
-0.179359
-0.302997
-0.216780
-0.040423
0.051934
0.076044
0.004000
-0.089212
-0.143052
-0.182191
-0.223614
-0.241583
-0.225096
-0.103795
0.004415
0.077597
0.071436
-0.015666
-0.084248
-0.097929
-0.084937
0.009989
0.093286
0.149468
0.177219
0.194529
0.217085
0.259707
0.297643
0.328146
0.210284
-0.054429
-0.210870
-0.309506
-0.198858
-0.025884
0.072136
0.071077
-0.010832
-0.104902
-0.158097
-0.177440
-0.215844
-0.245154
-0.212067
-0.104857
0.013808
0.086001
0.067707
-0.016577
-0.082816
-0.105555
-0.075209
0.024052
0.102716
0.154194
0.167947
0.187437
0.221015
0.279905
0.311677
0.342180
0.174500
-0.096682
-0.219911
-0.311789
-0.172334
-0.012441
0.070075
0.064422
-0.008574
-0.105921
-0.151130
-0.182247
-0.233537
-0.253061
-0.209663
-0.078341
0.034205
0.094854
0.058941
-0.031189
-0.086517
-0.096083
-0.062094
0.034068
0.104860
0.155438
0.177141
0.213077
0.248753
0.298548
0.318229
0.332233
0.102182
-0.129451
-0.252731
-0.301838
-0.126004
0.017897
0.086651
0.053825
-0.027731
-0.123869
-0.151229
-0.190437
-0.231162
-0.249961
-0.186199
-0.052080
0.055193
0.102995
0.051357
-0.047494
-0.089209
-0.096614
-0.044142
0.054737
0.120564
0.169332
0.193901
0.221502
0.249927
0.294562
0.324121
0.302287
0.070849
-0.145183
-0.259491
-0.271552
-0.093766
0.035623
0.088482
0.046076
-0.040716
-0.124950
-0.150060
-0.182994
-0.217361
-0.242531
-0.167960
-0.043743
0.060024
0.104133
0.042976
-0.045428
-0.084858
-0.089019
-0.023434
0.069177
0.130689
0.168538
0.186185
0.216736
0.262643
0.308522
0.342726
0.322914
0.039847
-0.149493
-0.287343
-0.276554
-0.077787
0.040580
0.101400
0.050247
-0.039873
-0.121286
-0.144562
-0.205209
-0.233291
-0.241061
-0.149219
-0.013498
0.075316
0.104179
0.031517
-0.053549
-0.083592
-0.087528
-0.015950
0.078789
0.142588
0.187281
0.208536
0.242714
0.286356
0.327469
0.347440
0.260530
-0.021362
-0.182993
-0.301096
-0.234166
-0.040929
0.062106
0.091425
0.031884
-0.058365
-0.125876
-0.149300
-0.207028
-0.245322
-0.236505
-0.120928
0.009584
0.103530
0.101183
0.011527
-0.067010
-0.089650
-0.078500
0.011412
0.098687
0.150846
0.180022
0.198732
0.223306
0.283858
0.319268
0.360464
0.262042
-0.030678
-0.194611
-0.302512
-0.217947
-0.030361
0.083733
0.080490
0.030099
-0.072392
-0.127074
-0.150999
-0.207538
-0.244993
-0.230615
-0.107587
0.017565
0.102389
0.090406
0.007833
-0.065469
-0.079456
-0.067718
0.020699
0.115185
0.163538
0.187888
0.202309
0.219621
0.294839
0.326367
0.372885
0.222425
-0.066035
-0.213313
-0.314726
-0.183258
-0.012890
0.077440
0.071230
0.006944
-0.079886
-0.118595
-0.151489
-0.206628
-0.240441
-0.235072
-0.091711
0.019005
0.108996
0.092373
0.001101
-0.066130
-0.085731
-0.067044
0.029866
0.113092
0.160432
0.194540
0.217427
0.241909
0.296465
0.318879
0.348092
0.184223
-0.082399
-0.219788
-0.305863
-0.162778
-0.001052
0.088218
0.073519
0.003687
-0.094368
-0.130425
-0.164933
-0.217331
-0.241673
-0.202035
-0.074248
0.042504
0.101550
0.067166
-0.016032
-0.071227
-0.079885
-0.050346
0.036086
0.112558
0.166237
0.182034
0.205513
0.239572
0.289805
0.318563
0.358845
0.178485
-0.080208
-0.222946
-0.304095
-0.166617
0.000777
0.078678
0.072686
0.001908
-0.095040
-0.131424
-0.170241
-0.218400
-0.255700
-0.200020
-0.076552
0.039346
0.105534
0.065564
-0.017555
-0.074878
-0.084928
-0.056192
0.039831
0.108642
0.167205
0.180449
0.213601
0.241549
0.286272
0.327757
0.348823
0.160532
-0.098775
-0.231515
-0.311359
-0.153331
0.003963
0.084152
0.070692
-0.010479
-0.098485
-0.143745
-0.177463
-0.225923
-0.253463
-0.189901
-0.062445
0.045617
0.103188
0.052464
-0.034932
-0.078157
-0.082854
-0.042206
0.055211
0.110492
0.163979
0.183086
0.208266
0.260845
0.300020
0.327849
0.346106
0.106222
-0.115784
-0.238989
-0.303823
-0.130203
0.006934
0.071199
0.061438
-0.015537
-0.101117
-0.134635
-0.188402
-0.232290
-0.259751
-0.192304
-0.048733
0.050043
0.105124
0.051481
-0.046217
-0.087039
-0.090498
-0.043814
0.056111
0.116660
0.154904
0.181450
0.210323
0.249594
0.303245
0.319484
0.331256
0.104765
-0.120986
-0.246812
-0.294156
-0.133494
0.012493
0.081603
0.064200
-0.015017
-0.110852
-0.149920
-0.195793
-0.250111
-0.258127
-0.176041
-0.043204
0.070110
0.093645
0.035718
-0.053362
-0.086713
-0.087415
-0.033832
0.052093
0.109352
0.161383
0.183582
0.217206
0.254542
0.290851
0.315520
0.317013
0.086011
-0.127314
-0.249572
-0.288582
-0.119756
0.017175
0.072819
0.052674
-0.033667
-0.119717
-0.150396
-0.188619
-0.231672
-0.252750
-0.183739
-0.050214
0.053546
0.097314
0.043422
-0.045478
-0.083452
-0.090191
-0.043519
0.047966
0.107650
0.160541
0.192013
0.221369
0.246206
0.295875
0.317778
0.324355
0.096544
-0.133055
-0.264610
-0.300074
-0.120323
0.027981
0.085918
0.052164
-0.039707
-0.122630
-0.154346
-0.186949
-0.237911
-0.256173
-0.178950
-0.047984
0.060575
0.097521
0.037590
-0.050174
-0.087020
-0.094389
-0.034269
0.063676
0.130420
0.171736
0.180354
0.204649
0.251039
0.290990
0.334133
0.313124
0.052231
-0.145771
-0.280200
-0.279434
-0.090466
0.031094
0.087131
0.037258
-0.049303
-0.128882
-0.151709
-0.189418
-0.223427
-0.250479
-0.162337
-0.038996
0.057362
0.095063
0.023355
-0.056845
-0.082684
-0.087120
-0.032078
0.053022
0.105427
0.166906
0.183236
0.219101
0.258568
0.288678
0.313160
0.312730
0.080923
-0.126270
-0.246119
-0.274732
-0.115066
0.022489
0.077227
0.049490
-0.033434
-0.122305
-0.157687
-0.221836
-0.242160
-0.234539
-0.143990
-0.024720
0.062760
0.073130
0.021380
-0.058545
-0.083941
-0.075607
-0.022976
0.067737
0.125605
0.170443
0.187986
0.212659
0.244726
0.294659
0.325681
0.321802
0.071455
-0.140553
-0.264330
-0.281149
-0.104868
0.029897
0.075817
0.041357
-0.043363
-0.121321
-0.147198
-0.188699
-0.242400
-0.247475
-0.161557
-0.030946
0.075142
0.097013
0.034802
-0.053830
-0.088162
-0.088776
-0.021425
0.070099
0.128956
0.168046
0.181770
0.216554
0.246948
0.292957
0.330806
0.311040
0.061703
-0.139313
-0.261984
-0.261792
-0.086598
0.035282
0.079384
0.031412
-0.052176
-0.125085
-0.142810
-0.185163
-0.227246
-0.246535
-0.166868
-0.037678
0.064102
0.104696
0.035229
-0.051225
-0.087828
-0.085670
-0.020718
0.062180
0.122556
0.164697
0.187207
0.228440
0.263066
0.299922
0.321567
0.300319
0.052237
-0.138680
-0.256946
-0.264845
-0.086711
0.039019
0.080587
0.046522
-0.046987
-0.123336
-0.154681
-0.211621
-0.237380
-0.230638
-0.129627
-0.011179
0.076571
0.077838
0.017799
-0.061575
-0.075705
-0.074766
-0.015907
0.067472
0.114931
0.170888
0.185269
0.223676
0.263423
0.294706
0.316639
0.295348
0.049867
-0.134492
-0.252077
-0.257600
-0.092695
0.034377
0.080444
0.045007
-0.044339
-0.125739
-0.156766
-0.195045
-0.236711
-0.235617
-0.145863
-0.023400
0.072203
0.087250
0.024754
-0.060963
-0.083814
-0.085411
-0.013161
0.071664
0.125251
0.171161
0.185198
0.222662
0.262453
0.295513
0.332009
0.294729
0.040473
-0.153481
-0.264646
-0.257330
-0.074052
0.042324
0.084842
0.031803
-0.056750
-0.129084
-0.152986
-0.193363
-0.242087
-0.235455
-0.136688
-0.020292
0.076926
0.086545
0.021448
-0.057982
-0.084233
-0.086643
-0.021837
0.057820
0.118363
0.171173
0.204659
0.226758
0.244107
0.271250
0.304691
0.293414
0.070213
-0.134971
-0.257143
-0.263834
-0.094366
0.043755
0.090538
0.037756
-0.054210
-0.141481
-0.157777
-0.186100
-0.218668
-0.228615
-0.150326
-0.039327
0.054270
0.083556
0.029196
-0.047259
-0.084888
-0.082951
-0.030287
0.052872
0.113725
0.164286
0.199104
0.211669
0.253231
0.271058
0.306098
0.306129
0.063253
-0.126332
-0.249015
-0.273708
-0.095563
0.031554
0.076539
0.040224
-0.049057
-0.132729
-0.145259
-0.184345
-0.208572
-0.241613
-0.180192
-0.047358
0.037491
0.096252
0.044094
-0.046076
-0.079004
-0.089802
-0.045559
0.048956
0.107429
0.158093
0.192502
0.224575
0.257488
0.280620
0.306335
0.303080
0.067860
-0.134748
-0.257437
-0.279117
-0.098443
0.037029
0.090357
0.047282
-0.042217
-0.135072
-0.152588
-0.178579
-0.203799
-0.230066
-0.187308
-0.064118
0.034789
0.092144
0.048737
-0.043478
-0.089080
-0.094890
-0.047679
0.037717
0.107130
0.154419
0.190562
0.207793
0.249484
0.272756
0.296127
0.317043
0.114223
-0.120541
-0.238626
-0.295739
-0.120561
0.031239
0.094047
0.059418
-0.030498
-0.129167
-0.152563
-0.172921
-0.209551
-0.233120
-0.189225
-0.070883
0.035117
0.087914
0.056937
-0.036316
-0.078950
-0.092386
-0.058339
0.025019
0.095763
0.146152
0.181925
0.213825
0.243064
0.260439
0.286209
0.315158
0.170593
-0.090474
-0.198924
-0.285732
-0.156363
0.013967
0.080533
0.068464
-0.008470
-0.111573
-0.148441
-0.161928
-0.195078
-0.228610
-0.202679
-0.096746
0.017529
0.079507
0.066162
-0.021636
-0.076047
-0.082081
-0.061745
0.017757
0.095538
0.148928
0.177141
0.199287
0.235281
0.274723
0.301766
0.331114
0.185049
-0.070521
-0.197546
-0.286370
-0.158991
-0.010691
0.072654
0.061254
0.000178
-0.087117
-0.130046
-0.148394
-0.192911
-0.231290
-0.219704
-0.112766
0.006960
0.083555
0.082213
-0.009995
-0.064905
-0.092241
-0.066187
0.005631
0.076830
0.138714
0.172366
0.200219
0.234467
0.274161
0.303236
0.336255
0.231878
-0.035912
-0.175600
-0.286756
-0.199341
-0.025046
0.073395
0.083779
0.024229
-0.071436
-0.130610
-0.153405
-0.187696
-0.220457
-0.224179
-0.132034
-0.011729
0.072696
0.094214
0.016549
-0.057009
-0.088196
-0.081741
-0.012099
0.067516
0.127190
0.176124
0.199322
0.240814
0.273307
0.293345
0.332051
0.265184
0.000658
-0.152775
-0.278317
-0.233891
-0.051721
0.058549
0.091890
0.041655
-0.055205
-0.127172
-0.148071
-0.176309
-0.204847
-0.222961
-0.167792
-0.034865
0.054147
0.103410
0.042796
-0.044260
-0.078178
-0.088384
-0.030045
0.056910
0.128567
0.163087
0.202038
0.225949
0.256902
0.292955
0.318093
0.305841
0.063941
-0.134052
-0.256370
-0.262226
-0.083521
0.046473
0.095434
0.051303
-0.031125
-0.119352
-0.139354
-0.169660
-0.198281
-0.224012
-0.183931
-0.059054
0.035961
0.094746
0.058390
-0.025657
-0.071807
-0.085898
-0.046570
0.032392
0.108182
0.156330
0.182068
0.221280
0.254099
0.283308
0.313477
0.326762
0.138902
-0.103652
-0.217465
-0.283612
-0.123990
0.026814
0.091729
0.068558
-0.007362
-0.107421
-0.143247
-0.181546
-0.215473
-0.226656
-0.181764
-0.052740
0.036986
0.090560
0.052347
-0.028797
-0.075713
-0.074528
-0.050716
0.034862
0.105888
0.157284
0.185052
0.200251
0.239821
0.273687
0.293904
0.339432
0.191673
-0.059766
-0.188371
-0.280270
-0.174816
-0.004160
0.074599
0.071747
0.008616
-0.089631
-0.130957
-0.155380
-0.186246
-0.226958
-0.221618
-0.101540
0.007484
0.085430
0.084977
-0.007019
-0.060953
-0.078102
-0.067610
0.008313
0.085672
0.134228
0.176684
0.205764
0.234818
0.268831
0.291241
0.322029
0.243347
-0.025491
-0.157139
-0.273566
-0.205123
-0.029211
0.059791
0.079585
0.022617
-0.073760
-0.133598
-0.159661
-0.208018
-0.223918
-0.215552
-0.102234
0.000357
0.071941
0.073459
0.001920
-0.062080
-0.072424
-0.069285
-0.005251
0.073062
0.131141
0.174247
0.192248
0.213545
0.241029
0.277007
0.310941
0.293782
0.045013
-0.126103
-0.247346
-0.247030
-0.080221
0.032246
0.075818
0.034180
-0.046141
-0.123164
-0.144136
-0.173556
-0.211168
-0.237317
-0.163456
-0.046036
0.047772
0.097357
0.039727
-0.040325
-0.076187
-0.086329
-0.036196
0.044159
0.110087
0.157093
0.192144
0.224990
0.241813
0.275571
0.309441
0.318737
0.097864
-0.114590
-0.254224
-0.282834
-0.116753
0.030096
0.092253
0.051361
-0.034758
-0.129926
-0.152321
-0.176391
-0.210198
-0.242641
-0.185468
-0.063345
0.039096
0.098706
0.051441
-0.038630
-0.083322
-0.090219
-0.047354
0.037806
0.097120
0.150838
0.181605
0.216554
0.251034
0.284338
0.296563
0.316232
0.139615
-0.096695
-0.217691
-0.295832
-0.143748
-0.001633
0.080667
0.064516
-0.012666
-0.104146
-0.149358
-0.178949
-0.214862
-0.243050
-0.197137
-0.078779
0.022104
0.081589
0.059906
-0.027346
-0.065726
-0.088044
-0.061227
0.017377
0.084174
0.139872
0.178936
0.206045
0.234296
0.270440
0.289688
0.320098
0.199285
-0.065907
-0.189963
-0.290060
-0.184062
-0.017390
0.064333
0.067229
-0.001560
-0.091369
-0.141301
-0.159540
-0.213843
-0.244681
-0.211347
-0.099444
0.016064
0.077645
0.066361
-0.016971
-0.071690
-0.085150
-0.066771
0.006070
0.084896
0.129946
0.165201
0.195633
0.215577
0.254258
0.275611
0.307247
0.250291
-0.008445
-0.160365
-0.264576
-0.221706
-0.048170
0.058994
0.072493
0.021785
-0.076975
-0.145378
-0.156440
-0.188385
-0.228738
-0.223733
-0.138606
-0.018650
0.067555
0.081676
0.009226
-0.061331
-0.086934
-0.078205
-0.009957
0.062336
0.118384
0.163051
0.198231
0.222699
0.243163
0.274419
0.305927
0.289978
0.050093
-0.140520
-0.256070
-0.255524
-0.079263
0.045246
0.081681
0.026488
-0.056877
-0.138708
-0.151113
-0.171430
-0.212882
-0.241684
-0.167163
-0.050802
0.051281
0.094789
0.038220
-0.045711
-0.082880
-0.091030
-0.036706
0.048105
0.108336
0.154630
0.176255
0.213609
0.244450
0.277076
0.295109
0.311650
0.112633
-0.108030
-0.225821
-0.277141
-0.117626
0.013997
0.077851
0.044620
-0.031746
-0.118489
-0.145262
-0.170275
-0.202955
-0.232835
-0.195363
-0.079415
0.024030
0.083652
0.062188
-0.027777
-0.071230
-0.084820
-0.053899
0.023279
0.084696
0.131065
0.176345
0.203482
0.246160
0.276182
0.293332
0.330796
0.168096
-0.084840
-0.208019
-0.291814
-0.158436
-0.004604
0.077161
0.063258
-0.004213
-0.105309
-0.142617
-0.173381
-0.207649
-0.232506
-0.210156
-0.090628
0.014741
0.082000
0.074796
-0.012903
-0.070931
-0.087135
-0.063810
0.011634
0.083439
0.138977
0.172983
0.200650
0.250649
0.285551
0.301413
0.338125
0.187864
-0.075699
-0.195770
-0.305108
-0.180221
-0.015428
0.074956
0.072816
0.005687
-0.095590
-0.144261
-0.161248
-0.198408
-0.234664
-0.224371
-0.107857
0.006827
0.085130
0.085288
-0.013634
-0.071889
-0.091592
-0.073966
0.002424
0.071473
0.125112
0.171608
0.202307
0.244093
0.276574
0.292342
0.312877
0.226353
-0.029043
-0.167991
-0.266009
-0.204241
-0.043258
0.060118
0.072325
0.025082
-0.068762
-0.134085
-0.163683
-0.192962
-0.227665
-0.222371
-0.132416
-0.014546
0.068672
0.086107
0.015913
-0.055507
-0.085268
-0.078089
-0.018654
0.058145
0.119826
0.174035
0.203053
0.241439
0.269463
0.274572
0.308598
0.272886
0.025084
-0.139669
-0.263157
-0.248156
-0.065752
0.048885
0.084320
0.039782
-0.055553
-0.130895
-0.157801
-0.186645
-0.211749
-0.224684
-0.148514
-0.031686
0.048275
0.093819
0.030130
-0.048101
-0.079345
-0.084964
-0.027456
0.056752
0.114049
0.164705
0.183349
0.214373
0.250933
0.279276
0.312881
0.308649
0.073537
-0.121360
-0.243044
-0.262198
-0.088637
0.035659
0.084152
0.046762
-0.039338
-0.119591
-0.144109
-0.173737
-0.198947
-0.230670
-0.184905
-0.056230
0.032272
0.089880
0.046171
-0.043941
-0.073831
-0.082539
-0.043339
0.038870
0.101977
0.160964
0.187406
0.215392
0.251599
0.276887
0.299895
0.325301
0.137048
-0.094402
-0.209430
-0.285629
-0.130583
0.013385
0.078397
0.065058
-0.016852
-0.107552
-0.144595
-0.167573
-0.190618
-0.216749
-0.204154
-0.091893
0.011560
0.079857
0.081220
-0.014526
-0.065853
-0.091148
-0.072628
0.003741
0.081417
0.142495
0.174359
0.198628
0.233616
0.266290
0.288504
0.325778
0.227605
-0.032157
-0.161349
-0.277436
-0.195862
-0.024150
0.062269
0.076824
0.014889
-0.077779
-0.137735
-0.157809
-0.184159
-0.212124
-0.227296
-0.133028
-0.020285
0.059909
0.096396
0.014311
-0.050917
-0.085200
-0.085788
-0.024293
0.055258
0.123483
0.175542
0.195924
0.225738
0.253890
0.276002
0.313419
0.281271
0.037735
-0.132861
-0.255446
-0.246574
-0.062449
0.044965
0.088700
0.036386
-0.058032
-0.137171
-0.158849
-0.199219
-0.215493
-0.221717
-0.135749
-0.020024
0.051645
0.080967
0.020938
-0.053566
-0.075234
-0.078251
-0.033010
0.048296
0.103246
0.156776
0.188212
0.215288
0.251398
0.279252
0.303210
0.324660
0.104706
-0.107865
-0.219292
-0.277890
-0.109507
0.023955
0.072068
0.049407
-0.031518
-0.118031
-0.145681
-0.166091
-0.197567
-0.230761
-0.201967
-0.074008
0.021701
0.092247
0.066345
-0.028690
-0.075126
-0.092414
-0.062250
0.033535
0.103082
0.156558
0.189762
0.213933
0.250854
0.273420
0.301168
0.328091
0.162527
-0.092072
-0.205324
-0.290683
-0.140639
0.014810
0.077466
0.059072
-0.025077
-0.109922
-0.150034
-0.161583
-0.190755
-0.222283
-0.211939
-0.091167
0.015191
0.089390
0.078326
-0.019555
-0.074422
-0.089449
-0.066261
0.015446
0.082887
0.141876
0.185246
0.206805
0.250415
0.277210
0.291025
0.323930
0.212292
-0.046055
-0.171156
-0.278637
-0.182099
-0.018322
0.068621
0.070607
0.005611
-0.087356
-0.141800
-0.165604
-0.190012
-0.227335
-0.214588
-0.112543
0.002117
0.075287
0.080907
-0.006237
-0.066193
-0.085610
-0.075026
0.002240
0.075576
0.130177
0.170312
0.201567
0.232867
0.268026
0.284484
0.317396
0.271100
0.009607
-0.144983
-0.270439
-0.225594
-0.060765
0.049260
0.076223
0.025420
-0.060534
-0.134421
-0.161483
-0.184147
-0.222559
-0.232213
-0.142647
-0.021050
0.062364
0.095381
0.018654
-0.057540
-0.084903
-0.084842
-0.019487
0.054650
0.116511
0.166858
0.196906
0.228119
0.255998
0.276846
0.290096
0.294654
0.076671
-0.117349
-0.221817
-0.255304
-0.093880
0.024082
0.078234
0.041078
-0.037363
-0.126758
-0.164326
-0.202673
-0.229012
-0.219975
-0.139068
-0.018165
0.053266
0.075151
0.028217
-0.048734
-0.068486
-0.075573
-0.039001
0.038620
0.102190
0.160414
0.195166
0.229825
0.246264
0.257231
0.278711
0.306509
0.157184
-0.069682
-0.194767
-0.276633
-0.148244
0.006749
0.079621
0.068076
-0.021249
-0.116544
-0.165109
-0.178393
-0.200582
-0.227165
-0.173580
-0.067700
0.030374
0.085932
0.055500
-0.031137
-0.072095
-0.084985
-0.055606
0.026294
0.093643
0.148714
0.187259
0.223310
0.244681
0.271931
0.287600
0.318868
0.195058
-0.058231
-0.187130
-0.278264
-0.165542
-0.000571
0.079759
0.066530
-0.008695
-0.107387
-0.153773
-0.165596
-0.190782
-0.227017
-0.207272
-0.099158
0.022696
0.090374
0.085476
-0.015169
-0.078847
-0.092138
-0.067955
0.012867
0.089975
0.141204
0.174611
0.212126
0.242311
0.261966
0.278099
0.304510
0.262854
0.006688
-0.144233
-0.261186
-0.218228
-0.039863
0.067119
0.079089
0.016391
-0.080257
-0.151283
-0.162117
-0.180709
-0.221017
-0.212684
-0.131953
-0.011216
0.069059
0.084144
0.014322
-0.063308
-0.082712
-0.074918
-0.013559
0.060526
0.126174
0.161074
0.198101
0.243204
0.258744
0.282375
0.291266
0.290791
0.089585
-0.104668
-0.224533
-0.254801
-0.103354
0.026821
0.087828
0.042095
-0.038137
-0.140588
-0.166991
-0.183282
-0.208481
-0.230492
-0.162116
-0.045392
0.055802
0.092809
0.039365
-0.048479
-0.081527
-0.088352
-0.029031
0.057021
0.121040
0.168082
0.188973
0.219050
0.255411
0.277565
0.299603
0.318670
0.122780
-0.099012
-0.214800
-0.271875
-0.120868
0.018173
0.071810
0.049562
-0.030917
-0.121435
-0.152142
-0.171814
-0.202031
-0.232131
-0.182591
-0.063786
0.039176
0.091888
0.060154
-0.039809
-0.078375
-0.088135
-0.055482
0.029482
0.098836
0.147936
0.183754
0.209158
0.230641
0.262415
0.289604
0.315091
0.218979
-0.042361
-0.169894
-0.267897
-0.186445
-0.019657
0.065436
0.057310
-0.000832
-0.097235
-0.154828
-0.169816
-0.201539
-0.236554
-0.214767
-0.102917
0.014049
0.074900
0.076157
-0.007547
-0.066891
-0.079191
-0.070088
0.000309
0.076088
0.130617
0.180493
0.211646
0.234082
0.261437
0.272492
0.309778
0.259736
-0.000984
-0.144566
-0.268473
-0.225356
-0.055166
0.046016
0.074778
0.010712
-0.080150
-0.150849
-0.161090
-0.188120
-0.222611
-0.233472
-0.141094
-0.012105
0.068993
0.095776
0.011275
-0.064784
-0.083410
-0.082855
-0.016104
0.063003
0.122396
0.167136
0.209004
0.241167
0.261628
