0.358878
0.294248
0.074389
-0.157600
-0.285475
-0.245540
-0.076153
0.086914
0.151286
0.117212
0.036614
-0.042179
-0.103170
-0.179026
-0.259162
-0.303641
-0.279260
-0.143891
0.019958
0.095753
0.059708
-0.046407
-0.146989
-0.175950
-0.145019
-0.102052
-0.046124
0.019909
0.096058
0.166824
0.197761
0.171542
0.143345
0.149746
0.191596
0.262383
0.339169
0.344366
0.168588
-0.075395
-0.256285
-0.282575
-0.147601
0.044158
0.146459
0.146155
0.069960
-0.020426
-0.089160
-0.149859
-0.238125
-0.293656
-0.297795
-0.204973
-0.033471
0.088398
0.084043
-0.000058
-0.115783
-0.178430
-0.162873
-0.116937
-0.068789
-0.000268
0.068127
0.143359
0.188009
0.180356
0.139669
0.139533
0.164759
0.232105
0.306304
0.362709
0.276008
0.045635
-0.177386
-0.286430
-0.230386
-0.051582
0.106136
0.156437
0.116699
0.030197
-0.052737
-0.115964
-0.206483
-0.285454
-0.313650
-0.258262
-0.100280
0.057120
0.102447
0.040367
-0.072227
-0.162564
-0.176616
-0.137121
-0.089508
-0.027719
0.040918
0.114871
0.173796
0.189634
0.160909
0.146532
0.160774
0.206593
0.279284
0.349220
0.345552
0.157039
-0.085174
-0.258070
-0.281088
-0.142183
0.048957
0.150244
0.147004
0.075004
-0.021453
-0.094394
-0.175741
-0.265274
-0.308062
-0.294820
-0.168861
0.004578
0.100473
0.075699
-0.019825
-0.134950
-0.179567
-0.156323
-0.109352
-0.055612
0.013887
0.079213
0.151996
0.190343
0.178600
0.147978
0.148229
0.175951
0.250228
0.321856
0.377254
0.258376
0.012040
-0.208214
-0.297992
-0.214426
-0.019519
0.127893
0.160494
0.107747
0.014333
-0.067057
-0.138803
-0.232694
-0.302760
-0.324802
-0.232012
-0.054670
0.086059
0.103571
0.022632
-0.104450
-0.177794
-0.173171
-0.129132
-0.079640
-0.011596
0.057297
0.135272
0.186361
0.186735
0.151137
0.140472
0.163929
0.229037
0.302211
0.377943
0.336422
0.117245
-0.129759
-0.290074
-0.278812
-0.106251
0.084881
0.142792
0.098633
0.028004
-0.042268
-0.085476
-0.169314
-0.263534
-0.330173
-0.293922
-0.135322
0.036724
0.105575
0.057605
-0.051782
-0.144135
-0.163574
-0.130345
-0.090696
-0.043100
0.021089
0.098375
0.167905
0.198646
0.174628
0.145629
0.143181
0.182362
0.257618
0.332619
0.368121
0.223694
-0.025998
-0.226840
-0.292615
-0.191559
0.002869
0.133610
0.152381
0.094095
0.001638
-0.083184
-0.173019
-0.261914
-0.331575
-0.307898
-0.172037
-0.001912
0.098118
0.075843
-0.036491
-0.144870
-0.187251
-0.164374
-0.107031
-0.042188
0.023997
0.096688
0.157518
0.188477
0.176610
0.146549
0.144497
0.187941
0.260330
0.342956
0.388548
0.245209
-0.017709
-0.233985
-0.317320
-0.216770
-0.009885
0.136188
0.159907
0.104094
0.001540
-0.079967
-0.171186
-0.268752
-0.340967
-0.323920
-0.189371
-0.003806
0.109726
0.090727
-0.022720
-0.139326
-0.190345
-0.168505
-0.115833
-0.058437
0.011324
0.084461
0.146070
0.184122
0.169993
0.143953
0.152030
0.183883
0.248555
0.323338
0.380425
0.270895
0.021056
-0.203317
-0.308730
-0.236355
-0.038994
0.119743
0.159715
0.114020
0.014116
-0.072209
-0.158028
-0.254436
-0.325709
-0.335433
-0.228612
-0.045271
0.090411
0.100508
0.006932
-0.120556
-0.190233
-0.178007
-0.128685
-0.070606
-0.003759
0.071235
0.147202
0.196045
0.186734
0.152054
0.145843
0.174244
0.244241
0.328411
0.385038
0.263422
0.008955
-0.222431
-0.316678
-0.229939
-0.033579
0.120289
0.153829
0.106152
0.011244
-0.067454
-0.156265
-0.260633
-0.347616
-0.344687
-0.213335
-0.026780
0.100049
0.096038
-0.011622
-0.132108
-0.187312
-0.176502
-0.132625
-0.075339
-0.001752
0.086392
0.161652
0.196791
0.179662
0.143880
0.142374
0.181563
0.255534
0.325266
0.375783
0.235850
-0.020515
-0.224589
-0.305205
-0.217445
-0.021135
0.116030
0.142458
0.097036
0.000911
-0.080098
-0.161515
-0.255858
-0.319010
-0.323754
-0.227384
-0.051191
0.075121
0.081991
0.001934
-0.113639
-0.184562
-0.177258
-0.132871
-0.080552
-0.004970
0.073205
0.144168
0.191204
0.176658
0.148862
0.150370
0.186642
0.255266
0.329250
0.372623
0.235362
-0.019306
-0.231076
-0.313678
-0.215295
-0.019710
0.121154
0.146506
0.094072
-0.001197
-0.078567
-0.167505
-0.266070
-0.342453
-0.343124
-0.220057
-0.037145
0.085940
0.086234
-0.011153
-0.132529
-0.191985
-0.178655
-0.128950
-0.069428
0.000911
0.078414
0.154077
0.195624
0.185463
0.154627
0.149192
0.180164
0.248181
0.328100
0.377980
0.233005
-0.027499
-0.240434
-0.320892
-0.216943
-0.015350
0.116422
0.137516
0.085263
-0.008428
-0.086614
-0.171632
-0.266949
-0.338385
-0.335061
-0.215667
-0.035077
0.082439
0.079031
-0.016312
-0.131184
-0.188156
-0.172032
-0.124624
-0.069060
0.002789
0.079172
0.156481
0.194896
0.175516
0.151056
0.150496
0.189193
0.265182
0.342424
0.376726
0.208212
-0.060317
-0.265774
-0.321650
-0.201190
0.005688
0.130703
0.141310
0.082553
-0.009392
-0.090073
-0.182740
-0.278664
-0.352027
-0.334712
-0.202724
-0.022271
0.085717
0.073775
-0.027341
-0.133897
-0.186055
-0.172895
-0.129630
-0.073100
-0.000196
0.089726
0.168110
0.206609
0.184753
0.156623
0.152301
0.192578
0.266883
0.359958
0.381456
0.196385
-0.085212
-0.286820
-0.329748
-0.189995
0.025142
0.144809
0.142568
0.075395
-0.020498
-0.094986
-0.189405
-0.289992
-0.362596
-0.336880
-0.188441
0.002122
0.102608
0.074630
-0.039183
-0.147915
-0.190599
-0.168585
-0.124225
-0.065328
0.010024
0.098617
0.175005
0.203921
0.169725
0.146266
0.158508
0.212650
0.280562
0.361409
0.371859
0.166148
-0.097599
-0.289323
-0.321737
-0.174690
0.034060
0.142569
0.145976
0.076811
-0.019464
-0.098672
-0.198073
-0.290582
-0.342507
-0.327014
-0.192023
-0.005030
0.093673
0.077460
-0.022144
-0.141800
-0.190872
-0.167071
-0.124044
-0.062188
0.013561
0.089408
0.166547
0.206577
0.189292
0.166958
0.166643
0.200824
0.271101
0.363380
0.374820
0.176873
-0.103032
-0.305751
-0.329280
-0.165609
0.052502
0.162315
0.152859
0.065463
-0.030520
-0.097999
-0.189358
-0.286294
-0.349555
-0.331838
-0.185095
0.008316
0.103904
0.079966
-0.029456
-0.147632
-0.189109
-0.161995
-0.117619
-0.055430
0.013232
0.087926
0.165524
0.203826
0.187929
0.176491
0.176212
0.215150
0.285366
0.368639
0.370529
0.153988
-0.125997
-0.308475
-0.324751
-0.158243
0.066276
0.168807
0.153388
0.069723
-0.031606
-0.108794
-0.197303
-0.285277
-0.339842
-0.319144
-0.189206
-0.003209
0.100347
0.080865
-0.021680
-0.136575
-0.189632
-0.165226
-0.117837
-0.060082
0.012008
0.090367
0.165731
0.209816
0.190581
0.172743
0.177273
0.211526
0.277280
0.382248
0.376431
0.151965
-0.127847
-0.328770
-0.336751
-0.151247
0.071090
0.174604
0.161057
0.066606
-0.034247
-0.106774
-0.204495
-0.293220
-0.353796
-0.333989
-0.174865
0.024653
0.118519
0.092845
-0.026658
-0.150889
-0.190463
-0.158771
-0.117231
-0.056718
0.009981
0.088129
0.166392
0.210386
0.191889
0.175600
0.165044
0.203753
0.268327
0.371265
0.320841
0.064059
-0.131404
-0.256047
-0.252459
-0.080303
0.068826
0.105177
0.108672
0.052363
-0.025244
-0.069873
-0.170709
-0.275001
-0.305753
-0.297254
-0.186116
-0.016843
0.062226
0.053706
-0.004756
-0.113077
-0.167486
-0.149773
-0.133288
-0.087188
-0.007331
0.058046
0.147176
0.211590
0.194276
0.179446
0.186820
0.197456
0.259206
0.350536
0.379484
0.210944
-0.049281
-0.272668
-0.333968
-0.189567
0.024904
0.158042
0.173367
0.088983
-0.015134
-0.087238
-0.179796
-0.271195
-0.335049
-0.341962
-0.218105
-0.024475
0.093475
0.097876
0.001148
-0.126986
-0.179182
-0.159185
-0.120503
-0.068635
-0.007383
0.064537
0.154803
0.211968
0.207287
0.197719
0.190453
0.212816
0.274998
0.354765
0.376817
0.177782
-0.103464
-0.305402
-0.330680
-0.168556
0.063149
0.176453
0.161939
0.075177
-0.027590
-0.097242
-0.177237
-0.268788
-0.328576
-0.316459
-0.199804
-0.024235
0.089918
0.082105
-0.005383
-0.112778
-0.167308
-0.155033
-0.120082
-0.078138
-0.013452
0.062861
0.150215
0.210192
0.211290
0.191174
0.187080
0.204492
0.269222
0.352699
0.383862
0.199081
-0.079530
-0.293998
-0.332640
-0.181003
0.048951
0.173943
0.165744
0.082546
-0.015997
-0.086722
-0.172372
-0.266868
-0.339249
-0.333502
-0.206091
-0.017576
0.101566
0.094860
-0.004177
-0.118677
-0.168863
-0.156468
-0.122226
-0.080399
-0.017195
0.064597
0.156672
0.210452
0.205197
0.179659
0.180318
0.206585
0.272105
0.351517
0.396336
0.225267
-0.062380
-0.278197
-0.337112
-0.204513
0.028340
0.161100
0.167096
0.099366
0.000743
-0.074141
-0.161287
-0.262271
-0.329919
-0.324743
-0.219702
-0.050300
0.077730
0.087643
0.011874
-0.091813
-0.158991
-0.166522
-0.137087
-0.095441
-0.025437
0.061058
0.150638
0.209493
0.214183
0.196754
0.192354
0.211391
0.263196
0.339120
0.386377
0.223679
-0.052326
-0.267778
-0.333397
-0.206705
0.021769
0.158671
0.169456
0.100990
-0.001403
-0.081295
-0.162460
-0.260079
-0.329343
-0.337758
-0.232122
-0.042763
0.088926
0.098668
0.015998
-0.102096
-0.170352
-0.161575
-0.131112
-0.092436
-0.024623
0.058490
0.155509
0.226976
0.228025
0.198299
0.178559
0.191592
0.260766
0.347521
0.395310
0.227193
-0.060234
-0.277016
-0.336952
-0.201395
0.031057
0.163177
0.164811
0.093283
-0.006188
-0.073597
-0.146517
-0.249156
-0.323201
-0.322872
-0.227156
-0.060545
0.072465
0.082028
0.011437
-0.086602
-0.152790
-0.156979
-0.128247
-0.097880
-0.035865
0.048318
0.143932
0.219991
0.225989
0.196339
0.186861
0.206533
0.265293
0.351824
0.395101
0.214680
-0.072231
-0.278814
-0.324189
-0.183396
0.043109
0.159592
0.152607
0.088121
-0.002113
-0.067956
-0.148835
-0.257481
-0.324812
-0.327771
-0.225903
-0.048799
0.076045
0.080425
0.012159
-0.089527
-0.153523
-0.152504
-0.129607
-0.099653
-0.031760
0.047901
0.143302
0.218199
0.227158
0.202036
0.194215
0.206303
0.266627
0.350829
0.397758
0.226274
-0.052454
-0.276520
-0.338001
-0.202727
0.028405
0.162076
0.170629
0.098897
0.001936
-0.068985
-0.148171
-0.248748
-0.319124
-0.317860
-0.217244
-0.063869
0.058070
0.075156
0.011234
-0.080018
-0.140656
-0.152909
-0.128835
-0.093302
-0.033784
0.038601
0.123304
0.189921
0.209246
0.195730
0.200893
0.210093
0.257201
0.330365
0.392959
0.267696
-0.001243
-0.240824
-0.343314
-0.243164
-0.014047
0.149271
0.180768
0.123920
0.021654
-0.055972
-0.137033
-0.240689
-0.311933
-0.322821
-0.257316
-0.101420
0.047628
0.082930
0.034401
-0.062945
-0.147774
-0.167371
-0.137572
-0.104570
-0.045655
0.024622
0.110040
0.190579
0.218591
0.200090
0.199935
0.204151
0.250437
0.316314
0.388495
0.293272
0.029897
-0.218878
-0.338322
-0.265264
-0.048326
0.132711
0.178026
0.127711
0.030780
-0.053139
-0.128386
-0.228040
-0.303098
-0.322348
-0.253051
-0.108769
0.010797
0.053052
0.018846
-0.059882
-0.123041
-0.145981
-0.138233
-0.111832
-0.060525
0.005323
0.086471
0.158562
0.194184
0.193816
0.197962
0.203611
0.240909
0.297299
0.364480
0.330759
0.095701
-0.165937
-0.319617
-0.301570
-0.111155
0.097359
0.171930
0.143573
0.056766
-0.038880
-0.115883
-0.210150
-0.302479
-0.337049
-0.302065
-0.169600
0.004244
0.077051
0.046220
-0.038671
-0.132314
-0.171864
-0.147750
-0.124455
-0.080931
-0.009724
0.075553
0.166295
0.215228
0.196941
0.190471
0.196398
0.224508
0.280493
0.364486
0.353554
0.136778
-0.136298
-0.315482
-0.319497
-0.145408
0.066821
0.159132
0.138619
0.058982
-0.028379
-0.103653
-0.200014
-0.292599
-0.340661
-0.307852
-0.182828
-0.025650
0.064000
0.050403
-0.028263
-0.116180
-0.164480
-0.158937
-0.133237
-0.092501
-0.025808
0.064767
0.154712
0.207322
0.203785
0.195980
0.198097
0.226541
0.273055
0.343995
0.348251
0.147614
-0.117401
-0.298708
-0.321384
-0.163832
0.054967
0.155951
0.144745
0.064152
-0.030853
-0.105332
-0.195300
-0.290332
-0.333439
-0.321287
-0.211640
-0.035321
0.061937
0.054010
-0.016059
-0.114015
-0.169654
-0.158728
-0.136333
-0.097808
-0.030419
0.050927
0.149827
0.211703
0.203042
0.188490
0.188052
0.213791
0.262644
0.338256
0.365995
0.168176
-0.102036
-0.305084
-0.341907
-0.183112
0.041238
0.149790
0.148168
0.066148
-0.029027
-0.096647
-0.179939
-0.283568
-0.333859
-0.325500
-0.238019
-0.060867
0.053575
0.056508
-0.004507
-0.100642
-0.169706
-0.165952
-0.147611
-0.113217
-0.042010
0.039884
0.134594
0.210293
0.212511
0.195837
0.194275
0.197709
0.250586
0.334467
0.364194
0.190892
-0.077087
-0.288389
-0.335425
-0.191654
0.024808
0.144415
0.145534
0.070702
-0.021240
-0.089867
-0.173285
-0.271865
-0.330813
-0.311454
-0.222468
-0.075190
0.035324
0.042250
-0.015675
-0.094811
-0.155819
-0.161543
-0.136881
-0.106243
-0.045876
0.030288
0.113784
0.186274
0.198344
0.185391
0.193975
0.206572
0.251594
0.316610
0.363686
0.231607
-0.026669
-0.253790
-0.335815
-0.232886
-0.014210
0.136107
0.157992
0.094806
-0.001536
-0.078728
-0.157670
-0.249913
-0.319349
-0.317885
-0.251446
-0.108422
0.026188
0.058338
0.008561
-0.074066
-0.150583
-0.165342
-0.136980
-0.105533
-0.051280
0.021636
0.103901
0.182821
0.210364
0.192541
0.191594
0.196726
0.237983
0.317246
0.391450
0.280274
0.003465
-0.245200
-0.359978
-0.264101
-0.032767
0.140479
0.175073
0.120105
0.012298
-0.065966
-0.137149
-0.237001
-0.316735
-0.321552
-0.246919
-0.112144
0.021615
0.058584
0.008650
-0.066852
-0.132654
-0.155696
-0.135419
-0.108902
-0.062335
0.009371
0.087202
0.165610
0.205478
0.194322
0.196238
0.206934
0.240610
0.298587
0.369917
0.303846
0.058176
-0.185372
-0.320028
-0.272109
-0.074420
0.107090
0.162323
0.129571
0.041316
-0.041170
-0.106020
-0.206840
-0.296378
-0.319591
-0.261558
-0.139695
-0.001660
0.052246
0.022713
-0.041573
-0.109720
-0.144164
-0.134208
-0.115721
-0.075466
-0.006335
0.073006
0.156817
0.208730
0.199059
0.200308
0.205812
0.231002
0.289246
0.361895
0.325728
0.111090
-0.137283
-0.304570
-0.285119
-0.105141
0.088230
0.167723
0.146698
0.059575
-0.024941
-0.088182
-0.179425
-0.263123
-0.298630
-0.264266
-0.147270
-0.025040
0.031875
0.021926
-0.036559
-0.099756
-0.124274
-0.125021
-0.115108
-0.082900
-0.031954
0.039624
0.128102
0.190438
0.208832
0.215974
0.221959
0.230479
0.274647
0.330769
0.347611
0.177087
-0.082212
-0.271248
-0.303056
-0.154482
0.062164
0.175190
0.163682
0.086233
-0.011153
-0.077835
-0.154702
-0.246068
-0.300434
-0.282784
-0.193058
-0.048242
0.051666
0.051218
-0.009734
-0.088046
-0.137936
-0.135651
-0.113144
-0.088504
-0.038348
0.033242
0.123407
0.196485
0.211585
0.197137
0.195851
0.214558
0.262133
0.325743
0.378445
0.248419
-0.018261
-0.235487
-0.309319
-0.206681
0.008584
0.151303
0.163366
0.106481
0.017837
-0.047168
-0.115670
-0.213643
-0.285028
-0.287348
-0.208218
-0.078063
0.022603
0.041246
0.001422
-0.063257
-0.111674
-0.124931
-0.114270
-0.097137
-0.057269
-0.000386
0.074233
0.156167
0.205814
0.209500
0.211801
0.217950
0.249666
0.292029
0.360286
0.317813
0.084043
-0.157601
-0.296781
-0.263970
-0.069445
0.122887
0.180849
0.145431
0.054459
-0.035476
-0.094703
-0.180549
-0.267440
-0.290589
-0.243982
-0.127653
-0.000003
0.048844
0.022351
-0.037443
-0.097864
-0.123438
-0.112154
-0.097955
-0.065975
-0.014906
0.047816
0.127254
0.192051
0.197094
0.198480
0.211646
0.230651
0.286147
0.345043
0.355933
0.189006
-0.071029
-0.262325
-0.294952
-0.161869
0.047196
0.169359
0.168773
0.104358
0.013968
-0.059861
-0.145134
-0.239066
-0.292921
-0.275578
-0.181503
-0.051373
0.043866
0.050365
-0.003305
-0.074663
-0.125463
-0.135797
-0.113148
-0.081070
-0.033668
0.028432
0.105398
0.178237
0.209823
0.206937
0.206786
0.213243
0.255412
0.306829
0.364375
0.285849
0.044099
-0.185971
-0.294263
-0.229780
-0.035137
0.131616
0.167875
0.125825
0.040602
-0.035699
-0.101433
-0.194134
-0.277859
-0.289129
-0.221588
-0.088597
0.021988
0.043187
0.000317
-0.059274
-0.106116
-0.117353
-0.109090
-0.096342
-0.062011
-0.005943
0.059492
0.134205
0.187294
0.195190
0.196052
0.203291
0.226894
0.284076
0.331788
0.344148
0.175494
-0.075584
-0.251528
-0.278998
-0.148275
0.050750
0.161379
0.156995
0.092202
0.005921
-0.071147
-0.154285
-0.250395
-0.303572
-0.270278
-0.172043
-0.048637
0.040061
0.036645
-0.018622
-0.077708
-0.122544
-0.133135
-0.113775
-0.090962
-0.041732
0.025871
0.103552
0.175722
0.209752
0.207374
0.219842
0.224843
0.253391
0.302315
0.355877
0.251518
0.001895
-0.211194
-0.304560
-0.218154
-0.009942
0.141338
0.163663
0.110954
0.017788
-0.059598
-0.127378
-0.220383
-0.287660
-0.291984
-0.222576
-0.079976
0.023611
0.040474
-0.001096
-0.068483
-0.123785
-0.130587
-0.120564
-0.103640
-0.062339
-0.007496
0.062952
0.145302
0.196820
0.197793
0.197300
0.199160
0.226098
0.276482
0.329496
0.322282
0.128380
-0.118528
-0.276287
-0.276881
-0.123990
0.070119
0.155944
0.140543
0.063238
-0.023095
-0.098509
-0.180219
-0.265988
-0.296548
-0.253817
-0.146845
-0.029322
0.025491
0.003905
-0.052757
-0.104061
-0.125234
-0.122376
-0.111879
-0.090384
-0.041078
0.030082
0.114689
0.178346
0.193653
0.191270
0.197232
0.207258
0.245275
0.293355
0.330890
0.233626
0.002449
-0.205835
-0.288028
-0.209509
-0.026283
0.115658
0.143587
0.095990
0.015665
-0.061947
-0.139539
-0.229992
-0.292230
-0.286313
-0.209578
-0.088676
0.001204
0.019507
-0.023727
-0.080978
-0.118279
-0.127827
-0.118664
-0.101533
-0.068533
-0.009080
0.070763
0.148425
0.191573
0.195901
0.199245
0.203362
0.224734
0.267909
0.323286
0.298136
0.093002
-0.144526
-0.288503
-0.268190
-0.102517
0.084772
0.152964
0.122699
0.041041
-0.041948
-0.112206
-0.191265
-0.271090
-0.299099
-0.251123
-0.138579
-0.025937
0.022491
-0.001705
-0.058224
-0.107473
-0.128784
-0.124819
-0.112142
-0.085665
-0.035836
0.033331
0.114444
0.176335
0.187798
0.187857
0.201015
0.214948
0.254289
0.308477
0.329792
0.182756
-0.055650
-0.244068
-0.290407
-0.174464
0.017304
0.130786
0.133075
0.074177
-0.004422
-0.066993
-0.146531
-0.242174
-0.302276
-0.288058
-0.189012
-0.062554
0.015238
0.016240
-0.034921
-0.092702
-0.124206
-0.129355
-0.120079
-0.099846
-0.057429
0.005156
0.086606
0.157492
0.182438
0.180287
0.191591
0.201106
0.234713
0.283634
0.325894
0.260533
0.049717
-0.169101
-0.286243
-0.240036
-0.075165
0.092430
0.150967
0.113446
0.033150
-0.044086
-0.119964
-0.203095
-0.268222
-0.285955
-0.229403
-0.113106
-0.000685
0.017317
-0.029941
-0.088990
-0.130143
-0.130503
-0.108070
-0.096163
-0.075917
-0.031508
0.032578
0.110792
0.163450
0.178141
0.188348
0.206521
0.218248
0.261008
0.315157
0.313391
0.164913
-0.071995
-0.254733
-0.284090
-0.158459
0.027938
0.141425
0.137336
0.065581
-0.012855
-0.079509
-0.160030
-0.245436
-0.302728
-0.282052
-0.184257
-0.055550
0.022142
0.014897
-0.046767
-0.102473
-0.129769
-0.129481
-0.118119
-0.100435
-0.061194
0.011746
0.101056
0.172404
0.191600
0.184144
0.192464
0.208592
0.243733
0.291116
0.332480
0.224949
-0.006848
-0.213041
-0.295335
-0.215843
-0.027125
0.117250
0.141540
0.090693
0.008085
-0.061540
-0.131823
-0.217729
-0.286437
-0.286314
-0.212657
-0.087068
0.000898
0.005453
-0.040687
-0.093595
-0.126616
-0.126388
-0.114521
-0.105434
-0.075413
-0.021997
0.051789
0.135929
0.181897
0.183092
0.183725
0.192410
0.221884
0.272067
0.328383
0.304098
0.101667
-0.138198
-0.285715
-0.273282
-0.114855
0.072461
0.145352
0.121120
0.046460
-0.032084
-0.099097
-0.181600
-0.266916
-0.307528
-0.266764
-0.155290
-0.032655
0.026931
0.004211
-0.057226
-0.111782
-0.136293
-0.132734
-0.114425
-0.085749
-0.037584
0.028615
0.107715
0.165388
0.183876
0.187531
0.203401
0.215441
0.254294
0.297508
0.317554
0.181905
-0.051239
-0.238325
-0.288397
-0.187733
0.005777
0.128797
0.138161
0.077447
-0.003679
-0.076489
-0.134150
-0.217161
-0.299349
-0.292722
-0.212005
-0.079640
0.020052
0.027383
-0.032967
-0.093424
-0.133920
-0.136151
-0.118726
-0.104350
-0.068905
-0.003849
0.077926
0.157453
0.190705
0.180655
0.191084
0.207910
0.242701
0.292618
0.336913
0.264426
0.043858
-0.181483
-0.294965
-0.244205
-0.070530
0.095640
0.152076
0.115157
0.035592
-0.045302
-0.110846
-0.190593
-0.282328
-0.304275
-0.252073
-0.125188
0.006574
0.037451
-0.012607
-0.072885
-0.125402
-0.133776
-0.114649
-0.107056
-0.082959
-0.026398
0.039968
0.123948
0.181462
0.186174
0.189533
0.209406
0.219104
0.264261
0.321831
0.321563
0.165797
-0.073728
-0.259156
-0.291279
-0.161833
0.027593
0.141314
0.147429
0.080443
0.002105
-0.070329
-0.139016
-0.226858
-0.303544
-0.301047
-0.208858
-0.069899
0.030899
0.043278
-0.016208
-0.089385
-0.130332
-0.135633
-0.119994
-0.097971
-0.060308
0.003532
0.092065
0.174849
0.207998
0.195582
0.191625
0.195955
0.235545
0.291810
0.347142
0.275686
0.047510
-0.178218
-0.290091
-0.235380
-0.057529
0.105503
0.147952
0.110786
0.036830
-0.033343
-0.100178
-0.173003
-0.267347
-0.309651
-0.258547
-0.130275
-0.002070
0.043492
0.006740
-0.062210
-0.114167
-0.126956
-0.115432
-0.106747
-0.083378
-0.033097
0.047126
0.139193
0.196144
0.197000
0.190249
0.193790
0.219785
0.261687
0.316775
0.338217
0.180857
-0.054733
-0.234516
-0.277038
-0.163633
0.024527
0.135373
0.140102
0.082331
0.003000
-0.063334
-0.137041
-0.231413
-0.289879
-0.278897
-0.189352
-0.042607
0.044455
0.018758
-0.043879
-0.107692
-0.135308
-0.111878
-0.090679
-0.089187
-0.058739
-0.008932
0.070061
0.152604
0.189180
0.184429
0.196188
0.205132
0.238546
0.292013
0.339440
0.307357
0.104459
-0.133084
-0.283609
-0.263657
-0.100559
0.081728
0.156324
0.132650
0.056506
-0.015898
-0.082684
-0.155133
-0.239747
-0.300998
-0.276433
-0.162082
-0.031897
0.039065
0.025508
-0.045615
-0.108992
-0.129777
-0.122631
-0.107002
-0.088051
-0.050221
0.019528
0.115162
0.190264
0.212565
0.198908
0.195548
0.208282
0.252166
0.305810
0.350325
0.235767
-0.010216
-0.212818
-0.289284
-0.200460
-0.007606
0.131128
0.149170
0.099939
0.020557
-0.052672
-0.111035
-0.205272
-0.290103
-0.287348
-0.217171
-0.073263
0.042111
0.038234
-0.028611
-0.092048
-0.134426
-0.125670
-0.103153
-0.097546
-0.069286
-0.011212
0.060549
0.143809
0.181728
0.170314
0.180175
0.200132
0.233578
0.290197
0.336497
0.328808
0.167224
-0.075231
-0.247250
-0.271875
-0.149384
0.037337
0.145882
0.146609
0.088537
0.009885
-0.065199
-0.139522
-0.217024
-0.285526
-0.278152
-0.188596
-0.058907
0.027392
0.021138
-0.036386
-0.095910
-0.120902
-0.112916
-0.097168
-0.091263
-0.063500
-0.004327
0.080163
0.160406
0.201693
0.196395
0.198727
0.214636
0.247691
0.293998
0.345764
0.288600
0.076360
-0.144932
-0.274076
-0.245295
-0.077881
0.093860
0.158984
0.134103
0.056518
-0.023096
-0.089243
-0.177343
-0.254897
-0.289240
-0.251257
-0.129399
-0.007069
0.034625
0.010953
-0.048501
-0.105878
-0.121040
-0.113919
-0.106128
-0.079280
-0.029879
0.039768
0.130702
0.194334
0.202854
0.198468
0.199434
0.212440
0.264262
0.316632
0.346237
0.233361
-0.003360
-0.206808
-0.285912
-0.201625
-0.015061
0.134610
0.159334
0.107982
0.023352
-0.051805
-0.117225
-0.179854
-0.250202
-0.288059
-0.227596
-0.107889
0.018519
0.049554
-0.007994
-0.086292
-0.133092
-0.128162
-0.091202
-0.073516
-0.064713
-0.021061
0.056213
0.147823
0.207123
0.205372
0.191390
0.198621
0.229475
0.281090
0.332055
0.335944
0.157741
-0.078588
-0.241182
-0.267721
-0.141468
0.047709
0.140806
0.138503
0.080448
0.001154
-0.063809
-0.140874
-0.241080
-0.293732
-0.277131
-0.175814
-0.033258
0.036758
0.017583
-0.037802
-0.099116
-0.125245
-0.110644
-0.101387
-0.089428
-0.046984
0.016354
0.102990
0.179738
0.197543
0.186869
0.192227
0.203982
0.245535
0.305354
0.341375
0.287711
0.076674
-0.157018
-0.273711
-0.234263
-0.081830
0.085132
0.141992
0.110779
0.048577
-0.016196
-0.090783
-0.182807
-0.276834
-0.312983
-0.257565
-0.126722
-0.010409
0.030406
-0.000152
-0.061447
-0.106581
-0.120885
-0.119041
-0.108681
-0.078960
-0.025033
0.057883
0.143191
0.194241
0.197505
0.191102
0.192975
0.224256
0.277084
0.331750
0.347012
0.181153
-0.064364
-0.251369
-0.297981
-0.180406
0.015144
0.131010
0.143504
0.085746
0.003960
-0.068905
-0.132792
-0.226697
-0.302162
-0.306961
-0.225490
-0.071464
0.029093
0.028928
-0.024550
-0.094470
-0.133615
-0.123637
-0.116489
-0.110459
-0.067715
0.003834
0.099899
0.186661
0.207688
0.191811
0.185705
0.189186
0.239604
0.301997
0.355187
0.284581
0.056392
-0.173550
-0.297280
-0.251044
-0.079680
0.085033
0.135126
0.105713
0.035751
-0.030833
-0.099274
-0.201992
-0.299449
-0.329480
-0.264222
-0.122475
-0.001392
0.031196
-0.009474
-0.071487
-0.117513
-0.128379
-0.124679
-0.118651
-0.089217
-0.026406
0.058632
0.143393
0.185544
0.182831
0.181075
0.194526
0.221558
0.272765
0.317124
0.330243
0.181061
-0.064278
-0.246037
-0.295637
-0.193149
-0.001147
0.120992
0.130625
0.081140
0.005688
-0.070304
-0.137943
-0.243342
-0.325589
-0.316530
-0.223525
-0.077831
0.018564
0.019406
-0.036293
-0.092279
-0.126974
-0.126782
-0.120635
-0.111548
-0.069251
0.010648
0.106172
0.181609
0.202213
0.192850
0.196525
0.207480
0.247242
0.300447
0.342027
0.258031
0.022711
-0.202321
-0.302391
-0.237772
-0.059032
0.097296
0.130201
0.090106
0.016697
-0.050531
-0.122206
-0.222159
-0.308011
-0.324467
-0.246697
-0.103016
-0.000875
0.018199
-0.026809
-0.088816
-0.122546
-0.122987
-0.120783
-0.114079
-0.084372
-0.021070
0.071011
0.156223
0.189975
0.185123
0.179170
0.190130
0.224549
0.286524
0.334886
0.325518
0.135702
-0.118798
-0.279003
-0.293914
-0.156014
0.033749
0.126188
0.118197
0.061412
-0.015589
-0.084336
-0.182173
-0.292551
-0.343618
-0.300850
-0.181065
-0.040713
0.034271
0.012923
-0.046137
-0.101417
-0.135770
-0.139742
-0.131746
-0.110253
-0.046745
0.043729
0.138299
0.196302
0.198307
0.178912
0.189693
0.214312
0.263831
0.312338
0.341453
0.210456
-0.029428
-0.230406
-0.301090
-0.213922
-0.025080
0.104907
0.128372
0.081372
0.008615
-0.061601
-0.123910
-0.219186
-0.300111
-0.310820
-0.255725
-0.116169
-0.011604
0.012578
-0.018686
-0.071223
-0.117703
-0.118639
-0.118954
-0.116821
-0.081464
-0.015484
0.073633
0.167495
0.199599
0.196514
0.202864
0.208682
0.240837
0.288502
0.331427
0.290300
0.087008
-0.153315
-0.290685
-0.266568
-0.113712
0.066015
0.141926
0.115198
0.044832
-0.030198
-0.105744
-0.200722
-0.290137
-0.329775
-0.273989
-0.141116
-0.020780
0.032005
0.002519
-0.061047
-0.106549
-0.124325
-0.129100
-0.118064
-0.092653
-0.035344
0.048931
0.136275
0.182811
0.191007
0.190951
0.199779
0.219879
0.272671
0.316651
0.342364
0.210088
-0.034208
-0.236696
-0.299318
-0.204922
-0.017419
0.116335
0.135544
0.087402
0.012107
-0.057718
-0.123444
-0.210259
-0.306981
-0.318823
-0.241365
-0.104846
0.004264
0.028382
-0.024038
-0.078341
-0.109803
-0.116311
-0.118704
-0.120532
-0.092802
-0.014625
0.090826
0.182009
0.214548
0.203383
0.196662
0.210586
0.247189
0.289443
0.331832
0.292928
0.086364
-0.141166
-0.271956
-0.259484
-0.104707
0.071271
0.136574
0.112799
0.046292
-0.030269
-0.093436
-0.181148
-0.280779
-0.322601
-0.274138
-0.141971
-0.002741
0.034122
-0.012262
-0.070902
-0.113660
-0.118031
-0.104229
-0.108686
-0.096234
-0.037955
0.043561
0.131989
0.188101
0.184709
0.180332
0.201948
0.226212
0.276581
0.326355
0.343387
0.223303
-0.011824
-0.217083
-0.294694
-0.209098
-0.031862
0.106138
0.140936
0.101717
0.027864
-0.045052
-0.123399
-0.209038
-0.288408
-0.320622
-0.251587
-0.130632
-0.019054
0.034632
0.006666
-0.054764
-0.098829
-0.124350
-0.131201
-0.121805
-0.090541
-0.019690
0.082676
0.176507
0.219705
0.217155
0.207478
0.206247
0.237002
0.282293
0.331782
0.313120
0.116459
-0.117507
-0.265338
-0.270877
-0.124603
0.059338
0.135174
0.124257
0.060045
-0.019349
-0.089024
-0.174287
-0.274013
-0.317805
-0.276330
-0.157075
-0.016396
0.033224
0.000127
-0.056570
-0.105647
-0.117856
-0.107084
-0.110621
-0.100886
-0.045862
0.035887
0.130083
0.189908
0.190335
0.180360
0.196292
0.224273
0.277044
0.318569
0.342686
0.258718
0.033102
-0.180252
-0.279787
-0.227074
-0.062530
0.095775
0.139868
0.110852
0.043210
-0.030816
-0.116853
-0.212422
-0.288417
-0.312298
-0.247688
-0.125204
-0.020708
0.026276
0.003005
-0.051324
-0.095222
-0.118474
-0.124116
-0.111126
-0.080026
-0.010943
0.082226
0.163364
0.207504
0.210407
0.205842
0.212278
0.240368
0.282924
0.330103
0.343725
0.162435
-0.082782
-0.246845
-0.277487
-0.152583
0.041746
0.131084
0.123048
0.068887
-0.007790
-0.077120
-0.156191
-0.261084
-0.319932
-0.285925
-0.171692
-0.040987
0.029618
0.011611
-0.043736
-0.090277
-0.113468
-0.116005
-0.113326
-0.101617
-0.046246
0.039330
0.130562
0.194463
0.205864
0.194448
0.196457
0.213337
0.258952
0.305583
0.355212
0.296772
0.081691
-0.150825
-0.278014
-0.252931
-0.091245
0.075484
0.137999
0.114093
0.050446
-0.028244
-0.094085
-0.183559
-0.279447
-0.318709
-0.277816
-0.160263
-0.034777
0.031968
0.015503
-0.036633
-0.090059
-0.119642
-0.124131
-0.116896
-0.089678
-0.023310
0.071468
0.167740
0.223955
0.221081
0.203245
0.199215
0.228873
0.276130
0.336283
0.349171
0.184971
-0.049388
-0.236932
-0.284983
-0.170279
0.015156
0.117717
0.127812
0.074779
-0.000306
-0.061257
-0.141769
-0.257200
-0.320370
-0.307078
-0.196021
-0.051734
0.026248
0.017179
-0.035756
-0.088918
-0.112820
-0.114230
-0.118649
-0.107438
-0.055340
0.028833
0.126087
0.191719
0.196397
0.184725
0.191957
0.216384
0.263537
0.307833
0.348182
0.299173
0.094873
-0.129776
-0.259154
-0.248239
-0.108154
0.058067
0.123446
0.110958
0.055693
-0.017021
-0.097031
-0.192896
-0.289850
-0.319239
-0.262920
-0.136080
-0.022773
0.016968
-0.012133
-0.059185
-0.095860
-0.111721
-0.116534
-0.116472
-0.089865
-0.021667
0.066699
0.153152
0.196841
0.195497
0.191886
0.211013
0.239096
0.280991
0.316342
0.332132
0.234042
0.005321
-0.193122
-0.272255
-0.209439
-0.036892
0.101647
0.127675
0.089021
0.020801
-0.053156
-0.124379
-0.223276
-0.311389
-0.327277
-0.236154
-0.102905
0.002828
0.030534
-0.015255
-0.069289
-0.101313
-0.118278
-0.124289
-0.114938
-0.074033
0.014292
0.118632
0.191101
0.208828
0.199203
0.190856
0.211760
0.255750
0.297540
0.332848
0.315209
0.132726
-0.097627
-0.239391
-0.261332
-0.134967
0.037291
0.115222
0.110171
0.060299
-0.015714
-0.092614
-0.183931
-0.283775
-0.322386
-0.272387
-0.151470
-0.029958
0.020043
-0.003310
-0.052333
-0.093349
-0.112980
-0.116553
-0.116929
-0.093956
-0.024321
0.064318
0.146997
0.190755
0.186909
0.185254
0.206992
0.241209
0.281608
0.312555
0.337528
0.261886
0.045097
-0.166363
-0.281007
-0.247849
-0.078038
0.087639
0.143164
0.113596
0.034628
-0.055731
-0.125008
-0.211697
-0.293019
-0.324910
-0.264543
-0.147048
-0.019764
0.037898
0.012467
-0.048962
-0.104221
-0.134047
-0.132271
-0.116449
-0.075423
0.001404
0.093477
0.176435
0.214755
0.209835
0.197708
0.207755
0.243218
0.295460
0.339673
0.324253
0.148793
-0.081957
-0.248086
-0.266695
-0.146236
0.022923
0.115916
0.116899
0.058607
-0.013470
-0.081613
-0.161620
-0.269044
-0.332532
-0.304269
-0.191723
-0.049836
0.023668
0.008778
-0.044487
-0.092732
-0.116525
-0.119471
-0.125590
-0.109126
-0.042937
0.055086
0.151547
0.202989
0.195169
0.177483
0.190521
0.222345
0.274054
0.319099
0.349526
0.271316
0.058141
-0.154936
-0.275844
-0.243468
-0.089971
0.058739
0.121567
0.107136
0.041201
-0.034439
-0.120197
-0.225005
-0.305097
-0.320059
-0.256942
-0.137618
-0.024239
0.018570
-0.000888
-0.049297
-0.096848
-0.126666
-0.135667
-0.128021
-0.079254
0.009214
0.108031
0.182688
0.204756
0.190229
0.194318
0.212347
0.245015
0.288493
0.327638
0.323247
0.159400
-0.073151
-0.243091
-0.279452
-0.166149
0.020272
0.116961
0.117473
0.064546
-0.015262
-0.084863
-0.152052
-0.242966
-0.309886
-0.301571
-0.214078
-0.089191
0.006012
0.014044
-0.031375
-0.082399
-0.116477
-0.125566
-0.121324
-0.107979
-0.051846
0.042889
0.140040
0.197638
0.209168
0.199685
0.207812
0.234063
0.272011
0.309500
0.337410
0.240660
0.024561
-0.183818
-0.284298
-0.229073
-0.054158
0.090951
0.129764
0.092487
0.015556
-0.057791
-0.116653
-0.194566
-0.275600
-0.307103
-0.259774
-0.136799
-0.014583
0.014563
-0.024556
-0.079484
-0.120073
-0.117509
-0.099371
-0.101271
-0.082856
-0.021932
0.065128
0.154194
0.196922
0.197646
0.201130
0.221532
0.260300
0.301626
0.334326
0.311436
0.141840
-0.087058
-0.248437
-0.271308
-0.151490
0.028162
0.125622
0.126364
0.070575
-0.003149
-0.073402
-0.143456
-0.235532
-0.308189
-0.300132
-0.205731
-0.076859
0.003310
0.000058
-0.048368
-0.091936
-0.111113
-0.109675
-0.109936
-0.110716
-0.073249
0.004531
0.102616
0.183452
0.210384
0.199041
0.203102
0.218604
0.259680
0.304289
0.331878
0.278288
0.081958
-0.139332
-0.265477
-0.242083
-0.098839
0.065751
0.131083
0.108396
0.047468
-0.023671
-0.094500
-0.169381
-0.266775
-0.301171
-0.270380
-0.168289
-0.039142
0.022093
-0.013220
-0.063967
-0.113075
-0.128910
-0.108586
-0.097618
-0.094120
-0.051161
0.020310
0.115547
0.189727
0.198437
0.188247
0.195330
0.215639
0.264416
0.321769
0.337371
0.253958
0.050128
-0.162605
-0.269852
-0.221677
-0.076155
0.069706
0.125786
0.102555
0.041864
-0.026779
-0.104772
-0.183896
-0.258683
-0.305362
-0.262013
-0.148431
-0.042476
0.008261
-0.009175
-0.068918
-0.106765
-0.112009
-0.111210
-0.108242
-0.096622
-0.054237
0.035025
0.136705
0.197707
0.202028
0.188748
0.192332
0.217090
0.270225
0.307844
0.329278
0.237658
0.019008
-0.175445
-0.260483
-0.205718
-0.050453
0.085736
0.116914
0.090425
0.028848
-0.038600
-0.109195
-0.205542
-0.284772
-0.301124
-0.234492
-0.112271
-0.001419
0.013274
-0.039892
-0.094462
-0.123943
-0.119756
-0.100602
-0.096609
-0.082373
-0.026032
0.060392
0.146130
0.191997
0.183291
0.175060
0.189857
0.224831
0.276289
0.317295
0.331501
0.226468
0.013615
-0.176885
-0.262392
-0.212064
-0.050162
0.087888
0.124424
0.097149
0.028919
-0.048024
-0.116655
-0.192367
-0.268817
-0.301150
-0.245215
-0.132448
-0.019370
0.013620
-0.024529
-0.082735
-0.115631
-0.116628
-0.098284
-0.094823
-0.083114
-0.029427
0.060250
0.150143
0.194406
0.185994
0.178075
0.194209
0.230210
0.276765
0.307809
0.313010
0.212844
0.007730
-0.173197
-0.252445
-0.195881
-0.046963
0.082563
0.114025
0.087882
0.024422
-0.046311
-0.124606
-0.213357
-0.281972
-0.291380
-0.222811
-0.101809
-0.008027
0.001896
-0.038065
-0.086095
-0.112683
-0.108233
-0.098742
-0.097858
-0.077353
-0.017602
0.064807
0.144942
0.176893
0.173859
0.174558
0.194448
0.228440
0.275227
0.303498
0.319492
0.237818
0.030222
-0.171118
-0.265370
-0.219091
-0.060512
0.088026
0.128510
0.097100
0.028350
-0.048816
-0.119105
-0.215274
-0.296344
-0.304889
-0.236656
-0.107709
0.005602
0.015820
-0.039157
-0.092323
-0.124869
-0.118935
-0.101799
-0.099406
-0.077195
-0.008153
0.079478
0.157175
0.185003
0.172643
0.174889
0.197564
0.237344
0.284532
0.306897
0.318063
0.211711
-0.002832
-0.188207
-0.264253
-0.206329
-0.038596
0.092289
0.119425
0.084935
0.016176
-0.063415
-0.129171
-0.222765
-0.305186
-0.305746
-0.224453
-0.095506
0.001618
0.010212
-0.041662
-0.091365
-0.121254
-0.119506
-0.111357
-0.106105
-0.071951
0.008056
0.101131
0.173608
0.192595
0.174362
0.173531
0.203410
0.243909
0.289032
0.326094
0.317354
0.162910
-0.063072
-0.232404
-0.276368
-0.170251
0.007544
0.109213
0.115670
0.068012
-0.007606
-0.075262
-0.144047
-0.249385
-0.315440
-0.296041
-0.202206
-0.060104
0.022296
-0.002350
-0.059698
-0.105042
-0.125921
-0.110111
-0.102692
-0.104366
-0.062876
0.020353
0.111800
0.181528
0.185447
0.167907
0.182705
0.212653
0.255469
0.301312
0.320624
0.286286
0.111131
-0.104318
-0.240550
-0.249808
-0.131627
0.029569
0.111929
0.108310
0.058700
-0.017137
-0.090266
-0.167161
-0.267886
-0.297371
-0.274413
-0.183052
-0.067935
-0.008578
-0.020215
-0.050645
-0.091615
-0.113565
-0.110423
-0.111412
-0.095897
-0.038435
0.043913
0.131211
0.186618
0.189753
0.191139
0.202648
0.227520
0.269812
0.311657
0.333093
0.244071
0.021741
-0.191469
-0.283518
-0.230496
-0.061730
0.090952
0.128817
0.095135
0.024347
-0.053575
-0.121744
-0.194406
-0.296054
-0.320181
-0.253790
-0.130811
-0.004714
0.026940
-0.030075
-0.087201
-0.123061
-0.126214
-0.107458
-0.103187
-0.087075
-0.016392
0.079969
0.164655
0.200050
0.178159
0.169153
0.194454
0.244063
0.297625
0.328108
0.318079
0.170275
-0.052960
-0.218586
-0.266668
-0.182176
-0.017249
0.094470
0.113695
0.081276
0.014790
-0.062506
-0.140749
-0.248139
-0.321307
-0.311170
-0.219450
-0.081792
0.003890
0.002334
-0.041912
-0.085911
-0.116839
-0.118865
-0.122421
-0.116079
-0.062895
0.029227
0.121663
0.185812
0.194616
0.178341
0.182761
0.206741
0.251265
0.303251
0.339373
0.282500
0.089967
-0.128641
-0.263621
-0.254068
-0.116385
0.045151
0.125976
0.112885
0.049197
-0.028284
-0.102549
-0.176025
-0.247397
-0.302138
-0.282268
-0.185276
-0.061447
0.008639
-0.005016
-0.062970
-0.112591
-0.128033
-0.114725
-0.099442
-0.088497
-0.045427
0.036031
0.134115
0.198091
0.203772
0.188622
0.188430
0.217422
0.265182
0.314827
0.335091
0.218920
0.001045
-0.192179
-0.273591
-0.200065
-0.034943
0.091319
0.121999
0.080275
0.009081
-0.058548
-0.123302
-0.208651
-0.299533
-0.317946
-0.245287
-0.107949
0.000333
0.019913
-0.031343
-0.091888
-0.124769
-0.119710
-0.109408
-0.102620
-0.072525
0.000333
0.093395
0.172299
0.193049
0.179905
0.176147
0.197619
0.240739
0.287677
0.314479
0.293727
0.151254
-0.056004
-0.212679
-0.251904
-0.156193
0.004888
0.106214
0.112444
0.064147
-0.013667
-0.079345
-0.151637
-0.239223
-0.283734
-0.281354
-0.198988
-0.072643
0.006326
-0.007538
-0.055468
-0.110760
-0.130254
-0.112731
-0.095740
-0.083623
-0.037969
0.034589
0.126230
0.185491
0.191746
0.183169
0.191307
0.212611
0.269866
0.317378
0.336732
0.253347
0.044236
-0.155923
-0.260879
-0.219387
-0.070926
0.068684
0.115141
0.098763
0.036859
-0.035731
-0.103695
-0.186462
-0.292327
-0.315667
-0.252301
-0.121904
-0.005976
0.024860
-0.022817
-0.079382
-0.113954
-0.114359
-0.103544
-0.100737
-0.079397
-0.010548
0.081566
0.168518
0.205923
0.196539
0.182030
0.193782
0.230898
0.277689
0.320943
0.315779
0.172993
-0.042518
-0.200286
-0.249034
-0.153101
0.004332
0.101386
0.112459
0.071728
-0.000613
-0.069638
-0.137602
-0.236784
-0.296347
-0.281154
-0.195850
-0.065431
0.013321
-0.001086
-0.048924
-0.096398
-0.117878
-0.106055
-0.096506
-0.088505
-0.040256
0.040339
0.135773
0.193059
0.193354
0.179767
0.189485
0.217503
0.271068
0.318521
0.331980
0.258186
0.055659
-0.145293
-0.247320
-0.213492
-0.074056
0.070396
0.118875
0.099834
0.040279
-0.034022
-0.102949
-0.168753
-0.265987
-0.311486
-0.259422
-0.139574
-0.020026
0.030973
-0.006371
-0.066454
-0.102385
-0.109649
-0.099265
-0.093941
-0.076534
-0.010859
0.089127
0.172053
0.208214
0.204439
0.192368
0.206767
0.247908
0.282883
0.310631
0.299930
0.149131
-0.056221
-0.199296
-0.235851
-0.132918
0.023112
0.106265
0.106831
0.058141
-0.018456
-0.080935
-0.144621
-0.230379
-0.274874
-0.269470
-0.187855
-0.065524
0.002573
-0.007264
-0.045078
-0.093446
-0.108342
-0.093397
-0.087056
-0.081205
-0.039822
0.030181
0.122640
0.188712
0.201289
0.198954
0.205411
0.217156
0.257192
0.295883
0.312538
0.242882
0.054718
-0.140445
-0.238583
-0.201803
-0.062449
0.075634
0.116589
0.084300
0.019068
-0.049944
-0.115095
-0.196164
-0.283295
-0.300958
-0.232576
-0.110668
-0.007645
0.015964
-0.028002
-0.079351
-0.106116
-0.107378
-0.099049
-0.090877
-0.059652
0.011936
0.105995
0.177118
0.196591
0.189115
0.182580
0.198979
0.238037
0.282194
0.318695
0.300701
0.143559
-0.065600
-0.217423
-0.243810
-0.142082
0.013466
0.099171
0.103857
0.056470
-0.016919
-0.081864
-0.162689
-0.246742
-0.287993
-0.283324
-0.187811
-0.065760
-0.002195
-0.001636
-0.039111
-0.092421
-0.111398
-0.107756
-0.101496
-0.079518
-0.026952
0.053900
0.147759
0.194581
0.199134
0.195688
