-0.187839
0.073318
0.283902
0.346628
0.282911
0.139979
0.069937
0.105840
0.270345
0.441818
0.122757
-0.304400
-0.675685
-0.760911
-0.314682
0.319776
0.700846
0.750061
0.336313
-0.238003
-0.551715
-0.561377
-0.292005
0.068256
0.208713
0.186107
0.089698
-0.001679
0.001460
0.015599
-0.028281
-0.117377
-0.210888
-0.208812
-0.071726
0.088255
0.142503
0.045643
-0.123457
-0.255815
-0.214606
-0.062238
0.116032
0.214814
0.218546
0.138736
0.111073
0.110390
0.200380
0.279269
0.437782
0.248921
-0.212568
-0.558356
-0.749100
-0.487720
0.102404
0.550575
0.699078
0.498735
-0.015742
-0.394383
-0.512978
-0.391430
-0.092237
0.119015
0.147148
0.126298
0.054999
0.032918
0.019762
-0.024296
-0.138304
-0.202474
-0.209705
-0.095085
0.066957
0.146705
0.089052
-0.058878
-0.230234
-0.253343
-0.136370
0.056354
0.212515
0.266766
0.204811
0.157141
0.109426
0.167757
0.244528
0.418300
0.212504
-0.228661
-0.573130
-0.746782
-0.447639
0.151013
0.585144
0.719168
0.472135
-0.062290
-0.433709
-0.536820
-0.384557
-0.060187
0.145223
0.167169
0.126904
0.042000
0.017426
0.022199
-0.009657
-0.134717
-0.220449
-0.227934
-0.106638
0.076179
0.167366
0.101315
-0.055187
-0.229818
-0.253880
-0.135159
0.052845
0.210811
0.271329
0.213645
0.171000
0.126038
0.172066
0.252513
0.417662
0.172223
-0.257890
-0.602482
-0.748181
-0.407343
0.200579
0.616999
0.732038
0.438152
-0.101889
-0.458915
-0.543801
-0.366430
-0.034276
0.152725
0.174663
0.123453
0.039785
0.017552
0.034892
0.005437
-0.086044
-0.225146
-0.296220
-0.177219
0.018322
0.182801
0.185966
0.010611
-0.205054
-0.275977
-0.200838
0.003303
0.197466
0.292323
0.274713
0.206789
0.126988
0.148184
0.223135
0.415415
0.176507
-0.249530
-0.602869
-0.764438
-0.417899
0.212500
0.640213
0.762324
0.448433
-0.124229
-0.497552
-0.577761
-0.375518
-0.015162
0.182443
0.196921
0.127584
0.029173
-0.005628
-0.018397
-0.045296
-0.122354
-0.175997
-0.171020
-0.068794
0.052530
0.111475
0.053997
-0.077126
-0.205766
-0.201971
-0.087169
0.072552
0.187818
0.222771
0.179205
0.166285
0.156005
0.208121
0.269836
0.404717
0.137067
-0.284344
-0.600507
-0.720388
-0.369737
0.219273
0.601075
0.700289
0.409224
-0.109469
-0.443368
-0.525348
-0.359341
-0.041962
0.136562
0.167006
0.129410
0.049127
-0.003621
-0.025002
-0.080301
-0.138707
-0.155989
-0.136810
-0.031362
0.064358
0.081447
0.018532
-0.102735
-0.202581
-0.169860
-0.053342
0.087788
0.190785
0.205377
0.180407
0.170763
0.172124
0.218573
0.295639
0.376011
0.020845
-0.360109
-0.652229
-0.674325
-0.239386
0.327721
0.637390
0.670514
0.292391
-0.202597
-0.480652
-0.508237
-0.295569
0.014226
0.145598
0.168423
0.108397
0.037501
-0.005194
-0.024246
-0.098269
-0.153432
-0.174979
-0.127371
-0.009653
0.085218
0.082707
0.003075
-0.132010
-0.209015
-0.162330
-0.029658
0.106124
0.199285
0.194705
0.182040
0.164078
0.187790
0.227332
0.331126
0.344050
-0.062668
-0.428436
-0.700385
-0.635692
-0.131678
0.414695
0.675122
0.636716
0.194952
-0.279744
-0.510540
-0.491283
-0.239645
0.053976
0.154006
0.163747
0.092280
0.019850
-0.019177
-0.031779
-0.115594
-0.157874
-0.169231
-0.105491
0.016625
0.095834
0.064764
-0.027023
-0.158548
-0.203618
-0.128878
0.008816
0.132497
0.205609
0.186290
0.180660
0.160529
0.201801
0.234117
0.368282
0.252993
-0.175352
-0.505098
-0.723053
-0.526756
0.032986
0.505418
0.692742
0.546807
0.047922
-0.362212
-0.526604
-0.440767
-0.147497
0.098526
0.162219
0.152620
0.065948
0.015697
0.004682
-0.020990
-0.163708
-0.233585
-0.209221
-0.083588
0.103860
0.182089
0.084290
-0.070254
-0.226293
-0.253901
-0.118883
0.068397
0.215914
0.268532
0.204225
0.149169
0.129745
0.185925
0.290849
0.434829
0.113416
-0.313148
-0.656750
-0.753904
-0.339808
0.283088
0.657281
0.731154
0.366502
-0.179112
-0.496303
-0.540405
-0.326126
0.011627
0.160753
0.174213
0.102742
0.016441
-0.011719
0.008552
-0.033806
-0.124340
-0.202300
-0.198603
-0.068703
0.079332
0.138726
0.070058
-0.086042
-0.206710
-0.196834
-0.075825
0.087524
0.209084
0.230654
0.204626
0.158782
0.161029
0.200117
0.304212
0.377554
0.019076
-0.358818
-0.657819
-0.671795
-0.223112
0.347152
0.652366
0.669729
0.269905
-0.230506
-0.496807
-0.504228
-0.267066
0.044340
0.165870
0.170362
0.093572
-0.005996
-0.059482
-0.039382
-0.072015
-0.079387
-0.093059
-0.087578
-0.028817
0.030224
0.024013
-0.014622
-0.098537
-0.138505
-0.093122
0.001089
0.092403
0.162707
0.166112
0.181061
0.180145
0.215077
0.233946
0.327768
0.306151
-0.078795
-0.405255
-0.654279
-0.583534
-0.113206
0.387278
0.634630
0.605966
0.192219
-0.249214
-0.477455
-0.468505
-0.230776
0.049741
0.154791
0.170635
0.095523
0.007801
-0.039004
-0.068665
-0.106747
-0.104551
-0.107641
-0.045945
0.016916
0.049547
0.019011
-0.047814
-0.138939
-0.138228
-0.071932
0.048053
0.137293
0.179509
0.168929
0.177851
0.169503
0.221077
0.250868
0.381397
0.194771
-0.199713
-0.515810
-0.692143
-0.460494
0.086036
0.505500
0.680007
0.499988
0.022783
-0.359354
-0.506267
-0.412623
-0.115822
0.104214
0.175179
0.151172
0.068796
0.012611
0.030328
-0.007014
-0.182273
-0.234231
-0.225914
-0.065190
0.136133
0.184435
0.078964
-0.077258
-0.236302
-0.232863
-0.094093
0.080837
0.242295
0.275234
0.213172
0.147776
0.124612
0.174111
0.320245
0.418476
0.057788
-0.334166
-0.680779
-0.721285
-0.264020
0.332093
0.679824
0.722880
0.307543
-0.218759
-0.513368
-0.537963
-0.289731
0.044333
0.178176
0.188370
0.097635
-0.008602
-0.068342
-0.033929
-0.049640
-0.062531
-0.085561
-0.107657
-0.063011
0.005350
0.023544
0.007900
-0.063722
-0.121776
-0.097069
-0.022385
0.062971
0.140057
0.160145
0.181744
0.189811
0.205679
0.216593
0.295532
0.329925
-0.012434
-0.343400
-0.619039
-0.628251
-0.214822
0.301450
0.599202
0.642462
0.282799
-0.179287
-0.456091
-0.498852
-0.291587
0.009098
0.149348
0.182149
0.111239
-0.003386
-0.069929
-0.071860
-0.086204
-0.072368
-0.073324
-0.057458
-0.023111
0.013134
-0.001267
-0.035259
-0.103188
-0.120657
-0.075034
0.017927
0.094913
0.154356
0.167149
0.190291
0.185301
0.220965
0.229050
0.356076
0.194290
-0.190384
-0.492176
-0.687153
-0.486921
0.041391
0.474029
0.668299
0.528126
0.056680
-0.340090
-0.516448
-0.447002
-0.158380
0.087069
0.171259
0.164840
0.072841
-0.013730
-0.036232
-0.060595
-0.116599
-0.116163
-0.124278
-0.055234
0.031148
0.030187
-0.017022
-0.073893
-0.153208
-0.115292
-0.032508
0.053100
0.127634
0.150286
0.135516
0.167471
0.176745
0.230796
0.272214
0.385563
0.137860
-0.254217
-0.566822
-0.710923
-0.420236
0.139046
0.538462
0.687216
0.460993
-0.030480
-0.390847
-0.522019
-0.403963
-0.103059
0.104829
0.168373
0.147211
0.058766
0.017194
0.025539
0.021625
-0.141134
-0.282872
-0.292975
-0.160689
0.092320
0.241250
0.165161
-0.033158
-0.234908
-0.306696
-0.171185
0.041161
0.238495
0.325708
0.267114
0.151136
0.091872
0.113656
0.266809
0.426490
0.106471
-0.296300
-0.663689
-0.767250
-0.337617
0.289560
0.679827
0.763677
0.367309
-0.206603
-0.544621
-0.588745
-0.336468
0.039078
0.207953
0.212012
0.109023
-0.007370
-0.057617
-0.034879
-0.039313
-0.089300
-0.133195
-0.155545
-0.088456
0.013622
0.066600
0.040388
-0.053150
-0.153539
-0.147349
-0.064205
0.050355
0.146990
0.180248
0.170685
0.174846
0.173124
0.209756
0.270032
0.382947
0.099520
-0.284769
-0.591553
-0.700846
-0.359305
0.203086
0.573544
0.687044
0.407137
-0.094460
-0.433444
-0.528454
-0.368036
-0.048177
0.141318
0.184303
0.136029
0.040586
-0.024772
-0.022386
-0.051636
-0.119199
-0.163342
-0.168430
-0.073288
0.053692
0.108583
0.058558
-0.065652
-0.188550
-0.187347
-0.084669
0.059778
0.188058
0.227557
0.200067
0.171007
0.147396
0.176786
0.270978
0.389922
0.075973
-0.294002
-0.618678
-0.702684
-0.317722
0.252545
0.610184
0.704078
0.369471
-0.143897
-0.471638
-0.540961
-0.344571
-0.005065
0.168935
0.200484
0.128921
0.027081
-0.033884
-0.032867
-0.067217
-0.111778
-0.146117
-0.143609
-0.057135
0.047778
0.078645
0.039259
-0.077176
-0.177521
-0.162647
-0.062970
0.067152
0.181170
0.204007
0.189347
0.172903
0.163012
0.197782
0.277552
0.377458
0.066402
-0.307601
-0.612275
-0.686629
-0.307816
0.250470
0.602102
0.684728
0.367939
-0.135502
-0.452940
-0.526474
-0.338239
-0.016964
0.161430
0.189671
0.133896
0.032651
0.003701
0.025734
0.028496
-0.113112
-0.253721
-0.280914
-0.173537
0.067566
0.203600
0.153515
-0.013698
-0.205879
-0.272153
-0.162463
0.019528
0.207717
0.303736
0.251207
0.175824
0.104841
0.121998
0.221055
0.424713
0.208960
-0.200483
-0.562431
-0.764777
-0.463492
0.139615
0.587681
0.753923
0.494035
-0.066949
-0.460178
-0.579068
-0.407429
-0.042777
0.188019
0.217765
0.150575
0.023403
-0.031073
-0.041722
-0.033042
-0.075254
-0.131430
-0.164213
-0.105115
-0.000769
0.090893
0.078837
-0.022737
-0.158769
-0.191510
-0.123579
0.025201
0.151148
0.220589
0.191934
0.176925
0.135558
0.164447
0.205947
0.361443
0.293842
-0.106128
-0.444930
-0.692193
-0.561246
-0.049413
0.442000
0.670118
0.583588
0.123741
-0.316800
-0.517127
-0.457021
-0.173897
0.110300
0.190219
0.172338
0.071632
-0.011083
-0.056157
-0.051483
-0.091966
-0.112053
-0.132006
-0.085999
0.002479
0.073006
0.055466
-0.021644
-0.151678
-0.189875
-0.124997
0.011756
0.137078
0.214275
0.186705
0.178184
0.140570
0.170864
0.206014
0.342107
0.308115
-0.083970
-0.420256
-0.676906
-0.584916
-0.099601
0.406634
0.653015
0.605732
0.171746
-0.279209
-0.503164
-0.473195
-0.213008
0.081831
0.178945
0.176370
0.086548
0.002457
-0.036675
-0.040183
-0.101289
-0.131696
-0.152011
-0.106190
0.004477
0.086765
0.065420
-0.009039
-0.150910
-0.204051
-0.142255
-0.003089
0.133243
0.221685
0.196542
0.182487
0.141821
0.165876
0.202298
0.342275
0.322440
-0.071665
-0.416615
-0.685618
-0.606676
-0.117495
0.400177
0.659068
0.622396
0.188003
-0.272671
-0.505908
-0.482907
-0.224247
0.075398
0.176019
0.173658
0.085090
0.004153
-0.019360
-0.000527
-0.082526
-0.154872
-0.200102
-0.169440
-0.018950
0.119146
0.124544
0.042274
-0.134289
-0.243633
-0.198601
-0.052265
0.121824
0.251551
0.236428
0.197206
0.134978
0.129171
0.178042
0.323509
0.363229
-0.010902
-0.380945
-0.684958
-0.655714
-0.185598
0.368540
0.667865
0.660798
0.238136
-0.253518
-0.516858
-0.507997
-0.251232
0.068140
0.187210
0.183219
0.089812
0.002385
-0.026841
0.000950
-0.042607
-0.146612
-0.211584
-0.198189
-0.062128
0.110057
0.152956
0.070841
-0.103833
-0.241533
-0.224966
-0.080187
0.098157
0.244283
0.255823
0.204129
0.142518
0.115731
0.160447
0.296922
0.399368
0.057513
-0.326332
-0.660053
-0.705589
-0.276621
0.302367
0.649428
0.701050
0.320052
-0.198996
-0.502131
-0.532280
-0.299140
0.039810
0.186601
0.191527
0.104024
0.008267
-0.023804
-0.002612
-0.040640
-0.124230
-0.201728
-0.204231
-0.081073
0.080072
0.146879
0.089656
-0.076990
-0.226678
-0.229745
-0.107999
0.073852
0.224759
0.255512
0.213607
0.157371
0.120598
0.163354
0.267121
0.408906
0.112951
-0.286869
-0.623611
-0.725267
-0.352940
0.240243
0.623167
0.717622
0.393588
-0.138232
-0.479536
-0.544858
-0.345659
-0.003225
0.179837
0.194544
0.121526
0.018410
-0.015255
-0.005746
-0.024213
-0.110049
-0.198332
-0.217152
-0.106659
0.056379
0.148558
0.108430
-0.049549
-0.212650
-0.238271
-0.134122
0.049473
0.208381
0.263152
0.220074
0.165627
0.112620
0.155441
0.238258
0.409810
0.185053
-0.227288
-0.570957
-0.733743
-0.435311
0.151148
0.577204
0.718413
0.467442
-0.060676
-0.438716
-0.545006
-0.385645
-0.049690
0.167517
0.196250
0.135280
0.028673
-0.024416
-0.018143
-0.021359
-0.104546
-0.164096
-0.190053
-0.107944
0.038816
0.127067
0.091308
-0.029806
-0.191014
-0.224034
-0.132343
0.035674
0.185328
0.251973
0.208950
0.175772
0.126535
0.162209
0.222043
0.393247
0.233405
-0.177865
-0.516673
-0.722861
-0.494106
0.066991
0.522048
0.704083
0.527040
0.022400
-0.382632
-0.533197
-0.422035
-0.106720
0.140220
0.192822
0.156010
0.053922
-0.009065
-0.008398
-0.000130
-0.088149
-0.161361
-0.220317
-0.152708
0.013141
0.138805
0.131729
0.019862
-0.171121
-0.243402
-0.175604
-0.009243
0.167252
0.270437
0.238000
0.194407
0.119438
0.137545
0.191661
0.374957
0.314724
-0.092013
-0.451836
-0.720256
-0.584199
-0.048438
0.466164
0.705399
0.605477
0.119480
-0.335040
-0.536304
-0.464263
-0.165316
0.123956
0.198457
0.173068
0.065502
-0.003269
-0.026092
-0.037723
-0.089685
-0.134746
-0.156948
-0.097545
0.016328
0.094293
0.078323
-0.016037
-0.161248
-0.208754
-0.139529
0.009646
0.151677
0.229959
0.196644
0.166475
0.129598
0.155493
0.206184
0.331419
0.349706
-0.029080
-0.383182
-0.655547
-0.613506
-0.160746
0.363706
0.632381
0.620776
0.225503
-0.234995
-0.475990
-0.467630
-0.236302
0.059298
0.166762
0.166650
0.087663
0.016082
-0.010924
0.011782
-0.056683
-0.147247
-0.205311
-0.185297
-0.041749
0.113845
0.142635
0.062492
-0.110777
-0.237172
-0.210258
-0.070907
0.105960
0.244660
0.249435
0.205819
0.145694
0.120930
0.165368
0.290979
0.392525
0.066899
-0.311403
-0.635689
-0.686418
-0.282734
0.283654
0.626613
0.683582
0.327452
-0.176013
-0.479388
-0.515213
-0.299013
0.028802
0.178675
0.186235
0.102778
0.011730
-0.023360
-0.016921
-0.050873
-0.130649
-0.169328
-0.158786
-0.046510
0.078764
0.112422
0.041102
-0.096516
-0.216537
-0.194315
-0.072639
0.089317
0.207288
0.223853
0.173352
0.145344
0.121373
0.179585
0.253160
0.392577
0.156128
-0.238267
-0.554814
-0.691130
-0.400180
0.147523
0.538102
0.663650
0.432141
-0.053516
-0.401145
-0.501608
-0.361885
-0.058206
0.139546
0.169697
0.122153
0.030814
-0.010550
-0.003026
-0.007599
-0.101017
-0.190744
-0.228277
-0.128376
0.040809
0.157087
0.125361
-0.021676
-0.203714
-0.251870
-0.165595
0.019463
0.188341
0.269736
0.226585
0.171847
0.101846
0.137659
0.207811
0.398896
0.250283
-0.155982
-0.509916
-0.733480
-0.517785
0.044940
0.512795
0.707697
0.533173
0.025145
-0.388623
-0.539540
-0.424088
-0.103939
0.143367
0.189367
0.141174
0.032580
-0.020968
0.003785
0.007099
-0.104794
-0.183258
-0.229015
-0.144846
0.039509
0.150572
0.116987
-0.005704
-0.195038
-0.257176
-0.172045
0.001422
0.174811
0.262906
0.211567
0.163067
0.098559
0.125621
0.190851
0.354406
0.342695
-0.050498
-0.412280
-0.693982
-0.611851
-0.121831
0.399843
0.656737
0.604541
0.170284
-0.282481
-0.499799
-0.458650
-0.194586
0.088830
0.173341
0.150946
0.056658
-0.009132
0.006835
0.056471
0.019523
-0.156524
-0.303675
-0.291061
-0.124545
0.137171
0.251360
0.149963
-0.081132
-0.270368
-0.310753
-0.145282
0.085198
0.285767
0.331780
0.258547
0.128323
0.070822
0.103126
0.283532
0.418291
0.093085
-0.300343
-0.660776
-0.728374
-0.296843
0.300669
0.667992
0.723602
0.327649
-0.218800
-0.528604
-0.548627
-0.290508
0.068116
0.216074
0.199865
0.088793
-0.021644
-0.045860
-0.015226
-0.020505
-0.090213
-0.153924
-0.177011
-0.084922
0.041572
0.102566
0.059193
-0.066929
-0.192694
-0.188750
-0.090013
0.064260
0.183613
0.219024
0.171097
0.143907
0.110274
0.166659
0.223374
0.384694
0.269328
-0.135001
-0.464243
-0.688398
-0.522016
-0.006273
0.450162
0.646402
0.534938
0.080288
-0.317798
-0.482789
-0.408065
-0.135277
0.108533
0.161896
0.136007
0.045796
-0.004121
-0.011799
-0.000057
-0.066917
-0.137958
-0.175376
-0.130587
-0.017424
0.092703
0.087526
0.001683
-0.137911
-0.204590
-0.155060
-0.008006
0.135395
0.232440
0.212343
0.173654
0.126103
0.140504
0.183054
0.330037
0.357101
-0.005421
-0.354981
-0.648045
-0.630754
-0.189320
0.332300
0.622430
0.633734
0.248659
-0.215056
-0.465955
-0.474904
-0.240154
0.054690
0.168267
0.164921
0.084565
0.005012
0.010186
0.047240
0.027655
-0.132097
-0.307067
-0.289489
-0.123271
0.131430
0.263118
0.161130
-0.085757
-0.267890
-0.313480
-0.149531
0.091765
0.289338
0.345098
0.263911
0.123991
0.066771
0.096732
0.269017
0.427881
0.117978
-0.271389
-0.631928
-0.731453
-0.326318
0.270158
0.646200
0.727409
0.356773
-0.188793
-0.509608
-0.543872
-0.300960
0.056885
0.212411
0.198333
0.087504
-0.025152
-0.049888
-0.013509
-0.008234
-0.067029
-0.138538
-0.168583
-0.089833
0.041956
0.100775
0.031383
-0.085739
-0.201728
-0.184637
-0.062023
0.084783
0.179464
0.204451
0.137072
0.111544
0.104006
0.166788
0.233415
0.368717
0.329937
-0.067158
-0.399965
-0.655667
-0.580160
-0.121137
0.361691
0.600645
0.575449
0.179730
-0.233735
-0.440934
-0.422875
-0.199092
0.056699
0.133258
0.133951
0.063711
0.007982
-0.019222
-0.010215
-0.073724
-0.118213
-0.156910
-0.125650
-0.016297
0.078933
0.077489
0.002261
-0.140201
-0.210378
-0.157900
-0.021337
0.127237
0.228724
0.214211
0.179088
0.128339
0.136346
0.176967
0.306667
0.365429
0.019564
-0.329876
-0.628367
-0.645846
-0.233254
0.294330
0.599277
0.644285
0.284565
-0.184124
-0.454977
-0.483886
-0.269090
0.034030
0.158968
0.166186
0.087224
0.002862
-0.030269
-0.010383
-0.039230
-0.099120
-0.158617
-0.166100
-0.065686
0.052232
0.095188
0.044164
-0.092517
-0.198786
-0.183071
-0.070570
0.087236
0.207074
0.226758
0.191497
0.145727
0.122191
0.169025
0.256784
0.386224
0.114085
-0.258434
-0.571875
-0.683204
-0.358607
0.188028
0.553075
0.666376
0.395205
-0.090544
-0.418231
-0.501866
-0.338395
-0.028384
0.144677
0.168873
0.106263
0.012968
-0.029332
-0.016132
-0.027903
-0.097290
-0.143404
-0.167429
-0.089983
0.032934
0.092179
0.054133
-0.058970
-0.188293
-0.195820
-0.099670
0.054078
0.185342
0.232895
0.193375
0.162427
0.117930
0.152714
0.218321
0.375608
0.198346
-0.182143
-0.504085
-0.689936
-0.456628
0.070845
0.489591
0.660216
0.481712
0.005285
-0.366190
-0.507303
-0.393438
-0.094350
0.127818
0.172509
0.133022
0.031373
-0.021888
-0.014931
0.004757
-0.061373
-0.134322
-0.215838
-0.186736
-0.040372
0.095831
0.125512
0.043033
-0.136265
-0.223437
-0.185091
-0.040506
0.128588
0.247026
0.238902
0.211713
0.131113
0.126608
0.162063
0.330634
0.311420
-0.056316
-0.398544
-0.682166
-0.602749
-0.119260
0.390148
0.657158
0.613313
0.169849
-0.287867
-0.517744
-0.480453
-0.201591
0.094092
0.185808
0.167263
0.056125
-0.021682
-0.055473
-0.033316
-0.058957
-0.107908
-0.147328
-0.133557
-0.044022
0.051550
0.068447
0.002251
-0.124275
-0.196519
-0.153893
-0.030284
0.108398
0.201987
0.199278
0.169825
0.134180
0.131294
0.176297
0.277226
0.371349
0.064844
-0.290975
-0.592410
-0.661652
-0.302546
0.224064
0.556736
0.640348
0.336375
-0.131671
-0.427768
-0.489679
-0.306460
-0.004101
0.144600
0.162840
0.094213
-0.001466
-0.050052
-0.035819
-0.050681
-0.085497
-0.119016
-0.136582
-0.066060
0.020986
0.055328
0.023096
-0.080711
-0.174954
-0.158524
-0.071253
0.064857
0.172540
0.202033
0.183202
0.165966
0.138942
0.174621
0.231076
0.366370
0.142569
-0.219863
-0.522268
-0.669671
-0.403818
0.113882
0.499196
0.645882
0.438426
-0.028049
-0.375140
-0.497386
-0.371092
-0.073466
0.126654
0.169392
0.125523
0.023660
-0.031215
-0.019264
-0.015124
-0.077810
-0.141740
-0.208032
-0.132038
0.009939
0.109826
0.105473
-0.012289
-0.182023
-0.219052
-0.152060
0.010927
0.175729
0.254832
0.225108
0.182062
0.106670
0.132179
0.186421
0.365624
0.273677
-0.104162
-0.440376
-0.685681
-0.541642
-0.036517
0.430574
0.657344
0.554194
0.097951
-0.317668
-0.503234
-0.430476
-0.140628
0.116228
0.182164
0.146415
0.037125
-0.038928
-0.055755
-0.030986
-0.062655
-0.084087
-0.121030
-0.099178
-0.016789
0.049552
0.046032
-0.016370
-0.133576
-0.171840
-0.117164
0.002398
0.130388
0.207104
0.192533
0.179624
0.141026
0.152482
0.188142
0.300742
0.338921
0.007566
-0.320671
-0.598044
-0.603323
-0.212763
0.279902
0.567907
0.608994
0.271923
-0.165522
-0.424998
-0.457477
-0.255088
0.029080
0.152345
0.166082
0.089780
0.006621
-0.008084
0.029614
-0.001620
-0.156287
-0.251955
-0.230469
-0.070732
0.149620
0.218744
0.101221
-0.104243
-0.268120
-0.274261
-0.104478
0.114926
0.292665
0.319370
0.237511
0.122401
0.074357
0.123859
0.283224
0.421751
0.120010
-0.261935
-0.614520
-0.702895
-0.318504
0.250428
0.618141
0.697643
0.350979
-0.160603
-0.470815
-0.514103
-0.287819
0.045406
0.195247
0.187997
0.086721
-0.024482
-0.063960
-0.022155
-0.009083
-0.054017
-0.100335
-0.141131
-0.087971
0.013898
0.066954
0.046351
-0.045865
-0.153974
-0.154209
-0.077013
0.050075
0.164784
0.208875
0.184754
0.169320
0.131808
0.165342
0.204055
0.349802
0.284850
-0.076557
-0.388829
-0.634251
-0.538809
-0.086278
0.365597
0.602321
0.558646
0.157622
-0.243547
-0.447357
-0.421753
-0.175813
0.079018
0.161528
0.151864
0.056326
-0.040199
-0.061390
-0.042483
-0.061971
-0.059419
-0.095376
-0.076015
-0.010107
0.039914
0.029166
-0.024128
-0.131970
-0.156777
-0.103660
0.011340
0.131306
0.204088
0.191533
0.182353
0.142343
0.157324
0.185233
0.301283
0.321249
0.002112
-0.315125
-0.585309
-0.586560
-0.203732
0.270620
0.554005
0.591667
0.261622
-0.161235
-0.414782
-0.447678
-0.247233
0.027233
0.147075
0.159320
0.079887
-0.016889
-0.054773
-0.035562
-0.052421
-0.066991
-0.106210
-0.108387
-0.035131
0.033280
0.050711
0.007910
-0.101391
-0.163782
-0.131331
-0.032909
0.102120
0.192112
0.200464
0.184607
0.151391
0.135582
0.173787
0.255319
0.362429
0.102248
-0.235061
-0.535361
-0.638734
-0.343796
0.154642
0.500866
0.623830
0.380886
-0.060163
-0.375797
-0.469227
-0.324534
-0.035339
0.131622
0.165139
0.101435
-0.004619
-0.056783
-0.026916
-0.028964
-0.062942
-0.114491
-0.156996
-0.085665
0.021591
0.079614
0.058508
-0.054239
-0.175788
-0.179521
-0.098771
0.052816
0.187728
0.235709
0.214680
0.172071
0.118842
0.143789
0.205507
0.365677
0.184941
-0.161857
-0.479569
-0.665348
-0.446273
0.053613
0.456762
0.637905
0.467589
0.014963
-0.345644
-0.489859
-0.380250
-0.087556
0.126022
0.173547
0.124214
0.005684
-0.076356
-0.070276
-0.052747
-0.056689
-0.059512
-0.095811
-0.067590
-0.011147
0.021499
0.006846
-0.054783
-0.143617
-0.135882
-0.074787
0.038595
0.138821
0.185924
0.177605
0.179168
0.148614
0.177930
0.201227
0.336202
0.216043
-0.132014
-0.426706
-0.637678
-0.497379
-0.039214
0.380511
0.593933
0.512774
0.107522
-0.272636
-0.459024
-0.416759
-0.165531
0.072467
0.150417
0.136641
0.043379
-0.041833
-0.047880
-0.030630
-0.068729
-0.095760
-0.151821
-0.124309
-0.022761
0.059873
0.065456
-0.001502
-0.140278
-0.187502
-0.140430
-0.016300
0.128759
0.218622
0.210089
0.192074
0.126994
0.137293
0.172197
0.325159
0.291236
-0.056272
-0.380061
-0.651663
-0.582073
-0.137318
0.337614
0.604066
0.580280
0.182950
-0.239070
-0.472143
-0.458957
-0.213094
0.059570
0.158451
0.152493
0.051929
-0.031477
-0.053725
-0.058086
-0.088761
-0.099770
-0.126540
-0.081103
0.000107
0.051134
0.035815
-0.033539
-0.155408
-0.182437
-0.124002
0.006053
0.134764
0.203029
0.179613
0.165380
0.126515
0.154790
0.195462
0.323332
0.299839
-0.051707
-0.377678
-0.639577
-0.584075
-0.157468
0.318706
0.584623
0.576898
0.208139
-0.211012
-0.448821
-0.451825
-0.229629
0.039278
0.145692
0.147431
0.059462
-0.026642
-0.057864
-0.036605
-0.069922
-0.096242
-0.122791
-0.109397
-0.030084
0.047086
0.044656
-0.008220
-0.120011
-0.179537
-0.136127
-0.022851
0.105268
0.198908
0.196373
0.189997
0.152393
0.156984
0.184549
0.308646
0.301210
-0.040687
-0.356987
-0.634678
-0.592421
-0.174369
0.309540
0.591412
0.603085
0.228825
-0.197101
-0.455914
-0.467886
-0.248346
0.034877
0.148450
0.165598
0.072539
0.001766
-0.017783
0.036858
-0.036042
-0.177259
-0.256926
-0.232044
-0.048781
0.163465
0.200152
0.087326
-0.121656
-0.281005
-0.261714
-0.088422
0.123889
0.302391
0.307792
0.236142
0.126211
0.099159
0.141895
0.349295
0.332717
-0.037366
-0.396006
-0.716101
-0.633815
-0.125481
0.403793
0.702634
0.650297
0.177290
-0.295753
-0.542378
-0.501639
-0.195351
0.109197
0.209732
0.179675
0.049887
-0.049648
-0.074718
-0.024841
-0.026893
-0.056647
-0.117136
-0.130227
-0.071439
0.023344
0.057615
0.028916
-0.078817
-0.148698
-0.131968
-0.039390
0.077852
0.177200
0.195352
0.199156
0.176158
0.168359
0.190799
0.276199
0.343274
0.041044
-0.290072
-0.576187
-0.629647
-0.272928
0.227225
0.555367
0.637410
0.338308
-0.112961
-0.410151
-0.481969
-0.303154
-0.007798
0.148075
0.178596
0.111791
0.005330
-0.054207
-0.040198
-0.055832
-0.069843
-0.093946
-0.102982
-0.048360
0.025393
0.045655
0.016841
-0.075269
-0.151502
-0.131266
-0.044279
0.074919
0.176064
0.198915
0.195752
0.180052
0.168777
0.198470
0.270276
0.358848
0.069905
-0.266334
-0.562935
-0.642352
-0.312440
0.196633
0.541288
0.652935
0.377986
-0.077347
-0.394617
-0.490022
-0.330824
-0.030585
0.139064
0.182599
0.122429
0.018949
-0.038706
-0.035106
-0.050015
-0.072852
-0.114382
-0.122965
-0.058142
0.027300
0.068390
0.042212
-0.062557
-0.155771
-0.151703
-0.070798
0.063146
0.175007
0.212589
0.202131
0.182245
0.167435
0.197832
0.261080
0.371177
0.102686
-0.249148
-0.550681
-0.665595
-0.356311
0.165045
0.531895
0.668270
0.418628
-0.046972
-0.382127
-0.497780
-0.356578
-0.053275
0.132139
0.181004
0.129943
0.024277
-0.032589
-0.024985
-0.053114
-0.089845
-0.120819
-0.137242
-0.054475
0.042680
0.079170
0.044989
-0.063328
-0.177234
-0.170480
-0.086082
0.058961
0.183572
0.223372
0.200325
0.176139
0.145057
0.185793
0.247294
0.379818
0.153131
-0.213116
-0.532806
-0.682437
-0.414690
0.110293
0.510207
0.673621
0.461465
-0.004499
-0.365741
-0.504072
-0.384135
-0.084874
0.122058
0.179482
0.136756
0.029768
-0.033637
-0.027141
-0.028143
-0.080202
-0.136865
-0.164656
-0.094013
0.030607
0.109039
0.081126
-0.039332
-0.183224
-0.206491
-0.122995
0.039908
0.187474
0.247124
0.213317
0.174727
0.125705
0.161059
0.229064
0.383914
0.195741
-0.175411
-0.508626
-0.696323
-0.460455
0.060728
0.484971
0.675063
0.490893
0.024009
-0.352949
-0.508838
-0.400142
-0.100739
0.118626
0.176692
0.134520
0.022533
-0.049645
-0.061890
-0.060060
-0.071076
-0.086745
-0.100877
-0.061139
0.002914
0.039368
0.018080
-0.057975
-0.149727
-0.151938
-0.078933
0.042434
0.146767
0.195194
0.189414
0.184827
0.168957
0.199588
0.246668
0.363084
0.127938
-0.230844
-0.537764
-0.683417
-0.410304
0.109258
0.500245
0.665273
0.452382
-0.011022
-0.368292
-0.509098
-0.392104
-0.093154
0.111201
0.172737
0.130917
0.029794
-0.038475
-0.034088
-0.040903
-0.086300
-0.125638
-0.161994
-0.106785
0.004985
0.076129
0.061269
-0.029156
-0.162278
-0.188456
-0.118236
0.021356
0.157836
0.224055
0.208261
0.186569
0.136230
0.160903
0.217115
0.366032
0.186438
-0.179292
-0.504132
-0.696598
-0.469820
0.046989
0.470140
0.667235
0.496251
0.031240
-0.350510
-0.517025
-0.419068
-0.120527
0.106902
0.175909
0.139653
0.031811
-0.046342
-0.085975
-0.072453
-0.083777
-0.075273
-0.075763
-0.060516
-0.025528
0.008637
-0.014964
-0.058021
-0.129688
-0.133572
-0.066722
0.034408
0.111610
0.163840
0.157316
0.180496
0.173501
0.202548
0.224621
0.344126
0.190588
-0.164781
-0.466261
-0.666058
-0.490786
-0.013400
0.406579
0.625356
0.518661
0.097573
-0.285446
-0.483668
-0.438363
-0.176180
0.061482
0.153857
0.151608
0.052931
-0.032708
-0.077107
-0.088978
-0.092289
-0.088361
-0.085632
-0.048762
0.000258
0.026909
-0.000044
-0.066343
-0.148819
-0.147991
-0.075534
0.039840
0.132765
0.181760
0.174758
0.180564
0.170155
0.205201
0.237938
0.352244
0.150611
-0.212624
-0.508408
-0.672115
-0.438724
0.062913
0.457954
0.641467
0.478078
0.033538
-0.328739
-0.492989
-0.411461
-0.133060
0.084583
0.158739
0.141465
0.042878
-0.031362
-0.045293
-0.055570
-0.084235
-0.116089
-0.142282
-0.092780
0.000046
0.062626
0.050496
-0.033439
-0.149424
-0.170979
-0.103152
0.027455
0.148686
0.213984
0.208465
0.194107
0.156970
0.178604
0.227038
0.364987
0.161163
-0.197025
-0.514637
-0.686949
-0.441556
0.076205
0.485486
0.673374
0.485441
0.020225
-0.352481
-0.512021
-0.407283
-0.108743
0.110877
0.179630
0.145709
0.029938
-0.067480
-0.085117
-0.070131
-0.051574
-0.041139
-0.055715
-0.054913
-0.022632
0.000961
-0.015821
-0.056853
-0.115676
-0.105261
-0.039564
0.049106
0.121798
0.165935
0.174804
0.196611
0.193910
0.218298
0.241015
0.338628
0.134450
-0.210528
-0.492169
-0.640238
-0.405187
0.079898
0.459624
0.631824
0.464870
0.032287
-0.317903
-0.476113
-0.392149
-0.121265
0.088156
0.162136
0.146906
0.050201
-0.031321
-0.064585
-0.076596
-0.089813
-0.081018
-0.071926
-0.030987
0.022087
0.035926
-0.004288
-0.073342
-0.143517
-0.125783
-0.037781
0.073264
0.162279
0.194043
0.185195
0.190811
0.187329
0.216534
0.280833
0.361341
0.063921
-0.277498
-0.579197
-0.658700
-0.321319
0.198325
0.547690
0.671282
0.392519
-0.064231
-0.394070
-0.500290
-0.353387
-0.052132
0.119291
0.182406
0.126896
0.045546
0.003072
0.027978
-0.050339
-0.177056
-0.221142
-0.200248
-0.034364
0.153453
0.179189
0.077186
-0.097801
-0.256795
-0.239699
-0.083956
0.111038
0.277414
0.289813
0.231387
0.154828
0.133996
0.175972
0.337069
0.368590
-0.002505
-0.369795
-0.700500
-0.672027
-0.192944
0.365997
0.692235
0.699000
0.261969
-0.230790
-0.515800
-0.523865
-0.258074
0.058523
0.185931
0.190981
0.084692
-0.009456
-0.053933
-0.032882
-0.033725
-0.070998
-0.118965
-0.118124
-0.065125
0.025562
0.062410
0.023760
-0.075395
-0.145016
-0.131779
-0.030496
0.082736
0.174912
0.196870
0.195089
0.181547
0.191737
0.218460
0.304732
0.355536
0.018663
-0.327331
-0.618927
-0.653224
-0.253756
0.267094
0.593775
0.662736
0.327953
-0.137826
-0.431186
-0.498762
-0.306416
-0.011453
0.136079
0.171941
0.109849
0.014133
-0.034803
-0.028065
-0.066716
-0.094790
-0.122849
-0.117207
-0.036839
0.048025
0.061416
0.014663
-0.095870
-0.170868
-0.138658
-0.033617
0.098358
0.197638
0.206289
0.196206
0.171462
0.175532
0.207967
0.307560
0.348163
0.008515
-0.335077
-0.634267
-0.645424
-0.237927
0.284566
0.602303
0.660333
0.303856
-0.154056
-0.449392
-0.500790
-0.300861
0.001256
0.138930
0.179279
0.102334
0.030006
0.005164
0.044348
-0.074928
-0.178814
-0.250358
-0.222222
-0.025290
0.159723
0.178612
0.085373
-0.125453
-0.276380
-0.244535
-0.087782
0.128458
0.293771
0.283897
0.226877
0.129669
0.109986
0.166387
0.336992
0.379993
0.013869
-0.369698
-0.706823
-0.687296
-0.210146
0.352436
0.684499
0.691395
0.258389
-0.236019
-0.519678
-0.526593
-0.258496
0.054709
0.179816
0.178697
0.074293
-0.031624
-0.068304
-0.039191
-0.032297
-0.065059
-0.109269
-0.116715
-0.070467
0.016154
0.046582
0.009406
-0.082892
-0.147365
-0.134746
-0.040888
0.072854
0.168483
0.196481
0.194890
0.180482
0.179504
0.197786
0.280221
0.340949
0.026668
-0.307983
-0.601428
-0.649547
-0.277853
0.229139
0.562098
0.649493
0.335998
-0.117579
-0.419740
-0.502168
-0.324577
-0.033632
0.119713
0.165961
0.106631
0.001936
-0.055669
-0.051134
-0.070187
-0.077915
-0.102489
-0.104423
-0.048618
0.024249
0.036323
0.004773
-0.096990
-0.163484
-0.136400
-0.037284
0.085099
0.187781
0.203797
0.204233
0.175151
0.175325
0.194512
0.300272
0.307892
-0.031257
-0.361011
-0.641651
-0.618704
-0.196569
0.303530
0.607772
0.636177
0.263017
-0.182857
-0.464270
-0.503272
-0.284953
0.003158
0.139038
0.172235
0.096621
0.004175
-0.032082
-0.029663
-0.072981
-0.117207
-0.173174
-0.142435
-0.042017
0.071629
0.092251
0.027187
-0.119118
-0.198794
-0.172725
-0.040823
0.113877
0.228873
0.238257
0.220682
0.163429
0.168175
0.193671
0.341753
0.272719
-0.102119
-0.441652
-0.703638
-0.583887
-0.078361
0.416256
0.682383
0.612297
0.155362
-0.287441
-0.525104
-0.490994
-0.212869
0.065973
0.168683
0.170502
0.066652
-0.000620
-0.049006
-0.061264
-0.086356
-0.121502
-0.135830
-0.083172
-0.012681
0.058290
0.049814
-0.033125
-0.141326
-0.180539
-0.124024
0.016200
0.130693
0.201997
0.193552
0.183297
0.160199
0.194940
0.222117
0.355285
0.257023
-0.131708
-0.458103
-0.696965
-0.552231
-0.047596
0.422813
0.664605
0.582058
0.133569
-0.284340
-0.503875
-0.467959
-0.201232
0.058077
0.152922
0.160574
0.070640
0.021437
-0.006770
-0.025416
-0.088503
-0.179146
-0.227068
-0.146997
-0.004989
0.131246
0.139330
0.015220
-0.159326
-0.242674
-0.188559
-0.012572
0.155390
0.262920
0.257603
0.209545
0.143382
0.164656
0.210948
0.382048
0.228230
-0.173333
-0.524787
-0.746708
-0.524956
0.042400
0.515931
0.737158
0.563584
0.050366
-0.377065
-0.564428
-0.464657
-0.141289
0.109381
0.189069
0.158072
0.055450
-0.000719
-0.018500
-0.033965
-0.098683
-0.158556
-0.187884
-0.112566
0.005481
0.099778
0.084730
-0.018463
-0.161750
-0.204415
-0.137765
0.016950
0.156653
0.234256
0.211564
0.187110
0.147277
0.181150
0.223154
0.372708
0.243776
-0.153191
-0.487769
-0.715849
-0.528670
0.003702
0.465460
0.690561
0.560413
0.086468
-0.323486
-0.519167
-0.451490
-0.161798
0.081310
0.164672
0.153460
0.061842
-0.002496
-0.010319
-0.032279
-0.101688
-0.148030
-0.180236
-0.103173
0.020887
0.104824
0.080509
-0.023491
-0.173423
-0.210915
-0.139616
0.018594
0.166430
0.243178
0.214942
0.190847
0.145235
0.182235
0.230755
0.381403
0.237884
-0.160634
-0.503818
-0.723958
-0.518382
0.022680
0.485235
0.704242
0.553347
0.073769
-0.336544
-0.526795
-0.447595
-0.152460
0.086511
0.167193
0.149648
0.061690
0.012043
-0.002139
-0.010460
-0.088060
-0.178612
-0.221331
-0.142400
0.007381
0.139141
0.130389
0.005426
-0.168439
-0.238930
-0.175008
-0.003777
0.165183
0.267434
0.251869
0.213698
0.151443
0.168107
0.213720
0.373074
0.222625
-0.171177
-0.512469
-0.728738
-0.505210
0.046366
0.509349
0.720681
0.548738
0.046087
-0.365365
-0.547962
-0.445208
-0.132689
0.111685
0.182825
0.157265
0.050667
0.014990
0.031049
0.030318
-0.084647
-0.252132
-0.306433
-0.197902
0.029810
0.222542
0.209014
0.031681
-0.194426
-0.310565
-0.241057
-0.024424
0.195092
0.331300
0.302545
0.212642
0.112494
0.120065
0.189740
0.394533
0.271725
-0.138607
-0.509735
-0.765882
-0.550450
0.027447
0.525097
0.754310
0.574723
0.042166
-0.390827
-0.574096
-0.457037
-0.119509
0.132086
0.196113
0.150829
0.035495
-0.019320
-0.017648
-0.014789
-0.076845
-0.135932
-0.180540
-0.138298
-0.021935
0.082295
0.083772
0.007009
-0.139639
-0.201243
-0.149161
-0.010221
0.131828
0.225282
0.211971
0.203180
0.162126
0.178397
0.209765
0.346884
0.273677
-0.107586
-0.441923
-0.695280
-0.564937
-0.065919
0.413360
0.670169
0.592213
0.148016
-0.277904
-0.506372
-0.473898
-0.201877
0.058366
0.158863
0.160012
0.070010
-0.010802
-0.027557
-0.025249
-0.076599
-0.116406
-0.165320
-0.128140
-0.022112
0.074459
0.075555
0.002631
-0.140535
-0.194699
-0.148412
-0.012718
0.132863
0.227145
0.222569
0.214908
0.165099
0.180084
0.204586
0.337759
0.244835
-0.128495
-0.452472
-0.684254
-0.535825
-0.034167
0.429443
0.668534
0.569520
0.119619
-0.296261
-0.508588
-0.461927
-0.183938
0.069623
0.164369
0.161505
0.070094
-0.006522
-0.024567
-0.048652
-0.101678
-0.135266
-0.161393
-0.091820
0.016789
0.087825
0.066356
-0.029186
-0.167076
-0.196625
-0.129542
0.020162
0.160268
0.234546
0.223142
0.208854
0.161071
0.187851
0.227339
0.362637
0.180632
-0.200933
-0.525401
-0.703181
-0.456085
0.082689
0.509340
0.694145
0.499401
0.018906
-0.363791
-0.526348
-0.417738
-0.117255
0.102354
0.172616
0.145560
0.050951
0.020231
0.037262
0.041448
-0.129949
-0.278857
-0.305136
-0.178637
0.088433
0.257916
0.193706
-0.000071
-0.235568
-0.334699
-0.215776
0.006823
0.241344
0.357034
0.303126
0.200445
0.104513
0.111793
0.227195
0.410156
0.171291
-0.226582
-0.603616
-0.769688
-0.421170
0.184019
0.626319
0.777335
0.459812
-0.097716
-0.478614
-0.591094
-0.385258
-0.026058
0.173167
0.208860
0.125212
0.007012
-0.036184
-0.016515
-0.021591
-0.057750
-0.136372
-0.169009
-0.099470
0.006818
0.061637
0.039115
-0.054311
-0.157255
-0.150817
-0.075961
0.046710
0.145805
0.188785
0.170512
0.176179
0.162814
0.213033
0.246586
0.373142
0.233846
-0.163492
-0.482207
-0.697702
-0.509322
0.009107
0.452826
0.670225
0.544571
0.088731
-0.302418
-0.495037
-0.437727
-0.162481
0.065861
0.152300
0.152343
0.068923
-0.001036
-0.029782
-0.056629
-0.091581
-0.117060
-0.137077
-0.077853
0.005376
0.068424
0.049922
-0.038835
-0.158287
-0.178611
-0.109848
0.032824
0.161960
0.229736
0.221645
0.207322
0.164900
0.185241
0.223452
0.357188
0.158681
-0.206410
-0.521661
-0.686261
-0.429498
0.097040
0.502446
0.682102
0.477905
0.008092
-0.361544
-0.518490
-0.410050
-0.111329
0.096003
0.170227
0.142151
0.047156
-0.015946
-0.036379
-0.061491
-0.085102
-0.118006
-0.128987
-0.072506
0.005404
0.056169
0.038829
-0.050449
-0.148562
-0.158915
-0.087865
0.042495
0.155676
0.207725
0.214165
0.208306
0.189309
0.211041
0.261572
0.354758
0.073391
-0.289891
-0.592704
-0.684463
-0.338573
0.202862
0.569211
0.690713
0.405343
-0.073048
-0.409766
-0.522512
-0.368214
-0.065725
0.109744
0.170602
0.127147
0.042959
0.013282
0.019364
-0.033288
-0.122430
-0.240743
-0.233065
-0.099860
0.079762
0.178117
0.123119
-0.061795
-0.218626
-0.259446
-0.142111
0.057961
0.235169
0.298108
0.276231
0.190864
0.149910
0.156030
0.287120
0.354180
0.011016
-0.351640
-0.680762
-0.692149
-0.233235
0.333816
0.683640
0.721861
0.300413
-0.209738
-0.524666
-0.559064
-0.301628
0.028296
0.175887
0.201647
0.103516
0.003842
-0.048182
-0.036800
-0.045793
-0.073688
-0.130839
-0.143067
-0.089028
0.007692
0.064171
0.043847
-0.061720
-0.146749
-0.153382
-0.064060
0.058528
0.170880
0.212707
0.231655
0.205508
0.204531
0.204667
0.296021
0.313235
-0.040209
-0.373924
-0.653757
-0.632685
-0.186182
0.332804
0.640522
0.667851
0.274367
-0.192275
-0.479542
-0.521456
-0.292698
0.005476
0.144008
0.184371
0.110023
0.027875
-0.030915
-0.038318
-0.076798
-0.106702
-0.140778
-0.115234
-0.043927
0.046977
0.065085
0.013281
-0.102228
-0.168616
-0.144921
-0.028872
0.094701
0.198232
0.214572
0.220726
0.190953
0.201746
0.214816
0.337801
0.271942
-0.109628
-0.440417
-0.700204
-0.584305
-0.080927
0.415134
0.689661
0.631774
0.182224
-0.263277
-0.516165
-0.502077
-0.233351
0.041281
0.159175
0.178238
0.092880
0.030185
0.006033
-0.018360
-0.100320
-0.157614
-0.211132
-0.138511
-0.005541
0.107392
0.112750
0.019998
-0.145126
-0.213289
-0.169918
-0.015632
0.145990
0.248228
0.249463
0.229501
0.169085
0.183745
0.218933
0.368865
0.191590
-0.196454
-0.535671
-0.735559
-0.487564
0.077230
0.534027
0.745447
0.547564
0.038570
-0.376626
-0.562511
-0.456092
-0.136019
0.101384
0.187871
0.162656
0.063781
0.028278
0.035741
0.033792
-0.062631
-0.230271
-0.323330
-0.236748
-0.024675
0.190232
0.232397
0.079623
-0.146527
-0.286489
-0.254961
-0.061464
0.160023
0.314276
0.329436
0.252603
0.142422
0.126156
0.185075
0.386133
0.213399
-0.180642
-0.547415
-0.772139
-0.502985
0.096056
0.577650
0.791880
0.556257
-0.002213
-0.438332
-0.612673
-0.461376
-0.097342
0.153266
0.224428
0.165250
0.039343
-0.005060
0.000478
0.000125
-0.077207
-0.178197
-0.242835
-0.176374
-0.017046
0.130813
0.150008
0.039675
-0.142758
-0.234118
-0.188319
-0.022457
0.152388
0.267268
0.265071
0.228571
0.155449
0.164194
0.209041
0.379530
0.221305
-0.172275
-0.524137
-0.744096
-0.509212
0.057207
0.526631
0.746689
0.557051
0.042884
-0.382227
-0.570567
-0.461287
-0.129310
0.116489
0.199669
0.161816
0.054677
-0.024931
-0.049470
-0.040817
-0.070265
-0.100314
-0.134662
-0.102469
-0.026058
0.054044
0.051894
-0.015485
-0.128619
-0.161795
-0.110696
0.012346
0.130708
0.211060
0.210597
0.213673
0.180149
0.198135
0.220463
0.350112
0.190237
-0.180708
-0.492093
-0.691402
-0.478509
0.036740
0.470199
0.682444
0.531781
