-0.023989
0.008650
0.031689
0.037900
0.033982
0.031823
0.049039
0.080245
0.111733
0.126024
0.123500
0.127103
0.138682
0.151291
0.153668
0.140560
0.115289
0.079062
0.035195
-0.037413
-0.108140
-0.139907
-0.127945
-0.077977
-0.020879
0.007846
0.004476
-0.019450
-0.053475
-0.084997
-0.114979
-0.142006
-0.149782
-0.134731
-0.086715
-0.027900
0.003097
0.006959
-0.022252
-0.057872
-0.075392
-0.076281
-0.068141
-0.051751
-0.028666
0.004929
0.030504
0.044807
0.044182
0.041757
0.054725
0.078626
0.099822
0.113441
0.112642
0.120248
0.137316
0.146122
0.142265
0.133755
0.111137
0.083809
0.046062
-0.025530
-0.097717
-0.139631
-0.134597
-0.086397
-0.028890
0.004760
0.006819
-0.013716
-0.045934
-0.082163
-0.120271
-0.151979
-0.157570
-0.130979
-0.078469
-0.020709
0.006686
0.001831
-0.027475
-0.056502
-0.073455
-0.071258
-0.062687
-0.041120
-0.013728
0.015183
0.032191
0.041733
0.036570
0.040882
0.064132
0.094122
0.111202
0.122465
0.117793
0.125242
0.145335
0.156835
0.153177
0.141278
0.105816
0.071476
0.018830
-0.057338
-0.121164
-0.145312
-0.123741
-0.065547
-0.010175
0.011511
0.001342
-0.028778
-0.064325
-0.097334
-0.131313
-0.160767
-0.157517
-0.109415
-0.042083
0.008700
0.016796
-0.013911
-0.049420
-0.066145
-0.068086
-0.065703
-0.058600
-0.041294
-0.010434
0.027358
0.047706
0.045839
0.033725
0.036373
0.072786
0.111395
0.131022
0.129230
0.117073
0.124376
0.150583
0.168347
0.170799
0.150286
0.114316
0.069323
0.014711
-0.058376
-0.129160
-0.161406
-0.135339
-0.076524
-0.006982
0.019595
0.003347
-0.034132
-0.075454
-0.115327
-0.147592
-0.171988
-0.163663
-0.111404
-0.040922
0.009046
0.019172
-0.017175
-0.059132
-0.080742
-0.079926
-0.067468
-0.046327
-0.026730
0.001976
0.029714
0.042750
0.038654
0.035825
0.049602
0.082428
0.117473
0.137825
0.135742
0.124358
0.131454
0.150521
0.164935
0.165247
0.141418
0.102897
0.057739
-0.000847
-0.064389
-0.116710
-0.136049
-0.116947
-0.061524
-0.013850
0.008894
-0.008328
-0.045392
-0.092927
-0.133775
-0.160468
-0.162800
-0.136240
-0.078511
-0.025847
0.010284
0.007887
-0.024026
-0.059960
-0.077520
-0.075597
-0.055985
-0.034858
-0.007440
0.012092
0.029177
0.037816
0.036950
0.041219
0.068927
0.095858
0.123176
0.131618
0.130078
0.130848
0.144116
0.150513
0.157952
0.151281
0.133142
0.096359
0.053346
-0.015760
-0.082925
-0.125645
-0.130462
-0.098419
-0.047348
-0.014631
-0.002073
-0.019875
-0.050728
-0.094570
-0.136781
-0.167200
-0.162692
-0.121914
-0.063167
-0.015044
0.006807
-0.006110
-0.031203
-0.058944
-0.073460
-0.072422
-0.052797
-0.021943
0.009654
0.026028
0.031135
0.032058
0.036099
0.050366
0.083215
0.109868
0.122633
0.121278
0.124790
0.135028
0.158961
0.164300
0.154186
0.132216
0.111801
0.089927
0.048158
-0.017793
-0.087186
-0.131888
-0.130137
-0.084851
-0.037215
-0.006696
-0.009415
-0.031382
-0.061451
-0.095051
-0.134493
-0.158686
-0.158300
-0.112477
-0.049779
0.000455
0.011180
-0.010375
-0.045988
-0.064178
-0.070125
-0.063668
-0.049368
-0.024648
0.005592
0.031295
0.035683
0.032925
0.027941
0.042667
0.075358
0.108391
0.121971
0.135801
0.132161
0.142998
0.169385
0.180389
0.174474
0.153738
0.121163
0.088770
0.050171
-0.020705
-0.097787
-0.148932
-0.151399
-0.098037
-0.032257
0.001593
-0.002254
-0.032665
-0.072856
-0.113409
-0.150535
-0.180693
-0.172250
-0.119557
-0.053076
0.003400
0.016063
-0.015810
-0.053520
-0.074419
-0.078656
-0.065468
-0.049445
-0.026781
0.001685
0.029112
0.039477
0.039014
0.038756
0.052691
0.086526
0.125023
0.132480
0.137990
0.137411
0.141624
0.158004
0.159685
0.158590
0.154826
0.129167
0.098738
0.044045
-0.038834
-0.110354
-0.151773
-0.148375
-0.094933
-0.038355
-0.004785
-0.001753
-0.024536
-0.063085
-0.111636
-0.159140
-0.187139
-0.171948
-0.114128
-0.047067
0.000822
0.006117
-0.019882
-0.051518
-0.072120
-0.079673
-0.074578
-0.055612
-0.026695
0.006197
0.033893
0.041224
0.037126
0.034387
0.044723
0.078854
0.112196
0.123830
0.129742
0.135900
0.143876
0.167897
0.174122
0.159968
0.139648
0.115690
0.086126
0.045686
-0.027174
-0.095454
-0.140257
-0.141910
-0.097711
-0.043272
-0.013732
-0.012302
-0.035191
-0.074004
-0.117381
-0.159789
-0.180049
-0.157942
-0.106384
-0.047162
-0.004701
-0.002032
-0.025567
-0.051527
-0.072998
-0.077699
-0.070340
-0.050682
-0.021501
0.009785
0.028933
0.031332
0.026624
0.034412
0.056246
0.090137
0.113723
0.121049
0.122721
0.131092
0.148754
0.166700
0.170690
0.155098
0.130420
0.112240
0.085146
0.040311
-0.030721
-0.101741
-0.145374
-0.139643
-0.093476
-0.046559
-0.020333
-0.025734
-0.049897
-0.084909
-0.132314
-0.168004
-0.172267
-0.146187
-0.091847
-0.036658
-0.009095
-0.013585
-0.037252
-0.067933
-0.079575
-0.078468
-0.058000
-0.032422
-0.004034
0.015180
0.024743
0.025613
0.023548
0.028693
0.056495
0.093539
0.124398
0.134576
0.131504
0.128496
0.141504
0.158199
0.165404
0.157390
0.139259
0.110550
0.076099
0.023052
-0.048066
-0.106543
-0.148659
-0.143799
-0.098099
-0.046845
-0.012758
-0.012350
-0.042664
-0.091927
-0.142483
-0.175228
-0.172999
-0.141444
-0.088962
-0.036313
-0.007953
-0.010646
-0.031967
-0.062119
-0.077340
-0.078405
-0.061619
-0.036302
-0.006032
0.014332
0.023723
0.021583
0.026201
0.040386
0.071812
0.107825
0.128539
0.137473
0.147236
0.156253
0.171307
0.176960
0.170791
0.159965
0.144888
0.118891
0.077272
-0.002832
-0.081097
-0.144765
-0.165540
-0.129043
-0.074372
-0.031595
-0.012325
-0.029201
-0.058080
-0.099064
-0.152184
-0.191540
-0.192428
-0.154825
-0.088460
-0.027408
-0.003183
-0.012285
-0.042413
-0.074686
-0.086346
-0.084577
-0.068001
-0.035934
-0.000221
0.023781
0.039105
0.035457
0.028430
0.036425
0.069098
0.112822
0.144897
0.150061
0.146740
0.148315
0.159680
0.177527
0.182329
0.172972
0.149326
0.112149
0.062162
-0.009247
-0.097618
-0.165745
-0.176600
-0.128484
-0.057576
-0.002892
0.008703
-0.019236
-0.060155
-0.108025
-0.158652
-0.192976
-0.191378
-0.145118
-0.076800
-0.016997
0.004505
-0.011551
-0.048396
-0.073477
-0.083721
-0.075595
-0.062757
-0.039047
-0.016482
0.010950
0.027452
0.029842
0.030185
0.040383
0.069032
0.113866
0.136729
0.140144
0.138137
0.140275
0.171686
0.195564
0.192698
0.173737
0.139946
0.104817
0.074361
0.017468
-0.073375
-0.151863
-0.181046
-0.141639
-0.059659
0.000687
0.012426
-0.019841
-0.063871
-0.102075
-0.139760
-0.176995
-0.192289
-0.164727
-0.100827
-0.028833
0.012313
0.005193
-0.035514
-0.072314
-0.086810
-0.081224
-0.064173
-0.042066
-0.017230
0.015884
0.039577
0.043204
0.038940
0.038465
0.061458
0.111237
0.146131
0.154298
0.149605
0.135283
0.150910
0.183932
0.186982
0.179289
0.153164
0.110313
0.072475
0.008964
-0.080963
-0.148926
-0.177217
-0.143125
-0.067322
-0.007503
0.012201
-0.008655
-0.053667
-0.097819
-0.142315
-0.184668
-0.196025
-0.162759
-0.096663
-0.022160
0.017117
0.009536
-0.027624
-0.068464
-0.091061
-0.091089
-0.077274
-0.046136
-0.008103
0.024198
0.046906
0.046943
0.035707
0.032955
0.056700
0.098019
0.132810
0.142908
0.145091
0.151955
0.168949
0.187436
0.188910
0.161839
0.136432
0.102057
0.066904
0.012760
-0.068446
-0.143055
-0.166384
-0.127395
-0.061195
-0.009000
-0.002361
-0.026725
-0.061271
-0.095399
-0.134086
-0.171500
-0.187716
-0.155398
-0.096362
-0.030152
0.002432
-0.006937
-0.043701
-0.071883
-0.084904
-0.078554
-0.066122
-0.044526
-0.013669
0.019174
0.038910
0.045746
0.039731
0.042934
0.065255
0.102917
0.130110
0.138850
0.139652
0.144029
0.165841
0.187284
0.188466
0.167846
0.137576
0.102253
0.055788
-0.010513
-0.091916
-0.149542
-0.161217
-0.117134
-0.055929
-0.012525
-0.007683
-0.031073
-0.066553
-0.103400
-0.152421
-0.188971
-0.191481
-0.149247
-0.076958
-0.014613
0.004259
-0.014651
-0.049559
-0.073539
-0.080462
-0.077819
-0.064386
-0.041027
-0.011126
0.021045
0.038932
0.038603
0.031107
0.038185
0.070841
0.111280
0.133483
0.137685
0.131305
0.141858
0.173005
0.186188
0.180347
0.157748
0.121951
0.095802
0.063442
-0.007530
-0.087232
-0.159154
-0.178622
-0.125503
-0.051341
-0.002686
0.006527
-0.030552
-0.074960
-0.110094
-0.153511
-0.184503
-0.181951
-0.145714
-0.078959
-0.014763
0.002480
-0.013793
-0.048650
-0.077485
-0.083184
-0.076985
-0.068453
-0.042075
-0.011027
0.023886
0.045455
0.043994
0.033093
0.039692
0.068955
0.117098
0.148008
0.155402
0.148125
0.150874
0.169457
0.188734
0.188753
0.167466
0.134949
0.097933
0.037356
-0.049244
-0.141916
-0.184673
-0.164317
-0.092825
-0.020165
0.012229
-0.000106
-0.034014
-0.076621
-0.115622
-0.161718
-0.199539
-0.193874
-0.137149
-0.057695
0.008658
0.019494
-0.012638
-0.052270
-0.080543
-0.088644
-0.082274
-0.071470
-0.044079
-0.004826
0.028840
0.048390
0.042666
0.028627
0.035763
0.072935
0.117524
0.142211
0.143400
0.131879
0.145898
0.172146
0.191803
0.200802
0.182894
0.147290
0.107375
0.047631
-0.045290
-0.134276
-0.191537
-0.177323
-0.104842
-0.022385
0.023178
0.018127
-0.024711
-0.071743
-0.114917
-0.160832
-0.197653
-0.195925
-0.145097
-0.066225
0.001816
0.017745
-0.010213
-0.053963
-0.080384
-0.082487
-0.076985
-0.064398
-0.039107
-0.009922
0.024753
0.040992
0.037865
0.029972
0.042220
0.073976
0.121642
0.144562
0.152119
0.148786
0.152808
0.181930
0.201371
0.202512
0.186462
0.146768
0.098684
0.039489
-0.061392
-0.154076
-0.199368
-0.173238
-0.092208
-0.005109
0.031347
0.023006
-0.022501
-0.073473
-0.117110
-0.162433
-0.197438
-0.195456
-0.144492
-0.061962
0.009572
0.026733
-0.006814
-0.057270
-0.091227
-0.090575
-0.076933
-0.060269
-0.039202
-0.013581
0.017605
0.039205
0.039605
0.030040
0.030901
0.064712
0.121058
0.156731
0.158239
0.144176
0.140071
0.165000
0.198806
0.212300
0.192073
0.147560
0.099256
0.050649
-0.044877
-0.138417
-0.186806
-0.177106
-0.097146
-0.011506
0.028192
0.024302
-0.014168
-0.061964
-0.101486
-0.151182
-0.190740
-0.199041
-0.157504
-0.076710
-0.002195
0.021906
0.003000
-0.044075
-0.073997
-0.079354
-0.075141
-0.068251
-0.051355
-0.024002
0.015017
0.042518
0.050289
0.041424
0.040207
0.058795
0.104470
0.137487
0.148270
0.138389
0.134112
0.147852
0.179943
0.195476
0.191742
0.165669
0.123812
0.080012
0.024978
-0.065618
-0.140242
-0.174996
-0.150670
-0.073306
-0.004967
0.021059
0.009574
-0.033789
-0.079256
-0.120193
-0.168005
-0.194174
-0.175108
-0.115993
-0.039938
0.013409
0.011342
-0.019476
-0.058658
-0.076682
-0.076834
-0.070257
-0.055982
-0.025327
0.004591
0.036273
0.047764
0.045869
0.037669
0.045523
0.078335
0.118566
0.142449
0.153331
0.154616
0.156692
0.176000
0.190086
0.195358
0.184869
0.153392
0.102408
0.043757
-0.049706
-0.134201
-0.174024
-0.157552
-0.090594
-0.015312
0.017021
0.013968
-0.018754
-0.063003
-0.102347
-0.149733
-0.191934
-0.192038
-0.142397
-0.064562
0.007375
0.024526
-0.003552
-0.047517
-0.075491
-0.082728
-0.075023
-0.065833
-0.047443
-0.016015
0.021165
0.045537
0.049494
0.034936
0.035123
0.058110
0.103146
0.136391
0.141704
0.137192
0.138579
0.154321
0.187067
0.197937
0.184194
0.166743
0.124810
0.086350
0.031019
-0.073409
-0.149231
-0.182356
-0.149917
-0.061187
0.005157
0.022343
0.005868
-0.042500
-0.081630
-0.116088
-0.166398
-0.190788
-0.171243
-0.116834
-0.036263
0.013690
0.009475
-0.020293
-0.062332
-0.083052
-0.077158
-0.069073
-0.052487
-0.022350
0.009094
0.041642
0.050191
0.035278
0.027214
0.043832
0.081454
0.127825
0.143995
0.141411
0.136943
0.147291
0.179955
0.202110
0.196985
0.164099
0.122056
0.087215
0.044400
-0.040056
-0.125263
-0.178402
-0.162612
-0.086189
-0.009111
0.022046
0.005951
-0.038120
-0.077276
-0.106640
-0.145138
-0.183708
-0.185389
-0.141124
-0.063460
0.003065
0.014865
-0.018660
-0.060586
-0.082027
-0.074367
-0.060730
-0.051336
-0.037951
-0.012693
0.016675
0.041247
0.041661
0.027668
0.029962
0.060884
0.108837
0.141223
0.139246
0.130086
0.131314
0.162576
0.188258
0.187958
0.165635
0.138781
0.109417
0.083699
0.017536
-0.080371
-0.164297
-0.187269
-0.138273
-0.054540
0.007012
0.015910
-0.014715
-0.056810
-0.090312
-0.125446
-0.172982
-0.200392
-0.173713
-0.106127
-0.020030
0.025138
0.008296
-0.040264
-0.080050
-0.093751
-0.077457
-0.059766
-0.037857
-0.014787
0.012741
0.036705
0.043977
0.034592
0.027371
0.039457
0.084799
0.131197
0.144612
0.137748
0.124534
0.138210
0.163992
0.181950
0.174482
0.148121
0.105731
0.067143
0.014895
-0.055665
-0.120326
-0.156491
-0.144571
-0.089962
-0.028556
-0.002695
-0.009086
-0.049974
-0.095358
-0.135033
-0.174926
-0.180764
-0.150983
-0.099943
-0.036004
-0.001472
-0.009655
-0.032518
-0.061438
-0.076904
-0.072379
-0.064507
-0.043378
-0.011299
0.011793
0.030266
0.035173
0.023847
0.033549
0.060569
0.096438
0.127250
0.130439
0.134479
0.140573
0.157165
0.177177
0.170490
0.150725
0.128465
0.093080
0.061096
-0.003979
-0.075354
-0.135410
-0.153527
-0.123611
-0.066997
-0.026570
-0.011501
-0.030511
-0.069703
-0.110395
-0.155241
-0.182389
-0.171050
-0.133388
-0.074663
-0.022513
-0.006415
-0.017572
-0.047229
-0.075067
-0.083771
-0.075088
-0.055284
-0.025840
0.001625
0.025715
0.035483
0.029011
0.028958
0.044271
0.069460
0.107004
0.125616
0.134972
0.140660
0.148413
0.160570
0.175144
0.170988
0.151151
0.119596
0.071009
0.012468
-0.053372
-0.116596
-0.147415
-0.133293
-0.097624
-0.051523
-0.024946
-0.028030
-0.056590
-0.099368
-0.143280
-0.167417
-0.162738
-0.132908
-0.085471
-0.040909
-0.016676
-0.017766
-0.040777
-0.067920
-0.079616
-0.068470
-0.049446
-0.028278
-0.008736
0.005364
0.016700
0.022289
0.024183
0.033437
0.062494
0.100860
0.130953
0.134710
0.137845
0.138639
0.153216
0.164759
0.165295
0.148282
0.117403
0.075781
0.039205
-0.022788
-0.086681
-0.135586
-0.146802
-0.116438
-0.061681
-0.026777
-0.022042
-0.054750
-0.098342
-0.132816
-0.154485
-0.154320
-0.134541
-0.098358
-0.055239
-0.024824
-0.020082
-0.033838
-0.061427
-0.077744
-0.073573
-0.054914
-0.025741
0.004068
0.019577
0.023004
0.019593
0.021529
0.033592
0.066332
0.105754
0.132496
0.139808
0.136000
0.136615
0.151017
0.162231
0.160912
0.143283
0.111738
0.075323
0.039719
-0.015759
-0.076988
-0.118859
-0.138745
-0.112952
-0.069611
-0.038777
-0.031759
-0.056007
-0.093726
-0.123665
-0.143412
-0.145710
-0.126367
-0.095522
-0.055942
-0.029289
-0.025422
-0.037915
-0.051780
-0.060290
-0.055355
-0.045464
-0.032443
-0.014342
0.007732
0.020155
0.030211
0.031508
0.038595
0.062841
0.103596
0.123865
0.128385
0.126307
0.134937
0.157193
0.169027
0.158658
0.137306
0.103678
0.073076
0.051918
0.011833
-0.046398
-0.098708
-0.131648
-0.125353
-0.083661
-0.052440
-0.041684
-0.058094
-0.086963
-0.109961
-0.119973
-0.132645
-0.122453
-0.104495
-0.073163
-0.037316
-0.018555
-0.025932
-0.041662
-0.061301
-0.057100
-0.040374
-0.021801
-0.005335
0.003379
0.012208
0.025247
0.037923
0.049991
0.072550
0.102009
0.119600
0.125963
0.136825
0.142187
0.164752
0.184875
0.174943
0.157007
0.116786
0.071737
0.032996
-0.017505
-0.068565
-0.114319
-0.132568
-0.109210
-0.062451
-0.026119
-0.021371
-0.053296
-0.098758
-0.132142
-0.145093
-0.139552
-0.122525
-0.092007
-0.055598
-0.024335
-0.013734
-0.023428
-0.046724
-0.061380
-0.060637
-0.043722
-0.019436
0.002317
0.014563
0.024657
0.021671
0.028251
0.040896
0.062188
0.099932
0.129077
0.135238
0.133374
0.140598
0.151990
0.172259
0.171113
0.147252
0.114284
0.080014
0.038875
0.000206
-0.051168
-0.104199
-0.129815
-0.118364
-0.076683
-0.036822
-0.028080
-0.050560
-0.085223
-0.117653
-0.126841
-0.126012
-0.117698
-0.096174
-0.063949
-0.037018
-0.020681
-0.025524
-0.040485
-0.052732
-0.053406
-0.042453
-0.022246
-0.006149
0.012029
0.019399
0.024152
0.029128
0.040239
0.062191
0.100262
0.124572
0.133789
0.134415
0.128205
0.146737
0.167717
0.170799
0.163867
0.137062
0.088480
0.051699
0.002860
-0.057194
-0.112653
-0.140769
-0.128347
-0.076664
-0.032015
-0.013441
-0.034921
-0.077246
-0.116525
-0.139324
-0.145932
-0.129768
-0.099242
-0.059357
-0.025638
-0.012457
-0.025997
-0.050176
-0.067597
-0.065340
-0.043992
-0.019283
-0.001264
0.012048
0.015552
0.016289
0.020389
0.026989
0.048777
0.085020
0.117459
0.134543
0.137016
0.134852
0.139264
0.157553
0.175260
0.168689
0.143385
0.110465
0.066693
0.015866
-0.044544
-0.115374
-0.148845
-0.136980
-0.089588
-0.030861
-0.002749
-0.019545
-0.064046
-0.114922
-0.154940
-0.166046
-0.158360
-0.129644
-0.081505
-0.035320
-0.008594
-0.008681
-0.039634
-0.070117
-0.080929
-0.070005
-0.043316
-0.014702
0.002324
0.017325
0.024707
0.027803
0.032848
0.047213
0.070461
0.108509
0.139474
0.147731
0.144024
0.148202
0.161335
0.178444
0.185782
0.165180
0.136036
0.091393
0.043812
-0.016489
-0.085504
-0.147078
-0.156805
-0.122476
-0.062276
-0.011564
-0.009800
-0.047540
-0.095045
-0.136047
-0.154914
-0.152571
-0.141636
-0.105338
-0.059554
-0.023612
-0.007231
-0.025524
-0.062701
-0.077836
-0.073496
-0.047896
-0.020577
-0.002401
0.009266
0.023306
0.023674
0.029961
0.036633
0.056260
0.095960
0.140839
0.149172
0.143514
0.129568
0.137532
0.171452
0.203594
0.197807
0.165138
0.105488
0.053540
0.005315
-0.058232
-0.124569
-0.158793
-0.148517
-0.092266
-0.025462
0.002742
-0.016185
-0.071301
-0.126274
-0.161214
-0.166010
-0.153168
-0.117509
-0.073678
-0.029366
-0.006559
-0.010003
-0.039206
-0.067184
-0.079779
-0.060905
-0.033999
-0.006819
0.007725
0.017978
0.021862
0.025270
0.032677
0.048477
0.079232
0.123955
0.142278
0.148308
0.143767
0.141789
0.156862
0.176062
0.182781
0.175735
0.139193
0.086007
0.035516
-0.032291
-0.096749
-0.136854
-0.144919
-0.108134
-0.052256
-0.020558
-0.017233
-0.052603
-0.099986
-0.136296
-0.154784
-0.156049
-0.130509
-0.093292
-0.048692
-0.014265
-0.013168
-0.037355
-0.065920
-0.080197
-0.064939
-0.037724
-0.014564
0.003984
0.015828
0.024181
0.026761
0.024850
0.033365
0.059404
0.100561
0.139378
0.150596
0.129289
0.123586
0.140384
0.170155
0.193749
0.182824
0.151602
0.105090
0.062297
0.028844
-0.023604
-0.091080
-0.143956
-0.160680
-0.119110
-0.054754
-0.017110
-0.019222
-0.057853
-0.107567
-0.132045
-0.146783
-0.143958
-0.121892
-0.091288
-0.051354
-0.015794
-0.008889
-0.026229
-0.059253
-0.076911
-0.067164
-0.036728
-0.006817
0.009011
0.013807
0.018760
0.033321
0.046256
0.062217
0.085371
0.118714
0.143098
0.156494
0.155750
0.160351
0.180918
0.194795
0.188116
0.173494
0.130649
0.094833
0.063536
0.010102
-0.061580
-0.127378
-0.167502
-0.150608
-0.094738
-0.048639
-0.029798
-0.050387
-0.095819
-0.126677
-0.149208
-0.157449
-0.146710
-0.129129
-0.091112
-0.040607
-0.011238
-0.012514
-0.036763
-0.069928
-0.078326
-0.058462
-0.029973
-0.001170
0.014062
0.020552
0.033010
0.040177
0.050374
0.072134
0.104613
0.135474
0.152588
0.156153
0.155066
0.172496
0.188454
0.192130
0.186868
0.158991
0.118490
0.066395
0.020692
-0.045396
-0.111472
-0.152366
-0.155851
-0.118593
-0.067890
-0.042227
-0.043898
-0.076948
-0.118273
-0.150546
-0.169382
-0.165893
-0.134691
-0.091139
-0.048109
-0.020839
-0.023605
-0.044567
-0.070265
-0.078870
-0.061186
-0.031134
-0.010584
0.007486
0.019436
0.025492
0.029122
0.034798
0.049039
0.090398
0.127397
0.142437
0.146646
0.146306
0.162889
0.194015
0.199103
0.188888
0.168296
0.133194
0.097450
0.060591
-0.008047
-0.091782
-0.159587
-0.189689
-0.150049
-0.077296
-0.034175
-0.026112
-0.060618
-0.110083
-0.141829
-0.167934
-0.179010
-0.158888
-0.119990
-0.066949
-0.022083
-0.017240
-0.039659
-0.066628
-0.080944
-0.068887
-0.045603
-0.028347
-0.010450
0.006724
0.014048
0.022769
0.025627
0.030972
0.056264
0.108285
0.149232
0.160486
0.147027
0.140483
0.153581
0.191995
0.201238
0.189987
0.157140
0.120002
0.081916
0.049572
-0.029452
-0.135146
-0.185936
-0.183167
-0.124340
-0.041603
-0.022773
-0.042942
-0.089140
-0.139242
-0.158518
-0.166672
-0.173171
-0.148462
-0.107338
-0.057983
-0.015800
-0.017691
-0.054582
-0.080442
-0.090848
-0.071957
-0.041384
-0.030441
-0.015254
0.007809
0.017611
0.027060
0.031105
0.036830
0.070331
0.120773
0.145628
0.151058
0.153598
0.153117
0.178834
0.203541
0.211454
0.197124
0.163936
0.111463
0.069400
0.013839
-0.080309
-0.160153
-0.191727
-0.164387
-0.082226
-0.023637
-0.023442
-0.054680
-0.110731
-0.151361
-0.168144
-0.183201
-0.174500
-0.135599
-0.086025
-0.031294
-0.004205
-0.030073
-0.075969
-0.106168
-0.105449
-0.067102
-0.027779
-0.009920
-0.002253
0.002296
0.012896
0.022495
0.022648
0.031295
0.071376
0.120140
0.153892
0.162263
0.150867
0.152554
0.174968
0.197842
0.212732
0.197683
0.161816
0.123554
0.075022
0.010538
-0.090383
-0.179839
-0.206773
-0.168954
-0.090646
-0.015856
-0.010051
-0.047486
-0.110158
-0.165080
-0.200543
-0.208599
-0.192215
-0.142275
-0.079856
-0.029908
-0.014529
-0.038058
-0.078765
-0.098684
-0.092807
-0.068256
-0.039147
-0.027660
-0.020691
-0.006991
0.008181
0.023079
0.029947
0.042790
0.088931
0.145356
0.174085
0.170016
0.144560
0.149218
0.187949
0.238886
0.251644
0.221528
0.166136
0.105213
0.068146
0.004797
-0.101281
-0.182835
-0.211000
-0.169867
-0.076087
-0.020215
-0.019778
-0.058079
-0.117653
-0.160015
-0.184491
-0.206560
-0.191634
-0.144152
-0.079377
-0.023681
-0.007856
-0.043254
-0.085549
-0.110427
-0.101296
-0.067211
-0.036671
-0.016512
-0.001247
0.007847
0.014543
0.014943
0.017260
0.042576
0.093357
0.145995
0.174410
0.170923
0.145313
0.149183
0.178094
0.210477
0.226233
0.215836
0.186175
0.144977
0.100961
0.027900
-0.089222
-0.179255
-0.216706
-0.178058
-0.092384
-0.022733
-0.012914
-0.044009
-0.103917
-0.156481
-0.190894
-0.210392
-0.197785
-0.148834
-0.084375
-0.024990
-0.008168
-0.037687
-0.076813
-0.101030
-0.098115
-0.071546
-0.041193
-0.017012
0.006225
0.015026
0.016865
0.015559
0.016449
0.041358
0.087100
0.139670
0.172239
0.166460
0.152283
0.151662
0.181496
0.225370
0.248506
0.230105
0.194302
0.134730
0.074244
0.009553
-0.088175
-0.169725
-0.200960
-0.175520
-0.092246
-0.022225
0.002342
-0.032819
-0.094753
-0.158557
-0.194782
-0.211849
-0.195300
-0.152638
-0.088963
-0.030487
-0.001425
-0.020630
-0.059208
-0.099492
-0.104354
-0.078872
-0.042698
-0.018009
0.001131
0.008886
0.018452
0.020355
0.025571
0.046079
0.088341
0.132559
0.167082
0.163130
0.141627
0.150053
0.176259
0.209175
0.236479
0.224423
0.193288
0.155437
0.084893
0.031929
-0.058612
-0.155702
-0.193610
-0.170862
-0.109795
-0.027354
-0.009657
-0.035779
-0.082085
-0.144222
-0.182926
-0.193775
-0.192740
-0.148490
-0.083988
-0.033724
-0.001670
-0.022069
-0.073382
-0.098518
-0.103269
-0.080074
-0.035867
-0.008616
0.009502
0.027105
0.024023
0.019133
0.021392
0.036592
0.083799
0.142134
0.169358
0.167733
0.157294
0.154335
0.187238
0.233091
0.254658
0.255202
0.221046
0.152423
0.093052
0.028870
-0.062527
-0.140575
-0.184576
-0.188076
-0.128443
-0.061548
-0.027335
-0.031970
-0.087122
-0.155736
-0.194126
-0.216748
-0.196336
-0.152546
-0.108951
-0.061805
-0.028636
-0.033397
-0.052740
-0.083925
-0.096628
-0.074645
-0.040161
-0.013033
0.009445
0.013076
0.014505
0.023517
0.033906
0.056365
0.100736
0.147414
0.174410
0.174863
0.169605
0.171016
0.206531
0.243226
0.247200
0.217398
0.174364
0.118788
0.084221
0.025170
-0.064975
-0.147617
-0.192636
-0.183601
-0.119915
-0.056316
-0.032174
-0.049214
-0.104280
-0.153128
-0.186808
-0.204061
-0.188582
-0.148949
-0.095968
-0.040710
-0.016653
-0.029241
-0.058761
-0.090981
-0.095841
-0.072470
-0.040845
-0.012865
0.017940
0.030886
0.037888
0.035603
0.035308
0.064972
0.110492
0.148326
0.173501
0.166879
0.156044
0.171648
0.199609
0.227054
0.244238
0.217011
0.161057
0.111371
0.059201
0.005362
-0.078192
-0.160822
-0.202557
-0.192442
-0.119127
-0.041965
-0.023498
-0.061910
-0.125529
-0.182602
-0.214132
-0.207761
-0.185707
-0.141263
-0.088646
-0.040584
-0.017410
-0.032827
-0.076485
-0.104174
-0.103098
-0.070614
-0.022497
0.008477
0.024573
0.031192
0.034842
0.040638
0.055287
0.082545
0.137582
0.181904
0.196379
0.197767
0.197900
0.212930
0.253257
0.262059
0.245444
0.195696
0.132533
0.075453
0.026320
-0.055527
-0.146986
-0.199537
-0.195909
-0.135381
-0.057968
-0.028924
-0.049871
-0.111139
-0.170638
-0.202637
-0.206639
-0.191459
-0.151984
-0.102868
-0.053182
-0.021222
-0.025253
-0.061743
-0.094499
-0.103019
-0.079757
-0.035948
-0.003657
0.017471
0.027347
0.027577
0.035523
0.047912
0.068898
0.115452
0.171057
0.193813
0.198632
0.188597
0.188673
0.211439
0.239679
0.248102
0.243041
0.199014
0.133950
0.057436
-0.009830
-0.101950
-0.169186
-0.213794
-0.194142
-0.114663
-0.031010
-0.003106
-0.040029
-0.126039
-0.195111
-0.226398
-0.216870
-0.178895
-0.127332
-0.075221
-0.032363
-0.017074
-0.038090
-0.071275
-0.099062
-0.094032
-0.061374
-0.012386
0.024115
0.042753
0.032157
0.018827
0.025729
0.047684
0.091303
0.149745
0.189049
0.198460
0.195470
0.199474
0.214047
0.243876
0.250815
0.235971
0.208441
0.153205
0.097457
0.029763
-0.083585
-0.168457
-0.204126
-0.202360
-0.127635
-0.047201
-0.016717
-0.020619
-0.086490
-0.167597
-0.211842
-0.235171
-0.212781
-0.151596
-0.090203
-0.030747
0.000628
-0.021946
-0.066478
-0.103289
-0.120503
-0.089597
-0.045502
-0.001719
0.031818
0.036821
0.032218
0.035059
0.043243
0.072006
0.127436
0.180289
0.218345
0.226631
0.207087
0.215948
0.258406
0.290328
0.299353
0.256793
0.165938
0.093262
0.042186
-0.045094
-0.130186
-0.198425
-0.222610
-0.160763
-0.065527
-0.017314
-0.018962
-0.087357
-0.172329
-0.218455
-0.238519
-0.226682
-0.180168
-0.132353
-0.067148
-0.013973
-0.018216
-0.055161
-0.097799
-0.121990
-0.094460
-0.051930
-0.012753
0.019079
0.025324
0.026004
0.027575
0.032310
0.055759
0.108765
0.174564
0.218847
0.227737
0.204438
0.185244
0.211584
0.256367
0.294911
0.283998
0.227344
0.152374
0.078607
0.031917
-0.081959
-0.181629
-0.236425
-0.230402
-0.136831
-0.027970
-0.001191
-0.025004
-0.106863
-0.203350
-0.234683
-0.237516
-0.214498
-0.163659
-0.110449
-0.058746
-0.010987
-0.025307
-0.069364
-0.111826
-0.127775
-0.098479
-0.037871
0.003008
0.030041
0.029406
0.022713
0.024474
0.042034
0.074164
0.134382
0.186152
0.213757
0.204091
0.187653
0.192775
0.232802
0.266517
0.274429
0.244887
0.193138
0.130034
0.086555
0.009748
-0.116432
-0.207582
-0.250668
-0.215624
-0.105542
-0.017466
-0.010736
-0.054852
-0.148578
-0.210549
-0.231882
-0.235808
-0.214572
-0.162098
-0.109186
-0.039468
-0.011680
-0.036868
-0.080888
-0.114774
-0.117812
-0.074232
-0.033622
-0.000412
0.019805
0.026188
0.028302
0.043005
0.047879
0.073105
0.123893
0.173230
0.194684
0.196999
0.190851
0.212340
0.260602
0.272712
0.254855
0.217795
0.166808
0.112196
0.072819
-0.022229
-0.141052
-0.217651
-0.231766
-0.177058
-0.082705
-0.035483
-0.038102
-0.089325
-0.163358
-0.208786
-0.232324
-0.240054
-0.203418
-0.146619
-0.086863
-0.029926
-0.019967
-0.055865
-0.094404
-0.122391
-0.114498
-0.072937
-0.036979
-0.000364
0.018066
0.022074
0.029354
0.036822
0.045903
0.074218
0.129386
0.175929
0.194787
0.202402
0.203202
0.228250
0.254620
0.262613
0.257451
0.231981
0.182743
0.118388
0.047334
-0.096817
-0.208642
-0.241868
-0.229548
-0.135261
-0.045473
-0.026158
-0.041827
-0.099647
-0.182117
-0.229193
-0.268255
-0.268638
-0.205114
-0.121826
-0.047889
-0.001937
-0.028646
-0.079701
-0.119956
-0.136326
-0.112136
-0.066522
-0.029765
0.007419
0.027223
0.028683
0.028438
0.023125
0.033960
0.081477
0.152552
0.197201
0.206684
0.196982
0.195984
0.222501
0.264623
0.280096
0.270025
0.222794
0.158086
0.077667
-0.018008
-0.147392
-0.233844
-0.244066
-0.195971
-0.092077
-0.020158
-0.019652
-0.065437
-0.130977
-0.204360
-0.237261
-0.260698
-0.251600
-0.189790
-0.099997
-0.029415
0.003505
-0.041235
-0.102213
-0.139786
-0.140336
-0.106037
-0.054278
-0.021414
0.010228
0.028703
0.032161
0.025869
0.024935
0.036321
0.085974
0.158748
0.200173
0.199957
0.180068
0.180099
0.224056
0.273431
0.286991
0.259470
0.207418
0.133127
0.091823
-0.001151
-0.155848
-0.244976
-0.267648
-0.208408
-0.073215
0.004250
-0.005787
-0.057898
-0.149231
-0.215020
-0.238165
-0.257825
-0.244828
-0.183393
-0.113296
-0.029861
0.004251
-0.041997
-0.105552
-0.144296
-0.147616
-0.099563
-0.047784
-0.012806
0.018783
0.031348
0.032871
0.031091
0.025273
0.039708
0.100525
0.165583
0.212550
0.211483
0.198749
0.205808
0.240160
0.275081
0.280278
0.248558
0.185931
0.115814
0.056522
-0.042205
-0.175430
-0.234595
-0.242149
-0.172481
-0.055242
-0.005099
-0.019693
-0.078448
-0.170986
-0.228988
-0.254386
-0.260703
-0.217629
-0.144392
-0.072627
-0.013763
-0.014975
-0.067871
-0.115666
-0.144850
-0.121055
-0.069393
-0.029080
0.002040
0.014938
0.013721
0.016810
0.020192
0.027971
0.068783
0.134737
0.199165
0.217872
0.192239
0.166901
0.186739
0.238089
0.293952
0.299107
0.268212
0.206409
0.133131
0.057640
-0.063984
-0.202012
-0.260733
-0.239201
-0.139564
-0.013747
0.029877
-0.009152
-0.086283
-0.177260
-0.231798
-0.254922
-0.258313
-0.215704
-0.139163
-0.059878
0.006904
0.005571
-0.057555
-0.118334
-0.148988
-0.129908
-0.073861
-0.030705
-0.002341
0.021374
0.033040
0.038206
0.039605
0.044312
0.069520
0.125413
0.186750
0.222492
0.220616
0.207018
0.217827
0.245152
0.276737
0.278898
0.258151
0.202938
0.122348
0.048297
-0.086029
-0.203908
-0.238891
-0.224676
-0.124500
-0.016388
0.008651
-0.019259
-0.084710
-0.175269
-0.221094
-0.250915
-0.251710
-0.194799
-0.116719
-0.044746
0.011276
-0.014293
-0.068825
-0.108054
-0.129820
-0.110191
-0.063164
-0.029436
0.005374
0.028857
0.039060
0.040483
0.036717
0.029222
0.070940
0.142373
0.208792
0.236380
0.222432
0.188029
0.204263
0.247864
0.280820
0.293241
0.255661
0.184037
0.117976
0.044550
-0.069204
-0.163592
-0.217125
-0.213279
-0.139570
-0.046372
-0.006444
-0.009644
-0.080344
-0.161256
-0.218273
-0.247712
-0.240378
-0.185071
-0.124372
-0.051462
-0.005362
-0.011822
-0.046235
-0.088873
-0.121895
-0.103000
-0.068341
-0.028014
0.012875
0.032993
0.041154
0.045634
0.043150
0.057059
0.091007
0.147748
0.208795
0.222629
0.208025
0.199673
0.212324
0.255856
0.304755
0.294778
0.248756
0.178961
0.107395
0.046540
-0.056318
-0.168142
-0.220834
-0.214505
-0.148263
-0.039498
0.003518
-0.012619
-0.076084
-0.167443
-0.226734
-0.241022
-0.236453
-0.187525
-0.122688
-0.057325
-0.002409
0.001769
-0.045592
-0.094123
-0.129599
-0.121085
-0.064531
-0.012371
0.031241
0.055616
0.047891
0.035986
0.031015
0.040055
0.084760
0.152789
0.200132
0.211169
0.207153
0.193437
0.213594
0.247116
0.266119
0.264163
0.238381
0.183672
0.126119
0.071812
-0.033058
-0.137620
-0.200758
-0.219937
-0.156001
-0.070345
-0.023559
-0.023322
-0.072733
-0.152722
-0.200047
-0.229045
-0.231738
-0.191431
-0.136651
-0.074624
-0.015098
-0.009969
-0.042464
-0.083474
-0.117812
-0.107987
-0.068950
-0.027609
0.016934
0.037989
0.043699
0.051202
0.043567
0.055433
0.090925
0.137540
0.185769
0.201395
0.195761
0.194503
0.215479
0.239376
0.260059
0.257729
0.224231
0.179873
0.119558
0.070353
-0.010803
-0.101847
-0.182938
-0.218049
-0.185171
-0.099205
-0.038314
-0.028566
-0.070404
-0.137799
-0.188190
-0.213855
-0.218923
-0.193757
-0.147285
-0.089626
-0.036006
-0.016415
-0.036348
-0.075867
-0.104315
-0.097592
-0.064382
-0.023654
0.008866
0.027116
0.031157
0.040941
0.047404
0.061447
0.086487
0.134991
0.171676
0.178832
0.184865
0.194093
0.219347
0.255639
0.272550
0.254655
0.227300
0.184022
0.140089
0.088086
0.008118
-0.105779
-0.197971
-0.227204
-0.180719
-0.096522
-0.035704
-0.031060
-0.074479
-0.137923
-0.185210
-0.215282
-0.223073
-0.199971
-0.151208
-0.089864
-0.033091
-0.011711
-0.034656
-0.081703
-0.115806
-0.112291
-0.067506
-0.016789
0.014138
0.024797
0.025898
0.031564
0.050494
0.061915
0.088040
0.134497
0.169628
0.184724
0.200293
0.199463
0.211169
0.241480
0.260330
0.260582
0.241487
0.187252
0.116075
0.064109
-0.012504
-0.108140
-0.177154
-0.212227
-0.189340
-0.106162
-0.048711
-0.030746
-0.066828
-0.134002
-0.185883
-0.217275
-0.230145
-0.204946
-0.157923
-0.096279
-0.035591
-0.017604
-0.040957
-0.075457
-0.102413
-0.100754
-0.071477
-0.039099
-0.001728
0.024984
0.038935
0.038183
0.036334
0.045010
0.081426
0.145863
0.185717
0.189602
0.180538
0.171427
0.198252
0.253277
0.274381
0.245107
0.213220
0.155320
0.114793
0.081369
0.026785
-0.085558
-0.174809
-0.219759
-0.190218
-0.112521
-0.055612
-0.063485
-0.096831
-0.137538
-0.171161
-0.187665
-0.207985
-0.210411
-0.173422
-0.117852
-0.056838
-0.018840
-0.035417
-0.073668
-0.102281
-0.105278
-0.072627
-0.025717
0.001434
0.017213
0.024560
0.026782
0.043919
0.056770
0.078460
0.126210
0.163560
0.173006
0.183409
0.185923
0.206352
0.231708
0.241901
0.233239
0.217712
0.171165
0.126079
0.066866
0.010856
-0.055108
-0.131045
-0.177558
-0.188063
-0.168501
-0.122546
-0.088248
-0.086624
-0.098902
-0.141616
-0.182158
-0.207078
-0.204676
-0.177236
-0.121977
-0.080962
-0.044667
-0.039834
-0.053411
-0.079625
-0.087853
-0.078782
-0.049058
-0.013896
0.014650
0.023880
0.031651
0.037231
0.063304
0.100088
0.142022
0.152818
0.154797
0.154522
0.171328
0.207001
0.249486
0.254737
0.232680
0.200859
0.156456
0.114077
0.063427
0.008359
-0.063069
-0.131535
-0.179808
-0.189032
-0.168661
-0.120251
-0.093634
-0.086216
-0.110713
-0.142548
-0.177305
-0.192827
-0.197967
-0.171716
-0.136608
-0.088038
-0.052009
-0.035132
-0.047955
-0.063988
-0.078350
-0.076371
-0.048139
-0.016957
0.005914
0.020075
0.032608
0.047210
0.084194
0.120812
0.143152
0.140193
0.134546
0.146564
0.183945
0.239477
0.277713
0.272203
0.222735
0.176893
0.137038
0.098400
0.052780
-0.016796
-0.102594
-0.171426
-0.206804
-0.188427
-0.133602
-0.092739
-0.079204
-0.101935
-0.142831
-0.169498
-0.189379
-0.195550
-0.177500
-0.148843
-0.112029
-0.072244
-0.048992
-0.045403
-0.053937
-0.068910
-0.073914
-0.056372
-0.034692
-0.008288
0.014343
0.024242
0.039631
0.062209
0.088744
0.119033
0.141424
0.146520
0.164372
0.187045
0.208503
0.225492
0.234734
0.227657
0.219840
0.175546
0.129890
0.076812
0.021882
-0.020071
-0.095282
-0.170138
-0.205061
-0.196628
-0.144574
-0.081219
-0.067163
-0.086813
-0.132063
-0.177433
-0.194298
-0.188583
-0.183529
-0.150057
-0.109159
-0.060973
-0.023145
-0.025025
-0.061297
-0.079599
-0.078566
-0.052390
-0.017934
0.005711
0.018549
0.034069
0.048245
0.068967
0.104991
0.136496
0.148389
0.151143
0.151527
0.180817
0.228133
0.247307
0.252951
0.229440
0.191837
0.138972
0.095992
0.046211
0.009231
-0.058461
-0.125988
-0.179782
-0.200732
-0.166706
-0.108572
-0.077156
-0.079883
-0.111835
-0.157836
-0.184316
-0.193621
-0.189201
-0.166653
-0.127893
-0.086280
-0.040790
-0.028154
-0.045899
-0.071231
-0.078780
-0.069703
-0.035233
-0.011316
0.011461
0.029371
0.043384
0.062025
0.080973
0.106366
0.131476
0.148526
0.165676
0.182844
0.201858
0.212294
0.225139
0.214830
0.200159
0.171434
0.137194
0.089037
0.031289
-0.027418
-0.083258
-0.148176
-0.185377
-0.177943
-0.150711
-0.106265
-0.090987
-0.105088
-0.131376
-0.155488
-0.184978
-0.185719
-0.185035
-0.157751
-0.108796
-0.062248
-0.043234
-0.045204
-0.073267
-0.081829
-0.071199
-0.048882
-0.025083
-0.002354
0.009783
0.036613
0.054788
0.071516
0.097583
0.126757
0.141570
0.154618
0.161235
0.178937
0.205866
0.235019
0.242424
0.225874
0.189847
0.140710
0.085825
0.037696
-0.017549
-0.056302
-0.110251
-0.169818
-0.181950
-0.174750
-0.136463
-0.092717
-0.090722
-0.113491
-0.137404
-0.181931
-0.185709
-0.183766
-0.168189
-0.128654
-0.083933
-0.060578
-0.031666
-0.049153
-0.068977
-0.071917
-0.067861
-0.043087
-0.004582
0.006691
0.023435
0.040490
0.059168
0.092272
0.128429
0.149274
0.157302
0.149398
0.152118
0.179528
0.211116
0.230726
0.236143
0.208595
0.155812
0.111895
0.061630
0.019076
-0.029239
-0.090918
-0.164960
-0.194496
-0.186054
-0.143703
-0.084068
-0.077470
-0.102616
-0.132953
-0.169968
-0.181720
-0.176483
-0.170628
-0.138122
-0.092680
-0.058876
-0.034861
-0.041908
-0.064315
-0.070317
-0.065721
-0.043759
-0.008536
0.010406
0.024547
0.040749
0.053359
0.074158
0.108607
0.135673
0.151517
0.164830
0.168946
0.182155
0.211653
0.229318
0.233822
0.213117
0.167084
0.123208
0.075602
0.035558
0.002252
-0.048310
-0.120772
-0.174094
-0.195420
-0.171554
-0.110573
-0.081064
-0.087858
-0.114270
-0.153837
-0.167398
-0.164991
-0.166828
-0.147994
-0.117011
-0.083184
-0.039708
-0.027342
-0.043761
-0.055175
-0.067837
-0.061451
-0.026651
-0.003374
0.019631
0.038427
0.048744
0.079083
0.113555
0.140527
0.151055
0.138939
0.150015
0.181507
0.225637
0.259049
0.257322
0.218539
0.173297
0.127079
0.082150
0.044907
0.009864
-0.036614
-0.099678
-0.155162
-0.177842
-0.151520
-0.114560
-0.091544
-0.095358
-0.119872
-0.144932
-0.152324
-0.162105
-0.164143
-0.155806
-0.126381
-0.084890
-0.041024
-0.025272
-0.036447
-0.061197
-0.067965
-0.050596
-0.023432
-0.005291
0.007182
0.018007
0.040393
0.070775
0.100802
0.135876
0.158146
0.155736
0.157387
0.179309
0.201601
0.235768
0.238044
0.219574
0.199409
0.169715
0.111264
0.064417
0.008362
-0.032329
-0.070479
-0.126971
-0.171012
-0.167671
-0.153033
-0.118187
-0.090687
-0.096033
-0.107633
-0.130619
-0.164453
-0.176215
-0.168856
-0.144365
-0.095178
-0.056857
-0.033070
-0.026611
-0.044004
-0.056908
-0.058634
-0.049941
-0.024683
0.001554
0.024521
0.050857
0.070481
0.084032
0.108339
0.136583
0.149838
0.155762
0.155294
0.174939
0.217374
0.248364
0.260827
0.224434
0.167004
0.112275
0.071255
0.048391
0.015442
-0.051473
-0.127510
-0.179602
-0.187441
-0.147635
-0.106997
-0.095779
-0.098181
-0.117833
-0.137324
-0.147476
-0.161812
-0.168315
-0.153720
-0.128707
-0.086509
-0.047179
-0.033052
-0.026577
-0.036392
-0.047716
-0.050310
-0.048577
-0.031835
0.007381
0.032213
0.056058
0.080031
0.098401
0.134229
0.157290
0.155243
0.154906
0.164276
0.186656
0.223753
0.243861
0.230803
0.203668
0.146618
0.086189
0.050968
0.019096
-0.015116
-0.070921
-0.150178
-0.192736
-0.190075
-0.142645
-0.094374
-0.077693
-0.096055
-0.125194
-0.156653
-0.166145
-0.166961
-0.161381
-0.137428
-0.102001
-0.064545
-0.031362
-0.036232
-0.053713
-0.064696
-0.064711
-0.039274
-0.005324
0.015755
0.032344
0.036872
0.041434
0.067123
0.100285
0.134742
0.154791
0.163781
0.164208
0.181126
0.199463
0.210650
0.216820
0.207674
0.175856
0.141994
0.094443
0.043222
0.003638
-0.036809
-0.095613
-0.150616
-0.187148
-0.196636
-0.149700
-0.104174
-0.076617
-0.086264
-0.119104
-0.151828
-0.154555
-0.160406
-0.154885
-0.136176
-0.113480
-0.071110
-0.023958
-0.014670
-0.023908
-0.049765
-0.064390
-0.052043
-0.020165
0.006182
0.027487
0.045550
0.069410
0.102758
0.134210
0.142793
0.132748
0.131751
0.144534
0.186691
0.231535
0.242496
0.228682
0.193225
0.144725
0.112006
0.066013
0.021338
-0.015040
-0.049245
-0.092627
-0.140633
-0.179291
-0.181781
-0.150041
-0.110914
-0.086865
-0.093513
-0.115697
-0.135537
-0.149223
-0.154177
-0.148608
-0.139171
-0.104739
-0.062030
-0.024184
-0.007887
-0.024070
-0.050661
-0.058858
-0.050328
-0.016386
0.015150
0.032611
0.052040
0.079013
0.105751
0.136191
0.147423
0.135095
0.133181
0.150327
0.178889
0.219374
0.236787
0.228205
0.201262
0.145305
0.081033
0.034970
0.002974
-0.022433
-0.054671
-0.095555
-0.139960
-0.163200
-0.139253
-0.121828
-0.096502
-0.099100
-0.114134
-0.130028
-0.135452
-0.148211
-0.145910
-0.140515
-0.117596
-0.077632
-0.043086
-0.030590
-0.039010
-0.053635
-0.054824
-0.035160
-0.018710
-0.008891
0.003992
0.024686
0.054800
0.092431
0.112727
0.130655
0.127397
0.129281
0.142054
0.155967
0.180777
0.208134
0.215043
0.208951
0.180238
0.141811
0.093165
