-0.111847
0.100214
0.267584
0.255902
0.185311
0.030900
-0.131195
-0.192483
-0.238467
-0.218579
-0.141495
-0.089094
0.018148
0.088707
0.090035
0.048524
-0.099046
-0.267725
-0.377991
-0.420062
-0.298639
-0.116184
0.064242
0.193614
0.202872
0.151088
0.108131
0.071995
0.139239
0.201575
0.246272
0.290149
0.264406
0.240057
0.242039
0.139952
0.000778
-0.150992
-0.307885
-0.334340
-0.229783
-0.073061
0.138484
0.248897
0.229414
0.148983
-0.015728
-0.142981
-0.197643
-0.233348
-0.187427
-0.129474
-0.072983
0.016894
0.037304
0.027120
-0.033421
-0.169606
-0.277755
-0.349722
-0.332896
-0.199920
-0.048300
0.104869
0.192295
0.190041
0.155997
0.117291
0.121618
0.179615
0.238690
0.279211
0.283613
0.247304
0.218755
0.184650
0.037449
-0.096629
-0.221377
-0.322892
-0.250498
-0.121208
0.026861
0.200921
0.203197
0.155837
0.055337
-0.098301
-0.159370
-0.198551
-0.208731
-0.137701
-0.104174
-0.040887
0.004201
-0.016505
-0.062672
-0.168165
-0.269369
-0.293551
-0.270838
-0.160683
-0.039043
0.055366
0.124098
0.141180
0.138157
0.147118
0.165306
0.208449
0.256827
0.287068
0.272149
0.241636
0.195859
0.156518
0.052175
-0.086550
-0.191775
-0.283687
-0.260383
-0.126294
0.002880
0.161805
0.207273
0.147138
0.063242
-0.075453
-0.161824
-0.185177
-0.201454
-0.147920
-0.108423
-0.074902
-0.037867
-0.059296
-0.103279
-0.159261
-0.219183
-0.226961
-0.205395
-0.144698
-0.058221
0.021410
0.092980
0.148639
0.172331
0.176119
0.203629
0.234265
0.266812
0.292381
0.278229
0.233816
0.188491
0.122310
-0.002089
-0.121516
-0.220465
-0.281922
-0.211045
-0.087663
0.051065
0.182337
0.183709
0.124358
0.024906
-0.105355
-0.163207
-0.191425
-0.189777
-0.135158
-0.109416
-0.069102
-0.042287
-0.079373
-0.121459
-0.185362
-0.231081
-0.215804
-0.179200
-0.102835
-0.019540
0.048889
0.115340
0.153873
0.175728
0.192571
0.221165
0.263505
0.290538
0.290619
0.263647
0.212949
0.172540
0.087232
-0.045860
-0.155157
-0.252616
-0.271881
-0.170050
-0.044121
0.106131
0.196884
0.170615
0.100202
-0.016527
-0.130938
-0.174519
-0.201774
-0.180790
-0.136473
-0.108216
-0.071520
-0.065490
-0.097736
-0.137674
-0.190827
-0.210039
-0.195668
-0.148969
-0.072342
0.011287
0.091446
0.155933
0.182634
0.196111
0.219970
0.257592
0.295451
0.306991
0.274621
0.215674
0.152247
0.111792
0.023468
-0.083121
-0.166038
-0.245793
-0.219907
-0.107230
0.010219
0.149692
0.185878
0.129243
0.047916
-0.079588
-0.155810
-0.176925
-0.188573
-0.145849
-0.121192
-0.104805
-0.087810
-0.120764
-0.152721
-0.170645
-0.184023
-0.157939
-0.127752
-0.086059
-0.023610
0.041707
0.108633
0.173271
0.199577
0.232830
0.268861
0.282155
0.307144
0.297231
0.247912
0.208860
0.155600
0.047735
-0.076455
-0.188986
-0.272193
-0.244088
-0.126429
0.011239
0.155113
0.199975
0.148156
0.062687
-0.064390
-0.148070
-0.177793
-0.195485
-0.161237
-0.132040
-0.106701
-0.070091
-0.085330
-0.115473
-0.159382
-0.203222
-0.196338
-0.170511
-0.111786
-0.030752
0.040125
0.112643
0.158240
0.188135
0.205295
0.238537
0.278531
0.311849
0.314973
0.273708
0.205190
0.153686
0.093759
-0.009840
-0.115678
-0.202876
-0.255961
-0.192107
-0.068844
0.064113
0.179048
0.180413
0.105067
0.006880
-0.115230
-0.170550
-0.184467
-0.181998
-0.145502
-0.124118
-0.100652
-0.085165
-0.108281
-0.138724
-0.180700
-0.198656
-0.183153
-0.140279
-0.068920
0.007724
0.083170
0.142689
0.182435
0.212818
0.242067
0.279764
0.301902
0.304700
0.277801
0.221759
0.164915
0.132621
0.053779
-0.062831
-0.156835
-0.241127
-0.237112
-0.121065
-0.000601
0.132013
0.186747
0.125231
0.045860
-0.066397
-0.153942
-0.164640
-0.181776
-0.161824
-0.136115
-0.125962
-0.101148
-0.099902
-0.126731
-0.167356
-0.201716
-0.198566
-0.166300
-0.089047
-0.009476
0.075784
0.134006
0.167762
0.202318
0.213452
0.255905
0.309573
0.330140
0.325965
0.262015
0.179884
0.138082
0.053809
-0.057602
-0.148734
-0.240792
-0.249478
-0.145547
-0.019419
0.125740
0.202483
0.154083
0.065428
-0.057358
-0.165043
-0.188615
-0.195214
-0.170408
-0.130122
-0.116441
-0.094507
-0.097567
-0.150603
-0.187581
-0.209055
-0.198730
-0.140842
-0.078991
-0.013772
0.057535
0.101054
0.147009
0.187854
0.224531
0.280656
0.308374
0.327485
0.314216
0.251929
0.198673
0.149749
0.082738
-0.030709
-0.150547
-0.235717
-0.261816
-0.166849
-0.021302
0.109387
0.198442
0.159996
0.064257
-0.044156
-0.153277
-0.186200
-0.187142
-0.165128
-0.120456
-0.103174
-0.087370
-0.099798
-0.138514
-0.190666
-0.234866
-0.228999
-0.186653
-0.106594
-0.011457
0.058082
0.121815
0.153853
0.170916
0.206452
0.255158
0.294814
0.331723
0.328079
0.280511
0.214925
0.174422
0.101024
-0.027217
-0.141240
-0.240094
-0.271103
-0.171591
-0.040688
0.103186
0.194075
0.160182
0.079050
-0.034295
-0.144299
-0.180298
-0.194681
-0.170171
-0.117012
-0.095266
-0.068907
-0.077783
-0.134553
-0.199052
-0.262251
-0.262206
-0.202307
-0.112956
-0.015366
0.054617
0.096479
0.134588
0.159728
0.198053
0.242170
0.282982
0.308209
0.315213
0.294392
0.242099
0.198064
0.156440
0.019437
-0.114123
-0.222636
-0.299077
-0.223218
-0.082074
0.057018
0.193075
0.186019
0.108552
0.011052
-0.119696
-0.177115
-0.192861
-0.195950
-0.133401
-0.090661
-0.063180
-0.046548
-0.098549
-0.168561
-0.244189
-0.292525
-0.255060
-0.175680
-0.066623
0.034554
0.092517
0.132315
0.146680
0.171914
0.218427
0.255448
0.313793
0.336471
0.305836
0.264578
0.191060
0.149093
0.086980
-0.058394
-0.154804
-0.243131
-0.261900
-0.134344
-0.008349
0.120874
0.195703
0.126624
0.041148
-0.068154
-0.166006
-0.179912
-0.180693
-0.152053
-0.088571
-0.065696
-0.052875
-0.076807
-0.152049
-0.239571
-0.302145
-0.294569
-0.208536
-0.086959
0.023257
0.084010
0.110712
0.111591
0.137040
0.178758
0.234444
0.307158
0.346931
0.344095
0.310516
0.228522
0.168401
0.103769
-0.034483
-0.147117
-0.230483
-0.272670
-0.172257
-0.034794
0.093933
0.195723
0.160156
0.065697
-0.038695
-0.156801
-0.194120
-0.190641
-0.170545
-0.098222
-0.050625
-0.030409
-0.031736
-0.111046
-0.192433
-0.289156
-0.348665
-0.292121
-0.187716
-0.043383
0.085831
0.124883
0.152184
0.146438
0.141154
0.195877
0.248719
0.305574
0.353454
0.318550
0.276051
0.210821
0.149172
0.071333
-0.077481
-0.186894
-0.259239
-0.261853
-0.124264
0.015002
0.142314
0.201070
0.128007
0.027531
-0.086370
-0.180867
-0.195937
-0.190363
-0.149800
-0.077716
-0.041404
-0.021881
-0.057132
-0.144799
-0.248320
-0.346807
-0.347126
-0.257294
-0.109258
0.041827
0.116167
0.146246
0.139383
0.124625
0.162503
0.219759
0.305552
0.367245
0.342084
0.301299
0.232694
0.170610
0.142201
0.000883
-0.138792
-0.224457
-0.291836
-0.190587
-0.033364
0.087607
0.196978
0.154136
0.046521
-0.044965
-0.156637
-0.188160
-0.175110
-0.168920
-0.099852
-0.039779
-0.026068
-0.028257
-0.106795
-0.258003
-0.362429
-0.386811
-0.312663
-0.128607
0.023178
0.107185
0.140227
0.108321
0.105193
0.135772
0.198962
0.289898
0.343277
0.358770
0.316299
0.275402
0.242111
0.206418
0.101197
-0.104650
-0.244638
-0.323199
-0.282928
-0.081495
0.073238
0.194323
0.212078
0.085854
-0.013421
-0.123936
-0.200183
-0.200997
-0.223734
-0.201781
-0.150504
-0.111739
-0.052164
-0.058702
-0.145562
-0.229014
-0.287531
-0.275873
-0.165887
-0.054966
0.045263
0.132027
0.154014
0.175712
0.202258
0.228482
0.295645
0.327449
0.321957
0.297099
0.227676
0.155651
0.092744
0.018281
-0.084561
-0.148469
-0.171928
-0.163909
-0.068930
0.015856
0.071090
0.102338
0.036032
-0.032620
-0.105126
-0.178953
-0.196130
-0.213650
-0.202549
-0.160475
-0.138084
-0.101761
-0.105233
-0.140216
-0.163503
-0.185039
-0.171477
-0.133421
-0.073044
0.029303
0.116690
0.188154
0.237094
0.258151
0.259867
0.261697
0.270537
0.277526
0.262890
0.217320
0.154523
0.139440
0.081204
-0.027041
-0.096279
-0.181791
-0.193025
-0.112506
-0.048700
0.049891
0.085270
0.043808
0.002675
-0.078669
-0.138757
-0.167162
-0.210557
-0.220032
-0.216164
-0.202255
-0.178175
-0.191068
-0.195870
-0.182281
-0.172330
-0.113580
-0.049642
0.007120
0.070950
0.101660
0.141997
0.206976
0.251761
0.300905
0.329297
0.333134
0.311689
0.271691
0.228562
0.196185
0.110371
-0.052453
-0.165868
-0.241739
-0.230910
-0.099360
-0.004242
0.086596
0.111202
0.038638
-0.014199
-0.090452
-0.154583
-0.180273
-0.228203
-0.237844
-0.225733
-0.207510
-0.178515
-0.198848
-0.228777
-0.216035
-0.196147
-0.130224
-0.049790
-0.002708
0.055272
0.096356
0.112198
0.168425
0.219022
0.279725
0.363375
0.397385
0.399244
0.346768
0.252262
0.208313
0.112014
-0.050186
-0.156567
-0.253920
-0.274608
-0.164156
-0.045070
0.087088
0.156614
0.100714
0.015386
-0.097329
-0.197763
-0.237829
-0.263990
-0.261851
-0.235102
-0.214887
-0.207872
-0.219836
-0.212117
-0.185258
-0.142423
-0.082033
-0.047224
-0.010981
0.018906
0.044722
0.107065
0.180661
0.250902
0.301587
0.325569
0.349470
0.353911
0.344822
0.299199
0.247842
0.198926
0.057835
-0.076866
-0.157175
-0.211851
-0.154059
-0.063172
-0.000169
0.061827
0.043942
-0.009354
-0.057961
-0.143959
-0.208584
-0.244640
-0.278523
-0.270455
-0.267755
-0.288672
-0.263035
-0.211094
-0.145816
-0.062534
-0.038180
-0.035477
-0.026001
-0.027301
0.031720
0.096685
0.112914
0.171410
0.170456
0.182999
0.283045
0.355491
0.415214
0.394061
0.298829
0.224727
0.145731
0.031259
-0.061160
-0.137966
-0.180155
-0.120696
-0.046782
0.036034
0.096543
0.049895
-0.021611
-0.121866
-0.227254
-0.258524
-0.278965
-0.268976
-0.263411
-0.315923
-0.303976
-0.245804
-0.163099
-0.054841
-0.027165
-0.024915
-0.019569
-0.031860
0.017345
0.075704
0.119907
0.194581
0.226017
0.245287
0.315031
0.379698
0.442281
0.427393
0.354071
0.291326
0.194539
0.005632
-0.189601
-0.258247
-0.231684
-0.079353
0.079517
0.136296
0.126045
0.007186
-0.145134
-0.258295
-0.307384
-0.304403
-0.263657
-0.256070
-0.290530
-0.274388
-0.244309
-0.175061
-0.079570
-0.059619
-0.033502
-0.024436
-0.049376
-0.030550
0.000269
0.053464
0.133860
0.190335
0.212534
0.238356
0.271587
0.302516
0.363121
0.335705
0.281989
0.243443
0.195278
0.229474
0.214087
0.158200
0.014827
-0.140296
-0.200932
-0.195465
-0.105762
-0.066477
-0.043298
-0.079656
-0.137792
-0.177954
-0.246891
-0.279588
-0.348889
-0.430522
-0.418354
-0.352238
-0.197495
-0.033155
0.034871
0.060703
0.008848
-0.035386
-0.001061
0.052155
0.138557
0.202159
0.227795
0.282798
0.379699
0.431820
0.459832
0.410920
0.362297
0.373878
0.308798
0.184093
0.044469
-0.118911
-0.220031
-0.190707
-0.112150
-0.014913
0.057798
0.012014
-0.037975
-0.104683
-0.187416
-0.222045
-0.279425
-0.337767
-0.400653
-0.507262
-0.499137
-0.360408
-0.188985
-0.010952
0.047190
0.003256
-0.054467
-0.097581
-0.086860
-0.015957
0.070184
0.155397
0.236994
0.276856
0.313011
0.349026
0.365649
0.333381
0.313478
0.262744
0.253392
0.283964
0.217062
0.193057
0.100791
0.004960
-0.043640
-0.134355
-0.155315
-0.166878
-0.151715
-0.138115
-0.143365
-0.195764
-0.259744
-0.316376
-0.370413
-0.376124
-0.356006
-0.281824
-0.183792
-0.100951
-0.035169
-0.032690
-0.015292
-0.011529
0.007123
0.048643
0.088782
0.140436
0.189717
0.191996
0.179067
0.215768
0.250594
0.272763
0.353520
0.350494
0.381213
0.414576
0.348731
0.231419
0.087274
-0.060549
-0.112595
-0.118226
-0.137233
-0.088814
-0.122795
-0.160338
-0.162638
-0.222516
-0.238113
-0.273934
-0.355474
-0.389234
-0.373828
-0.310337
-0.184982
-0.073281
0.004474
0.039555
0.018567
-0.008808
0.021397
0.044338
0.069704
0.084229
0.070869
0.043594
0.114541
0.165241
0.234883
0.345238
0.367616
0.388857
0.349946
0.317190
0.236995
0.228620
0.131746
0.121053
0.064948
-0.042031
-0.122460
-0.239682
-0.245998
-0.184298
-0.106203
-0.078358
-0.139501
-0.264780
-0.389212
-0.454602
-0.438842
-0.343310
-0.201809
-0.048353
0.028521
0.036752
-0.005307
-0.049371
-0.043420
-0.009338
0.055492
0.106050
0.135511
0.146587
0.098027
0.105820
0.144123
0.213665
0.303451
0.338547
0.338943
0.351611
0.305762
0.268068
0.231119
0.182076
0.141434
0.041358
-0.115808
-0.232751
-0.257183
-0.237051
-0.143230
-0.114178
-0.157232
-0.210771
-0.327420
-0.405955
-0.402157
-0.381288
-0.262119
-0.121978
-0.043028
0.031613
0.028305
0.006430
0.010836
-0.020820
-0.004159
0.003542
0.002081
0.019233
0.037861
0.058116
0.103498
0.163893
0.315626
0.401607
0.404890
0.346053
0.261684
0.218872
0.229671
0.273596
0.232711
0.122934
-0.067557
-0.215253
-0.260592
-0.242921
-0.172800
-0.140509
-0.129295
-0.200756
-0.293378
-0.385484
-0.420387
-0.424727
-0.324063
-0.207984
-0.092757
0.002824
0.018761
0.010516
0.000778
-0.032353
-0.013636
0.030483
0.045576
0.050119
-0.001848
-0.023911
0.020399
0.120736
0.330728
0.423490
0.449838
0.381572
0.333180
0.247814
0.161810
0.168108
0.173993
0.176396
0.096946
-0.085757
-0.246663
-0.229036
-0.243091
-0.155640
-0.156115
-0.193376
-0.224543
-0.287476
-0.336851
-0.385496
-0.392991
-0.304044
-0.137431
-0.008569
0.057952
0.004074
-0.073066
-0.112371
-0.099852
-0.059451
0.006773
0.020548
0.041999
0.059741
0.077663
0.134343
0.167634
0.261353
0.281978
0.341603
0.370746
0.351852
0.268083
0.217017
0.192406
0.158278
0.099791
-0.067419
-0.181050
-0.276890
-0.245759
-0.206267
-0.124749
-0.105481
-0.166852
-0.268469
-0.383331
-0.450868
-0.428071
-0.320719
-0.170254
-0.008982
0.043747
0.037304
-0.045207
-0.085727
-0.093192
-0.046789
0.020049
0.051938
0.083766
0.054710
0.059886
0.103300
0.155289
0.203370
0.269142
0.260515
0.321626
0.355868
0.317425
0.256317
0.209234
0.194070
0.211006
0.155060
-0.024049
-0.235191
-0.347663
-0.317407
-0.156903
-0.066401
-0.047764
-0.191398
-0.323068
-0.378931
-0.402186
-0.312668
-0.198449
-0.072827
0.025401
0.037509
-0.001950
-0.062373
-0.092821
-0.057811
0.016526
0.064752
0.130775
0.139362
0.137778
0.101847
0.085757
0.147622
0.261691
0.386418
0.476490
0.437513
0.340135
0.247293
0.192708
0.256771
0.186968
0.113898
-0.056656
-0.220145
-0.231081
-0.192485
-0.129232
-0.072478
-0.126549
-0.247862
-0.306124
-0.399666
-0.350822
-0.262052
-0.151164
-0.007406
0.041233
0.027867
-0.009660
-0.068784
-0.101259
-0.085181
-0.020764
0.066157
0.134498
0.141067
0.068868
0.034775
0.102308
0.228069
0.368154
0.410324
0.394945
0.359628
0.327386
0.214249
0.203628
0.214224
0.215610
0.208860
0.097808
-0.127080
-0.263691
-0.311869
-0.268400
-0.163204
-0.141517
-0.188633
-0.235939
-0.292323
-0.317682
-0.266429
-0.206956
-0.113133
-0.034615
0.002377
0.025523
-0.030311
-0.050958
-0.045147
0.022894
0.106586
0.157026
0.108819
0.079354
0.052121
0.118021
0.259808
0.385671
0.430654
0.462328
0.349616
0.213877
0.170413
0.090162
0.176420
0.194012
0.082282
0.003323
-0.160224
-0.251986
-0.249930
-0.223630
-0.211528
-0.194158
-0.267163
-0.295855
-0.323189
-0.319149
-0.239116
-0.150286
-0.075078
-0.060775
-0.055166
-0.079326
-0.034524
-0.037992
0.007793
0.045950
0.079799
0.169027
0.134289
0.103012
0.072084
0.123148
0.213581
0.335053
0.430731
0.405706
0.377623
0.235630
0.144820
0.136325
0.089711
0.110254
-0.003706
-0.158787
-0.223804
-0.271580
-0.177678
-0.139632
-0.174415
-0.229864
-0.308888
-0.364128
-0.327352
-0.311545
-0.207659
-0.087030
-0.005141
0.030236
0.027569
-0.030580
-0.057772
-0.067245
-0.021105
0.078282
0.138563
0.134711
0.108316
0.073648
0.107330
0.231038
0.326810
0.359650
0.385698
0.249023
0.171666
0.151350
0.162008
0.199745
0.152179
0.010722
-0.121178
-0.232208
-0.268810
-0.186301
-0.178243
-0.168404
-0.211292
-0.292976
-0.322917
-0.355833
-0.319240
-0.226375
-0.132226
-0.050985
-0.005047
-0.028772
-0.027641
-0.066477
-0.053870
-0.002847
0.044527
0.131090
0.173495
0.155511
0.164990
0.176202
0.209486
0.286656
0.265623
0.324508
0.294069
0.221339
0.210082
0.142004
0.159839
0.105987
0.020066
-0.100552
-0.170034
-0.273438
-0.218928
-0.210690
-0.206414
-0.229753
-0.313730
-0.352904
-0.348286
-0.304616
-0.219206
-0.103629
-0.067981
-0.029552
-0.050617
-0.069750
-0.037056
-0.016991
0.041395
0.037928
0.046096
0.065863
0.107172
0.153767
0.231044
0.285149
0.322168
0.376937
0.303885
0.266219
0.182522
0.174158
0.191674
0.167691
0.061601
-0.102340
-0.245860
-0.312104
-0.261738
-0.188560
-0.111791
-0.131862
-0.216500
-0.331367
-0.400902
-0.393761
-0.300998
-0.171293
-0.055416
0.000362
-0.023714
-0.026962
-0.046352
-0.035433
-0.007507
0.034953
0.097655
0.145442
0.134149
0.134928
0.189106
0.214201
0.357607
0.401683
0.409521
0.299840
0.229763
0.183157
0.170598
0.155660
0.000657
-0.117609
-0.268226
-0.272164
-0.224867
-0.119706
-0.100393
-0.114826
-0.254720
-0.356251
-0.400493
-0.396880
-0.280400
-0.201319
-0.095657
-0.043461
0.008305
-0.006885
0.005843
-0.032535
-0.013561
0.020492
0.075986
0.178764
0.177761
0.173747
0.167546
0.187208
0.262482
0.387347
0.431691
0.419361
0.311500
0.188530
0.089532
-0.011321
-0.088427
-0.150165
-0.165715
-0.202569
-0.195750
-0.219987
-0.199487
-0.196917
-0.232141
-0.278109
-0.342502
-0.342023
-0.295416
-0.189895
-0.094065
-0.013356
-0.004335
-0.002518
-0.014292
0.000961
0.027824
0.064837
0.100593
0.147683
0.167479
0.201018
0.251308
0.285567
0.361743
0.378001
0.414734
0.317484
0.250804
0.106154
-0.024800
-0.108900
-0.156420
-0.145134
-0.100440
-0.107463
-0.155411
-0.183943
-0.252828
-0.248280
-0.289982
-0.306116
-0.316747
-0.298571
-0.217631
-0.127466
-0.045294
-0.017108
-0.008531
-0.041395
-0.005000
0.035549
0.095076
0.146756
0.169650
0.177355
0.175031
0.236261
0.307753
0.354426
0.375548
0.329638
0.283661
0.214306
0.179735
0.092073
0.003776
-0.100772
-0.192949
-0.218537
-0.211612
-0.209667
-0.169240
-0.184466
-0.236943
-0.244410
-0.302101
-0.313837
-0.286095
-0.256188
-0.175624
-0.075228
-0.024210
-0.005481
-0.000542
-0.022581
0.040182
0.110494
0.172939
0.216655
0.249750
0.253319
0.295886
0.336889
0.360799
0.408861
0.398138
0.316483
0.179340
0.030831
-0.132940
-0.204154
-0.200933
-0.160552
-0.077868
-0.064304
-0.104703
-0.155694
-0.232101
-0.284651
-0.313871
-0.349182
-0.347690
-0.303700
-0.231069
-0.128528
-0.038555
0.008703
0.003113
-0.014580
0.006885
0.085396
0.190054
0.265152
0.296902
0.298368
0.335480
0.383707
0.413421
0.432789
0.387645
0.257176
0.083790
-0.087204
-0.209513
-0.229365
-0.183280
-0.114410
-0.032512
-0.024498
-0.053223
-0.098515
-0.169353
-0.234480
-0.294989
-0.371981
-0.405209
-0.392505
-0.332165
-0.204638
-0.082273
0.020590
0.067471
0.064629
0.039677
0.035811
0.056191
0.098780
0.180539
0.267283
0.360633
0.441424
0.488667
0.512698
0.501462
0.387997
0.142064
-0.105489
-0.314423
-0.405069
-0.326241
-0.183699
-0.025309
0.074045
0.062878
-0.008730
-0.092924
-0.186980
-0.263042
-0.339908
-0.420898
-0.436153
-0.387905
-0.268288
-0.111947
0.020571
0.074463
0.071459
0.035398
0.027619
0.086672
0.144370
0.201804
0.261892
0.310347
0.418852
0.498705
0.586301
0.579669
0.345073
0.032999
-0.263704
-0.466220
-0.420396
-0.256080
-0.085940
0.080107
0.091336
0.049849
0.007953
-0.058790
-0.106373
-0.164849
-0.283494
-0.392242
-0.460474
-0.452251
-0.326182
-0.171761
-0.037010
0.045953
0.059148
0.048459
0.057161
0.087461
0.128129
0.187082
0.269200
0.369439
0.474778
0.565668
0.606237
0.535516
0.251223
-0.069437
-0.358869
-0.507306
-0.426794
-0.235452
-0.018907
0.131575
0.146151
0.097231
0.037458
-0.043046
-0.104711
-0.186822
-0.296132
-0.402442
-0.459998
-0.416116
-0.285633
-0.132958
-0.013125
0.043911
0.050119
0.048729
0.054862
0.094446
0.146393
0.194825
0.275846
0.384104
0.509881
0.621233
0.649568
0.485457
0.136031
-0.219207
-0.499289
-0.539643
-0.389857
-0.163437
0.068865
0.179217
0.181862
0.145055
0.079931
0.011689
-0.063745
-0.210126
-0.352628
-0.458125
-0.507494
-0.430634
-0.269135
-0.111687
0.011913
0.053029
0.029275
0.028492
0.025133
0.053725
0.125184
0.185303
0.285046
0.426559
0.548693
0.641373
0.629183
0.379648
0.007429
-0.318809
-0.550996
-0.526497
-0.338451
-0.104091
0.118746
0.214687
0.205154
0.182751
0.123058
0.041851
-0.065753
-0.259400
-0.422514
-0.497443
-0.485256
-0.350521
-0.162562
-0.027061
0.044373
0.046488
-0.003484
-0.025501
-0.027458
0.005731
0.087455
0.180509
0.268072
0.387194
0.501440
0.579019
0.594199
0.441403
0.098993
-0.233992
-0.501192
-0.579653
-0.417093
-0.178735
0.071089
0.233836
0.251724
0.214206
0.159190
0.063555
-0.038803
-0.200470
-0.395130
-0.497524
-0.503647
-0.384784
-0.166030
0.018365
0.109991
0.107394
0.027971
-0.022233
-0.022619
0.011817
0.077357
0.146282
0.217037
0.316639
0.432765
0.531095
0.555982
0.432594
0.129001
-0.200009
-0.448028
-0.532326
-0.405296
-0.183881
0.039969
0.191335
0.222372
0.189763
0.144708
0.068914
-0.032942
-0.179178
-0.363536
-0.479310
-0.488773
-0.374576
-0.165275
0.034359
0.143487
0.141061
0.061020
-0.010189
-0.010563
0.039986
0.125781
0.204502
0.274261
0.339814
0.396878
0.444491
0.428340
0.248079
-0.028423
-0.290914
-0.480578
-0.458233
-0.297435
-0.074570
0.129805
0.223027
0.217083
0.176417
0.105531
0.023028
-0.083027
-0.243109
-0.377346
-0.450977
-0.421943
-0.277513
-0.096630
0.053406
0.127543
0.097627
0.014296
-0.037627
-0.037638
0.027003
0.120459
0.204700
0.285873
0.354322
0.407152
0.443925
0.411443
0.212058
-0.063845
-0.328005
-0.504453
-0.465196
-0.292626
-0.056122
0.157817
0.254431
0.250588
0.205886
0.116580
0.022338
-0.099911
-0.269279
-0.401651
-0.466495
-0.416797
-0.258793
-0.072914
0.072534
0.137288
0.108447
0.028907
-0.024073
-0.026803
0.030578
0.107444
0.184049
0.250183
0.307352
0.364800
0.414926
0.389816
0.197084
-0.053717
-0.315316
-0.473867
-0.430628
-0.272321
-0.048368
0.140940
0.220479
0.218267
0.180828
0.106355
0.036457
-0.076205
-0.235151
-0.366122
-0.439903
-0.396150
-0.237874
-0.054985
0.075422
0.119453
0.070071
-0.001872
-0.042342
-0.029981
0.035783
0.110347
0.175851
0.231940
0.290734
0.341885
0.405159
0.399229
0.217574
-0.027478
-0.294444
-0.472696
-0.442479
-0.291415
-0.069803
0.132489
0.217437
0.221754
0.191844
0.120152
0.056971
-0.045858
-0.207238
-0.348328
-0.438106
-0.415039
-0.264473
-0.063718
0.091909
0.148438
0.093216
-0.005113
-0.066880
-0.075653
-0.018130
0.076398
0.143563
0.200947
0.254055
0.307978
0.371234
0.411887
0.314050
0.080498
-0.175398
-0.414686
-0.474918
-0.366617
-0.169836
0.054012
0.193531
0.225006
0.207370
0.156105
0.085628
0.012241
-0.125978
-0.282349
-0.398464
-0.435329
-0.339267
-0.153409
0.041348
0.155371
0.148808
0.050682
-0.048999
-0.096856
-0.072981
-0.002368
0.087535
0.149126
0.200012
0.262688
0.313577
0.378579
0.397348
0.253311
0.018837
-0.234236
-0.437898
-0.447740
-0.316908
-0.117385
0.095545
0.202895
0.220916
0.202971
0.150213
0.095314
0.022595
-0.120069
-0.272410
-0.392814
-0.426804
-0.325571
-0.147636
0.038055
0.147953
0.135762
0.042906
-0.067111
-0.129269
-0.120645
-0.059643
0.023389
0.109311
0.175668
0.247220
0.332092
0.394213
0.435144
0.357500
0.118328
-0.144585
-0.390918
-0.497265
-0.405690
-0.220236
0.004187
0.180449
0.239236
0.238816
0.207064
0.140681
0.072759
-0.040914
-0.201626
-0.334298
-0.411866
-0.375936
-0.223932
-0.036738
0.121484
0.189423
0.125502
0.016791
-0.104066
-0.189938
-0.188892
-0.152442
-0.070032
0.039782
0.140063
0.251798
0.353283
0.425590
0.451406
0.422242
0.264417
0.004466
-0.250661
-0.454026
-0.495429
-0.373882
-0.170541
0.061028
0.226628
0.286517
0.280287
0.220226
0.125384
0.025427
-0.111667
-0.255868
-0.360326
-0.399264
-0.328531
-0.168977
0.011234
0.151827
0.200608
0.136607
0.018250
-0.103419
-0.200637
-0.224903
-0.192332
-0.119699
-0.007893
0.127337
0.247495
0.348252
0.414267
0.427333
0.399541
0.312361
0.114093
-0.128298
-0.340564
-0.474617
-0.437708
-0.273382
-0.053565
0.164730
0.283396
0.301704
0.256899
0.163214
0.058115
-0.046731
-0.177796
-0.292748
-0.366184
-0.367987
-0.263556
-0.097378
0.071381
0.185368
0.193123
0.104290
-0.022148
-0.139361
-0.206366
-0.199447
-0.144998
-0.061061
0.049365
0.163381
0.267738
0.357923
0.419316
0.423326
0.384450
0.250412
0.007228
-0.223329
-0.413951
-0.472913
-0.365259
-0.178589
0.042139
0.217281
0.286425
0.283823
0.230639
0.136057
0.038886
-0.080162
-0.214473
-0.316822
-0.369085
-0.329240
-0.200299
-0.031084
0.116918
0.189812
0.167093
0.073818
-0.046344
-0.143298
-0.197864
-0.203481
-0.156520
-0.083401
0.014553
0.137271
0.250733
0.340544
0.398864
0.408521
0.365177
0.282465
0.106994
-0.113384
-0.298706
-0.423044
-0.402501
-0.259038
-0.063379
0.140874
0.267923
0.295274
0.259215
0.171618
0.063085
-0.037936
-0.151660
-0.254997
-0.322088
-0.333021
-0.259550
-0.119802
0.036531
0.151979
0.184087
0.128053
0.016825
-0.101062
-0.183728
-0.208441
-0.175043
-0.102088
-0.013758
0.089570
0.189393
0.274739
0.339324
0.377042
0.376393
0.325436
0.218565
0.024135
-0.181477
-0.334002
-0.400779
-0.323883
-0.164326
0.020428
0.178788
0.252246
0.248252
0.201723
0.119819
0.029310
-0.062462
-0.168826
-0.258113
-0.308725
-0.297523
-0.207403
-0.072694
0.061418
0.141902
0.144366
0.071563
-0.036278
-0.133624
-0.185000
-0.178829
-0.122454
-0.042336
0.045197
0.132311
0.210428
0.275031
0.323696
0.352951
0.341526
0.281850
0.161125
-0.032808
-0.207843
-0.328814
-0.355136
-0.259177
-0.108737
0.051652
0.177988
0.223917
0.214109
0.168071
0.093494
0.013921
-0.072752
-0.175168
-0.254839
-0.296807
-0.274771
-0.181379
-0.052609
0.064625
0.128350
0.114264
0.037579
-0.063284
-0.139672
-0.166874
-0.139858
-0.072073
0.004055
0.081346
0.156213
0.217360
0.278673
0.324957
0.341313
0.317960
0.240848
0.090696
-0.093120
-0.243766
-0.335299
-0.317047
-0.208049
-0.063780
0.082353
0.176189
0.204338
0.190166
0.139674
0.070667
-0.004572
-0.095974
-0.192524
-0.264484
-0.294263
-0.255845
-0.156547
-0.034728
0.064807
0.103452
0.070682
-0.010604
-0.091051
-0.132214
-0.122098
-0.062917
0.008005
0.069298
0.129906
0.176861
0.230323
0.280379
0.313374
0.317553
0.271848
0.151677
-0.024557
-0.187473
-0.304272
-0.322568
-0.239381
-0.109566
0.031608
0.131361
0.169878
0.165770
0.133961
0.080861
0.016811
-0.071384
-0.172552
-0.253790
-0.298733
-0.270385
-0.178037
-0.058399
0.047755
0.096472
0.080299
0.024024
-0.039450
-0.076345
-0.068934
-0.024563
0.032103
0.085844
0.137873
0.178384
0.219398
0.264538
0.287495
0.282685
0.225705
0.084211
-0.076179
-0.221515
-0.305500
-0.279859
-0.183239
-0.052928
0.071693
0.134032
0.147824
0.128149
0.083639
0.036149
-0.026406
-0.108909
-0.188461
-0.255799
-0.274301
-0.226416
-0.134193
-0.025681
0.054141
0.072963
0.045059
-0.008057
-0.050342
-0.051111
-0.010204
0.045831
0.098615
0.144647
0.168284
0.191926
0.227208
0.257057
0.266705
0.234319
0.112394
-0.046449
-0.199797
-0.300946
-0.288266
-0.195138
-0.063096
0.066308
0.131152
0.141855
0.120800
0.082569
0.048384
0.006575
-0.067182
-0.156711
-0.241317
-0.290092
-0.262717
-0.175606
-0.057149
0.040162
0.072552
0.045115
-0.017434
-0.071711
-0.077881
-0.038654
0.032455
0.093030
0.136802
0.163874
0.180833
0.211463
0.251629
0.272998
0.265019
0.182819
0.022814
-0.141488
-0.275638
-0.317376
-0.247850
-0.126276
0.013856
0.114643
0.145292
0.137171
0.105052
0.067982
0.035969
-0.019464
-0.104858
-0.197694
-0.275912
-0.290413
-0.230699
-0.120951
-0.002017
0.067622
0.066361
0.012825
-0.059026
-0.097555
-0.082729
-0.024818
0.047347
0.096102
0.130566
0.149505
0.174041
0.219000
0.266082
0.288922
0.266476
0.173726
0.009263
-0.150296
-0.271247
-0.306240
-0.237409
-0.123201
0.004419
0.099251
0.133359
0.132234
0.110828
0.077065
0.038507
-0.022329
-0.115116
-0.207461
-0.277339
-0.286417
-0.221221
-0.114863
-0.002512
0.062695
0.061187
0.011527
-0.054522
-0.091909
-0.081328
-0.031388
0.032824
0.079804
0.114733
0.138452
0.164310
0.210080
0.256212
0.277497
0.252089
0.180344
0.048306
-0.102326
-0.211030
-0.271183
-0.242797
-0.151714
-0.047251
0.053451
0.113549
0.125840
0.117506
0.085838
0.036652
-0.019003
-0.103792
-0.189106
-0.245958
-0.267457
-0.219449
-0.131836
-0.035623
0.037331
0.051375
0.019157
-0.034508
-0.075632
-0.076212
-0.037595
0.021987
0.069866
0.104519
0.130807
0.150592
0.197072
0.246357
0.273422
0.266518
0.201129
0.076847
-0.075317
-0.200019
-0.271481
-0.257024
-0.174918
-0.066943
0.037569
0.102635
0.123349
0.115743
0.086354
0.042263
-0.017053
-0.096543
-0.183570
-0.243363
-0.264901
-0.222623
-0.136288
-0.038394
0.036564
0.055119
0.024659
-0.030337
-0.073825
-0.078577
-0.046126
0.013273
0.060712
0.094105
0.122710
0.140089
0.175518
0.229891
0.262565
0.262454
0.211554
0.111410
-0.030038
-0.155268
-0.234064
-0.251618
-0.193463
-0.101734
-0.008325
0.069699
0.104383
0.107628
0.090320
0.047734
-0.011787
-0.083600
-0.167176
-0.224999
-0.245005
-0.219433
-0.145182
-0.060579
0.008026
0.037025
0.020181
-0.021224
-0.055838
-0.063889
-0.038249
0.014933
0.056402
0.088680
0.116408
0.129489
0.163044
0.216869
0.249503
0.255150
0.211674
0.116437
-0.010810
-0.134087
-0.211710
-0.234181
-0.193274
-0.111817
-0.026963
0.045535
0.086805
0.092742
0.077355
0.037246
-0.022794
-0.087516
-0.155674
-0.205106
-0.215920
-0.193536
-0.134184
-0.062384
-0.007589
0.018680
0.009899
-0.019988
-0.043466
-0.048103
-0.026848
0.018505
0.057976
0.091354
0.120704
0.131871
0.164437
0.205510
0.222828
0.230445
0.187095
0.109219
0.010545
-0.103242
-0.173071
-0.202373
-0.185719
-0.117456
-0.044585
0.020510
0.069337
0.076341
0.058344
0.022926
-0.037627
-0.092034
-0.143999
-0.182814
-0.185867
-0.169159
-0.125925
-0.068887
-0.026012
-0.000500
-0.000875
-0.018235
-0.028883
-0.026255
-0.003017
0.039541
0.073350
0.104943
0.126762
0.138883
0.169985
0.199240
0.215420
0.215747
0.167124
0.096512
-0.005367
-0.111683
-0.171158
-0.198144
-0.171149
-0.098562
-0.030038
0.034765
0.073630
0.069527
0.047572
0.004434
-0.054917
-0.102166
-0.148900
-0.176129
-0.172930
-0.154901
-0.109914
-0.058928
-0.022170
-0.000565
-0.004793
-0.021152
-0.027046
-0.020093
0.008164
0.052031
0.082063
0.109955
0.131541
0.139579
0.172679
0.207152
0.216866
0.207316
0.155035
0.071794
-0.022940
-0.115469
-0.164478
-0.173329
-0.144489
-0.082339
-0.020286
0.028551
0.060627
0.056750
0.031414
-0.009903
-0.064898
-0.113817
-0.150712
-0.170740
-0.161078
-0.133813
-0.092534
-0.048993
-0.019845
-0.009236
-0.011380
-0.015791
-0.008639
0.016237
0.050919
0.082943
0.108510
0.127606
0.137552
0.158391
0.186679
0.205398
0.202311
0.164222
0.098251
0.020855
-0.068025
-0.124877
-0.147383
-0.142711
-0.099181
-0.046849
-0.000622
0.039922
0.050510
0.035306
0.003491
-0.047340
-0.097770
-0.134231
-0.158625
-0.155750
-0.132404
-0.100500
-0.062543
-0.035723
-0.022969
-0.019104
-0.015018
-0.003752
0.022903
0.057989
0.085170
0.108033
0.129092
0.135303
0.159447
0.190752
0.204438
0.205817
0.171202
0.104568
0.034711
-0.053507
-0.118597
-0.142214
-0.146681
-0.108771
-0.051974
-0.005393
0.040146
0.057943
0.041612
0.010839
-0.041060
-0.096126
-0.132616
-0.156101
-0.155747
-0.131462
-0.100357
-0.063931
-0.036104
-0.023710
-0.020777
-0.018433
-0.008870
0.017527
0.052473
0.083773
0.105679
0.123318
0.132487
0.150375
0.178795
0.205285
0.206630
0.179057
0.121291
0.047841
-0.032126
-0.100084
-0.131408
-0.136901
-0.111560
-0.062940
-0.017185
0.025880
0.050556
0.047320
0.019331
-0.027197
-0.083102
-0.130054
-0.156902
-0.162500
-0.139995
-0.105434
-0.067805
-0.038127
-0.024877
-0.023395
-0.021092
-0.011682
0.013166
0.049337
0.078654
0.098852
0.118235
0.129259
0.146991
0.182996
0.207631
0.209618
0.183595
0.120760
0.049525
-0.022689
-0.092150
-0.121582
-0.128620
-0.114165
-0.070630
-0.026368
0.014290
0.047725
0.050041
0.023885
-0.022103
-0.082302
-0.135091
-0.163816
-0.169865
-0.145677
-0.108159
-0.071087
-0.042720
-0.031793
-0.029452
-0.023894
-0.008009
0.024202
0.062510
0.089774
0.104744
0.116744
0.120272
0.139578
0.174424
0.201377
0.210507
0.186853
0.127533
0.057569
-0.022263
-0.097275
-0.130704
-0.143412
-0.124877
-0.075328
-0.029399
0.017842
0.051366
0.052382
0.027080
-0.020611
-0.082125
-0.135689
-0.167906
-0.177677
-0.154691
-0.118735
-0.078603
-0.047383
-0.033748
-0.025878
-0.019287
-0.001392
0.031788
0.066166
0.091604
0.104159
0.112482
0.115655
0.139275
0.177241
0.203193
0.205124
0.172935
0.108438
0.036716
-0.029450
-0.090361
-0.115358
-0.120862
-0.109945
-0.071204
-0.031782
0.009296
0.043769
0.049709
0.024049
-0.025532
-0.089794
-0.148662
-0.177865
-0.181003
-0.152733
-0.111578
-0.074875
-0.050658
-0.040331
-0.033376
-0.020893
0.007104
0.042771
0.077816
0.097186
0.103136
0.106103
0.112035
0.146026
0.186516
0.214975
0.217589
0.176008
0.104945
0.031286
-0.048718
-0.108470
-0.129051
-0.137979
-0.114308
-0.068356
-0.025542
0.024643
0.056091
0.057208
0.028015
-0.029941
-0.101561
-0.160604
-0.193532
-0.194734
-0.161476
-0.117054
-0.074264
-0.046235
-0.033313
-0.027162
-0.015666
0.007845
0.039123
0.071983
0.092502
0.103759
0.109595
0.121516
0.149296
0.181868
0.211556
0.205458
0.171247
0.108519
0.032747
-0.041525
-0.106240
-0.135016
-0.142410
-0.117946
-0.070987
-0.020678
0.027804
0.055490
0.055941
0.018895
-0.037481
-0.105356
-0.163484
-0.192981
-0.195308
-0.165854
-0.122971
-0.080739
-0.050750
-0.033062
-0.024698
-0.012537
0.010707
0.038770
0.072985
0.092423
0.104413
0.112406
0.118273
0.147268
0.182739
0.210871
0.211749
0.176958
0.112740
0.039589
-0.038819
-0.105164
-0.135423
-0.147681
-0.124729
-0.076426
-0.026042
0.026099
0.057732
0.057986
0.023372
-0.034396
-0.106541
-0.166367
-0.198491
-0.202591
-0.171164
-0.128039
-0.085092
-0.052682
-0.033993
-0.023100
-0.009136
0.010543
0.036697
0.066792
0.085301
0.102327
0.111608
0.120800
0.152604
0.181966
0.209087
0.208047
0.173353
0.113644
0.047134
-0.030421
-0.110805
-0.148635
-0.171938
-0.149167
-0.086245
-0.024084
0.040355
0.074406
0.068187
0.026269
-0.034829
-0.107358
-0.162513
-0.191935
-0.199305
-0.170918
-0.134345
-0.091030
-0.053923
-0.033304
-0.021653
-0.014162
-0.002084
0.018649
0.049178
0.074777
0.097999
0.113184
0.122862
0.144065
0.168591
0.196488
0.207897
0.190197
0.146031
0.082544
0.007019
-0.071015
-0.120053
-0.145115
-0.133136
-0.088987
-0.036393
0.017350
0.050016
0.055875
0.032162
-0.016533
-0.075671
-0.134491
-0.176731
-0.195407
-0.183717
-0.151654
-0.108347
-0.070079
-0.046896
-0.035858
-0.032572
-0.022326
-0.000168
0.032446
0.066114
0.088626
0.103754
0.112055
0.124246
0.152834
0.191621
0.218141
0.215818
0.182297
0.116912
0.046978
-0.030939
-0.096976
-0.128083
-0.141278
-0.117023
-0.070147
-0.017961
0.029918
0.057820
0.051319
0.013544
-0.041445
-0.109943
-0.163098
-0.192497
-0.196330
-0.169279
-0.130065
-0.091288
-0.062144
-0.045457
-0.038763
-0.026632
-0.009927
0.017123
0.050394
0.075104
0.094974
0.103278
0.112993
0.131662
0.166886
0.206909
0.222765
0.213595
0.166174
0.095555
0.021696
-0.060613
-0.116465
-0.142001
-0.140487
-0.102592
-0.047606
0.004414
0.046491
0.061785
0.038607
-0.004094
-0.065087
-0.130163
-0.173030
-0.197113
-0.191268
-0.159819
-0.120972
-0.082576
-0.053763
-0.039579
-0.030554
-0.019844
-0.003796
0.025434
0.053142
0.077037
0.094237
0.104455
0.121277
0.151106
0.187173
0.220785
0.226055
0.202106
0.146845
0.076226
-0.000211
-0.079411
-0.126049
-0.147340
-0.133582
-0.085661
-0.028825
0.025263
0.059281
0.061120
0.026798
-0.023424
-0.088232
-0.146022
-0.181037
-0.196084
-0.182276
-0.149298
-0.110830
-0.074461
-0.048927
-0.034107
-0.024282
-0.012585
0.004209
0.027961
0.051347
0.071818
0.089450
0.111046
0.135831
0.165525
0.194937
0.218573
0.217736
0.191587
0.144741
0.082056
0.003620
-0.075803
-0.130815
-0.157941
-0.140242
-0.087760
-0.023642
0.034728
0.064553
0.058289
0.019216
-0.032761
-0.093373
-0.143238
-0.174652
-0.189618
-0.179383
-0.152540
-0.116710
-0.077962
-0.048478
-0.031068
-0.020942
-0.013901
-0.001772
0.020437
0.044162
0.067626
0.090939
0.113273
0.133540
0.164304
0.197149
0.222686
0.228400
0.204662
0.152067
0.083785
-0.007634
-0.095045
-0.145413
-0.166793
-0.136418
-0.074699
-0.010980
0.044205
0.068137
0.055153
0.016081
-0.034890
-0.096664
-0.145242
-0.181030
-0.197377
-0.185172
-0.156047
-0.112828
-0.071476
-0.041644
-0.023128
-0.016807
-0.011610
-0.004020
0.012058
0.035736
0.061934
0.091041
0.118236
0.143695
0.170472
0.197602
0.218323
0.223929
0.204827
0.161300
0.095013
-0.005208
-0.098233
-0.161012
-0.184821
-0.147105
-0.076349
-0.001268
0.056596
0.075945
0.053765
0.010469
-0.041572
-0.097463
-0.137516
-0.172061
-0.190121
-0.186322
-0.162565
-0.120178
-0.073342
-0.036888
-0.018771
-0.015186
-0.020494
-0.020357
-0.005444
0.021556
0.057125
0.093618
0.124618
0.151472
0.173641
0.195326
0.220788
0.227207
0.211236
0.170025
0.099278
-0.003919
-0.099075
-0.162436
-0.182640
-0.141591
-0.071436
0.001786
0.054766
0.069108
0.047782
0.007406
-0.038580
-0.089104
-0.128928
-0.165242
-0.188474
-0.188554
-0.166107
-0.122721
-0.073086
-0.034981
-0.019166
-0.020145
-0.030564
-0.033763
-0.017392
0.013869
0.055091
0.094504
0.122774
0.143523
0.160611
0.176367
0.199305
0.218837
0.217420
0.189109
0.130059
0.022338
-0.084106
-0.158354
-0.190648
-0.152333
-0.078585
-0.004040
0.052587
0.067502
0.045270
0.011864
-0.026228
-0.067676
-0.099919
-0.139927
-0.174428
-0.187697
-0.177760
-0.135639
-0.079796
-0.040529
-0.022866
-0.029112
-0.047273
-0.053134
-0.037252
-0.003259
0.043161
0.082503
0.113533
0.137191
0.155930
0.174597
0.197554
0.218225
0.224087
0.203214
0.159465
0.073186
-0.040192
-0.124930
-0.182214
-0.177104
-0.115010
-0.040743
0.029837
0.069439
0.065551
0.036590
0.001660
-0.044549
-0.081938
-0.118539
-0.158586
-0.178082
-0.179992
-0.150420
-0.098833
-0.047991
-0.022365
-0.022391
-0.042391
-0.064042
-0.060019
-0.034234
0.012089
0.060466
0.094490
0.116834
0.131411
0.145127
0.173269
0.210856
0.236443
0.241990
0.210889
0.146150
0.033763
-0.078086
-0.156840
-0.197421
-0.164680
-0.098406
-0.021267
0.044032
0.073851
0.068340
0.044415
0.009569
-0.037423
-0.079116
-0.128833
-0.169505
-0.186595
-0.180198
-0.137973
-0.081609
-0.028946
-0.000120
-0.007628
-0.041328
-0.073964
-0.087901
-0.066462
-0.015257
0.039798
0.090466
0.117625
0.129860
0.145587
0.161097
0.187718
0.218024
0.231744
0.213264
0.169466
0.081913
-0.032633
-0.114953
-0.171431
-0.168593
-0.112001
-0.045950
0.020915
0.059969
0.061859
0.041953
0.015100
-0.025756
-0.061392
-0.099527
-0.143251
-0.166486
-0.175508
-0.151648
-0.102401
-0.050607
-0.010472
-0.004375
-0.028781
-0.062936
-0.083182
-0.071994
-0.028331
0.024778
0.071750
0.103397
0.119359
0.128313
0.142708
0.172043
0.208217
0.234802
0.229636
0.191436
0.118008
0.002516
-0.091518
-0.156040
-0.176904
-0.136455
-0.076431
-0.012387
0.039629
0.059811
0.056060
0.041098
0.010285
-0.027954
-0.067882
-0.119568
-0.155845
-0.173993
-0.165514
-0.125264
-0.072383
-0.025791
0.001258
-0.004727
-0.037625
-0.073600
-0.095649
-0.085214
-0.041569
0.011049
0.062914
0.098462
0.115404
0.132398
0.149043
0.168759
0.200713
0.219757
0.213610
0.185002
0.125376
0.022047
-0.069391
-0.138276
-0.172275
-0.140617
-0.085208
-0.018073
0.040529
0.062126
0.059249
0.039610
0.007701
-0.026640
-0.059086
-0.100856
-0.132529
-0.151778
-0.153191
-0.123542
-0.081211
-0.035952
-0.002325
0.003484
-0.016973
-0.055615
-0.090793
-0.100860
-0.076118
-0.026872
0.031719
0.080934
0.110490
0.129813
0.140690
0.153119
0.172689
0.193982
0.205847
0.194051
0.160569
0.096208
-0.003750
-0.084852
-0.143393
-0.160410
-0.121264
-0.064234
-0.000652
0.046874
0.060397
0.051580
0.029839
-0.002182
-0.033576
-0.064679
-0.101284
-0.127690
-0.142077
-0.136217
