-0.048192
0.006258
0.105103
0.162469
0.164322
0.110022
-0.018469
-0.054028
-0.076916
-0.028285
0.052717
0.092565
0.097368
0.036342
-0.010341
-0.062424
-0.038666
-0.052662
-0.043868
0.022326
0.017221
0.031015
0.009448
-0.001740
-0.026498
-0.031870
-0.012888
-0.047416
0.029044
0.043629
0.059620
0.071966
0.019014
0.000525
-0.015418
0.006533
0.003837
0.011057
-0.012414
-0.061251
-0.024476
-0.014654
0.007704
0.056318
0.054122
0.008960
-0.009102
-0.031388
-0.068138
-0.002647
0.040889
0.040500
0.069752
0.060214
0.010970
-0.018746
0.009889
0.005588
0.019486
0.025662
-0.020407
0.022584
0.028964
0.049277
0.049140
0.054994
0.046563
-0.018148
0.024974
0.002076
0.019493
0.076903
0.090310
0.095350
0.061169
0.103348
0.012983
-0.049324
-0.054876
-0.089063
-0.082379
-0.024659
0.029357
-0.009089
0.011316
-0.019992
-0.116855
-0.097191
-0.098601
-0.094919
-0.066061
-0.013109
-0.039533
-0.054072
-0.019485
-0.054935
-0.049335
-0.014753
-0.023741
-0.035010
-0.012821
-0.020912
-0.071138
-0.037905
-0.040267
-0.076444
-0.055058
-0.083340
-0.085291
-0.056229
-0.009600
0.015006
0.044714
0.073630
0.027601
-0.025779
-0.054853
-0.079809
-0.063539
-0.052968
-0.038068
-0.058386
-0.025634
0.008107
0.004754
-0.005844
-0.069454
-0.112402
-0.123411
-0.092166
-0.053048
-0.029289
-0.006794
-0.011597
-0.005313
0.002600
0.006880
0.004261
0.017678
-0.007023
-0.050717
-0.027846
-0.016561
0.021157
0.085502
0.108137
0.095468
0.065416
0.033525
-0.037991
-0.033359
0.047876
0.077005
0.119153
0.104251
0.029668
-0.013325
0.025401
0.044804
0.081784
0.148468
0.127206
0.128257
0.149231
0.105420
0.021660
-0.053272
-0.098614
-0.133809
-0.052125
0.028422
0.066707
0.147025
0.136462
0.107298
0.055627
0.020276
-0.012381
-0.009109
0.015590
-0.046941
-0.085411
-0.087645
-0.087551
-0.034930
0.072908
0.129246
0.093524
0.072786
-0.016513
-0.106949
-0.099772
-0.075191
-0.045579
0.029688
0.093911
0.091530
0.114880
0.139438
0.087297
0.031085
-0.032079
-0.132573
-0.178003
-0.130024
-0.094389
-0.045302
0.002746
-0.031634
-0.066151
-0.078828
-0.109826
-0.092601
-0.029733
0.003986
0.016618
0.032894
0.036232
-0.009659
-0.024531
-0.035725
-0.078742
-0.068288
-0.049109
-0.048791
-0.028518
0.003492
0.002564
-0.011236
-0.009251
-0.008282
0.007399
0.066722
0.059413
0.022553
-0.011555
-0.058805
-0.085390
-0.084275
-0.075404
-0.092230
-0.086090
-0.066997
-0.043793
0.008753
0.033825
0.036725
0.002450
-0.036599
-0.080922
-0.085963
-0.051415
-0.010194
0.009459
0.001529
0.000647
-0.022894
-0.001621
0.022810
0.012153
0.013325
0.006067
-0.000468
-0.001277
0.013483
-0.022771
-0.003812
0.038322
0.031889
0.055412
0.043570
-0.009478
-0.015729
0.008317
0.034413
0.039307
0.100046
0.053537
-0.012646
-0.026497
-0.005474
0.040563
0.108398
0.165424
0.140195
0.096640
0.052784
0.021608
0.050941
0.089792
0.091488
0.075693
0.020403
-0.025760
-0.015253
0.055749
0.119369
0.174429
0.176280
0.147875
0.133413
0.191811
0.281298
0.281012
0.217158
0.037484
-0.189024
-0.356897
-0.381198
-0.256513
-0.049284
0.172828
0.251488
0.195768
0.030504
-0.143983
-0.249002
-0.266007
-0.205549
-0.145759
-0.104805
-0.096264
-0.073871
-0.028845
0.047130
0.124177
0.132330
0.070096
-0.056550
-0.159891
-0.192978
-0.161034
-0.074825
-0.001014
0.018510
-0.014950
-0.038164
-0.051301
-0.028892
-0.001846
-0.005291
-0.049146
-0.100270
-0.129628
-0.125442
-0.076150
-0.018065
0.018961
0.011745
-0.020282
-0.039979
-0.057834
-0.038274
0.015257
0.049012
0.035847
0.017199
0.006139
-0.002996
0.017968
0.062417
0.093747
0.076769
0.060496
0.049618
0.011136
0.035697
0.040464
0.068369
0.054161
0.032848
-0.001926
-0.009266
0.017716
0.046962
0.084378
0.089669
0.061473
0.048981
0.020289
0.005847
-0.005434
0.005134
0.035054
0.048552
0.075684
0.061235
0.086492
0.070474
0.031528
0.043036
0.027921
0.027263
0.039886
0.051429
0.030909
0.034665
0.042140
0.020719
0.057381
0.075513
0.036915
0.011253
0.023063
0.047803
0.132064
0.235768
0.241801
0.161551
0.039202
-0.105288
-0.177581
-0.153252
-0.095072
-0.026779
0.002824
-0.020928
-0.014022
-0.033506
0.021347
0.027924
0.066167
0.061699
0.006305
-0.020052
-0.050324
-0.003954
0.062759
0.120791
0.160186
0.150300
0.159665
0.130167
0.141013
0.106342
0.052056
0.002536
-0.068112
-0.086039
-0.089937
-0.065998
-0.064151
-0.077380
-0.086557
-0.092931
-0.050086
-0.033599
-0.011637
-0.049608
-0.082018
-0.116607
-0.142105
-0.094536
-0.079476
-0.049582
-0.044873
-0.050322
-0.063191
-0.050118
-0.002268
-0.005760
0.017605
-0.028165
-0.085356
-0.105839
-0.094679
-0.012204
0.041932
0.090163
0.019979
-0.030700
-0.077763
-0.095660
-0.045511
-0.017430
0.017572
0.002966
0.014269
-0.011903
-0.028618
0.006474
-0.014958
-0.029532
-0.054514
-0.059611
-0.042992
0.039475
0.129905
0.148624
0.160332
0.067101
-0.040080
-0.112323
-0.147759
-0.110900
-0.068542
-0.027981
0.019677
0.033533
0.042933
0.060143
0.049975
0.011118
-0.053706
-0.090151
-0.109014
-0.015200
0.054052
0.107391
0.137134
0.066148
-0.021926
-0.060621
-0.062418
-0.034042
0.014590
0.054837
0.078523
0.079467
0.039945
0.029622
0.007422
-0.005735
-0.003243
-0.002478
-0.019342
-0.002105
0.045394
0.061315
0.097264
0.117245
0.133559
0.117709
0.081247
0.055500
0.011853
0.017293
-0.005995
-0.026638
-0.055415
-0.086152
-0.031235
0.034879
0.117316
0.141989
0.122279
0.032080
-0.051821
-0.081934
-0.076438
-0.028171
0.028349
0.075599
0.082844
0.079601
0.116256
0.135304
0.171976
0.158261
0.043081
-0.082977
-0.197648
-0.247442
-0.244309
-0.153258
-0.069049
-0.012408
0.033661
0.001047
-0.045375
-0.072704
-0.079089
-0.082250
-0.080736
-0.100977
-0.167343
-0.206505
-0.206522
-0.169095
-0.083389
0.000170
0.057965
0.053245
0.022135
-0.027769
-0.058681
-0.037946
0.006851
0.070462
0.091767
0.067596
-0.016433
-0.122483
-0.142956
-0.115887
-0.018899
0.074152
0.103457
0.071167
-0.027810
-0.110974
-0.178631
-0.174212
-0.122712
-0.066857
-0.027832
-0.027413
-0.023252
-0.030431
-0.020014
0.010115
0.007536
-0.000029
-0.033970
-0.043713
-0.040881
-0.028763
0.001407
0.004334
0.002300
0.018264
0.015342
0.016384
0.023832
0.010540
-0.015015
-0.045185
-0.050360
-0.037113
0.013815
0.038899
0.037601
0.037787
0.002437
0.024644
0.022517
-0.015697
-0.010261
-0.030270
-0.040895
-0.023688
0.026467
0.042226
0.060592
0.051136
-0.009994
-0.035708
-0.038685
-0.031186
-0.016721
0.053392
0.062484
0.054079
0.078676
0.045602
0.047798
0.059362
0.083194
0.082885
0.116854
0.116290
0.066798
0.049761
0.014400
0.030568
0.080643
0.174325
0.242379
0.276722
0.302817
0.238438
0.148228
0.041095
-0.103534
-0.207625
-0.259097
-0.255477
-0.160948
-0.049552
0.015391
0.038572
0.018689
-0.053996
-0.118122
-0.115696
-0.108935
-0.089676
-0.049620
-0.034514
-0.033423
-0.013739
-0.010604
-0.036812
-0.045929
-0.090496
-0.109904
-0.086005
-0.063312
-0.001156
0.068533
0.096944
0.073731
0.052532
-0.018162
-0.093962
-0.111431
-0.146554
-0.152556
-0.111031
-0.049503
0.012102
0.096086
0.148255
0.099543
0.056834
-0.018916
-0.102027
-0.142626
-0.118746
-0.074134
-0.012052
0.071349
0.109026
0.111524
0.095574
0.047427
-0.028714
-0.071665
-0.085519
-0.064746
-0.011478
0.019352
0.020600
0.028141
-0.001697
-0.041370
-0.094853
-0.102761
-0.102113
-0.087712
-0.037449
-0.000016
0.009496
0.010723
0.023883
-0.050042
-0.092322
-0.037967
-0.058609
-0.049990
0.036117
0.070135
0.029052
0.074617
0.084189
0.006953
-0.002334
0.012935
0.012211
0.030039
0.104106
0.090493
0.040046
0.050847
0.028417
0.039390
0.090372
0.123692
0.091357
0.081898
0.078907
0.050204
0.107820
0.156932
0.190626
0.247424
0.257405
0.229854
0.152170
0.015493
-0.149546
-0.285537
-0.313089
-0.248453
-0.068586
0.102378
0.237374
0.230504
0.133563
-0.038326
-0.203957
-0.270758
-0.253459
-0.145119
-0.020377
0.105649
0.207582
0.250236
0.237802
0.157477
0.060764
-0.082519
-0.154272
-0.149939
-0.089461
0.024867
0.140801
0.171707
0.107201
-0.008350
-0.127545
-0.208134
-0.203434
-0.132601
-0.065954
0.003931
0.009843
-0.016466
-0.036123
-0.051384
-0.058830
-0.072273
-0.070259
-0.063956
-0.013263
0.066316
0.102746
0.094081
0.025269
-0.074268
-0.117745
-0.110531
-0.084179
-0.032606
0.000553
-0.027347
-0.059233
-0.055495
-0.030898
0.027746
0.059585
0.019176
-0.056638
-0.140087
-0.191518
-0.158862
-0.058183
0.052006
0.107904
0.108781
0.065303
0.003377
-0.040731
-0.023976
-0.004175
0.014986
0.049984
0.038945
0.024817
0.023622
0.035425
0.003935
0.000761
0.006991
0.004367
-0.009503
0.003449
0.020360
-0.002958
-0.004979
0.008510
-0.009923
-0.000167
0.023451
0.008590
-0.019410
-0.000678
0.015123
0.013811
0.087567
0.088410
0.033689
0.046016
-0.007843
-0.038682
-0.023542
0.017560
0.032269
0.072833
0.089578
0.050786
0.035437
0.039092
0.043206
0.020701
0.053927
0.051334
0.031362
0.044333
0.042495
0.055603
0.040037
0.086862
0.047075
0.036428
0.021254
0.006260
0.029280
0.021301
0.057465
0.005804
-0.007960
-0.014909
0.006667
0.068322
0.103765
0.113169
0.039785
-0.007063
-0.066614
-0.025722
0.040824
0.089101
0.158049
0.103790
0.096139
0.064240
0.095344
0.117917
0.090500
-0.024096
-0.195613
-0.283149
-0.341455
-0.262715
-0.156415
-0.032862
0.026096
0.003555
-0.038691
-0.130330
-0.145582
-0.148799
-0.107316
-0.064760
-0.037973
-0.010565
-0.025251
0.003219
-0.009986
-0.008921
-0.023576
-0.051361
-0.035669
-0.028754
0.014394
0.016255
0.030786
0.012886
-0.002975
-0.001457
-0.034761
-0.012156
0.018889
0.065786
0.089894
0.112892
0.095853
-0.022529
-0.113171
-0.185250
-0.200104
-0.141591
-0.035989
0.062469
0.081874
0.085413
0.010297
-0.039325
-0.049629
-0.029412
0.000056
0.007858
0.000886
-0.020943
-0.023521
-0.013285
0.010917
0.055063
0.064666
0.040452
0.008347
-0.050433
-0.066158
-0.041391
-0.007562
-0.002539
0.045459
0.043075
0.015793
0.042630
0.023442
0.004784
-0.002941
-0.001566
-0.015157
0.012614
0.041907
-0.010209
0.019742
0.020294
0.009821
0.008209
0.051962
0.014626
-0.014940
0.030945
0.009261
0.020236
0.071734
0.089565
0.088721
0.110836
0.058574
-0.023025
-0.010652
0.011643
0.064716
0.118897
0.164525
0.133098
0.079857
0.058335
0.017933
0.032813
0.112157
0.198601
0.228005
0.206293
0.092690
-0.098826
-0.186893
-0.201895
-0.136146
0.001351
0.139469
0.129757
0.053602
-0.060372
-0.175096
-0.214390
-0.151185
-0.050649
0.032760
0.094302
0.050522
-0.030726
-0.042270
-0.041179
-0.009460
0.028229
0.029823
-0.013032
-0.024139
-0.012678
0.018259
0.060841
0.088983
0.036486
-0.033101
-0.077934
-0.112369
-0.088129
-0.038510
0.000648
0.003618
-0.029364
-0.074075
-0.114756
-0.085204
-0.053204
-0.016670
0.009176
-0.000111
-0.037078
-0.057342
-0.044241
-0.027478
0.004089
0.021135
0.006848
-0.036919
-0.075994
-0.106578
-0.104292
-0.057222
-0.016470
0.043175
0.073691
0.068364
0.039395
-0.002493
-0.037397
-0.099027
-0.110658
-0.105714
-0.061207
-0.017983
0.048181
0.068899
0.048464
0.048218
0.013733
-0.033251
-0.054993
-0.050616
-0.068581
-0.062193
-0.015190
0.022043
0.050372
0.087203
0.130596
0.096863
0.058181
0.000469
-0.086702
-0.084777
-0.030715
0.031705
0.090722
0.110542
0.095907
0.063560
0.044337
0.035917
-0.000533
-0.013549
-0.021635
-0.040540
-0.013799
0.036044
0.074557
0.099910
0.111989
0.043814
-0.026980
-0.046568
-0.070976
-0.025920
0.079501
0.158250
0.197371
0.205412
0.125139
-0.043442
-0.123785
-0.154600
-0.120281
0.015784
0.173207
0.211626
0.190962
0.145834
-0.004533
-0.049796
0.004848
0.050385
0.059779
0.066522
0.006776
-0.104141
-0.079227
-0.048644
-0.003816
0.072501
0.085793
-0.008033
-0.064732
-0.077783
-0.101855
-0.019775
0.045783
0.012378
-0.011643
-0.056136
-0.096679
-0.085632
0.002544
0.039971
0.059900
0.056901
-0.031993
-0.104448
-0.138547
-0.109742
-0.070295
0.001652
0.038272
-0.000742
-0.017775
-0.058532
-0.076288
-0.065886
-0.030655
-0.018828
-0.039187
-0.057511
-0.098550
-0.092132
-0.078562
-0.057992
-0.035895
-0.026730
-0.019757
-0.039709
-0.033780
-0.042979
-0.054159
-0.051857
-0.046445
-0.039824
-0.009015
0.039520
0.055777
0.077938
0.056808
-0.027415
-0.108334
-0.160829
-0.175986
-0.158830
-0.052357
0.032958
0.100466
0.127400
0.093316
0.019854
-0.043625
-0.080912
-0.106578
-0.099839
-0.060484
-0.035507
0.022544
0.059340
0.096237
0.101799
0.089714
0.042751
-0.040806
-0.062670
-0.074800
-0.026747
0.040915
0.094670
0.074443
0.063554
0.016893
-0.034741
-0.054316
-0.050354
0.040953
0.104066
0.148881
0.133611
0.082624
0.043167
-0.005402
-0.004736
0.014616
0.058359
0.073847
0.130711
0.125564
0.083875
0.066288
-0.006811
-0.000129
0.018664
0.058705
0.078853
0.061829
0.049409
0.003634
0.035549
0.074583
0.171547
0.262151
0.293187
0.252747
0.120081
-0.019034
-0.106959
-0.109159
-0.109713
-0.068096
-0.094801
-0.137922
-0.139023
-0.145563
-0.103988
-0.063960
-0.013090
-0.016391
-0.038234
-0.070332
-0.118932
-0.127658
-0.127245
-0.098720
-0.087576
-0.063721
-0.034965
-0.009867
0.031648
0.052681
0.069826
0.053537
0.042814
-0.006313
-0.035037
-0.034496
-0.051834
-0.023163
-0.020004
-0.023892
-0.043577
-0.059947
-0.072123
-0.089980
-0.087231
-0.092583
-0.074005
-0.043242
-0.005001
0.030055
0.007952
-0.012397
-0.061803
-0.093082
-0.095452
-0.057906
0.000053
0.045558
0.094621
0.082509
0.050457
-0.005638
-0.061896
-0.067024
-0.065026
-0.017490
0.011140
0.045987
0.069564
0.071353
0.061705
0.033112
-0.006801
-0.044202
-0.015947
0.011205
0.048291
0.093450
0.081243
0.030195
-0.037351
-0.042807
-0.023275
-0.018569
0.058977
0.073292
0.029536
0.018282
0.009149
0.022034
0.014184
0.057144
0.029580
0.026172
0.023685
-0.001197
0.004247
0.046427
0.136539
0.126607
0.134122
0.084660
0.043456
0.013630
0.010480
0.053769
0.074909
0.136601
0.097346
0.048977
0.057692
0.067213
0.143824
0.149609
0.095114
-0.052307
-0.156658
-0.232942
-0.221191
-0.090088
0.023473
0.114340
0.108764
0.074521
-0.008459
-0.044409
-0.028668
-0.010306
0.014160
-0.004767
-0.040946
-0.092203
-0.081120
-0.082835
-0.061860
-0.025868
-0.030962
-0.004886
0.014653
0.075315
0.090086
0.095118
0.040594
-0.049587
-0.120297
-0.164420
-0.149615
-0.111039
-0.052016
-0.007701
-0.013593
-0.024298
-0.064369
-0.102376
-0.112681
-0.109703
-0.108161
-0.080824
-0.053397
-0.049839
-0.002977
-0.003239
-0.039109
-0.048424
-0.052830
-0.048260
-0.023066
0.004739
-0.017201
-0.008470
0.011830
0.004603
0.040622
0.092235
0.098829
0.033247
-0.018039
-0.071974
-0.123672
-0.057220
0.010568
0.059199
0.082073
0.041212
-0.016548
-0.061103
-0.061580
-0.071704
-0.001179
0.018759
0.015002
0.007285
-0.009613
-0.008544
0.009017
0.070258
0.075690
0.060208
0.019520
-0.028772
-0.039042
-0.020953
0.041343
0.067579
0.126853
0.131969
0.086545
0.080781
0.064864
0.054228
0.030527
0.006768
-0.033383
-0.025115
0.053890
0.134427
0.216824
0.272989
0.256512
0.185602
0.025802
-0.118029
-0.250938
-0.283874
-0.188111
-0.044479
0.067184
0.139459
0.146437
0.057260
-0.017537
-0.092732
-0.114922
-0.117250
-0.063234
-0.022067
0.017069
0.064383
0.071244
0.075481
0.066202
0.054148
0.018055
0.032312
0.080376
0.071443
0.096088
0.069100
-0.029422
-0.102583
-0.120458
-0.139044
-0.096526
-0.021729
-0.021368
-0.002883
0.006938
-0.015808
-0.034160
-0.027913
-0.057842
-0.092074
-0.051302
-0.056230
-0.035783
0.025414
0.062192
0.058472
0.013031
-0.021381
-0.123028
-0.134515
-0.077534
-0.042029
0.000877
0.017425
-0.023457
-0.105297
-0.130191
-0.138349
-0.140737
-0.076069
-0.017530
0.020100
0.051594
0.078508
0.040350
-0.009099
-0.052274
-0.106194
-0.142642
-0.083051
-0.011384
0.052486
0.118917
0.119476
0.069130
0.036565
0.035860
0.027519
0.023493
0.029834
-0.017084
-0.057645
-0.040997
0.005661
0.032688
0.084485
0.049003
-0.024259
-0.059755
-0.088116
-0.062538
-0.017285
0.035468
0.021540
0.046958
0.030363
0.048122
0.108517
0.136304
0.063648
-0.028180
-0.052473
-0.111674
-0.024442
0.070365
0.125164
0.128195
0.083842
0.046747
-0.045803
-0.020114
-0.026329
-0.000955
0.039591
0.048263
0.038258
0.040718
0.080239
0.061718
0.083058
0.081133
0.045621
0.016864
0.008918
0.012380
0.000760
0.002514
-0.006895
-0.058854
-0.064611
-0.060640
-0.000176
0.042724
0.078397
0.078749
0.017234
-0.027085
-0.047328
-0.020479
0.004116
0.061131
0.091587
0.063368
0.058805
0.044328
0.025989
0.022415
0.017507
-0.005299
-0.013661
-0.010916
-0.027424
-0.059552
-0.052601
-0.049273
-0.035674
0.001850
0.016831
-0.026517
-0.072979
-0.072439
-0.090695
-0.054217
-0.007658
0.000224
-0.002138
0.000489
0.005888
-0.019378
-0.005219
0.013140
0.018289
0.050265
0.073362
0.076092
0.050506
0.039019
-0.007293
-0.028800
-0.028038
-0.047467
-0.030364
-0.020911
0.002808
-0.019468
0.007395
-0.019172
-0.031329
-0.000534
-0.013397
0.036014
0.018487
0.023290
0.048252
0.066088
0.095222
0.062073
0.019459
-0.063598
-0.094620
-0.100208
-0.090287
-0.015357
0.035228
0.078491
0.089219
0.042810
-0.058965
-0.139930
-0.193371
-0.200360
-0.156028
-0.098169
-0.052166
-0.023407
-0.001952
-0.011400
-0.026732
-0.042506
-0.066508
-0.098114
-0.094747
-0.065910
-0.062250
-0.005497
0.018471
0.029448
0.026382
0.025483
0.010862
-0.016418
-0.021310
-0.001448
-0.008406
-0.008081
0.015743
0.022553
0.062931
0.095743
0.103359
0.040733
0.023902
-0.009909
0.004384
0.024893
0.036246
0.042708
0.049000
0.088511
0.100343
0.142298
0.150736
0.133444
0.090291
0.058173
0.049100
0.035537
0.045947
0.050272
0.036491
0.025649
0.040042
0.046360
0.037658
0.060008
0.043619
0.015674
-0.008586
-0.065488
-0.084876
-0.080141
-0.046563
-0.029880
0.017871
0.013008
0.033696
0.042969
0.033345
0.003946
-0.028196
-0.040241
-0.061890
-0.009426
0.032185
0.067728
0.061304
0.041050
0.023892
0.007189
0.076362
0.113926
0.148394
0.093792
-0.043155
-0.207879
-0.315872
-0.320414
-0.260693
-0.123438
-0.044455
-0.022671
-0.049070
-0.091226
-0.106314
-0.076695
0.007275
0.035642
0.032008
-0.021622
-0.089428
-0.149818
-0.147618
-0.093333
-0.052280
0.016774
0.027722
0.016642
-0.003909
-0.027894
-0.040382
-0.046552
-0.036882
-0.046706
-0.023670
0.017182
0.040610
0.041739
0.026823
-0.025803
-0.093013
-0.117652
-0.120713
-0.078349
0.008230
0.088600
0.106622
0.084116
0.025831
-0.038426
-0.047745
-0.045893
-0.047851
-0.036723
-0.025105
-0.007296
0.039572
0.076948
0.086337
0.090174
0.027244
-0.004603
-0.044075
-0.040836
-0.000752
0.027253
0.084248
0.087255
0.091232
0.054317
0.020043
0.023026
0.022419
0.022027
0.037044
0.058500
0.046089
0.110170
0.137443
0.148404
0.122676
0.074553
0.043575
0.000670
0.016095
0.017692
0.046944
0.058869
0.089174
0.088194
0.071704
0.077938
0.023270
0.005076
-0.008300
0.023303
0.048526
0.159784
0.230797
0.242098
0.261700
0.180425
0.076891
-0.027679
-0.049621
-0.076168
-0.030549
0.018081
-0.029581
-0.058786
-0.138828
-0.178107
-0.183152
-0.101351
-0.034614
0.018821
0.061363
-0.014831
-0.100966
-0.211656
-0.284565
-0.305713
-0.241835
-0.140493
-0.051467
0.048836
0.070586
0.058407
0.016015
-0.049843
-0.126876
-0.161135
-0.155196
-0.134568
-0.052275
0.023214
0.088077
0.103080
0.083644
0.012555
-0.068063
-0.101389
-0.108664
-0.043133
0.002974
0.045251
0.037130
0.011576
0.000611
0.001412
0.032103
0.044632
0.083726
0.061364
0.045909
0.023843
-0.016672
-0.033823
-0.047703
0.004565
-0.007944
0.024823
0.051507
0.042786
0.060432
0.067846
0.088421
0.052769
0.062120
0.065991
0.016493
0.009642
-0.016462
-0.003464
-0.015689
0.053385
0.060070
0.066055
0.102540
0.070325
0.046367
0.016266
0.032189
-0.007189
0.022023
0.058356
0.038640
0.057885
0.081435
0.082530
0.035541
0.022755
-0.045324
-0.078370
-0.018541
0.013511
0.036013
0.061246
0.090887
0.060138
0.074979
0.085896
0.083510
0.088459
0.066044
0.034912
-0.050697
-0.086042
-0.121431
-0.093589
-0.028593
0.018233
0.051429
0.037817
0.027904
0.006266
-0.016462
-0.050136
-0.098474
-0.109080
-0.108691
-0.072318
-0.028339
0.005040
0.010599
-0.016517
-0.048531
-0.057797
-0.055601
-0.049905
-0.036426
-0.054275
-0.053302
-0.042128
-0.007576
0.047415
0.104551
0.122605
0.069310
0.004667
-0.080496
-0.111190
-0.099076
-0.045397
-0.006104
-0.009424
-0.038827
-0.103529
-0.097461
-0.072560
-0.020904
-0.006071
-0.007319
-0.037200
-0.072404
-0.061957
-0.052628
-0.046600
-0.021822
0.021125
0.026645
0.041489
0.027368
-0.048939
-0.040182
-0.004361
0.022890
0.047024
0.073251
0.035997
0.017379
0.015720
0.028314
0.048622
0.046817
0.021113
-0.048618
-0.073822
-0.097049
-0.066666
0.028408
0.099111
0.119931
0.079974
0.014875
-0.082884
-0.103788
-0.073144
-0.049090
0.030994
0.065601
0.063717
0.032193
0.041886
0.019952
0.021935
0.080231
0.064349
0.066379
0.052321
0.040879
0.019716
0.046531
0.069987
0.037021
0.071592
0.059336
0.017910
0.016679
0.044726
0.080442
0.143363
0.193837
0.149836
0.040565
-0.065518
-0.183314
-0.215765
-0.137605
-0.048426
0.050915
0.104571
0.075412
-0.001904
-0.019578
-0.036598
0.008348
0.060509
0.068732
0.044634
-0.008108
-0.040193
-0.047707
0.019318
0.084583
0.158093
0.160605
0.132581
0.118348
0.100543
0.101279
0.052642
-0.022793
-0.134757
-0.221204
-0.261511
-0.225050
-0.111483
-0.021523
0.064590
0.041146
-0.007350
-0.093981
-0.160221
-0.158159
-0.133774
-0.079180
-0.055697
-0.031705
-0.056340
-0.071465
-0.070621
-0.056719
-0.030601
-0.013344
-0.017740
-0.058399
-0.085950
-0.119634
-0.129326
-0.095736
-0.026185
0.037735
0.079347
0.065983
0.013798
-0.042660
-0.108803
-0.125647
-0.076174
-0.027649
0.007555
0.034239
0.057696
0.058476
0.053201
0.040350
-0.002423
-0.024107
-0.027539
-0.007438
0.009489
0.048741
0.087276
0.066465
0.052502
-0.008783
-0.039579
-0.011463
0.038128
0.069897
0.084203
0.061150
-0.026199
-0.060584
-0.036114
-0.023463
0.045102
0.091856
0.083809
0.007965
-0.012549
-0.045547
-0.027614
0.054441
0.100621
0.093623
0.080185
0.050370
-0.012190
-0.006771
0.002877
0.008403
0.030433
0.028072
0.003942
0.021448
0.076653
0.088530
0.093534
0.046123
-0.038064
-0.080599
-0.048873
0.024671
0.138530
0.243806
0.208865
0.142084
0.040555
-0.022552
-0.057738
-0.027044
-0.019392
-0.054247
-0.056779
-0.086400
-0.053154
-0.006566
0.079623
0.090041
0.062902
-0.015498
-0.147208
-0.184910
-0.168910
-0.086774
-0.014383
0.061211
0.024694
-0.048023
-0.074012
-0.108230
-0.060945
0.017664
0.097671
0.068811
0.041610
-0.039266
-0.162977
-0.143501
-0.081541
0.001406
0.079514
0.141475
0.072597
-0.019058
-0.086241
-0.186449
-0.220568
-0.185236
-0.146976
-0.122020
-0.031782
0.020434
0.028028
0.054407
0.044003
-0.002806
-0.034310
-0.050451
-0.103371
-0.109844
-0.054468
-0.019303
0.026672
0.045802
-0.001533
-0.055505
-0.033197
-0.032873
-0.004415
0.033102
0.027100
-0.018187
-0.028522
-0.029860
-0.027447
0.015903
0.033419
-0.007550
-0.016323
-0.030078
-0.037982
0.017992
0.082072
0.077727
0.072991
0.080701
0.014572
-0.010454
-0.029493
-0.026670
-0.033791
-0.000824
0.045371
0.049224
0.079802
0.064618
0.062262
0.034129
0.033177
0.022796
0.007820
0.057513
0.024525
0.042640
0.036997
0.054685
0.047516
0.040843
0.044975
0.010585
0.038058
0.042555
0.088708
0.083637
0.043152
-0.010988
-0.082300
-0.120933
-0.103731
-0.015686
0.052168
0.140491
0.170664
0.155221
0.134974
0.133416
0.112667
0.101772
0.062635
-0.028734
-0.116891
-0.182425
-0.182233
-0.123072
-0.014974
0.058208
0.092273
0.037001
-0.043399
-0.131933
-0.177026
-0.154834
-0.132394
-0.087696
-0.076892
-0.059945
-0.051925
-0.022370
0.001467
0.007553
0.011279
-0.009607
-0.003691
-0.006816
0.015204
0.001498
-0.034930
-0.084116
-0.123322
-0.120072
-0.090332
-0.039359
-0.007188
-0.014201
-0.069024
-0.136193
-0.167487
-0.169198
-0.133033
-0.075111
-0.034592
-0.023740
-0.033113
-0.036718
-0.025832
-0.003836
0.000914
-0.023743
-0.028350
-0.049959
-0.043004
-0.010301
-0.002538
0.011917
0.025448
0.012768
-0.038701
-0.009881
0.029223
0.042119
0.082905
0.063226
0.003488
-0.029277
-0.024800
-0.014160
0.026984
0.073099
0.061032
0.038619
0.030559
0.025221
0.007842
0.043731
0.055430
0.031276
0.045694
0.027979
-0.000381
0.026094
0.064473
0.048656
0.051556
0.034788
-0.001043
0.018009
0.097891
0.153750
0.165233
0.122441
0.006741
-0.077381
-0.115100
-0.094562
-0.035196
0.038466
0.086190
0.139773
0.158856
0.151091
0.101971
0.030697
-0.042097
-0.134015
-0.189175
-0.194677
-0.140642
-0.037217
0.053174
0.114153
0.103764
0.050940
0.008620
-0.007305
0.001940
0.003613
-0.012359
-0.053902
-0.080236
-0.063844
-0.015077
0.063778
0.135933
0.167504
0.147220
0.134806
0.109058
0.081922
0.064805
0.020548
-0.057007
-0.117450
-0.179255
-0.194558
-0.146076
-0.069137
-0.007643
0.019626
0.008806
-0.046011
-0.088184
-0.102422
-0.122680
-0.107336
-0.099568
-0.104642
-0.105752
-0.088620
-0.065369
-0.049082
-0.022131
-0.021579
-0.038836
-0.062943
-0.056876
-0.049438
-0.029236
-0.012289
-0.025374
-0.054354
-0.087378
-0.079845
-0.056363
0.010633
0.046643
0.065053
0.057087
0.041640
0.005957
-0.015343
0.003844
0.005844
-0.005985
0.002429
-0.021758
-0.042485
-0.035647
0.006364
0.044663
0.068322
0.070713
0.038542
0.002135
-0.007024
-0.019552
-0.036549
-0.013533
0.005740
0.037938
0.061142
0.088343
0.064678
0.046606
0.044490
0.010287
0.012449
0.022557
0.060770
0.081051
0.100857
0.106016
0.069614
0.071232
0.074216
0.077008
0.070369
0.074408
0.043834
0.051917
0.137415
0.192276
0.193209
0.129948
0.008718
-0.163727
-0.221704
-0.178962
-0.078729
0.078294
0.178434
0.190199
0.083829
0.006986
-0.047433
-0.044197
0.066159
0.123288
0.145459
0.109564
0.039988
-0.027556
-0.044195
-0.009924
0.005345
0.044000
0.029481
-0.000449
-0.026992
-0.018186
0.006235
0.014554
0.032697
-0.032619
-0.099272
-0.134011
-0.143758
-0.099740
0.001528
0.063144
0.057914
0.071933
0.030612
0.000192
0.001284
-0.017896
-0.050120
-0.088524
-0.120695
-0.164096
-0.154215
-0.097196
-0.021329
0.054688
0.105388
0.100844
0.046489
-0.035850
-0.098644
-0.128499
-0.128280
-0.106105
-0.073022
-0.024298
0.012844
0.030527
0.025342
0.006922
-0.013941
-0.019204
-0.021418
-0.001296
0.019407
0.028288
0.040728
0.043128
0.043041
0.047495
0.067601
0.046173
0.041514
0.063187
0.038399
0.021953
0.017665
0.002827
-0.004869
0.022578
0.028289
0.016993
0.031748
0.033278
0.052452
0.080511
0.109536
0.050379
0.004912
-0.024323
-0.032762
0.026795
0.071470
0.112069
0.087387
0.069385
0.017791
0.013337
0.032269
0.087006
0.137709
0.118855
0.114257
0.044246
-0.001511
-0.036676
0.005143
0.059348
0.108436
0.174828
0.132090
0.058281
-0.018650
-0.049163
-0.026741
0.066305
0.144781
0.129660
0.083108
-0.022094
-0.125691
-0.169968
-0.114759
-0.003812
0.106783
0.172893
0.138172
0.068408
0.011185
-0.018798
0.019373
0.055823
0.072944
0.050969
0.036933
0.016037
0.011330
0.045859
0.052657
0.028111
-0.036498
-0.095804
-0.138432
-0.135680
-0.081791
-0.047412
-0.030861
-0.037031
-0.061920
-0.075888
-0.058090
-0.006106
0.035505
0.029332
-0.020913
-0.103843
-0.150543
-0.144026
-0.081674
0.005955
0.079625
0.112929
0.094656
0.045273
-0.016725
-0.073467
-0.084116
-0.075095
-0.047508
-0.004193
0.023976
0.062946
0.082257
0.070422
0.011776
-0.074142
-0.155504
-0.206657
-0.169561
-0.078833
0.037803
0.125216
0.137197
0.075295
-0.014754
-0.103039
-0.145339
-0.122183
-0.068964
-0.020217
0.024768
0.061165
0.086148
0.082053
0.080158
0.028721
-0.016027
-0.042044
-0.057662
-0.037825
0.017090
0.080774
0.078243
0.071908
0.041736
-0.017082
-0.033335
-0.052487
-0.029783
0.001425
0.015325
0.051867
0.046458
0.074137
0.079697
0.088346
0.081222
0.037051
-0.013179
-0.067430
-0.063296
0.000769
0.102179
0.135460
0.149818
0.127919
0.029720
-0.058058
-0.078687
-0.106740
-0.085083
0.009953
0.029349
0.071269
0.132727
0.163089
0.139618
0.139289
0.107871
-0.008631
-0.044990
-0.103467
-0.155065
-0.141668
-0.073394
-0.059035
-0.045778
-0.011098
-0.072868
-0.072973
-0.034194
0.011899
0.033552
0.088910
0.054609
-0.030796
-0.058623
-0.120818
-0.149541
-0.120192
-0.057382
-0.029530
0.014774
0.046877
-0.003036
-0.014568
-0.041946
-0.060553
-0.067458
-0.035449
-0.044070
-0.069423
-0.064655
-0.076438
-0.065729
-0.030327
0.002864
-0.012756
-0.035835
-0.081296
-0.147616
-0.148477
-0.122329
-0.079622
-0.033085
-0.009497
-0.034273
-0.065070
-0.067420
-0.068582
-0.052193
-0.020765
-0.011397
-0.025061
-0.039233
-0.051515
-0.076664
-0.043509
-0.007522
0.006580
-0.002781
-0.005114
-0.002795
-0.002880
0.014974
0.031356
0.014166
0.013426
0.012367
-0.000669
-0.013392
-0.017734
-0.047905
-0.071590
-0.069400
-0.059796
-0.040211
-0.008100
0.053361
0.043051
0.070695
0.056914
0.001206
-0.034040
-0.044426
-0.025149
-0.010583
0.030589
0.016148
0.020012
0.015934
0.041384
0.068846
0.100345
0.101538
0.057354
0.049612
0.021466
0.018980
0.040398
0.035718
0.042660
0.044574
0.085533
0.101920
0.170184
0.213398
0.167203
0.072206
-0.070177
-0.191825
-0.192484
-0.090917
0.056713
0.188127
0.224535
0.143583
0.013948
-0.106838
-0.135725
-0.096217
-0.003447
0.037609
0.034299
0.001659
-0.049252
-0.057157
-0.038000
0.005135
0.037917
0.038950
0.019972
-0.024582
-0.049807
-0.067649
-0.063651
-0.094965
-0.088115
-0.082107
-0.092780
-0.070317
-0.066267
-0.063082
-0.067204
-0.040161
-0.031651
-0.014361
0.012753
-0.007504
-0.043380
-0.069229
-0.070154
-0.061472
-0.028105
-0.013778
-0.041748
-0.076450
-0.101397
-0.086219
-0.034435
0.048930
0.074276
0.038142
-0.024965
-0.099826
-0.115705
-0.081025
-0.036064
-0.000013
-0.011819
-0.030161
-0.048509
-0.021868
0.010151
0.049629
0.048158
0.000045
-0.048077
-0.063053
-0.037284
0.001264
0.070964
0.115535
0.100647
0.052139
0.002203
-0.054394
-0.065395
-0.034523
0.002338
0.010760
0.067569
0.068795
0.073937
0.082093
0.070483
0.049337
0.042036
0.034562
-0.031809
-0.009619
-0.012569
-0.005939
0.055589
0.090724
0.124820
0.093586
0.057484
-0.010497
-0.018720
0.033136
0.097808
0.146124
0.122534
0.092839
0.018866
0.010047
0.049068
0.081031
0.073491
0.010956
-0.041790
-0.076537
-0.022025
0.048818
0.144109
0.138960
0.111217
0.059587
-0.000356
0.004288
0.027427
0.030417
-0.009856
-0.024698
-0.063871
-0.050466
0.023834
0.086949
0.103352
0.067660
0.018456
-0.032965
-0.029252
0.016066
0.036511
0.000875
-0.063635
-0.149617
-0.185244
-0.130155
-0.035220
0.058834
0.090048
0.045308
-0.056819
-0.136139
-0.140075
-0.089248
-0.005609
0.057625
0.079527
0.039530
-0.011102
-0.051931
-0.068352
-0.055174
-0.067272
-0.106339
-0.132018
-0.135165
-0.082855
0.019840
0.129794
0.133805
0.075984
-0.021219
-0.121476
-0.167431
-0.110007
-0.005657
0.079585
0.125959
0.103386
0.021801
-0.048798
-0.076645
-0.081932
-0.065891
-0.050370
-0.056696
-0.061917
-0.030399
0.004076
0.026854
0.050800
0.020863
-0.017417
-0.079099
-0.075417
-0.055094
-0.020087
0.022541
0.033165
0.034072
0.030367
0.037367
0.024025
0.033168
0.013163
-0.013390
-0.017949
-0.015257
0.016950
0.055794
0.108167
0.098720
0.055708
-0.005314
-0.066251
-0.063238
-0.003785
0.096062
0.151193
0.171888
0.109567
0.005169
-0.047447
-0.079736
-0.054856
0.002496
0.083661
0.110587
0.117406
0.097153
0.032055
-0.020142
-0.027763
-0.012987
0.008706
0.030155
0.041324
0.000682
-0.020167
-0.021491
-0.003599
0.016080
0.074565
0.123075
0.175098
0.247336
0.259499
0.193677
0.093148
-0.029734
-0.159911
-0.226594
-0.240220
-0.167152
-0.077185
0.040010
0.077760
0.065184
0.043412
-0.026408
-0.082104
-0.131495
-0.170018
-0.222051
-0.214794
-0.181421
-0.138740
-0.058465
0.011707
0.058021
0.062667
0.058020
0.002269
-0.048016
-0.067407
-0.086944
-0.093327
-0.080527
-0.041215
-0.029855
0.017093
0.041742
0.026961
0.009035
-0.041766
-0.103307
-0.136363
-0.130118
-0.121145
-0.074273
-0.011295
0.010854
0.024229
0.030340
0.025672
-0.004564
-0.009591
-0.028181
-0.034844
-0.016644
0.007134
0.029359
0.035232
0.026583
-0.012868
-0.073353
-0.075559
-0.020119
0.068842
0.161346
0.171473
0.110144
0.042386
-0.049256
-0.092636
-0.058269
-0.003803
0.032677
0.046057
0.056062
0.005704
0.018363
0.040484
0.046903
0.040753
0.035571
0.019770
-0.036111
-0.035705
-0.022745
0.013289
0.062658
0.098355
0.110101
0.095823
0.083679
0.052455
0.040979
0.032109
0.008090
-0.015990
-0.023264
0.004662
0.034612
0.076724
0.090313
0.056061
0.049453
0.056309
0.056178
0.103693
0.147908
0.151966
0.118193
0.063375
-0.027769
-0.090141
-0.117005
-0.147213
-0.119895
-0.062799
0.002249
0.048748
0.118417
0.161316
0.130390
0.056902
-0.043766
-0.159498
-0.212031
-0.156701
-0.078136
0.044013
0.142886
0.159678
0.134756
0.103350
0.081784
0.036786
0.014418
-0.055537
-0.120319
-0.159737
-0.128322
-0.064758
0.036271
0.116181
0.094235
0.017654
-0.088881
-0.155690
-0.173516
-0.119675
-0.044700
0.008774
0.039110
0.014458
0.002822
-0.018009
-0.031192
-0.034577
-0.057482
-0.083242
-0.101988
-0.089123
-0.041717
0.023946
0.060324
0.042747
-0.013029
-0.072256
-0.083838
-0.058835
-0.005782
0.038677
0.072104
0.030005
-0.046432
-0.116140
-0.125785
-0.054346
0.021217
0.063369
0.065816
0.020117
-0.039426
-0.031705
-0.014437
0.001415
0.022623
0.020948
0.004056
-0.007626
0.022974
0.031624
0.073431
0.104134
0.083458
0.052807
0.007909
0.011220
0.003241
0.063206
0.095930
0.070486
0.023166
-0.015411
-0.028024
-0.006740
0.093625
0.120508
0.132694
0.101837
0.084075
0.070875
0.068191
0.094244
0.043136
0.011208
-0.018039
0.016259
0.081993
0.175754
0.237225
0.163497
0.031949
-0.139434
-0.244010
-0.230929
-0.092030
0.075899
0.179553
0.225725
0.157190
0.036879
-0.031078
-0.036885
-0.023512
0.030127
0.044571
0.004176
-0.020161
-0.062834
-0.045599
-0.004615
0.071720
0.103967
0.074960
0.021252
-0.052186
-0.099522
-0.112644
-0.090308
-0.072156
-0.050282
-0.024911
-0.016901
-0.004416
0.000096
-0.021188
-0.018009
-0.017411
-0.032542
-0.040463
-0.047870
-0.059376
-0.064398
-0.044000
-0.004976
0.025472
0.066992
0.056997
-0.022512
-0.114933
-0.183999
-0.224384
-0.171169
-0.060559
0.020144
0.047110
0.021741
-0.047915
-0.110415
-0.113454
-0.070310
-0.024646
0.016042
0.031894
0.027867
0.014669
0.003961
-0.020097
-0.028063
-0.036490
-0.027785
0.010964
0.053000
0.090581
0.081637
0.038336
-0.022107
-0.070187
-0.071366
-0.045792
0.008548
0.060416
0.044542
-0.011927
-0.064553
-0.081604
-0.047633
0.041585
0.126858
0.114104
0.070304
0.018088
-0.026603
-0.029992
-0.004679
0.019033
0.010167
0.012146
0.038366
0.055720
0.098461
0.126835
0.099691
0.016006
-0.055062
-0.093953
-0.082177
0.003318
0.086033
0.113183
0.089755
0.053815
-0.001306
-0.050026
-0.010114
0.049153
0.096515
0.127186
0.105366
0.028225
-0.058495
-0.085188
-0.112004
-0.066941
0.020885
0.068028
0.100849
0.127502
0.119089
0.091777
0.126455
0.111561
0.089923
0.075933
0.070059
0.036055
0.010591
0.004248
-0.031094
-0.048995
-0.070865
-0.108850
-0.168145
-0.179739
-0.193075
-0.192720
-0.131281
-0.055017
-0.004694
0.029867
0.031939
-0.054745
-0.145891
-0.177031
-0.178480
-0.112000
-0.022273
0.009768
-0.012091
-0.051850
-0.092755
-0.110608
-0.062601
-0.003698
0.013550
0.010009
-0.027580
-0.073202
-0.079206
-0.042294
-0.008723
0.010526
0.005350
-0.026083
-0.041372
-0.037037
-0.040064
-0.041002
-0.050318
-0.069657
-0.067200
-0.033959
0.024313
0.086355
0.103339
0.066542
0.008808
-0.037943
-0.089396
-0.070014
-0.023724
0.029748
0.080359
0.118432
0.100861
0.054144
0.050590
-0.001228
-0.026060
0.012072
0.042205
0.054207
0.095311
0.092904
0.015061
-0.027584
-0.067085
-0.065315
0.011530
0.110969
0.129340
0.089313
0.086080
0.009583
-0.023796
0.018487
0.016801
0.008945
0.000071
0.007969
-0.024470
0.029755
0.107979
0.118731
0.131009
0.083963
-0.019542
-0.127229
-0.140865
-0.133681
-0.064614
0.044580
0.102952
0.097238
0.082037
0.075429
0.015665
0.039121
0.058329
0.059264
0.087066
0.113847
0.096892
0.031696
0.012969
-0.059959
-0.120929
-0.124479
-0.135124
-0.124762
-0.071195
-0.001918
0.010558
0.035458
0.051565
0.049093
0.047754
0.027970
-0.046003
-0.125067
-0.155011
-0.134951
-0.065994
0.053624
0.127594
0.136481
0.099732
0.010377
-0.067915
-0.081348
-0.043390
0.002110
0.033678
0.028099
-0.021470
-0.037623
-0.043469
-0.017997
-0.001634
-0.004224
-0.034416
-0.087209
-0.100747
-0.092215
-0.051921
-0.014845
0.000462
-0.025650
-0.074340
-0.090949
-0.094913
-0.084203
-0.077314
-0.053445
-0.046846
-0.022671
0.013144
0.032882
0.059320
0.048365
-0.000364
-0.071818
-0.096976
-0.078793
-0.030893
0.056645
0.102414
0.109728
0.041684
-0.013123
-0.042513
-0.063115
-0.044381
-0.015855
0.014208
0.020967
0.035448
0.035224
0.058454
0.053696
0.044907
0.023265
-0.014562
-0.022460
-0.030995
0.026479
0.066810
0.113704
0.092478
0.050995
0.035112
0.010114
0.037988
0.032432
0.058824
0.058603
0.054035
0.031291
-0.001309
-0.002894
-0.001867
0.056869
0.083298
0.131438
0.140401
0.133481
0.123407
0.110595
0.110175
0.042486
-0.041351
-0.140760
-0.212511
-0.218714
-0.116760
0.062658
0.187451
0.226287
0.137481
-0.041618
-0.212723
-0.286654
-0.237264
-0.103281
0.051708
0.150013
0.140848
0.067173
0.000104
-0.043894
-0.035197
0.012320
0.021860
0.014043
0.006474
0.006625
0.007874
0.043718
0.052636
0.024872
-0.017421
-0.098256
-0.166770
-0.186431
-0.134928
-0.040580
0.052085
0.109276
0.069428
-0.001108
-0.075820
-0.099280
-0.077565
-0.026471
0.006723
0.004640
-0.024595
-0.077979
-0.109557
-0.109183
-0.061277
-0.017433
0.012430
0.008181
-0.048389
-0.093495
-0.097450
-0.053014
-0.002269
0.036516
0.020357
-0.024617
-0.060185
-0.062836
-0.035279
0.010250
0.044448
0.029806
-0.011980
-0.042107
-0.039779
0.003025
0.064345
0.099530
0.047873
-0.002062
-0.042821
-0.059496
-0.049609
0.007703
0.040581
0.056453
0.084985
0.064349
0.022059
0.033241
0.037276
0.003018
0.016749
0.022290
0.011098
0.044747
0.076615
0.060965
0.061322
0.092397
0.040610
0.019564
0.040615
0.060872
0.064507
0.087758
0.089995
0.046290
0.045548
0.064913
0.027619
0.016755
0.052803
0.007429
-0.055710
-0.075460
-0.083117
-0.056708
0.018518
0.078300
0.036019
0.012566
-0.027727
-0.065584
-0.042303
0.032271
0.077161
0.106396
0.151538
0.108394
0.056713
0.010308
-0.028599
-0.116255
-0.125923
-0.066410
-0.004822
0.116162
0.193795
0.175400
0.089485
0.022555
-0.101679
-0.163300
-0.137560
-0.156540
-0.151691
-0.135941
-0.122556
-0.123459
-0.037468
0.002574
-0.025516
-0.057572
-0.150533
-0.229550
-0.249249
-0.160161
-0.081587
0.023027
0.105974
0.090798
0.038796
-0.036783
-0.105910
-0.162414
-0.124366
-0.070188
-0.043862
-0.027678
-0.028027
-0.027519
-0.012869
0.017108
0.017792
0.003806
-0.027125
-0.054264
-0.054645
-0.001506
0.056863
0.077534
0.078723
0.062656
0.024703
0.004189
0.015630
0.029783
0.049556
0.074758
0.062931
0.007077
-0.064137
-0.082256
-0.067562
-0.022474
0.045454
0.061456
0.069283
0.053901
0.055114
0.046900
0.050829
0.043703
-0.019686
-0.037355
-0.066842
-0.068589
-0.040008
0.058923
0.139934
0.159346
0.152870
0.064840
-0.027957
-0.089889
-0.091196
-0.071041
-0.017725
0.014316
0.022918
0.043461
0.053296
0.067644
0.054379
0.050460
0.036940
0.042871
0.054965
0.051806
0.050305
-0.006078
-0.010075
-0.008879
0.017537
0.046136
0.087787
0.078928
0.071378
0.065532
0.040486
0.040639
0.027959
0.040530
0.053149
0.123728
0.176106
0.228905
0.199542
0.063097
-0.089515
-0.244288
-0.260288
-0.218385
-0.117976
-0.036131
0.016784
0.024289
-0.005620
0.010650
0.008761
-0.002677
-0.059434
-0.130707
-0.201942
-0.205814
-0.140475
