0.041615
-0.105435
-0.212734
-0.239988
-0.274479
-0.237904
-0.162830
-0.117720
-0.083334
-0.080019
-0.083225
-0.068568
-0.059238
-0.040223
0.017393
0.093848
0.169353
0.245740
0.351962
0.427435
0.521077
0.543251
0.213122
-0.129540
-0.360776
-0.410584
-0.164832
0.113224
0.241742
0.231298
0.122406
-0.089318
-0.211911
-0.293931
-0.325562
-0.250951
-0.158099
-0.054921
0.023326
0.028180
-0.035596
-0.094696
-0.138211
-0.124132
-0.069079
-0.029943
-0.002721
0.005673
0.018960
0.046616
0.106517
0.178227
0.257123
0.332469
0.368661
0.346638
0.258305
0.030138
-0.201689
-0.261118
-0.228289
-0.066106
0.106821
0.162681
0.128425
0.032093
-0.098472
-0.199213
-0.222799
-0.227250
-0.200592
-0.151845
-0.127146
-0.126554
-0.126514
-0.156354
-0.129718
-0.068909
-0.032677
0.022289
0.056125
0.110345
0.172908
0.255467
0.360267
0.440591
0.552181
0.463349
0.083479
-0.207458
-0.395258
-0.346320
-0.057770
0.161596
0.221891
0.187812
0.033360
-0.162884
-0.249919
-0.325412
-0.302678
-0.219552
-0.133107
-0.032057
0.012107
-0.015819
-0.076679
-0.100339
-0.113312
-0.085637
-0.054674
-0.031898
-0.012149
0.006567
0.026575
0.067587
0.134109
0.192610
0.264735
0.324414
0.371848
0.342562
0.216562
-0.027827
-0.231747
-0.277811
-0.212842
-0.036081
0.114475
0.155417
0.106077
0.007436
-0.132326
-0.221379
-0.257617
-0.258368
-0.205114
-0.158471
-0.095998
-0.097411
-0.157652
-0.146854
-0.136519
-0.092487
0.002116
0.048903
0.078463
0.129975
0.165849
0.269119
0.389844
0.494447
0.592985
0.323242
-0.049962
-0.297334
-0.427984
-0.244445
0.044992
0.205377
0.209106
0.143972
-0.055353
-0.202687
-0.302470
-0.359613
-0.299798
-0.204737
-0.075069
0.014014
0.013843
-0.054854
-0.098384
-0.143068
-0.144797
-0.078640
-0.027739
0.018618
0.018528
0.011834
0.017493
0.081797
0.174320
0.276782
0.356356
0.385974
0.362060
0.243122
0.007527
-0.202743
-0.266576
-0.222884
-0.064250
0.085974
0.121521
0.082699
-0.005909
-0.133007
-0.222329
-0.263075
-0.257108
-0.205841
-0.172745
-0.139833
-0.119829
-0.096952
-0.080391
-0.063788
-0.053371
-0.034206
0.025117
0.087976
0.138932
0.202391
0.310782
0.404079
0.528465
0.564480
0.242755
-0.112482
-0.342714
-0.398120
-0.166527
0.089932
0.202024
0.210127
0.106629
-0.078607
-0.197173
-0.302186
-0.367100
-0.300915
-0.212040
-0.084120
0.032726
0.021452
-0.045237
-0.096967
-0.154853
-0.154415
-0.097731
-0.052055
0.008134
0.051625
0.063655
0.068180
0.103574
0.179755
0.282687
0.373280
0.400819
0.373982
0.214285
-0.075062
-0.260228
-0.292501
-0.189138
0.014395
0.149076
0.142344
0.064817
-0.062060
-0.210999
-0.284133
-0.313278
-0.264707
-0.182830
-0.109358
-0.051384
-0.064563
-0.081896
-0.099208
-0.095404
-0.056533
0.017300
0.093559
0.156991
0.203157
0.241870
0.305983
0.379964
0.524384
0.468952
0.120957
-0.165903
-0.381504
-0.331510
-0.069248
0.141478
0.213715
0.182245
0.033749
-0.140392
-0.221070
-0.287540
-0.289637
-0.198673
-0.141373
-0.085847
-0.016050
-0.046868
-0.084305
-0.100869
-0.124170
-0.101561
-0.046085
-0.031900
-0.004921
0.011814
0.018037
0.076348
0.170741
0.276851
0.361285
0.405219
0.388212
0.319898
0.121072
-0.135184
-0.247991
-0.237114
-0.107619
0.065618
0.160184
0.132941
0.043175
-0.093848
-0.209002
-0.250088
-0.236568
-0.201669
-0.179182
-0.152025
-0.147586
-0.121613
-0.077729
-0.057624
-0.058912
-0.062803
-0.034384
0.022707
0.095911
0.151894
0.221032
0.315638
0.408440
0.497944
0.546019
0.287744
-0.070576
-0.305592
-0.389153
-0.194241
0.081997
0.225171
0.216905
0.119310
-0.086125
-0.222042
-0.296015
-0.338411
-0.263510
-0.195424
-0.083173
0.014946
0.009167
-0.066084
-0.104034
-0.143453
-0.134598
-0.053282
-0.035718
-0.007133
0.007808
0.008833
0.047484
0.120406
0.223565
0.325167
0.388157
0.390175
0.354292
0.220843
-0.038626
-0.211791
-0.257986
-0.178040
-0.002283
0.129920
0.143262
0.082104
-0.033921
-0.167802
-0.233852
-0.251338
-0.222442
-0.197557
-0.164211
-0.132195
-0.128179
-0.098305
-0.073119
-0.063321
-0.061711
-0.030650
0.016633
0.078585
0.135934
0.184884
0.293606
0.403420
0.508206
0.592117
0.361647
-0.021597
-0.280482
-0.423531
-0.266793
0.030784
0.204273
0.225506
0.147709
-0.042061
-0.195647
-0.260561
-0.342107
-0.320769
-0.220048
-0.141944
-0.022384
0.018685
-0.033119
-0.072966
-0.104657
-0.142206
-0.091771
-0.041889
-0.017306
0.020955
0.024657
0.037923
0.100944
0.173307
0.251730
0.337443
0.377055
0.370950
0.293843
0.095776
-0.142336
-0.254960
-0.243962
-0.129306
0.041743
0.133753
0.135733
0.040154
-0.098756
-0.214731
-0.259446
-0.259199
-0.225882
-0.197490
-0.173789
-0.147693
-0.123129
-0.090646
-0.073734
-0.042451
-0.023899
0.020123
0.082200
0.135953
0.186416
0.279740
0.388821
0.488582
0.605142
0.374490
-0.027794
-0.315962
-0.454516
-0.281628
0.021739
0.218076
0.244303
0.160176
-0.048186
-0.205440
-0.291046
-0.347093
-0.290161
-0.198696
-0.101140
-0.010937
0.001626
-0.052213
-0.110172
-0.148922
-0.145086
-0.093262
-0.043839
-0.014867
-0.007138
0.002110
0.021645
0.089185
0.175636
0.244652
0.297109
0.320208
0.334983
0.299590
0.183501
-0.025195
-0.198497
-0.241572
-0.187323
-0.050179
0.076406
0.109867
0.075849
-0.017189
-0.141619
-0.225069
-0.266113
-0.262783
-0.231749
-0.173527
-0.114564
-0.081698
-0.106227
-0.129296
-0.117419
-0.088972
-0.012375
0.060859
0.115463
0.159957
0.216385
0.306317
0.404729
0.524697
0.577183
0.264496
-0.108287
-0.350853
-0.444407
-0.211037
0.090318
0.234519
0.232458
0.134256
-0.078967
-0.208836
-0.288963
-0.355125
-0.308139
-0.223884
-0.083398
0.021809
0.039471
-0.023943
-0.104182
-0.155581
-0.152485
-0.087391
-0.034907
0.002485
0.016012
0.022004
0.039437
0.098935
0.179414
0.273433
0.340370
0.372220
0.350897
0.259201
0.096877
-0.121128
-0.246747
-0.243069
-0.132296
0.035851
0.139292
0.125065
0.025421
-0.107188
-0.215706
-0.262565
-0.279545
-0.258772
-0.204996
-0.158781
-0.121980
-0.076899
-0.063376
-0.056048
-0.029514
-0.008386
0.034051
0.105592
0.149442
0.213862
0.328138
0.417197
0.528424
0.608419
0.312725
-0.076222
-0.332430
-0.445340
-0.227771
0.077163
0.228553
0.229122
0.145210
-0.063064
-0.200179
-0.292767
-0.365551
-0.293762
-0.197044
-0.068590
0.025544
0.018575
-0.057592
-0.119848
-0.164147
-0.144878
-0.071522
-0.021986
0.017758
0.024421
0.021114
0.027075
0.073645
0.152872
0.241927
0.322921
0.377134
0.380145
0.295794
0.152293
-0.047134
-0.195496
-0.201778
-0.136198
-0.012066
0.096957
0.122227
0.061302
-0.032784
-0.158678
-0.248212
-0.269727
-0.253499
-0.199871
-0.155882
-0.117358
-0.108527
-0.125782
-0.090784
-0.044529
-0.008629
0.036184
0.064175
0.086600
0.152088
0.252544
0.365672
0.462342
0.580653
0.558843
0.199492
-0.158119
-0.405242
-0.406307
-0.128808
0.161262
0.255941
0.216098
0.083869
-0.117796
-0.263457
-0.373724
-0.376686
-0.297341
-0.140115
-0.001919
0.054673
0.020075
-0.056688
-0.100626
-0.147099
-0.117139
-0.058138
-0.002256
0.030509
0.047155
0.050282
0.084927
0.173232
0.250859
0.318659
0.377987
0.395838
0.338680
0.195518
-0.044352
-0.216594
-0.235989
-0.146130
0.013484
0.130833
0.124327
0.048856
-0.063837
-0.193354
-0.269519
-0.290890
-0.277044
-0.211132
-0.120833
-0.073123
-0.067155
-0.080201
-0.096680
-0.082065
-0.034307
0.029008
0.111554
0.172800
0.212394
0.286453
0.361499
0.450258
0.579284
0.456972
0.113138
-0.157414
-0.358519
-0.307275
-0.044442
0.160674
0.216702
0.196055
0.040302
-0.141251
-0.279099
-0.392933
-0.365128
-0.290206
-0.128459
0.008545
0.052925
-0.006319
-0.097066
-0.147412
-0.180930
-0.108118
-0.033098
0.030405
0.062964
0.070315
0.057540
0.100532
0.192373
0.286062
0.398677
0.417524
0.380188
0.264627
0.027779
-0.184421
-0.249059
-0.179312
-0.026810
0.110507
0.125102
0.051928
-0.037552
-0.142592
-0.225649
-0.264560
-0.257623
-0.224447
-0.181851
-0.144009
-0.117209
-0.097561
-0.098196
-0.089083
-0.079771
-0.031281
0.036991
0.104183
0.146583
0.202387
0.280254
0.357483
0.458157
0.543508
0.370609
0.049367
-0.190533
-0.357816
-0.262902
-0.028510
0.136348
0.194118
0.146936
-0.025791
-0.193610
-0.345980
-0.410801
-0.347321
-0.230629
-0.086877
-0.000888
-0.007919
-0.067348
-0.107446
-0.180123
-0.172914
-0.105619
-0.036309
0.037734
0.045030
0.034447
0.065452
0.147464
0.261288
0.366109
0.403993
0.374252
0.294491
0.090538
-0.142940
-0.230639
-0.208909
-0.073198
0.083182
0.122399
0.048237
-0.046757
-0.180230
-0.294848
-0.310596
-0.283987
-0.212413
-0.139168
-0.094356
-0.103212
-0.132254
-0.152961
-0.146954
-0.100655
-0.040113
0.035953
0.093556
0.134978
0.175623
0.241758
0.315163
0.390430
0.468819
0.428573
0.159962
-0.078244
-0.273320
-0.296743
-0.120996
0.057032
0.147272
0.145272
0.046970
-0.125835
-0.283686
-0.390975
-0.371928
-0.288149
-0.141719
-0.042037
-0.012423
-0.048714
-0.098212
-0.148979
-0.165560
-0.119177
-0.066967
0.004211
0.032193
0.045913
0.062489
0.130517
0.237315
0.335265
0.371991
0.348526
0.323792
0.188672
-0.010891
-0.155679
-0.209867
-0.142915
-0.003912
0.072580
0.071341
0.022948
-0.081283
-0.198481
-0.283665
-0.314159
-0.270916
-0.199623
-0.141887
-0.095784
-0.091460
-0.111624
-0.103875
-0.096099
-0.067601
0.004282
0.059592
0.111761
0.165524
0.235615
0.317800
0.381033
0.421497
0.457841
0.298405
0.045410
-0.144716
-0.258696
-0.180388
-0.019113
0.091534
0.105045
0.090144
-0.024251
-0.157786
-0.293255
-0.351819
-0.335692
-0.241044
-0.094631
-0.037066
-0.011779
-0.022477
-0.073837
-0.131181
-0.128775
-0.112506
-0.052425
0.028941
0.065069
0.095121
0.136933
0.222101
0.298267
0.350947
0.349659
0.330415
0.274239
0.079755
-0.085344
-0.171657
-0.167594
-0.055277
0.062178
0.088688
0.062961
-0.008609
-0.147898
-0.236569
-0.285663
-0.276229
-0.220129
-0.157135
-0.108434
-0.073222
-0.077890
-0.103762
-0.108393
-0.103002
-0.052627
0.015210
0.074898
0.141522
0.207569
0.280663
0.346633
0.374300
0.436634
0.451089
0.234642
0.012553
-0.181094
-0.257793
-0.133761
0.016877
0.106118
0.135962
0.079991
-0.064167
-0.187885
-0.331907
-0.350881
-0.300415
-0.191344
-0.071582
-0.028775
-0.014856
-0.033141
-0.076180
-0.132906
-0.119097
-0.082746
-0.005337
0.047507
0.069792
0.103381
0.165645
0.274936
0.350236
0.386706
0.375749
0.354555
0.218583
-0.019362
-0.156971
-0.222025
-0.140869
0.016910
0.112307
0.110879
0.065495
-0.034738
-0.163728
-0.237102
-0.274284
-0.263156
-0.204608
-0.153987
-0.110885
-0.070140
-0.072208
-0.082724
-0.085923
-0.088102
-0.052451
0.001361
0.054830
0.131911
0.221571
0.296196
0.367566
0.414130
0.462608
0.396808
0.138896
-0.089417
-0.248213
-0.245594
-0.075851
0.086255
0.144350
0.138304
0.040703
-0.123459
-0.231853
-0.337408
-0.314561
-0.253074
-0.165127
-0.063784
-0.046191
-0.042913
-0.066549
-0.108089
-0.123957
-0.099455
-0.067797
-0.009787
0.025154
0.041643
0.093867
0.167478
0.270056
0.354486
0.394380
0.365659
0.356795
0.174449
-0.096401
-0.212350
-0.257430
-0.148953
0.048245
0.155034
0.118971
0.044108
-0.088037
-0.202107
-0.228505
-0.246264
-0.234669
-0.205521
-0.170538
-0.151058
-0.122515
-0.112944
-0.098034
-0.084775
-0.079775
-0.066416
-0.045391
0.006663
0.073811
0.158304
0.251658
0.340933
0.411651
0.452949
0.421019
0.170217
-0.093955
-0.239745
-0.267591
-0.130604
0.046096
0.128560
0.124155
0.067230
-0.066193
-0.185519
-0.262319
-0.319184
-0.305154
-0.205349
-0.125431
-0.059689
-0.026489
-0.039807
-0.066782
-0.093549
-0.130133
-0.128207
-0.067981
-0.031447
-0.002532
0.046102
0.128753
0.242155
0.342748
0.376734
0.346823
0.315008
0.253627
0.042179
-0.155412
-0.232429
-0.220908
-0.054658
0.120653
0.167395
0.115780
0.001320
-0.154316
-0.226684
-0.216071
-0.189459
-0.162129
-0.160167
-0.180117
-0.184328
-0.166395
-0.149278
-0.099272
-0.059381
-0.053177
-0.038759
-0.024104
0.007021
0.071777
0.138651
0.243374
0.382145
0.472023
0.523352
0.446381
0.114449
-0.169771
-0.311556
-0.298592
-0.095260
0.109087
0.175788
0.152372
0.069878
-0.096212
-0.197188
-0.261817
-0.320517
-0.277772
-0.169155
-0.079856
0.011481
-0.008168
-0.070567
-0.098138
-0.137814
-0.116576
-0.065623
-0.040639
-0.003818
0.031117
0.042533
0.098145
0.184229
0.263832
0.351749
0.397079
0.391773
0.318636
0.076733
-0.178954
-0.269103
-0.234334
-0.065602
0.112901
0.171413
0.125736
0.033614
-0.098078
-0.194496
-0.212788
-0.197584
-0.163918
-0.138826
-0.127715
-0.169367
-0.189527
-0.175525
-0.154692
-0.069587
-0.017886
-0.012145
-0.012341
-0.025520
0.009866
0.102416
0.223580
0.359522
0.454847
0.477216
0.475205
0.247825
-0.076026
-0.262676
-0.338702
-0.210424
0.020535
0.173072
0.188487
0.125375
-0.037627
-0.187839
-0.253082
-0.295682
-0.299811
-0.219445
-0.128254
-0.051874
0.003906
-0.020716
-0.074171
-0.106989
-0.112766
-0.090377
-0.044488
-0.026209
-0.025541
-0.002108
0.051612
0.155120
0.273447
0.350188
0.379707
0.363064
0.332061
0.180325
-0.096351
-0.242198
-0.267005
-0.168851
0.034419
0.166014
0.162617
0.094165
-0.034113
-0.173688
-0.220554
-0.227129
-0.209196
-0.196402
-0.164676
-0.138177
-0.122981
-0.119407
-0.135243
-0.117538
-0.098448
-0.049029
-0.020697
-0.005952
0.039237
0.101663
0.186394
0.301114
0.412475
0.475231
0.516674
0.318313
-0.032473
-0.246974
-0.348272
-0.223238
0.005121
0.160998
0.181590
0.130936
-0.002825
-0.150947
-0.217478
-0.281491
-0.300885
-0.239150
-0.140786
-0.055878
0.010750
-0.014416
-0.066840
-0.096833
-0.121375
-0.085064
-0.046334
-0.023182
-0.008378
0.011190
0.052825
0.151430
0.258966
0.338173
0.386168
0.392083
0.375144
0.226991
-0.064704
-0.268735
-0.308218
-0.186635
0.049535
0.199688
0.199256
0.123095
-0.020831
-0.162685
-0.212786
-0.203680
-0.170168
-0.129483
-0.104737
-0.119998
-0.130056
-0.136093
-0.144076
-0.130013
-0.109094
-0.047934
-0.010892
-0.009659
-0.007431
0.035637
0.125246
0.264469
0.390592
0.461570
0.524491
0.472330
0.151366
-0.153794
-0.323468
-0.327125
-0.093436
0.141394
0.220578
0.189628
0.083452
-0.096418
-0.198671
-0.256144
-0.309889
-0.265605
-0.179837
-0.086253
0.008309
0.025742
-0.032962
-0.075491
-0.113205
-0.102262
-0.037920
-0.014814
-0.005680
0.016415
0.042370
0.108104
0.231104
0.333490
0.401377
0.420629
0.401758
0.320195
0.054168
-0.196305
-0.290913
-0.251799
-0.053623
0.148222
0.206052
0.157294
0.053860
-0.100098
-0.195295
-0.202189
-0.207289
-0.221794
-0.168228
-0.130968
-0.100257
-0.061090
-0.099089
-0.124618
-0.103510
-0.065016
-0.028780
0.000113
0.006123
0.049802
0.129371
0.236285
0.365618
0.455429
0.507575
0.483164
0.196652
-0.131422
-0.298044
-0.325753
-0.129599
0.093239
0.184636
0.174783
0.124066
-0.029088
-0.162958
-0.239650
-0.290844
-0.283022
-0.196805
-0.100295
-0.064325
0.002745
-0.013996
-0.064989
-0.093703
-0.116302
-0.101780
-0.054892
-0.015785
-0.000957
0.045412
0.110280
0.214450
0.318748
0.390805
0.402852
0.381022
0.345860
0.101779
-0.167573
-0.282189
-0.271860
-0.093274
0.124676
0.205545
0.166540
0.074235
-0.090467
-0.195963
-0.212532
-0.188873
-0.139945
-0.128937
-0.109724
-0.121478
-0.131252
-0.120871
-0.133096
-0.131927
-0.092720
-0.029517
-0.022787
-0.026763
-0.033718
0.023626
0.144363
0.292259
0.423939
0.480810
0.513615
0.433598
0.107986
-0.209026
-0.365003
-0.351847
-0.108856
0.155359
0.247713
0.217825
0.096528
-0.105497
-0.233840
-0.293501
-0.330226
-0.278407
-0.182823
-0.095542
-0.009368
0.021347
-0.026848
-0.076849
-0.114023
-0.129957
-0.092959
-0.052046
-0.026342
-0.000589
0.051931
0.148090
0.270902
0.364527
0.414562
0.399439
0.370647
0.242641
-0.065186
-0.260957
-0.315749
-0.223737
0.013127
0.197965
0.212698
0.125351
-0.028873
-0.196448
-0.235767
-0.222992
-0.198185
-0.201254
-0.163303
-0.133549
-0.134740
-0.109979
-0.128435
-0.120493
-0.079576
-0.041621
-0.030425
-0.023847
-0.019242
0.017073
0.102564
0.232018
0.367458
0.458703
0.488153
0.440006
0.162145
-0.162333
-0.303381
-0.333902
-0.166810
0.059139
0.176272
0.173446
0.099477
-0.060034
-0.197516
-0.251482
-0.258404
-0.226144
-0.203639
-0.138872
-0.103687
-0.081131
-0.057298
-0.068135
-0.089607
-0.091205
-0.096470
-0.105363
-0.074245
-0.060492
-0.022794
0.047551
0.163914
0.295284
0.370268
0.403563
0.359378
0.304337
0.141442
-0.132839
-0.274334
-0.273604
-0.140869
0.053169
0.176845
0.149911
0.066182
-0.052337
-0.189658
-0.237766
-0.223852
-0.175326
-0.129451
-0.113647
-0.144841
-0.168927
-0.167425
-0.163285
-0.128787
-0.119110
-0.097946
-0.061810
-0.051757
-0.059010
-0.011855
0.072332
0.184708
0.348894
0.456209
0.490370
0.503611
0.312836
-0.069599
-0.303184
-0.402012
-0.282483
0.004234
0.198409
0.214839
0.139054
-0.014574
-0.193808
-0.255506
-0.296692
-0.316978
-0.261049
-0.162758
-0.080948
0.000294
-0.006921
-0.067186
-0.090142
-0.118702
-0.115782
-0.095582
-0.076537
-0.051166
-0.003174
0.039040
0.111990
0.222653
0.317618
0.397816
0.404995
0.369441
0.245755
-0.049933
-0.277028
-0.318989
-0.218209
-0.002100
0.178829
0.190697
0.105589
-0.006836
-0.156484
-0.230907
-0.239212
-0.220710
-0.171326
-0.122779
-0.143545
-0.176973
-0.168974
-0.190574
-0.129417
-0.056037
-0.049015
-0.037694
-0.040068
-0.049588
0.019603
0.135274
0.251805
0.407195
0.491967
0.544089
0.484908
0.126893
-0.213605
-0.380482
-0.359956
-0.122279
0.133316
0.219612
0.182874
0.090045
-0.100412
-0.233830
-0.278980
-0.267966
-0.231690
-0.164071
-0.125888
-0.090243
-0.040029
-0.060133
-0.073047
-0.091991
-0.102459
-0.083284
-0.059869
-0.058557
-0.045908
-0.013988
0.016298
0.117487
0.237245
0.327652
0.382840
0.382994
0.338800
0.259813
0.037269
-0.202549
-0.256738
-0.212421
-0.043168
0.126233
0.174507
0.118705
0.021428
-0.107284
-0.199333
-0.206675
-0.210414
-0.192083
-0.168489
-0.141968
-0.113904
-0.118804
-0.147532
-0.140696
-0.116644
-0.081614
-0.032834
-0.017077
-0.019811
0.024973
0.106426
0.212909
0.374440
0.497821
0.558072
0.543641
0.226779
-0.149002
-0.350776
-0.389770
-0.181514
0.098402
0.235965
0.230545
0.148002
-0.049700
-0.205286
-0.278243
-0.304345
-0.284817
-0.213959
-0.116134
-0.033452
0.047193
0.014098
-0.068308
-0.114586
-0.143584
-0.115275
-0.056908
-0.032127
-0.013049
0.033799
0.068856
0.144657
0.251763
0.327903
0.383158
0.390404
0.355206
0.288872
0.057391
-0.190950
-0.258122
-0.208920
-0.034021
0.148914
0.190256
0.129592
0.031945
-0.105051
-0.188082
-0.198191
-0.189244
-0.157704
-0.147170
-0.163880
-0.155527
-0.132179
-0.117663
-0.078886
-0.052458
-0.048443
-0.038966
-0.044103
-0.036105
0.032440
0.133626
0.258509
0.407959
0.511558
0.549841
0.535965
0.261998
-0.115843
-0.312181
-0.354023
-0.180283
0.096695
0.236764
0.215715
0.134331
-0.031300
-0.188765
-0.245961
-0.277801
-0.271080
-0.199490
-0.136572
-0.064064
0.001051
-0.005152
-0.036132
-0.077269
-0.111798
-0.101048
-0.073867
-0.053430
-0.017961
0.023008
0.072807
0.161924
0.254770
0.310796
0.368288
0.396094
0.359200
0.311436
0.109132
-0.162412
-0.251902
-0.222829
-0.084560
0.130805
0.223082
0.155025
0.053292
-0.091990
-0.205696
-0.202946
-0.188721
-0.180575
-0.184758
-0.195068
-0.174269
-0.111456
-0.064006
-0.038363
-0.031373
-0.067089
-0.062436
-0.044330
-0.020474
0.053127
0.147688
0.268901
0.419379
0.519341
0.559934
0.531563
0.204056
-0.163474
-0.353061
-0.370885
-0.144007
0.125855
0.255221
0.233176
0.137979
-0.054576
-0.212177
-0.282299
-0.286256
-0.230761
-0.210427
-0.137609
-0.075137
-0.024901
-0.004548
-0.042139
-0.095579
-0.118053
-0.088200
-0.074927
-0.054134
-0.037180
0.005826
0.068361
0.169468
0.286337
0.372868
0.433982
0.406376
0.351591
0.245629
-0.012524
-0.217420
-0.249563
-0.184827
-0.002335
0.171933
0.172136
0.106211
0.005479
-0.135110
-0.202662
-0.198196
-0.188824
-0.178925
-0.171670
-0.183863
-0.176796
-0.135788
-0.097500
-0.064177
-0.054435
-0.060308
-0.054609
-0.050032
-0.022956
0.044293
0.133836
0.259161
0.402102
0.495670
0.539241
0.511023
0.221796
-0.144017
-0.348551
-0.378754
-0.176550
0.102909
0.250586
0.233156
0.135489
-0.058340
-0.226496
-0.298237
-0.300197
-0.291577
-0.236934
-0.128186
-0.050649
0.019520
-0.006320
-0.076872
-0.132104
-0.136249
-0.103634
-0.062748
-0.032703
-0.023438
0.011739
0.063734
0.174255
0.294638
0.385236
0.411208
0.392024
0.364385
0.189846
-0.093061
-0.260915
-0.285290
-0.177409
0.041882
0.180284
0.170865
0.110085
-0.037666
-0.191955
-0.248257
-0.240488
-0.187541
-0.107708
-0.160235
-0.224624
-0.168747
-0.199272
-0.135828
-0.051238
-0.062117
-0.047979
-0.025040
-0.073783
-0.075466
0.015406
0.083083
0.231055
0.405750
0.499751
0.524767
0.493064
0.192135
-0.152223
-0.316570
-0.369516
-0.166577
0.077770
0.200151
0.195142
0.119188
-0.071736
-0.218666
-0.276600
-0.304568
-0.287447
-0.230766
-0.144314
-0.088721
-0.017541
-0.035327
-0.081785
-0.112049
-0.118664
-0.080885
-0.064257
-0.062056
-0.072681
-0.042746
0.046253
0.192070
0.315673
0.382075
0.395480
0.345179
0.317238
0.185317
-0.078622
-0.230641
-0.268955
-0.176575
0.026055
0.159350
0.149402
0.083837
-0.039156
-0.188283
-0.236242
-0.228150
-0.203519
-0.175305
-0.181800
-0.220325
-0.222689
-0.158164
-0.098230
-0.049186
-0.046893
-0.074806
-0.081104
-0.074837
-0.036845
0.027091
0.108029
0.226165
0.375062
0.458752
0.486056
0.472612
0.236822
-0.090340
-0.288141
-0.353486
-0.207976
0.023688
0.173094
0.189809
0.124092
-0.030378
-0.189346
-0.276194
-0.306771
-0.332521
-0.271780
-0.143580
-0.060431
0.029346
0.009641
-0.080663
-0.146768
-0.163628
-0.121208
-0.060720
-0.023104
-0.011989
0.024065
0.063149
0.146278
0.259198
0.362714
0.421697
0.398240
0.346644
0.167846
-0.087912
-0.225327
-0.251010
-0.144317
0.044831
0.156207
0.140941
0.088540
-0.038365
-0.179803
-0.237913
-0.242323
-0.195121
-0.150274
-0.181984
-0.242323
-0.205060
-0.146484
-0.077102
-0.000140
-0.030353
-0.067914
-0.069520
-0.076302
-0.047218
0.043697
0.143385
0.280194
0.420828
0.482240
0.477782
0.401348
0.154804
-0.113396
-0.243284
-0.256128
-0.112537
0.064744
0.138300
0.131431
0.065533
-0.068155
-0.192452
-0.247850
-0.319328
-0.316691
-0.214378
-0.128968
-0.023234
0.022672
-0.029583
-0.086429
-0.115893
-0.129029
-0.094713
-0.052233
-0.038671
0.010033
0.057860
0.118739
0.212911
0.282911
0.336112
0.367713
0.345541
0.321033
0.171108
-0.073992
-0.201864
-0.228223
-0.137342
0.043372
0.155294
0.140480
0.079017
-0.045429
-0.188495
-0.237154
-0.226145
-0.202676
-0.168598
-0.189052
-0.227847
-0.168770
-0.103574
-0.051951
-0.021909
-0.054674
-0.058199
-0.038844
-0.038057
0.001963
0.076757
0.165996
0.311891
0.435423
0.470785
0.486438
0.367795
0.077159
-0.140538
-0.255873
-0.248120
-0.076489
0.090111
0.148980
0.149904
0.064844
-0.111775
-0.227615
-0.327412
-0.367912
-0.284183
-0.172766
-0.041490
0.045767
0.034019
-0.051808
-0.121550
-0.167711
-0.139659
-0.060187
-0.000878
0.053035
0.079750
0.099027
0.141831
0.221752
0.305893
0.362023
0.368931
0.343269
0.249883
0.046526
-0.137241
-0.216462
-0.174207
-0.037257
0.104836
0.144355
0.097917
0.008328
-0.119630
-0.207086
-0.267589
-0.303253
-0.268304
-0.210015
-0.124891
-0.033539
-0.020068
-0.066495
-0.099875
-0.122716
-0.095783
-0.032857
0.007397
0.054647
0.119853
0.205622
0.288338
0.358268
0.408297
0.425033
0.358328
0.134222
-0.078524
-0.204864
-0.223241
-0.098711
0.052486
0.119074
0.118726
0.057401
-0.089163
-0.206412
-0.284194
-0.348581
-0.293633
-0.199881
-0.106172
0.000791
0.016178
-0.035675
-0.099539
-0.145575
-0.136467
-0.062912
-0.006768
0.027356
0.063046
0.093706
0.161627
0.245747
0.304910
0.355256
0.374496
0.356992
0.243698
-0.004277
-0.174118
-0.210901
-0.159252
-0.016865
0.116349
0.139692
0.094926
-0.003588
-0.152885
-0.227259
-0.232643
-0.235997
-0.239999
-0.206011
-0.163043
-0.111577
-0.054880
-0.069530
-0.071632
-0.073645
-0.067110
-0.042839
-0.018964
0.017621
0.090251
0.180721
0.287869
0.395806
0.418554
0.433464
0.364020
0.116981
-0.100239
-0.212112
-0.231661
-0.108041
0.052912
0.128894
0.150965
0.085736
-0.070453
-0.207982
-0.273532
-0.292672
-0.270477
-0.209777
-0.140820
-0.038127
-0.000047
-0.036999
-0.085161
-0.125755
-0.117351
-0.072404
-0.024403
0.006257
0.047538
0.078383
0.134268
0.223437
0.316299
0.380994
0.391007
0.374209
0.237092
-0.012462
-0.179596
-0.245992
-0.188751
-0.017320
0.121429
0.158439
0.124609
0.003638
-0.144469
-0.211514
-0.223573
-0.193526
-0.164191
-0.144196
-0.129338
-0.139558
-0.161089
-0.162612
-0.119519
-0.074138
-0.023334
-0.014259
-0.024061
-0.005593
0.047937
0.127081
0.239068
0.368749
0.440707
0.470896
0.446072
0.210529
-0.064973
-0.211840
-0.269517
-0.156921
0.039239
0.133634
0.143033
0.100023
-0.037384
-0.160158
-0.222401
-0.235859
-0.222965
-0.225597
-0.192088
-0.124666
-0.050155
0.002030
-0.009840
-0.062325
-0.090169
-0.086862
-0.070084
-0.047093
-0.015183
0.036322
0.099875
0.197196
0.296876
0.375760
0.397343
0.359213
0.315051
0.148779
-0.082795
-0.195545
-0.226662
-0.133589
0.046118
0.142129
0.140663
0.091645
-0.032123
-0.169294
-0.217947
-0.212485
-0.180930
-0.143689
-0.128381
-0.134872
-0.156053
-0.161175
-0.122065
-0.077846
-0.038284
-0.013170
-0.032219
-0.029993
0.014173
0.072886
0.145080
0.267281
0.404374
0.471283
0.504012
0.414869
0.112115
-0.153587
-0.287574
-0.279046
-0.094248
0.102022
0.177516
0.158759
0.072397
-0.079809
-0.196038
-0.247163
-0.241940
-0.244145
-0.221851
-0.139452
-0.073778
-0.003209
0.006608
-0.041751
-0.091575
-0.102996
-0.081675
-0.062674
-0.040461
-0.016493
0.031498
0.105749
0.205933
0.298394
0.354093
0.377407
0.359265
0.304182
0.131464
-0.103171
-0.224082
-0.231178
-0.117255
0.051865
0.153228
0.143418
0.074371
-0.050504
-0.192946
-0.234632
-0.214659
-0.156675
-0.088061
-0.061575
-0.136725
-0.190880
-0.228236
-0.244856
-0.146376
-0.038656
0.016246
0.038641
0.013522
-0.036730
0.019383
0.108665
0.232228
0.402714
0.492779
0.548807
0.467080
0.119128
-0.212488
-0.371543
-0.354455
-0.122810
0.140672
0.223926
0.182818
0.062614
-0.128723
-0.251183
-0.297878
-0.328759
-0.295194
-0.189052
-0.078261
0.004199
0.026672
-0.029015
-0.089939
-0.125124
-0.116471
-0.070694
-0.039695
-0.030393
-0.022999
0.011851
0.088665
0.198126
0.292619
0.347355
0.363116
0.320988
0.266475
0.132878
-0.085045
-0.216166
-0.224064
-0.128586
0.023595
0.133949
0.136151
0.065384
-0.047071
-0.175330
-0.238651
-0.239988
-0.237804
-0.224894
-0.193372
-0.171027
-0.121022
-0.063970
-0.049935
-0.057137
-0.077308
-0.089481
-0.062800
-0.003848
0.073443
0.157979
0.248754
0.350910
0.421155
0.480308
0.470302
0.211814
-0.104672
-0.294928
-0.356841
-0.183593
0.043338
0.159511
0.178103
0.103560
-0.056309
-0.201704
-0.287997
-0.295814
-0.271263
-0.246305
-0.143773
-0.089049
-0.027872
0.012371
-0.041499
-0.092401
-0.116851
-0.100976
-0.073116
-0.035986
-0.021049
0.006882
0.063817
0.140845
0.234115
0.294400
0.341995
0.349745
0.296683
0.193682
0.013548
-0.170225
-0.231935
-0.180238
-0.073881
0.063109
0.123905
0.086462
0.011838
-0.105993
-0.219622
-0.269497
-0.280911
-0.250104
-0.176254
-0.125011
-0.106013
-0.112141
-0.117937
-0.096101
-0.073923
-0.057054
-0.032998
0.002221
0.061344
0.122636
0.187697
0.286165
0.389849
0.488322
0.525521
0.297164
-0.038199
-0.265421
-0.370608
-0.233990
-0.014188
0.124140
0.168068
0.127521
-0.007827
-0.150599
-0.261878
-0.341229
-0.345113
-0.273170
-0.148406
-0.052601
0.022649
0.007443
-0.061630
-0.118834
-0.140598
-0.119236
-0.066087
-0.015031
0.005735
0.037254
0.062335
0.131829
0.221329
0.305596
0.361026
0.373438
0.321893
0.199451
0.004435
-0.190454
-0.246096
-0.193843
-0.051672
0.080988
0.123231
0.087850
0.004547
-0.119012
-0.213347
-0.257237
-0.266241
-0.226920
-0.176313
-0.133523
-0.113421
-0.116397
-0.100979
-0.071737
-0.068492
-0.048302
-0.020851
-0.001197
0.057031
0.114467
0.194439
0.317556
0.410369
0.493541
0.522844
0.289658
-0.034684
-0.252227
-0.361595
-0.227209
0.004810
0.145679
0.207572
0.160470
-0.013380
-0.177125
-0.284692
-0.362740
-0.318910
-0.228808
-0.126624
-0.012157
0.031184
0.015094
-0.045960
-0.119417
-0.157509
-0.116746
-0.046601
0.015285
0.055850
0.050273
0.069839
0.137145
0.230116
0.314195
0.370387
0.362243
0.301582
0.202653
0.021512
-0.148697
-0.192991
-0.159236
-0.072729
0.065835
0.119932
0.093737
0.020282
-0.114449
-0.229146
-0.273660
-0.268974
-0.236313
-0.180160
-0.126605
-0.069063
-0.045699
-0.043913
-0.048477
-0.055459
-0.022070
0.026266
0.074489
0.112573
0.174716
0.271443
0.372888
0.467317
0.534985
0.426517
0.116220
-0.155629
-0.333536
-0.297697
-0.078695
0.099589
0.180224
0.170492
0.069211
-0.082917
-0.192104
-0.274948
-0.304094
-0.281107
-0.176257
-0.063493
0.001159
0.028335
-0.015979
-0.065845
-0.105158
-0.100640
-0.083297
-0.046986
-0.005150
0.029086
0.081340
0.139178
0.210815
0.278103
0.343955
0.367076
0.344807
0.262919
0.111135
-0.067570
-0.176330
-0.158461
-0.086674
0.025280
0.095335
0.081072
0.028405
-0.043674
-0.134692
-0.205658
-0.229973
-0.235437
-0.194372
-0.143699
-0.113476
-0.093523
-0.081276
-0.054489
-0.039133
-0.033434
-0.020030
0.019397
0.070544
0.124591
0.209547
0.294095
0.370044
0.444964
0.499768
0.370688
0.079589
-0.168475
-0.340129
-0.264875
-0.045117
0.109730
0.189783
0.152052
0.023713
-0.119507
-0.232674
-0.323773
-0.300849
-0.229441
-0.133005
-0.007543
0.024157
0.006098
-0.038688
-0.092018
-0.119925
-0.091738
-0.048373
0.000123
0.043983
0.055098
0.081362
0.122591
0.198170
0.292389
0.363195
0.378499
0.336695
0.215932
0.005525
-0.162922
-0.205096
-0.154383
-0.036108
0.070115
0.100899
0.076406
0.004703
-0.121548
-0.221946
-0.263052
-0.257752
-0.220594
-0.182447
-0.123277
-0.075903
-0.040285
-0.042391
-0.051710
-0.042792
-0.023185
0.030005
0.084613
0.134823
0.195952
0.289046
0.370110
0.440378
0.511599
0.359440
0.030451
-0.216092
-0.375846
-0.291645
-0.029282
0.134060
0.187266
0.153275
0.013840
-0.138472
-0.220328
-0.282840
-0.250532
-0.187984
-0.160212
-0.085885
-0.039058
-0.022913
-0.027973
-0.085937
-0.129383
-0.089933
-0.051311
-0.023944
0.006552
0.005987
0.028540
0.098432
0.181357
0.260400
0.334623
0.344929
0.312096
0.244958
0.080558
-0.108420
-0.206132
-0.200065
-0.116929
0.023720
0.099708
0.085307
0.032681
-0.058462
-0.145705
-0.209321
-0.240801
-0.227398
-0.191789
-0.167060
-0.121095
-0.095473
-0.089383
-0.056735
-0.054426
-0.034051
0.016785
0.041166
0.071242
0.114862
0.159386
0.275416
0.406829
0.496870
0.541554
0.262906
-0.112995
-0.328209
-0.411004
-0.230352
0.047468
0.194099
0.200439
0.136669
-0.036168
-0.190220
-0.252317
-0.291327
-0.238382
-0.196152
-0.136942
-0.065192
-0.034608
-0.012319
-0.045515
-0.087649
-0.105173
-0.081762
-0.061773
-0.042128
-0.015312
-0.000443
0.048110
0.120998
0.191905
0.253477
0.298671
0.317485
0.288985
0.193393
0.048224
-0.125079
-0.217748
-0.184326
-0.092398
0.027958
0.105870
0.092739
0.019946
-0.068135
-0.163092
-0.230232
-0.235813
-0.215844
-0.171217
-0.123002
-0.114913
-0.128249
-0.103823
-0.090246
-0.073152
-0.024043
-0.004866
0.043164
0.093531
0.115472
0.173624
0.268866
0.365674
0.474377
0.515115
0.228722
-0.128211
-0.348860
-0.415480
-0.194004
0.072570
0.195663
0.195947
0.104279
-0.064647
-0.192971
-0.250678
-0.279917
-0.241754
-0.185467
-0.104146
-0.044978
-0.009129
-0.008268
-0.058881
-0.113881
-0.136104
-0.097888
-0.053061
-0.017361
-0.005395
-0.003231
0.021628
0.092043
0.177375
0.227194
0.268820
0.286260
0.283916
0.228357
0.107162
-0.047962
-0.170474
-0.181705
-0.137646
-0.046985
0.037863
0.071121
0.042355
-0.047053
-0.162669
-0.247398
-0.271824
-0.262234
-0.217174
-0.163931
-0.118974
-0.065405
-0.024572
-0.015074
-0.021352
-0.005932
0.023897
0.080908
0.150188
0.221117
0.285841
0.349688
0.455122
0.478539
0.209713
-0.141656
-0.366559
-0.409558
-0.180051
0.094494
0.214016
0.198145
0.081722
-0.091394
-0.204041
-0.235332
-0.266778
-0.256937
-0.175560
-0.102611
-0.021772
0.026416
-0.015144
-0.057966
-0.105265
-0.135270
-0.098611
-0.048941
-0.023348
-0.007499
-0.001404
0.023529
0.091430
0.146451
0.184363
0.204119
0.202193
0.201109
0.169232
0.107704
0.026984
-0.035993
-0.055131
-0.020951
-0.004504
-0.047204
-0.094142
-0.148029
-0.168542
-0.149121
-0.149209
-0.162468
-0.145493
-0.138495
-0.141114
-0.112160
-0.095401
-0.052935
0.011222
0.050332
0.090622
0.134373
0.171662
0.227198
0.287325
0.343005
0.391868
0.411158
0.236335
-0.079552
-0.279876
-0.356382
-0.223329
0.024293
0.164549
0.188022
0.125674
-0.026909
-0.184639
-0.250006
-0.285194
-0.241221
-0.157312
-0.103931
-0.021842
0.011182
-0.022311
-0.042352
-0.078057
-0.106877
-0.068949
-0.043496
-0.024704
0.002934
-0.002770
0.022290
0.085517
0.149095
0.199173
0.214967
0.215592
0.210516
0.167740
0.096530
0.026334
-0.013800
-0.008371
0.013385
0.005961
-0.047856
-0.114827
-0.156648
-0.162440
-0.144480
-0.129655
-0.134259
-0.137647
-0.141401
-0.140159
-0.119813
-0.090218
-0.052216
-0.006388
0.039649
0.082220
0.132437
0.175684
0.233234
0.293167
0.346650
0.406975
0.435102
0.269380
-0.057451
-0.274887
-0.371658
-0.243647
0.013716
0.163278
0.196636
0.136380
-0.005891
-0.170945
-0.250662
-0.296039
-0.265553
-0.152129
-0.054578
-0.027409
-0.028051
-0.045784
-0.097050
-0.088497
-0.079423
-0.052838
-0.007797
0.003001
-0.011212
-0.025041
0.000398
0.072027
0.167057
0.237539
0.271203
0.261264
0.213796
0.137957
0.044776
-0.035180
-0.057995
-0.020185
0.026493
0.029815
-0.030557
-0.111666
-0.170023
-0.196254
-0.187445
-0.162077
-0.132818
-0.103378
-0.089614
-0.099243
-0.118895
-0.110996
-0.066845
-0.013976
0.044351
0.097064
0.134947
0.173149
0.241318
0.312139
0.379035
0.430221
0.425646
0.215431
-0.086399
-0.284028
-0.354342
-0.195439
0.038578
0.188622
0.199461
0.117794
-0.040587
-0.206696
-0.269226
-0.284327
-0.216770
-0.112580
-0.021766
0.000355
-0.064341
-0.116894
-0.139858
-0.116041
-0.058610
-0.010332
0.013714
0.015097
-0.000847
-0.020972
-0.001320
0.073800
0.178047
0.262298
0.310632
0.296330
0.238398
0.138239
0.023436
-0.034336
-0.055532
-0.012180
0.028504
0.004178
-0.056681
-0.123565
-0.164157
-0.164733
-0.151443
-0.152754
-0.133368
-0.116530
-0.111339
-0.100627
-0.096877
-0.078472
-0.042232
0.014864
0.062233
0.106995
0.146935
0.189142
0.265237
0.342092
0.390517
0.409613
0.385618
0.152384
-0.103723
-0.249888
-0.298113
-0.134635
0.054251
0.151624
0.169138
0.087344
-0.065035
-0.186407
-0.253404
-0.265220
-0.194937
-0.108898
-0.026167
-0.005692
-0.046995
-0.084698
-0.135192
-0.117294
-0.059529
-0.022877
0.012290
0.018588
0.001399
0.003877
0.054860
0.123446
0.204002
0.267497
0.288369
0.285058
0.221518
0.117339
0.013688
-0.057763
-0.074940
-0.034433
-0.008358
-0.030132
-0.066921
-0.119451
-0.155467
-0.172627
-0.181322
-0.172484
-0.150845
-0.122879
-0.107169
-0.090301
-0.081297
-0.058462
-0.028089
0.006125
0.056864
0.105763
0.157193
0.224411
0.297774
0.363164
0.395817
0.422442
0.318765
0.030809
-0.186408
-0.300942
-0.243872
-0.047677
0.099526
0.143670
0.114750
0.011907
-0.140891
-0.231672
-0.273289
-0.239395
-0.152358
-0.082926
-0.035342
-0.047171
-0.085142
-0.117747
-0.134602
-0.088963
-0.027836
-0.001171
0.002761
-0.021580
-0.024196
0.011469
0.076929
0.159463
0.233745
0.286343
0.289958
0.260801
0.176976
0.058543
-0.034319
-0.081349
-0.070083
-0.029860
-0.016237
-0.048734
-0.094575
-0.145092
-0.176302
-0.186985
-0.184887
-0.162307
-0.134581
-0.119869
-0.115030
-0.115139
-0.096772
-0.049554
-0.001572
0.038787
0.081399
0.118629
0.161873
0.230010
0.288435
0.339697
0.389017
0.413379
0.253700
-0.013778
-0.201568
-0.300037
-0.198659
-0.019596
0.090857
0.126791
0.090678
-0.027233
-0.168773
-0.250039
-0.288284
-0.242794
-0.148738
-0.055054
-0.035597
-0.100354
-0.149365
-0.133820
-0.082897
-0.041578
0.004171
0.009895
0.012654
0.014408
-0.011725
0.015573
0.101967
0.217542
0.313748
0.367792
0.332293
0.215501
0.064555
-0.077832
-0.140865
-0.120543
-0.057422
-0.013454
-0.019183
-0.070657
-0.121600
-0.163010
-0.204721
-0.211314
-0.200470
-0.158687
-0.111233
-0.090393
-0.074471
-0.071247
-0.059290
-0.028509
0.008466
0.052885
0.111666
0.172665
0.250032
0.318615
0.358170
0.386827
0.399337
0.219881
-0.042659
-0.213346
-0.294493
-0.174513
0.005636
0.108488
0.128445
0.084946
-0.038870
-0.179153
-0.259093
-0.293151
-0.235225
-0.142588
-0.052849
-0.014388
-0.081846
-0.160597
-0.147417
-0.119122
-0.082338
-0.011494
0.002047
0.010595
0.013490
-0.015328
0.006284
0.107694
0.215172
0.300998
0.352205
0.322793
0.231430
0.092237
-0.045932
-0.122118
-0.141130
-0.103429
-0.052545
-0.045396
-0.052097
-0.080737
-0.145346
-0.203749
-0.242733
-0.241876
-0.191940
-0.122780
-0.086410
-0.067530
-0.047432
-0.046027
-0.039108
-0.012909
0.025885
0.092260
0.174838
0.251997
0.324113
0.375873
0.389128
0.396885
0.209238
-0.064583
-0.226228
-0.311001
-0.195850
-0.002311
0.110641
0.126442
0.078585
-0.064283
-0.195863
-0.255762
-0.291390
-0.225348
-0.126494
-0.045465
-0.001540
-0.028954
-0.115867
-0.148912
-0.173285
-0.145887
-0.029662
0.004598
0.031552
0.017999
-0.014766
-0.003703
0.060337
0.150268
0.246902
0.325190
0.315391
0.264367
0.148683
0.016041
-0.081639
-0.120793
-0.086597
-0.029229
0.002339
-0.033029
-0.083377
-0.154564
-0.197488
-0.202176
-0.205614
-0.182672
-0.139331
-0.101268
-0.088183
-0.075939
-0.071249
-0.054391
-0.014541
0.032321
0.097252
0.150207
0.215871
0.281843
0.339835
0.378318
0.441451
0.391437
0.100368
-0.147777
-0.319903
-0.322775
-0.121527
0.065967
0.145619
0.144780
0.068792
-0.101472
-0.219554
-0.288196
-0.279618
-0.187418
-0.068015
0.008602
0.025440
-0.064521
-0.206316
-0.174189
-0.117727
-0.039965
0.058729
0.042784
0.018528
0.014445
-0.012003
0.003164
0.127364
0.233246
0.319068
0.373762
0.318887
0.203334
0.056655
-0.079758
-0.141835
-0.106525
-0.062384
-0.030748
-0.032262
-0.077650
-0.114785
-0.147462
-0.183845
-0.210087
-0.198160
-0.165313
-0.121877
-0.079562
-0.064273
-0.056325
-0.041084
-0.015339
0.022135
0.080690
0.142723
0.201494
0.275423
0.346081
0.400029
0.450687
0.419196
0.137126
-0.152290
-0.315138
-0.337816
-0.140253
0.072641
0.165726
0.162680
0.084260
-0.081064
-0.221945
-0.290016
-0.297942
-0.206211
-0.084768
0.004328
0.030675
0.005992
-0.135250
-0.261329
-0.192751
-0.097509
0.009473
0.080421
0.039655
0.008921
0.009279
0.006253
0.049407
0.168077
0.262665
0.326298
0.349836
0.268190
0.134118
0.000709
-0.100191
-0.132496
-0.080648
-0.044315
-0.034101
-0.043909
-0.100779
-0.144908
-0.181647
-0.198242
-0.194637
-0.173247
-0.147497
-0.112460
-0.076936
-0.067275
-0.038644
-0.028995
-0.008721
0.032480
0.087526
0.149910
0.226920
0.316340
0.376687
0.417669
0.448986
0.337880
0.025386
-0.231694
-0.370538
-0.304986
-0.063894
0.130176
0.194184
0.148139
0.027324
-0.141943
-0.244046
-0.284811
-0.257878
-0.159007
-0.053577
0.016864
0.019682
-0.070198
-0.190039
-0.204377
-0.128222
-0.025654
0.049324
0.054279
0.011602
-0.026273
-0.037720
0.003098
0.106432
0.226498
0.309297
0.325909
0.293237
0.197896
0.070726
-0.025543
-0.072167
-0.056112
-0.011159
0.006497
-0.021940
-0.074550
-0.132964
-0.169763
-0.174102
-0.159593
-0.132674
-0.127543
-0.133405
-0.123714
-0.104940
-0.076671
-0.039300
-0.008839
0.026577
0.078231
0.120109
0.158044
0.233681
0.325742
0.382489
0.429568
0.452647
0.275848
-0.030760
-0.250065
-0.347292
-0.228502
0.001426
0.146388
0.183003
0.125185
-0.006669
-0.161910
-0.258493
-0.291071
-0.232399
-0.118734
-0.013988
0.041835
0.028587
-0.089449
-0.236020
-0.206910
-0.095059
0.005921
0.077420
0.048449
0.007688
0.001639
-0.005230
0.025778
0.117931
0.216801
0.295135
0.326338
0.278246
0.187341
0.063290
-0.032611
-0.063080
-0.053323
-0.012093
-0.019223
-0.060215
-0.095445
-0.138464
-0.145501
-0.146718
-0.158930
-0.151759
-0.130284
-0.118834
-0.106359
-0.094002
