0.166412
0.237317
0.209929
0.050647
-0.172934
-0.327467
-0.342305
-0.216813
-0.009885
0.146524
0.176462
0.084770
-0.055547
-0.154399
-0.172965
-0.126238
-0.057004
0.000457
0.033541
0.032387
0.013295
-0.028997
-0.080447
-0.112268
-0.099443
-0.037664
0.059672
0.140345
0.181149
0.170120
0.141188
0.122954
0.170858
0.262630
0.386583
0.415498
0.135641
-0.224590
-0.516025
-0.572349
-0.343032
0.090884
0.456997
0.565003
0.406411
0.063222
-0.238065
-0.333097
-0.303597
-0.193605
-0.089633
-0.046969
-0.013918
0.065009
0.169914
0.244102
0.218771
0.062895
-0.164220
-0.333016
-0.356721
-0.233303
-0.020020
0.148587
0.184343
0.092518
-0.055716
-0.157826
-0.175325
-0.120894
-0.041035
0.017620
0.044522
0.033556
0.003408
-0.039991
-0.083748
-0.103023
-0.082787
-0.016445
0.078584
0.157130
0.199515
0.196298
0.175183
0.171360
0.222180
0.322541
0.418149
0.227156
-0.112630
-0.445246
-0.592187
-0.440358
-0.037240
0.397313
0.603228
0.507756
0.173730
-0.194284
-0.362446
-0.353286
-0.233845
-0.087711
-0.018236
0.004837
0.044170
0.124920
0.209853
0.226874
0.122249
-0.087261
-0.291748
-0.367619
-0.288925
-0.085517
0.119673
0.201604
0.134467
-0.020939
-0.152727
-0.191331
-0.142644
-0.047790
0.026788
0.060033
0.047297
0.008929
-0.036811
-0.083199
-0.103232
-0.082589
-0.021072
0.071115
0.156550
0.206145
0.211871
0.190589
0.183186
0.218705
0.315891
0.397510
0.192933
-0.130871
-0.451038
-0.579955
-0.413979
-0.006496
0.415630
0.607656
0.494463
0.152016
-0.211127
-0.370915
-0.353523
-0.221870
-0.073323
-0.001164
0.018490
0.046915
0.118167
0.199885
0.211831
0.112766
-0.088860
-0.289301
-0.358874
-0.276702
-0.078718
0.123576
0.201367
0.129687
-0.028385
-0.158490
-0.198945
-0.144850
-0.042082
0.040424
0.074994
0.057649
0.005422
-0.045658
-0.089180
-0.101634
-0.073282
-0.005057
0.081726
0.162333
0.203460
0.211500
0.191030
0.202080
0.238895
0.353331
0.365684
0.104377
-0.218376
-0.512246
-0.565284
-0.331109
0.106571
0.490926
0.615923
0.434298
0.062798
-0.271052
-0.384762
-0.340998
-0.188701
-0.052019
0.011284
0.030568
0.068074
0.141095
0.211246
0.192987
0.068502
-0.144816
-0.320636
-0.354434
-0.239285
-0.028260
0.153892
0.194158
0.098036
-0.064909
-0.177009
-0.196107
-0.126638
-0.024469
0.051271
0.076270
0.051329
-0.004771
-0.058290
-0.099205
-0.100567
-0.057852
0.020576
0.112059
0.185859
0.226777
0.231363
0.218107
0.233270
0.296184
0.367230
0.187118
-0.109429
-0.422542
-0.569128
-0.435835
-0.058356
0.370174
0.606886
0.532483
0.210374
-0.170096
-0.373974
-0.384745
-0.258888
-0.094095
0.005963
0.036344
0.055905
0.104162
0.177777
0.200052
0.122768
-0.057325
-0.259518
-0.354528
-0.295883
-0.115499
0.094298
0.195913
0.150153
-0.000522
-0.145584
-0.204469
-0.164857
-0.065908
0.029917
0.073501
0.065159
0.012569
-0.044396
-0.092527
-0.106108
-0.079832
-0.010551
0.073131
0.153318
0.196229
0.217185
0.207167
0.224854
0.262440
0.367931
0.308098
0.031784
-0.286947
-0.542372
-0.540161
-0.264350
0.174562
0.526299
0.606516
0.388152
0.006457
-0.300614
-0.395663
-0.333030
-0.171831
-0.038265
0.018921
0.035863
0.068516
0.138304
0.202096
0.178749
0.051107
-0.157312
-0.323487
-0.348779
-0.230257
-0.021343
0.150847
0.184226
0.084664
-0.073317
-0.182664
-0.194261
-0.123172
-0.019443
0.051832
0.072123
0.039018
-0.017421
-0.070553
-0.104138
-0.100831
-0.049714
0.026335
0.117087
0.182229
0.221308
0.223791
0.223788
0.237501
0.321782
0.345633
0.126616
-0.173674
-0.471864
-0.569505
-0.391602
0.007102
0.415889
0.610465
0.497068
0.153895
-0.211098
-0.388364
-0.381412
-0.241419
-0.078492
0.013038
0.038207
0.051896
0.098521
0.167799
0.183013
0.105796
-0.069124
-0.262175
-0.346179
-0.289436
-0.114861
0.080232
0.171226
0.125144
-0.014135
-0.145770
-0.192103
-0.151942
-0.056396
0.027478
0.064767
0.049797
-0.000759
-0.055676
-0.094237
-0.103758
-0.066408
0.001376
0.089504
0.163868
0.217407
0.235045
0.240760
0.252500
0.323619
0.338022
0.117213
-0.177756
-0.471315
-0.571456
-0.398686
-0.010075
0.400457
0.604582
0.505739
0.172681
-0.196594
-0.387389
-0.392804
-0.260214
-0.091516
0.010441
0.044392
0.058027
0.095204
0.157228
0.172150
0.100617
-0.061778
-0.249907
-0.337986
-0.292386
-0.128949
0.062399
0.159487
0.124427
-0.007289
-0.139152
-0.189775
-0.155117
-0.062202
0.022874
0.061188
0.047669
-0.002252
-0.059044
-0.095549
-0.103368
-0.061842
0.006443
0.092633
0.162080
0.215620
0.236193
0.253480
0.271198
0.353465
0.308223
0.055551
-0.247149
-0.519627
-0.562747
-0.339136
0.071414
0.457540
0.607054
0.456900
0.100796
-0.245935
-0.400187
-0.380618
-0.233351
-0.072749
0.017130
0.046270
0.062955
0.103611
0.161352
0.159917
0.075047
-0.097210
-0.270839
-0.335875
-0.270888
-0.099091
0.081189
0.154240
0.102053
-0.036356
-0.154550
-0.190280
-0.140681
-0.045224
0.035953
0.063778
0.043596
-0.013460
-0.069969
-0.105506
-0.099887
-0.051357
0.026444
0.112011
0.181379
0.226355
0.247038
0.261989
0.299412
0.370480
0.226784
-0.053337
-0.362743
-0.572536
-0.513934
-0.207918
0.222689
0.546299
0.590239
0.351875
-0.031471
-0.324005
-0.415976
-0.348025
-0.179869
-0.035193
0.034946
0.057380
0.076036
0.122703
0.162239
0.131173
0.021092
-0.162380
-0.299479
-0.319528
-0.220386
-0.038094
0.109497
0.137511
0.054385
-0.083709
-0.171440
-0.174046
-0.101131
-0.006072
0.055201
0.059089
0.022684
-0.039692
-0.085320
-0.107128
-0.080559
-0.019753
0.069240
0.147332
0.210702
0.240115
0.265119
0.278089
0.356881
0.314643
0.064429
-0.233828
-0.511395
-0.569124
-0.360332
0.035307
0.429913
0.601886
0.477016
0.138909
-0.215982
-0.391618
-0.389526
-0.255924
-0.092108
0.010327
0.048148
0.064915
0.095960
0.147633
0.148232
0.078979
-0.073483
-0.241282
-0.314155
-0.271905
-0.127749
0.045005
0.125916
0.094363
-0.021605
-0.132774
-0.171938
-0.132717
-0.048001
0.031425
0.057808
0.043730
-0.007569
-0.061601
-0.098424
-0.094275
-0.049641
0.034655
0.122296
0.205868
0.250853
0.277986
0.286435
0.339936
0.328949
0.105492
-0.181117
-0.466750
-0.571670
-0.411961
-0.047691
0.358035
0.586507
0.521623
0.221552
-0.145396
-0.366369
-0.405056
-0.297138
-0.130947
-0.005599
0.051014
0.073890
0.094214
0.136872
0.143604
0.088528
-0.040843
-0.205256
-0.297216
-0.277564
-0.160213
0.008922
0.111300
0.104659
0.007005
-0.106790
-0.165238
-0.142816
-0.067600
0.016647
0.055331
0.053237
0.008478
-0.046853
-0.090777
-0.097343
-0.063319
0.016177
0.105916
0.195446
0.245897
0.278787
0.288627
0.337413
0.343951
0.135937
-0.145561
-0.437082
-0.569057
-0.439845
-0.097687
0.310126
0.567004
0.538283
0.267398
-0.095701
-0.336930
-0.399113
-0.311156
-0.153946
-0.024575
0.040487
0.070070
0.091393
0.136906
0.149461
0.102046
-0.015818
-0.180577
-0.286028
-0.281331
-0.181018
-0.015144
0.099291
0.110451
0.025922
-0.086585
-0.155161
-0.146249
-0.081442
0.003006
0.050508
0.058849
0.022585
-0.031000
-0.082432
-0.098993
-0.074272
0.003582
0.096680
0.193830
0.252944
0.285797
0.294294
0.335936
0.341276
0.141352
-0.137900
-0.427520
-0.564428
-0.444584
-0.109736
0.297837
0.563752
0.546337
0.283256
-0.078831
-0.328440
-0.398183
-0.314788
-0.159176
-0.026984
0.041609
0.070843
0.089321
0.132706
0.147352
0.104955
-0.004675
-0.164426
-0.275181
-0.279895
-0.190178
-0.029868
0.090045
0.109772
0.034249
-0.073970
-0.144244
-0.140607
-0.083787
-0.003244
0.044066
0.055591
0.024673
-0.022375
-0.070639
-0.088820
-0.068582
0.005865
0.095978
0.197474
0.260427
0.305077
0.317307
0.363167
0.318387
0.085475
-0.205252
-0.475576
-0.559355
-0.389817
-0.030300
0.364547
0.578132
0.509949
0.219314
-0.128849
-0.344644
-0.384147
-0.286441
-0.133918
-0.015660
0.045387
0.073052
0.096886
0.140542
0.144599
0.088873
-0.030681
-0.186861
-0.278378
-0.267046
-0.163451
-0.005367
0.098774
0.099786
0.016112
-0.089091
-0.145121
-0.129952
-0.064488
0.012701
0.053624
0.056586
0.022225
-0.027796
-0.070446
-0.083132
-0.052556
0.025486
0.124594
0.226953
0.292408
0.332738
0.353887
0.382313
0.223427
-0.049756
-0.350413
-0.551114
-0.514278
-0.241780
0.156486
0.496871
0.581616
0.403713
0.060517
-0.239887
-0.379824
-0.351369
-0.224172
-0.079292
0.010371
0.062598
0.084093
0.124679
0.152817
0.127443
0.039764
-0.101089
-0.240413
-0.278779
-0.228799
-0.089885
0.050598
0.112877
0.069861
-0.028416
-0.122440
-0.144331
-0.110982
-0.030616
0.032806
0.064395
0.050442
0.011995
-0.044348
-0.076028
-0.080193
-0.019618
0.067903
0.186497
0.271156
0.331330
0.346810
0.386885
0.298963
0.054001
-0.236130
-0.490993
-0.548894
-0.361684
-0.005775
0.378311
0.569750
0.492725
0.201873
-0.129470
-0.335412
-0.369151
-0.275492
-0.131321
-0.022378
0.043573
0.072923
0.104992
0.146780
0.144652
0.081022
-0.039016
-0.190304
-0.270623
-0.257561
-0.150858
-0.000583
0.098427
0.098212
0.018567
-0.087979
-0.142612
-0.132934
-0.067346
0.010381
0.061688
0.066963
0.036887
-0.018888
-0.061568
-0.081918
-0.044215
0.031716
0.148635
0.254866
0.337281
0.371088
0.414507
0.342646
0.086580
-0.212577
-0.490937
-0.574786
-0.407686
-0.055230
0.346629
0.577538
0.528921
0.255440
-0.091974
-0.323190
-0.381907
-0.301323
-0.159150
-0.037976
0.035925
0.076609
0.108118
0.154760
0.154832
0.094193
-0.026316
-0.182799
-0.279258
-0.272640
-0.173513
-0.012677
0.101506
0.116527
0.040487
-0.074241
-0.148475
-0.148855
-0.090220
-0.002596
0.060672
0.080448
0.053654
-0.001897
-0.055624
-0.083405
-0.056841
0.023137
0.145319
0.265560
0.354560
0.388746
0.424025
0.312137
0.038572
-0.256887
-0.513094
-0.556928
-0.361462
-0.003206
0.377836
0.570668
0.493743
0.214540
-0.117218
-0.327316
-0.372214
-0.288656
-0.152506
-0.036501
0.038633
0.083240
0.120600
0.165095
0.152303
0.081995
-0.046179
-0.197773
-0.280182
-0.263513
-0.159662
-0.002139
0.101187
0.110964
0.034758
-0.074648
-0.144739
-0.144278
-0.091333
-0.006577
0.052654
0.075648
0.050728
-0.000364
-0.053790
-0.074482
-0.045598
0.040143
0.159594
0.278884
0.359016
0.402202
0.422626
0.261575
-0.022782
-0.321440
-0.541243
-0.527782
-0.293430
0.080948
0.431803
0.564950
0.440677
0.142153
-0.167349
-0.340305
-0.354509
-0.259241
-0.128269
-0.025394
0.041202
0.083507
0.129157
0.169182
0.146651
0.065121
-0.075485
-0.221425
-0.286898
-0.255417
-0.134732
0.019776
0.108322
0.103454
0.018951
-0.086644
-0.145653
-0.137289
-0.080711
0.000287
0.054831
0.074436
0.046132
-0.003959
-0.056202
-0.067757
-0.031697
0.065968
0.184537
0.303482
0.371130
0.422589
0.401593
0.181908
-0.113160
-0.405914
-0.565904
-0.477082
-0.190753
0.195510
0.494739
0.545702
0.358910
0.042733
-0.232267
-0.354319
-0.329700
-0.219616
-0.096453
-0.008504
0.048910
0.088488
0.141452
0.169143
0.131883
0.034826
-0.116042
-0.249209
-0.288963
-0.236423
-0.096316
0.048255
0.114356
0.088087
-0.006700
-0.106651
-0.146026
-0.127165
-0.060780
0.013326
0.058812
0.066571
0.033919
-0.018051
-0.058736
-0.059584
-0.003663
0.103510
0.223899
0.335427
0.392484
0.439595
0.343497
0.076939
-0.226312
-0.491949
-0.563912
-0.392412
-0.056448
0.323849
0.541824
0.498948
0.249176
-0.068506
-0.293656
-0.357607
-0.296481
-0.174461
-0.064794
0.010734
0.059054
0.102316
0.155436
0.163388
0.105532
-0.011541
-0.168678
-0.275425
-0.284979
-0.199615
-0.044347
0.079653
0.115659
0.062576
-0.042238
-0.127466
-0.145333
-0.110862
-0.034480
0.033450
0.070411
0.060145
0.017638
-0.037473
-0.065333
-0.046357
0.036939
0.152308
0.278263
0.362783
0.414288
0.422440
0.236354
-0.052730
-0.349044
-0.549490
-0.513493
-0.265658
0.103667
0.436675
0.548117
0.411659
0.119327
-0.171732
-0.333692
-0.342635
-0.253730
-0.133080
-0.037358
0.031485
0.075326
0.127629
0.167382
0.146020
0.064632
-0.072796
-0.219544
-0.286812
-0.263193
-0.144735
0.006492
0.099917
0.102651
0.028792
-0.076837
-0.136873
-0.138119
-0.086621
-0.009042
0.050196
0.071444
0.047810
-0.003904
-0.052798
-0.064534
-0.019402
0.080489
0.198126
0.309312
0.367894
0.411682
0.368255
0.145763
-0.133942
-0.409585
-0.545437
-0.446490
-0.167099
0.199155
0.475937
0.513629
0.330920
0.031460
-0.225204
-0.340638
-0.317288
-0.215717
-0.099993
-0.015356
0.044197
0.082933
0.134295
0.156455
0.122064
0.030218
-0.109987
-0.237913
-0.281172
-0.237072
-0.104139
0.031865
0.103140
0.084821
0.000925
-0.096717
-0.137306
-0.127063
-0.064068
0.008151
0.060465
0.067898
0.038082
-0.018016
-0.056091
-0.054223
0.013890
0.124462
0.251393
0.351569
0.409322
0.431863
0.278890
-0.000386
-0.295568
-0.521051
-0.529624
-0.320013
0.026152
0.373506
0.530852
0.441588
0.179120
-0.114352
-0.302579
-0.339835
-0.271890
-0.159881
-0.063546
0.010142
0.060681
0.113487
0.161430
0.154302
0.084940
-0.041394
-0.191803
-0.278623
-0.275416
-0.175768
-0.025739
0.082983
0.107415
0.048986
-0.053456
-0.128288
-0.142561
-0.103272
-0.026689
0.040273
0.074152
0.059784
0.013490
-0.043436
-0.066045
-0.035198
0.061312
0.183134
0.309191
0.379020
0.428037
0.381622
0.155958
-0.130324
-0.405215
-0.545787
-0.452775
-0.181562
0.180231
0.459245
0.510532
0.338851
0.050467
-0.206773
-0.329714
-0.317209
-0.224129
-0.116050
-0.030453
0.032446
0.077136
0.132690
0.159863
0.126689
0.037444
-0.102953
-0.233484
-0.282685
-0.243889
-0.115675
0.022686
0.099356
0.088908
0.008879
-0.089950
-0.137065
-0.130748
-0.071711
0.003619
0.060293
0.072289
0.043785
-0.012649
-0.055612
-0.056875
0.004521
0.115384
0.240946
0.344659
0.401064
0.428830
0.291426
0.023969
-0.267485
-0.500123
-0.529329
-0.339853
-0.010433
0.338649
0.514140
0.449895
0.203140
-0.085668
-0.283930
-0.332776
-0.275027
-0.167053
-0.073239
-0.000097
0.047750
0.099669
0.149907
0.152775
0.094002
-0.021391
-0.171461
-0.268826
-0.279718
-0.191778
-0.046945
0.071017
0.107869
0.060903
-0.037898
-0.116729
-0.140306
-0.108788
-0.036644
0.034584
0.074141
0.066338
0.023181
-0.033107
-0.053989
-0.023650
0.071984
0.188547
0.309545
0.383787
0.441531
0.364226
0.123863
-0.175125
-0.443713
-0.548699
-0.419770
-0.124924
0.238432
0.479556
0.489787
0.287329
0.001179
-0.232105
-0.323144
-0.293364
-0.197309
-0.102977
-0.027847
0.024716
0.076062
0.136654
0.162677
0.124388
0.025359
-0.125142
-0.249095
-0.289504
-0.231072
-0.093256
0.041942
0.108778
0.085507
-0.002274
-0.096018
-0.138161
-0.125237
-0.060801
0.013334
0.068242
0.074093
0.042386
-0.015921
-0.052222
-0.043509
0.035997
0.146347
0.272034
0.360696
0.418169
0.409010
0.223689
-0.055490
-0.341172
-0.523312
-0.486692
-0.255149
0.090824
0.399306
0.506483
0.386163
0.119112
-0.146248
-0.299291
-0.313767
-0.239086
-0.136978
-0.057473
0.007242
0.051009
0.109727
0.153406
0.144277
0.070757
-0.058859
-0.206902
-0.281960
-0.266814
-0.152484
-0.006960
0.096398
0.105105
0.039897
-0.063604
-0.126458
-0.136688
-0.085273
-0.012627
0.056416
0.078878
0.062146
0.008195
-0.033153
-0.042637
0.017162
0.116354
0.239859
0.342319
0.414637
0.431089
0.270089
-0.006246
-0.305368
-0.514311
-0.508710
-0.297931
0.042414
0.369013
0.505534
0.412426
0.155507
-0.115139
-0.284697
-0.312389
-0.247377
-0.147470
-0.071215
-0.006876
0.037555
0.099422
0.152172
0.155690
0.089732
-0.037192
-0.193391
-0.280131
-0.277889
-0.170133
-0.021184
0.092506
0.111543
0.052646
-0.051681
-0.121414
-0.139377
-0.093133
-0.020878
0.050128
0.078942
0.066926
0.016205
-0.028958
-0.043847
0.007011
0.102631
0.224644
0.334733
0.408807
0.436852
0.293509
0.025368
-0.272303
-0.495527
-0.515364
-0.327216
-0.002750
0.331310
0.493259
0.429359
0.189732
-0.081537
-0.266442
-0.311617
-0.258043
-0.160979
-0.083312
-0.015932
0.030332
0.089661
0.145901
0.155440
0.097829
-0.020937
-0.178619
-0.272988
-0.279917
-0.183088
-0.034774
0.084196
0.111970
0.059368
-0.042860
-0.116583
-0.137910
-0.096206
-0.025061
0.047084
0.079559
0.069860
0.022711
-0.023080
-0.043761
0.002481
0.097536
0.218891
0.335365
0.415169
0.440608
0.293188
0.019729
-0.282011
-0.498415
-0.512395
-0.318360
0.007228
0.334981
0.487483
0.418931
0.179846
-0.083901
-0.260996
-0.301350
-0.250518
-0.158311
-0.087973
-0.024109
0.024001
0.088319
0.147902
0.162149
0.101626
-0.020392
-0.180749
-0.275250
-0.281436
-0.181532
-0.033207
0.086903
0.112819
0.060046
-0.042139
-0.114301
-0.137287
-0.094955
-0.025903
0.046171
0.078816
0.072707
0.025534
-0.016458
-0.038156
0.007275
0.096914
0.219366
0.333583
0.419364
0.439718
0.279486
0.000149
-0.299448
-0.506886
-0.501569
-0.296768
0.033087
0.349612
0.484123
0.399102
0.158483
-0.098076
-0.261725
-0.293577
-0.238387
-0.152632
-0.086854
-0.026833
0.021602
0.090469
0.152892
0.163247
0.100179
-0.029283
-0.189362
-0.277779
-0.277607
-0.172292
-0.023490
0.089553
0.109851
0.054260
-0.046528
-0.114332
-0.133759
-0.089762
-0.022170
0.046489
0.075428
0.068214
0.022083
-0.017473
-0.035445
0.015533
0.106318
0.232820
0.341518
0.423570
0.428795
0.253627
-0.030376
-0.323971
-0.514601
-0.488082
-0.269321
0.066713
0.369647
0.485090
0.380899
0.133903
-0.116624
-0.268047
-0.291962
-0.230998
-0.147518
-0.083122
-0.022776
0.027377
0.098098
0.158767
0.162418
0.093733
-0.040860
-0.198899
-0.281878
-0.274057
-0.163561
-0.014740
0.094283
0.109622
0.049754
-0.051264
-0.117120
-0.133813
-0.087564
-0.019583
0.047691
0.075285
0.067395
0.020159
-0.016869
-0.031879
0.023243
0.116534
0.242369
0.347676
0.436915
0.419538
0.225172
-0.067633
-0.359773
-0.526744
-0.468952
-0.229915
0.114426
0.396464
0.482127
0.350110
0.097413
-0.143257
-0.274009
-0.283243
-0.216098
-0.138685
-0.076254
-0.021242
0.032797
0.107363
0.165455
0.160390
0.083391
-0.061714
-0.213460
-0.286853
-0.265257
-0.146629
0.000346
0.098053
0.104708
0.037920
-0.059649
-0.120216
-0.129370
-0.081006
-0.011722
0.053310
0.075986
0.061665
0.014492
-0.020928
-0.029040
0.034551
0.130354
0.258525
0.359811
0.448218
0.402899
0.185316
-0.118181
-0.403698
-0.538454
-0.442420
-0.177406
0.175946
0.430709
0.476980
0.310744
0.050914
-0.177127
-0.281213
-0.273239
-0.197294
-0.127512
-0.068946
-0.018799
0.040590
0.119137
0.175012
0.158386
0.070044
-0.088188
-0.231701
-0.294033
-0.254013
-0.124050
0.022260
0.105461
0.100334
0.022427
-0.069945
-0.124439
-0.124549
-0.073704
-0.005797
0.051847
0.073876
0.056731
0.015563
-0.016786
-0.016179
0.047478
0.147235
0.274142
0.379144
0.459146
0.370816
0.120313
-0.196693
-0.460391
-0.539931
-0.390284
-0.088079
0.261360
0.465594
0.452118
0.242419
-0.016841
-0.217380
-0.284342
-0.253724
-0.174177
-0.116694
-0.059287
-0.011918
0.059738
0.141363
0.186206
0.146805
0.037876
-0.134118
-0.260006
-0.300414
-0.228358
-0.086981
0.055149
0.114267
0.090277
-0.002287
-0.086434
-0.133150
-0.115107
-0.060953
0.012104
0.060559
0.077801
0.046821
0.008708
-0.025248
-0.000368
0.075091
0.193818
0.312863
0.423722
0.451867
0.290117
0.001608
-0.313153
-0.520564
-0.503738
-0.286995
0.054534
0.364362
0.485301
0.382828
0.138659
-0.107169
-0.254705
-0.276508
-0.220546
-0.149707
-0.097982
-0.046507
0.007963
0.092756
0.169214
0.184298
0.116332
-0.026695
-0.193025
-0.287032
-0.285780
-0.176998
-0.027406
0.087473
0.112106
0.059115
-0.038198
-0.106869
-0.132077
-0.097206
-0.036755
0.031450
0.067350
0.070847
0.034214
-0.001687
-0.022373
0.019042
0.103250
0.230578
0.340389
0.443993
0.418833
0.208290
-0.099340
-0.392699
-0.539578
-0.450555
-0.187668
0.163888
0.421575
0.471019
0.306875
0.053412
-0.167324
-0.268180
-0.259360
-0.188666
-0.131720
-0.083434
-0.037946
0.024648
0.113720
0.181834
0.171182
0.083394
-0.081126
-0.232647
-0.300607
-0.261967
-0.133187
0.018313
0.105239
0.104569
0.028322
-0.063922
-0.122200
-0.124324
-0.079226
-0.012433
0.045341
0.072637
0.058272
0.023633
-0.012065
-0.007553
0.056142
0.159646
0.284330
0.399602
0.464100
0.338745
0.064934
-0.260878
-0.502176
-0.531428
-0.340019
-0.010928
0.324662
0.481654
0.413801
0.179045
-0.072020
-0.239741
-0.273983
-0.227051
-0.154495
-0.110596
-0.064370
-0.017141
0.067418
0.154963
0.193312
0.140455
0.009369
-0.168800
-0.280511
-0.300184
-0.205145
-0.055958
0.074913
0.113952
0.074604
-0.021862
-0.095767
-0.130290
-0.102287
-0.047776
0.020325
0.058761
0.069701
0.038292
0.005296
-0.020658
0.018552
0.093413
0.207922
0.316398
0.419628
0.425884
0.252826
-0.037704
-0.337897
-0.519621
-0.475060
-0.245241
0.095545
0.378713
0.470493
0.344886
0.101710
-0.130656
-0.254114
-0.263161
-0.200188
-0.137582
-0.091747
-0.048799
0.006428
0.089603
0.165851
0.174872
0.104589
-0.046747
-0.206415
-0.291650
-0.274385
-0.158000
-0.005784
0.095816
0.109067
0.043162
-0.049253
-0.113329
-0.124280
-0.084903
-0.020470
0.038572
0.071129
0.062983
0.032200
-0.001186
0.000147
0.053931
0.150331
0.267807
0.379964
0.452958
0.339315
0.079692
-0.237769
-0.482972
-0.522244
-0.344278
-0.027421
0.303595
0.466172
0.409378
0.184596
-0.060400
-0.227350
-0.264699
-0.220182
-0.150138
-0.110808
-0.067722
-0.025158
0.056441
0.145594
0.188396
0.143393
0.018230
-0.159878
-0.273744
-0.296891
-0.206260
-0.058568
0.071934
0.112295
0.075169
-0.017279
-0.089128
-0.123163
-0.097010
-0.045617
0.018863
0.057245
0.068074
0.041047
0.014290
-0.004491
0.035566
0.109569
0.226158
0.335422
0.444392
0.398166
0.179588
-0.135665
-0.418651
-0.533009
-0.414874
-0.139515
0.208562
0.429175
0.437911
0.251876
0.013849
-0.182350
-0.250702
-0.225127
-0.158652
-0.121561
-0.083534
-0.050241
0.019981
0.114068
0.179212
0.159934
0.063915
-0.106692
-0.239168
-0.289136
-0.231315
-0.099591
0.035584
0.095304
0.082250
0.003027
-0.071159
-0.110298
-0.097357
-0.056364
0.003182
0.041483
0.057654
0.040705
0.018818
-0.001183
0.029586
0.093987
0.200032
0.302427
0.409103
0.410501
0.238468
-0.044344
-0.338688
-0.503685
-0.444672
-0.213247
0.114703
0.369849
0.435269
0.296268
0.064362
-0.137490
-0.233771
-0.230043
-0.166028
-0.117436
-0.084160
-0.048780
0.003558
0.085539
0.156084
0.156417
0.081040
-0.066255
-0.206862
-0.271429
-0.240706
-0.127241
0.004832
0.081594
0.082198
0.018793
-0.054986
-0.099349
-0.099120
-0.062181
-0.011674
0.030181
0.051155
0.041384
0.022627
0.004934
0.022527
0.079258
0.169582
0.271734
0.376936
0.419914
0.288399
0.034407
-0.261501
-0.464959
-0.464494
-0.274757
0.031477
0.315235
0.425085
0.335547
0.118143
-0.095349
-0.221566
-0.234263
-0.183595
-0.124662
-0.088624
-0.050767
-0.007044
0.071256
0.141492
0.158673
0.099380
-0.031038
-0.180298
-0.259446
-0.255855
-0.157549
-0.027530
0.066393
0.084156
0.038382
-0.038072
-0.087308
-0.100606
-0.071233
-0.026720
0.018063
0.041045
0.041970
0.024608
0.009353
0.015212
0.067715
0.153075
0.257331
0.356305
0.420860
0.315326
0.079182
-0.213978
-0.436228
-0.470826
-0.306232
-0.021503
0.272397
0.408487
0.350595
0.148352
-0.062060
-0.202251
-0.228632
-0.187176
-0.128515
-0.096658
-0.057982
-0.020063
0.055411
0.130752
0.159217
0.111239
-0.004447
-0.157652
-0.245681
-0.256988
-0.173818
-0.049602
0.051991
0.078511
0.045869
-0.027456
-0.077449
-0.096675
-0.072826
-0.033573
0.013072
0.037511
0.043013
0.024270
0.007580
0.003641
0.053554
0.129552
0.236879
0.335169
0.420556
0.360782
0.151547
-0.140391
-0.393061
-0.486454
-0.366040
-0.104064
0.210058
0.395994
0.389317
0.208613
-0.012439
-0.180948
-0.231530
-0.203750
-0.137893
-0.101400
-0.066028
-0.032581
0.032377
0.109819
0.158642
0.129508
0.032465
-0.121352
-0.230538
-0.263955
-0.200077
-0.080792
0.034375
0.077642
0.058309
-0.012470
-0.067679
-0.093959
-0.076453
-0.040888
0.005514
0.031426
0.043179
0.026560
0.011726
-0.000597
0.039838
0.110496
0.213245
0.306864
0.399364
0.384677
0.213002
-0.057972
-0.327592
-0.472180
-0.406042
-0.183511
0.125573
0.354402
0.402226
0.263585
0.047745
-0.141144
-0.223750
-0.214971
-0.154230
-0.108050
-0.072619
-0.039958
0.012791
0.087895
0.146359
0.138575
0.063164
-0.078109
-0.202760
-0.256463
-0.220675
-0.113332
0.006167
0.069931
0.066638
0.007027
-0.055172
-0.088364
-0.081788
-0.049068
-0.005025
0.025054
0.039294
0.029081
0.015397
0.003983
0.029316
0.088453
0.177714
0.271291
0.365839
0.402667
0.278185
0.035431
-0.243064
-0.438251
-0.439639
-0.263087
0.024389
0.291096
0.398412
0.315855
0.115276
-0.085424
-0.204073
-0.219104
-0.171589
-0.118698
-0.086229
-0.051548
-0.010226
0.062758
0.131345
0.147021
0.091451
-0.032836
-0.174844
-0.249825
-0.241243
-0.146722
-0.021707
0.063485
0.074593
0.025916
-0.043417
-0.084876
-0.088244
-0.057066
-0.014187
0.021970
0.038424
0.033293
0.019135
0.010931
0.028368
0.082873
0.165088
0.256445
0.346129
0.400177
0.294985
0.066951
-0.212325
-0.422604
-0.447343
-0.284744
-0.007296
0.270308
0.392944
0.326929
0.130039
-0.071703
-0.198744
-0.217182
-0.172356
-0.116203
-0.086872
-0.054747
-0.020163
0.050355
0.121593
0.145787
0.097539
-0.018467
-0.164119
-0.244169
-0.243929
-0.154809
-0.032571
0.056418
0.070829
0.028510
-0.039961
-0.079496
-0.084581
-0.054562
-0.015665
0.020128
0.034621
0.032283
0.017701
0.009707
0.020030
0.072119
0.146017
0.240831
0.329000
0.401052
0.332066
0.122889
-0.156885
-0.393154
-0.463882
-0.333012
-0.070973
0.223109
0.383809
0.355343
0.171668
-0.037518
-0.184168
-0.219048
-0.181879
-0.120252
-0.089980
-0.061961
-0.033649
0.028246
0.103456
0.145075
0.112884
0.012261
-0.135905
-0.233946
-0.252240
-0.178276
-0.057491
0.044217
0.072599
0.040429
-0.027678
-0.073824
-0.086608
-0.061117
-0.023189
0.016058
0.034449
0.035866
0.019305
0.009800
0.014336
0.060791
0.130421
0.223348
0.306479
0.385854
0.345536
0.160920
-0.103016
-0.346832
-0.449707
-0.354163
-0.122145
0.165159
0.349816
0.356952
0.202707
0.001278
-0.154954
-0.209261
-0.186356
-0.129840
-0.097297
-0.069072
-0.040178
0.014904
0.090343
0.138160
0.117368
0.029858
-0.112436
-0.220538
-0.249288
-0.190258
-0.074212
0.032235
0.071116
0.045274
-0.020084
-0.071371
-0.087323
-0.065602
-0.026204
0.013181
0.035277
0.037515
0.023486
0.013030
0.015817
0.057310
0.126682
0.216951
0.301288
0.382947
0.351236
0.173468
-0.085748
-0.335539
-0.447703
-0.363715
-0.138131
0.149910
0.344604
0.360286
0.213795
0.011652
-0.148711
-0.208785
-0.187076
-0.130600
-0.094915
-0.068319
-0.040955
0.010453
0.085374
0.134190
0.119355
0.036733
-0.101740
-0.211833
-0.245546
-0.194321
-0.082339
0.022767
0.065927
0.045573
-0.014917
-0.065736
-0.082467
-0.064031
-0.027983
0.007752
0.029233
0.033555
0.022446
0.015475
0.018355
0.057786
0.122060
0.209961
0.296894
0.381145
0.357768
0.182569
-0.076882
-0.327839
-0.445518
-0.366491
-0.143180
0.141417
0.338358
0.357644
0.214426
0.015353
-0.141685
-0.202525
-0.182091
-0.130432
-0.098465
-0.076120
-0.047236
0.005310
0.085089
0.136635
0.122493
0.037324
-0.100780
-0.213638
-0.244413
-0.192977
-0.079912
0.022714
0.065083
0.041496
-0.015528
-0.065770
-0.078752
-0.060365
-0.023117
0.009186
0.030924
0.030890
0.022938
0.015320
0.026418
0.065559
0.136999
0.221284
0.314060
0.392786
0.333494
0.129827
-0.138170
-0.376072
-0.445650
-0.325382
-0.075058
0.203526
0.362076
0.330903
0.162620
-0.032979
-0.165050
-0.198605
-0.161187
-0.114414
-0.092005
-0.073585
-0.045049
0.018414
0.102222
0.140758
0.112026
0.007718
-0.136332
-0.230446
-0.238116
-0.165518
-0.045987
0.041391
0.061575
0.022223
-0.037056
-0.075855
-0.073565
-0.045973
-0.007709
0.018620
0.032028
0.023849
0.018993
0.017083
0.040396
0.090336
0.167495
0.246907
0.338138
0.379422
0.272153
0.048753
-0.214282
-0.406285
-0.413318
-0.251857
0.013440
0.261291
0.361041
0.279334
0.096362
-0.082844
-0.181760
-0.187120
-0.141078
-0.101358
-0.082828
-0.064436
-0.030182
0.041748
0.114135
0.132996
0.083961
-0.034385
-0.167189
-0.234223
-0.218993
-0.129764
-0.017951
0.049228
0.050400
0.005296
-0.049171
-0.075592
-0.066142
-0.035101
-0.000209
0.024202
0.031182
0.022955
0.017217
0.019687
0.048296
0.104555
0.183171
0.265176
0.357479
0.368828
0.225481
-0.015166
-0.274440
-0.424268
-0.383142
-0.188480
0.083288
0.299376
0.348595
0.231963
0.043284
-0.114568
-0.185490
-0.170747
-0.123211
-0.093548
-0.080034
-0.060925
-0.019930
0.059803
0.121545
0.123581
0.052891
-0.078488
-0.199010
-0.237702
-0.194832
-0.086262
0.016345
0.059083
0.032700
-0.023456
-0.073099
-0.079261
-0.053505
-0.009851
0.021162
0.040634
0.033116
0.023329
0.020220
0.043140
0.085433
0.157496
0.230321
0.320061
0.373073
0.281466
0.067713
-0.192990
-0.394495
-0.413802
-0.260394
0.000991
0.249044
0.353659
0.274290
0.091944
-0.083929
-0.178762
-0.178407
-0.126631
-0.088918
-0.077923
-0.068597
-0.043376
0.025773
0.103527
0.129395
0.086328
-0.028547
-0.163033
-0.231320
-0.216021
-0.126767
-0.014924
0.050276
0.045662
-0.003111
-0.057726
-0.079517
-0.064688
-0.028647
0.006625
0.030391
0.035090
0.024708
0.018475
0.022901
0.052606
0.108132
0.185122
0.265403
0.353036
0.357578
0.213147
-0.026235
-0.279910
-0.419558
-0.370343
-0.171874
0.096895
0.301099
0.337110
0.213194
0.025627
-0.124615
-0.183642
-0.161998
-0.112885
-0.085229
-0.075158
-0.059683
-0.019069
0.057959
0.116885
0.116695
0.045446
-0.082784
-0.196468
-0.231388
-0.186486
-0.080340
0.017412
0.056484
0.029469
-0.027547
-0.074575
-0.079464
-0.053952
-0.011912
0.019722
0.038538
0.033422
0.023622
0.018744
0.036881
0.079680
0.148261
0.223504
0.309781
0.367378
0.290949
0.090461
-0.163547
-0.367673
-0.406295
-0.273314
-0.029343
0.217502
0.336328
0.280459
0.110678
-0.063186
-0.166988
-0.177619
-0.132899
-0.090130
-0.074664
-0.062832
-0.041443
0.018570
0.089504
0.118140
0.082493
-0.018974
-0.147132
-0.219689
-0.213338
-0.132474
-0.025339
0.044555
0.046544
-0.000222
-0.056642
-0.081683
-0.068868
-0.030689
0.007338
0.032657
0.038612
0.027458
0.017873
0.021766
0.052866
0.107832
0.184360
0.262653
0.349621
0.352742
0.211473
-0.021858
-0.269648
-0.409462
-0.364871
-0.174091
0.088874
0.290756
0.330850
0.211810
0.029219
-0.121626
-0.181904
-0.161876
-0.111095
-0.081714
-0.068345
-0.054614
-0.017926
0.053132
0.108491
0.108435
0.043968
-0.077918
-0.186186
-0.222995
-0.183019
-0.083711
0.011489
0.051173
0.029203
-0.024788
-0.070626
-0.077580
-0.054209
-0.015143
0.015970
0.035199
0.033224
0.025078
0.020882
0.032429
0.069485
0.132232
0.207979
0.294424
0.365471
0.312233
0.129242
-0.121538
-0.342101
-0.408192
-0.298148
-0.068738
0.184049
0.322281
0.288936
0.131830
-0.042886
-0.155004
-0.173112
-0.132313
-0.087776
-0.071401
-0.063636
-0.048438
0.004611
0.077131
0.113722
0.091442
0.002364
-0.123363
-0.204218
-0.211785
-0.145463
-0.042440
0.031802
0.045674
0.009758
-0.043758
-0.074396
-0.068868
-0.039830
-0.003595
0.022631
0.034536
0.027703
0.021440
0.020385
0.041981
0.090122
0.160032
0.235531
0.328628
0.363629
0.255453
0.041333
-0.212003
-0.384796
-0.381550
-0.222834
0.027251
0.249223
0.325291
0.238879
0.067271
-0.089185
-0.167509
-0.159685
-0.113301
-0.079816
-0.068638
-0.059111
-0.034061
0.032121
0.094678
0.111085
0.066876
-0.040936
-0.156636
-0.210748
-0.194372
-0.110640
-0.013980
0.040937
0.036357
-0.007746
-0.057168
-0.073995
-0.059937
-0.026217
0.004676
0.025964
0.029027
0.023729
0.020879
0.029041
0.060369
0.115817
0.185044
0.265840
0.351305
0.334755
0.182039
-0.054768
-0.292458
-0.400662
-0.332797
-0.131021
0.123790
0.296088
0.304503
0.172726
-0.002223
-0.131431
-0.170293
-0.139337
-0.091802
-0.069356
-0.062079
-0.053316
-0.013927
0.057284
0.105473
0.103021
0.035873
-0.082956
-0.179401
-0.209889
-0.168862
-0.075823
0.008086
0.043061
0.024514
-0.022867
-0.061992
-0.068406
-0.050416
-0.019853
0.005854
0.023855
0.026207
0.024856
0.022708
0.033134
0.069296
0.129022
0.200927
0.290785
0.360494
0.305582
0.126305
-0.121168
-0.333911
-0.393398
-0.285974
-0.063233
0.178136
0.306796
0.273248
0.124493
-0.040047
-0.144181
-0.160053
-0.122867
-0.083174
-0.068733
-0.062919
-0.048771
0.003942
0.073688
0.109489
0.090305
0.006089
-0.112505
-0.190634
-0.202937
-0.144215
-0.049826
0.021935
0.040747
0.011945
-0.037255
-0.067143
-0.065234
-0.041142
-0.009749
0.014170
0.027374
0.026217
0.023636
0.023658
0.045088
0.089272
0.155560
0.229668
0.321985
0.353270
0.247406
0.037063
-0.211275
-0.377178
-0.369068
-0.211993
0.034231
0.246187
0.313786
0.224690
0.056981
-0.093406
-0.161957
-0.150117
-0.102220
-0.070003
-0.060841
-0.057183
-0.034349
0.027960
0.088649
0.106518
0.067122
-0.034986
-0.144580
-0.199916
-0.188322
-0.112717
-0.022680
0.031399
0.034094
-0.003232
-0.048161
-0.067080
-0.059333
-0.033458
-0.004574
0.017285
0.025898
0.025919
0.023377
0.025748
0.054271
0.108662
0.179634
0.259364
0.340036
0.327858
0.183979
-0.043231
-0.271937
-0.382690
-0.324118
-0.136382
0.104799
0.272857
0.288715
0.170679
0.007062
-0.116875
-0.157087
-0.132903
-0.089804
-0.067965
-0.061424
-0.052870
-0.016106
0.049902
0.096747
0.095481
0.035414
-0.073560
-0.166158
-0.198395
-0.163979
-0.080069
-0.001017
0.034586
0.021416
-0.020330
-0.057553
-0.065550
-0.050894
-0.021653
0.003415
0.021837
0.025502
0.026221
0.025414
0.042202
0.077586
0.136913
0.206203
0.295865
0.349189
0.272512
0.082890
-0.159617
-0.345641
-0.371248
-0.243609
-0.015922
0.203780
0.297941
0.237227
0.083323
-0.068092
-0.148177
-0.146096
-0.103072
-0.067820
-0.058872
-0.057328
-0.043868
0.010796
0.072923
0.099071
0.072305
-0.015371
-0.125571
-0.188546
-0.189525
-0.123489
-0.035461
0.024972
0.033147
0.001666
-0.044859
-0.066052
-0.061375
-0.034503
-0.006811
0.015671
0.025077
0.027795
0.028298
0.037511
0.062752
0.113458
0.179145
0.259908
0.339456
0.312305
0.156892
-0.075426
-0.295286
-0.379259
-0.297418
-0.095013
0.141391
0.282935
0.269074
0.133590
-0.027733
-0.133199
-0.151917
-0.114360
-0.070871
-0.056536
-0.056303
-0.052616
-0.012688
0.053053
0.094123
0.085969
0.018081
-0.091781
-0.172006
-0.192450
-0.146183
-0.061082
0.009069
0.033097
0.012191
-0.031945
-0.061942
-0.063167
-0.043265
-0.014779
0.006912
0.020083
0.022890
0.025922
0.032167
0.055489
0.097860
0.157947
0.224265
0.310662
0.327974
0.217001
0.012652
-0.218956
-0.358965
-0.333465
-0.174815
0.057311
0.240307
0.282618
0.185305
0.028023
-0.101729
-0.149162
-0.127740
-0.081892
-0.057542
-0.053261
-0.054416
-0.031318
0.028009
0.079165
0.088500
0.045548
-0.053922
-0.148160
-0.188991
-0.166809
-0.089573
-0.009131
0.031225
0.023464
-0.017616
-0.056566
-0.066197
-0.052405
-0.023351
0.002250
0.020001
0.025443
0.028781
0.033571
0.052333
0.089166
0.151038
0.218716
0.311292
0.339688
0.233144
0.028512
-0.208733
-0.362223
-0.344862
-0.188711
0.047029
0.240267
0.291633
0.195388
0.034987
-0.100868
-0.152784
-0.131653
-0.083076
-0.057671
-0.053153
-0.055022
-0.034445
0.025592
0.080375
0.091145
0.050692
-0.047908
-0.146145
-0.189322
-0.170356
-0.094827
-0.012905
0.030173
0.024665
-0.013867
-0.056008
-0.068823
-0.056036
-0.026227
0.002568
0.023397
0.028290
0.031001
0.032316
0.047820
0.080215
0.138787
0.204217
0.295394
0.339226
0.252917
0.060368
-0.176963
-0.347214
-0.352854
-0.214107
0.013934
0.217923
0.289829
0.211054
0.056004
-0.086354
-0.150131
-0.136108
-0.088930
-0.058259
-0.050889
-0.052677
-0.037317
0.017529
0.073444
0.089856
0.056380
-0.034585
-0.135039
-0.185264
-0.174780
-0.104696
-0.021194
0.028295
0.028330
-0.006977
-0.051427
-0.067804
-0.059432
-0.031506
-0.002705
0.020097
0.028455
0.034487
0.036858
0.049867
0.077784
0.132074
0.195190
0.285392
0.336973
0.259134
0.074763
-0.160634
-0.338564
-0.353523
-0.222016
0.001649
0.209756
0.288494
0.215723
0.061857
-0.082344
-0.149531
-0.135894
-0.088282
-0.055954
-0.049111
-0.052257
-0.040302
0.012730
0.069670
0.088790
0.058573
-0.029821
-0.131901
-0.184069
-0.176689
-0.108049
-0.023051
0.028954
0.030615
-0.003795
-0.049984
-0.068753
-0.061012
-0.033509
-0.004898
0.018618
0.027212
0.034680
0.039006
0.057043
0.086107
0.137658
0.195605
0.276349
0.321778
0.247304
0.067288
-0.158246
-0.329687
-0.343991
-0.214071
0.005047
0.206731
0.283164
0.209394
0.057135
-0.084995
-0.150083
-0.136681
-0.087685
-0.053508
-0.045216
-0.047948
-0.036496
0.012066
0.066899
0.083540
0.052261
-0.034535
-0.132941
-0.183077
-0.171961
-0.103169
-0.018902
0.030422
0.029888
-0.005835
-0.049656
-0.067408
-0.058809
-0.032658
-0.004986
0.016996
0.027616
0.036563
0.045659
0.066464
0.098129
0.153144
0.216457
0.298419
0.314753
0.205631
0.004439
-0.217154
-0.349854
-0.317707
-0.155829
0.071263
0.244025
0.276307
0.168535
0.011033
-0.114469
-0.153139
-0.124369
-0.073277
-0.048472
-0.044367
-0.047585
-0.025519
0.029694
0.077619
0.079839
0.033191
-0.065653
-0.153706
-0.187490
-0.156456
-0.078557
0.000788
0.034171
0.022383
-0.020259
-0.056793
-0.067218
-0.050596
-0.024207
0.003175
0.019310
0.029981
0.037419
0.051991
0.075080
0.117656
0.174570
0.247981
0.317904
0.284976
0.133963
-0.084228
-0.283510
-0.353533
-0.265688
-0.069273
0.149206
0.272624
0.245969
0.107489
-0.044014
-0.138369
-0.146931
-0.104424
-0.061248
-0.047745
-0.046392
-0.043434
-0.003792
0.055093
0.086207
0.067657
-0.003414
-0.108315
-0.175627
-0.183651
-0.127970
-0.043746
0.021558
0.034208
0.008009
-0.036917
-0.063582
-0.063799
-0.040715
-0.014499
0.011683
0.025120
0.035800
0.045134
0.064190
0.088719
0.138043
0.192698
0.272327
0.311885
0.232463
0.054226
-0.161765
-0.319141
-0.324275
-0.194397
0.016927
0.203690
0.270698
0.193502
0.045701
-0.086529
-0.145314
-0.130695
-0.081964
-0.052925
-0.044146
-0.045249
-0.031882
0.018100
0.069053
0.078611
0.043048
-0.045661
-0.138088
-0.181231
-0.163499
-0.093723
-0.013188
0.029755
0.025015
-0.012260
-0.052309
-0.067761
-0.054535
-0.027582
-0.001087
0.018383
0.028073
0.036166
0.050431
0.073090
0.109663
0.164108
0.228543
0.303536
0.293257
0.165517
-0.039541
-0.246421
-0.344066
-0.284055
-0.108854
0.109520
0.251827
0.253715
0.132003
-0.018773
-0.124580
-0.146223
-0.109767
-0.063717
-0.047025
-0.044206
-0.046030
-0.014827
0.042781
0.080825
0.072122
0.013982
-0.086827
-0.160755
-0.180762
-0.139240
-0.060849
0.007873
0.030293
0.012529
-0.028880
-0.058268
-0.063060
-0.043663
-0.019309
0.004558
0.017829
0.027688
0.038960
0.058907
0.082236
0.121529
0.170031
0.234970
0.299423
0.268806
0.127872
-0.077642
-0.269406
-0.336300
-0.254277
-0.067450
0.141389
0.259301
0.233889
0.103257
-0.043124
-0.133727
-0.142442
-0.099744
-0.057316
-0.042009
-0.041111
-0.040167
-0.005554
0.048095
0.076112
0.060802
-0.005532
-0.104164
-0.167849
-0.176352
-0.124283
-0.043191
0.018586
0.031755
0.006462
-0.037203
-0.063258
-0.063332
-0.040433
-0.013730
0.012008
0.026108
0.038437
0.050126
0.071529
0.097392
0.145296
0.202621
0.280807
0.298735
0.200295
0.012088
-0.198652
-0.327809
-0.302054
-0.152396
0.062446
0.226473
0.260399
0.160860
0.011593
-0.107679
-0.145622
-0.117717
-0.068002
-0.044808
-0.041517
-0.046551
-0.026548
0.026459
0.072650
0.076011
0.032000
-0.062250
-0.145458
-0.178485
-0.150171
-0.077879
-0.005035
0.026567
0.018079
-0.018530
-0.050366
-0.060420
-0.047630
-0.026351
-0.002575
0.014085
0.026300
0.037214
0.056484
0.080533
0.118441
0.166418
0.231592
0.296145
0.268940
0.132576
-0.069476
-0.257899
-0.326631
-0.250543
-0.070607
0.132243
0.248872
0.227199
0.101492
-0.039966
-0.127129
-0.135599
-0.094068
-0.053478
-0.040168
-0.042025
-0.043055
-0.009506
0.044672
0.074331
0.061323
-0.002769
-0.097501
-0.161020
-0.170316
-0.121916
-0.045034
0.013716
0.028497
0.006188
-0.032310
-0.057476
-0.058354
-0.040259
-0.015844
0.007961
0.024470
0.037054
0.051789
0.072740
0.099837
0.143512
0.196400
0.271255
0.285761
0.190367
0.011363
-0.189283
-0.308779
-0.283025
-0.140620
